1.00000E-04	0.00000E+00	1.75498E+02
1.00000E-04	2.80899E-01	4.55193E+00
1.00000E-04	5.61798E-01	9.01103E+00
1.00000E-04	8.42697E-01	1.03737E+01
1.00000E-04	1.12360E+00	1.13436E+01
1.00000E-04	1.40449E+00	1.18715E+01
1.00000E-04	1.68539E+00	1.26441E+01
1.00000E-04	1.96629E+00	1.43968E+01
1.00000E-04	2.24719E+00	1.85669E+01
1.00000E-04	2.52809E+00	2.66855E+01
1.00000E-04	2.80899E+00	4.00762E+01
1.00000E-04	3.08989E+00	7.11895E+01
1.00000E-04	3.37079E+00	1.21917E+02
1.00000E-04	3.65169E+00	1.74969E+02
1.00000E-04	3.93258E+00	2.39721E+02
1.00000E-04	4.21348E+00	3.21844E+02
1.00000E-04	4.49438E+00	4.05938E+02
1.00000E-04	4.77528E+00	5.20405E+02
1.00000E-04	5.05618E+00	6.27962E+02
1.00000E-04	5.33708E+00	8.21364E+02
1.00000E-04	5.61798E+00	9.53857E+02
1.00000E-04	5.89888E+00	1.24171E+03
1.00000E-04	6.17978E+00	1.50116E+03
1.00000E-04	6.46067E+00	1.87861E+03
1.00000E-04	6.74157E+00	2.18214E+03
1.00000E-04	7.02247E+00	2.54545E+03
1.00000E-04	7.30337E+00	2.97567E+03
1.00000E-04	7.58427E+00	3.39856E+03
1.00000E-04	7.86517E+00	3.96087E+03
1.00000E-04	8.14607E+00	4.46592E+03
1.00000E-04	8.42697E+00	5.08209E+03
1.00000E-04	8.70787E+00	5.65933E+03
1.00000E-04	8.98876E+00	6.39330E+03
1.00000E-04	9.26966E+00	7.00148E+03
1.00000E-04	9.55056E+00	7.69734E+03
1.00000E-04	9.83146E+00	8.59394E+03
1.00000E-04	1.01124E+01	9.53724E+03
1.00000E-04	1.03933E+01	1.07744E+04
1.00000E-04	1.06742E+01	1.18955E+04
1.00000E-04	1.09551E+01	1.32004E+04
1.00000E-04	1.12360E+01	1.39521E+04
1.00000E-04	1.15169E+01	1.52257E+04
1.00000E-04	1.17978E+01	1.61210E+04
1.00000E-04	1.20787E+01	1.72681E+04
1.00000E-04	1.23596E+01	1.83949E+04
1.00000E-04	1.26404E+01	1.91814E+04
1.00000E-04	1.29213E+01	2.03956E+04
1.00000E-04	1.32022E+01	2.11386E+04
1.00000E-04	1.34831E+01	2.22580E+04
1.00000E-04	1.37640E+01	2.28647E+04
1.00000E-04	1.40449E+01	2.38900E+04
1.00000E-04	1.43258E+01	2.44900E+04
1.00000E-04	1.46067E+01	2.54846E+04
1.00000E-04	1.48876E+01	2.63800E+04
1.00000E-04	1.51685E+01	2.68330E+04
1.00000E-04	1.54494E+01	2.75386E+04
1.00000E-04	1.57303E+01	2.76761E+04
1.00000E-04	1.60112E+01	2.82758E+04
1.00000E-04	1.62921E+01	2.88214E+04
1.00000E-04	1.65730E+01	2.92419E+04
1.00000E-04	1.68539E+01	2.92970E+04
1.00000E-04	1.71348E+01	2.97298E+04
1.00000E-04	1.74157E+01	3.00930E+04
1.00000E-04	1.76966E+01	3.04465E+04
1.00000E-04	1.79775E+01	3.07158E+04
1.00000E-04	1.82584E+01	3.06450E+04
1.00000E-04	1.85393E+01	3.08439E+04
1.00000E-04	1.88202E+01	3.06941E+04
1.00000E-04	1.91011E+01	3.06372E+04
1.00000E-04	1.93820E+01	3.06358E+04
1.00000E-04	1.96629E+01	3.06817E+04
1.00000E-04	1.99438E+01	3.07234E+04
1.00000E-04	2.02247E+01	3.06670E+04
1.00000E-04	2.05056E+01	3.06756E+04
1.00000E-04	2.07865E+01	3.07048E+04
1.00000E-04	2.10674E+01	3.06912E+04
1.00000E-04	2.13483E+01	3.06750E+04
1.00000E-04	2.16292E+01	3.06304E+04
1.00000E-04	2.19101E+01	3.05929E+04
1.00000E-04	2.21910E+01	3.05026E+04
1.00000E-04	2.24719E+01	3.04262E+04
1.00000E-04	2.27528E+01	3.03538E+04
1.00000E-04	2.30337E+01	3.03010E+04
1.00000E-04	2.33146E+01	3.02219E+04
1.00000E-04	2.35955E+01	3.01320E+04
1.00000E-04	2.38764E+01	3.00526E+04
1.00000E-04	2.41573E+01	2.99871E+04
1.00000E-04	2.44382E+01	2.98991E+04
1.00000E-04	2.47191E+01	2.98266E+04
1.00000E-04	2.50000E+01	2.97448E+04
5.00000E-04	0.00000E+00	1.69549E+01
5.00000E-04	2.80899E-01	4.55043E+00
5.00000E-04	5.61798E-01	9.01109E+00
5.00000E-04	8.42697E-01	1.03746E+01
5.00000E-04	1.12360E+00	1.13423E+01
5.00000E-04	1.40449E+00	1.18715E+01
5.00000E-04	1.68539E+00	1.26441E+01
5.00000E-04	1.96629E+00	1.43968E+01
5.00000E-04	2.24719E+00	1.85669E+01
5.00000E-04	2.52809E+00	2.66854E+01
5.00000E-04	2.80899E+00	4.00762E+01
5.00000E-04	3.08989E+00	7.12137E+01
5.00000E-04	3.37079E+00	1.21918E+02
5.00000E-04	3.65169E+00	1.74967E+02
5.00000E-04	3.93258E+00	2.39736E+02
5.00000E-04	4.21348E+00	3.21621E+02
5.00000E-04	4.49438E+00	4.05936E+02
5.00000E-04	4.77528E+00	5.20403E+02
5.00000E-04	5.05618E+00	6.27965E+02
5.00000E-04	5.33708E+00	8.21364E+02
5.00000E-04	5.61798E+00	9.53857E+02
5.00000E-04	5.89888E+00	1.24168E+03
5.00000E-04	6.17978E+00	1.50116E+03
5.00000E-04	6.46067E+00	1.87861E+03
5.00000E-04	6.74157E+00	2.18213E+03
5.00000E-04	7.02247E+00	2.54545E+03
5.00000E-04	7.30337E+00	2.97596E+03
5.00000E-04	7.58427E+00	3.39856E+03
5.00000E-04	7.86517E+00	3.96087E+03
5.00000E-04	8.14607E+00	4.46592E+03
5.00000E-04	8.42697E+00	5.08209E+03
5.00000E-04	8.70787E+00	5.65933E+03
5.00000E-04	8.98876E+00	6.39626E+03
5.00000E-04	9.26966E+00	7.00148E+03
5.00000E-04	9.55056E+00	7.69734E+03
5.00000E-04	9.83146E+00	8.59394E+03
5.00000E-04	1.01124E+01	9.53724E+03
5.00000E-04	1.03933E+01	1.07719E+04
5.00000E-04	1.06742E+01	1.18955E+04
5.00000E-04	1.09551E+01	1.32004E+04
5.00000E-04	1.12360E+01	1.39521E+04
5.00000E-04	1.15169E+01	1.52257E+04
5.00000E-04	1.17978E+01	1.61210E+04
5.00000E-04	1.20787E+01	1.72681E+04
5.00000E-04	1.23596E+01	1.83949E+04
5.00000E-04	1.26404E+01	1.91814E+04
5.00000E-04	1.29213E+01	2.03956E+04
5.00000E-04	1.32022E+01	2.11386E+04
5.00000E-04	1.34831E+01	2.22580E+04
5.00000E-04	1.37640E+01	2.28647E+04
5.00000E-04	1.40449E+01	2.38900E+04
5.00000E-04	1.43258E+01	2.44900E+04
5.00000E-04	1.46067E+01	2.54846E+04
5.00000E-04	1.48876E+01	2.63800E+04
5.00000E-04	1.51685E+01	2.68330E+04
5.00000E-04	1.54494E+01	2.75386E+04
5.00000E-04	1.57303E+01	2.76761E+04
5.00000E-04	1.60112E+01	2.82758E+04
5.00000E-04	1.62921E+01	2.88214E+04
5.00000E-04	1.65730E+01	2.92419E+04
5.00000E-04	1.68539E+01	2.92970E+04
5.00000E-04	1.71348E+01	2.97298E+04
5.00000E-04	1.74157E+01	3.00930E+04
5.00000E-04	1.76966E+01	3.04465E+04
5.00000E-04	1.79775E+01	3.07158E+04
5.00000E-04	1.82584E+01	3.06450E+04
5.00000E-04	1.85393E+01	3.08439E+04
5.00000E-04	1.88202E+01	3.06941E+04
5.00000E-04	1.91011E+01	3.06372E+04
5.00000E-04	1.93820E+01	3.06358E+04
5.00000E-04	1.96629E+01	3.06817E+04
5.00000E-04	1.99438E+01	3.07206E+04
5.00000E-04	2.02247E+01	3.06670E+04
5.00000E-04	2.05056E+01	3.06756E+04
5.00000E-04	2.07865E+01	3.07048E+04
5.00000E-04	2.10674E+01	3.06912E+04
5.00000E-04	2.13483E+01	3.06750E+04
5.00000E-04	2.16292E+01	3.06304E+04
5.00000E-04	2.19101E+01	3.05929E+04
5.00000E-04	2.21910E+01	3.05026E+04
5.00000E-04	2.24719E+01	3.04262E+04
5.00000E-04	2.27528E+01	3.03538E+04
5.00000E-04	2.30337E+01	3.03010E+04
5.00000E-04	2.33146E+01	3.02219E+04
5.00000E-04	2.35955E+01	3.01320E+04
5.00000E-04	2.38764E+01	3.00526E+04
5.00000E-04	2.41573E+01	2.99871E+04
5.00000E-04	2.44382E+01	2.98991E+04
5.00000E-04	2.47191E+01	2.98266E+04
5.00000E-04	2.50000E+01	2.97448E+04
1.00000E-03	0.00000E+00	6.42629E+00
1.00000E-03	2.80899E-01	4.55033E+00
1.00000E-03	5.61798E-01	9.01110E+00
1.00000E-03	8.42697E-01	1.03752E+01
1.00000E-03	1.12360E+00	1.13413E+01
1.00000E-03	1.40449E+00	1.18709E+01
1.00000E-03	1.68539E+00	1.26442E+01
1.00000E-03	1.96629E+00	1.43968E+01
1.00000E-03	2.24719E+00	1.85668E+01
1.00000E-03	2.52809E+00	2.66849E+01
1.00000E-03	2.80899E+00	4.00762E+01
1.00000E-03	3.08989E+00	7.12650E+01
1.00000E-03	3.37079E+00	1.21925E+02
1.00000E-03	3.65169E+00	1.74950E+02
1.00000E-03	3.93258E+00	2.39829E+02
1.00000E-03	4.21348E+00	3.21532E+02
1.00000E-03	4.49438E+00	4.05900E+02
1.00000E-03	4.77528E+00	5.20351E+02
1.00000E-03	5.05618E+00	6.28000E+02
1.00000E-03	5.33708E+00	8.21363E+02
1.00000E-03	5.61798E+00	9.53857E+02
1.00000E-03	5.89888E+00	1.24143E+03
1.00000E-03	6.17978E+00	1.50116E+03
1.00000E-03	6.46067E+00	1.87861E+03
1.00000E-03	6.74157E+00	2.18190E+03
1.00000E-03	7.02247E+00	2.54544E+03
1.00000E-03	7.30337E+00	2.97600E+03
1.00000E-03	7.58427E+00	3.39856E+03
1.00000E-03	7.86517E+00	3.96087E+03
1.00000E-03	8.14607E+00	4.46592E+03
1.00000E-03	8.42697E+00	5.08209E+03
1.00000E-03	8.70787E+00	5.65933E+03
1.00000E-03	8.98876E+00	6.39675E+03
1.00000E-03	9.26966E+00	7.00148E+03
1.00000E-03	9.55056E+00	7.69734E+03
1.00000E-03	9.83146E+00	8.59394E+03
1.00000E-03	1.01124E+01	9.53724E+03
1.00000E-03	1.03933E+01	1.07715E+04
1.00000E-03	1.06742E+01	1.18955E+04
1.00000E-03	1.09551E+01	1.32004E+04
1.00000E-03	1.12360E+01	1.39521E+04
1.00000E-03	1.15169E+01	1.52257E+04
1.00000E-03	1.17978E+01	1.61210E+04
1.00000E-03	1.20787E+01	1.72680E+04
1.00000E-03	1.23596E+01	1.83949E+04
1.00000E-03	1.26404E+01	1.91814E+04
1.00000E-03	1.29213E+01	2.03957E+04
1.00000E-03	1.32022E+01	2.11386E+04
1.00000E-03	1.34831E+01	2.22580E+04
1.00000E-03	1.37640E+01	2.28648E+04
1.00000E-03	1.40449E+01	2.38900E+04
1.00000E-03	1.43258E+01	2.44900E+04
1.00000E-03	1.46067E+01	2.54846E+04
1.00000E-03	1.48876E+01	2.63800E+04
1.00000E-03	1.51685E+01	2.68330E+04
1.00000E-03	1.54494E+01	2.75386E+04
1.00000E-03	1.57303E+01	2.76761E+04
1.00000E-03	1.60112E+01	2.82758E+04
1.00000E-03	1.62921E+01	2.88214E+04
1.00000E-03	1.65730E+01	2.92419E+04
1.00000E-03	1.68539E+01	2.92970E+04
1.00000E-03	1.71348E+01	2.97298E+04
1.00000E-03	1.74157E+01	3.00936E+04
1.00000E-03	1.76966E+01	3.04465E+04
1.00000E-03	1.79775E+01	3.07158E+04
1.00000E-03	1.82584E+01	3.06450E+04
1.00000E-03	1.85393E+01	3.08439E+04
1.00000E-03	1.88202E+01	3.06941E+04
1.00000E-03	1.91011E+01	3.06373E+04
1.00000E-03	1.93820E+01	3.06358E+04
1.00000E-03	1.96629E+01	3.06817E+04
1.00000E-03	1.99438E+01	3.07162E+04
1.00000E-03	2.02247E+01	3.06670E+04
1.00000E-03	2.05056E+01	3.06756E+04
1.00000E-03	2.07865E+01	3.07048E+04
1.00000E-03	2.10674E+01	3.06912E+04
1.00000E-03	2.13483E+01	3.06750E+04
1.00000E-03	2.16292E+01	3.06304E+04
1.00000E-03	2.19101E+01	3.05929E+04
1.00000E-03	2.21910E+01	3.05026E+04
1.00000E-03	2.24719E+01	3.04262E+04
1.00000E-03	2.27528E+01	3.03538E+04
1.00000E-03	2.30337E+01	3.03010E+04
1.00000E-03	2.33146E+01	3.02219E+04
1.00000E-03	2.35955E+01	3.01320E+04
1.00000E-03	2.38764E+01	3.00526E+04
1.00000E-03	2.41573E+01	2.99871E+04
1.00000E-03	2.44382E+01	2.98991E+04
1.00000E-03	2.47191E+01	2.98266E+04
1.00000E-03	2.50000E+01	2.97448E+04
5.00000E-03	0.00000E+00	9.73157E-01
5.00000E-03	2.80899E-01	4.55028E+00
5.00000E-03	5.61798E-01	9.01107E+00
5.00000E-03	8.42697E-01	1.03754E+01
5.00000E-03	1.12360E+00	1.13406E+01
5.00000E-03	1.40449E+00	1.18691E+01
5.00000E-03	1.68539E+00	1.26446E+01
5.00000E-03	1.96629E+00	1.43953E+01
5.00000E-03	2.24719E+00	1.85656E+01
5.00000E-03	2.52809E+00	2.66837E+01
5.00000E-03	2.80899E+00	4.00746E+01
5.00000E-03	3.08989E+00	7.13381E+01
5.00000E-03	3.37079E+00	1.21946E+02
5.00000E-03	3.65169E+00	1.74899E+02
5.00000E-03	3.93258E+00	2.40114E+02
5.00000E-03	4.21348E+00	3.21458E+02
5.00000E-03	4.49438E+00	4.05621E+02
5.00000E-03	4.77528E+00	5.19914E+02
5.00000E-03	5.05618E+00	6.28178E+02
5.00000E-03	5.33708E+00	8.21055E+02
5.00000E-03	5.61798E+00	9.54265E+02
5.00000E-03	5.89888E+00	1.24043E+03
5.00000E-03	6.17978E+00	1.50026E+03
5.00000E-03	6.46067E+00	1.87868E+03
5.00000E-03	6.74157E+00	2.17966E+03
5.00000E-03	7.02247E+00	2.54454E+03
5.00000E-03	7.30337E+00	2.97599E+03
5.00000E-03	7.58427E+00	3.39851E+03
5.00000E-03	7.86517E+00	3.96163E+03
5.00000E-03	8.14607E+00	4.46366E+03
5.00000E-03	8.42697E+00	5.08185E+03
5.00000E-03	8.70787E+00	5.65939E+03
5.00000E-03	8.98876E+00	6.39714E+03
5.00000E-03	9.26966E+00	6.99964E+03
5.00000E-03	9.55056E+00	7.69732E+03
5.00000E-03	9.83146E+00	8.59284E+03
5.00000E-03	1.01124E+01	9.53624E+03
5.00000E-03	1.03933E+01	1.07713E+04
5.00000E-03	1.06742E+01	1.18954E+04
5.00000E-03	1.09551E+01	1.32006E+04
5.00000E-03	1.12360E+01	1.39434E+04
5.00000E-03	1.15169E+01	1.52225E+04
5.00000E-03	1.17978E+01	1.61212E+04
5.00000E-03	1.20787E+01	1.72643E+04
5.00000E-03	1.23596E+01	1.83945E+04
5.00000E-03	1.26404E+01	1.91816E+04
5.00000E-03	1.29213E+01	2.04055E+04
5.00000E-03	1.32022E+01	2.11384E+04
5.00000E-03	1.34831E+01	2.22625E+04
5.00000E-03	1.37640E+01	2.28725E+04
5.00000E-03	1.40449E+01	2.38899E+04
5.00000E-03	1.43258E+01	2.44901E+04
5.00000E-03	1.46067E+01	2.54846E+04
5.00000E-03	1.48876E+01	2.63810E+04
5.00000E-03	1.51685E+01	2.68330E+04
5.00000E-03	1.54494E+01	2.75386E+04
5.00000E-03	1.57303E+01	2.76758E+04
5.00000E-03	1.60112E+01	2.82760E+04
5.00000E-03	1.62921E+01	2.88225E+04
5.00000E-03	1.65730E+01	2.92414E+04
5.00000E-03	1.68539E+01	2.92970E+04
5.00000E-03	1.71348E+01	2.97298E+04
5.00000E-03	1.74157E+01	3.01001E+04
5.00000E-03	1.76966E+01	3.04483E+04
5.00000E-03	1.79775E+01	3.07158E+04
5.00000E-03	1.82584E+01	3.06443E+04
5.00000E-03	1.85393E+01	3.08439E+04
5.00000E-03	1.88202E+01	3.06945E+04
5.00000E-03	1.91011E+01	3.06376E+04
5.00000E-03	1.93820E+01	3.06358E+04
5.00000E-03	1.96629E+01	3.06817E+04
5.00000E-03	1.99438E+01	3.07105E+04
5.00000E-03	2.02247E+01	3.06670E+04
5.00000E-03	2.05056E+01	3.06761E+04
5.00000E-03	2.07865E+01	3.07036E+04
5.00000E-03	2.10674E+01	3.06912E+04
5.00000E-03	2.13483E+01	3.06750E+04
5.00000E-03	2.16292E+01	3.06304E+04
5.00000E-03	2.19101E+01	3.05929E+04
5.00000E-03	2.21910E+01	3.05026E+04
5.00000E-03	2.24719E+01	3.04262E+04
5.00000E-03	2.27528E+01	3.03538E+04
5.00000E-03	2.30337E+01	3.03006E+04
5.00000E-03	2.33146E+01	3.02210E+04
5.00000E-03	2.35955E+01	3.01320E+04
5.00000E-03	2.38764E+01	3.00529E+04
5.00000E-03	2.41573E+01	2.99855E+04
5.00000E-03	2.44382E+01	2.98991E+04
5.00000E-03	2.47191E+01	2.98266E+04
5.00000E-03	2.50000E+01	2.97448E+04
1.00000E-02	0.00000E+00	6.25582E-01
1.00000E-02	2.80899E-01	4.55011E+00
1.00000E-02	5.61798E-01	9.01098E+00
1.00000E-02	8.42697E-01	1.03754E+01
1.00000E-02	1.12360E+00	1.13406E+01
1.00000E-02	1.40449E+00	1.18681E+01
1.00000E-02	1.68539E+00	1.26445E+01
1.00000E-02	1.96629E+00	1.43953E+01
1.00000E-02	2.24719E+00	1.85657E+01
1.00000E-02	2.52809E+00	2.66837E+01
1.00000E-02	2.80899E+00	4.00741E+01
1.00000E-02	3.08989E+00	7.13410E+01
1.00000E-02	3.37079E+00	1.21945E+02
1.00000E-02	3.65169E+00	1.74896E+02
1.00000E-02	3.93258E+00	2.40139E+02
1.00000E-02	4.21348E+00	3.21459E+02
1.00000E-02	4.49438E+00	4.05570E+02
1.00000E-02	4.77528E+00	5.19858E+02
1.00000E-02	5.05618E+00	6.28207E+02
1.00000E-02	5.33708E+00	8.20953E+02
1.00000E-02	5.61798E+00	9.54450E+02
1.00000E-02	5.89888E+00	1.24031E+03
1.00000E-02	6.17978E+00	1.49973E+03
1.00000E-02	6.46067E+00	1.87872E+03
1.00000E-02	6.74157E+00	2.17913E+03
1.00000E-02	7.02247E+00	2.54427E+03
1.00000E-02	7.30337E+00	2.97593E+03
1.00000E-02	7.58427E+00	3.39856E+03
1.00000E-02	7.86517E+00	3.96196E+03
1.00000E-02	8.14607E+00	4.46149E+03
1.00000E-02	8.42697E+00	5.08098E+03
1.00000E-02	8.70787E+00	5.65985E+03
1.00000E-02	8.98876E+00	6.39722E+03
1.00000E-02	9.26966E+00	6.99771E+03
1.00000E-02	9.55056E+00	7.69723E+03
1.00000E-02	9.83146E+00	8.59013E+03
1.00000E-02	1.01124E+01	9.53323E+03
1.00000E-02	1.03933E+01	1.07714E+04
1.00000E-02	1.06742E+01	1.18936E+04
1.00000E-02	1.09551E+01	1.32027E+04
1.00000E-02	1.12360E+01	1.39364E+04
1.00000E-02	1.15169E+01	1.52188E+04
1.00000E-02	1.17978E+01	1.61208E+04
1.00000E-02	1.20787E+01	1.72623E+04
1.00000E-02	1.23596E+01	1.83906E+04
1.00000E-02	1.26404E+01	1.91837E+04
1.00000E-02	1.29213E+01	2.04107E+04
1.00000E-02	1.32022E+01	2.11387E+04
1.00000E-02	1.34831E+01	2.22676E+04
1.00000E-02	1.37640E+01	2.28789E+04
1.00000E-02	1.40449E+01	2.38883E+04
1.00000E-02	1.43258E+01	2.44918E+04
1.00000E-02	1.46067E+01	2.54846E+04
1.00000E-02	1.48876E+01	2.63840E+04
1.00000E-02	1.51685E+01	2.68334E+04
1.00000E-02	1.54494E+01	2.75386E+04
1.00000E-02	1.57303E+01	2.76733E+04
1.00000E-02	1.60112E+01	2.82780E+04
1.00000E-02	1.62921E+01	2.88245E+04
1.00000E-02	1.65730E+01	2.92396E+04
1.00000E-02	1.68539E+01	2.92972E+04
1.00000E-02	1.71348E+01	2.97297E+04
1.00000E-02	1.74157E+01	3.01018E+04
1.00000E-02	1.76966E+01	3.04499E+04
1.00000E-02	1.79775E+01	3.07158E+04
1.00000E-02	1.82584E+01	3.06399E+04
1.00000E-02	1.85393E+01	3.08441E+04
1.00000E-02	1.88202E+01	3.06965E+04
1.00000E-02	1.91011E+01	3.06376E+04
1.00000E-02	1.93820E+01	3.06369E+04
1.00000E-02	1.96629E+01	3.06817E+04
1.00000E-02	1.99438E+01	3.07097E+04
1.00000E-02	2.02247E+01	3.06662E+04
1.00000E-02	2.05056E+01	3.06775E+04
1.00000E-02	2.07865E+01	3.06993E+04
1.00000E-02	2.10674E+01	3.06919E+04
1.00000E-02	2.13483E+01	3.06749E+04
1.00000E-02	2.16292E+01	3.06311E+04
1.00000E-02	2.19101E+01	3.05931E+04
1.00000E-02	2.21910E+01	3.05026E+04
1.00000E-02	2.24719E+01	3.04260E+04
1.00000E-02	2.27528E+01	3.03542E+04
1.00000E-02	2.30337E+01	3.02986E+04
1.00000E-02	2.33146E+01	3.02192E+04
1.00000E-02	2.35955E+01	3.01322E+04
1.00000E-02	2.38764E+01	3.00545E+04
1.00000E-02	2.41573E+01	2.99826E+04
1.00000E-02	2.44382E+01	2.98991E+04
1.00000E-02	2.47191E+01	2.98264E+04
1.00000E-02	2.50000E+01	2.97448E+04
5.00000E-02	0.00000E+00	3.39919E-01
5.00000E-02	2.80899E-01	4.54608E+00
5.00000E-02	5.61798E-01	9.01338E+00
5.00000E-02	8.42697E-01	1.03893E+01
5.00000E-02	1.12360E+00	1.13395E+01
5.00000E-02	1.40449E+00	1.18461E+01
5.00000E-02	1.68539E+00	1.26448E+01
5.00000E-02	1.96629E+00	1.44039E+01
5.00000E-02	2.24719E+00	1.85938E+01
5.00000E-02	2.52809E+00	2.66764E+01
5.00000E-02	2.80899E+00	4.00496E+01
5.00000E-02	3.08989E+00	7.13696E+01
5.00000E-02	3.37079E+00	1.21894E+02
5.00000E-02	3.65169E+00	1.74925E+02
5.00000E-02	3.93258E+00	2.40138E+02
5.00000E-02	4.21348E+00	3.21459E+02
5.00000E-02	4.49438E+00	4.05563E+02
5.00000E-02	4.77528E+00	5.19856E+02
5.00000E-02	5.05618E+00	6.28624E+02
5.00000E-02	5.33708E+00	8.20950E+02
5.00000E-02	5.61798E+00	9.54542E+02
5.00000E-02	5.89888E+00	1.24030E+03
5.00000E-02	6.17978E+00	1.49966E+03
5.00000E-02	6.46067E+00	1.87848E+03
5.00000E-02	6.74157E+00	2.17902E+03
5.00000E-02	7.02247E+00	2.54420E+03
5.00000E-02	7.30337E+00	2.97593E+03
5.00000E-02	7.58427E+00	3.39951E+03
5.00000E-02	7.86517E+00	3.96197E+03
5.00000E-02	8.14607E+00	4.46063E+03
5.00000E-02	8.42697E+00	5.08025E+03
5.00000E-02	8.70787E+00	5.66028E+03
5.00000E-02	8.98876E+00	6.39692E+03
5.00000E-02	9.26966E+00	6.99725E+03
5.00000E-02	9.55056E+00	7.69648E+03
5.00000E-02	9.83146E+00	8.58877E+03
5.00000E-02	1.01124E+01	9.53158E+03
5.00000E-02	1.03933E+01	1.07716E+04
5.00000E-02	1.06742E+01	1.18901E+04
5.00000E-02	1.09551E+01	1.32072E+04
5.00000E-02	1.12360E+01	1.39315E+04
5.00000E-02	1.15169E+01	1.52157E+04
5.00000E-02	1.17978E+01	1.61207E+04
5.00000E-02	1.20787E+01	1.72604E+04
5.00000E-02	1.23596E+01	1.83831E+04
5.00000E-02	1.26404E+01	1.91893E+04
5.00000E-02	1.29213E+01	2.04130E+04
5.00000E-02	1.32022E+01	2.11393E+04
5.00000E-02	1.34831E+01	2.22706E+04
5.00000E-02	1.37640E+01	2.28832E+04
5.00000E-02	1.40449E+01	2.38831E+04
5.00000E-02	1.43258E+01	2.44952E+04
5.00000E-02	1.46067E+01	2.54806E+04
5.00000E-02	1.48876E+01	2.63858E+04
5.00000E-02	1.51685E+01	2.68355E+04
5.00000E-02	1.54494E+01	2.75355E+04
5.00000E-02	1.57303E+01	2.76693E+04
5.00000E-02	1.60112E+01	2.82821E+04
5.00000E-02	1.62921E+01	2.88251E+04
5.00000E-02	1.65730E+01	2.92370E+04
5.00000E-02	1.68539E+01	2.92979E+04
5.00000E-02	1.71348E+01	2.97233E+04
5.00000E-02	1.74157E+01	3.01023E+04
5.00000E-02	1.76966E+01	3.04504E+04
5.00000E-02	1.79775E+01	3.07147E+04
5.00000E-02	1.82584E+01	3.06283E+04
5.00000E-02	1.85393E+01	3.08442E+04
5.00000E-02	1.88202E+01	3.06984E+04
5.00000E-02	1.91011E+01	3.06379E+04
5.00000E-02	1.93820E+01	3.06471E+04
5.00000E-02	1.96629E+01	3.06806E+04
5.00000E-02	1.99438E+01	3.07088E+04
5.00000E-02	2.02247E+01	3.06623E+04
5.00000E-02	2.05056E+01	3.06783E+04
5.00000E-02	2.07865E+01	3.06915E+04
5.00000E-02	2.10674E+01	3.06994E+04
5.00000E-02	2.13483E+01	3.06716E+04
5.00000E-02	2.16292E+01	3.06353E+04
5.00000E-02	2.19101E+01	3.05978E+04
5.00000E-02	2.21910E+01	3.05004E+04
5.00000E-02	2.24719E+01	3.04237E+04
5.00000E-02	2.27528E+01	3.03587E+04
5.00000E-02	2.30337E+01	3.02942E+04
5.00000E-02	2.33146E+01	3.02172E+04
5.00000E-02	2.35955E+01	3.01366E+04
5.00000E-02	2.38764E+01	3.00576E+04
5.00000E-02	2.41573E+01	2.99792E+04
5.00000E-02	2.44382E+01	2.98999E+04
5.00000E-02	2.47191E+01	2.98220E+04
5.00000E-02	2.50000E+01	2.97448E+04
1.00000E-01	0.00000E+00	3.13567E-01
1.00000E-01	2.80899E-01	4.53671E+00
1.00000E-01	5.61798E-01	9.03246E+00
1.00000E-01	8.42697E-01	1.04221E+01
1.00000E-01	1.12360E+00	1.13315E+01
1.00000E-01	1.40449E+00	1.18122E+01
1.00000E-01	1.68539E+00	1.26464E+01
1.00000E-01	1.96629E+00	1.44388E+01
1.00000E-01	2.24719E+00	1.86725E+01
1.00000E-01	2.52809E+00	2.66515E+01
1.00000E-01	2.80899E+00	3.99858E+01
1.00000E-01	3.08989E+00	7.14389E+01
1.00000E-01	3.37079E+00	1.21730E+02
1.00000E-01	3.65169E+00	1.75143E+02
1.00000E-01	3.93258E+00	2.40097E+02
1.00000E-01	4.21348E+00	3.21461E+02
1.00000E-01	4.49438E+00	4.05501E+02
1.00000E-01	4.77528E+00	5.19860E+02
1.00000E-01	5.05618E+00	6.29480E+02
1.00000E-01	5.33708E+00	8.20955E+02
1.00000E-01	5.61798E+00	9.55222E+02
1.00000E-01	5.89888E+00	1.24031E+03
1.00000E-01	6.17978E+00	1.49966E+03
1.00000E-01	6.46067E+00	1.87788E+03
1.00000E-01	6.74157E+00	2.17901E+03
1.00000E-01	7.02247E+00	2.54373E+03
1.00000E-01	7.30337E+00	2.97593E+03
1.00000E-01	7.58427E+00	3.40154E+03
1.00000E-01	7.86517E+00	3.96197E+03
1.00000E-01	8.14607E+00	4.46078E+03
1.00000E-01	8.42697E+00	5.07938E+03
1.00000E-01	8.70787E+00	5.66029E+03
1.00000E-01	8.98876E+00	6.39551E+03
1.00000E-01	9.26966E+00	6.99726E+03
1.00000E-01	9.55056E+00	7.69562E+03
1.00000E-01	9.83146E+00	8.58879E+03
1.00000E-01	1.01124E+01	9.53216E+03
1.00000E-01	1.03933E+01	1.07713E+04
1.00000E-01	1.06742E+01	1.18903E+04
1.00000E-01	1.09551E+01	1.32058E+04
1.00000E-01	1.12360E+01	1.39316E+04
1.00000E-01	1.15169E+01	1.52128E+04
1.00000E-01	1.17978E+01	1.61208E+04
1.00000E-01	1.20787E+01	1.72577E+04
1.00000E-01	1.23596E+01	1.83831E+04
1.00000E-01	1.26404E+01	1.91941E+04
1.00000E-01	1.29213E+01	2.04130E+04
1.00000E-01	1.32022E+01	2.11412E+04
1.00000E-01	1.34831E+01	2.22702E+04
1.00000E-01	1.37640E+01	2.28833E+04
1.00000E-01	1.40449E+01	2.38789E+04
1.00000E-01	1.43258E+01	2.44952E+04
1.00000E-01	1.46067E+01	2.54802E+04
1.00000E-01	1.48876E+01	2.63858E+04
1.00000E-01	1.51685E+01	2.68390E+04
1.00000E-01	1.54494E+01	2.75337E+04
1.00000E-01	1.57303E+01	2.76694E+04
1.00000E-01	1.60112E+01	2.82820E+04
1.00000E-01	1.62921E+01	2.88251E+04
1.00000E-01	1.65730E+01	2.92342E+04
1.00000E-01	1.68539E+01	2.92979E+04
1.00000E-01	1.71348E+01	2.97229E+04
1.00000E-01	1.74157E+01	3.01023E+04
1.00000E-01	1.76966E+01	3.04503E+04
1.00000E-01	1.79775E+01	3.07135E+04
1.00000E-01	1.82584E+01	3.06280E+04
1.00000E-01	1.85393E+01	3.08419E+04
1.00000E-01	1.88202E+01	3.06985E+04
1.00000E-01	1.91011E+01	3.06384E+04
1.00000E-01	1.93820E+01	3.06475E+04
1.00000E-01	1.96629E+01	3.06809E+04
1.00000E-01	1.99438E+01	3.07085E+04
1.00000E-01	2.02247E+01	3.06624E+04
1.00000E-01	2.05056E+01	3.06783E+04
1.00000E-01	2.07865E+01	3.06912E+04
1.00000E-01	2.10674E+01	3.06996E+04
1.00000E-01	2.13483E+01	3.06716E+04
1.00000E-01	2.16292E+01	3.06353E+04
1.00000E-01	2.19101E+01	3.05981E+04
1.00000E-01	2.21910E+01	3.05004E+04
1.00000E-01	2.24719E+01	3.04237E+04
1.00000E-01	2.27528E+01	3.03588E+04
1.00000E-01	2.30337E+01	3.02941E+04
1.00000E-01	2.33146E+01	3.02172E+04
1.00000E-01	2.35955E+01	3.01369E+04
1.00000E-01	2.38764E+01	3.00577E+04
1.00000E-01	2.41573E+01	2.99791E+04
1.00000E-01	2.44382E+01	2.98999E+04
1.00000E-01	2.47191E+01	2.98217E+04
1.00000E-01	2.50000E+01	2.97448E+04
2.00000E-01	0.00000E+00	4.21480E-01
2.00000E-01	2.80899E-01	4.54903E+00
2.00000E-01	5.61798E-01	9.07274E+00
2.00000E-01	8.42697E-01	1.04737E+01
2.00000E-01	1.12360E+00	1.13145E+01
2.00000E-01	1.40449E+00	1.17611E+01
2.00000E-01	1.68539E+00	1.26548E+01
2.00000E-01	1.96629E+00	1.45119E+01
2.00000E-01	2.24719E+00	1.88393E+01
2.00000E-01	2.52809E+00	2.65880E+01
2.00000E-01	2.80899E+00	3.99552E+01
2.00000E-01	3.08989E+00	7.17550E+01
2.00000E-01	3.37079E+00	1.21105E+02
2.00000E-01	3.65169E+00	1.75925E+02
2.00000E-01	3.93258E+00	2.39968E+02
2.00000E-01	4.21348E+00	3.21467E+02
2.00000E-01	4.49438E+00	4.05057E+02
2.00000E-01	4.77528E+00	5.19879E+02
2.00000E-01	5.05618E+00	6.31710E+02
2.00000E-01	5.33708E+00	8.20974E+02
2.00000E-01	5.61798E+00	9.58594E+02
2.00000E-01	5.89888E+00	1.24025E+03
2.00000E-01	6.17978E+00	1.49978E+03
2.00000E-01	6.46067E+00	1.87594E+03
2.00000E-01	6.74157E+00	2.17900E+03
2.00000E-01	7.02247E+00	2.54156E+03
2.00000E-01	7.30337E+00	2.97593E+03
2.00000E-01	7.58427E+00	3.40726E+03
2.00000E-01	7.86517E+00	3.96187E+03
2.00000E-01	8.14607E+00	4.46156E+03
2.00000E-01	8.42697E+00	5.07663E+03
2.00000E-01	8.70787E+00	5.66046E+03
2.00000E-01	8.98876E+00	6.38953E+03
2.00000E-01	9.26966E+00	6.99732E+03
2.00000E-01	9.55056E+00	7.69610E+03
2.00000E-01	9.83146E+00	8.58883E+03
2.00000E-01	1.01124E+01	9.53536E+03
2.00000E-01	1.03933E+01	1.07693E+04
2.00000E-01	1.06742E+01	1.18912E+04
2.00000E-01	1.09551E+01	1.31998E+04
2.00000E-01	1.12360E+01	1.39335E+04
2.00000E-01	1.15169E+01	1.52022E+04
2.00000E-01	1.17978E+01	1.61208E+04
2.00000E-01	1.20787E+01	1.72514E+04
2.00000E-01	1.23596E+01	1.83827E+04
2.00000E-01	1.26404E+01	1.92105E+04
2.00000E-01	1.29213E+01	2.04129E+04
2.00000E-01	1.32022E+01	2.11494E+04
2.00000E-01	1.34831E+01	2.22658E+04
2.00000E-01	1.37640E+01	2.28836E+04
2.00000E-01	1.40449E+01	2.38641E+04
2.00000E-01	1.43258E+01	2.44952E+04
2.00000E-01	1.46067E+01	2.54800E+04
2.00000E-01	1.48876E+01	2.63859E+04
2.00000E-01	1.51685E+01	2.68513E+04
2.00000E-01	1.54494E+01	2.75268E+04
2.00000E-01	1.57303E+01	2.76711E+04
2.00000E-01	1.60112E+01	2.82818E+04
2.00000E-01	1.62921E+01	2.88252E+04
2.00000E-01	1.65730E+01	2.92250E+04
2.00000E-01	1.68539E+01	2.92981E+04
2.00000E-01	1.71348E+01	2.97227E+04
2.00000E-01	1.74157E+01	3.01023E+04
2.00000E-01	1.76966E+01	3.04502E+04
2.00000E-01	1.79775E+01	3.07086E+04
2.00000E-01	1.82584E+01	3.06283E+04
2.00000E-01	1.85393E+01	3.08338E+04
2.00000E-01	1.88202E+01	3.06994E+04
2.00000E-01	1.91011E+01	3.06403E+04
2.00000E-01	1.93820E+01	3.06475E+04
2.00000E-01	1.96629E+01	3.06817E+04
2.00000E-01	1.99438E+01	3.07074E+04
2.00000E-01	2.02247E+01	3.06627E+04
2.00000E-01	2.05056E+01	3.06783E+04
2.00000E-01	2.07865E+01	3.06912E+04
2.00000E-01	2.10674E+01	3.06993E+04
2.00000E-01	2.13483E+01	3.06716E+04
2.00000E-01	2.16292E+01	3.06353E+04
2.00000E-01	2.19101E+01	3.05981E+04
2.00000E-01	2.21910E+01	3.05011E+04
2.00000E-01	2.24719E+01	3.04237E+04
2.00000E-01	2.27528E+01	3.03588E+04
2.00000E-01	2.30337E+01	3.02940E+04
2.00000E-01	2.33146E+01	3.02172E+04
2.00000E-01	2.35955E+01	3.01369E+04
2.00000E-01	2.38764E+01	3.00577E+04
2.00000E-01	2.41573E+01	2.99791E+04
2.00000E-01	2.44382E+01	2.98999E+04
2.00000E-01	2.47191E+01	2.98218E+04
2.00000E-01	2.50000E+01	2.97448E+04
2.50000E-01	0.00000E+00	5.20016E-01
2.50000E-01	2.80899E-01	4.58598E+00
2.50000E-01	5.61798E-01	9.08198E+00
2.50000E-01	8.42697E-01	1.04883E+01
2.50000E-01	1.12360E+00	1.13098E+01
2.50000E-01	1.40449E+00	1.17487E+01
2.50000E-01	1.68539E+00	1.26622E+01
2.50000E-01	1.96629E+00	1.45379E+01
2.50000E-01	2.24719E+00	1.89152E+01
2.50000E-01	2.52809E+00	2.65644E+01
2.50000E-01	2.80899E+00	4.00198E+01
2.50000E-01	3.08989E+00	7.19785E+01
2.50000E-01	3.37079E+00	1.20746E+02
2.50000E-01	3.65169E+00	1.76349E+02
2.50000E-01	3.93258E+00	2.39974E+02
2.50000E-01	4.21348E+00	3.21475E+02
2.50000E-01	4.49438E+00	4.04829E+02
2.50000E-01	4.77528E+00	5.19894E+02
2.50000E-01	5.05618E+00	6.32952E+02
2.50000E-01	5.33708E+00	8.20979E+02
2.50000E-01	5.61798E+00	9.60904E+02
2.50000E-01	5.89888E+00	1.24012E+03
2.50000E-01	6.17978E+00	1.50003E+03
2.50000E-01	6.46067E+00	1.87465E+03
2.50000E-01	6.74157E+00	2.17903E+03
2.50000E-01	7.02247E+00	2.54036E+03
2.50000E-01	7.30337E+00	2.97593E+03
2.50000E-01	7.58427E+00	3.41039E+03
2.50000E-01	7.86517E+00	3.96164E+03
2.50000E-01	8.14607E+00	4.46236E+03
2.50000E-01	8.42697E+00	5.07498E+03
2.50000E-01	8.70787E+00	5.66071E+03
2.50000E-01	8.98876E+00	6.38546E+03
2.50000E-01	9.26966E+00	6.99740E+03
2.50000E-01	9.55056E+00	7.69745E+03
2.50000E-01	9.83146E+00	8.58879E+03
2.50000E-01	1.01124E+01	9.53798E+03
2.50000E-01	1.03933E+01	1.07677E+04
2.50000E-01	1.06742E+01	1.18919E+04
2.50000E-01	1.09551E+01	1.31953E+04
2.50000E-01	1.12360E+01	1.39361E+04
2.50000E-01	1.15169E+01	1.51951E+04
2.50000E-01	1.17978E+01	1.61210E+04
2.50000E-01	1.20787E+01	1.72489E+04
2.50000E-01	1.23596E+01	1.83819E+04
2.50000E-01	1.26404E+01	1.92204E+04
2.50000E-01	1.29213E+01	2.04125E+04
2.50000E-01	1.32022E+01	2.11555E+04
2.50000E-01	1.34831E+01	2.22618E+04
2.50000E-01	1.37640E+01	2.28844E+04
2.50000E-01	1.40449E+01	2.38551E+04
2.50000E-01	1.43258E+01	2.44953E+04
2.50000E-01	1.46067E+01	2.54799E+04
2.50000E-01	1.48876E+01	2.63858E+04
2.50000E-01	1.51685E+01	2.68589E+04
2.50000E-01	1.54494E+01	2.75221E+04
2.50000E-01	1.57303E+01	2.76732E+04
2.50000E-01	1.60112E+01	2.82816E+04
2.50000E-01	1.62921E+01	2.88252E+04
2.50000E-01	1.65730E+01	2.92194E+04
2.50000E-01	1.68539E+01	2.92985E+04
2.50000E-01	1.71348E+01	2.97225E+04
2.50000E-01	1.74157E+01	3.01024E+04
2.50000E-01	1.76966E+01	3.04501E+04
2.50000E-01	1.79775E+01	3.07050E+04
2.50000E-01	1.82584E+01	3.06288E+04
2.50000E-01	1.85393E+01	3.08288E+04
2.50000E-01	1.88202E+01	3.07002E+04
2.50000E-01	1.91011E+01	3.06416E+04
2.50000E-01	1.93820E+01	3.06475E+04
2.50000E-01	1.96629E+01	3.06823E+04
2.50000E-01	1.99438E+01	3.07067E+04
2.50000E-01	2.02247E+01	3.06630E+04
2.50000E-01	2.05056E+01	3.06784E+04
2.50000E-01	2.07865E+01	3.06912E+04
2.50000E-01	2.10674E+01	3.06991E+04
2.50000E-01	2.13483E+01	3.06716E+04
2.50000E-01	2.16292E+01	3.06353E+04
2.50000E-01	2.19101E+01	3.05981E+04
2.50000E-01	2.21910E+01	3.05016E+04
2.50000E-01	2.24719E+01	3.04237E+04
2.50000E-01	2.27528E+01	3.03588E+04
2.50000E-01	2.30337E+01	3.02940E+04
2.50000E-01	2.33146E+01	3.02172E+04
2.50000E-01	2.35955E+01	3.01369E+04
2.50000E-01	2.38764E+01	3.00577E+04
2.50000E-01	2.41573E+01	2.99791E+04
2.50000E-01	2.44382E+01	2.98999E+04
2.50000E-01	2.47191E+01	2.98218E+04
2.50000E-01	2.50000E+01	2.97448E+04
3.00000E-01	0.00000E+00	6.45213E-01
3.00000E-01	2.80899E-01	4.64121E+00
3.00000E-01	5.61798E-01	9.08589E+00
3.00000E-01	8.42697E-01	1.04981E+01
3.00000E-01	1.12360E+00	1.13069E+01
3.00000E-01	1.40449E+00	1.17430E+01
3.00000E-01	1.68539E+00	1.26711E+01
3.00000E-01	1.96629E+00	1.45606E+01
3.00000E-01	2.24719E+00	1.89849E+01
3.00000E-01	2.52809E+00	2.65519E+01
3.00000E-01	2.80899E+00	4.01272E+01
3.00000E-01	3.08989E+00	7.22125E+01
3.00000E-01	3.37079E+00	1.20432E+02
3.00000E-01	3.65169E+00	1.76750E+02
3.00000E-01	3.93258E+00	2.40040E+02
3.00000E-01	4.21348E+00	3.21493E+02
3.00000E-01	4.49438E+00	4.04684E+02
3.00000E-01	4.77528E+00	5.19913E+02
3.00000E-01	5.05618E+00	6.34227E+02
3.00000E-01	5.33708E+00	8.20963E+02
3.00000E-01	5.61798E+00	9.63405E+02
3.00000E-01	5.89888E+00	1.23988E+03
3.00000E-01	6.17978E+00	1.50050E+03
3.00000E-01	6.46067E+00	1.87321E+03
3.00000E-01	6.74157E+00	2.17911E+03
3.00000E-01	7.02247E+00	2.53936E+03
3.00000E-01	7.30337E+00	2.97593E+03
3.00000E-01	7.58427E+00	3.41349E+03
3.00000E-01	7.86517E+00	3.96124E+03
3.00000E-01	8.14607E+00	4.46345E+03
3.00000E-01	8.42697E+00	5.07327E+03
3.00000E-01	8.70787E+00	5.66114E+03
3.00000E-01	8.98876E+00	6.38113E+03
3.00000E-01	9.26966E+00	6.99756E+03
3.00000E-01	9.55056E+00	7.69935E+03
3.00000E-01	9.83146E+00	8.58867E+03
3.00000E-01	1.01124E+01	9.54117E+03
3.00000E-01	1.03933E+01	1.07659E+04
3.00000E-01	1.06742E+01	1.18929E+04
3.00000E-01	1.09551E+01	1.31899E+04
3.00000E-01	1.12360E+01	1.39399E+04
3.00000E-01	1.15169E+01	1.51874E+04
3.00000E-01	1.17978E+01	1.61215E+04
3.00000E-01	1.20787E+01	1.72470E+04
3.00000E-01	1.23596E+01	1.83808E+04
3.00000E-01	1.26404E+01	1.92305E+04
3.00000E-01	1.29213E+01	2.04116E+04
3.00000E-01	1.32022E+01	2.11625E+04
3.00000E-01	1.34831E+01	2.22566E+04
3.00000E-01	1.37640E+01	2.28859E+04
3.00000E-01	1.40449E+01	2.38461E+04
3.00000E-01	1.43258E+01	2.44956E+04
3.00000E-01	1.46067E+01	2.54797E+04
3.00000E-01	1.48876E+01	2.63856E+04
3.00000E-01	1.51685E+01	2.68667E+04
3.00000E-01	1.54494E+01	2.75165E+04
3.00000E-01	1.57303E+01	2.76761E+04
3.00000E-01	1.60112E+01	2.82815E+04
3.00000E-01	1.62921E+01	2.88252E+04
3.00000E-01	1.65730E+01	2.92137E+04
3.00000E-01	1.68539E+01	2.92992E+04
3.00000E-01	1.71348E+01	2.97224E+04
3.00000E-01	1.74157E+01	3.01024E+04
3.00000E-01	1.76966E+01	3.04500E+04
3.00000E-01	1.79775E+01	3.07009E+04
3.00000E-01	1.82584E+01	3.06297E+04
3.00000E-01	1.85393E+01	3.08233E+04
3.00000E-01	1.88202E+01	3.07012E+04
3.00000E-01	1.91011E+01	3.06430E+04
3.00000E-01	1.93820E+01	3.06475E+04
3.00000E-01	1.96629E+01	3.06828E+04
3.00000E-01	1.99438E+01	3.07058E+04
3.00000E-01	2.02247E+01	3.06635E+04
3.00000E-01	2.05056E+01	3.06784E+04
3.00000E-01	2.07865E+01	3.06913E+04
3.00000E-01	2.10674E+01	3.06989E+04
3.00000E-01	2.13483E+01	3.06716E+04
3.00000E-01	2.16292E+01	3.06353E+04
3.00000E-01	2.19101E+01	3.05980E+04
3.00000E-01	2.21910E+01	3.05021E+04
3.00000E-01	2.24719E+01	3.04237E+04
3.00000E-01	2.27528E+01	3.03588E+04
3.00000E-01	2.30337E+01	3.02939E+04
3.00000E-01	2.33146E+01	3.02172E+04
3.00000E-01	2.35955E+01	3.01369E+04
3.00000E-01	2.38764E+01	3.00577E+04
3.00000E-01	2.41573E+01	2.99791E+04
3.00000E-01	2.44382E+01	2.98999E+04
3.00000E-01	2.47191E+01	2.98218E+04
3.00000E-01	2.50000E+01	2.97448E+04
4.00000E-01	0.00000E+00	9.64812E-01
4.00000E-01	2.80899E-01	4.79733E+00
4.00000E-01	5.61798E-01	9.08560E+00
4.00000E-01	8.42697E-01	1.05106E+01
4.00000E-01	1.12360E+00	1.13036E+01
4.00000E-01	1.40449E+00	1.17437E+01
4.00000E-01	1.68539E+00	1.26917E+01
4.00000E-01	1.96629E+00	1.46090E+01
4.00000E-01	2.24719E+00	1.91073E+01
4.00000E-01	2.52809E+00	2.65675E+01
4.00000E-01	2.80899E+00	4.04364E+01
4.00000E-01	3.08989E+00	7.26677E+01
4.00000E-01	3.37079E+00	1.20047E+02
4.00000E-01	3.65169E+00	1.77435E+02
4.00000E-01	3.93258E+00	2.40325E+02
4.00000E-01	4.21348E+00	3.21580E+02
4.00000E-01	4.49438E+00	4.04711E+02
4.00000E-01	4.77528E+00	5.19975E+02
4.00000E-01	5.05618E+00	6.36799E+02
4.00000E-01	5.33708E+00	8.20820E+02
4.00000E-01	5.61798E+00	9.68586E+02
4.00000E-01	5.89888E+00	1.23911E+03
4.00000E-01	6.17978E+00	1.50218E+03
4.00000E-01	6.46067E+00	1.87017E+03
4.00000E-01	6.74157E+00	2.17963E+03
4.00000E-01	7.02247E+00	2.53828E+03
4.00000E-01	7.30337E+00	2.97600E+03
4.00000E-01	7.58427E+00	3.41936E+03
4.00000E-01	7.86517E+00	3.96003E+03
4.00000E-01	8.14607E+00	4.46641E+03
4.00000E-01	8.42697E+00	5.07006E+03
4.00000E-01	8.70787E+00	5.66270E+03
4.00000E-01	8.98876E+00	6.37275E+03
4.00000E-01	9.26966E+00	6.99834E+03
4.00000E-01	9.55056E+00	7.70426E+03
4.00000E-01	9.83146E+00	8.58818E+03
4.00000E-01	1.01124E+01	9.54882E+03
4.00000E-01	1.03933E+01	1.07619E+04
4.00000E-01	1.06742E+01	1.18960E+04
4.00000E-01	1.09551E+01	1.31770E+04
4.00000E-01	1.12360E+01	1.39508E+04
4.00000E-01	1.15169E+01	1.51715E+04
4.00000E-01	1.17978E+01	1.61234E+04
4.00000E-01	1.20787E+01	1.72448E+04
4.00000E-01	1.23596E+01	1.83772E+04
4.00000E-01	1.26404E+01	1.92501E+04
4.00000E-01	1.29213E+01	2.04079E+04
4.00000E-01	1.32022E+01	2.11782E+04
4.00000E-01	1.34831E+01	2.22440E+04
4.00000E-01	1.37640E+01	2.28910E+04
4.00000E-01	1.40449E+01	2.38291E+04
4.00000E-01	1.43258E+01	2.44967E+04
4.00000E-01	1.46067E+01	2.54793E+04
4.00000E-01	1.48876E+01	2.63844E+04
4.00000E-01	1.51685E+01	2.68818E+04
4.00000E-01	1.54494E+01	2.75039E+04
4.00000E-01	1.57303E+01	2.76841E+04
4.00000E-01	1.60112E+01	2.82810E+04
4.00000E-01	1.62921E+01	2.88252E+04
4.00000E-01	1.65730E+01	2.92021E+04
4.00000E-01	1.68539E+01	2.93017E+04
4.00000E-01	1.71348E+01	2.97220E+04
4.00000E-01	1.74157E+01	3.01024E+04
4.00000E-01	1.76966E+01	3.04497E+04
4.00000E-01	1.79775E+01	3.06916E+04
4.00000E-01	1.82584E+01	3.06328E+04
4.00000E-01	1.85393E+01	3.08123E+04
4.00000E-01	1.88202E+01	3.07037E+04
4.00000E-01	1.91011E+01	3.06462E+04
4.00000E-01	1.93820E+01	3.06475E+04
4.00000E-01	1.96629E+01	3.06839E+04
4.00000E-01	1.99438E+01	3.07039E+04
4.00000E-01	2.02247E+01	3.06647E+04
4.00000E-01	2.05056E+01	3.06784E+04
4.00000E-01	2.07865E+01	3.06913E+04
4.00000E-01	2.10674E+01	3.06984E+04
4.00000E-01	2.13483E+01	3.06716E+04
4.00000E-01	2.16292E+01	3.06354E+04
4.00000E-01	2.19101E+01	3.05978E+04
4.00000E-01	2.21910E+01	3.05033E+04
4.00000E-01	2.24719E+01	3.04237E+04
4.00000E-01	2.27528E+01	3.03588E+04
4.00000E-01	2.30337E+01	3.02937E+04
4.00000E-01	2.33146E+01	3.02172E+04
4.00000E-01	2.35955E+01	3.01369E+04
4.00000E-01	2.38764E+01	3.00577E+04
4.00000E-01	2.41573E+01	2.99791E+04
4.00000E-01	2.44382E+01	2.98999E+04
4.00000E-01	2.47191E+01	2.98218E+04
4.00000E-01	2.50000E+01	2.97449E+04
5.00000E-01	0.00000E+00	1.35217E+00
5.00000E-01	2.80899E-01	5.00685E+00
5.00000E-01	5.61798E-01	9.08128E+00
5.00000E-01	8.42697E-01	1.05194E+01
5.00000E-01	1.12360E+00	1.13020E+01
5.00000E-01	1.40449E+00	1.17531E+01
5.00000E-01	1.68539E+00	1.27155E+01
5.00000E-01	1.96629E+00	1.46702E+01
5.00000E-01	2.24719E+00	1.92148E+01
5.00000E-01	2.52809E+00	2.66406E+01
5.00000E-01	2.80899E+00	4.08372E+01
5.00000E-01	3.08989E+00	7.31049E+01
5.00000E-01	3.37079E+00	1.20003E+02
5.00000E-01	3.65169E+00	1.77980E+02
5.00000E-01	3.93258E+00	2.40768E+02
5.00000E-01	4.21348E+00	3.21760E+02
5.00000E-01	4.49438E+00	4.05130E+02
5.00000E-01	4.77528E+00	5.20094E+02
5.00000E-01	5.05618E+00	6.39344E+02
5.00000E-01	5.33708E+00	8.20514E+02
5.00000E-01	5.61798E+00	9.73673E+02
5.00000E-01	5.89888E+00	1.23822E+03
5.00000E-01	6.17978E+00	1.50474E+03
5.00000E-01	6.46067E+00	1.86735E+03
5.00000E-01	6.74157E+00	2.18068E+03
5.00000E-01	7.02247E+00	2.53844E+03
5.00000E-01	7.30337E+00	2.97625E+03
5.00000E-01	7.58427E+00	3.42472E+03
5.00000E-01	7.86517E+00	3.95856E+03
5.00000E-01	8.14607E+00	4.47010E+03
5.00000E-01	8.42697E+00	5.06749E+03
5.00000E-01	8.70787E+00	5.66522E+03
5.00000E-01	8.98876E+00	6.36569E+03
5.00000E-01	9.26966E+00	6.99990E+03
5.00000E-01	9.55056E+00	7.71000E+03
5.00000E-01	9.83146E+00	8.58768E+03
5.00000E-01	1.01124E+01	9.55750E+03
5.00000E-01	1.03933E+01	1.07581E+04
5.00000E-01	1.06742E+01	1.19003E+04
5.00000E-01	1.09551E+01	1.31626E+04
5.00000E-01	1.12360E+01	1.39646E+04
5.00000E-01	1.15169E+01	1.51567E+04
5.00000E-01	1.17978E+01	1.61270E+04
5.00000E-01	1.20787E+01	1.72445E+04
5.00000E-01	1.23596E+01	1.83724E+04
5.00000E-01	1.26404E+01	1.92679E+04
5.00000E-01	1.29213E+01	2.04018E+04
5.00000E-01	1.32022E+01	2.11942E+04
5.00000E-01	1.34831E+01	2.22301E+04
5.00000E-01	1.37640E+01	2.28986E+04
5.00000E-01	1.40449E+01	2.38145E+04
5.00000E-01	1.43258E+01	2.44993E+04
5.00000E-01	1.46067E+01	2.54789E+04
5.00000E-01	1.48876E+01	2.63815E+04
5.00000E-01	1.51685E+01	2.68951E+04
5.00000E-01	1.54494E+01	2.74902E+04
5.00000E-01	1.57303E+01	2.76942E+04
5.00000E-01	1.60112E+01	2.82805E+04
5.00000E-01	1.62921E+01	2.88249E+04
5.00000E-01	1.65730E+01	2.91912E+04
5.00000E-01	1.68539E+01	2.93056E+04
5.00000E-01	1.71348E+01	2.97216E+04
5.00000E-01	1.74157E+01	3.01024E+04
5.00000E-01	1.76966E+01	3.04491E+04
5.00000E-01	1.79775E+01	3.06817E+04
5.00000E-01	1.82584E+01	3.06374E+04
5.00000E-01	1.85393E+01	3.08015E+04
5.00000E-01	1.88202E+01	3.07064E+04
5.00000E-01	1.91011E+01	3.06493E+04
5.00000E-01	1.93820E+01	3.06474E+04
5.00000E-01	1.96629E+01	3.06847E+04
5.00000E-01	1.99438E+01	3.07019E+04
5.00000E-01	2.02247E+01	3.06661E+04
5.00000E-01	2.05056E+01	3.06784E+04
5.00000E-01	2.07865E+01	3.06913E+04
5.00000E-01	2.10674E+01	3.06977E+04
5.00000E-01	2.13483E+01	3.06715E+04
5.00000E-01	2.16292E+01	3.06354E+04
5.00000E-01	2.19101E+01	3.05972E+04
5.00000E-01	2.21910E+01	3.05044E+04
5.00000E-01	2.24719E+01	3.04238E+04
5.00000E-01	2.27528E+01	3.03588E+04
5.00000E-01	2.30337E+01	3.02935E+04
5.00000E-01	2.33146E+01	3.02172E+04
5.00000E-01	2.35955E+01	3.01369E+04
5.00000E-01	2.38764E+01	3.00577E+04
5.00000E-01	2.41573E+01	2.99791E+04
5.00000E-01	2.44382E+01	2.99000E+04
5.00000E-01	2.47191E+01	2.98218E+04
5.00000E-01	2.50000E+01	2.97449E+04
6.00000E-01	0.00000E+00	1.78101E+00
6.00000E-01	2.80899E-01	5.25577E+00
6.00000E-01	5.61798E-01	9.07732E+00
6.00000E-01	8.42697E-01	1.05263E+01
6.00000E-01	1.12360E+00	1.13011E+01
6.00000E-01	1.40449E+00	1.17676E+01
6.00000E-01	1.68539E+00	1.27436E+01
6.00000E-01	1.96629E+00	1.47457E+01
6.00000E-01	2.24719E+00	1.93185E+01
6.00000E-01	2.52809E+00	2.67696E+01
6.00000E-01	2.80899E+00	4.13100E+01
6.00000E-01	3.08989E+00	7.35577E+01
6.00000E-01	3.37079E+00	1.20228E+02
6.00000E-01	3.65169E+00	1.78441E+02
6.00000E-01	3.93258E+00	2.41338E+02
6.00000E-01	4.21348E+00	3.22041E+02
6.00000E-01	4.49438E+00	4.05858E+02
6.00000E-01	4.77528E+00	5.20311E+02
6.00000E-01	5.05618E+00	6.41843E+02
6.00000E-01	5.33708E+00	8.20130E+02
6.00000E-01	5.61798E+00	9.78512E+02
6.00000E-01	5.89888E+00	1.23750E+03
6.00000E-01	6.17978E+00	1.50790E+03
6.00000E-01	6.46067E+00	1.86504E+03
6.00000E-01	6.74157E+00	2.18222E+03
6.00000E-01	7.02247E+00	2.53965E+03
6.00000E-01	7.30337E+00	2.97677E+03
6.00000E-01	7.58427E+00	3.42963E+03
6.00000E-01	7.86517E+00	3.95723E+03
6.00000E-01	8.14607E+00	4.47417E+03
6.00000E-01	8.42697E+00	5.06581E+03
6.00000E-01	8.70787E+00	5.66851E+03
6.00000E-01	8.98876E+00	6.36031E+03
6.00000E-01	9.26966E+00	7.00222E+03
6.00000E-01	9.55056E+00	7.71614E+03
6.00000E-01	9.83146E+00	8.58771E+03
6.00000E-01	1.01124E+01	9.56662E+03
6.00000E-01	1.03933E+01	1.07551E+04
6.00000E-01	1.06742E+01	1.19055E+04
6.00000E-01	1.09551E+01	1.31480E+04
6.00000E-01	1.12360E+01	1.39797E+04
6.00000E-01	1.15169E+01	1.51442E+04
6.00000E-01	1.17978E+01	1.61318E+04
6.00000E-01	1.20787E+01	1.72453E+04
6.00000E-01	1.23596E+01	1.83670E+04
6.00000E-01	1.26404E+01	1.92835E+04
6.00000E-01	1.29213E+01	2.03941E+04
6.00000E-01	1.32022E+01	2.12092E+04
6.00000E-01	1.34831E+01	2.22163E+04
6.00000E-01	1.37640E+01	2.29076E+04
6.00000E-01	1.40449E+01	2.38025E+04
6.00000E-01	1.43258E+01	2.45035E+04
6.00000E-01	1.46067E+01	2.54784E+04
6.00000E-01	1.48876E+01	2.63770E+04
6.00000E-01	1.51685E+01	2.69061E+04
6.00000E-01	1.54494E+01	2.74764E+04
6.00000E-01	1.57303E+01	2.77053E+04
6.00000E-01	1.60112E+01	2.82800E+04
6.00000E-01	1.62921E+01	2.88239E+04
6.00000E-01	1.65730E+01	2.91811E+04
6.00000E-01	1.68539E+01	2.93108E+04
6.00000E-01	1.71348E+01	2.97211E+04
6.00000E-01	1.74157E+01	3.01023E+04
6.00000E-01	1.76966E+01	3.04483E+04
6.00000E-01	1.79775E+01	3.06719E+04
6.00000E-01	1.82584E+01	3.06429E+04
6.00000E-01	1.85393E+01	3.07915E+04
6.00000E-01	1.88202E+01	3.07091E+04
6.00000E-01	1.91011E+01	3.06521E+04
6.00000E-01	1.93820E+01	3.06474E+04
6.00000E-01	1.96629E+01	3.06852E+04
6.00000E-01	1.99438E+01	3.06998E+04
6.00000E-01	2.02247E+01	3.06677E+04
6.00000E-01	2.05056E+01	3.06784E+04
6.00000E-01	2.07865E+01	3.06913E+04
6.00000E-01	2.10674E+01	3.06970E+04
6.00000E-01	2.13483E+01	3.06715E+04
6.00000E-01	2.16292E+01	3.06354E+04
6.00000E-01	2.19101E+01	3.05964E+04
6.00000E-01	2.21910E+01	3.05053E+04
6.00000E-01	2.24719E+01	3.04239E+04
6.00000E-01	2.27528E+01	3.03588E+04
6.00000E-01	2.30337E+01	3.02932E+04
6.00000E-01	2.33146E+01	3.02172E+04
6.00000E-01	2.35955E+01	3.01369E+04
6.00000E-01	2.38764E+01	3.00577E+04
6.00000E-01	2.41573E+01	2.99791E+04
6.00000E-01	2.44382E+01	2.99000E+04
6.00000E-01	2.47191E+01	2.98218E+04
6.00000E-01	2.50000E+01	2.97450E+04
7.00000E-01	0.00000E+00	2.23178E+00
7.00000E-01	2.80899E-01	5.52276E+00
7.00000E-01	5.61798E-01	9.07841E+00
7.00000E-01	8.42697E-01	1.05313E+01
7.00000E-01	1.12360E+00	1.13007E+01
7.00000E-01	1.40449E+00	1.17858E+01
7.00000E-01	1.68539E+00	1.27771E+01
7.00000E-01	1.96629E+00	1.48338E+01
7.00000E-01	2.24719E+00	1.94278E+01
7.00000E-01	2.52809E+00	2.69514E+01
7.00000E-01	2.80899E+00	4.18470E+01
7.00000E-01	3.08989E+00	7.40584E+01
7.00000E-01	3.37079E+00	1.20643E+02
7.00000E-01	3.65169E+00	1.78880E+02
7.00000E-01	3.93258E+00	2.42015E+02
7.00000E-01	4.21348E+00	3.22417E+02
7.00000E-01	4.49438E+00	4.06816E+02
7.00000E-01	4.77528E+00	5.20665E+02
7.00000E-01	5.05618E+00	6.44298E+02
7.00000E-01	5.33708E+00	8.19802E+02
7.00000E-01	5.61798E+00	9.83076E+02
7.00000E-01	5.89888E+00	1.23719E+03
7.00000E-01	6.17978E+00	1.51140E+03
7.00000E-01	6.46067E+00	1.86334E+03
7.00000E-01	6.74157E+00	2.18412E+03
7.00000E-01	7.02247E+00	2.54167E+03
7.00000E-01	7.30337E+00	2.97764E+03
7.00000E-01	7.58427E+00	3.43418E+03
7.00000E-01	7.86517E+00	3.95634E+03
7.00000E-01	8.14607E+00	4.47836E+03
7.00000E-01	8.42697E+00	5.06510E+03
7.00000E-01	8.70787E+00	5.67231E+03
7.00000E-01	8.98876E+00	6.35657E+03
7.00000E-01	9.26966E+00	7.00515E+03
7.00000E-01	9.55056E+00	7.72250E+03
7.00000E-01	9.83146E+00	8.58874E+03
7.00000E-01	1.01124E+01	9.57583E+03
7.00000E-01	1.03933E+01	1.07532E+04
7.00000E-01	1.06742E+01	1.19110E+04
7.00000E-01	1.09551E+01	1.31341E+04
7.00000E-01	1.12360E+01	1.39948E+04
7.00000E-01	1.15169E+01	1.51341E+04
7.00000E-01	1.17978E+01	1.61373E+04
7.00000E-01	1.20787E+01	1.72468E+04
7.00000E-01	1.23596E+01	1.83616E+04
7.00000E-01	1.26404E+01	1.92969E+04
7.00000E-01	1.29213E+01	2.03860E+04
7.00000E-01	1.32022E+01	2.12226E+04
7.00000E-01	1.34831E+01	2.22037E+04
7.00000E-01	1.37640E+01	2.29169E+04
7.00000E-01	1.40449E+01	2.37928E+04
7.00000E-01	1.43258E+01	2.45091E+04
7.00000E-01	1.46067E+01	2.54779E+04
7.00000E-01	1.48876E+01	2.63711E+04
7.00000E-01	1.51685E+01	2.69148E+04
7.00000E-01	1.54494E+01	2.74633E+04
7.00000E-01	1.57303E+01	2.77168E+04
7.00000E-01	1.60112E+01	2.82796E+04
7.00000E-01	1.62921E+01	2.88223E+04
7.00000E-01	1.65730E+01	2.91721E+04
7.00000E-01	1.68539E+01	2.93171E+04
7.00000E-01	1.71348E+01	2.97208E+04
7.00000E-01	1.74157E+01	3.01022E+04
7.00000E-01	1.76966E+01	3.04469E+04
7.00000E-01	1.79775E+01	3.06626E+04
7.00000E-01	1.82584E+01	3.06488E+04
7.00000E-01	1.85393E+01	3.07823E+04
7.00000E-01	1.88202E+01	3.07114E+04
7.00000E-01	1.91011E+01	3.06547E+04
7.00000E-01	1.93820E+01	3.06477E+04
7.00000E-01	1.96629E+01	3.06855E+04
7.00000E-01	1.99438E+01	3.06979E+04
7.00000E-01	2.02247E+01	3.06693E+04
7.00000E-01	2.05056E+01	3.06785E+04
7.00000E-01	2.07865E+01	3.06912E+04
7.00000E-01	2.10674E+01	3.06963E+04
7.00000E-01	2.13483E+01	3.06714E+04
7.00000E-01	2.16292E+01	3.06353E+04
7.00000E-01	2.19101E+01	3.05954E+04
7.00000E-01	2.21910E+01	3.05061E+04
7.00000E-01	2.24719E+01	3.04241E+04
7.00000E-01	2.27528E+01	3.03588E+04
7.00000E-01	2.30337E+01	3.02930E+04
7.00000E-01	2.33146E+01	3.02171E+04
7.00000E-01	2.35955E+01	3.01369E+04
7.00000E-01	2.38764E+01	3.00577E+04
7.00000E-01	2.41573E+01	2.99790E+04
7.00000E-01	2.44382E+01	2.99000E+04
7.00000E-01	2.47191E+01	2.98218E+04
7.00000E-01	2.50000E+01	2.97450E+04
8.00000E-01	0.00000E+00	2.69026E+00
8.00000E-01	2.80899E-01	5.78910E+00
8.00000E-01	5.61798E-01	9.08960E+00
8.00000E-01	8.42697E-01	1.05342E+01
8.00000E-01	1.12360E+00	1.13005E+01
8.00000E-01	1.40449E+00	1.18070E+01
8.00000E-01	1.68539E+00	1.28171E+01
8.00000E-01	1.96629E+00	1.49331E+01
8.00000E-01	2.24719E+00	1.95496E+01
8.00000E-01	2.52809E+00	2.71841E+01
8.00000E-01	2.80899E+00	4.24452E+01
8.00000E-01	3.08989E+00	7.46266E+01
8.00000E-01	3.37079E+00	1.21192E+02
8.00000E-01	3.65169E+00	1.79340E+02
8.00000E-01	3.93258E+00	2.42788E+02
8.00000E-01	4.21348E+00	3.22888E+02
8.00000E-01	4.49438E+00	4.07948E+02
8.00000E-01	4.77528E+00	5.21190E+02
8.00000E-01	5.05618E+00	6.46715E+02
8.00000E-01	5.33708E+00	8.19656E+02
8.00000E-01	5.61798E+00	9.87391E+02
8.00000E-01	5.89888E+00	1.23742E+03
8.00000E-01	6.17978E+00	1.51506E+03
8.00000E-01	6.46067E+00	1.86227E+03
8.00000E-01	6.74157E+00	2.18627E+03
8.00000E-01	7.02247E+00	2.54431E+03
8.00000E-01	7.30337E+00	2.97891E+03
8.00000E-01	7.58427E+00	3.43845E+03
8.00000E-01	7.86517E+00	3.95610E+03
8.00000E-01	8.14607E+00	4.48253E+03
8.00000E-01	8.42697E+00	5.06533E+03
8.00000E-01	8.70787E+00	5.67639E+03
8.00000E-01	8.98876E+00	6.35427E+03
8.00000E-01	9.26966E+00	7.00855E+03
8.00000E-01	9.55056E+00	7.72903E+03
8.00000E-01	9.83146E+00	8.59104E+03
8.00000E-01	1.01124E+01	9.58497E+03
8.00000E-01	1.03933E+01	1.07524E+04
8.00000E-01	1.06742E+01	1.19165E+04
8.00000E-01	1.09551E+01	1.31216E+04
8.00000E-01	1.12360E+01	1.40091E+04
8.00000E-01	1.15169E+01	1.51265E+04
8.00000E-01	1.17978E+01	1.61432E+04
8.00000E-01	1.20787E+01	1.72488E+04
8.00000E-01	1.23596E+01	1.83566E+04
8.00000E-01	1.26404E+01	1.93083E+04
8.00000E-01	1.29213E+01	2.03781E+04
8.00000E-01	1.32022E+01	2.12340E+04
8.00000E-01	1.34831E+01	2.21926E+04
8.00000E-01	1.37640E+01	2.29259E+04
8.00000E-01	1.40449E+01	2.37852E+04
8.00000E-01	1.43258E+01	2.45158E+04
8.00000E-01	1.46067E+01	2.54774E+04
8.00000E-01	1.48876E+01	2.63641E+04
8.00000E-01	1.51685E+01	2.69212E+04
8.00000E-01	1.54494E+01	2.74514E+04
8.00000E-01	1.57303E+01	2.77281E+04
8.00000E-01	1.60112E+01	2.82794E+04
8.00000E-01	1.62921E+01	2.88198E+04
8.00000E-01	1.65730E+01	2.91640E+04
8.00000E-01	1.68539E+01	2.93239E+04
8.00000E-01	1.71348E+01	2.97206E+04
8.00000E-01	1.74157E+01	3.01019E+04
8.00000E-01	1.76966E+01	3.04451E+04
8.00000E-01	1.79775E+01	3.06539E+04
8.00000E-01	1.82584E+01	3.06545E+04
8.00000E-01	1.85393E+01	3.07741E+04
8.00000E-01	1.88202E+01	3.07133E+04
8.00000E-01	1.91011E+01	3.06569E+04
8.00000E-01	1.93820E+01	3.06482E+04
8.00000E-01	1.96629E+01	3.06855E+04
8.00000E-01	1.99438E+01	3.06961E+04
8.00000E-01	2.02247E+01	3.06708E+04
8.00000E-01	2.05056E+01	3.06786E+04
8.00000E-01	2.07865E+01	3.06912E+04
8.00000E-01	2.10674E+01	3.06955E+04
8.00000E-01	2.13483E+01	3.06712E+04
8.00000E-01	2.16292E+01	3.06353E+04
8.00000E-01	2.19101E+01	3.05943E+04
8.00000E-01	2.21910E+01	3.05067E+04
8.00000E-01	2.24719E+01	3.04243E+04
8.00000E-01	2.27528E+01	3.03588E+04
8.00000E-01	2.30337E+01	3.02927E+04
8.00000E-01	2.33146E+01	3.02170E+04
8.00000E-01	2.35955E+01	3.01370E+04
8.00000E-01	2.38764E+01	3.00577E+04
8.00000E-01	2.41573E+01	2.99790E+04
8.00000E-01	2.44382E+01	2.99000E+04
8.00000E-01	2.47191E+01	2.98218E+04
8.00000E-01	2.50000E+01	2.97451E+04
9.00000E-01	0.00000E+00	3.14603E+00
9.00000E-01	2.80899E-01	6.04464E+00
9.00000E-01	5.61798E-01	9.11443E+00
9.00000E-01	8.42697E-01	1.05358E+01
9.00000E-01	1.12360E+00	1.13007E+01
9.00000E-01	1.40449E+00	1.18310E+01
9.00000E-01	1.68539E+00	1.28642E+01
9.00000E-01	1.96629E+00	1.50429E+01
9.00000E-01	2.24719E+00	1.96888E+01
9.00000E-01	2.52809E+00	2.74670E+01
9.00000E-01	2.80899E+00	4.31028E+01
9.00000E-01	3.08989E+00	7.52718E+01
9.00000E-01	3.37079E+00	1.21842E+02
9.00000E-01	3.65169E+00	1.79851E+02
9.00000E-01	3.93258E+00	2.43648E+02
9.00000E-01	4.21348E+00	3.23456E+02
9.00000E-01	4.49438E+00	4.09218E+02
9.00000E-01	4.77528E+00	5.21907E+02
9.00000E-01	5.05618E+00	6.49106E+02
9.00000E-01	5.33708E+00	8.19780E+02
9.00000E-01	5.61798E+00	9.91507E+02
9.00000E-01	5.89888E+00	1.23824E+03
9.00000E-01	6.17978E+00	1.51877E+03
9.00000E-01	6.46067E+00	1.86180E+03
9.00000E-01	6.74157E+00	2.18862E+03
9.00000E-01	7.02247E+00	2.54744E+03
9.00000E-01	7.30337E+00	2.98060E+03
9.00000E-01	7.58427E+00	3.44254E+03
9.00000E-01	7.86517E+00	3.95655E+03
9.00000E-01	8.14607E+00	4.48663E+03
9.00000E-01	8.42697E+00	5.06642E+03
9.00000E-01	8.70787E+00	5.68061E+03
9.00000E-01	8.98876E+00	6.35320E+03
9.00000E-01	9.26966E+00	7.01232E+03
9.00000E-01	9.55056E+00	7.73574E+03
9.00000E-01	9.83146E+00	8.59469E+03
9.00000E-01	1.01124E+01	9.59401E+03
9.00000E-01	1.03933E+01	1.07529E+04
9.00000E-01	1.06742E+01	1.19218E+04
9.00000E-01	1.09551E+01	1.31107E+04
9.00000E-01	1.12360E+01	1.40221E+04
9.00000E-01	1.15169E+01	1.51212E+04
9.00000E-01	1.17978E+01	1.61491E+04
9.00000E-01	1.20787E+01	1.72511E+04
9.00000E-01	1.23596E+01	1.83523E+04
9.00000E-01	1.26404E+01	1.93180E+04
9.00000E-01	1.29213E+01	2.03711E+04
9.00000E-01	1.32022E+01	2.12435E+04
9.00000E-01	1.34831E+01	2.21833E+04
9.00000E-01	1.37640E+01	2.29341E+04
9.00000E-01	1.40449E+01	2.37793E+04
9.00000E-01	1.43258E+01	2.45233E+04
9.00000E-01	1.46067E+01	2.54769E+04
9.00000E-01	1.48876E+01	2.63565E+04
9.00000E-01	1.51685E+01	2.69256E+04
9.00000E-01	1.54494E+01	2.74409E+04
9.00000E-01	1.57303E+01	2.77389E+04
9.00000E-01	1.60112E+01	2.82795E+04
9.00000E-01	1.62921E+01	2.88164E+04
9.00000E-01	1.65730E+01	2.91569E+04
9.00000E-01	1.68539E+01	2.93311E+04
9.00000E-01	1.71348E+01	2.97205E+04
9.00000E-01	1.74157E+01	3.01015E+04
9.00000E-01	1.76966E+01	3.04426E+04
9.00000E-01	1.79775E+01	3.06460E+04
9.00000E-01	1.82584E+01	3.06596E+04
9.00000E-01	1.85393E+01	3.07667E+04
9.00000E-01	1.88202E+01	3.07147E+04
9.00000E-01	1.91011E+01	3.06590E+04
9.00000E-01	1.93820E+01	3.06490E+04
9.00000E-01	1.96629E+01	3.06853E+04
9.00000E-01	1.99438E+01	3.06946E+04
9.00000E-01	2.02247E+01	3.06722E+04
9.00000E-01	2.05056E+01	3.06787E+04
9.00000E-01	2.07865E+01	3.06911E+04
9.00000E-01	2.10674E+01	3.06948E+04
9.00000E-01	2.13483E+01	3.06710E+04
9.00000E-01	2.16292E+01	3.06352E+04
9.00000E-01	2.19101E+01	3.05930E+04
9.00000E-01	2.21910E+01	3.05072E+04
9.00000E-01	2.24719E+01	3.04247E+04
9.00000E-01	2.27528E+01	3.03588E+04
9.00000E-01	2.30337E+01	3.02924E+04
9.00000E-01	2.33146E+01	3.02169E+04
9.00000E-01	2.35955E+01	3.01370E+04
9.00000E-01	2.38764E+01	3.00577E+04
9.00000E-01	2.41573E+01	2.99790E+04
9.00000E-01	2.44382E+01	2.99000E+04
9.00000E-01	2.47191E+01	2.98219E+04
9.00000E-01	2.50000E+01	2.97452E+04
1.00000E+00	0.00000E+00	3.59162E+00
1.00000E+00	2.80899E-01	6.28691E+00
1.00000E+00	5.61798E-01	9.15377E+00
1.00000E+00	8.42697E-01	1.05375E+01
1.00000E+00	1.12360E+00	1.13013E+01
1.00000E+00	1.40449E+00	1.18578E+01
1.00000E+00	1.68539E+00	1.29192E+01
1.00000E+00	1.96629E+00	1.51634E+01
1.00000E+00	2.24719E+00	1.98491E+01
1.00000E+00	2.52809E+00	2.78002E+01
1.00000E+00	2.80899E+00	4.38188E+01
1.00000E+00	3.08989E+00	7.59972E+01
1.00000E+00	3.37079E+00	1.22574E+02
1.00000E+00	3.65169E+00	1.80430E+02
1.00000E+00	3.93258E+00	2.44587E+02
1.00000E+00	4.21348E+00	3.24125E+02
1.00000E+00	4.49438E+00	4.10602E+02
1.00000E+00	4.77528E+00	5.22827E+02
1.00000E+00	5.05618E+00	6.51486E+02
1.00000E+00	5.33708E+00	8.20231E+02
1.00000E+00	5.61798E+00	9.95477E+02
1.00000E+00	5.89888E+00	1.23963E+03
1.00000E+00	6.17978E+00	1.52249E+03
1.00000E+00	6.46067E+00	1.86187E+03
1.00000E+00	6.74157E+00	2.19112E+03
1.00000E+00	7.02247E+00	2.55097E+03
1.00000E+00	7.30337E+00	2.98272E+03
1.00000E+00	7.58427E+00	3.44653E+03
1.00000E+00	7.86517E+00	3.95770E+03
1.00000E+00	8.14607E+00	4.49068E+03
1.00000E+00	8.42697E+00	5.06830E+03
1.00000E+00	8.70787E+00	5.68489E+03
1.00000E+00	8.98876E+00	6.35318E+03
1.00000E+00	9.26966E+00	7.01643E+03
1.00000E+00	9.55056E+00	7.74267E+03
1.00000E+00	9.83146E+00	8.59968E+03
1.00000E+00	1.01124E+01	9.60300E+03
1.00000E+00	1.03933E+01	1.07545E+04
1.00000E+00	1.06742E+01	1.19266E+04
1.00000E+00	1.09551E+01	1.31013E+04
1.00000E+00	1.12360E+01	1.40339E+04
1.00000E+00	1.15169E+01	1.51179E+04
1.00000E+00	1.17978E+01	1.61548E+04
1.00000E+00	1.20787E+01	1.72535E+04
1.00000E+00	1.23596E+01	1.83488E+04
1.00000E+00	1.26404E+01	1.93261E+04
1.00000E+00	1.29213E+01	2.03650E+04
1.00000E+00	1.32022E+01	2.12513E+04
1.00000E+00	1.34831E+01	2.21756E+04
1.00000E+00	1.37640E+01	2.29413E+04
1.00000E+00	1.40449E+01	2.37751E+04
1.00000E+00	1.43258E+01	2.45311E+04
1.00000E+00	1.46067E+01	2.54764E+04
1.00000E+00	1.48876E+01	2.63484E+04
1.00000E+00	1.51685E+01	2.69281E+04
1.00000E+00	1.54494E+01	2.74317E+04
1.00000E+00	1.57303E+01	2.77491E+04
1.00000E+00	1.60112E+01	2.82799E+04
1.00000E+00	1.62921E+01	2.88124E+04
1.00000E+00	1.65730E+01	2.91505E+04
1.00000E+00	1.68539E+01	2.93385E+04
1.00000E+00	1.71348E+01	2.97208E+04
1.00000E+00	1.74157E+01	3.01010E+04
1.00000E+00	1.76966E+01	3.04396E+04
1.00000E+00	1.79775E+01	3.06386E+04
1.00000E+00	1.82584E+01	3.06641E+04
1.00000E+00	1.85393E+01	3.07601E+04
1.00000E+00	1.88202E+01	3.07155E+04
1.00000E+00	1.91011E+01	3.06609E+04
1.00000E+00	1.93820E+01	3.06501E+04
1.00000E+00	1.96629E+01	3.06849E+04
1.00000E+00	1.99438E+01	3.06932E+04
1.00000E+00	2.02247E+01	3.06734E+04
1.00000E+00	2.05056E+01	3.06790E+04
1.00000E+00	2.07865E+01	3.06910E+04
1.00000E+00	2.10674E+01	3.06939E+04
1.00000E+00	2.13483E+01	3.06707E+04
1.00000E+00	2.16292E+01	3.06351E+04
1.00000E+00	2.19101E+01	3.05917E+04
1.00000E+00	2.21910E+01	3.05075E+04
1.00000E+00	2.24719E+01	3.04251E+04
1.00000E+00	2.27528E+01	3.03588E+04
1.00000E+00	2.30337E+01	3.02921E+04
1.00000E+00	2.33146E+01	3.02168E+04
1.00000E+00	2.35955E+01	3.01370E+04
1.00000E+00	2.38764E+01	3.00577E+04
1.00000E+00	2.41573E+01	2.99789E+04
1.00000E+00	2.44382E+01	2.99000E+04
1.00000E+00	2.47191E+01	2.98219E+04
1.00000E+00	2.50000E+01	2.97453E+04
1.50000E+00	0.00000E+00	5.54411E+00
1.50000E+00	2.80899E-01	7.35796E+00
1.50000E+00	5.61798E-01	9.47540E+00
1.50000E+00	8.42697E-01	1.06061E+01
1.50000E+00	1.12360E+00	1.13368E+01
1.50000E+00	1.40449E+00	1.20459E+01
1.50000E+00	1.68539E+00	1.33265E+01
1.50000E+00	1.96629E+00	1.59559E+01
1.50000E+00	2.24719E+00	2.10638E+01
1.50000E+00	2.52809E+00	3.02477E+01
1.50000E+00	2.80899E+00	4.82469E+01
1.50000E+00	3.08989E+00	8.07797E+01
1.50000E+00	3.37079E+00	1.27284E+02
1.50000E+00	3.65169E+00	1.84597E+02
1.50000E+00	3.93258E+00	2.50372E+02
1.50000E+00	4.21348E+00	3.29175E+02
1.50000E+00	4.49438E+00	4.18967E+02
1.50000E+00	4.77528E+00	5.30445E+02
1.50000E+00	5.05618E+00	6.63887E+02
1.50000E+00	5.33708E+00	8.27689E+02
1.50000E+00	5.61798E+00	1.01497E+03
1.50000E+00	5.89888E+00	1.25387E+03
1.50000E+00	6.17978E+00	1.54145E+03
1.50000E+00	6.46067E+00	1.86906E+03
1.50000E+00	6.74157E+00	2.20626E+03
1.50000E+00	7.02247E+00	2.57291E+03
1.50000E+00	7.30337E+00	2.99942E+03
1.50000E+00	7.58427E+00	3.46710E+03
1.50000E+00	7.86517E+00	3.97213E+03
1.50000E+00	8.14607E+00	4.51172E+03
1.50000E+00	8.42697E+00	5.08647E+03
1.50000E+00	8.70787E+00	5.70741E+03
1.50000E+00	8.98876E+00	6.36452E+03
1.50000E+00	9.26966E+00	7.04217E+03
1.50000E+00	9.55056E+00	7.78237E+03
1.50000E+00	9.83146E+00	8.64072E+03
1.50000E+00	1.01124E+01	9.64960E+03
1.50000E+00	1.03933E+01	1.07759E+04
1.50000E+00	1.06742E+01	1.19448E+04
1.50000E+00	1.09551E+01	1.30748E+04
1.50000E+00	1.12360E+01	1.40763E+04
1.50000E+00	1.15169E+01	1.51230E+04
1.50000E+00	1.17978E+01	1.61817E+04
1.50000E+00	1.20787E+01	1.72678E+04
1.50000E+00	1.23596E+01	1.83419E+04
1.50000E+00	1.26404E+01	1.93513E+04
1.50000E+00	1.29213E+01	2.03497E+04
1.50000E+00	1.32022E+01	2.12713E+04
1.50000E+00	1.34831E+01	2.21562E+04
1.50000E+00	1.37640E+01	2.29643E+04
1.50000E+00	1.40449E+01	2.37716E+04
1.50000E+00	1.43258E+01	2.45698E+04
1.50000E+00	1.46067E+01	2.54732E+04
1.50000E+00	1.48876E+01	2.63072E+04
1.50000E+00	1.51685E+01	2.69209E+04
1.50000E+00	1.54494E+01	2.74027E+04
1.50000E+00	1.57303E+01	2.77894E+04
1.50000E+00	1.60112E+01	2.82851E+04
1.50000E+00	1.62921E+01	2.87859E+04
1.50000E+00	1.65730E+01	2.91267E+04
1.50000E+00	1.68539E+01	2.93718E+04
1.50000E+00	1.71348E+01	2.97259E+04
1.50000E+00	1.74157E+01	3.00964E+04
1.50000E+00	1.76966E+01	3.04180E+04
1.50000E+00	1.79775E+01	3.06079E+04
1.50000E+00	1.82584E+01	3.06747E+04
1.50000E+00	1.85393E+01	3.07356E+04
1.50000E+00	1.88202E+01	3.07146E+04
1.50000E+00	1.91011E+01	3.06695E+04
1.50000E+00	1.93820E+01	3.06576E+04
1.50000E+00	1.96629E+01	3.06821E+04
1.50000E+00	1.99438E+01	3.06885E+04
1.50000E+00	2.02247E+01	3.06782E+04
1.50000E+00	2.05056E+01	3.06806E+04
1.50000E+00	2.07865E+01	3.06899E+04
1.50000E+00	2.10674E+01	3.06897E+04
1.50000E+00	2.13483E+01	3.06685E+04
1.50000E+00	2.16292E+01	3.06333E+04
1.50000E+00	2.19101E+01	3.05849E+04
1.50000E+00	2.21910E+01	3.05077E+04
1.50000E+00	2.24719E+01	3.04274E+04
1.50000E+00	2.27528E+01	3.03588E+04
1.50000E+00	2.30337E+01	3.02906E+04
1.50000E+00	2.33146E+01	3.02159E+04
1.50000E+00	2.35955E+01	3.01369E+04
1.50000E+00	2.38764E+01	3.00577E+04
1.50000E+00	2.41573E+01	2.99788E+04
1.50000E+00	2.44382E+01	2.99000E+04
1.50000E+00	2.47191E+01	2.98220E+04
1.50000E+00	2.50000E+01	2.97457E+04
2.00000E+00	0.00000E+00	6.99941E+00
2.00000E+00	2.80899E-01	8.26990E+00
2.00000E+00	5.61798E-01	9.79461E+00
2.00000E+00	8.42697E-01	1.08196E+01
2.00000E+00	1.12360E+00	1.15238E+01
2.00000E+00	1.40449E+00	1.24062E+01
2.00000E+00	1.68539E+00	1.40299E+01
2.00000E+00	1.96629E+00	1.72122E+01
2.00000E+00	2.24719E+00	2.31785E+01
2.00000E+00	2.52809E+00	3.40430E+01
2.00000E+00	2.80899E+00	5.40435E+01
2.00000E+00	3.08989E+00	8.72966E+01
2.00000E+00	3.37079E+00	1.33745E+02
2.00000E+00	3.65169E+00	1.91016E+02
2.00000E+00	3.93258E+00	2.58041E+02
2.00000E+00	4.21348E+00	3.37276E+02
2.00000E+00	4.49438E+00	4.29846E+02
2.00000E+00	4.77528E+00	5.42541E+02
2.00000E+00	5.05618E+00	6.78743E+02
2.00000E+00	5.33708E+00	8.42775E+02
2.00000E+00	5.61798E+00	1.03697E+03
2.00000E+00	5.89888E+00	1.27646E+03
2.00000E+00	6.17978E+00	1.56325E+03
2.00000E+00	6.46067E+00	1.88537E+03
2.00000E+00	6.74157E+00	2.22717E+03
2.00000E+00	7.02247E+00	2.60049E+03
2.00000E+00	7.30337E+00	3.02490E+03
2.00000E+00	7.58427E+00	3.49251E+03
2.00000E+00	7.86517E+00	3.99688E+03
2.00000E+00	8.14607E+00	4.53788E+03
2.00000E+00	8.42697E+00	5.11451E+03
2.00000E+00	8.70787E+00	5.73478E+03
2.00000E+00	8.98876E+00	6.38984E+03
2.00000E+00	9.26966E+00	7.07839E+03
2.00000E+00	9.55056E+00	7.83314E+03
2.00000E+00	9.83146E+00	8.69974E+03
2.00000E+00	1.01124E+01	9.70367E+03
2.00000E+00	1.03933E+01	1.08116E+04
2.00000E+00	1.06742E+01	1.19612E+04
2.00000E+00	1.09551E+01	1.30717E+04
2.00000E+00	1.12360E+01	1.41055E+04
2.00000E+00	1.15169E+01	1.51471E+04
2.00000E+00	1.17978E+01	1.62089E+04
2.00000E+00	1.20787E+01	1.72854E+04
2.00000E+00	1.23596E+01	1.83474E+04
2.00000E+00	1.26404E+01	1.93649E+04
2.00000E+00	1.29213E+01	2.03489E+04
2.00000E+00	1.32022E+01	2.12774E+04
2.00000E+00	1.34831E+01	2.21535E+04
2.00000E+00	1.37640E+01	2.29776E+04
2.00000E+00	1.40449E+01	2.37849E+04
2.00000E+00	1.43258E+01	2.46016E+04
2.00000E+00	1.46067E+01	2.54690E+04
2.00000E+00	1.48876E+01	2.62692E+04
2.00000E+00	1.51685E+01	2.68965E+04
2.00000E+00	1.54494E+01	2.73883E+04
2.00000E+00	1.57303E+01	2.78151E+04
2.00000E+00	1.60112E+01	2.82908E+04
2.00000E+00	1.62921E+01	2.87595E+04
2.00000E+00	1.65730E+01	2.91111E+04
2.00000E+00	1.68539E+01	2.93955E+04
2.00000E+00	1.71348E+01	2.97345E+04
2.00000E+00	1.74157E+01	3.00882E+04
2.00000E+00	1.76966E+01	3.03912E+04
2.00000E+00	1.79775E+01	3.05807E+04
2.00000E+00	1.82584E+01	3.06693E+04
2.00000E+00	1.85393E+01	3.07182E+04
2.00000E+00	1.88202E+01	3.07094E+04
2.00000E+00	1.91011E+01	3.06765E+04
2.00000E+00	1.93820E+01	3.06657E+04
2.00000E+00	1.96629E+01	3.06802E+04
2.00000E+00	1.99438E+01	3.06858E+04
2.00000E+00	2.02247E+01	3.06812E+04
2.00000E+00	2.05056E+01	3.06825E+04
2.00000E+00	2.07865E+01	3.06882E+04
2.00000E+00	2.10674E+01	3.06853E+04
2.00000E+00	2.13483E+01	3.06649E+04
2.00000E+00	2.16292E+01	3.06295E+04
2.00000E+00	2.19101E+01	3.05786E+04
2.00000E+00	2.21910E+01	3.05064E+04
2.00000E+00	2.24719E+01	3.04293E+04
2.00000E+00	2.27528E+01	3.03588E+04
2.00000E+00	2.30337E+01	3.02891E+04
2.00000E+00	2.33146E+01	3.02146E+04
2.00000E+00	2.35955E+01	3.01365E+04
2.00000E+00	2.38764E+01	3.00575E+04
2.00000E+00	2.41573E+01	2.99786E+04
2.00000E+00	2.44382E+01	2.99000E+04
2.00000E+00	2.47191E+01	2.98222E+04
2.00000E+00	2.50000E+01	2.97460E+04
2.50000E+00	0.00000E+00	8.08969E+00
2.50000E+00	2.80899E-01	9.02928E+00
2.50000E+00	5.61798E-01	1.01295E+01
2.50000E+00	8.42697E-01	1.11475E+01
2.50000E+00	1.12360E+00	1.19693E+01
2.50000E+00	1.40449E+00	1.31097E+01
2.50000E+00	1.68539E+00	1.52194E+01
2.50000E+00	1.96629E+00	1.91956E+01
2.50000E+00	2.24719E+00	2.64208E+01
2.50000E+00	2.52809E+00	3.92159E+01
2.50000E+00	2.80899E+00	6.11910E+01
2.50000E+00	3.08989E+00	9.54043E+01
2.50000E+00	3.37079E+00	1.42067E+02
2.50000E+00	3.65169E+00	1.99709E+02
2.50000E+00	3.93258E+00	2.67929E+02
2.50000E+00	4.21348E+00	3.48469E+02
2.50000E+00	4.49438E+00	4.43672E+02
2.50000E+00	4.77528E+00	5.58634E+02
2.50000E+00	5.05618E+00	6.97473E+02
2.50000E+00	5.33708E+00	8.64060E+02
2.50000E+00	5.61798E+00	1.06331E+03
2.50000E+00	5.89888E+00	1.30470E+03
2.50000E+00	6.17978E+00	1.58991E+03
2.50000E+00	6.46067E+00	1.90948E+03
2.50000E+00	6.74157E+00	2.25477E+03
2.50000E+00	7.02247E+00	2.63346E+03
2.50000E+00	7.30337E+00	3.05777E+03
2.50000E+00	7.58427E+00	3.52482E+03
2.50000E+00	7.86517E+00	4.02956E+03
2.50000E+00	8.14607E+00	4.57137E+03
2.50000E+00	8.42697E+00	5.15013E+03
2.50000E+00	8.70787E+00	5.77005E+03
2.50000E+00	8.98876E+00	6.42718E+03
2.50000E+00	9.26966E+00	7.12650E+03
2.50000E+00	9.55056E+00	7.89547E+03
2.50000E+00	9.83146E+00	8.77008E+03
2.50000E+00	1.01124E+01	9.76669E+03
2.50000E+00	1.03933E+01	1.08565E+04
2.50000E+00	1.06742E+01	1.19839E+04
2.50000E+00	1.09551E+01	1.30833E+04
2.50000E+00	1.12360E+01	1.41334E+04
2.50000E+00	1.15169E+01	1.51789E+04
2.50000E+00	1.17978E+01	1.62391E+04
2.50000E+00	1.20787E+01	1.73070E+04
2.50000E+00	1.23596E+01	1.83598E+04
2.50000E+00	1.26404E+01	1.93763E+04
2.50000E+00	1.29213E+01	2.03537E+04
2.50000E+00	1.32022E+01	2.12815E+04
2.50000E+00	1.34831E+01	2.21575E+04
2.50000E+00	1.37640E+01	2.29904E+04
2.50000E+00	1.40449E+01	2.38042E+04
2.50000E+00	1.43258E+01	2.46257E+04
2.50000E+00	1.46067E+01	2.54634E+04
2.50000E+00	1.48876E+01	2.62355E+04
2.50000E+00	1.51685E+01	2.68677E+04
2.50000E+00	1.54494E+01	2.73773E+04
2.50000E+00	1.57303E+01	2.78294E+04
2.50000E+00	1.60112E+01	2.82935E+04
2.50000E+00	1.62921E+01	2.87388E+04
2.50000E+00	1.65730E+01	2.91000E+04
2.50000E+00	1.68539E+01	2.94101E+04
2.50000E+00	1.71348E+01	2.97417E+04
2.50000E+00	1.74157E+01	3.00773E+04
2.50000E+00	1.76966E+01	3.03632E+04
2.50000E+00	1.79775E+01	3.05530E+04
2.50000E+00	1.82584E+01	3.06541E+04
2.50000E+00	1.85393E+01	3.07023E+04
2.50000E+00	1.88202E+01	3.07027E+04
2.50000E+00	1.91011E+01	3.06813E+04
2.50000E+00	1.93820E+01	3.06723E+04
2.50000E+00	1.96629E+01	3.06800E+04
2.50000E+00	1.99438E+01	3.06845E+04
2.50000E+00	2.02247E+01	3.06830E+04
2.50000E+00	2.05056E+01	3.06838E+04
2.50000E+00	2.07865E+01	3.06862E+04
2.50000E+00	2.10674E+01	3.06807E+04
2.50000E+00	2.13483E+01	3.06601E+04
2.50000E+00	2.16292E+01	3.06243E+04
2.50000E+00	2.19101E+01	3.05726E+04
2.50000E+00	2.21910E+01	3.05042E+04
2.50000E+00	2.24719E+01	3.04300E+04
2.50000E+00	2.27528E+01	3.03586E+04
2.50000E+00	2.30337E+01	3.02876E+04
2.50000E+00	2.33146E+01	3.02133E+04
2.50000E+00	2.35955E+01	3.01357E+04
2.50000E+00	2.38764E+01	3.00571E+04
2.50000E+00	2.41573E+01	2.99784E+04
2.50000E+00	2.44382E+01	2.99000E+04
2.50000E+00	2.47191E+01	2.98224E+04
2.50000E+00	2.50000E+01	2.97461E+04
3.00000E+00	0.00000E+00	8.99686E+00
3.00000E+00	2.80899E-01	9.74681E+00
3.00000E+00	5.61798E-01	1.06207E+01
3.00000E+00	8.42697E-01	1.16644E+01
3.00000E+00	1.12360E+00	1.27746E+01
3.00000E+00	1.40449E+00	1.43563E+01
3.00000E+00	1.68539E+00	1.71542E+01
3.00000E+00	1.96629E+00	2.21877E+01
3.00000E+00	2.24719E+00	3.09697E+01
3.00000E+00	2.52809E+00	4.58112E+01
3.00000E+00	2.80899E+00	6.97357E+01
3.00000E+00	3.08989E+00	1.05112E+02
3.00000E+00	3.37079E+00	1.52356E+02
3.00000E+00	3.65169E+00	2.10753E+02
3.00000E+00	3.93258E+00	2.80373E+02
3.00000E+00	4.21348E+00	3.62817E+02
3.00000E+00	4.49438E+00	4.60815E+02
3.00000E+00	4.77528E+00	5.78694E+02
3.00000E+00	5.05618E+00	7.20658E+02
3.00000E+00	5.33708E+00	8.90803E+02
3.00000E+00	5.61798E+00	1.09439E+03
3.00000E+00	5.89888E+00	1.33787E+03
3.00000E+00	6.17978E+00	1.62219E+03
3.00000E+00	6.46067E+00	1.94091E+03
3.00000E+00	6.74157E+00	2.28920E+03
3.00000E+00	7.02247E+00	2.67215E+03
3.00000E+00	7.30337E+00	3.09743E+03
3.00000E+00	7.58427E+00	3.56441E+03
3.00000E+00	7.86517E+00	4.06979E+03
3.00000E+00	8.14607E+00	4.61267E+03
3.00000E+00	8.42697E+00	5.19348E+03
3.00000E+00	8.70787E+00	5.81468E+03
3.00000E+00	8.98876E+00	6.47631E+03
3.00000E+00	9.26966E+00	7.18647E+03
3.00000E+00	9.55056E+00	7.96830E+03
3.00000E+00	9.83146E+00	8.84897E+03
3.00000E+00	1.01124E+01	9.83768E+03
3.00000E+00	1.03933E+01	1.09094E+04
3.00000E+00	1.06742E+01	1.20161E+04
3.00000E+00	1.09551E+01	1.31067E+04
3.00000E+00	1.12360E+01	1.41649E+04
3.00000E+00	1.15169E+01	1.52150E+04
3.00000E+00	1.17978E+01	1.62726E+04
3.00000E+00	1.20787E+01	1.73325E+04
3.00000E+00	1.23596E+01	1.83770E+04
3.00000E+00	1.26404E+01	1.93891E+04
3.00000E+00	1.29213E+01	2.03616E+04
3.00000E+00	1.32022E+01	2.12875E+04
3.00000E+00	1.34831E+01	2.21654E+04
3.00000E+00	1.37640E+01	2.30047E+04
3.00000E+00	1.40449E+01	2.38243E+04
3.00000E+00	1.43258E+01	2.46434E+04
3.00000E+00	1.46067E+01	2.54568E+04
3.00000E+00	1.48876E+01	2.62061E+04
3.00000E+00	1.51685E+01	2.68393E+04
3.00000E+00	1.54494E+01	2.73655E+04
3.00000E+00	1.57303E+01	2.78348E+04
3.00000E+00	1.60112E+01	2.82926E+04
3.00000E+00	1.62921E+01	2.87232E+04
3.00000E+00	1.65730E+01	2.90913E+04
3.00000E+00	1.68539E+01	2.94175E+04
3.00000E+00	1.71348E+01	2.97447E+04
3.00000E+00	1.74157E+01	3.00641E+04
3.00000E+00	1.76966E+01	3.03352E+04
3.00000E+00	1.79775E+01	3.05242E+04
3.00000E+00	1.82584E+01	3.06334E+04
3.00000E+00	1.85393E+01	3.06857E+04
3.00000E+00	1.88202E+01	3.06949E+04
3.00000E+00	1.91011E+01	3.06836E+04
3.00000E+00	1.93820E+01	3.06770E+04
3.00000E+00	1.96629E+01	3.06808E+04
3.00000E+00	1.99438E+01	3.06841E+04
3.00000E+00	2.02247E+01	3.06840E+04
3.00000E+00	2.05056E+01	3.06842E+04
3.00000E+00	2.07865E+01	3.06838E+04
3.00000E+00	2.10674E+01	3.06757E+04
3.00000E+00	2.13483E+01	3.06543E+04
3.00000E+00	2.16292E+01	3.06181E+04
3.00000E+00	2.19101E+01	3.05667E+04
3.00000E+00	2.21910E+01	3.05013E+04
3.00000E+00	2.24719E+01	3.04295E+04
3.00000E+00	2.27528E+01	3.03580E+04
3.00000E+00	2.30337E+01	3.02862E+04
3.00000E+00	2.33146E+01	3.02118E+04
3.00000E+00	2.35955E+01	3.01348E+04
3.00000E+00	2.38764E+01	3.00565E+04
3.00000E+00	2.41573E+01	2.99780E+04
3.00000E+00	2.44382E+01	2.98998E+04
3.00000E+00	2.47191E+01	2.98223E+04
3.00000E+00	2.50000E+01	2.97458E+04
3.50000E+00	0.00000E+00	9.91965E+00
3.50000E+00	2.80899E-01	1.05936E+01
3.50000E+00	5.61798E-01	1.14276E+01
3.50000E+00	8.42697E-01	1.25682E+01
3.50000E+00	1.12360E+00	1.41095E+01
3.50000E+00	1.40449E+00	1.63624E+01
3.50000E+00	1.68539E+00	2.00992E+01
3.50000E+00	1.96629E+00	2.64470E+01
3.50000E+00	2.24719E+00	3.69941E+01
3.50000E+00	2.52809E+00	5.39328E+01
3.50000E+00	2.80899E+00	7.98064E+01
3.50000E+00	3.08989E+00	1.16548E+02
3.50000E+00	3.37079E+00	1.64755E+02
3.50000E+00	3.65169E+00	2.24304E+02
3.50000E+00	3.93258E+00	2.95656E+02
3.50000E+00	4.21348E+00	3.80471E+02
3.50000E+00	4.49438E+00	4.81564E+02
3.50000E+00	4.77528E+00	6.02859E+02
3.50000E+00	5.05618E+00	7.48481E+02
3.50000E+00	5.33708E+00	9.22646E+02
3.50000E+00	5.61798E+00	1.13025E+03
3.50000E+00	5.89888E+00	1.37596E+03
3.50000E+00	6.17978E+00	1.66033E+03
3.50000E+00	6.46067E+00	1.97936E+03
3.50000E+00	6.74157E+00	2.33039E+03
3.50000E+00	7.02247E+00	2.71687E+03
3.50000E+00	7.30337E+00	3.14374E+03
3.50000E+00	7.58427E+00	3.61130E+03
3.50000E+00	7.86517E+00	4.11763E+03
3.50000E+00	8.14607E+00	4.66204E+03
3.50000E+00	8.42697E+00	5.24522E+03
3.50000E+00	8.70787E+00	5.86931E+03
3.50000E+00	8.98876E+00	6.53698E+03
3.50000E+00	9.26966E+00	7.25764E+03
3.50000E+00	9.55056E+00	8.05039E+03
3.50000E+00	9.83146E+00	8.93504E+03
3.50000E+00	1.01124E+01	9.91567E+03
3.50000E+00	1.03933E+01	1.09702E+04
3.50000E+00	1.06742E+01	1.20585E+04
3.50000E+00	1.09551E+01	1.31405E+04
3.50000E+00	1.12360E+01	1.42018E+04
3.50000E+00	1.15169E+01	1.52545E+04
3.50000E+00	1.17978E+01	1.63092E+04
3.50000E+00	1.20787E+01	1.73617E+04
3.50000E+00	1.23596E+01	1.83981E+04
3.50000E+00	1.26404E+01	1.94045E+04
3.50000E+00	1.29213E+01	2.03724E+04
3.50000E+00	1.32022E+01	2.12963E+04
3.50000E+00	1.34831E+01	2.21761E+04
3.50000E+00	1.37640E+01	2.30201E+04
3.50000E+00	1.40449E+01	2.38429E+04
3.50000E+00	1.43258E+01	2.46561E+04
3.50000E+00	1.46067E+01	2.54493E+04
3.50000E+00	1.48876E+01	2.61804E+04
3.50000E+00	1.51685E+01	2.68129E+04
3.50000E+00	1.54494E+01	2.73519E+04
3.50000E+00	1.57303E+01	2.78334E+04
3.50000E+00	1.60112E+01	2.82884E+04
3.50000E+00	1.62921E+01	2.87110E+04
3.50000E+00	1.65730E+01	2.90835E+04
3.50000E+00	1.68539E+01	2.94191E+04
3.50000E+00	1.71348E+01	2.97427E+04
3.50000E+00	1.74157E+01	3.00487E+04
3.50000E+00	1.76966E+01	3.03075E+04
3.50000E+00	1.79775E+01	3.04945E+04
3.50000E+00	1.82584E+01	3.06093E+04
3.50000E+00	1.85393E+01	3.06679E+04
3.50000E+00	1.88202E+01	3.06858E+04
3.50000E+00	1.91011E+01	3.06832E+04
3.50000E+00	1.93820E+01	3.06798E+04
3.50000E+00	1.96629E+01	3.06818E+04
3.50000E+00	1.99438E+01	3.06842E+04
3.50000E+00	2.02247E+01	3.06844E+04
3.50000E+00	2.05056E+01	3.06838E+04
3.50000E+00	2.07865E+01	3.06809E+04
3.50000E+00	2.10674E+01	3.06705E+04
3.50000E+00	2.13483E+01	3.06479E+04
3.50000E+00	2.16292E+01	3.06114E+04
3.50000E+00	2.19101E+01	3.05606E+04
3.50000E+00	2.21910E+01	3.04976E+04
3.50000E+00	2.24719E+01	3.04280E+04
3.50000E+00	2.27528E+01	3.03568E+04
3.50000E+00	2.30337E+01	3.02846E+04
3.50000E+00	2.33146E+01	3.02102E+04
3.50000E+00	2.35955E+01	3.01336E+04
3.50000E+00	2.38764E+01	3.00557E+04
3.50000E+00	2.41573E+01	2.99775E+04
3.50000E+00	2.44382E+01	2.98994E+04
3.50000E+00	2.47191E+01	2.98220E+04
3.50000E+00	2.50000E+01	2.97452E+04
4.00000E+00	0.00000E+00	1.10835E+01
4.00000E+00	2.80899E-01	1.17871E+01
4.00000E+00	5.61798E-01	1.27348E+01
4.00000E+00	8.42697E-01	1.41090E+01
4.00000E+00	1.12360E+00	1.62149E+01
4.00000E+00	1.40449E+00	1.93621E+01
4.00000E+00	1.68539E+00	2.43002E+01
4.00000E+00	1.96629E+00	3.22029E+01
4.00000E+00	2.24719E+00	4.46744E+01
4.00000E+00	2.52809E+00	6.37516E+01
4.00000E+00	2.80899E+00	9.16154E+01
4.00000E+00	3.08989E+00	1.29936E+02
4.00000E+00	3.37079E+00	1.79482E+02
4.00000E+00	3.65169E+00	2.40588E+02
4.00000E+00	3.93258E+00	3.14050E+02
4.00000E+00	4.21348E+00	4.01642E+02
4.00000E+00	4.49438E+00	5.06165E+02
4.00000E+00	4.77528E+00	6.31286E+02
4.00000E+00	5.05618E+00	7.80990E+02
4.00000E+00	5.33708E+00	9.59417E+02
4.00000E+00	5.61798E+00	1.17093E+03
4.00000E+00	5.89888E+00	1.41908E+03
4.00000E+00	6.17978E+00	1.70440E+03
4.00000E+00	6.46067E+00	2.02456E+03
4.00000E+00	6.74157E+00	2.37827E+03
4.00000E+00	7.02247E+00	2.76789E+03
4.00000E+00	7.30337E+00	3.19675E+03
4.00000E+00	7.58427E+00	3.66551E+03
4.00000E+00	7.86517E+00	4.17327E+03
4.00000E+00	8.14607E+00	4.71974E+03
4.00000E+00	8.42697E+00	5.30591E+03
4.00000E+00	8.70787E+00	5.93416E+03
4.00000E+00	8.98876E+00	6.60872E+03
4.00000E+00	9.26966E+00	7.33909E+03
4.00000E+00	9.55056E+00	8.14071E+03
4.00000E+00	9.83146E+00	9.02754E+03
4.00000E+00	1.01124E+01	1.00001E+04
4.00000E+00	1.03933E+01	1.10389E+04
4.00000E+00	1.06742E+01	1.21108E+04
4.00000E+00	1.09551E+01	1.31839E+04
4.00000E+00	1.12360E+01	1.42447E+04
4.00000E+00	1.15169E+01	1.52978E+04
4.00000E+00	1.17978E+01	1.63489E+04
4.00000E+00	1.20787E+01	1.73943E+04
4.00000E+00	1.23596E+01	1.84229E+04
4.00000E+00	1.26404E+01	1.94229E+04
4.00000E+00	1.29213E+01	2.03862E+04
4.00000E+00	1.32022E+01	2.13081E+04
4.00000E+00	1.34831E+01	2.21891E+04
4.00000E+00	1.37640E+01	2.30360E+04
4.00000E+00	1.40449E+01	2.38593E+04
4.00000E+00	1.43258E+01	2.46649E+04
4.00000E+00	1.46067E+01	2.54414E+04
4.00000E+00	1.48876E+01	2.61578E+04
4.00000E+00	1.51685E+01	2.67886E+04
4.00000E+00	1.54494E+01	2.73366E+04
4.00000E+00	1.57303E+01	2.78268E+04
4.00000E+00	1.60112E+01	2.82813E+04
4.00000E+00	1.62921E+01	2.86999E+04
4.00000E+00	1.65730E+01	2.90752E+04
4.00000E+00	1.68539E+01	2.94158E+04
4.00000E+00	1.71348E+01	2.97360E+04
4.00000E+00	1.74157E+01	3.00309E+04
4.00000E+00	1.76966E+01	3.02798E+04
4.00000E+00	1.79775E+01	3.04644E+04
4.00000E+00	1.82584E+01	3.05834E+04
4.00000E+00	1.85393E+01	3.06486E+04
4.00000E+00	1.88202E+01	3.06749E+04
4.00000E+00	1.91011E+01	3.06803E+04
4.00000E+00	1.93820E+01	3.06806E+04
4.00000E+00	1.96629E+01	3.06824E+04
4.00000E+00	1.99438E+01	3.06841E+04
4.00000E+00	2.02247E+01	3.06841E+04
4.00000E+00	2.05056E+01	3.06824E+04
4.00000E+00	2.07865E+01	3.06774E+04
4.00000E+00	2.10674E+01	3.06648E+04
4.00000E+00	2.13483E+01	3.06411E+04
4.00000E+00	2.16292E+01	3.06043E+04
4.00000E+00	2.19101E+01	3.05543E+04
4.00000E+00	2.21910E+01	3.04932E+04
4.00000E+00	2.24719E+01	3.04255E+04
4.00000E+00	2.27528E+01	3.03550E+04
4.00000E+00	2.30337E+01	3.02827E+04
4.00000E+00	2.33146E+01	3.02084E+04
4.00000E+00	2.35955E+01	3.01322E+04
4.00000E+00	2.38764E+01	3.00547E+04
4.00000E+00	2.41573E+01	2.99767E+04
4.00000E+00	2.44382E+01	2.98988E+04
4.00000E+00	2.47191E+01	2.98213E+04
4.00000E+00	2.50000E+01	2.97441E+04
5.00000E+00	0.00000E+00	1.51750E+01
5.00000E+00	2.80899E-01	1.62620E+01
5.00000E+00	5.61798E-01	1.78572E+01
5.00000E+00	8.42697E-01	2.02084E+01
5.00000E+00	1.12360E+00	2.38571E+01
5.00000E+00	1.40449E+00	2.93501E+01
5.00000E+00	1.68539E+00	3.73815E+01
5.00000E+00	1.96629E+00	4.90434E+01
5.00000E+00	2.24719E+00	6.58102E+01
5.00000E+00	2.52809E+00	8.94131E+01
5.00000E+00	2.80899E+00	1.21593E+02
5.00000E+00	3.08989E+00	1.63804E+02
5.00000E+00	3.37079E+00	2.17125E+02
5.00000E+00	3.65169E+00	2.82530E+02
5.00000E+00	3.93258E+00	3.61340E+02
5.00000E+00	4.21348E+00	4.55540E+02
5.00000E+00	4.49438E+00	5.67842E+02
5.00000E+00	4.77528E+00	7.01543E+02
5.00000E+00	5.05618E+00	8.60249E+02
5.00000E+00	5.33708E+00	1.04762E+03
5.00000E+00	5.61798E+00	1.26707E+03
5.00000E+00	5.89888E+00	1.52104E+03
5.00000E+00	6.17978E+00	1.81035E+03
5.00000E+00	6.46067E+00	2.13462E+03
5.00000E+00	6.74157E+00	2.49390E+03
5.00000E+00	7.02247E+00	2.88957E+03
5.00000E+00	7.30337E+00	3.32340E+03
5.00000E+00	7.58427E+00	3.79634E+03
5.00000E+00	7.86517E+00	4.30868E+03
5.00000E+00	8.14607E+00	4.86105E+03
5.00000E+00	8.42697E+00	5.45511E+03
5.00000E+00	8.70787E+00	6.09394E+03
5.00000E+00	8.98876E+00	6.78269E+03
5.00000E+00	9.26966E+00	7.52928E+03
5.00000E+00	9.55056E+00	8.34308E+03
5.00000E+00	9.83146E+00	9.23011E+03
5.00000E+00	1.01124E+01	1.01870E+04
5.00000E+00	1.03933E+01	1.11987E+04
5.00000E+00	1.06742E+01	1.22424E+04
5.00000E+00	1.09551E+01	1.32966E+04
5.00000E+00	1.12360E+01	1.43491E+04
5.00000E+00	1.15169E+01	1.53965E+04
5.00000E+00	1.17978E+01	1.64380E+04
5.00000E+00	1.20787E+01	1.74693E+04
5.00000E+00	1.23596E+01	1.84826E+04
5.00000E+00	1.26404E+01	1.94694E+04
5.00000E+00	1.29213E+01	2.04229E+04
5.00000E+00	1.32022E+01	2.13397E+04
5.00000E+00	1.34831E+01	2.22198E+04
5.00000E+00	1.37640E+01	2.30669E+04
5.00000E+00	1.40449E+01	2.38853E+04
5.00000E+00	1.43258E+01	2.46746E+04
5.00000E+00	1.46067E+01	2.54250E+04
5.00000E+00	1.48876E+01	2.61196E+04
5.00000E+00	1.51685E+01	2.67451E+04
5.00000E+00	1.54494E+01	2.73022E+04
5.00000E+00	1.57303E+01	2.78031E+04
5.00000E+00	1.60112E+01	2.82596E+04
5.00000E+00	1.62921E+01	2.86762E+04
5.00000E+00	1.65730E+01	2.90540E+04
5.00000E+00	1.68539E+01	2.93971E+04
5.00000E+00	1.71348E+01	2.97100E+04
5.00000E+00	1.74157E+01	2.99890E+04
5.00000E+00	1.76966E+01	3.02232E+04
5.00000E+00	1.79775E+01	3.04035E+04
5.00000E+00	1.82584E+01	3.05288E+04
5.00000E+00	1.85393E+01	3.06063E+04
5.00000E+00	1.88202E+01	3.06480E+04
5.00000E+00	1.91011E+01	3.06673E+04
5.00000E+00	1.93820E+01	3.06758E+04
5.00000E+00	1.96629E+01	3.06801E+04
5.00000E+00	1.99438E+01	3.06819E+04
5.00000E+00	2.02247E+01	3.06812E+04
5.00000E+00	2.05056E+01	3.06773E+04
5.00000E+00	2.07865E+01	3.06685E+04
5.00000E+00	2.10674E+01	3.06524E+04
5.00000E+00	2.13483E+01	3.06264E+04
5.00000E+00	2.16292E+01	3.05892E+04
5.00000E+00	2.19101E+01	3.05407E+04
5.00000E+00	2.21910E+01	3.04828E+04
5.00000E+00	2.24719E+01	3.04181E+04
5.00000E+00	2.27528E+01	3.03493E+04
5.00000E+00	2.30337E+01	3.02777E+04
5.00000E+00	2.33146E+01	3.02040E+04
5.00000E+00	2.35955E+01	3.01284E+04
5.00000E+00	2.38764E+01	3.00517E+04
5.00000E+00	2.41573E+01	2.99742E+04
5.00000E+00	2.44382E+01	2.98966E+04
5.00000E+00	2.47191E+01	2.98189E+04
5.00000E+00	2.50000E+01	2.97410E+04
6.00000E+00	0.00000E+00	2.35453E+01
6.00000E+00	2.80899E-01	2.54736E+01
6.00000E+00	5.61798E-01	2.82699E+01
6.00000E+00	8.42697E-01	3.22697E+01
6.00000E+00	1.12360E+00	3.80437E+01
6.00000E+00	1.40449E+00	4.64604E+01
6.00000E+00	1.68539E+00	5.82703E+01
6.00000E+00	1.96629E+00	7.44243E+01
6.00000E+00	2.24719E+00	9.61558E+01
6.00000E+00	2.52809E+00	1.24915E+02
6.00000E+00	2.80899E+00	1.62210E+02
6.00000E+00	3.08989E+00	2.09468E+02
6.00000E+00	3.37079E+00	2.68011E+02
6.00000E+00	3.65169E+00	3.39219E+02
6.00000E+00	3.93258E+00	4.24757E+02
6.00000E+00	4.21348E+00	5.26745E+02
6.00000E+00	4.49438E+00	6.47796E+02
6.00000E+00	4.77528E+00	7.90908E+02
6.00000E+00	5.05618E+00	9.59265E+02
6.00000E+00	5.33708E+00	1.15600E+03
6.00000E+00	5.61798E+00	1.38389E+03
6.00000E+00	5.89888E+00	1.64496E+03
6.00000E+00	6.17978E+00	1.94034E+03
6.00000E+00	6.46067E+00	2.27055E+03
6.00000E+00	6.74157E+00	2.63624E+03
6.00000E+00	7.02247E+00	3.03853E+03
6.00000E+00	7.30337E+00	3.47869E+03
6.00000E+00	7.58427E+00	3.95784E+03
6.00000E+00	7.86517E+00	4.47693E+03
6.00000E+00	8.14607E+00	5.03726E+03
6.00000E+00	8.42697E+00	5.64094E+03
6.00000E+00	8.70787E+00	6.29122E+03
6.00000E+00	8.98876E+00	6.99267E+03
6.00000E+00	9.26966E+00	7.75088E+03
6.00000E+00	9.55056E+00	8.57093E+03
6.00000E+00	9.83146E+00	9.45443E+03
6.00000E+00	1.01124E+01	1.03966E+04
6.00000E+00	1.03933E+01	1.13854E+04
6.00000E+00	1.06742E+01	1.24049E+04
6.00000E+00	1.09551E+01	1.34392E+04
6.00000E+00	1.12360E+01	1.44772E+04
6.00000E+00	1.15169E+01	1.55126E+04
6.00000E+00	1.17978E+01	1.65410E+04
6.00000E+00	1.20787E+01	1.75573E+04
6.00000E+00	1.23596E+01	1.85553E+04
6.00000E+00	1.26404E+01	1.95282E+04
6.00000E+00	1.29213E+01	2.04707E+04
6.00000E+00	1.32022E+01	2.13797E+04
6.00000E+00	1.34831E+01	2.22545E+04
6.00000E+00	1.37640E+01	2.30958E+04
6.00000E+00	1.40449E+01	2.39045E+04
6.00000E+00	1.43258E+01	2.46778E+04
6.00000E+00	1.46067E+01	2.54085E+04
6.00000E+00	1.48876E+01	2.60868E+04
6.00000E+00	1.51685E+01	2.67056E+04
6.00000E+00	1.54494E+01	2.72647E+04
6.00000E+00	1.57303E+01	2.77701E+04
6.00000E+00	1.60112E+01	2.82289E+04
6.00000E+00	1.62921E+01	2.86457E+04
6.00000E+00	1.65730E+01	2.90234E+04
6.00000E+00	1.68539E+01	2.93648E+04
6.00000E+00	1.71348E+01	2.96709E+04
6.00000E+00	1.74157E+01	2.99393E+04
6.00000E+00	1.76966E+01	3.01644E+04
6.00000E+00	1.79775E+01	3.03419E+04
6.00000E+00	1.82584E+01	3.04719E+04
6.00000E+00	1.85393E+01	3.05598E+04
6.00000E+00	1.88202E+01	3.06143E+04
6.00000E+00	1.91011E+01	3.06457E+04
6.00000E+00	1.93820E+01	3.06628E+04
6.00000E+00	1.96629E+01	3.06716E+04
6.00000E+00	1.99438E+01	3.06750E+04
6.00000E+00	2.02247E+01	3.06740E+04
6.00000E+00	2.05056E+01	3.06684E+04
6.00000E+00	2.07865E+01	3.06570E+04
6.00000E+00	2.10674E+01	3.06383E+04
6.00000E+00	2.13483E+01	3.06105E+04
6.00000E+00	2.16292E+01	3.05730E+04
6.00000E+00	2.19101E+01	3.05258E+04
6.00000E+00	2.21910E+01	3.04701E+04
6.00000E+00	2.24719E+01	3.04079E+04
6.00000E+00	2.27528E+01	3.03410E+04
6.00000E+00	2.30337E+01	3.02707E+04
6.00000E+00	2.33146E+01	3.01980E+04
6.00000E+00	2.35955E+01	3.01233E+04
6.00000E+00	2.38764E+01	3.00472E+04
6.00000E+00	2.41573E+01	2.99703E+04
6.00000E+00	2.44382E+01	2.98928E+04
6.00000E+00	2.47191E+01	2.98149E+04
6.00000E+00	2.50000E+01	2.97364E+04
7.00000E+00	0.00000E+00	3.86773E+01
7.00000E+00	2.80899E-01	4.19305E+01
7.00000E+00	5.61798E-01	4.64789E+01
7.00000E+00	8.42697E-01	5.27357E+01
7.00000E+00	1.12360E+00	6.12890E+01
7.00000E+00	1.40449E+00	7.30790E+01
7.00000E+00	1.68539E+00	8.91487E+01
7.00000E+00	1.96629E+00	1.10368E+02
7.00000E+00	2.24719E+00	1.37771E+02
7.00000E+00	2.52809E+00	1.72559E+02
7.00000E+00	2.80899E+00	2.16065E+02
7.00000E+00	3.08989E+00	2.69695E+02
7.00000E+00	3.37079E+00	3.34924E+02
7.00000E+00	3.65169E+00	4.13368E+02
7.00000E+00	3.93258E+00	5.06890E+02
7.00000E+00	4.21348E+00	6.17676E+02
7.00000E+00	4.49438E+00	7.48233E+02
7.00000E+00	4.77528E+00	9.01306E+02
7.00000E+00	5.05618E+00	1.07972E+03
7.00000E+00	5.33708E+00	1.28620E+03
7.00000E+00	5.61798E+00	1.52313E+03
7.00000E+00	5.89888E+00	1.79239E+03
7.00000E+00	6.17978E+00	2.09531E+03
7.00000E+00	6.46067E+00	2.43286E+03
7.00000E+00	6.74157E+00	2.80601E+03
7.00000E+00	7.02247E+00	3.21586E+03
7.00000E+00	7.30337E+00	3.66362E+03
7.00000E+00	7.58427E+00	4.15053E+03
7.00000E+00	7.86517E+00	4.67790E+03
7.00000E+00	8.14607E+00	5.24735E+03
7.00000E+00	8.42697E+00	5.86107E+03
7.00000E+00	8.70787E+00	6.52197E+03
7.00000E+00	8.98876E+00	7.23351E+03
7.00000E+00	9.26966E+00	7.99917E+03
7.00000E+00	9.55056E+00	8.82117E+03
7.00000E+00	9.83146E+00	9.69873E+03
7.00000E+00	1.01124E+01	1.06267E+04
7.00000E+00	1.03933E+01	1.15955E+04
7.00000E+00	1.06742E+01	1.25928E+04
7.00000E+00	1.09551E+01	1.36066E+04
7.00000E+00	1.12360E+01	1.46267E+04
7.00000E+00	1.15169E+01	1.56459E+04
7.00000E+00	1.17978E+01	1.66582E+04
7.00000E+00	1.20787E+01	1.76582E+04
7.00000E+00	1.23596E+01	1.86400E+04
7.00000E+00	1.26404E+01	1.95980E+04
7.00000E+00	1.29213E+01	2.05278E+04
7.00000E+00	1.32022E+01	2.14262E+04
7.00000E+00	1.34831E+01	2.22916E+04
7.00000E+00	1.37640E+01	2.31231E+04
7.00000E+00	1.40449E+01	2.39194E+04
7.00000E+00	1.43258E+01	2.46774E+04
7.00000E+00	1.46067E+01	2.53919E+04
7.00000E+00	1.48876E+01	2.60567E+04
7.00000E+00	1.51685E+01	2.66678E+04
7.00000E+00	1.54494E+01	2.72249E+04
7.00000E+00	1.57303E+01	2.77309E+04
7.00000E+00	1.60112E+01	2.81902E+04
7.00000E+00	1.62921E+01	2.86066E+04
7.00000E+00	1.65730E+01	2.89830E+04
7.00000E+00	1.68539E+01	2.93211E+04
7.00000E+00	1.71348E+01	2.96216E+04
7.00000E+00	1.74157E+01	2.98829E+04
7.00000E+00	1.76966E+01	3.01026E+04
7.00000E+00	1.79775E+01	3.02790E+04
7.00000E+00	1.82584E+01	3.04132E+04
7.00000E+00	1.85393E+01	3.05096E+04
7.00000E+00	1.88202E+01	3.05747E+04
7.00000E+00	1.91011E+01	3.06164E+04
7.00000E+00	1.93820E+01	3.06417E+04
7.00000E+00	1.96629E+01	3.06558E+04
7.00000E+00	1.99438E+01	3.06620E+04
7.00000E+00	2.02247E+01	3.06617E+04
7.00000E+00	2.05056E+01	3.06553E+04
7.00000E+00	2.07865E+01	3.06424E+04
7.00000E+00	2.10674E+01	3.06220E+04
7.00000E+00	2.13483E+01	3.05932E+04
7.00000E+00	2.16292E+01	3.05556E+04
7.00000E+00	2.19101E+01	3.05094E+04
7.00000E+00	2.21910E+01	3.04556E+04
7.00000E+00	2.24719E+01	3.03954E+04
7.00000E+00	2.27528E+01	3.03304E+04
7.00000E+00	2.30337E+01	3.02616E+04
7.00000E+00	2.33146E+01	3.01900E+04
7.00000E+00	2.35955E+01	3.01163E+04
7.00000E+00	2.38764E+01	3.00411E+04
7.00000E+00	2.41573E+01	2.99647E+04
7.00000E+00	2.44382E+01	2.98874E+04
7.00000E+00	2.47191E+01	2.98094E+04
7.00000E+00	2.50000E+01	2.97305E+04
8.00000E+00	0.00000E+00	6.32000E+01
8.00000E+00	2.80899E-01	6.82807E+01
8.00000E+00	5.61798E-01	7.51305E+01
8.00000E+00	8.42697E-01	8.42279E+01
8.00000E+00	1.12360E+00	9.61895E+01
8.00000E+00	1.40449E+00	1.11885E+02
8.00000E+00	1.68539E+00	1.32593E+02
8.00000E+00	1.96629E+00	1.59338E+02
8.00000E+00	2.24719E+00	1.93042E+02
8.00000E+00	2.52809E+00	2.34740E+02
8.00000E+00	2.80899E+00	2.85603E+02
8.00000E+00	3.08989E+00	3.46963E+02
8.00000E+00	3.37079E+00	4.20323E+02
8.00000E+00	3.65169E+00	5.07389E+02
8.00000E+00	3.93258E+00	6.10102E+02
8.00000E+00	4.21348E+00	7.30645E+02
8.00000E+00	4.49438E+00	8.71419E+02
8.00000E+00	4.77528E+00	1.03496E+03
8.00000E+00	5.05618E+00	1.22383E+03
8.00000E+00	5.33708E+00	1.44046E+03
8.00000E+00	5.61798E+00	1.68702E+03
8.00000E+00	5.89888E+00	1.96533E+03
8.00000E+00	6.17978E+00	2.27683E+03
8.00000E+00	6.46067E+00	2.62275E+03
8.00000E+00	6.74157E+00	3.00425E+03
8.00000E+00	7.02247E+00	3.42250E+03
8.00000E+00	7.30337E+00	3.87874E+03
8.00000E+00	7.58427E+00	4.37430E+03
8.00000E+00	7.86517E+00	4.91059E+03
8.00000E+00	8.14607E+00	5.48929E+03
8.00000E+00	8.42697E+00	6.11238E+03
8.00000E+00	8.70787E+00	6.78215E+03
8.00000E+00	8.98876E+00	7.50091E+03
8.00000E+00	9.26966E+00	8.27048E+03
8.00000E+00	9.55056E+00	9.09123E+03
8.00000E+00	9.83146E+00	9.96114E+03
8.00000E+00	1.01124E+01	1.08751E+04
8.00000E+00	1.03933E+01	1.18252E+04
8.00000E+00	1.06742E+01	1.28016E+04
8.00000E+00	1.09551E+01	1.37944E+04
8.00000E+00	1.12360E+01	1.47947E+04
8.00000E+00	1.15169E+01	1.57951E+04
8.00000E+00	1.17978E+01	1.67891E+04
8.00000E+00	1.20787E+01	1.77710E+04
8.00000E+00	1.23596E+01	1.87355E+04
8.00000E+00	1.26404E+01	1.96773E+04
8.00000E+00	1.29213E+01	2.05925E+04
8.00000E+00	1.32022E+01	2.14777E+04
8.00000E+00	1.34831E+01	2.23306E+04
8.00000E+00	1.37640E+01	2.31494E+04
8.00000E+00	1.40449E+01	2.39319E+04
8.00000E+00	1.43258E+01	2.46750E+04
8.00000E+00	1.46067E+01	2.53749E+04
8.00000E+00	1.48876E+01	2.60275E+04
8.00000E+00	1.51685E+01	2.66303E+04
8.00000E+00	1.54494E+01	2.71827E+04
8.00000E+00	1.57303E+01	2.76865E+04
8.00000E+00	1.60112E+01	2.81445E+04
8.00000E+00	1.62921E+01	2.85594E+04
8.00000E+00	1.65730E+01	2.89334E+04
8.00000E+00	1.68539E+01	2.92682E+04
8.00000E+00	1.71348E+01	2.95641E+04
8.00000E+00	1.74157E+01	2.98208E+04
8.00000E+00	1.76966E+01	3.00375E+04
8.00000E+00	1.79775E+01	3.02141E+04
8.00000E+00	1.82584E+01	3.03522E+04
8.00000E+00	1.85393E+01	3.04557E+04
8.00000E+00	1.88202E+01	3.05297E+04
8.00000E+00	1.91011E+01	3.05803E+04
8.00000E+00	1.93820E+01	3.06131E+04
8.00000E+00	1.96629E+01	3.06328E+04
8.00000E+00	1.99438E+01	3.06423E+04
8.00000E+00	2.02247E+01	3.06437E+04
8.00000E+00	2.05056E+01	3.06376E+04
8.00000E+00	2.07865E+01	3.06241E+04
8.00000E+00	2.10674E+01	3.06030E+04
8.00000E+00	2.13483E+01	3.05738E+04
8.00000E+00	2.16292E+01	3.05365E+04
8.00000E+00	2.19101E+01	3.04913E+04
8.00000E+00	2.21910E+01	3.04390E+04
8.00000E+00	2.24719E+01	3.03807E+04
8.00000E+00	2.27528E+01	3.03174E+04
8.00000E+00	2.30337E+01	3.02502E+04
8.00000E+00	2.33146E+01	3.01800E+04
8.00000E+00	2.35955E+01	3.01074E+04
8.00000E+00	2.38764E+01	3.00330E+04
8.00000E+00	2.41573E+01	2.99571E+04
8.00000E+00	2.44382E+01	2.98802E+04
8.00000E+00	2.47191E+01	2.98022E+04
8.00000E+00	2.50000E+01	2.97231E+04
9.00000E+00	0.00000E+00	9.98515E+01
9.00000E+00	2.80899E-01	1.07276E+02
9.00000E+00	5.61798E-01	1.16978E+02
9.00000E+00	8.42697E-01	1.29490E+02
9.00000E+00	1.12360E+00	1.45457E+02
9.00000E+00	1.40449E+00	1.65714E+02
9.00000E+00	1.68539E+00	1.91450E+02
9.00000E+00	1.96629E+00	2.24113E+02
9.00000E+00	2.24719E+00	2.64633E+02
9.00000E+00	2.52809E+00	3.13968E+02
9.00000E+00	2.80899E+00	3.73173E+02
9.00000E+00	3.08989E+00	4.43467E+02
9.00000E+00	3.37079E+00	5.26277E+02
9.00000E+00	3.65169E+00	6.23268E+02
9.00000E+00	3.93258E+00	7.36342E+02
9.00000E+00	4.21348E+00	8.67618E+02
9.00000E+00	4.49438E+00	1.01937E+03
9.00000E+00	4.77528E+00	1.19398E+03
9.00000E+00	5.05618E+00	1.39378E+03
9.00000E+00	5.33708E+00	1.62103E+03
9.00000E+00	5.61798E+00	1.87777E+03
9.00000E+00	5.89888E+00	2.16578E+03
9.00000E+00	6.17978E+00	2.48660E+03
9.00000E+00	6.46067E+00	2.84159E+03
9.00000E+00	6.74157E+00	3.23202E+03
9.00000E+00	7.02247E+00	3.65914E+03
9.00000E+00	7.30337E+00	4.12422E+03
9.00000E+00	7.58427E+00	4.62859E+03
9.00000E+00	7.86517E+00	5.17363E+03
9.00000E+00	8.14607E+00	5.76085E+03
9.00000E+00	8.42697E+00	6.39188E+03
9.00000E+00	8.70787E+00	7.06830E+03
9.00000E+00	8.98876E+00	7.79145E+03
9.00000E+00	9.26966E+00	8.56189E+03
9.00000E+00	9.55056E+00	9.37885E+03
9.00000E+00	9.83146E+00	1.02397E+04
9.00000E+00	1.01124E+01	1.11395E+04
9.00000E+00	1.03933E+01	1.20714E+04
9.00000E+00	1.06742E+01	1.30274E+04
9.00000E+00	1.09551E+01	1.39991E+04
9.00000E+00	1.12360E+01	1.49784E+04
9.00000E+00	1.15169E+01	1.59582E+04
9.00000E+00	1.17978E+01	1.69322E+04
9.00000E+00	1.20787E+01	1.78947E+04
9.00000E+00	1.23596E+01	1.88404E+04
9.00000E+00	1.26404E+01	1.97646E+04
9.00000E+00	1.29213E+01	2.06632E+04
9.00000E+00	1.32022E+01	2.15330E+04
9.00000E+00	1.34831E+01	2.23713E+04
9.00000E+00	1.37640E+01	2.31755E+04
9.00000E+00	1.40449E+01	2.39432E+04
9.00000E+00	1.43258E+01	2.46716E+04
9.00000E+00	1.46067E+01	2.53575E+04
9.00000E+00	1.48876E+01	2.59983E+04
9.00000E+00	1.51685E+01	2.65920E+04
9.00000E+00	1.54494E+01	2.71382E+04
9.00000E+00	1.57303E+01	2.76379E+04
9.00000E+00	1.60112E+01	2.80928E+04
9.00000E+00	1.62921E+01	2.85049E+04
9.00000E+00	1.65730E+01	2.88761E+04
9.00000E+00	1.68539E+01	2.92075E+04
9.00000E+00	1.71348E+01	2.95000E+04
9.00000E+00	1.74157E+01	2.97537E+04
9.00000E+00	1.76966E+01	2.99689E+04
9.00000E+00	1.79775E+01	3.01465E+04
9.00000E+00	1.82584E+01	3.02884E+04
9.00000E+00	1.85393E+01	3.03980E+04
9.00000E+00	1.88202E+01	3.04795E+04
9.00000E+00	1.91011E+01	3.05378E+04
9.00000E+00	1.93820E+01	3.05776E+04
9.00000E+00	1.96629E+01	3.06027E+04
9.00000E+00	1.99438E+01	3.06161E+04
9.00000E+00	2.02247E+01	3.06198E+04
9.00000E+00	2.05056E+01	3.06149E+04
9.00000E+00	2.07865E+01	3.06019E+04
9.00000E+00	2.10674E+01	3.05809E+04
9.00000E+00	2.13483E+01	3.05519E+04
9.00000E+00	2.16292E+01	3.05152E+04
9.00000E+00	2.19101E+01	3.04711E+04
9.00000E+00	2.21910E+01	3.04204E+04
9.00000E+00	2.24719E+01	3.03637E+04
9.00000E+00	2.27528E+01	3.03021E+04
9.00000E+00	2.30337E+01	3.02365E+04
9.00000E+00	2.33146E+01	3.01677E+04
9.00000E+00	2.35955E+01	3.00962E+04
9.00000E+00	2.38764E+01	3.00227E+04
9.00000E+00	2.41573E+01	2.99475E+04
9.00000E+00	2.44382E+01	2.98710E+04
9.00000E+00	2.47191E+01	2.97932E+04
9.00000E+00	2.50000E+01	2.97142E+04
1.00000E+01	0.00000E+00	1.51411E+02
1.00000E+01	2.80899E-01	1.61704E+02
1.00000E+01	5.61798E-01	1.74807E+02
1.00000E+01	8.42697E-01	1.91301E+02
1.00000E+01	1.12360E+00	2.11856E+02
1.00000E+01	1.40449E+00	2.37295E+02
1.00000E+01	1.68539E+00	2.68689E+02
1.00000E+01	1.96629E+00	3.07574E+02
1.00000E+01	2.24719E+00	3.55315E+02
1.00000E+01	2.52809E+00	4.12820E+02
1.00000E+01	2.80899E+00	4.81087E+02
1.00000E+01	3.08989E+00	5.61231E+02
1.00000E+01	3.37079E+00	6.54553E+02
1.00000E+01	3.65169E+00	7.62585E+02
1.00000E+01	3.93258E+00	8.87095E+02
1.00000E+01	4.21348E+00	1.03006E+03
1.00000E+01	4.49438E+00	1.19361E+03
1.00000E+01	4.77528E+00	1.37995E+03
1.00000E+01	5.05618E+00	1.59127E+03
1.00000E+01	5.33708E+00	1.82967E+03
1.00000E+01	5.61798E+00	2.09712E+03
1.00000E+01	5.89888E+00	2.39537E+03
1.00000E+01	6.17978E+00	2.72600E+03
1.00000E+01	6.46067E+00	3.09046E+03
1.00000E+01	6.74157E+00	3.49006E+03
1.00000E+01	7.02247E+00	3.92611E+03
1.00000E+01	7.30337E+00	4.39987E+03
1.00000E+01	7.58427E+00	4.91258E+03
1.00000E+01	7.86517E+00	5.46552E+03
1.00000E+01	8.14607E+00	6.05993E+03
1.00000E+01	8.42697E+00	6.69700E+03
1.00000E+01	8.70787E+00	7.37769E+03
1.00000E+01	8.98876E+00	8.10251E+03
1.00000E+01	9.26966E+00	8.87117E+03
1.00000E+01	9.55056E+00	9.68218E+03
1.00000E+01	9.83146E+00	1.05326E+04
1.00000E+01	1.01124E+01	1.14177E+04
1.00000E+01	1.03933E+01	1.23316E+04
1.00000E+01	1.06742E+01	1.32673E+04
1.00000E+01	1.09551E+01	1.42174E+04
1.00000E+01	1.12360E+01	1.51749E+04
1.00000E+01	1.15169E+01	1.61331E+04
1.00000E+01	1.17978E+01	1.70858E+04
1.00000E+01	1.20787E+01	1.80275E+04
1.00000E+01	1.23596E+01	1.89532E+04
1.00000E+01	1.26404E+01	1.98584E+04
1.00000E+01	1.29213E+01	2.07390E+04
1.00000E+01	1.32022E+01	2.15917E+04
1.00000E+01	1.34831E+01	2.24135E+04
1.00000E+01	1.37640E+01	2.32018E+04
1.00000E+01	1.40449E+01	2.39540E+04
1.00000E+01	1.43258E+01	2.46674E+04
1.00000E+01	1.46067E+01	2.53396E+04
1.00000E+01	1.48876E+01	2.59684E+04
1.00000E+01	1.51685E+01	2.65525E+04
1.00000E+01	1.54494E+01	2.70913E+04
1.00000E+01	1.57303E+01	2.75854E+04
1.00000E+01	1.60112E+01	2.80360E+04
1.00000E+01	1.62921E+01	2.84445E+04
1.00000E+01	1.65730E+01	2.88124E+04
1.00000E+01	1.68539E+01	2.91407E+04
1.00000E+01	1.71348E+01	2.94304E+04
1.00000E+01	1.74157E+01	2.96822E+04
1.00000E+01	1.76966E+01	2.98969E+04
1.00000E+01	1.79775E+01	3.00760E+04
1.00000E+01	1.82584E+01	3.02215E+04
1.00000E+01	1.85393E+01	3.03364E+04
1.00000E+01	1.88202E+01	3.04244E+04
1.00000E+01	1.91011E+01	3.04895E+04
1.00000E+01	1.93820E+01	3.05355E+04
1.00000E+01	1.96629E+01	3.05659E+04
1.00000E+01	1.99438E+01	3.05835E+04
1.00000E+01	2.02247E+01	3.05901E+04
1.00000E+01	2.05056E+01	3.05870E+04
1.00000E+01	2.07865E+01	3.05752E+04
1.00000E+01	2.10674E+01	3.05551E+04
1.00000E+01	2.13483E+01	3.05271E+04
1.00000E+01	2.16292E+01	3.04914E+04
1.00000E+01	2.19101E+01	3.04486E+04
1.00000E+01	2.21910E+01	3.03993E+04
1.00000E+01	2.24719E+01	3.03443E+04
1.00000E+01	2.27528E+01	3.02844E+04
1.00000E+01	2.30337E+01	3.02204E+04
1.00000E+01	2.33146E+01	3.01529E+04
1.00000E+01	2.35955E+01	3.00827E+04
1.00000E+01	2.38764E+01	3.00102E+04
1.00000E+01	2.41573E+01	2.99358E+04
1.00000E+01	2.44382E+01	2.98597E+04
1.00000E+01	2.47191E+01	2.97823E+04
1.00000E+01	2.50000E+01	2.97035E+04
