1.00000E-04	0.00000E+00	1.04051E+05
1.00000E-04	2.80899E-01	2.29964E+05
1.00000E-04	5.61798E-01	3.05820E+05
1.00000E-04	8.42697E-01	3.51365E+05
1.00000E-04	1.12360E+00	3.98094E+05
1.00000E-04	1.40449E+00	4.40856E+05
1.00000E-04	1.68539E+00	4.86325E+05
1.00000E-04	1.96629E+00	5.37356E+05
1.00000E-04	2.24719E+00	5.89088E+05
1.00000E-04	2.52809E+00	6.51593E+05
1.00000E-04	2.80899E+00	7.11592E+05
1.00000E-04	3.08989E+00	7.83599E+05
1.00000E-04	3.37079E+00	8.51082E+05
1.00000E-04	3.65169E+00	9.28167E+05
1.00000E-04	3.93258E+00	9.98737E+05
1.00000E-04	4.21348E+00	1.07595E+06
1.00000E-04	4.49438E+00	1.14933E+06
1.00000E-04	4.77528E+00	1.22335E+06
1.00000E-04	5.05618E+00	1.29632E+06
1.00000E-04	5.33708E+00	1.37179E+06
1.00000E-04	5.61798E+00	1.44772E+06
1.00000E-04	5.89888E+00	1.52489E+06
1.00000E-04	6.17978E+00	1.60471E+06
1.00000E-04	6.46067E+00	1.68302E+06
1.00000E-04	6.74157E+00	1.76363E+06
1.00000E-04	7.02247E+00	1.84221E+06
1.00000E-04	7.30337E+00	1.92156E+06
1.00000E-04	7.58427E+00	2.00148E+06
1.00000E-04	7.86517E+00	2.08199E+06
1.00000E-04	8.14607E+00	2.16076E+06
1.00000E-04	8.42697E+00	2.23627E+06
1.00000E-04	8.70787E+00	2.31206E+06
1.00000E-04	8.98876E+00	2.38572E+06
1.00000E-04	9.26966E+00	2.45750E+06
1.00000E-04	9.55056E+00	2.52662E+06
1.00000E-04	9.83146E+00	2.59656E+06
1.00000E-04	1.01124E+01	2.66298E+06
1.00000E-04	1.03933E+01	2.72206E+06
1.00000E-04	1.06742E+01	2.78030E+06
1.00000E-04	1.09551E+01	2.83465E+06
1.00000E-04	1.12360E+01	2.88668E+06
1.00000E-04	1.15169E+01	2.93117E+06
1.00000E-04	1.17978E+01	2.97089E+06
1.00000E-04	1.20787E+01	3.00940E+06
1.00000E-04	1.23596E+01	3.04083E+06
1.00000E-04	1.26404E+01	3.06841E+06
1.00000E-04	1.29213E+01	3.09285E+06
1.00000E-04	1.32022E+01	3.11471E+06
1.00000E-04	1.34831E+01	3.13085E+06
1.00000E-04	1.37640E+01	3.14471E+06
1.00000E-04	1.40449E+01	3.15717E+06
1.00000E-04	1.43258E+01	3.16376E+06
1.00000E-04	1.46067E+01	3.16813E+06
1.00000E-04	1.48876E+01	3.16821E+06
1.00000E-04	1.51685E+01	3.16622E+06
1.00000E-04	1.54494E+01	3.16050E+06
1.00000E-04	1.57303E+01	3.15252E+06
1.00000E-04	1.60112E+01	3.14097E+06
1.00000E-04	1.62921E+01	3.12805E+06
1.00000E-04	1.65730E+01	3.11336E+06
1.00000E-04	1.68539E+01	3.09618E+06
1.00000E-04	1.71348E+01	3.07837E+06
1.00000E-04	1.74157E+01	3.05802E+06
1.00000E-04	1.76966E+01	3.03723E+06
1.00000E-04	1.79775E+01	3.01552E+06
1.00000E-04	1.82584E+01	2.99294E+06
1.00000E-04	1.85393E+01	2.96754E+06
1.00000E-04	1.88202E+01	2.94233E+06
1.00000E-04	1.91011E+01	2.91662E+06
1.00000E-04	1.93820E+01	2.88950E+06
1.00000E-04	1.96629E+01	2.86273E+06
1.00000E-04	1.99438E+01	2.83581E+06
1.00000E-04	2.02247E+01	2.80718E+06
1.00000E-04	2.05056E+01	2.77809E+06
1.00000E-04	2.07865E+01	2.74993E+06
1.00000E-04	2.10674E+01	2.72009E+06
1.00000E-04	2.13483E+01	2.69155E+06
1.00000E-04	2.16292E+01	2.66197E+06
1.00000E-04	2.19101E+01	2.63281E+06
1.00000E-04	2.21910E+01	2.60412E+06
1.00000E-04	2.24719E+01	2.57515E+06
1.00000E-04	2.27528E+01	2.54597E+06
1.00000E-04	2.30337E+01	2.51784E+06
1.00000E-04	2.33146E+01	2.48942E+06
1.00000E-04	2.35955E+01	2.46084E+06
1.00000E-04	2.38764E+01	2.43288E+06
1.00000E-04	2.41573E+01	2.40573E+06
1.00000E-04	2.44382E+01	2.37817E+06
1.00000E-04	2.47191E+01	2.35128E+06
1.00000E-04	2.50000E+01	2.32443E+06
5.00000E-04	0.00000E+00	1.15282E+05
5.00000E-04	2.80899E-01	2.29925E+05
5.00000E-04	5.61798E-01	3.05821E+05
5.00000E-04	8.42697E-01	3.51415E+05
5.00000E-04	1.12360E+00	3.98012E+05
5.00000E-04	1.40449E+00	4.40854E+05
5.00000E-04	1.68539E+00	4.86325E+05
5.00000E-04	1.96629E+00	5.37356E+05
5.00000E-04	2.24719E+00	5.89088E+05
5.00000E-04	2.52809E+00	6.51592E+05
5.00000E-04	2.80899E+00	7.11592E+05
5.00000E-04	3.08989E+00	7.83663E+05
5.00000E-04	3.37079E+00	8.51083E+05
5.00000E-04	3.65169E+00	9.28150E+05
5.00000E-04	3.93258E+00	9.98758E+05
5.00000E-04	4.21348E+00	1.07564E+06
5.00000E-04	4.49438E+00	1.14933E+06
5.00000E-04	4.77528E+00	1.22335E+06
5.00000E-04	5.05618E+00	1.29633E+06
5.00000E-04	5.33708E+00	1.37179E+06
5.00000E-04	5.61798E+00	1.44772E+06
5.00000E-04	5.89888E+00	1.52487E+06
5.00000E-04	6.17978E+00	1.60471E+06
5.00000E-04	6.46067E+00	1.68302E+06
5.00000E-04	6.74157E+00	1.76362E+06
5.00000E-04	7.02247E+00	1.84221E+06
5.00000E-04	7.30337E+00	1.92164E+06
5.00000E-04	7.58427E+00	2.00148E+06
5.00000E-04	7.86517E+00	2.08199E+06
5.00000E-04	8.14607E+00	2.16076E+06
5.00000E-04	8.42697E+00	2.23627E+06
5.00000E-04	8.70787E+00	2.31206E+06
5.00000E-04	8.98876E+00	2.38639E+06
5.00000E-04	9.26966E+00	2.45750E+06
5.00000E-04	9.55056E+00	2.52662E+06
5.00000E-04	9.83146E+00	2.59656E+06
5.00000E-04	1.01124E+01	2.66298E+06
5.00000E-04	1.03933E+01	2.72180E+06
5.00000E-04	1.06742E+01	2.78030E+06
5.00000E-04	1.09551E+01	2.83465E+06
5.00000E-04	1.12360E+01	2.88668E+06
5.00000E-04	1.15169E+01	2.93117E+06
5.00000E-04	1.17978E+01	2.97089E+06
5.00000E-04	1.20787E+01	3.00940E+06
5.00000E-04	1.23596E+01	3.04083E+06
5.00000E-04	1.26404E+01	3.06841E+06
5.00000E-04	1.29213E+01	3.09285E+06
5.00000E-04	1.32022E+01	3.11471E+06
5.00000E-04	1.34831E+01	3.13085E+06
5.00000E-04	1.37640E+01	3.14471E+06
5.00000E-04	1.40449E+01	3.15717E+06
5.00000E-04	1.43258E+01	3.16376E+06
5.00000E-04	1.46067E+01	3.16813E+06
5.00000E-04	1.48876E+01	3.16821E+06
5.00000E-04	1.51685E+01	3.16622E+06
5.00000E-04	1.54494E+01	3.16050E+06
5.00000E-04	1.57303E+01	3.15252E+06
5.00000E-04	1.60112E+01	3.14097E+06
5.00000E-04	1.62921E+01	3.12805E+06
5.00000E-04	1.65730E+01	3.11336E+06
5.00000E-04	1.68539E+01	3.09618E+06
5.00000E-04	1.71348E+01	3.07837E+06
5.00000E-04	1.74157E+01	3.05803E+06
5.00000E-04	1.76966E+01	3.03723E+06
5.00000E-04	1.79775E+01	3.01552E+06
5.00000E-04	1.82584E+01	2.99294E+06
5.00000E-04	1.85393E+01	2.96754E+06
5.00000E-04	1.88202E+01	2.94233E+06
5.00000E-04	1.91011E+01	2.91663E+06
5.00000E-04	1.93820E+01	2.88950E+06
5.00000E-04	1.96629E+01	2.86273E+06
5.00000E-04	1.99438E+01	2.83567E+06
5.00000E-04	2.02247E+01	2.80718E+06
5.00000E-04	2.05056E+01	2.77809E+06
5.00000E-04	2.07865E+01	2.74993E+06
5.00000E-04	2.10674E+01	2.72009E+06
5.00000E-04	2.13483E+01	2.69155E+06
5.00000E-04	2.16292E+01	2.66197E+06
5.00000E-04	2.19101E+01	2.63281E+06
5.00000E-04	2.21910E+01	2.60412E+06
5.00000E-04	2.24719E+01	2.57515E+06
5.00000E-04	2.27528E+01	2.54597E+06
5.00000E-04	2.30337E+01	2.51784E+06
5.00000E-04	2.33146E+01	2.48942E+06
5.00000E-04	2.35955E+01	2.46084E+06
5.00000E-04	2.38764E+01	2.43288E+06
5.00000E-04	2.41573E+01	2.40573E+06
5.00000E-04	2.44382E+01	2.37817E+06
5.00000E-04	2.47191E+01	2.35128E+06
5.00000E-04	2.50000E+01	2.32443E+06
1.00000E-03	0.00000E+00	1.18872E+05
1.00000E-03	2.80899E-01	2.29922E+05
1.00000E-03	5.61798E-01	3.05822E+05
1.00000E-03	8.42697E-01	3.51448E+05
1.00000E-03	1.12360E+00	3.97945E+05
1.00000E-03	1.40449E+00	4.40829E+05
1.00000E-03	1.68539E+00	4.86327E+05
1.00000E-03	1.96629E+00	5.37355E+05
1.00000E-03	2.24719E+00	5.89083E+05
1.00000E-03	2.52809E+00	6.51587E+05
1.00000E-03	2.80899E+00	7.11592E+05
1.00000E-03	3.08989E+00	7.83800E+05
1.00000E-03	3.37079E+00	8.51104E+05
1.00000E-03	3.65169E+00	9.28031E+05
1.00000E-03	3.93258E+00	9.98893E+05
1.00000E-03	4.21348E+00	1.07551E+06
1.00000E-03	4.49438E+00	1.14926E+06
1.00000E-03	4.77528E+00	1.22330E+06
1.00000E-03	5.05618E+00	1.29641E+06
1.00000E-03	5.33708E+00	1.37179E+06
1.00000E-03	5.61798E+00	1.44772E+06
1.00000E-03	5.89888E+00	1.52474E+06
1.00000E-03	6.17978E+00	1.60471E+06
1.00000E-03	6.46067E+00	1.68302E+06
1.00000E-03	6.74157E+00	1.76355E+06
1.00000E-03	7.02247E+00	1.84220E+06
1.00000E-03	7.30337E+00	1.92165E+06
1.00000E-03	7.58427E+00	2.00148E+06
1.00000E-03	7.86517E+00	2.08199E+06
1.00000E-03	8.14607E+00	2.16076E+06
1.00000E-03	8.42697E+00	2.23627E+06
1.00000E-03	8.70787E+00	2.31206E+06
1.00000E-03	8.98876E+00	2.38649E+06
1.00000E-03	9.26966E+00	2.45750E+06
1.00000E-03	9.55056E+00	2.52662E+06
1.00000E-03	9.83146E+00	2.59656E+06
1.00000E-03	1.01124E+01	2.66298E+06
1.00000E-03	1.03933E+01	2.72177E+06
1.00000E-03	1.06742E+01	2.78030E+06
1.00000E-03	1.09551E+01	2.83465E+06
1.00000E-03	1.12360E+01	2.88668E+06
1.00000E-03	1.15169E+01	2.93116E+06
1.00000E-03	1.17978E+01	2.97089E+06
1.00000E-03	1.20787E+01	3.00939E+06
1.00000E-03	1.23596E+01	3.04083E+06
1.00000E-03	1.26404E+01	3.06841E+06
1.00000E-03	1.29213E+01	3.09285E+06
1.00000E-03	1.32022E+01	3.11471E+06
1.00000E-03	1.34831E+01	3.13085E+06
1.00000E-03	1.37640E+01	3.14471E+06
1.00000E-03	1.40449E+01	3.15717E+06
1.00000E-03	1.43258E+01	3.16376E+06
1.00000E-03	1.46067E+01	3.16813E+06
1.00000E-03	1.48876E+01	3.16821E+06
1.00000E-03	1.51685E+01	3.16622E+06
1.00000E-03	1.54494E+01	3.16050E+06
1.00000E-03	1.57303E+01	3.15252E+06
1.00000E-03	1.60112E+01	3.14097E+06
1.00000E-03	1.62921E+01	3.12805E+06
1.00000E-03	1.65730E+01	3.11336E+06
1.00000E-03	1.68539E+01	3.09618E+06
1.00000E-03	1.71348E+01	3.07837E+06
1.00000E-03	1.74157E+01	3.05806E+06
1.00000E-03	1.76966E+01	3.03723E+06
1.00000E-03	1.79775E+01	3.01552E+06
1.00000E-03	1.82584E+01	2.99294E+06
1.00000E-03	1.85393E+01	2.96754E+06
1.00000E-03	1.88202E+01	2.94233E+06
1.00000E-03	1.91011E+01	2.91665E+06
1.00000E-03	1.93820E+01	2.88950E+06
1.00000E-03	1.96629E+01	2.86273E+06
1.00000E-03	1.99438E+01	2.83546E+06
1.00000E-03	2.02247E+01	2.80718E+06
1.00000E-03	2.05056E+01	2.77809E+06
1.00000E-03	2.07865E+01	2.74993E+06
1.00000E-03	2.10674E+01	2.72009E+06
1.00000E-03	2.13483E+01	2.69155E+06
1.00000E-03	2.16292E+01	2.66197E+06
1.00000E-03	2.19101E+01	2.63281E+06
1.00000E-03	2.21910E+01	2.60412E+06
1.00000E-03	2.24719E+01	2.57515E+06
1.00000E-03	2.27528E+01	2.54597E+06
1.00000E-03	2.30337E+01	2.51784E+06
1.00000E-03	2.33146E+01	2.48942E+06
1.00000E-03	2.35955E+01	2.46084E+06
1.00000E-03	2.38764E+01	2.43288E+06
1.00000E-03	2.41573E+01	2.40573E+06
1.00000E-03	2.44382E+01	2.37817E+06
1.00000E-03	2.47191E+01	2.35128E+06
1.00000E-03	2.50000E+01	2.32443E+06
5.00000E-03	0.00000E+00	1.23104E+05
5.00000E-03	2.80899E-01	2.29923E+05
5.00000E-03	5.61798E-01	3.05822E+05
5.00000E-03	8.42697E-01	3.51456E+05
5.00000E-03	1.12360E+00	3.97900E+05
5.00000E-03	1.40449E+00	4.40770E+05
5.00000E-03	1.68539E+00	4.86336E+05
5.00000E-03	1.96629E+00	5.37323E+05
5.00000E-03	2.24719E+00	5.89012E+05
5.00000E-03	2.52809E+00	6.51576E+05
5.00000E-03	2.80899E+00	7.11580E+05
5.00000E-03	3.08989E+00	7.83994E+05
5.00000E-03	3.37079E+00	8.51162E+05
5.00000E-03	3.65169E+00	9.27670E+05
5.00000E-03	3.93258E+00	9.99305E+05
5.00000E-03	4.21348E+00	1.07541E+06
5.00000E-03	4.49438E+00	1.14868E+06
5.00000E-03	4.77528E+00	1.22288E+06
5.00000E-03	5.05618E+00	1.29684E+06
5.00000E-03	5.33708E+00	1.37158E+06
5.00000E-03	5.61798E+00	1.44792E+06
5.00000E-03	5.89888E+00	1.52421E+06
5.00000E-03	6.17978E+00	1.60439E+06
5.00000E-03	6.46067E+00	1.68305E+06
5.00000E-03	6.74157E+00	1.76279E+06
5.00000E-03	7.02247E+00	1.84177E+06
5.00000E-03	7.30337E+00	1.92165E+06
5.00000E-03	7.58427E+00	2.00142E+06
5.00000E-03	7.86517E+00	2.08217E+06
5.00000E-03	8.14607E+00	2.16027E+06
5.00000E-03	8.42697E+00	2.23622E+06
5.00000E-03	8.70787E+00	2.31207E+06
5.00000E-03	8.98876E+00	2.38658E+06
5.00000E-03	9.26966E+00	2.45722E+06
5.00000E-03	9.55056E+00	2.52661E+06
5.00000E-03	9.83146E+00	2.59642E+06
5.00000E-03	1.01124E+01	2.66287E+06
5.00000E-03	1.03933E+01	2.72174E+06
5.00000E-03	1.06742E+01	2.78029E+06
5.00000E-03	1.09551E+01	2.83466E+06
5.00000E-03	1.12360E+01	2.88601E+06
5.00000E-03	1.15169E+01	2.93079E+06
5.00000E-03	1.17978E+01	2.97091E+06
5.00000E-03	1.20787E+01	3.00869E+06
5.00000E-03	1.23596E+01	3.04080E+06
5.00000E-03	1.26404E+01	3.06844E+06
5.00000E-03	1.29213E+01	3.09348E+06
5.00000E-03	1.32022E+01	3.11470E+06
5.00000E-03	1.34831E+01	3.13114E+06
5.00000E-03	1.37640E+01	3.14519E+06
5.00000E-03	1.40449E+01	3.15716E+06
5.00000E-03	1.43258E+01	3.16377E+06
5.00000E-03	1.46067E+01	3.16813E+06
5.00000E-03	1.48876E+01	3.16827E+06
5.00000E-03	1.51685E+01	3.16623E+06
5.00000E-03	1.54494E+01	3.16050E+06
5.00000E-03	1.57303E+01	3.15251E+06
5.00000E-03	1.60112E+01	3.14098E+06
5.00000E-03	1.62921E+01	3.12811E+06
5.00000E-03	1.65730E+01	3.11330E+06
5.00000E-03	1.68539E+01	3.09618E+06
5.00000E-03	1.71348E+01	3.07836E+06
5.00000E-03	1.74157E+01	3.05837E+06
5.00000E-03	1.76966E+01	3.03731E+06
5.00000E-03	1.79775E+01	3.01552E+06
5.00000E-03	1.82584E+01	2.99291E+06
5.00000E-03	1.85393E+01	2.96754E+06
5.00000E-03	1.88202E+01	2.94235E+06
5.00000E-03	1.91011E+01	2.91670E+06
5.00000E-03	1.93820E+01	2.88951E+06
5.00000E-03	1.96629E+01	2.86273E+06
5.00000E-03	1.99438E+01	2.83518E+06
5.00000E-03	2.02247E+01	2.80718E+06
5.00000E-03	2.05056E+01	2.77811E+06
5.00000E-03	2.07865E+01	2.74988E+06
5.00000E-03	2.10674E+01	2.72009E+06
5.00000E-03	2.13483E+01	2.69155E+06
5.00000E-03	2.16292E+01	2.66197E+06
5.00000E-03	2.19101E+01	2.63281E+06
5.00000E-03	2.21910E+01	2.60412E+06
5.00000E-03	2.24719E+01	2.57515E+06
5.00000E-03	2.27528E+01	2.54597E+06
5.00000E-03	2.30337E+01	2.51783E+06
5.00000E-03	2.33146E+01	2.48939E+06
5.00000E-03	2.35955E+01	2.46084E+06
5.00000E-03	2.38764E+01	2.43289E+06
5.00000E-03	2.41573E+01	2.40567E+06
5.00000E-03	2.44382E+01	2.37817E+06
5.00000E-03	2.47191E+01	2.35128E+06
5.00000E-03	2.50000E+01	2.32443E+06
1.00000E-02	0.00000E+00	1.25216E+05
1.00000E-02	2.80899E-01	2.29927E+05
1.00000E-02	5.61798E-01	3.05823E+05
1.00000E-02	8.42697E-01	3.51461E+05
1.00000E-02	1.12360E+00	3.97900E+05
1.00000E-02	1.40449E+00	4.40770E+05
1.00000E-02	1.68539E+00	4.86336E+05
1.00000E-02	1.96629E+00	5.37322E+05
1.00000E-02	2.24719E+00	5.89011E+05
1.00000E-02	2.52809E+00	6.51576E+05
1.00000E-02	2.80899E+00	7.11582E+05
1.00000E-02	3.08989E+00	7.84000E+05
1.00000E-02	3.37079E+00	8.51162E+05
1.00000E-02	3.65169E+00	9.27647E+05
1.00000E-02	3.93258E+00	9.99342E+05
1.00000E-02	4.21348E+00	1.07541E+06
1.00000E-02	4.49438E+00	1.14857E+06
1.00000E-02	4.77528E+00	1.22282E+06
1.00000E-02	5.05618E+00	1.29687E+06
1.00000E-02	5.33708E+00	1.37151E+06
1.00000E-02	5.61798E+00	1.44801E+06
1.00000E-02	5.89888E+00	1.52415E+06
1.00000E-02	6.17978E+00	1.60419E+06
1.00000E-02	6.46067E+00	1.68308E+06
1.00000E-02	6.74157E+00	1.76261E+06
1.00000E-02	7.02247E+00	1.84164E+06
1.00000E-02	7.30337E+00	1.92163E+06
1.00000E-02	7.58427E+00	2.00142E+06
1.00000E-02	7.86517E+00	2.08225E+06
1.00000E-02	8.14607E+00	2.15980E+06
1.00000E-02	8.42697E+00	2.23601E+06
1.00000E-02	8.70787E+00	2.31215E+06
1.00000E-02	8.98876E+00	2.38660E+06
1.00000E-02	9.26966E+00	2.45693E+06
1.00000E-02	9.55056E+00	2.52658E+06
1.00000E-02	9.83146E+00	2.59607E+06
1.00000E-02	1.01124E+01	2.66254E+06
1.00000E-02	1.03933E+01	2.72175E+06
1.00000E-02	1.06742E+01	2.78013E+06
1.00000E-02	1.09551E+01	2.83489E+06
1.00000E-02	1.12360E+01	2.88546E+06
1.00000E-02	1.15169E+01	2.93036E+06
1.00000E-02	1.17978E+01	2.97088E+06
1.00000E-02	1.20787E+01	3.00832E+06
1.00000E-02	1.23596E+01	3.04055E+06
1.00000E-02	1.26404E+01	3.06867E+06
1.00000E-02	1.29213E+01	3.09381E+06
1.00000E-02	1.32022E+01	3.11472E+06
1.00000E-02	1.34831E+01	3.13146E+06
1.00000E-02	1.37640E+01	3.14557E+06
1.00000E-02	1.40449E+01	3.15701E+06
1.00000E-02	1.43258E+01	3.16386E+06
1.00000E-02	1.46067E+01	3.16813E+06
1.00000E-02	1.48876E+01	3.16843E+06
1.00000E-02	1.51685E+01	3.16625E+06
1.00000E-02	1.54494E+01	3.16049E+06
1.00000E-02	1.57303E+01	3.15237E+06
1.00000E-02	1.60112E+01	3.14109E+06
1.00000E-02	1.62921E+01	3.12822E+06
1.00000E-02	1.65730E+01	3.11311E+06
1.00000E-02	1.68539E+01	3.09619E+06
1.00000E-02	1.71348E+01	3.07836E+06
1.00000E-02	1.74157E+01	3.05845E+06
1.00000E-02	1.76966E+01	3.03740E+06
1.00000E-02	1.79775E+01	3.01552E+06
1.00000E-02	1.82584E+01	2.99270E+06
1.00000E-02	1.85393E+01	2.96755E+06
1.00000E-02	1.88202E+01	2.94244E+06
1.00000E-02	1.91011E+01	2.91670E+06
1.00000E-02	1.93820E+01	2.88956E+06
1.00000E-02	1.96629E+01	2.86273E+06
1.00000E-02	1.99438E+01	2.83514E+06
1.00000E-02	2.02247E+01	2.80714E+06
1.00000E-02	2.05056E+01	2.77817E+06
1.00000E-02	2.07865E+01	2.74970E+06
1.00000E-02	2.10674E+01	2.72012E+06
1.00000E-02	2.13483E+01	2.69154E+06
1.00000E-02	2.16292E+01	2.66200E+06
1.00000E-02	2.19101E+01	2.63281E+06
1.00000E-02	2.21910E+01	2.60412E+06
1.00000E-02	2.24719E+01	2.57514E+06
1.00000E-02	2.27528E+01	2.54598E+06
1.00000E-02	2.30337E+01	2.51776E+06
1.00000E-02	2.33146E+01	2.48933E+06
1.00000E-02	2.35955E+01	2.46085E+06
1.00000E-02	2.38764E+01	2.43294E+06
1.00000E-02	2.41573E+01	2.40558E+06
1.00000E-02	2.44382E+01	2.37817E+06
1.00000E-02	2.47191E+01	2.35127E+06
1.00000E-02	2.50000E+01	2.32443E+06
5.00000E-02	0.00000E+00	1.29341E+05
5.00000E-02	2.80899E-01	2.30031E+05
5.00000E-02	5.61798E-01	3.05852E+05
5.00000E-02	8.42697E-01	3.51533E+05
5.00000E-02	1.12360E+00	3.97908E+05
5.00000E-02	1.40449E+00	4.40778E+05
5.00000E-02	1.68539E+00	4.86344E+05
5.00000E-02	1.96629E+00	5.37329E+05
5.00000E-02	2.24719E+00	5.89019E+05
5.00000E-02	2.52809E+00	6.51582E+05
5.00000E-02	2.80899E+00	7.11634E+05
5.00000E-02	3.08989E+00	7.84012E+05
5.00000E-02	3.37079E+00	8.51168E+05
5.00000E-02	3.65169E+00	9.27650E+05
5.00000E-02	3.93258E+00	9.99368E+05
5.00000E-02	4.21348E+00	1.07541E+06
5.00000E-02	4.49438E+00	1.14856E+06
5.00000E-02	4.77528E+00	1.22282E+06
5.00000E-02	5.05618E+00	1.29688E+06
5.00000E-02	5.33708E+00	1.37151E+06
5.00000E-02	5.61798E+00	1.44802E+06
5.00000E-02	5.89888E+00	1.52416E+06
5.00000E-02	6.17978E+00	1.60417E+06
5.00000E-02	6.46067E+00	1.68308E+06
5.00000E-02	6.74157E+00	1.76258E+06
5.00000E-02	7.02247E+00	1.84164E+06
5.00000E-02	7.30337E+00	1.92164E+06
5.00000E-02	7.58427E+00	2.00142E+06
5.00000E-02	7.86517E+00	2.08226E+06
5.00000E-02	8.14607E+00	2.15961E+06
5.00000E-02	8.42697E+00	2.23592E+06
5.00000E-02	8.70787E+00	2.31223E+06
5.00000E-02	8.98876E+00	2.38662E+06
5.00000E-02	9.26966E+00	2.45687E+06
5.00000E-02	9.55056E+00	2.52656E+06
5.00000E-02	9.83146E+00	2.59590E+06
5.00000E-02	1.01124E+01	2.66235E+06
5.00000E-02	1.03933E+01	2.72178E+06
5.00000E-02	1.06742E+01	2.77980E+06
5.00000E-02	1.09551E+01	2.83541E+06
5.00000E-02	1.12360E+01	2.88508E+06
5.00000E-02	1.15169E+01	2.93011E+06
5.00000E-02	1.17978E+01	2.97088E+06
5.00000E-02	1.20787E+01	3.00815E+06
5.00000E-02	1.23596E+01	3.04007E+06
5.00000E-02	1.26404E+01	3.06913E+06
5.00000E-02	1.29213E+01	3.09396E+06
5.00000E-02	1.32022E+01	3.11473E+06
5.00000E-02	1.34831E+01	3.13166E+06
5.00000E-02	1.37640E+01	3.14584E+06
5.00000E-02	1.40449E+01	3.15668E+06
5.00000E-02	1.43258E+01	3.16405E+06
5.00000E-02	1.46067E+01	3.16790E+06
5.00000E-02	1.48876E+01	3.16853E+06
5.00000E-02	1.51685E+01	3.16631E+06
5.00000E-02	1.54494E+01	3.16034E+06
5.00000E-02	1.57303E+01	3.15215E+06
5.00000E-02	1.60112E+01	3.14130E+06
5.00000E-02	1.62921E+01	3.12825E+06
5.00000E-02	1.65730E+01	3.11292E+06
5.00000E-02	1.68539E+01	3.09622E+06
5.00000E-02	1.71348E+01	3.07804E+06
5.00000E-02	1.74157E+01	3.05847E+06
5.00000E-02	1.76966E+01	3.03742E+06
5.00000E-02	1.79775E+01	3.01548E+06
5.00000E-02	1.82584E+01	2.99215E+06
5.00000E-02	1.85393E+01	2.96761E+06
5.00000E-02	1.88202E+01	2.94254E+06
5.00000E-02	1.91011E+01	2.91670E+06
5.00000E-02	1.93820E+01	2.89003E+06
5.00000E-02	1.96629E+01	2.86267E+06
5.00000E-02	1.99438E+01	2.83510E+06
5.00000E-02	2.02247E+01	2.80696E+06
5.00000E-02	2.05056E+01	2.77821E+06
5.00000E-02	2.07865E+01	2.74937E+06
5.00000E-02	2.10674E+01	2.72043E+06
5.00000E-02	2.13483E+01	2.69141E+06
5.00000E-02	2.16292E+01	2.66217E+06
5.00000E-02	2.19101E+01	2.63300E+06
5.00000E-02	2.21910E+01	2.60401E+06
5.00000E-02	2.24719E+01	2.57506E+06
5.00000E-02	2.27528E+01	2.54615E+06
5.00000E-02	2.30337E+01	2.51760E+06
5.00000E-02	2.33146E+01	2.48926E+06
5.00000E-02	2.35955E+01	2.46100E+06
5.00000E-02	2.38764E+01	2.43305E+06
5.00000E-02	2.41573E+01	2.40547E+06
5.00000E-02	2.44382E+01	2.37819E+06
5.00000E-02	2.47191E+01	2.35114E+06
5.00000E-02	2.50000E+01	2.32443E+06
1.00000E-01	0.00000E+00	1.33922E+05
1.00000E-01	2.80899E-01	2.30332E+05
1.00000E-01	5.61798E-01	3.05930E+05
1.00000E-01	8.42697E-01	3.51656E+05
1.00000E-01	1.12360E+00	3.97936E+05
1.00000E-01	1.40449E+00	4.40802E+05
1.00000E-01	1.68539E+00	4.86369E+05
1.00000E-01	1.96629E+00	5.37350E+05
1.00000E-01	2.24719E+00	5.89045E+05
1.00000E-01	2.52809E+00	6.51601E+05
1.00000E-01	2.80899E+00	7.11771E+05
1.00000E-01	3.08989E+00	7.84040E+05
1.00000E-01	3.37079E+00	8.51197E+05
1.00000E-01	3.65169E+00	9.27660E+05
1.00000E-01	3.93258E+00	9.99430E+05
1.00000E-01	4.21348E+00	1.07542E+06
1.00000E-01	4.49438E+00	1.14857E+06
1.00000E-01	4.77528E+00	1.22283E+06
1.00000E-01	5.05618E+00	1.29689E+06
1.00000E-01	5.33708E+00	1.37152E+06
1.00000E-01	5.61798E+00	1.44803E+06
1.00000E-01	5.89888E+00	1.52419E+06
1.00000E-01	6.17978E+00	1.60419E+06
1.00000E-01	6.46067E+00	1.68310E+06
1.00000E-01	6.74157E+00	1.76258E+06
1.00000E-01	7.02247E+00	1.84166E+06
1.00000E-01	7.30337E+00	1.92165E+06
1.00000E-01	7.58427E+00	2.00143E+06
1.00000E-01	7.86517E+00	2.08227E+06
1.00000E-01	8.14607E+00	2.15962E+06
1.00000E-01	8.42697E+00	2.23593E+06
1.00000E-01	8.70787E+00	2.31224E+06
1.00000E-01	8.98876E+00	2.38661E+06
1.00000E-01	9.26966E+00	2.45687E+06
1.00000E-01	9.55056E+00	2.52657E+06
1.00000E-01	9.83146E+00	2.59591E+06
1.00000E-01	1.01124E+01	2.66235E+06
1.00000E-01	1.03933E+01	2.72179E+06
1.00000E-01	1.06742E+01	2.77981E+06
1.00000E-01	1.09551E+01	2.83541E+06
1.00000E-01	1.12360E+01	2.88509E+06
1.00000E-01	1.15169E+01	2.93011E+06
1.00000E-01	1.17978E+01	2.97088E+06
1.00000E-01	1.20787E+01	3.00814E+06
1.00000E-01	1.23596E+01	3.04008E+06
1.00000E-01	1.26404E+01	3.06913E+06
1.00000E-01	1.29213E+01	3.09396E+06
1.00000E-01	1.32022E+01	3.11473E+06
1.00000E-01	1.34831E+01	3.13166E+06
1.00000E-01	1.37640E+01	3.14584E+06
1.00000E-01	1.40449E+01	3.15668E+06
1.00000E-01	1.43258E+01	3.16405E+06
1.00000E-01	1.46067E+01	3.16788E+06
1.00000E-01	1.48876E+01	3.16852E+06
1.00000E-01	1.51685E+01	3.16630E+06
1.00000E-01	1.54494E+01	3.16033E+06
1.00000E-01	1.57303E+01	3.15214E+06
1.00000E-01	1.60112E+01	3.14130E+06
1.00000E-01	1.62921E+01	3.12824E+06
1.00000E-01	1.65730E+01	3.11292E+06
1.00000E-01	1.68539E+01	3.09622E+06
1.00000E-01	1.71348E+01	3.07802E+06
1.00000E-01	1.74157E+01	3.05847E+06
1.00000E-01	1.76966E+01	3.03742E+06
1.00000E-01	1.79775E+01	3.01547E+06
1.00000E-01	1.82584E+01	2.99213E+06
1.00000E-01	1.85393E+01	2.96760E+06
1.00000E-01	1.88202E+01	2.94253E+06
1.00000E-01	1.91011E+01	2.91670E+06
1.00000E-01	1.93820E+01	2.89005E+06
1.00000E-01	1.96629E+01	2.86267E+06
1.00000E-01	1.99438E+01	2.83510E+06
1.00000E-01	2.02247E+01	2.80696E+06
1.00000E-01	2.05056E+01	2.77821E+06
1.00000E-01	2.07865E+01	2.74936E+06
1.00000E-01	2.10674E+01	2.72044E+06
1.00000E-01	2.13483E+01	2.69140E+06
1.00000E-01	2.16292E+01	2.66217E+06
1.00000E-01	2.19101E+01	2.63301E+06
1.00000E-01	2.21910E+01	2.60400E+06
1.00000E-01	2.24719E+01	2.57505E+06
1.00000E-01	2.27528E+01	2.54615E+06
1.00000E-01	2.30337E+01	2.51760E+06
1.00000E-01	2.33146E+01	2.48926E+06
1.00000E-01	2.35955E+01	2.46101E+06
1.00000E-01	2.38764E+01	2.43305E+06
1.00000E-01	2.41573E+01	2.40547E+06
1.00000E-01	2.44382E+01	2.37819E+06
1.00000E-01	2.47191E+01	2.35113E+06
1.00000E-01	2.50000E+01	2.32443E+06
2.00000E-01	0.00000E+00	1.44218E+05
2.00000E-01	2.80899E-01	2.31493E+05
2.00000E-01	5.61798E-01	3.06192E+05
2.00000E-01	8.42697E-01	3.51983E+05
2.00000E-01	1.12360E+00	3.98045E+05
2.00000E-01	1.40449E+00	4.40918E+05
2.00000E-01	1.68539E+00	4.86467E+05
2.00000E-01	1.96629E+00	5.37437E+05
2.00000E-01	2.24719E+00	5.89199E+05
2.00000E-01	2.52809E+00	6.51676E+05
2.00000E-01	2.80899E+00	7.12159E+05
2.00000E-01	3.08989E+00	7.84116E+05
2.00000E-01	3.37079E+00	8.51406E+05
2.00000E-01	3.65169E+00	9.27700E+05
2.00000E-01	3.93258E+00	9.99599E+05
2.00000E-01	4.21348E+00	1.07546E+06
2.00000E-01	4.49438E+00	1.14860E+06
2.00000E-01	4.77528E+00	1.22287E+06
2.00000E-01	5.05618E+00	1.29693E+06
2.00000E-01	5.33708E+00	1.37158E+06
2.00000E-01	5.61798E+00	1.44807E+06
2.00000E-01	5.89888E+00	1.52431E+06
2.00000E-01	6.17978E+00	1.60425E+06
2.00000E-01	6.46067E+00	1.68318E+06
2.00000E-01	6.74157E+00	1.76263E+06
2.00000E-01	7.02247E+00	1.84173E+06
2.00000E-01	7.30337E+00	1.92168E+06
2.00000E-01	7.58427E+00	2.00148E+06
2.00000E-01	7.86517E+00	2.08230E+06
2.00000E-01	8.14607E+00	2.15965E+06
2.00000E-01	8.42697E+00	2.23598E+06
2.00000E-01	8.70787E+00	2.31227E+06
2.00000E-01	8.98876E+00	2.38659E+06
2.00000E-01	9.26966E+00	2.45690E+06
2.00000E-01	9.55056E+00	2.52662E+06
2.00000E-01	9.83146E+00	2.59593E+06
2.00000E-01	1.01124E+01	2.66232E+06
2.00000E-01	1.03933E+01	2.72181E+06
2.00000E-01	1.06742E+01	2.77981E+06
2.00000E-01	1.09551E+01	2.83542E+06
2.00000E-01	1.12360E+01	2.88511E+06
2.00000E-01	1.15169E+01	2.93011E+06
2.00000E-01	1.17978E+01	2.97088E+06
2.00000E-01	1.20787E+01	3.00812E+06
2.00000E-01	1.23596E+01	3.04008E+06
2.00000E-01	1.26404E+01	3.06912E+06
2.00000E-01	1.29213E+01	3.09396E+06
2.00000E-01	1.32022E+01	3.11472E+06
2.00000E-01	1.34831E+01	3.13166E+06
2.00000E-01	1.37640E+01	3.14583E+06
2.00000E-01	1.40449E+01	3.15668E+06
2.00000E-01	1.43258E+01	3.16405E+06
2.00000E-01	1.46067E+01	3.16787E+06
2.00000E-01	1.48876E+01	3.16851E+06
2.00000E-01	1.51685E+01	3.16628E+06
2.00000E-01	1.54494E+01	3.16033E+06
2.00000E-01	1.57303E+01	3.15213E+06
2.00000E-01	1.60112E+01	3.14129E+06
2.00000E-01	1.62921E+01	3.12823E+06
2.00000E-01	1.65730E+01	3.11291E+06
2.00000E-01	1.68539E+01	3.09621E+06
2.00000E-01	1.71348E+01	3.07801E+06
2.00000E-01	1.74157E+01	3.05846E+06
2.00000E-01	1.76966E+01	3.03741E+06
2.00000E-01	1.79775E+01	3.01546E+06
2.00000E-01	1.82584E+01	2.99212E+06
2.00000E-01	1.85393E+01	2.96760E+06
2.00000E-01	1.88202E+01	2.94253E+06
2.00000E-01	1.91011E+01	2.91669E+06
2.00000E-01	1.93820E+01	2.89004E+06
2.00000E-01	1.96629E+01	2.86266E+06
2.00000E-01	1.99438E+01	2.83509E+06
2.00000E-01	2.02247E+01	2.80695E+06
2.00000E-01	2.05056E+01	2.77820E+06
2.00000E-01	2.07865E+01	2.74935E+06
2.00000E-01	2.10674E+01	2.72044E+06
2.00000E-01	2.13483E+01	2.69140E+06
2.00000E-01	2.16292E+01	2.66217E+06
2.00000E-01	2.19101E+01	2.63301E+06
2.00000E-01	2.21910E+01	2.60400E+06
2.00000E-01	2.24719E+01	2.57505E+06
2.00000E-01	2.27528E+01	2.54615E+06
2.00000E-01	2.30337E+01	2.51759E+06
2.00000E-01	2.33146E+01	2.48925E+06
2.00000E-01	2.35955E+01	2.46101E+06
2.00000E-01	2.38764E+01	2.43304E+06
2.00000E-01	2.41573E+01	2.40546E+06
2.00000E-01	2.44382E+01	2.37819E+06
2.00000E-01	2.47191E+01	2.35113E+06
2.00000E-01	2.50000E+01	2.32443E+06
2.50000E-01	0.00000E+00	1.49322E+05
2.50000E-01	2.80899E-01	2.32257E+05
2.50000E-01	5.61798E-01	3.06359E+05
2.50000E-01	8.42697E-01	3.52193E+05
2.50000E-01	1.12360E+00	3.98125E+05
2.50000E-01	1.40449E+00	4.41013E+05
2.50000E-01	1.68539E+00	4.86547E+05
2.50000E-01	1.96629E+00	5.37504E+05
2.50000E-01	2.24719E+00	5.89337E+05
2.50000E-01	2.52809E+00	6.51732E+05
2.50000E-01	2.80899E+00	7.12387E+05
2.50000E-01	3.08989E+00	7.84164E+05
2.50000E-01	3.37079E+00	8.51579E+05
2.50000E-01	3.65169E+00	9.27732E+05
2.50000E-01	3.93258E+00	9.99704E+05
2.50000E-01	4.21348E+00	1.07549E+06
2.50000E-01	4.49438E+00	1.14864E+06
2.50000E-01	4.77528E+00	1.22290E+06
2.50000E-01	5.05618E+00	1.29697E+06
2.50000E-01	5.33708E+00	1.37162E+06
2.50000E-01	5.61798E+00	1.44810E+06
2.50000E-01	5.89888E+00	1.52439E+06
2.50000E-01	6.17978E+00	1.60430E+06
2.50000E-01	6.46067E+00	1.68324E+06
2.50000E-01	6.74157E+00	1.76266E+06
2.50000E-01	7.02247E+00	1.84178E+06
2.50000E-01	7.30337E+00	1.92172E+06
2.50000E-01	7.58427E+00	2.00152E+06
2.50000E-01	7.86517E+00	2.08233E+06
2.50000E-01	8.14607E+00	2.15968E+06
2.50000E-01	8.42697E+00	2.23601E+06
2.50000E-01	8.70787E+00	2.31229E+06
2.50000E-01	8.98876E+00	2.38658E+06
2.50000E-01	9.26966E+00	2.45693E+06
2.50000E-01	9.55056E+00	2.52665E+06
2.50000E-01	9.83146E+00	2.59594E+06
2.50000E-01	1.01124E+01	2.66230E+06
2.50000E-01	1.03933E+01	2.72183E+06
2.50000E-01	1.06742E+01	2.77982E+06
2.50000E-01	1.09551E+01	2.83542E+06
2.50000E-01	1.12360E+01	2.88512E+06
2.50000E-01	1.15169E+01	2.93011E+06
2.50000E-01	1.17978E+01	2.97088E+06
2.50000E-01	1.20787E+01	3.00810E+06
2.50000E-01	1.23596E+01	3.04008E+06
2.50000E-01	1.26404E+01	3.06911E+06
2.50000E-01	1.29213E+01	3.09396E+06
2.50000E-01	1.32022E+01	3.11472E+06
2.50000E-01	1.34831E+01	3.13165E+06
2.50000E-01	1.37640E+01	3.14583E+06
2.50000E-01	1.40449E+01	3.15667E+06
2.50000E-01	1.43258E+01	3.16404E+06
2.50000E-01	1.46067E+01	3.16786E+06
2.50000E-01	1.48876E+01	3.16850E+06
2.50000E-01	1.51685E+01	3.16626E+06
2.50000E-01	1.54494E+01	3.16032E+06
2.50000E-01	1.57303E+01	3.15212E+06
2.50000E-01	1.60112E+01	3.14128E+06
2.50000E-01	1.62921E+01	3.12822E+06
2.50000E-01	1.65730E+01	3.11291E+06
2.50000E-01	1.68539E+01	3.09620E+06
2.50000E-01	1.71348E+01	3.07801E+06
2.50000E-01	1.74157E+01	3.05846E+06
2.50000E-01	1.76966E+01	3.03741E+06
2.50000E-01	1.79775E+01	3.01545E+06
2.50000E-01	1.82584E+01	2.99211E+06
2.50000E-01	1.85393E+01	2.96759E+06
2.50000E-01	1.88202E+01	2.94252E+06
2.50000E-01	1.91011E+01	2.91668E+06
2.50000E-01	1.93820E+01	2.89003E+06
2.50000E-01	1.96629E+01	2.86266E+06
2.50000E-01	1.99438E+01	2.83509E+06
2.50000E-01	2.02247E+01	2.80695E+06
2.50000E-01	2.05056E+01	2.77820E+06
2.50000E-01	2.07865E+01	2.74935E+06
2.50000E-01	2.10674E+01	2.72043E+06
2.50000E-01	2.13483E+01	2.69139E+06
2.50000E-01	2.16292E+01	2.66216E+06
2.50000E-01	2.19101E+01	2.63301E+06
2.50000E-01	2.21910E+01	2.60400E+06
2.50000E-01	2.24719E+01	2.57505E+06
2.50000E-01	2.27528E+01	2.54615E+06
2.50000E-01	2.30337E+01	2.51759E+06
2.50000E-01	2.33146E+01	2.48925E+06
2.50000E-01	2.35955E+01	2.46101E+06
2.50000E-01	2.38764E+01	2.43304E+06
2.50000E-01	2.41573E+01	2.40546E+06
2.50000E-01	2.44382E+01	2.37819E+06
2.50000E-01	2.47191E+01	2.35113E+06
2.50000E-01	2.50000E+01	2.32443E+06
3.00000E-01	0.00000E+00	1.54299E+05
3.00000E-01	2.80899E-01	2.33102E+05
3.00000E-01	5.61798E-01	3.06540E+05
3.00000E-01	8.42697E-01	3.52438E+05
3.00000E-01	1.12360E+00	3.98222E+05
3.00000E-01	1.40449E+00	4.41134E+05
3.00000E-01	1.68539E+00	4.86652E+05
3.00000E-01	1.96629E+00	5.37588E+05
3.00000E-01	2.24719E+00	5.89512E+05
3.00000E-01	2.52809E+00	6.51798E+05
3.00000E-01	2.80899E+00	7.12634E+05
3.00000E-01	3.08989E+00	7.84221E+05
3.00000E-01	3.37079E+00	8.51784E+05
3.00000E-01	3.65169E+00	9.27773E+05
3.00000E-01	3.93258E+00	9.99824E+05
3.00000E-01	4.21348E+00	1.07552E+06
3.00000E-01	4.49438E+00	1.14870E+06
3.00000E-01	4.77528E+00	1.22294E+06
3.00000E-01	5.05618E+00	1.29702E+06
3.00000E-01	5.33708E+00	1.37168E+06
3.00000E-01	5.61798E+00	1.44814E+06
3.00000E-01	5.89888E+00	1.52448E+06
3.00000E-01	6.17978E+00	1.60435E+06
3.00000E-01	6.46067E+00	1.68331E+06
3.00000E-01	6.74157E+00	1.76271E+06
3.00000E-01	7.02247E+00	1.84184E+06
3.00000E-01	7.30337E+00	1.92175E+06
3.00000E-01	7.58427E+00	2.00157E+06
3.00000E-01	7.86517E+00	2.08235E+06
3.00000E-01	8.14607E+00	2.15972E+06
3.00000E-01	8.42697E+00	2.23605E+06
3.00000E-01	8.70787E+00	2.31232E+06
3.00000E-01	8.98876E+00	2.38657E+06
3.00000E-01	9.26966E+00	2.45695E+06
3.00000E-01	9.55056E+00	2.52669E+06
3.00000E-01	9.83146E+00	2.59596E+06
3.00000E-01	1.01124E+01	2.66229E+06
3.00000E-01	1.03933E+01	2.72185E+06
3.00000E-01	1.06742E+01	2.77983E+06
3.00000E-01	1.09551E+01	2.83543E+06
3.00000E-01	1.12360E+01	2.88513E+06
3.00000E-01	1.15169E+01	2.93011E+06
3.00000E-01	1.17978E+01	2.97088E+06
3.00000E-01	1.20787E+01	3.00808E+06
3.00000E-01	1.23596E+01	3.04009E+06
3.00000E-01	1.26404E+01	3.06911E+06
3.00000E-01	1.29213E+01	3.09396E+06
3.00000E-01	1.32022E+01	3.11471E+06
3.00000E-01	1.34831E+01	3.13165E+06
3.00000E-01	1.37640E+01	3.14582E+06
3.00000E-01	1.40449E+01	3.15667E+06
3.00000E-01	1.43258E+01	3.16404E+06
3.00000E-01	1.46067E+01	3.16785E+06
3.00000E-01	1.48876E+01	3.16849E+06
3.00000E-01	1.51685E+01	3.16625E+06
3.00000E-01	1.54494E+01	3.16031E+06
3.00000E-01	1.57303E+01	3.15211E+06
3.00000E-01	1.60112E+01	3.14128E+06
3.00000E-01	1.62921E+01	3.12821E+06
3.00000E-01	1.65730E+01	3.11290E+06
3.00000E-01	1.68539E+01	3.09620E+06
3.00000E-01	1.71348E+01	3.07800E+06
3.00000E-01	1.74157E+01	3.05845E+06
3.00000E-01	1.76966E+01	3.03740E+06
3.00000E-01	1.79775E+01	3.01544E+06
3.00000E-01	1.82584E+01	2.99210E+06
3.00000E-01	1.85393E+01	2.96759E+06
3.00000E-01	1.88202E+01	2.94251E+06
3.00000E-01	1.91011E+01	2.91668E+06
3.00000E-01	1.93820E+01	2.89003E+06
3.00000E-01	1.96629E+01	2.86266E+06
3.00000E-01	1.99438E+01	2.83508E+06
3.00000E-01	2.02247E+01	2.80694E+06
3.00000E-01	2.05056E+01	2.77820E+06
3.00000E-01	2.07865E+01	2.74935E+06
3.00000E-01	2.10674E+01	2.72043E+06
3.00000E-01	2.13483E+01	2.69139E+06
3.00000E-01	2.16292E+01	2.66216E+06
3.00000E-01	2.19101E+01	2.63300E+06
3.00000E-01	2.21910E+01	2.60400E+06
3.00000E-01	2.24719E+01	2.57504E+06
3.00000E-01	2.27528E+01	2.54615E+06
3.00000E-01	2.30337E+01	2.51759E+06
3.00000E-01	2.33146E+01	2.48925E+06
3.00000E-01	2.35955E+01	2.46100E+06
3.00000E-01	2.38764E+01	2.43304E+06
3.00000E-01	2.41573E+01	2.40546E+06
3.00000E-01	2.44382E+01	2.37818E+06
3.00000E-01	2.47191E+01	2.35112E+06
3.00000E-01	2.50000E+01	2.32443E+06
4.00000E-01	0.00000E+00	1.63872E+05
4.00000E-01	2.80899E-01	2.35298E+05
4.00000E-01	5.61798E-01	3.06918E+05
4.00000E-01	8.42697E-01	3.53025E+05
4.00000E-01	1.12360E+00	3.98475E+05
4.00000E-01	1.40449E+00	4.41454E+05
4.00000E-01	1.68539E+00	4.86947E+05
4.00000E-01	1.96629E+00	5.37813E+05
4.00000E-01	2.24719E+00	5.89957E+05
4.00000E-01	2.52809E+00	6.51970E+05
4.00000E-01	2.80899E+00	7.13180E+05
4.00000E-01	3.08989E+00	7.84360E+05
4.00000E-01	3.37079E+00	8.52263E+05
4.00000E-01	3.65169E+00	9.27883E+05
4.00000E-01	3.93258E+00	1.00011E+06
4.00000E-01	4.21348E+00	1.07562E+06
4.00000E-01	4.49438E+00	1.14886E+06
4.00000E-01	4.77528E+00	1.22307E+06
4.00000E-01	5.05618E+00	1.29715E+06
4.00000E-01	5.33708E+00	1.37184E+06
4.00000E-01	5.61798E+00	1.44825E+06
4.00000E-01	5.89888E+00	1.52471E+06
4.00000E-01	6.17978E+00	1.60447E+06
4.00000E-01	6.46067E+00	1.68348E+06
4.00000E-01	6.74157E+00	1.76282E+06
4.00000E-01	7.02247E+00	1.84198E+06
4.00000E-01	7.30337E+00	1.92186E+06
4.00000E-01	7.58427E+00	2.00169E+06
4.00000E-01	7.86517E+00	2.08241E+06
4.00000E-01	8.14607E+00	2.15981E+06
4.00000E-01	8.42697E+00	2.23616E+06
4.00000E-01	8.70787E+00	2.31239E+06
4.00000E-01	8.98876E+00	2.38658E+06
4.00000E-01	9.26966E+00	2.45702E+06
4.00000E-01	9.55056E+00	2.52678E+06
4.00000E-01	9.83146E+00	2.59601E+06
4.00000E-01	1.01124E+01	2.66225E+06
4.00000E-01	1.03933E+01	2.72190E+06
4.00000E-01	1.06742E+01	2.77985E+06
4.00000E-01	1.09551E+01	2.83543E+06
4.00000E-01	1.12360E+01	2.88515E+06
4.00000E-01	1.15169E+01	2.93010E+06
4.00000E-01	1.17978E+01	2.97088E+06
4.00000E-01	1.20787E+01	3.00803E+06
4.00000E-01	1.23596E+01	3.04010E+06
4.00000E-01	1.26404E+01	3.06909E+06
4.00000E-01	1.29213E+01	3.09395E+06
4.00000E-01	1.32022E+01	3.11469E+06
4.00000E-01	1.34831E+01	3.13164E+06
4.00000E-01	1.37640E+01	3.14580E+06
4.00000E-01	1.40449E+01	3.15666E+06
4.00000E-01	1.43258E+01	3.16402E+06
4.00000E-01	1.46067E+01	3.16782E+06
4.00000E-01	1.48876E+01	3.16847E+06
4.00000E-01	1.51685E+01	3.16620E+06
4.00000E-01	1.54494E+01	3.16029E+06
4.00000E-01	1.57303E+01	3.15207E+06
4.00000E-01	1.60112E+01	3.14126E+06
4.00000E-01	1.62921E+01	3.12818E+06
4.00000E-01	1.65730E+01	3.11288E+06
4.00000E-01	1.68539E+01	3.09618E+06
4.00000E-01	1.71348E+01	3.07799E+06
4.00000E-01	1.74157E+01	3.05842E+06
4.00000E-01	1.76966E+01	3.03739E+06
4.00000E-01	1.79775E+01	3.01542E+06
4.00000E-01	1.82584E+01	2.99208E+06
4.00000E-01	1.85393E+01	2.96758E+06
4.00000E-01	1.88202E+01	2.94250E+06
4.00000E-01	1.91011E+01	2.91666E+06
4.00000E-01	1.93820E+01	2.89001E+06
4.00000E-01	1.96629E+01	2.86265E+06
4.00000E-01	1.99438E+01	2.83506E+06
4.00000E-01	2.02247E+01	2.80693E+06
4.00000E-01	2.05056E+01	2.77819E+06
4.00000E-01	2.07865E+01	2.74934E+06
4.00000E-01	2.10674E+01	2.72042E+06
4.00000E-01	2.13483E+01	2.69137E+06
4.00000E-01	2.16292E+01	2.66215E+06
4.00000E-01	2.19101E+01	2.63300E+06
4.00000E-01	2.21910E+01	2.60399E+06
4.00000E-01	2.24719E+01	2.57503E+06
4.00000E-01	2.27528E+01	2.54614E+06
4.00000E-01	2.30337E+01	2.51758E+06
4.00000E-01	2.33146E+01	2.48924E+06
4.00000E-01	2.35955E+01	2.46100E+06
4.00000E-01	2.38764E+01	2.43304E+06
4.00000E-01	2.41573E+01	2.40545E+06
4.00000E-01	2.44382E+01	2.37818E+06
4.00000E-01	2.47191E+01	2.35112E+06
4.00000E-01	2.50000E+01	2.32442E+06
5.00000E-01	0.00000E+00	1.73041E+05
5.00000E-01	2.80899E-01	2.38671E+05
5.00000E-01	5.61798E-01	3.07299E+05
5.00000E-01	8.42697E-01	3.53713E+05
5.00000E-01	1.12360E+00	3.98817E+05
5.00000E-01	1.40449E+00	4.41874E+05
5.00000E-01	1.68539E+00	4.87355E+05
5.00000E-01	1.96629E+00	5.38119E+05
5.00000E-01	2.24719E+00	5.90507E+05
5.00000E-01	2.52809E+00	6.52201E+05
5.00000E-01	2.80899E+00	7.13791E+05
5.00000E-01	3.08989E+00	7.84543E+05
5.00000E-01	3.37079E+00	8.52807E+05
5.00000E-01	3.65169E+00	9.28039E+05
5.00000E-01	3.93258E+00	1.00046E+06
5.00000E-01	4.21348E+00	1.07577E+06
5.00000E-01	4.49438E+00	1.14908E+06
5.00000E-01	4.77528E+00	1.22324E+06
5.00000E-01	5.05618E+00	1.29733E+06
5.00000E-01	5.33708E+00	1.37205E+06
5.00000E-01	5.61798E+00	1.44840E+06
5.00000E-01	5.89888E+00	1.52498E+06
5.00000E-01	6.17978E+00	1.60462E+06
5.00000E-01	6.46067E+00	1.68368E+06
5.00000E-01	6.74157E+00	1.76297E+06
5.00000E-01	7.02247E+00	1.84215E+06
5.00000E-01	7.30337E+00	1.92199E+06
5.00000E-01	7.58427E+00	2.00185E+06
5.00000E-01	7.86517E+00	2.08249E+06
5.00000E-01	8.14607E+00	2.15994E+06
5.00000E-01	8.42697E+00	2.23629E+06
5.00000E-01	8.70787E+00	2.31248E+06
5.00000E-01	8.98876E+00	2.38660E+06
5.00000E-01	9.26966E+00	2.45711E+06
5.00000E-01	9.55056E+00	2.52688E+06
5.00000E-01	9.83146E+00	2.59607E+06
5.00000E-01	1.01124E+01	2.66221E+06
5.00000E-01	1.03933E+01	2.72196E+06
5.00000E-01	1.06742E+01	2.77989E+06
5.00000E-01	1.09551E+01	2.83543E+06
5.00000E-01	1.12360E+01	2.88517E+06
5.00000E-01	1.15169E+01	2.93009E+06
5.00000E-01	1.17978E+01	2.97089E+06
5.00000E-01	1.20787E+01	3.00798E+06
5.00000E-01	1.23596E+01	3.04010E+06
5.00000E-01	1.26404E+01	3.06906E+06
5.00000E-01	1.29213E+01	3.09393E+06
5.00000E-01	1.32022E+01	3.11467E+06
5.00000E-01	1.34831E+01	3.13163E+06
5.00000E-01	1.37640E+01	3.14578E+06
5.00000E-01	1.40449E+01	3.15663E+06
5.00000E-01	1.43258E+01	3.16399E+06
5.00000E-01	1.46067E+01	3.16778E+06
5.00000E-01	1.48876E+01	3.16844E+06
5.00000E-01	1.51685E+01	3.16614E+06
5.00000E-01	1.54494E+01	3.16027E+06
5.00000E-01	1.57303E+01	3.15203E+06
5.00000E-01	1.60112E+01	3.14123E+06
5.00000E-01	1.62921E+01	3.12814E+06
5.00000E-01	1.65730E+01	3.11286E+06
5.00000E-01	1.68539E+01	3.09615E+06
5.00000E-01	1.71348E+01	3.07796E+06
5.00000E-01	1.74157E+01	3.05839E+06
5.00000E-01	1.76966E+01	3.03737E+06
5.00000E-01	1.79775E+01	3.01539E+06
5.00000E-01	1.82584E+01	2.99205E+06
5.00000E-01	1.85393E+01	2.96756E+06
5.00000E-01	1.88202E+01	2.94248E+06
5.00000E-01	1.91011E+01	2.91664E+06
5.00000E-01	1.93820E+01	2.88999E+06
5.00000E-01	1.96629E+01	2.86263E+06
5.00000E-01	1.99438E+01	2.83504E+06
5.00000E-01	2.02247E+01	2.80690E+06
5.00000E-01	2.05056E+01	2.77818E+06
5.00000E-01	2.07865E+01	2.74932E+06
5.00000E-01	2.10674E+01	2.72040E+06
5.00000E-01	2.13483E+01	2.69136E+06
5.00000E-01	2.16292E+01	2.66214E+06
5.00000E-01	2.19101E+01	2.63299E+06
5.00000E-01	2.21910E+01	2.60398E+06
5.00000E-01	2.24719E+01	2.57502E+06
5.00000E-01	2.27528E+01	2.54613E+06
5.00000E-01	2.30337E+01	2.51757E+06
5.00000E-01	2.33146E+01	2.48923E+06
5.00000E-01	2.35955E+01	2.46099E+06
5.00000E-01	2.38764E+01	2.43303E+06
5.00000E-01	2.41573E+01	2.40545E+06
5.00000E-01	2.44382E+01	2.37817E+06
5.00000E-01	2.47191E+01	2.35112E+06
5.00000E-01	2.50000E+01	2.32442E+06
6.00000E-01	0.00000E+00	1.81923E+05
6.00000E-01	2.80899E-01	2.43138E+05
6.00000E-01	5.61798E-01	3.07722E+05
6.00000E-01	8.42697E-01	3.54462E+05
6.00000E-01	1.12360E+00	3.99250E+05
6.00000E-01	1.40449E+00	4.42385E+05
6.00000E-01	1.68539E+00	4.87868E+05
6.00000E-01	1.96629E+00	5.38509E+05
6.00000E-01	2.24719E+00	5.91145E+05
6.00000E-01	2.52809E+00	6.52505E+05
6.00000E-01	2.80899E+00	7.14459E+05
6.00000E-01	3.08989E+00	7.84783E+05
6.00000E-01	3.37079E+00	8.53400E+05
6.00000E-01	3.65169E+00	9.28250E+05
6.00000E-01	3.93258E+00	1.00087E+06
6.00000E-01	4.21348E+00	1.07597E+06
6.00000E-01	4.49438E+00	1.14936E+06
6.00000E-01	4.77528E+00	1.22347E+06
6.00000E-01	5.05618E+00	1.29756E+06
6.00000E-01	5.33708E+00	1.37231E+06
6.00000E-01	5.61798E+00	1.44859E+06
6.00000E-01	5.89888E+00	1.52529E+06
6.00000E-01	6.17978E+00	1.60480E+06
6.00000E-01	6.46067E+00	1.68390E+06
6.00000E-01	6.74157E+00	1.76316E+06
6.00000E-01	7.02247E+00	1.84236E+06
6.00000E-01	7.30337E+00	1.92216E+06
6.00000E-01	7.58427E+00	2.00204E+06
6.00000E-01	7.86517E+00	2.08258E+06
6.00000E-01	8.14607E+00	2.16009E+06
6.00000E-01	8.42697E+00	2.23645E+06
6.00000E-01	8.70787E+00	2.31259E+06
6.00000E-01	8.98876E+00	2.38665E+06
6.00000E-01	9.26966E+00	2.45722E+06
6.00000E-01	9.55056E+00	2.52701E+06
6.00000E-01	9.83146E+00	2.59614E+06
6.00000E-01	1.01124E+01	2.66217E+06
6.00000E-01	1.03933E+01	2.72203E+06
6.00000E-01	1.06742E+01	2.77994E+06
6.00000E-01	1.09551E+01	2.83542E+06
6.00000E-01	1.12360E+01	2.88517E+06
6.00000E-01	1.15169E+01	2.93008E+06
6.00000E-01	1.17978E+01	2.97089E+06
6.00000E-01	1.20787E+01	3.00793E+06
6.00000E-01	1.23596E+01	3.04011E+06
6.00000E-01	1.26404E+01	3.06903E+06
6.00000E-01	1.29213E+01	3.09391E+06
6.00000E-01	1.32022E+01	3.11464E+06
6.00000E-01	1.34831E+01	3.13161E+06
6.00000E-01	1.37640E+01	3.14574E+06
6.00000E-01	1.40449E+01	3.15660E+06
6.00000E-01	1.43258E+01	3.16395E+06
6.00000E-01	1.46067E+01	3.16774E+06
6.00000E-01	1.48876E+01	3.16840E+06
6.00000E-01	1.51685E+01	3.16608E+06
6.00000E-01	1.54494E+01	3.16024E+06
6.00000E-01	1.57303E+01	3.15199E+06
6.00000E-01	1.60112E+01	3.14119E+06
6.00000E-01	1.62921E+01	3.12809E+06
6.00000E-01	1.65730E+01	3.11283E+06
6.00000E-01	1.68539E+01	3.09612E+06
6.00000E-01	1.71348E+01	3.07794E+06
6.00000E-01	1.74157E+01	3.05836E+06
6.00000E-01	1.76966E+01	3.03734E+06
6.00000E-01	1.79775E+01	3.01535E+06
6.00000E-01	1.82584E+01	2.99202E+06
6.00000E-01	1.85393E+01	2.96754E+06
6.00000E-01	1.88202E+01	2.94245E+06
6.00000E-01	1.91011E+01	2.91661E+06
6.00000E-01	1.93820E+01	2.88996E+06
6.00000E-01	1.96629E+01	2.86262E+06
6.00000E-01	1.99438E+01	2.83502E+06
6.00000E-01	2.02247E+01	2.80688E+06
6.00000E-01	2.05056E+01	2.77816E+06
6.00000E-01	2.07865E+01	2.74931E+06
6.00000E-01	2.10674E+01	2.72039E+06
6.00000E-01	2.13483E+01	2.69134E+06
6.00000E-01	2.16292E+01	2.66213E+06
6.00000E-01	2.19101E+01	2.63298E+06
6.00000E-01	2.21910E+01	2.60397E+06
6.00000E-01	2.24719E+01	2.57501E+06
6.00000E-01	2.27528E+01	2.54613E+06
6.00000E-01	2.30337E+01	2.51756E+06
6.00000E-01	2.33146E+01	2.48922E+06
6.00000E-01	2.35955E+01	2.46098E+06
6.00000E-01	2.38764E+01	2.43303E+06
6.00000E-01	2.41573E+01	2.40544E+06
6.00000E-01	2.44382E+01	2.37816E+06
6.00000E-01	2.47191E+01	2.35111E+06
6.00000E-01	2.50000E+01	2.32441E+06
7.00000E-01	0.00000E+00	1.90566E+05
7.00000E-01	2.80899E-01	2.48046E+05
7.00000E-01	5.61798E-01	3.08316E+05
7.00000E-01	8.42697E-01	3.55240E+05
7.00000E-01	1.12360E+00	3.99766E+05
7.00000E-01	1.40449E+00	4.42975E+05
7.00000E-01	1.68539E+00	4.88474E+05
7.00000E-01	1.96629E+00	5.38985E+05
7.00000E-01	2.24719E+00	5.91857E+05
7.00000E-01	2.52809E+00	6.52891E+05
7.00000E-01	2.80899E+00	7.15178E+05
7.00000E-01	3.08989E+00	7.85093E+05
7.00000E-01	3.37079E+00	8.54035E+05
7.00000E-01	3.65169E+00	9.28522E+05
7.00000E-01	3.93258E+00	1.00132E+06
7.00000E-01	4.21348E+00	1.07622E+06
7.00000E-01	4.49438E+00	1.14970E+06
7.00000E-01	4.77528E+00	1.22374E+06
7.00000E-01	5.05618E+00	1.29784E+06
7.00000E-01	5.33708E+00	1.37261E+06
7.00000E-01	5.61798E+00	1.44883E+06
7.00000E-01	5.89888E+00	1.52564E+06
7.00000E-01	6.17978E+00	1.60502E+06
7.00000E-01	6.46067E+00	1.68416E+06
7.00000E-01	6.74157E+00	1.76337E+06
7.00000E-01	7.02247E+00	1.84260E+06
7.00000E-01	7.30337E+00	1.92236E+06
7.00000E-01	7.58427E+00	2.00227E+06
7.00000E-01	7.86517E+00	2.08270E+06
7.00000E-01	8.14607E+00	2.16026E+06
7.00000E-01	8.42697E+00	2.23663E+06
7.00000E-01	8.70787E+00	2.31272E+06
7.00000E-01	8.98876E+00	2.38672E+06
7.00000E-01	9.26966E+00	2.45735E+06
7.00000E-01	9.55056E+00	2.52715E+06
7.00000E-01	9.83146E+00	2.59622E+06
7.00000E-01	1.01124E+01	2.66215E+06
7.00000E-01	1.03933E+01	2.72212E+06
7.00000E-01	1.06742E+01	2.77999E+06
7.00000E-01	1.09551E+01	2.83541E+06
7.00000E-01	1.12360E+01	2.88518E+06
7.00000E-01	1.15169E+01	2.93008E+06
7.00000E-01	1.17978E+01	2.97089E+06
7.00000E-01	1.20787E+01	3.00788E+06
7.00000E-01	1.23596E+01	3.04011E+06
7.00000E-01	1.26404E+01	3.06900E+06
7.00000E-01	1.29213E+01	3.09387E+06
7.00000E-01	1.32022E+01	3.11460E+06
7.00000E-01	1.34831E+01	3.13159E+06
7.00000E-01	1.37640E+01	3.14571E+06
7.00000E-01	1.40449E+01	3.15656E+06
7.00000E-01	1.43258E+01	3.16390E+06
7.00000E-01	1.46067E+01	3.16768E+06
7.00000E-01	1.48876E+01	3.16835E+06
7.00000E-01	1.51685E+01	3.16601E+06
7.00000E-01	1.54494E+01	3.16020E+06
7.00000E-01	1.57303E+01	3.15193E+06
7.00000E-01	1.60112E+01	3.14114E+06
7.00000E-01	1.62921E+01	3.12804E+06
7.00000E-01	1.65730E+01	3.11280E+06
7.00000E-01	1.68539E+01	3.09608E+06
7.00000E-01	1.71348E+01	3.07790E+06
7.00000E-01	1.74157E+01	3.05832E+06
7.00000E-01	1.76966E+01	3.03731E+06
7.00000E-01	1.79775E+01	3.01531E+06
7.00000E-01	1.82584E+01	2.99198E+06
7.00000E-01	1.85393E+01	2.96751E+06
7.00000E-01	1.88202E+01	2.94242E+06
7.00000E-01	1.91011E+01	2.91658E+06
7.00000E-01	1.93820E+01	2.88993E+06
7.00000E-01	1.96629E+01	2.86260E+06
7.00000E-01	1.99438E+01	2.83499E+06
7.00000E-01	2.02247E+01	2.80685E+06
7.00000E-01	2.05056E+01	2.77814E+06
7.00000E-01	2.07865E+01	2.74929E+06
7.00000E-01	2.10674E+01	2.72037E+06
7.00000E-01	2.13483E+01	2.69131E+06
7.00000E-01	2.16292E+01	2.66211E+06
7.00000E-01	2.19101E+01	2.63296E+06
7.00000E-01	2.21910E+01	2.60395E+06
7.00000E-01	2.24719E+01	2.57499E+06
7.00000E-01	2.27528E+01	2.54612E+06
7.00000E-01	2.30337E+01	2.51755E+06
7.00000E-01	2.33146E+01	2.48920E+06
7.00000E-01	2.35955E+01	2.46097E+06
7.00000E-01	2.38764E+01	2.43302E+06
7.00000E-01	2.41573E+01	2.40543E+06
7.00000E-01	2.44382E+01	2.37815E+06
7.00000E-01	2.47191E+01	2.35110E+06
7.00000E-01	2.50000E+01	2.32440E+06
8.00000E-01	0.00000E+00	1.98963E+05
8.00000E-01	2.80899E-01	2.52801E+05
8.00000E-01	5.61798E-01	3.09245E+05
8.00000E-01	8.42697E-01	3.56034E+05
8.00000E-01	1.12360E+00	4.00354E+05
8.00000E-01	1.40449E+00	4.43635E+05
8.00000E-01	1.68539E+00	4.89162E+05
8.00000E-01	1.96629E+00	5.39545E+05
8.00000E-01	2.24719E+00	5.92636E+05
8.00000E-01	2.52809E+00	6.53366E+05
8.00000E-01	2.80899E+00	7.15945E+05
8.00000E-01	3.08989E+00	7.85480E+05
8.00000E-01	3.37079E+00	8.54706E+05
8.00000E-01	3.65169E+00	9.28861E+05
8.00000E-01	3.93258E+00	1.00181E+06
8.00000E-01	4.21348E+00	1.07653E+06
8.00000E-01	4.49438E+00	1.15007E+06
8.00000E-01	4.77528E+00	1.22407E+06
8.00000E-01	5.05618E+00	1.29817E+06
8.00000E-01	5.33708E+00	1.37296E+06
8.00000E-01	5.61798E+00	1.44912E+06
8.00000E-01	5.89888E+00	1.52602E+06
8.00000E-01	6.17978E+00	1.60529E+06
8.00000E-01	6.46067E+00	1.68444E+06
8.00000E-01	6.74157E+00	1.76363E+06
8.00000E-01	7.02247E+00	1.84286E+06
8.00000E-01	7.30337E+00	1.92260E+06
8.00000E-01	7.58427E+00	2.00252E+06
8.00000E-01	7.86517E+00	2.08284E+06
8.00000E-01	8.14607E+00	2.16045E+06
8.00000E-01	8.42697E+00	2.23684E+06
8.00000E-01	8.70787E+00	2.31286E+06
8.00000E-01	8.98876E+00	2.38680E+06
8.00000E-01	9.26966E+00	2.45750E+06
8.00000E-01	9.55056E+00	2.52730E+06
8.00000E-01	9.83146E+00	2.59631E+06
8.00000E-01	1.01124E+01	2.66213E+06
8.00000E-01	1.03933E+01	2.72221E+06
8.00000E-01	1.06742E+01	2.78006E+06
8.00000E-01	1.09551E+01	2.83539E+06
8.00000E-01	1.12360E+01	2.88518E+06
8.00000E-01	1.15169E+01	2.93007E+06
8.00000E-01	1.17978E+01	2.97089E+06
8.00000E-01	1.20787E+01	3.00783E+06
8.00000E-01	1.23596E+01	3.04011E+06
8.00000E-01	1.26404E+01	3.06896E+06
8.00000E-01	1.29213E+01	3.09383E+06
8.00000E-01	1.32022E+01	3.11456E+06
8.00000E-01	1.34831E+01	3.13156E+06
8.00000E-01	1.37640E+01	3.14566E+06
8.00000E-01	1.40449E+01	3.15651E+06
8.00000E-01	1.43258E+01	3.16384E+06
8.00000E-01	1.46067E+01	3.16763E+06
8.00000E-01	1.48876E+01	3.16829E+06
8.00000E-01	1.51685E+01	3.16593E+06
8.00000E-01	1.54494E+01	3.16015E+06
8.00000E-01	1.57303E+01	3.15187E+06
8.00000E-01	1.60112E+01	3.14109E+06
8.00000E-01	1.62921E+01	3.12798E+06
8.00000E-01	1.65730E+01	3.11276E+06
8.00000E-01	1.68539E+01	3.09603E+06
8.00000E-01	1.71348E+01	3.07786E+06
8.00000E-01	1.74157E+01	3.05827E+06
8.00000E-01	1.76966E+01	3.03728E+06
8.00000E-01	1.79775E+01	3.01526E+06
8.00000E-01	1.82584E+01	2.99193E+06
8.00000E-01	1.85393E+01	2.96748E+06
8.00000E-01	1.88202E+01	2.94238E+06
8.00000E-01	1.91011E+01	2.91655E+06
8.00000E-01	1.93820E+01	2.88989E+06
8.00000E-01	1.96629E+01	2.86257E+06
8.00000E-01	1.99438E+01	2.83495E+06
8.00000E-01	2.02247E+01	2.80681E+06
8.00000E-01	2.05056E+01	2.77812E+06
8.00000E-01	2.07865E+01	2.74927E+06
8.00000E-01	2.10674E+01	2.72034E+06
8.00000E-01	2.13483E+01	2.69129E+06
8.00000E-01	2.16292E+01	2.66209E+06
8.00000E-01	2.19101E+01	2.63294E+06
8.00000E-01	2.21910E+01	2.60393E+06
8.00000E-01	2.24719E+01	2.57497E+06
8.00000E-01	2.27528E+01	2.54610E+06
8.00000E-01	2.30337E+01	2.51753E+06
8.00000E-01	2.33146E+01	2.48919E+06
8.00000E-01	2.35955E+01	2.46096E+06
8.00000E-01	2.38764E+01	2.43301E+06
8.00000E-01	2.41573E+01	2.40542E+06
8.00000E-01	2.44382E+01	2.37814E+06
8.00000E-01	2.47191E+01	2.35109E+06
8.00000E-01	2.50000E+01	2.32439E+06
9.00000E-01	0.00000E+00	2.07093E+05
9.00000E-01	2.80899E-01	2.57169E+05
9.00000E-01	5.61798E-01	3.10629E+05
9.00000E-01	8.42697E-01	3.56861E+05
9.00000E-01	1.12360E+00	4.01003E+05
9.00000E-01	1.40449E+00	4.44356E+05
9.00000E-01	1.68539E+00	4.89922E+05
9.00000E-01	1.96629E+00	5.40189E+05
9.00000E-01	2.24719E+00	5.93475E+05
9.00000E-01	2.52809E+00	6.53932E+05
9.00000E-01	2.80899E+00	7.16756E+05
9.00000E-01	3.08989E+00	7.85950E+05
9.00000E-01	3.37079E+00	8.55414E+05
9.00000E-01	3.65169E+00	9.29269E+05
9.00000E-01	3.93258E+00	1.00234E+06
9.00000E-01	4.21348E+00	1.07690E+06
9.00000E-01	4.49438E+00	1.15049E+06
9.00000E-01	4.77528E+00	1.22444E+06
9.00000E-01	5.05618E+00	1.29855E+06
9.00000E-01	5.33708E+00	1.37335E+06
9.00000E-01	5.61798E+00	1.44945E+06
9.00000E-01	5.89888E+00	1.52643E+06
9.00000E-01	6.17978E+00	1.60559E+06
9.00000E-01	6.46067E+00	1.68476E+06
9.00000E-01	6.74157E+00	1.76391E+06
9.00000E-01	7.02247E+00	1.84316E+06
9.00000E-01	7.30337E+00	1.92287E+06
9.00000E-01	7.58427E+00	2.00280E+06
9.00000E-01	7.86517E+00	2.08301E+06
9.00000E-01	8.14607E+00	2.16066E+06
9.00000E-01	8.42697E+00	2.23706E+06
9.00000E-01	8.70787E+00	2.31303E+06
9.00000E-01	8.98876E+00	2.38691E+06
9.00000E-01	9.26966E+00	2.45767E+06
9.00000E-01	9.55056E+00	2.52747E+06
9.00000E-01	9.83146E+00	2.59641E+06
9.00000E-01	1.01124E+01	2.66213E+06
9.00000E-01	1.03933E+01	2.72231E+06
9.00000E-01	1.06742E+01	2.78013E+06
9.00000E-01	1.09551E+01	2.83537E+06
9.00000E-01	1.12360E+01	2.88517E+06
9.00000E-01	1.15169E+01	2.93006E+06
9.00000E-01	1.17978E+01	2.97088E+06
9.00000E-01	1.20787E+01	3.00778E+06
9.00000E-01	1.23596E+01	3.04010E+06
9.00000E-01	1.26404E+01	3.06892E+06
9.00000E-01	1.29213E+01	3.09378E+06
9.00000E-01	1.32022E+01	3.11451E+06
9.00000E-01	1.34831E+01	3.13153E+06
9.00000E-01	1.37640E+01	3.14561E+06
9.00000E-01	1.40449E+01	3.15645E+06
9.00000E-01	1.43258E+01	3.16377E+06
9.00000E-01	1.46067E+01	3.16756E+06
9.00000E-01	1.48876E+01	3.16823E+06
9.00000E-01	1.51685E+01	3.16584E+06
9.00000E-01	1.54494E+01	3.16009E+06
9.00000E-01	1.57303E+01	3.15180E+06
9.00000E-01	1.60112E+01	3.14103E+06
9.00000E-01	1.62921E+01	3.12792E+06
9.00000E-01	1.65730E+01	3.11271E+06
9.00000E-01	1.68539E+01	3.09598E+06
9.00000E-01	1.71348E+01	3.07781E+06
9.00000E-01	1.74157E+01	3.05821E+06
9.00000E-01	1.76966E+01	3.03723E+06
9.00000E-01	1.79775E+01	3.01521E+06
9.00000E-01	1.82584E+01	2.99188E+06
9.00000E-01	1.85393E+01	2.96744E+06
9.00000E-01	1.88202E+01	2.94234E+06
9.00000E-01	1.91011E+01	2.91650E+06
9.00000E-01	1.93820E+01	2.88985E+06
9.00000E-01	1.96629E+01	2.86254E+06
9.00000E-01	1.99438E+01	2.83491E+06
9.00000E-01	2.02247E+01	2.80677E+06
9.00000E-01	2.05056E+01	2.77809E+06
9.00000E-01	2.07865E+01	2.74924E+06
9.00000E-01	2.10674E+01	2.72031E+06
9.00000E-01	2.13483E+01	2.69126E+06
9.00000E-01	2.16292E+01	2.66207E+06
9.00000E-01	2.19101E+01	2.63293E+06
9.00000E-01	2.21910E+01	2.60391E+06
9.00000E-01	2.24719E+01	2.57495E+06
9.00000E-01	2.27528E+01	2.54609E+06
9.00000E-01	2.30337E+01	2.51752E+06
9.00000E-01	2.33146E+01	2.48917E+06
9.00000E-01	2.35955E+01	2.46095E+06
9.00000E-01	2.38764E+01	2.43300E+06
9.00000E-01	2.41573E+01	2.40541E+06
9.00000E-01	2.44382E+01	2.37812E+06
9.00000E-01	2.47191E+01	2.35108E+06
9.00000E-01	2.50000E+01	2.32438E+06
1.00000E+00	0.00000E+00	2.14932E+05
1.00000E+00	2.80899E-01	2.61198E+05
1.00000E+00	5.61798E-01	3.12502E+05
1.00000E+00	8.42697E-01	3.57766E+05
1.00000E+00	1.12360E+00	4.01707E+05
1.00000E+00	1.40449E+00	4.45131E+05
1.00000E+00	1.68539E+00	4.90748E+05
1.00000E+00	1.96629E+00	5.40914E+05
1.00000E+00	2.24719E+00	5.94371E+05
1.00000E+00	2.52809E+00	6.54589E+05
1.00000E+00	2.80899E+00	7.17613E+05
1.00000E+00	3.08989E+00	7.86503E+05
1.00000E+00	3.37079E+00	8.56158E+05
1.00000E+00	3.65169E+00	9.29747E+05
1.00000E+00	3.93258E+00	1.00291E+06
1.00000E+00	4.21348E+00	1.07732E+06
1.00000E+00	4.49438E+00	1.15096E+06
1.00000E+00	4.77528E+00	1.22486E+06
1.00000E+00	5.05618E+00	1.29897E+06
1.00000E+00	5.33708E+00	1.37378E+06
1.00000E+00	5.61798E+00	1.44984E+06
1.00000E+00	5.89888E+00	1.52687E+06
1.00000E+00	6.17978E+00	1.60593E+06
1.00000E+00	6.46067E+00	1.68510E+06
1.00000E+00	6.74157E+00	1.76424E+06
1.00000E+00	7.02247E+00	1.84349E+06
1.00000E+00	7.30337E+00	1.92318E+06
1.00000E+00	7.58427E+00	2.00311E+06
1.00000E+00	7.86517E+00	2.08320E+06
1.00000E+00	8.14607E+00	2.16089E+06
1.00000E+00	8.42697E+00	2.23731E+06
1.00000E+00	8.70787E+00	2.31321E+06
1.00000E+00	8.98876E+00	2.38704E+06
1.00000E+00	9.26966E+00	2.45786E+06
1.00000E+00	9.55056E+00	2.52766E+06
1.00000E+00	9.83146E+00	2.59651E+06
1.00000E+00	1.01124E+01	2.66213E+06
1.00000E+00	1.03933E+01	2.72241E+06
1.00000E+00	1.06742E+01	2.78021E+06
1.00000E+00	1.09551E+01	2.83536E+06
1.00000E+00	1.12360E+01	2.88516E+06
1.00000E+00	1.15169E+01	2.93005E+06
1.00000E+00	1.17978E+01	2.97088E+06
1.00000E+00	1.20787E+01	3.00773E+06
1.00000E+00	1.23596E+01	3.04009E+06
1.00000E+00	1.26404E+01	3.06887E+06
1.00000E+00	1.29213E+01	3.09373E+06
1.00000E+00	1.32022E+01	3.11445E+06
1.00000E+00	1.34831E+01	3.13149E+06
1.00000E+00	1.37640E+01	3.14556E+06
1.00000E+00	1.40449E+01	3.15639E+06
1.00000E+00	1.43258E+01	3.16370E+06
1.00000E+00	1.46067E+01	3.16749E+06
1.00000E+00	1.48876E+01	3.16816E+06
1.00000E+00	1.51685E+01	3.16575E+06
1.00000E+00	1.54494E+01	3.16002E+06
1.00000E+00	1.57303E+01	3.15173E+06
1.00000E+00	1.60112E+01	3.14096E+06
1.00000E+00	1.62921E+01	3.12785E+06
1.00000E+00	1.65730E+01	3.11266E+06
1.00000E+00	1.68539E+01	3.09593E+06
1.00000E+00	1.71348E+01	3.07775E+06
1.00000E+00	1.74157E+01	3.05816E+06
1.00000E+00	1.76966E+01	3.03719E+06
1.00000E+00	1.79775E+01	3.01515E+06
1.00000E+00	1.82584E+01	2.99183E+06
1.00000E+00	1.85393E+01	2.96740E+06
1.00000E+00	1.88202E+01	2.94230E+06
1.00000E+00	1.91011E+01	2.91645E+06
1.00000E+00	1.93820E+01	2.88980E+06
1.00000E+00	1.96629E+01	2.86251E+06
1.00000E+00	1.99438E+01	2.83487E+06
1.00000E+00	2.02247E+01	2.80673E+06
1.00000E+00	2.05056E+01	2.77806E+06
1.00000E+00	2.07865E+01	2.74921E+06
1.00000E+00	2.10674E+01	2.72028E+06
1.00000E+00	2.13483E+01	2.69123E+06
1.00000E+00	2.16292E+01	2.66205E+06
1.00000E+00	2.19101E+01	2.63290E+06
1.00000E+00	2.21910E+01	2.60389E+06
1.00000E+00	2.24719E+01	2.57493E+06
1.00000E+00	2.27528E+01	2.54607E+06
1.00000E+00	2.30337E+01	2.51750E+06
1.00000E+00	2.33146E+01	2.48915E+06
1.00000E+00	2.35955E+01	2.46093E+06
1.00000E+00	2.38764E+01	2.43298E+06
1.00000E+00	2.41573E+01	2.40539E+06
1.00000E+00	2.44382E+01	2.37811E+06
1.00000E+00	2.47191E+01	2.35107E+06
1.00000E+00	2.50000E+01	2.32437E+06
1.50000E+00	0.00000E+00	2.49726E+05
1.50000E+00	2.80899E-01	2.80870E+05
1.50000E+00	5.61798E-01	3.26238E+05
1.50000E+00	8.42697E-01	3.65140E+05
1.50000E+00	1.12360E+00	4.06418E+05
1.50000E+00	1.40449E+00	4.49746E+05
1.50000E+00	1.68539E+00	4.95674E+05
1.50000E+00	1.96629E+00	5.45624E+05
1.50000E+00	2.24719E+00	5.99653E+05
1.50000E+00	2.52809E+00	6.59124E+05
1.50000E+00	2.80899E+00	7.22596E+05
1.50000E+00	3.08989E+00	7.90443E+05
1.50000E+00	3.37079E+00	8.60482E+05
1.50000E+00	3.65169E+00	9.33112E+05
1.50000E+00	3.93258E+00	1.00637E+06
1.50000E+00	4.21348E+00	1.08022E+06
1.50000E+00	4.49438E+00	1.15387E+06
1.50000E+00	4.77528E+00	1.22761E+06
1.50000E+00	5.05618E+00	1.30169E+06
1.50000E+00	5.33708E+00	1.37651E+06
1.50000E+00	5.61798E+00	1.45243E+06
1.50000E+00	5.89888E+00	1.52958E+06
1.50000E+00	6.17978E+00	1.60823E+06
1.50000E+00	6.46067E+00	1.68729E+06
1.50000E+00	6.74157E+00	1.76635E+06
1.50000E+00	7.02247E+00	1.84560E+06
1.50000E+00	7.30337E+00	1.92517E+06
1.50000E+00	7.58427E+00	2.00500E+06
1.50000E+00	7.86517E+00	2.08459E+06
1.50000E+00	8.14607E+00	2.16237E+06
1.50000E+00	8.42697E+00	2.23882E+06
1.50000E+00	8.70787E+00	2.31439E+06
1.50000E+00	8.98876E+00	2.38797E+06
1.50000E+00	9.26966E+00	2.45903E+06
1.50000E+00	9.55056E+00	2.52878E+06
1.50000E+00	9.83146E+00	2.59717E+06
1.50000E+00	1.01124E+01	2.66233E+06
1.50000E+00	1.03933E+01	2.72297E+06
1.50000E+00	1.06742E+01	2.78066E+06
1.50000E+00	1.09551E+01	2.83530E+06
1.50000E+00	1.12360E+01	2.88506E+06
1.50000E+00	1.15169E+01	2.92999E+06
1.50000E+00	1.17978E+01	2.97077E+06
1.50000E+00	1.20787E+01	3.00747E+06
1.50000E+00	1.23596E+01	3.03992E+06
1.50000E+00	1.26404E+01	3.06858E+06
1.50000E+00	1.29213E+01	3.09335E+06
1.50000E+00	1.32022E+01	3.11409E+06
1.50000E+00	1.34831E+01	3.13120E+06
1.50000E+00	1.37640E+01	3.14519E+06
1.50000E+00	1.40449E+01	3.15593E+06
1.50000E+00	1.43258E+01	3.16319E+06
1.50000E+00	1.46067E+01	3.16700E+06
1.50000E+00	1.48876E+01	3.16765E+06
1.50000E+00	1.51685E+01	3.16517E+06
1.50000E+00	1.54494E+01	3.15954E+06
1.50000E+00	1.57303E+01	3.15124E+06
1.50000E+00	1.60112E+01	3.14047E+06
1.50000E+00	1.62921E+01	3.12739E+06
1.50000E+00	1.65730E+01	3.11228E+06
1.50000E+00	1.68539E+01	3.09555E+06
1.50000E+00	1.71348E+01	3.07738E+06
1.50000E+00	1.74157E+01	3.05777E+06
1.50000E+00	1.76966E+01	3.03684E+06
1.50000E+00	1.79775E+01	3.01477E+06
1.50000E+00	1.82584E+01	2.99147E+06
1.50000E+00	1.85393E+01	2.96711E+06
1.50000E+00	1.88202E+01	2.94199E+06
1.50000E+00	1.91011E+01	2.91614E+06
1.50000E+00	1.93820E+01	2.88951E+06
1.50000E+00	1.96629E+01	2.86226E+06
1.50000E+00	1.99438E+01	2.83460E+06
1.50000E+00	2.02247E+01	2.80646E+06
1.50000E+00	2.05056E+01	2.77785E+06
1.50000E+00	2.07865E+01	2.74901E+06
1.50000E+00	2.10674E+01	2.72008E+06
1.50000E+00	2.13483E+01	2.69103E+06
1.50000E+00	2.16292E+01	2.66188E+06
1.50000E+00	2.19101E+01	2.63275E+06
1.50000E+00	2.21910E+01	2.60373E+06
1.50000E+00	2.24719E+01	2.57478E+06
1.50000E+00	2.27528E+01	2.54595E+06
1.50000E+00	2.30337E+01	2.51738E+06
1.50000E+00	2.33146E+01	2.48901E+06
1.50000E+00	2.35955E+01	2.46082E+06
1.50000E+00	2.38764E+01	2.43289E+06
1.50000E+00	2.41573E+01	2.40530E+06
1.50000E+00	2.44382E+01	2.37801E+06
1.50000E+00	2.47191E+01	2.35099E+06
1.50000E+00	2.50000E+01	2.32429E+06
2.00000E+00	0.00000E+00	2.78603E+05
2.00000E+00	2.80899E-01	3.02752E+05
2.00000E+00	5.61798E-01	3.40297E+05
2.00000E+00	8.42697E-01	3.77681E+05
2.00000E+00	1.12360E+00	4.14899E+05
2.00000E+00	1.40449E+00	4.56367E+05
2.00000E+00	1.68539E+00	5.01984E+05
2.00000E+00	1.96629E+00	5.51888E+05
2.00000E+00	2.24719E+00	6.06196E+05
2.00000E+00	2.52809E+00	6.65377E+05
2.00000E+00	2.80899E+00	7.28799E+05
2.00000E+00	3.08989E+00	7.96042E+05
2.00000E+00	3.37079E+00	8.65900E+05
2.00000E+00	3.65169E+00	9.37887E+05
2.00000E+00	3.93258E+00	1.01085E+06
2.00000E+00	4.21348E+00	1.08429E+06
2.00000E+00	4.49438E+00	1.15777E+06
2.00000E+00	4.77528E+00	1.23138E+06
2.00000E+00	5.05618E+00	1.30541E+06
2.00000E+00	5.33708E+00	1.38019E+06
2.00000E+00	5.61798E+00	1.45603E+06
2.00000E+00	5.89888E+00	1.53313E+06
2.00000E+00	6.17978E+00	1.61144E+06
2.00000E+00	6.46067E+00	1.69030E+06
2.00000E+00	6.74157E+00	1.76927E+06
2.00000E+00	7.02247E+00	1.84844E+06
2.00000E+00	7.30337E+00	1.92789E+06
2.00000E+00	7.58427E+00	2.00748E+06
2.00000E+00	7.86517E+00	2.08664E+06
2.00000E+00	8.14607E+00	2.16436E+06
2.00000E+00	8.42697E+00	2.24077E+06
2.00000E+00	8.70787E+00	2.31601E+06
2.00000E+00	8.98876E+00	2.38937E+06
2.00000E+00	9.26966E+00	2.46054E+06
2.00000E+00	9.55056E+00	2.53016E+06
2.00000E+00	9.83146E+00	2.59804E+06
2.00000E+00	1.01124E+01	2.66281E+06
2.00000E+00	1.03933E+01	2.72359E+06
2.00000E+00	1.06742E+01	2.78113E+06
2.00000E+00	1.09551E+01	2.83530E+06
2.00000E+00	1.12360E+01	2.88492E+06
2.00000E+00	1.15169E+01	2.92986E+06
2.00000E+00	1.17978E+01	2.97057E+06
2.00000E+00	1.20787E+01	3.00715E+06
2.00000E+00	1.23596E+01	3.03960E+06
2.00000E+00	1.26404E+01	3.06816E+06
2.00000E+00	1.29213E+01	3.09284E+06
2.00000E+00	1.32022E+01	3.11359E+06
2.00000E+00	1.34831E+01	3.13074E+06
2.00000E+00	1.37640E+01	3.14464E+06
2.00000E+00	1.40449E+01	3.15528E+06
2.00000E+00	1.43258E+01	3.16249E+06
2.00000E+00	1.46067E+01	3.16630E+06
2.00000E+00	1.48876E+01	3.16691E+06
2.00000E+00	1.51685E+01	3.16439E+06
2.00000E+00	1.54494E+01	3.15882E+06
2.00000E+00	1.57303E+01	3.15054E+06
2.00000E+00	1.60112E+01	3.13979E+06
2.00000E+00	1.62921E+01	3.12675E+06
2.00000E+00	1.65730E+01	3.11171E+06
2.00000E+00	1.68539E+01	3.09502E+06
2.00000E+00	1.71348E+01	3.07684E+06
2.00000E+00	1.74157E+01	3.05724E+06
2.00000E+00	1.76966E+01	3.03634E+06
2.00000E+00	1.79775E+01	3.01424E+06
2.00000E+00	1.82584E+01	2.99097E+06
2.00000E+00	1.85393E+01	2.96667E+06
2.00000E+00	1.88202E+01	2.94156E+06
2.00000E+00	1.91011E+01	2.91570E+06
2.00000E+00	1.93820E+01	2.88910E+06
2.00000E+00	1.96629E+01	2.86189E+06
2.00000E+00	1.99438E+01	2.83422E+06
2.00000E+00	2.02247E+01	2.80609E+06
2.00000E+00	2.05056E+01	2.77753E+06
2.00000E+00	2.07865E+01	2.74872E+06
2.00000E+00	2.10674E+01	2.71980E+06
2.00000E+00	2.13483E+01	2.69075E+06
2.00000E+00	2.16292E+01	2.66163E+06
2.00000E+00	2.19101E+01	2.63253E+06
2.00000E+00	2.21910E+01	2.60350E+06
2.00000E+00	2.24719E+01	2.57457E+06
2.00000E+00	2.27528E+01	2.54578E+06
2.00000E+00	2.30337E+01	2.51720E+06
2.00000E+00	2.33146E+01	2.48883E+06
2.00000E+00	2.35955E+01	2.46067E+06
2.00000E+00	2.38764E+01	2.43276E+06
2.00000E+00	2.41573E+01	2.40516E+06
2.00000E+00	2.44382E+01	2.37787E+06
2.00000E+00	2.47191E+01	2.35087E+06
2.00000E+00	2.50000E+01	2.32418E+06
2.50000E+00	0.00000E+00	3.03868E+05
2.50000E+00	2.80899E-01	3.24322E+05
2.50000E+00	5.61798E-01	3.54388E+05
2.50000E+00	8.42697E-01	3.91830E+05
2.50000E+00	1.12360E+00	4.27524E+05
2.50000E+00	1.40449E+00	4.66423E+05
2.50000E+00	1.68539E+00	5.10562E+05
2.50000E+00	1.96629E+00	5.59870E+05
2.50000E+00	2.24719E+00	6.14061E+05
2.50000E+00	2.52809E+00	6.73010E+05
2.50000E+00	2.80899E+00	7.36188E+05
2.50000E+00	3.08989E+00	8.02957E+05
2.50000E+00	3.37079E+00	8.72411E+05
2.50000E+00	3.65169E+00	9.43834E+05
2.50000E+00	3.93258E+00	1.01635E+06
2.50000E+00	4.21348E+00	1.08940E+06
2.50000E+00	4.49438E+00	1.16264E+06
2.50000E+00	4.77528E+00	1.23612E+06
2.50000E+00	5.05618E+00	1.31006E+06
2.50000E+00	5.33708E+00	1.38478E+06
2.50000E+00	5.61798E+00	1.46054E+06
2.50000E+00	5.89888E+00	1.53749E+06
2.50000E+00	6.17978E+00	1.61551E+06
2.50000E+00	6.46067E+00	1.69411E+06
2.50000E+00	6.74157E+00	1.77295E+06
2.50000E+00	7.02247E+00	1.85200E+06
2.50000E+00	7.30337E+00	1.93126E+06
2.50000E+00	7.58427E+00	2.01055E+06
2.50000E+00	7.86517E+00	2.08932E+06
2.50000E+00	8.14607E+00	2.16687E+06
2.50000E+00	8.42697E+00	2.24313E+06
2.50000E+00	8.70787E+00	2.31807E+06
2.50000E+00	8.98876E+00	2.39122E+06
2.50000E+00	9.26966E+00	2.46235E+06
2.50000E+00	9.55056E+00	2.53175E+06
2.50000E+00	9.83146E+00	2.59916E+06
2.50000E+00	1.01124E+01	2.66354E+06
2.50000E+00	1.03933E+01	2.72427E+06
2.50000E+00	1.06742E+01	2.78160E+06
2.50000E+00	1.09551E+01	2.83535E+06
2.50000E+00	1.12360E+01	2.88477E+06
2.50000E+00	1.15169E+01	2.92965E+06
2.50000E+00	1.17978E+01	2.97027E+06
2.50000E+00	1.20787E+01	3.00674E+06
2.50000E+00	1.23596E+01	3.03913E+06
2.50000E+00	1.26404E+01	3.06759E+06
2.50000E+00	1.29213E+01	3.09218E+06
2.50000E+00	1.32022E+01	3.11292E+06
2.50000E+00	1.34831E+01	3.13008E+06
2.50000E+00	1.37640E+01	3.14391E+06
2.50000E+00	1.40449E+01	3.15443E+06
2.50000E+00	1.43258E+01	3.16158E+06
2.50000E+00	1.46067E+01	3.16537E+06
2.50000E+00	1.48876E+01	3.16595E+06
2.50000E+00	1.51685E+01	3.16341E+06
2.50000E+00	1.54494E+01	3.15788E+06
2.50000E+00	1.57303E+01	3.14963E+06
2.50000E+00	1.60112E+01	3.13891E+06
2.50000E+00	1.62921E+01	3.12593E+06
2.50000E+00	1.65730E+01	3.11096E+06
2.50000E+00	1.68539E+01	3.09430E+06
2.50000E+00	1.71348E+01	3.07613E+06
2.50000E+00	1.74157E+01	3.05655E+06
2.50000E+00	1.76966E+01	3.03567E+06
2.50000E+00	1.79775E+01	3.01357E+06
2.50000E+00	1.82584E+01	2.99033E+06
2.50000E+00	1.85393E+01	2.96608E+06
2.50000E+00	1.88202E+01	2.94099E+06
2.50000E+00	1.91011E+01	2.91513E+06
2.50000E+00	1.93820E+01	2.88857E+06
2.50000E+00	1.96629E+01	2.86140E+06
2.50000E+00	1.99438E+01	2.83373E+06
2.50000E+00	2.02247E+01	2.80561E+06
2.50000E+00	2.05056E+01	2.77710E+06
2.50000E+00	2.07865E+01	2.74834E+06
2.50000E+00	2.10674E+01	2.71942E+06
2.50000E+00	2.13483E+01	2.69040E+06
2.50000E+00	2.16292E+01	2.66131E+06
2.50000E+00	2.19101E+01	2.63223E+06
2.50000E+00	2.21910E+01	2.60322E+06
2.50000E+00	2.24719E+01	2.57430E+06
2.50000E+00	2.27528E+01	2.54553E+06
2.50000E+00	2.30337E+01	2.51697E+06
2.50000E+00	2.33146E+01	2.48861E+06
2.50000E+00	2.35955E+01	2.46046E+06
2.50000E+00	2.38764E+01	2.43257E+06
2.50000E+00	2.41573E+01	2.40498E+06
2.50000E+00	2.44382E+01	2.37769E+06
2.50000E+00	2.47191E+01	2.35070E+06
2.50000E+00	2.50000E+01	2.32402E+06
3.00000E+00	0.00000E+00	3.27149E+05
3.00000E+00	2.80899E-01	3.45400E+05
3.00000E+00	5.61798E-01	3.70460E+05
3.00000E+00	8.42697E-01	4.05945E+05
3.00000E+00	1.12360E+00	4.42339E+05
3.00000E+00	1.40449E+00	4.79943E+05
3.00000E+00	1.68539E+00	5.22241E+05
3.00000E+00	1.96629E+00	5.70221E+05
3.00000E+00	2.24719E+00	6.23653E+05
3.00000E+00	2.52809E+00	6.82059E+05
3.00000E+00	2.80899E+00	7.44766E+05
3.00000E+00	3.08989E+00	8.11010E+05
3.00000E+00	3.37079E+00	8.79946E+05
3.00000E+00	3.65169E+00	9.50802E+05
3.00000E+00	3.93258E+00	1.02282E+06
3.00000E+00	4.21348E+00	1.09546E+06
3.00000E+00	4.49438E+00	1.16844E+06
3.00000E+00	4.77528E+00	1.24175E+06
3.00000E+00	5.05618E+00	1.31560E+06
3.00000E+00	5.33708E+00	1.39023E+06
3.00000E+00	5.61798E+00	1.46588E+06
3.00000E+00	5.89888E+00	1.54264E+06
3.00000E+00	6.17978E+00	1.62036E+06
3.00000E+00	6.46067E+00	1.69870E+06
3.00000E+00	6.74157E+00	1.77734E+06
3.00000E+00	7.02247E+00	1.85621E+06
3.00000E+00	7.30337E+00	1.93523E+06
3.00000E+00	7.58427E+00	2.01418E+06
3.00000E+00	7.86517E+00	2.09257E+06
3.00000E+00	8.14607E+00	2.16988E+06
3.00000E+00	8.42697E+00	2.24591E+06
3.00000E+00	8.70787E+00	2.32055E+06
3.00000E+00	8.98876E+00	2.39345E+06
3.00000E+00	9.26966E+00	2.46444E+06
3.00000E+00	9.55056E+00	2.53355E+06
3.00000E+00	9.83146E+00	2.60048E+06
3.00000E+00	1.01124E+01	2.66447E+06
3.00000E+00	1.03933E+01	2.72501E+06
3.00000E+00	1.06742E+01	2.78207E+06
3.00000E+00	1.09551E+01	2.83544E+06
3.00000E+00	1.12360E+01	2.88460E+06
3.00000E+00	1.15169E+01	2.92936E+06
3.00000E+00	1.17978E+01	2.96986E+06
3.00000E+00	1.20787E+01	3.00622E+06
3.00000E+00	1.23596E+01	3.03852E+06
3.00000E+00	1.26404E+01	3.06688E+06
3.00000E+00	1.29213E+01	3.09138E+06
3.00000E+00	1.32022E+01	3.11209E+06
3.00000E+00	1.34831E+01	3.12922E+06
3.00000E+00	1.37640E+01	3.14297E+06
3.00000E+00	1.40449E+01	3.15339E+06
3.00000E+00	1.43258E+01	3.16047E+06
3.00000E+00	1.46067E+01	3.16422E+06
3.00000E+00	1.48876E+01	3.16476E+06
3.00000E+00	1.51685E+01	3.16221E+06
3.00000E+00	1.54494E+01	3.15672E+06
3.00000E+00	1.57303E+01	3.14851E+06
3.00000E+00	1.60112E+01	3.13783E+06
3.00000E+00	1.62921E+01	3.12491E+06
3.00000E+00	1.65730E+01	3.11002E+06
3.00000E+00	1.68539E+01	3.09340E+06
3.00000E+00	1.71348E+01	3.07526E+06
3.00000E+00	1.74157E+01	3.05570E+06
3.00000E+00	1.76966E+01	3.03483E+06
3.00000E+00	1.79775E+01	3.01276E+06
3.00000E+00	1.82584E+01	2.98955E+06
3.00000E+00	1.85393E+01	2.96534E+06
3.00000E+00	1.88202E+01	2.94028E+06
3.00000E+00	1.91011E+01	2.91444E+06
3.00000E+00	1.93820E+01	2.88791E+06
3.00000E+00	1.96629E+01	2.86077E+06
3.00000E+00	1.99438E+01	2.83313E+06
3.00000E+00	2.02247E+01	2.80504E+06
3.00000E+00	2.05056E+01	2.77658E+06
3.00000E+00	2.07865E+01	2.74785E+06
3.00000E+00	2.10674E+01	2.71896E+06
3.00000E+00	2.13483E+01	2.68996E+06
3.00000E+00	2.16292E+01	2.66090E+06
3.00000E+00	2.19101E+01	2.63185E+06
3.00000E+00	2.21910E+01	2.60286E+06
3.00000E+00	2.24719E+01	2.57397E+06
3.00000E+00	2.27528E+01	2.54523E+06
3.00000E+00	2.30337E+01	2.51667E+06
3.00000E+00	2.33146E+01	2.48833E+06
3.00000E+00	2.35955E+01	2.46020E+06
3.00000E+00	2.38764E+01	2.43234E+06
3.00000E+00	2.41573E+01	2.40476E+06
3.00000E+00	2.44382E+01	2.37748E+06
3.00000E+00	2.47191E+01	2.35050E+06
3.00000E+00	2.50000E+01	2.32383E+06
3.50000E+00	0.00000E+00	3.49451E+05
3.50000E+00	2.80899E-01	3.66345E+05
3.50000E+00	5.61798E-01	3.88829E+05
3.50000E+00	8.42697E-01	4.20772E+05
3.50000E+00	1.12360E+00	4.57841E+05
3.50000E+00	1.40449E+00	4.95754E+05
3.50000E+00	1.68539E+00	5.36913E+05
3.50000E+00	1.96629E+00	5.83360E+05
3.50000E+00	2.24719E+00	6.35483E+05
3.50000E+00	2.52809E+00	6.92858E+05
3.50000E+00	2.80899E+00	7.54729E+05
3.50000E+00	3.08989E+00	8.20233E+05
3.50000E+00	3.37079E+00	8.88499E+05
3.50000E+00	3.65169E+00	9.58725E+05
3.50000E+00	3.93258E+00	1.03020E+06
3.50000E+00	4.21348E+00	1.10242E+06
3.50000E+00	4.49438E+00	1.17510E+06
3.50000E+00	4.77528E+00	1.24823E+06
3.50000E+00	5.05618E+00	1.32195E+06
3.50000E+00	5.33708E+00	1.39648E+06
3.50000E+00	5.61798E+00	1.47198E+06
3.50000E+00	5.89888E+00	1.54852E+06
3.50000E+00	6.17978E+00	1.62595E+06
3.50000E+00	6.46067E+00	1.70400E+06
3.50000E+00	6.74157E+00	1.78241E+06
3.50000E+00	7.02247E+00	1.86104E+06
3.50000E+00	7.30337E+00	1.93976E+06
3.50000E+00	7.58427E+00	2.01834E+06
3.50000E+00	7.86517E+00	2.09634E+06
3.50000E+00	8.14607E+00	2.17334E+06
3.50000E+00	8.42697E+00	2.24909E+06
3.50000E+00	8.70787E+00	2.32341E+06
3.50000E+00	8.98876E+00	2.39603E+06
3.50000E+00	9.26966E+00	2.46677E+06
3.50000E+00	9.55056E+00	2.53553E+06
3.50000E+00	9.83146E+00	2.60200E+06
3.50000E+00	1.01124E+01	2.66557E+06
3.50000E+00	1.03933E+01	2.72581E+06
3.50000E+00	1.06742E+01	2.78254E+06
3.50000E+00	1.09551E+01	2.83553E+06
3.50000E+00	1.12360E+01	2.88441E+06
3.50000E+00	1.15169E+01	2.92899E+06
3.50000E+00	1.17978E+01	2.96935E+06
3.50000E+00	1.20787E+01	3.00557E+06
3.50000E+00	1.23596E+01	3.03776E+06
3.50000E+00	1.26404E+01	3.06601E+06
3.50000E+00	1.29213E+01	3.09042E+06
3.50000E+00	1.32022E+01	3.11107E+06
3.50000E+00	1.34831E+01	3.12815E+06
3.50000E+00	1.37640E+01	3.14182E+06
3.50000E+00	1.40449E+01	3.15215E+06
3.50000E+00	1.43258E+01	3.15914E+06
3.50000E+00	1.46067E+01	3.16284E+06
3.50000E+00	1.48876E+01	3.16336E+06
3.50000E+00	1.51685E+01	3.16080E+06
3.50000E+00	1.54494E+01	3.15533E+06
3.50000E+00	1.57303E+01	3.14717E+06
3.50000E+00	1.60112E+01	3.13655E+06
3.50000E+00	1.62921E+01	3.12370E+06
3.50000E+00	1.65730E+01	3.10888E+06
3.50000E+00	1.68539E+01	3.09232E+06
3.50000E+00	1.71348E+01	3.07420E+06
3.50000E+00	1.74157E+01	3.05467E+06
3.50000E+00	1.76966E+01	3.03383E+06
3.50000E+00	1.79775E+01	3.01178E+06
3.50000E+00	1.82584E+01	2.98862E+06
3.50000E+00	1.85393E+01	2.96446E+06
3.50000E+00	1.88202E+01	2.93943E+06
3.50000E+00	1.91011E+01	2.91362E+06
3.50000E+00	1.93820E+01	2.88713E+06
3.50000E+00	1.96629E+01	2.86003E+06
3.50000E+00	1.99438E+01	2.83242E+06
3.50000E+00	2.02247E+01	2.80436E+06
3.50000E+00	2.05056E+01	2.77595E+06
3.50000E+00	2.07865E+01	2.74726E+06
3.50000E+00	2.10674E+01	2.71841E+06
3.50000E+00	2.13483E+01	2.68944E+06
3.50000E+00	2.16292E+01	2.66042E+06
3.50000E+00	2.19101E+01	2.63140E+06
3.50000E+00	2.21910E+01	2.60244E+06
3.50000E+00	2.24719E+01	2.57358E+06
3.50000E+00	2.27528E+01	2.54486E+06
3.50000E+00	2.30337E+01	2.51632E+06
3.50000E+00	2.33146E+01	2.48800E+06
3.50000E+00	2.35955E+01	2.45990E+06
3.50000E+00	2.38764E+01	2.43205E+06
3.50000E+00	2.41573E+01	2.40449E+06
3.50000E+00	2.44382E+01	2.37722E+06
3.50000E+00	2.47191E+01	2.35025E+06
3.50000E+00	2.50000E+01	2.32359E+06
4.00000E+00	0.00000E+00	3.71401E+05
4.00000E+00	2.80899E-01	3.87465E+05
4.00000E+00	5.61798E-01	4.08587E+05
4.00000E+00	8.42697E-01	4.37169E+05
4.00000E+00	1.12360E+00	4.73825E+05
4.00000E+00	1.40449E+00	5.12706E+05
4.00000E+00	1.68539E+00	5.53786E+05
4.00000E+00	1.96629E+00	5.99116E+05
4.00000E+00	2.24719E+00	6.49779E+05
4.00000E+00	2.52809E+00	7.05745E+05
4.00000E+00	2.80899E+00	7.66383E+05
4.00000E+00	3.08989E+00	8.30832E+05
4.00000E+00	3.37079E+00	8.98197E+05
4.00000E+00	3.65169E+00	9.67653E+05
4.00000E+00	3.93258E+00	1.03850E+06
4.00000E+00	4.21348E+00	1.11024E+06
4.00000E+00	4.49438E+00	1.18259E+06
4.00000E+00	4.77528E+00	1.25550E+06
4.00000E+00	5.05618E+00	1.32907E+06
4.00000E+00	5.33708E+00	1.40345E+06
4.00000E+00	5.61798E+00	1.47878E+06
4.00000E+00	5.89888E+00	1.55508E+06
4.00000E+00	6.17978E+00	1.63222E+06
4.00000E+00	6.46067E+00	1.70997E+06
4.00000E+00	6.74157E+00	1.78809E+06
4.00000E+00	7.02247E+00	1.86644E+06
4.00000E+00	7.30337E+00	1.94483E+06
4.00000E+00	7.58427E+00	2.02301E+06
4.00000E+00	7.86517E+00	2.10061E+06
4.00000E+00	8.14607E+00	2.17724E+06
4.00000E+00	8.42697E+00	2.25265E+06
4.00000E+00	8.70787E+00	2.32662E+06
4.00000E+00	8.98876E+00	2.39891E+06
4.00000E+00	9.26966E+00	2.46932E+06
4.00000E+00	9.55056E+00	2.53769E+06
4.00000E+00	9.83146E+00	2.60367E+06
4.00000E+00	1.01124E+01	2.66680E+06
4.00000E+00	1.03933E+01	2.72666E+06
4.00000E+00	1.06742E+01	2.78302E+06
4.00000E+00	1.09551E+01	2.83562E+06
4.00000E+00	1.12360E+01	2.88418E+06
4.00000E+00	1.15169E+01	2.92855E+06
4.00000E+00	1.17978E+01	2.96873E+06
4.00000E+00	1.20787E+01	3.00480E+06
4.00000E+00	1.23596E+01	3.03685E+06
4.00000E+00	1.26404E+01	3.06498E+06
4.00000E+00	1.29213E+01	3.08929E+06
4.00000E+00	1.32022E+01	3.10987E+06
4.00000E+00	1.34831E+01	3.12688E+06
4.00000E+00	1.37640E+01	3.14047E+06
4.00000E+00	1.40449E+01	3.15069E+06
4.00000E+00	1.43258E+01	3.15760E+06
4.00000E+00	1.46067E+01	3.16125E+06
4.00000E+00	1.48876E+01	3.16173E+06
4.00000E+00	1.51685E+01	3.15917E+06
4.00000E+00	1.54494E+01	3.15373E+06
4.00000E+00	1.57303E+01	3.14562E+06
4.00000E+00	1.60112E+01	3.13506E+06
4.00000E+00	1.62921E+01	3.12229E+06
4.00000E+00	1.65730E+01	3.10754E+06
4.00000E+00	1.68539E+01	3.09104E+06
4.00000E+00	1.71348E+01	3.07297E+06
4.00000E+00	1.74157E+01	3.05348E+06
4.00000E+00	1.76966E+01	3.03267E+06
4.00000E+00	1.79775E+01	3.01066E+06
4.00000E+00	1.82584E+01	2.98753E+06
4.00000E+00	1.85393E+01	2.96342E+06
4.00000E+00	1.88202E+01	2.93843E+06
4.00000E+00	1.91011E+01	2.91267E+06
4.00000E+00	1.93820E+01	2.88621E+06
4.00000E+00	1.96629E+01	2.85916E+06
4.00000E+00	1.99438E+01	2.83159E+06
4.00000E+00	2.02247E+01	2.80358E+06
4.00000E+00	2.05056E+01	2.77521E+06
4.00000E+00	2.07865E+01	2.74658E+06
4.00000E+00	2.10674E+01	2.71776E+06
4.00000E+00	2.13483E+01	2.68883E+06
4.00000E+00	2.16292E+01	2.65985E+06
4.00000E+00	2.19101E+01	2.63087E+06
4.00000E+00	2.21910E+01	2.60194E+06
4.00000E+00	2.24719E+01	2.57311E+06
4.00000E+00	2.27528E+01	2.54442E+06
4.00000E+00	2.30337E+01	2.51591E+06
4.00000E+00	2.33146E+01	2.48761E+06
4.00000E+00	2.35955E+01	2.45953E+06
4.00000E+00	2.38764E+01	2.43171E+06
4.00000E+00	2.41573E+01	2.40417E+06
4.00000E+00	2.44382E+01	2.37691E+06
4.00000E+00	2.47191E+01	2.34996E+06
4.00000E+00	2.50000E+01	2.32331E+06
5.00000E+00	0.00000E+00	4.15700E+05
5.00000E+00	2.80899E-01	4.31032E+05
5.00000E+00	5.61798E-01	4.50879E+05
5.00000E+00	8.42697E-01	4.75706E+05
5.00000E+00	1.12360E+00	5.08897E+05
5.00000E+00	1.40449E+00	5.48452E+05
5.00000E+00	1.68539E+00	5.90939E+05
5.00000E+00	1.96629E+00	6.36049E+05
5.00000E+00	2.24719E+00	6.84807E+05
5.00000E+00	2.52809E+00	7.37956E+05
5.00000E+00	2.80899E+00	7.95538E+05
5.00000E+00	3.08989E+00	8.57085E+05
5.00000E+00	3.37079E+00	9.21883E+05
5.00000E+00	3.65169E+00	9.89177E+05
5.00000E+00	3.93258E+00	1.05829E+06
5.00000E+00	4.21348E+00	1.12872E+06
5.00000E+00	4.49438E+00	1.20014E+06
5.00000E+00	4.77528E+00	1.27240E+06
5.00000E+00	5.05618E+00	1.34549E+06
5.00000E+00	5.33708E+00	1.41945E+06
5.00000E+00	5.61798E+00	1.49433E+06
5.00000E+00	5.89888E+00	1.57008E+06
5.00000E+00	6.17978E+00	1.64659E+06
5.00000E+00	6.46067E+00	1.72367E+06
5.00000E+00	6.74157E+00	1.80113E+06
5.00000E+00	7.02247E+00	1.87877E+06
5.00000E+00	7.30337E+00	1.95638E+06
5.00000E+00	7.58427E+00	2.03370E+06
5.00000E+00	7.86517E+00	2.11041E+06
5.00000E+00	8.14607E+00	2.18620E+06
5.00000E+00	8.42697E+00	2.26079E+06
5.00000E+00	8.70787E+00	2.33394E+06
5.00000E+00	8.98876E+00	2.40542E+06
5.00000E+00	9.26966E+00	2.47499E+06
5.00000E+00	9.55056E+00	2.54243E+06
5.00000E+00	9.83146E+00	2.60739E+06
5.00000E+00	1.01124E+01	2.66953E+06
5.00000E+00	1.03933E+01	2.72847E+06
5.00000E+00	1.06742E+01	2.78396E+06
5.00000E+00	1.09551E+01	2.83574E+06
5.00000E+00	1.12360E+01	2.88360E+06
5.00000E+00	1.15169E+01	2.92741E+06
5.00000E+00	1.17978E+01	2.96715E+06
5.00000E+00	1.20787E+01	3.00285E+06
5.00000E+00	1.23596E+01	3.03458E+06
5.00000E+00	1.26404E+01	3.06243E+06
5.00000E+00	1.29213E+01	3.08649E+06
5.00000E+00	1.32022E+01	3.10688E+06
5.00000E+00	1.34831E+01	3.12371E+06
5.00000E+00	1.37640E+01	3.13710E+06
5.00000E+00	1.40449E+01	3.14713E+06
5.00000E+00	1.43258E+01	3.15388E+06
5.00000E+00	1.46067E+01	3.15741E+06
5.00000E+00	1.48876E+01	3.15783E+06
5.00000E+00	1.51685E+01	3.15527E+06
5.00000E+00	1.54494E+01	3.14989E+06
5.00000E+00	1.57303E+01	3.14188E+06
5.00000E+00	1.60112E+01	3.13146E+06
5.00000E+00	1.62921E+01	3.11885E+06
5.00000E+00	1.65730E+01	3.10426E+06
5.00000E+00	1.68539E+01	3.08790E+06
5.00000E+00	1.71348E+01	3.06995E+06
5.00000E+00	1.74157E+01	3.05055E+06
5.00000E+00	1.76966E+01	3.02984E+06
5.00000E+00	1.79775E+01	3.00792E+06
5.00000E+00	1.82584E+01	2.98490E+06
5.00000E+00	1.85393E+01	2.96089E+06
5.00000E+00	1.88202E+01	2.93601E+06
5.00000E+00	1.91011E+01	2.91034E+06
5.00000E+00	1.93820E+01	2.88399E+06
5.00000E+00	1.96629E+01	2.85704E+06
5.00000E+00	1.99438E+01	2.82957E+06
5.00000E+00	2.02247E+01	2.80167E+06
5.00000E+00	2.05056E+01	2.77342E+06
5.00000E+00	2.07865E+01	2.74490E+06
5.00000E+00	2.10674E+01	2.71618E+06
5.00000E+00	2.13483E+01	2.68735E+06
5.00000E+00	2.16292E+01	2.65846E+06
5.00000E+00	2.19101E+01	2.62956E+06
5.00000E+00	2.21910E+01	2.60072E+06
5.00000E+00	2.24719E+01	2.57197E+06
5.00000E+00	2.27528E+01	2.54335E+06
5.00000E+00	2.30337E+01	2.51491E+06
5.00000E+00	2.33146E+01	2.48666E+06
5.00000E+00	2.35955E+01	2.45864E+06
5.00000E+00	2.38764E+01	2.43088E+06
5.00000E+00	2.41573E+01	2.40338E+06
5.00000E+00	2.44382E+01	2.37617E+06
5.00000E+00	2.47191E+01	2.34925E+06
5.00000E+00	2.50000E+01	2.32264E+06
6.00000E+00	0.00000E+00	4.61777E+05
6.00000E+00	2.80899E-01	4.77048E+05
6.00000E+00	5.61798E-01	4.96490E+05
6.00000E+00	8.42697E-01	5.20245E+05
6.00000E+00	1.12360E+00	5.49820E+05
6.00000E+00	1.40449E+00	5.87519E+05
6.00000E+00	1.68539E+00	6.30478E+05
6.00000E+00	1.96629E+00	6.76537E+05
6.00000E+00	2.24719E+00	7.25203E+05
6.00000E+00	2.52809E+00	7.76865E+05
6.00000E+00	2.80899E+00	8.31936E+05
6.00000E+00	3.08989E+00	8.90479E+05
6.00000E+00	3.37079E+00	9.52220E+05
6.00000E+00	3.65169E+00	1.01670E+06
6.00000E+00	3.93258E+00	1.08339E+06
6.00000E+00	4.21348E+00	1.15186E+06
6.00000E+00	4.49438E+00	1.22175E+06
6.00000E+00	4.77528E+00	1.29285E+06
6.00000E+00	5.05618E+00	1.36503E+06
6.00000E+00	5.33708E+00	1.43823E+06
6.00000E+00	5.61798E+00	1.51239E+06
6.00000E+00	5.89888E+00	1.58741E+06
6.00000E+00	6.17978E+00	1.66316E+06
6.00000E+00	6.46067E+00	1.73945E+06
6.00000E+00	6.74157E+00	1.81610E+06
6.00000E+00	7.02247E+00	1.89288E+06
6.00000E+00	7.30337E+00	1.96958E+06
6.00000E+00	7.58427E+00	2.04593E+06
6.00000E+00	7.86517E+00	2.12165E+06
6.00000E+00	8.14607E+00	2.19645E+06
6.00000E+00	8.42697E+00	2.27006E+06
6.00000E+00	8.70787E+00	2.34223E+06
6.00000E+00	8.98876E+00	2.41271E+06
6.00000E+00	9.26966E+00	2.48125E+06
6.00000E+00	9.55056E+00	2.54760E+06
6.00000E+00	9.83146E+00	2.61144E+06
6.00000E+00	1.01124E+01	2.67246E+06
6.00000E+00	1.03933E+01	2.73036E+06
6.00000E+00	1.06742E+01	2.78485E+06
6.00000E+00	1.09551E+01	2.83572E+06
6.00000E+00	1.12360E+01	2.88278E+06
6.00000E+00	1.15169E+01	2.92593E+06
6.00000E+00	1.17978E+01	2.96511E+06
6.00000E+00	1.20787E+01	3.00034E+06
6.00000E+00	1.23596E+01	3.03167E+06
6.00000E+00	1.26404E+01	3.05918E+06
6.00000E+00	1.29213E+01	3.08295E+06
6.00000E+00	1.32022E+01	3.10308E+06
6.00000E+00	1.34831E+01	3.11968E+06
6.00000E+00	1.37640E+01	3.13286E+06
6.00000E+00	1.40449E+01	3.14269E+06
6.00000E+00	1.43258E+01	3.14927E+06
6.00000E+00	1.46067E+01	3.15269E+06
6.00000E+00	1.48876E+01	3.15306E+06
6.00000E+00	1.51685E+01	3.15050E+06
6.00000E+00	1.54494E+01	3.14519E+06
6.00000E+00	1.57303E+01	3.13730E+06
6.00000E+00	1.60112E+01	3.12703E+06
6.00000E+00	1.62921E+01	3.11458E+06
6.00000E+00	1.65730E+01	3.10017E+06
6.00000E+00	1.68539E+01	3.08397E+06
6.00000E+00	1.71348E+01	3.06616E+06
6.00000E+00	1.74157E+01	3.04690E+06
6.00000E+00	1.76966E+01	3.02631E+06
6.00000E+00	1.79775E+01	3.00452E+06
6.00000E+00	1.82584E+01	2.98163E+06
6.00000E+00	1.85393E+01	2.95775E+06
6.00000E+00	1.88202E+01	2.93300E+06
6.00000E+00	1.91011E+01	2.90746E+06
6.00000E+00	1.93820E+01	2.88124E+06
6.00000E+00	1.96629E+01	2.85441E+06
6.00000E+00	1.99438E+01	2.82707E+06
6.00000E+00	2.02247E+01	2.79931E+06
6.00000E+00	2.05056E+01	2.77119E+06
6.00000E+00	2.07865E+01	2.74280E+06
6.00000E+00	2.10674E+01	2.71421E+06
6.00000E+00	2.13483E+01	2.68550E+06
6.00000E+00	2.16292E+01	2.65672E+06
6.00000E+00	2.19101E+01	2.62793E+06
6.00000E+00	2.21910E+01	2.59919E+06
6.00000E+00	2.24719E+01	2.57053E+06
6.00000E+00	2.27528E+01	2.54200E+06
6.00000E+00	2.30337E+01	2.51364E+06
6.00000E+00	2.33146E+01	2.48547E+06
6.00000E+00	2.35955E+01	2.45752E+06
6.00000E+00	2.38764E+01	2.42982E+06
6.00000E+00	2.41573E+01	2.40238E+06
6.00000E+00	2.44382E+01	2.37522E+06
6.00000E+00	2.47191E+01	2.34835E+06
6.00000E+00	2.50000E+01	2.32179E+06
7.00000E+00	0.00000E+00	5.10219E+05
7.00000E+00	2.80899E-01	5.25746E+05
7.00000E+00	5.61798E-01	5.45166E+05
7.00000E+00	8.42697E-01	5.68587E+05
7.00000E+00	1.12360E+00	5.96564E+05
7.00000E+00	1.40449E+00	6.31146E+05
7.00000E+00	1.68539E+00	6.72765E+05
7.00000E+00	1.96629E+00	7.18908E+05
7.00000E+00	2.24719E+00	7.67992E+05
7.00000E+00	2.52809E+00	8.19432E+05
7.00000E+00	2.80899E+00	8.73273E+05
7.00000E+00	3.08989E+00	9.29710E+05
7.00000E+00	3.37079E+00	9.88818E+05
7.00000E+00	3.65169E+00	1.05049E+06
7.00000E+00	3.93258E+00	1.11448E+06
7.00000E+00	4.21348E+00	1.18051E+06
7.00000E+00	4.49438E+00	1.24831E+06
7.00000E+00	4.77528E+00	1.31765E+06
7.00000E+00	5.05618E+00	1.38836E+06
7.00000E+00	5.33708E+00	1.46028E+06
7.00000E+00	5.61798E+00	1.53330E+06
7.00000E+00	5.89888E+00	1.60724E+06
7.00000E+00	6.17978E+00	1.68195E+06
7.00000E+00	6.46067E+00	1.75721E+06
7.00000E+00	6.74157E+00	1.83283E+06
7.00000E+00	7.02247E+00	1.90857E+06
7.00000E+00	7.30337E+00	1.98419E+06
7.00000E+00	7.58427E+00	2.05944E+06
7.00000E+00	7.86517E+00	2.13403E+06
7.00000E+00	8.14607E+00	2.20770E+06
7.00000E+00	8.42697E+00	2.28017E+06
7.00000E+00	8.70787E+00	2.35120E+06
7.00000E+00	8.98876E+00	2.42052E+06
7.00000E+00	9.26966E+00	2.48789E+06
7.00000E+00	9.55056E+00	2.55302E+06
7.00000E+00	9.83146E+00	2.61563E+06
7.00000E+00	1.01124E+01	2.67545E+06
7.00000E+00	1.03933E+01	2.73218E+06
7.00000E+00	1.06742E+01	2.78559E+06
7.00000E+00	1.09551E+01	2.83547E+06
7.00000E+00	1.12360E+01	2.88165E+06
7.00000E+00	1.15169E+01	2.92403E+06
7.00000E+00	1.17978E+01	2.96256E+06
7.00000E+00	1.20787E+01	2.99724E+06
7.00000E+00	1.23596E+01	3.02810E+06
7.00000E+00	1.26404E+01	3.05520E+06
7.00000E+00	1.29213E+01	3.07862E+06
7.00000E+00	1.32022E+01	3.09846E+06
7.00000E+00	1.34831E+01	3.11479E+06
7.00000E+00	1.37640E+01	3.12773E+06
7.00000E+00	1.40449E+01	3.13737E+06
7.00000E+00	1.43258E+01	3.14379E+06
7.00000E+00	1.46067E+01	3.14710E+06
7.00000E+00	1.48876E+01	3.14742E+06
7.00000E+00	1.51685E+01	3.14488E+06
7.00000E+00	1.54494E+01	3.13964E+06
7.00000E+00	1.57303E+01	3.13187E+06
7.00000E+00	1.60112E+01	3.12175E+06
7.00000E+00	1.62921E+01	3.10948E+06
7.00000E+00	1.65730E+01	3.09525E+06
7.00000E+00	1.68539E+01	3.07924E+06
7.00000E+00	1.71348E+01	3.06161E+06
7.00000E+00	1.74157E+01	3.04251E+06
7.00000E+00	1.76966E+01	3.02208E+06
7.00000E+00	1.79775E+01	3.00044E+06
7.00000E+00	1.82584E+01	2.97771E+06
7.00000E+00	1.85393E+01	2.95399E+06
7.00000E+00	1.88202E+01	2.92939E+06
7.00000E+00	1.91011E+01	2.90401E+06
7.00000E+00	1.93820E+01	2.87794E+06
7.00000E+00	1.96629E+01	2.85127E+06
7.00000E+00	1.99438E+01	2.82409E+06
7.00000E+00	2.02247E+01	2.79647E+06
7.00000E+00	2.05056E+01	2.76851E+06
7.00000E+00	2.07865E+01	2.74027E+06
7.00000E+00	2.10674E+01	2.71184E+06
7.00000E+00	2.13483E+01	2.68326E+06
7.00000E+00	2.16292E+01	2.65462E+06
7.00000E+00	2.19101E+01	2.62596E+06
7.00000E+00	2.21910E+01	2.59734E+06
7.00000E+00	2.24719E+01	2.56879E+06
7.00000E+00	2.27528E+01	2.54037E+06
7.00000E+00	2.30337E+01	2.51210E+06
7.00000E+00	2.33146E+01	2.48402E+06
7.00000E+00	2.35955E+01	2.45616E+06
7.00000E+00	2.38764E+01	2.42853E+06
7.00000E+00	2.41573E+01	2.40117E+06
7.00000E+00	2.44382E+01	2.37407E+06
7.00000E+00	2.47191E+01	2.34726E+06
7.00000E+00	2.50000E+01	2.32075E+06
8.00000E+00	0.00000E+00	5.61083E+05
8.00000E+00	2.80899E-01	5.77004E+05
8.00000E+00	5.61798E-01	5.96572E+05
8.00000E+00	8.42697E-01	6.19903E+05
8.00000E+00	1.12360E+00	6.47245E+05
8.00000E+00	1.40449E+00	6.79495E+05
8.00000E+00	1.68539E+00	7.18588E+05
8.00000E+00	1.96629E+00	7.63502E+05
8.00000E+00	2.24719E+00	8.12310E+05
8.00000E+00	2.52809E+00	8.63755E+05
8.00000E+00	2.80899E+00	9.17238E+05
8.00000E+00	3.08989E+00	9.72640E+05
8.00000E+00	3.37079E+00	1.03004E+06
8.00000E+00	3.65169E+00	1.08953E+06
8.00000E+00	3.93258E+00	1.15110E+06
8.00000E+00	4.21348E+00	1.21467E+06
8.00000E+00	4.49438E+00	1.28013E+06
8.00000E+00	4.77528E+00	1.34731E+06
8.00000E+00	5.05618E+00	1.41606E+06
8.00000E+00	5.33708E+00	1.48621E+06
8.00000E+00	5.61798E+00	1.55759E+06
8.00000E+00	5.89888E+00	1.63002E+06
8.00000E+00	6.17978E+00	1.70329E+06
8.00000E+00	6.46067E+00	1.77718E+06
8.00000E+00	6.74157E+00	1.85146E+06
8.00000E+00	7.02247E+00	1.92588E+06
8.00000E+00	7.30337E+00	2.00020E+06
8.00000E+00	7.58427E+00	2.07413E+06
8.00000E+00	7.86517E+00	2.14741E+06
8.00000E+00	8.14607E+00	2.21978E+06
8.00000E+00	8.42697E+00	2.29095E+06
8.00000E+00	8.70787E+00	2.36067E+06
8.00000E+00	8.98876E+00	2.42869E+06
8.00000E+00	9.26966E+00	2.49473E+06
8.00000E+00	9.55056E+00	2.55853E+06
8.00000E+00	9.83146E+00	2.61982E+06
8.00000E+00	1.01124E+01	2.67835E+06
8.00000E+00	1.03933E+01	2.73384E+06
8.00000E+00	1.06742E+01	2.78609E+06
8.00000E+00	1.09551E+01	2.83490E+06
8.00000E+00	1.12360E+01	2.88013E+06
8.00000E+00	1.15169E+01	2.92167E+06
8.00000E+00	1.17978E+01	2.95947E+06
8.00000E+00	1.20787E+01	2.99352E+06
8.00000E+00	1.23596E+01	3.02384E+06
8.00000E+00	1.26404E+01	3.05048E+06
8.00000E+00	1.29213E+01	3.07351E+06
8.00000E+00	1.32022E+01	3.09300E+06
8.00000E+00	1.34831E+01	3.10904E+06
8.00000E+00	1.37640E+01	3.12173E+06
8.00000E+00	1.40449E+01	3.13116E+06
8.00000E+00	1.43258E+01	3.13743E+06
8.00000E+00	1.46067E+01	3.14064E+06
8.00000E+00	1.48876E+01	3.14092E+06
8.00000E+00	1.51685E+01	3.13840E+06
8.00000E+00	1.54494E+01	3.13324E+06
8.00000E+00	1.57303E+01	3.12559E+06
8.00000E+00	1.60112E+01	3.11564E+06
8.00000E+00	1.62921E+01	3.10355E+06
8.00000E+00	1.65730E+01	3.08952E+06
8.00000E+00	1.68539E+01	3.07371E+06
8.00000E+00	1.71348E+01	3.05628E+06
8.00000E+00	1.74157E+01	3.03737E+06
8.00000E+00	1.76966E+01	3.01713E+06
8.00000E+00	1.79775E+01	2.99568E+06
8.00000E+00	1.82584E+01	2.97313E+06
8.00000E+00	1.85393E+01	2.94959E+06
8.00000E+00	1.88202E+01	2.92518E+06
8.00000E+00	1.91011E+01	2.89998E+06
8.00000E+00	1.93820E+01	2.87409E+06
8.00000E+00	1.96629E+01	2.84760E+06
8.00000E+00	1.99438E+01	2.82060E+06
8.00000E+00	2.02247E+01	2.79317E+06
8.00000E+00	2.05056E+01	2.76538E+06
8.00000E+00	2.07865E+01	2.73732E+06
8.00000E+00	2.10674E+01	2.70905E+06
8.00000E+00	2.13483E+01	2.68064E+06
8.00000E+00	2.16292E+01	2.65215E+06
8.00000E+00	2.19101E+01	2.62364E+06
8.00000E+00	2.21910E+01	2.59515E+06
8.00000E+00	2.24719E+01	2.56674E+06
8.00000E+00	2.27528E+01	2.53844E+06
8.00000E+00	2.30337E+01	2.51028E+06
8.00000E+00	2.33146E+01	2.48231E+06
8.00000E+00	2.35955E+01	2.45454E+06
8.00000E+00	2.38764E+01	2.42701E+06
8.00000E+00	2.41573E+01	2.39973E+06
8.00000E+00	2.44382E+01	2.37271E+06
8.00000E+00	2.47191E+01	2.34597E+06
8.00000E+00	2.50000E+01	2.31953E+06
9.00000E+00	0.00000E+00	6.14193E+05
9.00000E+00	2.80899E-01	6.30553E+05
9.00000E+00	5.61798E-01	6.50337E+05
9.00000E+00	8.42697E-01	6.73664E+05
9.00000E+00	1.12360E+00	7.00666E+05
9.00000E+00	1.40449E+00	7.31762E+05
9.00000E+00	1.68539E+00	7.68124E+05
9.00000E+00	1.96629E+00	8.10886E+05
9.00000E+00	2.24719E+00	8.58460E+05
9.00000E+00	2.52809E+00	9.09373E+05
9.00000E+00	2.80899E+00	9.62591E+05
9.00000E+00	3.08989E+00	1.01755E+06
9.00000E+00	3.37079E+00	1.07408E+06
9.00000E+00	3.65169E+00	1.13219E+06
9.00000E+00	3.93258E+00	1.19196E+06
9.00000E+00	4.21348E+00	1.25348E+06
9.00000E+00	4.49438E+00	1.31673E+06
9.00000E+00	4.77528E+00	1.38168E+06
9.00000E+00	5.05618E+00	1.44824E+06
9.00000E+00	5.33708E+00	1.51628E+06
9.00000E+00	5.61798E+00	1.58565E+06
9.00000E+00	5.89888E+00	1.65615E+06
9.00000E+00	6.17978E+00	1.72758E+06
9.00000E+00	6.46067E+00	1.79971E+06
9.00000E+00	6.74157E+00	1.87229E+06
9.00000E+00	7.02247E+00	1.94506E+06
9.00000E+00	7.30337E+00	2.01776E+06
9.00000E+00	7.58427E+00	2.09011E+06
9.00000E+00	7.86517E+00	2.16185E+06
9.00000E+00	8.14607E+00	2.23268E+06
9.00000E+00	8.42697E+00	2.30235E+06
9.00000E+00	8.70787E+00	2.37059E+06
9.00000E+00	8.98876E+00	2.43712E+06
9.00000E+00	9.26966E+00	2.50170E+06
9.00000E+00	9.55056E+00	2.56405E+06
9.00000E+00	9.83146E+00	2.62392E+06
9.00000E+00	1.01124E+01	2.68107E+06
9.00000E+00	1.03933E+01	2.73525E+06
9.00000E+00	1.06742E+01	2.78627E+06
9.00000E+00	1.09551E+01	2.83396E+06
9.00000E+00	1.12360E+01	2.87816E+06
9.00000E+00	1.15169E+01	2.91879E+06
9.00000E+00	1.17978E+01	2.95580E+06
9.00000E+00	1.20787E+01	2.98915E+06
9.00000E+00	1.23596E+01	3.01888E+06
9.00000E+00	1.26404E+01	3.04500E+06
9.00000E+00	1.29213E+01	3.06759E+06
9.00000E+00	1.32022E+01	3.08671E+06
9.00000E+00	1.34831E+01	3.10244E+06
9.00000E+00	1.37640E+01	3.11486E+06
9.00000E+00	1.40449E+01	3.12409E+06
9.00000E+00	1.43258E+01	3.13020E+06
9.00000E+00	1.46067E+01	3.13332E+06
9.00000E+00	1.48876E+01	3.13357E+06
9.00000E+00	1.51685E+01	3.13108E+06
9.00000E+00	1.54494E+01	3.12600E+06
9.00000E+00	1.57303E+01	3.11848E+06
9.00000E+00	1.60112E+01	3.10869E+06
9.00000E+00	1.62921E+01	3.09680E+06
9.00000E+00	1.65730E+01	3.08297E+06
9.00000E+00	1.68539E+01	3.06738E+06
9.00000E+00	1.71348E+01	3.05017E+06
9.00000E+00	1.74157E+01	3.03148E+06
9.00000E+00	1.76966E+01	3.01146E+06
9.00000E+00	1.79775E+01	2.99022E+06
9.00000E+00	1.82584E+01	2.96788E+06
9.00000E+00	1.85393E+01	2.94456E+06
9.00000E+00	1.88202E+01	2.92035E+06
9.00000E+00	1.91011E+01	2.89536E+06
9.00000E+00	1.93820E+01	2.86968E+06
9.00000E+00	1.96629E+01	2.84340E+06
9.00000E+00	1.99438E+01	2.81660E+06
9.00000E+00	2.02247E+01	2.78937E+06
9.00000E+00	2.05056E+01	2.76178E+06
9.00000E+00	2.07865E+01	2.73391E+06
9.00000E+00	2.10674E+01	2.70583E+06
9.00000E+00	2.13483E+01	2.67761E+06
9.00000E+00	2.16292E+01	2.64929E+06
9.00000E+00	2.19101E+01	2.62095E+06
9.00000E+00	2.21910E+01	2.59262E+06
9.00000E+00	2.24719E+01	2.56435E+06
9.00000E+00	2.27528E+01	2.53619E+06
9.00000E+00	2.30337E+01	2.50817E+06
9.00000E+00	2.33146E+01	2.48032E+06
9.00000E+00	2.35955E+01	2.45266E+06
9.00000E+00	2.38764E+01	2.42523E+06
9.00000E+00	2.41573E+01	2.39805E+06
9.00000E+00	2.44382E+01	2.37112E+06
9.00000E+00	2.47191E+01	2.34447E+06
9.00000E+00	2.50000E+01	2.31810E+06
1.00000E+01	0.00000E+00	6.69284E+05
1.00000E+01	2.80899E-01	6.86079E+05
1.00000E+01	5.61798E-01	7.06091E+05
1.00000E+01	8.42697E-01	7.29439E+05
1.00000E+01	1.12360E+00	7.56205E+05
1.00000E+01	1.40449E+00	7.86596E+05
1.00000E+01	1.68539E+00	8.21171E+05
1.00000E+01	1.96629E+00	8.61246E+05
1.00000E+01	2.24719E+00	9.06863E+05
1.00000E+01	2.52809E+00	9.56528E+05
1.00000E+01	2.80899E+00	1.00906E+06
1.00000E+01	3.08989E+00	1.06359E+06
1.00000E+01	3.37079E+00	1.11962E+06
1.00000E+01	3.65169E+00	1.17696E+06
1.00000E+01	3.93258E+00	1.23560E+06
1.00000E+01	4.21348E+00	1.29560E+06
1.00000E+01	4.49438E+00	1.35705E+06
1.00000E+01	4.77528E+00	1.41999E+06
1.00000E+01	5.05618E+00	1.48442E+06
1.00000E+01	5.33708E+00	1.55026E+06
1.00000E+01	5.61798E+00	1.61742E+06
1.00000E+01	5.89888E+00	1.68574E+06
1.00000E+01	6.17978E+00	1.75502E+06
1.00000E+01	6.46067E+00	1.82505E+06
1.00000E+01	6.74157E+00	1.89559E+06
1.00000E+01	7.02247E+00	1.96638E+06
1.00000E+01	7.30337E+00	2.03714E+06
1.00000E+01	7.58427E+00	2.10762E+06
1.00000E+01	7.86517E+00	2.17752E+06
1.00000E+01	8.14607E+00	2.24657E+06
1.00000E+01	8.42697E+00	2.31450E+06
1.00000E+01	8.70787E+00	2.38103E+06
1.00000E+01	8.98876E+00	2.44590E+06
1.00000E+01	9.26966E+00	2.50884E+06
1.00000E+01	9.55056E+00	2.56960E+06
1.00000E+01	9.83146E+00	2.62794E+06
1.00000E+01	1.01124E+01	2.68361E+06
1.00000E+01	1.03933E+01	2.73640E+06
1.00000E+01	1.06742E+01	2.78612E+06
1.00000E+01	1.09551E+01	2.83260E+06
1.00000E+01	1.12360E+01	2.87572E+06
1.00000E+01	1.15169E+01	2.91538E+06
1.00000E+01	1.17978E+01	2.95153E+06
1.00000E+01	1.20787E+01	2.98414E+06
1.00000E+01	1.23596E+01	3.01321E+06
1.00000E+01	1.26404E+01	3.03877E+06
1.00000E+01	1.29213E+01	3.06088E+06
1.00000E+01	1.32022E+01	3.07959E+06
1.00000E+01	1.34831E+01	3.09498E+06
1.00000E+01	1.37640E+01	3.10714E+06
1.00000E+01	1.40449E+01	3.11615E+06
1.00000E+01	1.43258E+01	3.12212E+06
1.00000E+01	1.46067E+01	3.12515E+06
1.00000E+01	1.48876E+01	3.12538E+06
1.00000E+01	1.51685E+01	3.12292E+06
1.00000E+01	1.54494E+01	3.11792E+06
1.00000E+01	1.57303E+01	3.11054E+06
1.00000E+01	1.60112E+01	3.10092E+06
1.00000E+01	1.62921E+01	3.08923E+06
1.00000E+01	1.65730E+01	3.07562E+06
1.00000E+01	1.68539E+01	3.06026E+06
1.00000E+01	1.71348E+01	3.04328E+06
1.00000E+01	1.74157E+01	3.02484E+06
1.00000E+01	1.76966E+01	3.00505E+06
1.00000E+01	1.79775E+01	2.98406E+06
1.00000E+01	1.82584E+01	2.96196E+06
1.00000E+01	1.85393E+01	2.93887E+06
1.00000E+01	1.88202E+01	2.91490E+06
1.00000E+01	1.91011E+01	2.89015E+06
1.00000E+01	1.93820E+01	2.86470E+06
1.00000E+01	1.96629E+01	2.83865E+06
1.00000E+01	1.99438E+01	2.81208E+06
1.00000E+01	2.02247E+01	2.78508E+06
1.00000E+01	2.05056E+01	2.75771E+06
1.00000E+01	2.07865E+01	2.73006E+06
1.00000E+01	2.10674E+01	2.70219E+06
1.00000E+01	2.13483E+01	2.67416E+06
1.00000E+01	2.16292E+01	2.64604E+06
1.00000E+01	2.19101E+01	2.61788E+06
1.00000E+01	2.21910E+01	2.58973E+06
1.00000E+01	2.24719E+01	2.56163E+06
1.00000E+01	2.27528E+01	2.53362E+06
1.00000E+01	2.30337E+01	2.50575E+06
1.00000E+01	2.33146E+01	2.47803E+06
1.00000E+01	2.35955E+01	2.45051E+06
1.00000E+01	2.38764E+01	2.42320E+06
1.00000E+01	2.41573E+01	2.39612E+06
1.00000E+01	2.44382E+01	2.36930E+06
1.00000E+01	2.47191E+01	2.34274E+06
1.00000E+01	2.50000E+01	2.31647E+06
