1.00000E-04	0.00000E+00	4.64403E+08
1.00000E-04	2.80899E-01	2.31114E+08
1.00000E-04	5.61798E-01	2.63233E+08
1.00000E-04	8.42697E-01	3.00119E+08
1.00000E-04	1.12360E+00	3.30581E+08
1.00000E-04	1.40449E+00	3.54013E+08
1.00000E-04	1.68539E+00	3.71420E+08
1.00000E-04	1.96629E+00	3.90539E+08
1.00000E-04	2.24719E+00	4.09748E+08
1.00000E-04	2.52809E+00	4.28759E+08
1.00000E-04	2.80899E+00	4.46605E+08
1.00000E-04	3.08989E+00	4.55132E+08
1.00000E-04	3.37079E+00	4.54435E+08
1.00000E-04	3.65169E+00	4.46494E+08
1.00000E-04	3.93258E+00	4.33452E+08
1.00000E-04	4.21348E+00	4.18203E+08
1.00000E-04	4.49438E+00	4.01582E+08
1.00000E-04	4.77528E+00	3.84605E+08
1.00000E-04	5.05618E+00	3.67842E+08
1.00000E-04	5.33708E+00	3.51809E+08
1.00000E-04	5.61798E+00	3.36438E+08
1.00000E-04	5.89888E+00	3.21984E+08
1.00000E-04	6.17978E+00	3.08336E+08
1.00000E-04	6.46067E+00	2.95517E+08
1.00000E-04	6.74157E+00	2.83583E+08
1.00000E-04	7.02247E+00	2.72376E+08
1.00000E-04	7.30337E+00	2.61912E+08
1.00000E-04	7.58427E+00	2.52156E+08
1.00000E-04	7.86517E+00	2.43014E+08
1.00000E-04	8.14607E+00	2.34495E+08
1.00000E-04	8.42697E+00	2.26442E+08
1.00000E-04	8.70787E+00	2.18867E+08
1.00000E-04	8.98876E+00	2.11706E+08
1.00000E-04	9.26966E+00	2.04949E+08
1.00000E-04	9.55056E+00	1.98489E+08
1.00000E-04	9.83146E+00	1.92327E+08
1.00000E-04	1.01124E+01	1.86389E+08
1.00000E-04	1.03933E+01	1.80654E+08
1.00000E-04	1.06742E+01	1.75106E+08
1.00000E-04	1.09551E+01	1.69694E+08
1.00000E-04	1.12360E+01	1.64440E+08
1.00000E-04	1.15169E+01	1.59314E+08
1.00000E-04	1.17978E+01	1.54360E+08
1.00000E-04	1.20787E+01	1.49606E+08
1.00000E-04	1.23596E+01	1.45041E+08
1.00000E-04	1.26404E+01	1.40671E+08
1.00000E-04	1.29213E+01	1.36499E+08
1.00000E-04	1.32022E+01	1.32521E+08
1.00000E-04	1.34831E+01	1.28717E+08
1.00000E-04	1.37640E+01	1.25085E+08
1.00000E-04	1.40449E+01	1.21620E+08
1.00000E-04	1.43258E+01	1.18305E+08
1.00000E-04	1.46067E+01	1.15139E+08
1.00000E-04	1.48876E+01	1.12107E+08
1.00000E-04	1.51685E+01	1.09205E+08
1.00000E-04	1.54494E+01	1.06428E+08
1.00000E-04	1.57303E+01	1.03765E+08
1.00000E-04	1.60112E+01	1.01209E+08
1.00000E-04	1.62921E+01	9.87580E+07
1.00000E-04	1.65730E+01	9.64063E+07
1.00000E-04	1.68539E+01	9.41430E+07
1.00000E-04	1.71348E+01	9.19689E+07
1.00000E-04	1.74157E+01	8.98759E+07
1.00000E-04	1.76966E+01	8.78635E+07
1.00000E-04	1.79775E+01	8.59253E+07
1.00000E-04	1.82584E+01	8.40590E+07
1.00000E-04	1.85393E+01	8.22562E+07
1.00000E-04	1.88202E+01	8.05182E+07
1.00000E-04	1.91011E+01	7.88414E+07
1.00000E-04	1.93820E+01	7.72217E+07
1.00000E-04	1.96629E+01	7.56598E+07
1.00000E-04	1.99438E+01	7.41501E+07
1.00000E-04	2.02247E+01	7.26876E+07
1.00000E-04	2.05056E+01	7.12737E+07
1.00000E-04	2.07865E+01	6.99073E+07
1.00000E-04	2.10674E+01	6.85795E+07
1.00000E-04	2.13483E+01	6.72974E+07
1.00000E-04	2.16292E+01	6.60529E+07
1.00000E-04	2.19101E+01	6.48470E+07
1.00000E-04	2.21910E+01	6.36782E+07
1.00000E-04	2.24719E+01	6.25438E+07
1.00000E-04	2.27528E+01	6.14417E+07
1.00000E-04	2.30337E+01	6.03732E+07
1.00000E-04	2.33146E+01	5.93342E+07
1.00000E-04	2.35955E+01	5.83240E+07
1.00000E-04	2.38764E+01	5.73430E+07
1.00000E-04	2.41573E+01	5.63902E+07
1.00000E-04	2.44382E+01	5.54619E+07
1.00000E-04	2.47191E+01	5.45602E+07
1.00000E-04	2.50000E+01	5.36816E+07
5.00000E-04	0.00000E+00	4.13830E+08
5.00000E-04	2.80899E-01	2.31078E+08
5.00000E-04	5.61798E-01	2.63235E+08
5.00000E-04	8.42697E-01	3.00161E+08
5.00000E-04	1.12360E+00	3.30516E+08
5.00000E-04	1.40449E+00	3.54012E+08
5.00000E-04	1.68539E+00	3.71420E+08
5.00000E-04	1.96629E+00	3.90539E+08
5.00000E-04	2.24719E+00	4.09748E+08
5.00000E-04	2.52809E+00	4.28759E+08
5.00000E-04	2.80899E+00	4.46605E+08
5.00000E-04	3.08989E+00	4.55156E+08
5.00000E-04	3.37079E+00	4.54435E+08
5.00000E-04	3.65169E+00	4.46490E+08
5.00000E-04	3.93258E+00	4.33455E+08
5.00000E-04	4.21348E+00	4.18158E+08
5.00000E-04	4.49438E+00	4.01581E+08
5.00000E-04	4.77528E+00	3.84605E+08
5.00000E-04	5.05618E+00	3.67843E+08
5.00000E-04	5.33708E+00	3.51809E+08
5.00000E-04	5.61798E+00	3.36438E+08
5.00000E-04	5.89888E+00	3.21983E+08
5.00000E-04	6.17978E+00	3.08336E+08
5.00000E-04	6.46067E+00	2.95517E+08
5.00000E-04	6.74157E+00	2.83583E+08
5.00000E-04	7.02247E+00	2.72376E+08
5.00000E-04	7.30337E+00	2.61915E+08
5.00000E-04	7.58427E+00	2.52156E+08
5.00000E-04	7.86517E+00	2.43014E+08
5.00000E-04	8.14607E+00	2.34495E+08
5.00000E-04	8.42697E+00	2.26442E+08
5.00000E-04	8.70787E+00	2.18867E+08
5.00000E-04	8.98876E+00	2.11717E+08
5.00000E-04	9.26966E+00	2.04949E+08
5.00000E-04	9.55056E+00	1.98489E+08
5.00000E-04	9.83146E+00	1.92327E+08
5.00000E-04	1.01124E+01	1.86389E+08
5.00000E-04	1.03933E+01	1.80652E+08
5.00000E-04	1.06742E+01	1.75106E+08
5.00000E-04	1.09551E+01	1.69694E+08
5.00000E-04	1.12360E+01	1.64440E+08
5.00000E-04	1.15169E+01	1.59314E+08
5.00000E-04	1.17978E+01	1.54360E+08
5.00000E-04	1.20787E+01	1.49606E+08
5.00000E-04	1.23596E+01	1.45041E+08
5.00000E-04	1.26404E+01	1.40671E+08
5.00000E-04	1.29213E+01	1.36499E+08
5.00000E-04	1.32022E+01	1.32521E+08
5.00000E-04	1.34831E+01	1.28717E+08
5.00000E-04	1.37640E+01	1.25085E+08
5.00000E-04	1.40449E+01	1.21620E+08
5.00000E-04	1.43258E+01	1.18305E+08
5.00000E-04	1.46067E+01	1.15139E+08
5.00000E-04	1.48876E+01	1.12107E+08
5.00000E-04	1.51685E+01	1.09205E+08
5.00000E-04	1.54494E+01	1.06428E+08
5.00000E-04	1.57303E+01	1.03765E+08
5.00000E-04	1.60112E+01	1.01209E+08
5.00000E-04	1.62921E+01	9.87580E+07
5.00000E-04	1.65730E+01	9.64063E+07
5.00000E-04	1.68539E+01	9.41430E+07
5.00000E-04	1.71348E+01	9.19689E+07
5.00000E-04	1.74157E+01	8.98759E+07
5.00000E-04	1.76966E+01	8.78635E+07
5.00000E-04	1.79775E+01	8.59253E+07
5.00000E-04	1.82584E+01	8.40590E+07
5.00000E-04	1.85393E+01	8.22562E+07
5.00000E-04	1.88202E+01	8.05182E+07
5.00000E-04	1.91011E+01	7.88414E+07
5.00000E-04	1.93820E+01	7.72217E+07
5.00000E-04	1.96629E+01	7.56598E+07
5.00000E-04	1.99438E+01	7.41498E+07
5.00000E-04	2.02247E+01	7.26876E+07
5.00000E-04	2.05056E+01	7.12737E+07
5.00000E-04	2.07865E+01	6.99073E+07
5.00000E-04	2.10674E+01	6.85795E+07
5.00000E-04	2.13483E+01	6.72974E+07
5.00000E-04	2.16292E+01	6.60529E+07
5.00000E-04	2.19101E+01	6.48470E+07
5.00000E-04	2.21910E+01	6.36782E+07
5.00000E-04	2.24719E+01	6.25438E+07
5.00000E-04	2.27528E+01	6.14417E+07
5.00000E-04	2.30337E+01	6.03732E+07
5.00000E-04	2.33146E+01	5.93342E+07
5.00000E-04	2.35955E+01	5.83240E+07
5.00000E-04	2.38764E+01	5.73430E+07
5.00000E-04	2.41573E+01	5.63902E+07
5.00000E-04	2.44382E+01	5.54619E+07
5.00000E-04	2.47191E+01	5.45602E+07
5.00000E-04	2.50000E+01	5.36816E+07
1.00000E-03	0.00000E+00	3.86153E+08
1.00000E-03	2.80899E-01	2.31076E+08
1.00000E-03	5.61798E-01	2.63235E+08
1.00000E-03	8.42697E-01	3.00188E+08
1.00000E-03	1.12360E+00	3.30463E+08
1.00000E-03	1.40449E+00	3.53995E+08
1.00000E-03	1.68539E+00	3.71422E+08
1.00000E-03	1.96629E+00	3.90538E+08
1.00000E-03	2.24719E+00	4.09744E+08
1.00000E-03	2.52809E+00	4.28757E+08
1.00000E-03	2.80899E+00	4.46605E+08
1.00000E-03	3.08989E+00	4.55207E+08
1.00000E-03	3.37079E+00	4.54441E+08
1.00000E-03	3.65169E+00	4.46463E+08
1.00000E-03	3.93258E+00	4.33479E+08
1.00000E-03	4.21348E+00	4.18140E+08
1.00000E-03	4.49438E+00	4.01573E+08
1.00000E-03	4.77528E+00	3.84600E+08
1.00000E-03	5.05618E+00	3.67849E+08
1.00000E-03	5.33708E+00	3.51809E+08
1.00000E-03	5.61798E+00	3.36438E+08
1.00000E-03	5.89888E+00	3.21977E+08
1.00000E-03	6.17978E+00	3.08336E+08
1.00000E-03	6.46067E+00	2.95517E+08
1.00000E-03	6.74157E+00	2.83581E+08
1.00000E-03	7.02247E+00	2.72376E+08
1.00000E-03	7.30337E+00	2.61915E+08
1.00000E-03	7.58427E+00	2.52156E+08
1.00000E-03	7.86517E+00	2.43014E+08
1.00000E-03	8.14607E+00	2.34495E+08
1.00000E-03	8.42697E+00	2.26442E+08
1.00000E-03	8.70787E+00	2.18867E+08
1.00000E-03	8.98876E+00	2.11719E+08
1.00000E-03	9.26966E+00	2.04949E+08
1.00000E-03	9.55056E+00	1.98489E+08
1.00000E-03	9.83146E+00	1.92327E+08
1.00000E-03	1.01124E+01	1.86389E+08
1.00000E-03	1.03933E+01	1.80651E+08
1.00000E-03	1.06742E+01	1.75106E+08
1.00000E-03	1.09551E+01	1.69694E+08
1.00000E-03	1.12360E+01	1.64440E+08
1.00000E-03	1.15169E+01	1.59314E+08
1.00000E-03	1.17978E+01	1.54360E+08
1.00000E-03	1.20787E+01	1.49606E+08
1.00000E-03	1.23596E+01	1.45041E+08
1.00000E-03	1.26404E+01	1.40671E+08
1.00000E-03	1.29213E+01	1.36499E+08
1.00000E-03	1.32022E+01	1.32521E+08
1.00000E-03	1.34831E+01	1.28717E+08
1.00000E-03	1.37640E+01	1.25085E+08
1.00000E-03	1.40449E+01	1.21620E+08
1.00000E-03	1.43258E+01	1.18305E+08
1.00000E-03	1.46067E+01	1.15139E+08
1.00000E-03	1.48876E+01	1.12107E+08
1.00000E-03	1.51685E+01	1.09205E+08
1.00000E-03	1.54494E+01	1.06428E+08
1.00000E-03	1.57303E+01	1.03765E+08
1.00000E-03	1.60112E+01	1.01209E+08
1.00000E-03	1.62921E+01	9.87580E+07
1.00000E-03	1.65730E+01	9.64063E+07
1.00000E-03	1.68539E+01	9.41430E+07
1.00000E-03	1.71348E+01	9.19689E+07
1.00000E-03	1.74157E+01	8.98759E+07
1.00000E-03	1.76966E+01	8.78635E+07
1.00000E-03	1.79775E+01	8.59253E+07
1.00000E-03	1.82584E+01	8.40590E+07
1.00000E-03	1.85393E+01	8.22562E+07
1.00000E-03	1.88202E+01	8.05182E+07
1.00000E-03	1.91011E+01	7.88415E+07
1.00000E-03	1.93820E+01	7.72217E+07
1.00000E-03	1.96629E+01	7.56598E+07
1.00000E-03	1.99438E+01	7.41493E+07
1.00000E-03	2.02247E+01	7.26876E+07
1.00000E-03	2.05056E+01	7.12737E+07
1.00000E-03	2.07865E+01	6.99073E+07
1.00000E-03	2.10674E+01	6.85795E+07
1.00000E-03	2.13483E+01	6.72974E+07
1.00000E-03	2.16292E+01	6.60529E+07
1.00000E-03	2.19101E+01	6.48470E+07
1.00000E-03	2.21910E+01	6.36782E+07
1.00000E-03	2.24719E+01	6.25438E+07
1.00000E-03	2.27528E+01	6.14417E+07
1.00000E-03	2.30337E+01	6.03732E+07
1.00000E-03	2.33146E+01	5.93342E+07
1.00000E-03	2.35955E+01	5.83240E+07
1.00000E-03	2.38764E+01	5.73430E+07
1.00000E-03	2.41573E+01	5.63902E+07
1.00000E-03	2.44382E+01	5.54619E+07
1.00000E-03	2.47191E+01	5.45602E+07
1.00000E-03	2.50000E+01	5.36816E+07
5.00000E-03	0.00000E+00	3.06055E+08
5.00000E-03	2.80899E-01	2.31077E+08
5.00000E-03	5.61798E-01	2.63235E+08
5.00000E-03	8.42697E-01	3.00194E+08
5.00000E-03	1.12360E+00	3.30427E+08
5.00000E-03	1.40449E+00	3.53955E+08
5.00000E-03	1.68539E+00	3.71428E+08
5.00000E-03	1.96629E+00	3.90519E+08
5.00000E-03	2.24719E+00	4.09702E+08
5.00000E-03	2.52809E+00	4.28751E+08
5.00000E-03	2.80899E+00	4.46599E+08
5.00000E-03	3.08989E+00	4.55279E+08
5.00000E-03	3.37079E+00	4.54458E+08
5.00000E-03	3.65169E+00	4.46381E+08
5.00000E-03	3.93258E+00	4.33550E+08
5.00000E-03	4.21348E+00	4.18125E+08
5.00000E-03	4.49438E+00	4.01508E+08
5.00000E-03	4.77528E+00	3.84560E+08
5.00000E-03	5.05618E+00	3.67882E+08
5.00000E-03	5.33708E+00	3.51795E+08
5.00000E-03	5.61798E+00	3.36449E+08
5.00000E-03	5.89888E+00	3.21952E+08
5.00000E-03	6.17978E+00	3.08323E+08
5.00000E-03	6.46067E+00	2.95518E+08
5.00000E-03	6.74157E+00	2.83556E+08
5.00000E-03	7.02247E+00	2.72364E+08
5.00000E-03	7.30337E+00	2.61915E+08
5.00000E-03	7.58427E+00	2.52155E+08
5.00000E-03	7.86517E+00	2.43018E+08
5.00000E-03	8.14607E+00	2.34485E+08
5.00000E-03	8.42697E+00	2.26441E+08
5.00000E-03	8.70787E+00	2.18867E+08
5.00000E-03	8.98876E+00	2.11720E+08
5.00000E-03	9.26966E+00	2.04945E+08
5.00000E-03	9.55056E+00	1.98488E+08
5.00000E-03	9.83146E+00	1.92325E+08
5.00000E-03	1.01124E+01	1.86388E+08
5.00000E-03	1.03933E+01	1.80651E+08
5.00000E-03	1.06742E+01	1.75106E+08
5.00000E-03	1.09551E+01	1.69694E+08
5.00000E-03	1.12360E+01	1.64436E+08
5.00000E-03	1.15169E+01	1.59312E+08
5.00000E-03	1.17978E+01	1.54360E+08
5.00000E-03	1.20787E+01	1.49604E+08
5.00000E-03	1.23596E+01	1.45041E+08
5.00000E-03	1.26404E+01	1.40671E+08
5.00000E-03	1.29213E+01	1.36501E+08
5.00000E-03	1.32022E+01	1.32521E+08
5.00000E-03	1.34831E+01	1.28718E+08
5.00000E-03	1.37640E+01	1.25086E+08
5.00000E-03	1.40449E+01	1.21620E+08
5.00000E-03	1.43258E+01	1.18305E+08
5.00000E-03	1.46067E+01	1.15139E+08
5.00000E-03	1.48876E+01	1.12107E+08
5.00000E-03	1.51685E+01	1.09205E+08
5.00000E-03	1.54494E+01	1.06428E+08
5.00000E-03	1.57303E+01	1.03765E+08
5.00000E-03	1.60112E+01	1.01209E+08
5.00000E-03	1.62921E+01	9.87582E+07
5.00000E-03	1.65730E+01	9.64061E+07
5.00000E-03	1.68539E+01	9.41430E+07
5.00000E-03	1.71348E+01	9.19689E+07
5.00000E-03	1.74157E+01	8.98767E+07
5.00000E-03	1.76966E+01	8.78637E+07
5.00000E-03	1.79775E+01	8.59253E+07
5.00000E-03	1.82584E+01	8.40589E+07
5.00000E-03	1.85393E+01	8.22562E+07
5.00000E-03	1.88202E+01	8.05182E+07
5.00000E-03	1.91011E+01	7.88416E+07
5.00000E-03	1.93820E+01	7.72217E+07
5.00000E-03	1.96629E+01	7.56598E+07
5.00000E-03	1.99438E+01	7.41486E+07
5.00000E-03	2.02247E+01	7.26876E+07
5.00000E-03	2.05056E+01	7.12737E+07
5.00000E-03	2.07865E+01	6.99071E+07
5.00000E-03	2.10674E+01	6.85795E+07
5.00000E-03	2.13483E+01	6.72974E+07
5.00000E-03	2.16292E+01	6.60529E+07
5.00000E-03	2.19101E+01	6.48470E+07
5.00000E-03	2.21910E+01	6.36782E+07
5.00000E-03	2.24719E+01	6.25438E+07
5.00000E-03	2.27528E+01	6.14417E+07
5.00000E-03	2.30337E+01	6.03732E+07
5.00000E-03	2.33146E+01	5.93341E+07
5.00000E-03	2.35955E+01	5.83240E+07
5.00000E-03	2.38764E+01	5.73430E+07
5.00000E-03	2.41573E+01	5.63901E+07
5.00000E-03	2.44382E+01	5.54619E+07
5.00000E-03	2.47191E+01	5.45602E+07
5.00000E-03	2.50000E+01	5.36816E+07
1.00000E-02	0.00000E+00	2.73637E+08
1.00000E-02	2.80899E-01	2.31081E+08
1.00000E-02	5.61798E-01	2.63237E+08
1.00000E-02	8.42697E-01	3.00195E+08
1.00000E-02	1.12360E+00	3.30428E+08
1.00000E-02	1.40449E+00	3.53955E+08
1.00000E-02	1.68539E+00	3.71428E+08
1.00000E-02	1.96629E+00	3.90519E+08
1.00000E-02	2.24719E+00	4.09701E+08
1.00000E-02	2.52809E+00	4.28751E+08
1.00000E-02	2.80899E+00	4.46599E+08
1.00000E-02	3.08989E+00	4.55281E+08
1.00000E-02	3.37079E+00	4.54457E+08
1.00000E-02	3.65169E+00	4.46376E+08
1.00000E-02	3.93258E+00	4.33557E+08
1.00000E-02	4.21348E+00	4.18125E+08
1.00000E-02	4.49438E+00	4.01497E+08
1.00000E-02	4.77528E+00	3.84554E+08
1.00000E-02	5.05618E+00	3.67885E+08
1.00000E-02	5.33708E+00	3.51790E+08
1.00000E-02	5.61798E+00	3.36454E+08
1.00000E-02	5.89888E+00	3.21948E+08
1.00000E-02	6.17978E+00	3.08315E+08
1.00000E-02	6.46067E+00	2.95519E+08
1.00000E-02	6.74157E+00	2.83551E+08
1.00000E-02	7.02247E+00	2.72360E+08
1.00000E-02	7.30337E+00	2.61914E+08
1.00000E-02	7.58427E+00	2.52155E+08
1.00000E-02	7.86517E+00	2.43020E+08
1.00000E-02	8.14607E+00	2.34476E+08
1.00000E-02	8.42697E+00	2.26437E+08
1.00000E-02	8.70787E+00	2.18868E+08
1.00000E-02	8.98876E+00	2.11721E+08
1.00000E-02	9.26966E+00	2.04940E+08
1.00000E-02	9.55056E+00	1.98488E+08
1.00000E-02	9.83146E+00	1.92321E+08
1.00000E-02	1.01124E+01	1.86384E+08
1.00000E-02	1.03933E+01	1.80651E+08
1.00000E-02	1.06742E+01	1.75104E+08
1.00000E-02	1.09551E+01	1.69696E+08
1.00000E-02	1.12360E+01	1.64433E+08
1.00000E-02	1.15169E+01	1.59310E+08
1.00000E-02	1.17978E+01	1.54360E+08
1.00000E-02	1.20787E+01	1.49602E+08
1.00000E-02	1.23596E+01	1.45040E+08
1.00000E-02	1.26404E+01	1.40672E+08
1.00000E-02	1.29213E+01	1.36502E+08
1.00000E-02	1.32022E+01	1.32521E+08
1.00000E-02	1.34831E+01	1.28719E+08
1.00000E-02	1.37640E+01	1.25087E+08
1.00000E-02	1.40449E+01	1.21620E+08
1.00000E-02	1.43258E+01	1.18305E+08
1.00000E-02	1.46067E+01	1.15139E+08
1.00000E-02	1.48876E+01	1.12107E+08
1.00000E-02	1.51685E+01	1.09206E+08
1.00000E-02	1.54494E+01	1.06428E+08
1.00000E-02	1.57303E+01	1.03764E+08
1.00000E-02	1.60112E+01	1.01209E+08
1.00000E-02	1.62921E+01	9.87584E+07
1.00000E-02	1.65730E+01	9.64057E+07
1.00000E-02	1.68539E+01	9.41430E+07
1.00000E-02	1.71348E+01	9.19689E+07
1.00000E-02	1.74157E+01	8.98768E+07
1.00000E-02	1.76966E+01	8.78639E+07
1.00000E-02	1.79775E+01	8.59253E+07
1.00000E-02	1.82584E+01	8.40584E+07
1.00000E-02	1.85393E+01	8.22562E+07
1.00000E-02	1.88202E+01	8.05184E+07
1.00000E-02	1.91011E+01	7.88416E+07
1.00000E-02	1.93820E+01	7.72218E+07
1.00000E-02	1.96629E+01	7.56598E+07
1.00000E-02	1.99438E+01	7.41485E+07
1.00000E-02	2.02247E+01	7.26875E+07
1.00000E-02	2.05056E+01	7.12739E+07
1.00000E-02	2.07865E+01	6.99067E+07
1.00000E-02	2.10674E+01	6.85796E+07
1.00000E-02	2.13483E+01	6.72974E+07
1.00000E-02	2.16292E+01	6.60530E+07
1.00000E-02	2.19101E+01	6.48470E+07
1.00000E-02	2.21910E+01	6.36782E+07
1.00000E-02	2.24719E+01	6.25437E+07
1.00000E-02	2.27528E+01	6.14417E+07
1.00000E-02	2.30337E+01	6.03730E+07
1.00000E-02	2.33146E+01	5.93339E+07
1.00000E-02	2.35955E+01	5.83241E+07
1.00000E-02	2.38764E+01	5.73431E+07
1.00000E-02	2.41573E+01	5.63898E+07
1.00000E-02	2.44382E+01	5.54619E+07
1.00000E-02	2.47191E+01	5.45602E+07
1.00000E-02	2.50000E+01	5.36816E+07
5.00000E-02	0.00000E+00	2.05169E+08
5.00000E-02	2.80899E-01	2.31149E+08
5.00000E-02	5.61798E-01	2.63271E+08
5.00000E-02	8.42697E-01	3.00218E+08
5.00000E-02	1.12360E+00	3.30438E+08
5.00000E-02	1.40449E+00	3.53958E+08
5.00000E-02	1.68539E+00	3.71435E+08
5.00000E-02	1.96629E+00	3.90524E+08
5.00000E-02	2.24719E+00	4.09704E+08
5.00000E-02	2.52809E+00	4.28755E+08
5.00000E-02	2.80899E+00	4.46598E+08
5.00000E-02	3.08989E+00	4.55279E+08
5.00000E-02	3.37079E+00	4.54455E+08
5.00000E-02	3.65169E+00	4.46374E+08
5.00000E-02	3.93258E+00	4.33555E+08
5.00000E-02	4.21348E+00	4.18124E+08
5.00000E-02	4.49438E+00	4.01494E+08
5.00000E-02	4.77528E+00	3.84553E+08
5.00000E-02	5.05618E+00	3.67884E+08
5.00000E-02	5.33708E+00	3.51789E+08
5.00000E-02	5.61798E+00	3.36454E+08
5.00000E-02	5.89888E+00	3.21948E+08
5.00000E-02	6.17978E+00	3.08314E+08
5.00000E-02	6.46067E+00	2.95519E+08
5.00000E-02	6.74157E+00	2.83549E+08
5.00000E-02	7.02247E+00	2.72360E+08
5.00000E-02	7.30337E+00	2.61914E+08
5.00000E-02	7.58427E+00	2.52155E+08
5.00000E-02	7.86517E+00	2.43020E+08
5.00000E-02	8.14607E+00	2.34472E+08
5.00000E-02	8.42697E+00	2.26435E+08
5.00000E-02	8.70787E+00	2.18869E+08
5.00000E-02	8.98876E+00	2.11721E+08
5.00000E-02	9.26966E+00	2.04939E+08
5.00000E-02	9.55056E+00	1.98488E+08
5.00000E-02	9.83146E+00	1.92319E+08
5.00000E-02	1.01124E+01	1.86382E+08
5.00000E-02	1.03933E+01	1.80651E+08
5.00000E-02	1.06742E+01	1.75101E+08
5.00000E-02	1.09551E+01	1.69700E+08
5.00000E-02	1.12360E+01	1.64430E+08
5.00000E-02	1.15169E+01	1.59308E+08
5.00000E-02	1.17978E+01	1.54360E+08
5.00000E-02	1.20787E+01	1.49601E+08
5.00000E-02	1.23596E+01	1.45038E+08
5.00000E-02	1.26404E+01	1.40674E+08
5.00000E-02	1.29213E+01	1.36502E+08
5.00000E-02	1.32022E+01	1.32521E+08
5.00000E-02	1.34831E+01	1.28720E+08
5.00000E-02	1.37640E+01	1.25088E+08
5.00000E-02	1.40449E+01	1.21619E+08
5.00000E-02	1.43258E+01	1.18306E+08
5.00000E-02	1.46067E+01	1.15139E+08
5.00000E-02	1.48876E+01	1.12107E+08
5.00000E-02	1.51685E+01	1.09206E+08
5.00000E-02	1.54494E+01	1.06428E+08
5.00000E-02	1.57303E+01	1.03764E+08
5.00000E-02	1.60112E+01	1.01209E+08
5.00000E-02	1.62921E+01	9.87585E+07
5.00000E-02	1.65730E+01	9.64052E+07
5.00000E-02	1.68539E+01	9.41431E+07
5.00000E-02	1.71348E+01	9.19682E+07
5.00000E-02	1.74157E+01	8.98769E+07
5.00000E-02	1.76966E+01	8.78639E+07
5.00000E-02	1.79775E+01	8.59252E+07
5.00000E-02	1.82584E+01	8.40571E+07
5.00000E-02	1.85393E+01	8.22563E+07
5.00000E-02	1.88202E+01	8.05186E+07
5.00000E-02	1.91011E+01	7.88416E+07
5.00000E-02	1.93820E+01	7.72230E+07
5.00000E-02	1.96629E+01	7.56596E+07
5.00000E-02	1.99438E+01	7.41484E+07
5.00000E-02	2.02247E+01	7.26870E+07
5.00000E-02	2.05056E+01	7.12740E+07
5.00000E-02	2.07865E+01	6.99058E+07
5.00000E-02	2.10674E+01	6.85804E+07
5.00000E-02	2.13483E+01	6.72970E+07
5.00000E-02	2.16292E+01	6.60535E+07
5.00000E-02	2.19101E+01	6.48476E+07
5.00000E-02	2.21910E+01	6.36779E+07
5.00000E-02	2.24719E+01	6.25435E+07
5.00000E-02	2.27528E+01	6.14422E+07
5.00000E-02	2.30337E+01	6.03725E+07
5.00000E-02	2.33146E+01	5.93337E+07
5.00000E-02	2.35955E+01	5.83245E+07
5.00000E-02	2.38764E+01	5.73434E+07
5.00000E-02	2.41573E+01	5.63894E+07
5.00000E-02	2.44382E+01	5.54620E+07
5.00000E-02	2.47191E+01	5.45598E+07
5.00000E-02	2.50000E+01	5.36816E+07
1.00000E-01	0.00000E+00	1.87698E+08
1.00000E-01	2.80899E-01	2.31261E+08
1.00000E-01	5.61798E-01	2.63370E+08
1.00000E-01	8.42697E-01	3.00287E+08
1.00000E-01	1.12360E+00	3.30470E+08
1.00000E-01	1.40449E+00	3.53967E+08
1.00000E-01	1.68539E+00	3.71456E+08
1.00000E-01	1.96629E+00	3.90538E+08
1.00000E-01	2.24719E+00	4.09712E+08
1.00000E-01	2.52809E+00	4.28769E+08
1.00000E-01	2.80899E+00	4.46594E+08
1.00000E-01	3.08989E+00	4.55271E+08
1.00000E-01	3.37079E+00	4.54447E+08
1.00000E-01	3.65169E+00	4.46367E+08
1.00000E-01	3.93258E+00	4.33551E+08
1.00000E-01	4.21348E+00	4.18120E+08
1.00000E-01	4.49438E+00	4.01491E+08
1.00000E-01	4.77528E+00	3.84551E+08
1.00000E-01	5.05618E+00	3.67883E+08
1.00000E-01	5.33708E+00	3.51788E+08
1.00000E-01	5.61798E+00	3.36453E+08
1.00000E-01	5.89888E+00	3.21947E+08
1.00000E-01	6.17978E+00	3.08313E+08
1.00000E-01	6.46067E+00	2.95518E+08
1.00000E-01	6.74157E+00	2.83549E+08
1.00000E-01	7.02247E+00	2.72359E+08
1.00000E-01	7.30337E+00	2.61914E+08
1.00000E-01	7.58427E+00	2.52155E+08
1.00000E-01	7.86517E+00	2.43020E+08
1.00000E-01	8.14607E+00	2.34471E+08
1.00000E-01	8.42697E+00	2.26435E+08
1.00000E-01	8.70787E+00	2.18869E+08
1.00000E-01	8.98876E+00	2.11721E+08
1.00000E-01	9.26966E+00	2.04939E+08
1.00000E-01	9.55056E+00	1.98488E+08
1.00000E-01	9.83146E+00	1.92319E+08
1.00000E-01	1.01124E+01	1.86382E+08
1.00000E-01	1.03933E+01	1.80651E+08
1.00000E-01	1.06742E+01	1.75101E+08
1.00000E-01	1.09551E+01	1.69700E+08
1.00000E-01	1.12360E+01	1.64430E+08
1.00000E-01	1.15169E+01	1.59308E+08
1.00000E-01	1.17978E+01	1.54360E+08
1.00000E-01	1.20787E+01	1.49601E+08
1.00000E-01	1.23596E+01	1.45038E+08
1.00000E-01	1.26404E+01	1.40674E+08
1.00000E-01	1.29213E+01	1.36502E+08
1.00000E-01	1.32022E+01	1.32521E+08
1.00000E-01	1.34831E+01	1.28720E+08
1.00000E-01	1.37640E+01	1.25088E+08
1.00000E-01	1.40449E+01	1.21619E+08
1.00000E-01	1.43258E+01	1.18306E+08
1.00000E-01	1.46067E+01	1.15139E+08
1.00000E-01	1.48876E+01	1.12107E+08
1.00000E-01	1.51685E+01	1.09206E+08
1.00000E-01	1.54494E+01	1.06428E+08
1.00000E-01	1.57303E+01	1.03764E+08
1.00000E-01	1.60112E+01	1.01209E+08
1.00000E-01	1.62921E+01	9.87585E+07
1.00000E-01	1.65730E+01	9.64052E+07
1.00000E-01	1.68539E+01	9.41431E+07
1.00000E-01	1.71348E+01	9.19681E+07
1.00000E-01	1.74157E+01	8.98769E+07
1.00000E-01	1.76966E+01	8.78639E+07
1.00000E-01	1.79775E+01	8.59252E+07
1.00000E-01	1.82584E+01	8.40571E+07
1.00000E-01	1.85393E+01	8.22563E+07
1.00000E-01	1.88202E+01	8.05186E+07
1.00000E-01	1.91011E+01	7.88416E+07
1.00000E-01	1.93820E+01	7.72230E+07
1.00000E-01	1.96629E+01	7.56596E+07
1.00000E-01	1.99438E+01	7.41484E+07
1.00000E-01	2.02247E+01	7.26870E+07
1.00000E-01	2.05056E+01	7.12740E+07
1.00000E-01	2.07865E+01	6.99058E+07
1.00000E-01	2.10674E+01	6.85804E+07
1.00000E-01	2.13483E+01	6.72970E+07
1.00000E-01	2.16292E+01	6.60535E+07
1.00000E-01	2.19101E+01	6.48476E+07
1.00000E-01	2.21910E+01	6.36779E+07
1.00000E-01	2.24719E+01	6.25435E+07
1.00000E-01	2.27528E+01	6.14422E+07
1.00000E-01	2.30337E+01	6.03725E+07
1.00000E-01	2.33146E+01	5.93337E+07
1.00000E-01	2.35955E+01	5.83245E+07
1.00000E-01	2.38764E+01	5.73434E+07
1.00000E-01	2.41573E+01	5.63894E+07
1.00000E-01	2.44382E+01	5.54620E+07
1.00000E-01	2.47191E+01	5.45598E+07
1.00000E-01	2.50000E+01	5.36816E+07
2.00000E-01	0.00000E+00	1.82710E+08
2.00000E-01	2.80899E-01	2.31527E+08
2.00000E-01	5.61798E-01	2.63718E+08
2.00000E-01	8.42697E-01	3.00525E+08
2.00000E-01	1.12360E+00	3.30586E+08
2.00000E-01	1.40449E+00	3.53995E+08
2.00000E-01	1.68539E+00	3.71534E+08
2.00000E-01	1.96629E+00	3.90592E+08
2.00000E-01	2.24719E+00	4.09744E+08
2.00000E-01	2.52809E+00	4.28816E+08
2.00000E-01	2.80899E+00	4.46579E+08
2.00000E-01	3.08989E+00	4.55242E+08
2.00000E-01	3.37079E+00	4.54416E+08
2.00000E-01	3.65169E+00	4.46339E+08
2.00000E-01	3.93258E+00	4.33530E+08
2.00000E-01	4.21348E+00	4.18104E+08
2.00000E-01	4.49438E+00	4.01479E+08
2.00000E-01	4.77528E+00	3.84542E+08
2.00000E-01	5.05618E+00	3.67876E+08
2.00000E-01	5.33708E+00	3.51783E+08
2.00000E-01	5.61798E+00	3.36449E+08
2.00000E-01	5.89888E+00	3.21944E+08
2.00000E-01	6.17978E+00	3.08310E+08
2.00000E-01	6.46067E+00	2.95516E+08
2.00000E-01	6.74157E+00	2.83547E+08
2.00000E-01	7.02247E+00	2.72358E+08
2.00000E-01	7.30337E+00	2.61913E+08
2.00000E-01	7.58427E+00	2.52154E+08
2.00000E-01	7.86517E+00	2.43019E+08
2.00000E-01	8.14607E+00	2.34471E+08
2.00000E-01	8.42697E+00	2.26434E+08
2.00000E-01	8.70787E+00	2.18868E+08
2.00000E-01	8.98876E+00	2.11720E+08
2.00000E-01	9.26966E+00	2.04938E+08
2.00000E-01	9.55056E+00	1.98487E+08
2.00000E-01	9.83146E+00	1.92318E+08
2.00000E-01	1.01124E+01	1.86381E+08
2.00000E-01	1.03933E+01	1.80650E+08
2.00000E-01	1.06742E+01	1.75100E+08
2.00000E-01	1.09551E+01	1.69699E+08
2.00000E-01	1.12360E+01	1.64429E+08
2.00000E-01	1.15169E+01	1.59307E+08
2.00000E-01	1.17978E+01	1.54359E+08
2.00000E-01	1.20787E+01	1.49601E+08
2.00000E-01	1.23596E+01	1.45038E+08
2.00000E-01	1.26404E+01	1.40673E+08
2.00000E-01	1.29213E+01	1.36502E+08
2.00000E-01	1.32022E+01	1.32520E+08
2.00000E-01	1.34831E+01	1.28719E+08
2.00000E-01	1.37640E+01	1.25088E+08
2.00000E-01	1.40449E+01	1.21619E+08
2.00000E-01	1.43258E+01	1.18306E+08
2.00000E-01	1.46067E+01	1.15139E+08
2.00000E-01	1.48876E+01	1.12107E+08
2.00000E-01	1.51685E+01	1.09206E+08
2.00000E-01	1.54494E+01	1.06428E+08
2.00000E-01	1.57303E+01	1.03764E+08
2.00000E-01	1.60112E+01	1.01209E+08
2.00000E-01	1.62921E+01	9.87585E+07
2.00000E-01	1.65730E+01	9.64052E+07
2.00000E-01	1.68539E+01	9.41430E+07
2.00000E-01	1.71348E+01	9.19681E+07
2.00000E-01	1.74157E+01	8.98769E+07
2.00000E-01	1.76966E+01	8.78639E+07
2.00000E-01	1.79775E+01	8.59252E+07
2.00000E-01	1.82584E+01	8.40570E+07
2.00000E-01	1.85393E+01	8.22563E+07
2.00000E-01	1.88202E+01	8.05186E+07
2.00000E-01	1.91011E+01	7.88416E+07
2.00000E-01	1.93820E+01	7.72230E+07
2.00000E-01	1.96629E+01	7.56596E+07
2.00000E-01	1.99438E+01	7.41484E+07
2.00000E-01	2.02247E+01	7.26870E+07
2.00000E-01	2.05056E+01	7.12740E+07
2.00000E-01	2.07865E+01	6.99057E+07
2.00000E-01	2.10674E+01	6.85804E+07
2.00000E-01	2.13483E+01	6.72970E+07
2.00000E-01	2.16292E+01	6.60535E+07
2.00000E-01	2.19101E+01	6.48476E+07
2.00000E-01	2.21910E+01	6.36779E+07
2.00000E-01	2.24719E+01	6.25435E+07
2.00000E-01	2.27528E+01	6.14422E+07
2.00000E-01	2.30337E+01	6.03725E+07
2.00000E-01	2.33146E+01	5.93337E+07
2.00000E-01	2.35955E+01	5.83245E+07
2.00000E-01	2.38764E+01	5.73434E+07
2.00000E-01	2.41573E+01	5.63894E+07
2.00000E-01	2.44382E+01	5.54620E+07
2.00000E-01	2.47191E+01	5.45598E+07
2.00000E-01	2.50000E+01	5.36816E+07
2.50000E-01	0.00000E+00	1.83764E+08
2.50000E-01	2.80899E-01	2.31606E+08
2.50000E-01	5.61798E-01	2.63950E+08
2.50000E-01	8.42697E-01	3.00675E+08
2.50000E-01	1.12360E+00	3.30667E+08
2.50000E-01	1.40449E+00	3.54012E+08
2.50000E-01	1.68539E+00	3.71589E+08
2.50000E-01	1.96629E+00	3.90632E+08
2.50000E-01	2.24719E+00	4.09769E+08
2.50000E-01	2.52809E+00	4.28849E+08
2.50000E-01	2.80899E+00	4.46566E+08
2.50000E-01	3.08989E+00	4.55219E+08
2.50000E-01	3.37079E+00	4.54392E+08
2.50000E-01	3.65169E+00	4.46318E+08
2.50000E-01	3.93258E+00	4.33515E+08
2.50000E-01	4.21348E+00	4.18092E+08
2.50000E-01	4.49438E+00	4.01469E+08
2.50000E-01	4.77528E+00	3.84535E+08
2.50000E-01	5.05618E+00	3.67870E+08
2.50000E-01	5.33708E+00	3.51779E+08
2.50000E-01	5.61798E+00	3.36445E+08
2.50000E-01	5.89888E+00	3.21942E+08
2.50000E-01	6.17978E+00	3.08308E+08
2.50000E-01	6.46067E+00	2.95515E+08
2.50000E-01	6.74157E+00	2.83546E+08
2.50000E-01	7.02247E+00	2.72357E+08
2.50000E-01	7.30337E+00	2.61912E+08
2.50000E-01	7.58427E+00	2.52153E+08
2.50000E-01	7.86517E+00	2.43019E+08
2.50000E-01	8.14607E+00	2.34470E+08
2.50000E-01	8.42697E+00	2.26434E+08
2.50000E-01	8.70787E+00	2.18868E+08
2.50000E-01	8.98876E+00	2.11720E+08
2.50000E-01	9.26966E+00	2.04938E+08
2.50000E-01	9.55056E+00	1.98486E+08
2.50000E-01	9.83146E+00	1.92317E+08
2.50000E-01	1.01124E+01	1.86380E+08
2.50000E-01	1.03933E+01	1.80649E+08
2.50000E-01	1.06742E+01	1.75099E+08
2.50000E-01	1.09551E+01	1.69698E+08
2.50000E-01	1.12360E+01	1.64429E+08
2.50000E-01	1.15169E+01	1.59307E+08
2.50000E-01	1.17978E+01	1.54359E+08
2.50000E-01	1.20787E+01	1.49601E+08
2.50000E-01	1.23596E+01	1.45038E+08
2.50000E-01	1.26404E+01	1.40673E+08
2.50000E-01	1.29213E+01	1.36502E+08
2.50000E-01	1.32022E+01	1.32520E+08
2.50000E-01	1.34831E+01	1.28719E+08
2.50000E-01	1.37640E+01	1.25088E+08
2.50000E-01	1.40449E+01	1.21619E+08
2.50000E-01	1.43258E+01	1.18306E+08
2.50000E-01	1.46067E+01	1.15138E+08
2.50000E-01	1.48876E+01	1.12107E+08
2.50000E-01	1.51685E+01	1.09206E+08
2.50000E-01	1.54494E+01	1.06427E+08
2.50000E-01	1.57303E+01	1.03764E+08
2.50000E-01	1.60112E+01	1.01209E+08
2.50000E-01	1.62921E+01	9.87584E+07
2.50000E-01	1.65730E+01	9.64052E+07
2.50000E-01	1.68539E+01	9.41430E+07
2.50000E-01	1.71348E+01	9.19681E+07
2.50000E-01	1.74157E+01	8.98768E+07
2.50000E-01	1.76966E+01	8.78639E+07
2.50000E-01	1.79775E+01	8.59251E+07
2.50000E-01	1.82584E+01	8.40570E+07
2.50000E-01	1.85393E+01	8.22563E+07
2.50000E-01	1.88202E+01	8.05186E+07
2.50000E-01	1.91011E+01	7.88415E+07
2.50000E-01	1.93820E+01	7.72230E+07
2.50000E-01	1.96629E+01	7.56596E+07
2.50000E-01	1.99438E+01	7.41483E+07
2.50000E-01	2.02247E+01	7.26870E+07
2.50000E-01	2.05056E+01	7.12739E+07
2.50000E-01	2.07865E+01	6.99057E+07
2.50000E-01	2.10674E+01	6.85804E+07
2.50000E-01	2.13483E+01	6.72970E+07
2.50000E-01	2.16292E+01	6.60535E+07
2.50000E-01	2.19101E+01	6.48476E+07
2.50000E-01	2.21910E+01	6.36779E+07
2.50000E-01	2.24719E+01	6.25435E+07
2.50000E-01	2.27528E+01	6.14422E+07
2.50000E-01	2.30337E+01	6.03725E+07
2.50000E-01	2.33146E+01	5.93337E+07
2.50000E-01	2.35955E+01	5.83245E+07
2.50000E-01	2.38764E+01	5.73434E+07
2.50000E-01	2.41573E+01	5.63894E+07
2.50000E-01	2.44382E+01	5.54620E+07
2.50000E-01	2.47191E+01	5.45598E+07
2.50000E-01	2.50000E+01	5.36816E+07
3.00000E-01	0.00000E+00	1.85559E+08
3.00000E-01	2.80899E-01	2.31646E+08
3.00000E-01	5.61798E-01	2.64210E+08
3.00000E-01	8.42697E-01	3.00839E+08
3.00000E-01	1.12360E+00	3.30761E+08
3.00000E-01	1.40449E+00	3.54033E+08
3.00000E-01	1.68539E+00	3.71654E+08
3.00000E-01	1.96629E+00	3.90679E+08
3.00000E-01	2.24719E+00	4.09801E+08
3.00000E-01	2.52809E+00	4.28887E+08
3.00000E-01	2.80899E+00	4.46550E+08
3.00000E-01	3.08989E+00	4.55190E+08
3.00000E-01	3.37079E+00	4.54362E+08
3.00000E-01	3.65169E+00	4.46292E+08
3.00000E-01	3.93258E+00	4.33495E+08
3.00000E-01	4.21348E+00	4.18078E+08
3.00000E-01	4.49438E+00	4.01458E+08
3.00000E-01	4.77528E+00	3.84527E+08
3.00000E-01	5.05618E+00	3.67864E+08
3.00000E-01	5.33708E+00	3.51773E+08
3.00000E-01	5.61798E+00	3.36441E+08
3.00000E-01	5.89888E+00	3.21938E+08
3.00000E-01	6.17978E+00	3.08305E+08
3.00000E-01	6.46067E+00	2.95513E+08
3.00000E-01	6.74157E+00	2.83544E+08
3.00000E-01	7.02247E+00	2.72355E+08
3.00000E-01	7.30337E+00	2.61910E+08
3.00000E-01	7.58427E+00	2.52152E+08
3.00000E-01	7.86517E+00	2.43018E+08
3.00000E-01	8.14607E+00	2.34469E+08
3.00000E-01	8.42697E+00	2.26433E+08
3.00000E-01	8.70787E+00	2.18867E+08
3.00000E-01	8.98876E+00	2.11719E+08
3.00000E-01	9.26966E+00	2.04937E+08
3.00000E-01	9.55056E+00	1.98485E+08
3.00000E-01	9.83146E+00	1.92316E+08
3.00000E-01	1.01124E+01	1.86379E+08
3.00000E-01	1.03933E+01	1.80649E+08
3.00000E-01	1.06742E+01	1.75098E+08
3.00000E-01	1.09551E+01	1.69697E+08
3.00000E-01	1.12360E+01	1.64428E+08
3.00000E-01	1.15169E+01	1.59306E+08
3.00000E-01	1.17978E+01	1.54358E+08
3.00000E-01	1.20787E+01	1.49600E+08
3.00000E-01	1.23596E+01	1.45038E+08
3.00000E-01	1.26404E+01	1.40673E+08
3.00000E-01	1.29213E+01	1.36502E+08
3.00000E-01	1.32022E+01	1.32520E+08
3.00000E-01	1.34831E+01	1.28719E+08
3.00000E-01	1.37640E+01	1.25088E+08
3.00000E-01	1.40449E+01	1.21618E+08
3.00000E-01	1.43258E+01	1.18306E+08
3.00000E-01	1.46067E+01	1.15138E+08
3.00000E-01	1.48876E+01	1.12107E+08
3.00000E-01	1.51685E+01	1.09206E+08
3.00000E-01	1.54494E+01	1.06427E+08
3.00000E-01	1.57303E+01	1.03764E+08
3.00000E-01	1.60112E+01	1.01209E+08
3.00000E-01	1.62921E+01	9.87584E+07
3.00000E-01	1.65730E+01	9.64051E+07
3.00000E-01	1.68539E+01	9.41430E+07
3.00000E-01	1.71348E+01	9.19681E+07
3.00000E-01	1.74157E+01	8.98768E+07
3.00000E-01	1.76966E+01	8.78639E+07
3.00000E-01	1.79775E+01	8.59251E+07
3.00000E-01	1.82584E+01	8.40570E+07
3.00000E-01	1.85393E+01	8.22562E+07
3.00000E-01	1.88202E+01	8.05186E+07
3.00000E-01	1.91011E+01	7.88415E+07
3.00000E-01	1.93820E+01	7.72229E+07
3.00000E-01	1.96629E+01	7.56596E+07
3.00000E-01	1.99438E+01	7.41483E+07
3.00000E-01	2.02247E+01	7.26870E+07
3.00000E-01	2.05056E+01	7.12739E+07
3.00000E-01	2.07865E+01	6.99057E+07
3.00000E-01	2.10674E+01	6.85804E+07
3.00000E-01	2.13483E+01	6.72970E+07
3.00000E-01	2.16292E+01	6.60535E+07
3.00000E-01	2.19101E+01	6.48476E+07
3.00000E-01	2.21910E+01	6.36779E+07
3.00000E-01	2.24719E+01	6.25435E+07
3.00000E-01	2.27528E+01	6.14422E+07
3.00000E-01	2.30337E+01	6.03725E+07
3.00000E-01	2.33146E+01	5.93337E+07
3.00000E-01	2.35955E+01	5.83245E+07
3.00000E-01	2.38764E+01	5.73434E+07
3.00000E-01	2.41573E+01	5.63894E+07
3.00000E-01	2.44382E+01	5.54620E+07
3.00000E-01	2.47191E+01	5.45598E+07
3.00000E-01	2.50000E+01	5.36816E+07
4.00000E-01	0.00000E+00	1.90124E+08
4.00000E-01	2.80899E-01	2.31971E+08
4.00000E-01	5.61798E-01	2.64780E+08
4.00000E-01	8.42697E-01	3.01197E+08
4.00000E-01	1.12360E+00	3.30981E+08
4.00000E-01	1.40449E+00	3.54087E+08
4.00000E-01	1.68539E+00	3.71813E+08
4.00000E-01	1.96629E+00	3.90793E+08
4.00000E-01	2.24719E+00	4.09886E+08
4.00000E-01	2.52809E+00	4.28977E+08
4.00000E-01	2.80899E+00	4.46508E+08
4.00000E-01	3.08989E+00	4.55116E+08
4.00000E-01	3.37079E+00	4.54285E+08
4.00000E-01	3.65169E+00	4.46225E+08
4.00000E-01	3.93258E+00	4.33445E+08
4.00000E-01	4.21348E+00	4.18039E+08
4.00000E-01	4.49438E+00	4.01428E+08
4.00000E-01	4.77528E+00	3.84505E+08
4.00000E-01	5.05618E+00	3.67846E+08
4.00000E-01	5.33708E+00	3.51760E+08
4.00000E-01	5.61798E+00	3.36430E+08
4.00000E-01	5.89888E+00	3.21930E+08
4.00000E-01	6.17978E+00	3.08299E+08
4.00000E-01	6.46067E+00	2.95507E+08
4.00000E-01	6.74157E+00	2.83539E+08
4.00000E-01	7.02247E+00	2.72352E+08
4.00000E-01	7.30337E+00	2.61907E+08
4.00000E-01	7.58427E+00	2.52149E+08
4.00000E-01	7.86517E+00	2.43016E+08
4.00000E-01	8.14607E+00	2.34467E+08
4.00000E-01	8.42697E+00	2.26431E+08
4.00000E-01	8.70787E+00	2.18865E+08
4.00000E-01	8.98876E+00	2.11717E+08
4.00000E-01	9.26966E+00	2.04935E+08
4.00000E-01	9.55056E+00	1.98483E+08
4.00000E-01	9.83146E+00	1.92314E+08
4.00000E-01	1.01124E+01	1.86377E+08
4.00000E-01	1.03933E+01	1.80646E+08
4.00000E-01	1.06742E+01	1.75096E+08
4.00000E-01	1.09551E+01	1.69695E+08
4.00000E-01	1.12360E+01	1.64426E+08
4.00000E-01	1.15169E+01	1.59305E+08
4.00000E-01	1.17978E+01	1.54357E+08
4.00000E-01	1.20787E+01	1.49599E+08
4.00000E-01	1.23596E+01	1.45037E+08
4.00000E-01	1.26404E+01	1.40672E+08
4.00000E-01	1.29213E+01	1.36502E+08
4.00000E-01	1.32022E+01	1.32520E+08
4.00000E-01	1.34831E+01	1.28719E+08
4.00000E-01	1.37640E+01	1.25087E+08
4.00000E-01	1.40449E+01	1.21618E+08
4.00000E-01	1.43258E+01	1.18305E+08
4.00000E-01	1.46067E+01	1.15138E+08
4.00000E-01	1.48876E+01	1.12107E+08
4.00000E-01	1.51685E+01	1.09205E+08
4.00000E-01	1.54494E+01	1.06427E+08
4.00000E-01	1.57303E+01	1.03764E+08
4.00000E-01	1.60112E+01	1.01209E+08
4.00000E-01	1.62921E+01	9.87583E+07
4.00000E-01	1.65730E+01	9.64050E+07
4.00000E-01	1.68539E+01	9.41429E+07
4.00000E-01	1.71348E+01	9.19680E+07
4.00000E-01	1.74157E+01	8.98767E+07
4.00000E-01	1.76966E+01	8.78638E+07
4.00000E-01	1.79775E+01	8.59250E+07
4.00000E-01	1.82584E+01	8.40569E+07
4.00000E-01	1.85393E+01	8.22562E+07
4.00000E-01	1.88202E+01	8.05185E+07
4.00000E-01	1.91011E+01	7.88415E+07
4.00000E-01	1.93820E+01	7.72229E+07
4.00000E-01	1.96629E+01	7.56595E+07
4.00000E-01	1.99438E+01	7.41483E+07
4.00000E-01	2.02247E+01	7.26870E+07
4.00000E-01	2.05056E+01	7.12739E+07
4.00000E-01	2.07865E+01	6.99057E+07
4.00000E-01	2.10674E+01	6.85804E+07
4.00000E-01	2.13483E+01	6.72969E+07
4.00000E-01	2.16292E+01	6.60534E+07
4.00000E-01	2.19101E+01	6.48475E+07
4.00000E-01	2.21910E+01	6.36779E+07
4.00000E-01	2.24719E+01	6.25434E+07
4.00000E-01	2.27528E+01	6.14422E+07
4.00000E-01	2.30337E+01	6.03725E+07
4.00000E-01	2.33146E+01	5.93336E+07
4.00000E-01	2.35955E+01	5.83245E+07
4.00000E-01	2.38764E+01	5.73434E+07
4.00000E-01	2.41573E+01	5.63894E+07
4.00000E-01	2.44382E+01	5.54620E+07
4.00000E-01	2.47191E+01	5.45598E+07
4.00000E-01	2.50000E+01	5.36816E+07
5.00000E-01	0.00000E+00	1.95189E+08
5.00000E-01	2.80899E-01	2.33224E+08
5.00000E-01	5.61798E-01	2.65370E+08
5.00000E-01	8.42697E-01	3.01580E+08
5.00000E-01	1.12360E+00	3.31229E+08
5.00000E-01	1.40449E+00	3.54161E+08
5.00000E-01	1.68539E+00	3.72004E+08
5.00000E-01	1.96629E+00	3.90935E+08
5.00000E-01	2.24719E+00	4.09999E+08
5.00000E-01	2.52809E+00	4.29083E+08
5.00000E-01	2.80899E+00	4.46454E+08
5.00000E-01	3.08989E+00	4.55017E+08
5.00000E-01	3.37079E+00	4.54185E+08
5.00000E-01	3.65169E+00	4.46138E+08
5.00000E-01	3.93258E+00	4.33379E+08
5.00000E-01	4.21348E+00	4.17989E+08
5.00000E-01	4.49438E+00	4.01388E+08
5.00000E-01	4.77528E+00	3.84475E+08
5.00000E-01	5.05618E+00	3.67823E+08
5.00000E-01	5.33708E+00	3.51742E+08
5.00000E-01	5.61798E+00	3.36416E+08
5.00000E-01	5.89888E+00	3.21919E+08
5.00000E-01	6.17978E+00	3.08289E+08
5.00000E-01	6.46067E+00	2.95500E+08
5.00000E-01	6.74157E+00	2.83533E+08
5.00000E-01	7.02247E+00	2.72347E+08
5.00000E-01	7.30337E+00	2.61903E+08
5.00000E-01	7.58427E+00	2.52145E+08
5.00000E-01	7.86517E+00	2.43013E+08
5.00000E-01	8.14607E+00	2.34464E+08
5.00000E-01	8.42697E+00	2.26429E+08
5.00000E-01	8.70787E+00	2.18863E+08
5.00000E-01	8.98876E+00	2.11714E+08
5.00000E-01	9.26966E+00	2.04933E+08
5.00000E-01	9.55056E+00	1.98481E+08
5.00000E-01	9.83146E+00	1.92311E+08
5.00000E-01	1.01124E+01	1.86374E+08
5.00000E-01	1.03933E+01	1.80643E+08
5.00000E-01	1.06742E+01	1.75093E+08
5.00000E-01	1.09551E+01	1.69691E+08
5.00000E-01	1.12360E+01	1.64423E+08
5.00000E-01	1.15169E+01	1.59303E+08
5.00000E-01	1.17978E+01	1.54356E+08
5.00000E-01	1.20787E+01	1.49598E+08
5.00000E-01	1.23596E+01	1.45036E+08
5.00000E-01	1.26404E+01	1.40672E+08
5.00000E-01	1.29213E+01	1.36501E+08
5.00000E-01	1.32022E+01	1.32519E+08
5.00000E-01	1.34831E+01	1.28718E+08
5.00000E-01	1.37640E+01	1.25087E+08
5.00000E-01	1.40449E+01	1.21618E+08
5.00000E-01	1.43258E+01	1.18305E+08
5.00000E-01	1.46067E+01	1.15138E+08
5.00000E-01	1.48876E+01	1.12107E+08
5.00000E-01	1.51685E+01	1.09205E+08
5.00000E-01	1.54494E+01	1.06427E+08
5.00000E-01	1.57303E+01	1.03764E+08
5.00000E-01	1.60112E+01	1.01209E+08
5.00000E-01	1.62921E+01	9.87582E+07
5.00000E-01	1.65730E+01	9.64049E+07
5.00000E-01	1.68539E+01	9.41428E+07
5.00000E-01	1.71348E+01	9.19679E+07
5.00000E-01	1.74157E+01	8.98766E+07
5.00000E-01	1.76966E+01	8.78637E+07
5.00000E-01	1.79775E+01	8.59250E+07
5.00000E-01	1.82584E+01	8.40569E+07
5.00000E-01	1.85393E+01	8.22561E+07
5.00000E-01	1.88202E+01	8.05184E+07
5.00000E-01	1.91011E+01	7.88414E+07
5.00000E-01	1.93820E+01	7.72228E+07
5.00000E-01	1.96629E+01	7.56595E+07
5.00000E-01	1.99438E+01	7.41482E+07
5.00000E-01	2.02247E+01	7.26869E+07
5.00000E-01	2.05056E+01	7.12738E+07
5.00000E-01	2.07865E+01	6.99056E+07
5.00000E-01	2.10674E+01	6.85803E+07
5.00000E-01	2.13483E+01	6.72969E+07
5.00000E-01	2.16292E+01	6.60534E+07
5.00000E-01	2.19101E+01	6.48475E+07
5.00000E-01	2.21910E+01	6.36778E+07
5.00000E-01	2.24719E+01	6.25434E+07
5.00000E-01	2.27528E+01	6.14421E+07
5.00000E-01	2.30337E+01	6.03724E+07
5.00000E-01	2.33146E+01	5.93336E+07
5.00000E-01	2.35955E+01	5.83244E+07
5.00000E-01	2.38764E+01	5.73434E+07
5.00000E-01	2.41573E+01	5.63894E+07
5.00000E-01	2.44382E+01	5.54619E+07
5.00000E-01	2.47191E+01	5.45597E+07
5.00000E-01	2.50000E+01	5.36816E+07
6.00000E-01	0.00000E+00	2.00342E+08
6.00000E-01	2.80899E-01	2.35410E+08
6.00000E-01	5.61798E-01	2.65981E+08
6.00000E-01	8.42697E-01	3.01970E+08
6.00000E-01	1.12360E+00	3.31491E+08
6.00000E-01	1.40449E+00	3.54258E+08
6.00000E-01	1.68539E+00	3.72222E+08
6.00000E-01	1.96629E+00	3.91102E+08
6.00000E-01	2.24719E+00	4.10138E+08
6.00000E-01	2.52809E+00	4.29201E+08
6.00000E-01	2.80899E+00	4.46386E+08
6.00000E-01	3.08989E+00	4.54895E+08
6.00000E-01	3.37079E+00	4.54060E+08
6.00000E-01	3.65169E+00	4.46032E+08
6.00000E-01	3.93258E+00	4.33297E+08
6.00000E-01	4.21348E+00	4.17927E+08
6.00000E-01	4.49438E+00	4.01340E+08
6.00000E-01	4.77528E+00	3.84439E+08
6.00000E-01	5.05618E+00	3.67795E+08
6.00000E-01	5.33708E+00	3.51720E+08
6.00000E-01	5.61798E+00	3.36398E+08
6.00000E-01	5.89888E+00	3.21905E+08
6.00000E-01	6.17978E+00	3.08278E+08
6.00000E-01	6.46067E+00	2.95491E+08
6.00000E-01	6.74157E+00	2.83525E+08
6.00000E-01	7.02247E+00	2.72341E+08
6.00000E-01	7.30337E+00	2.61898E+08
6.00000E-01	7.58427E+00	2.52141E+08
6.00000E-01	7.86517E+00	2.43010E+08
6.00000E-01	8.14607E+00	2.34461E+08
6.00000E-01	8.42697E+00	2.26426E+08
6.00000E-01	8.70787E+00	2.18859E+08
6.00000E-01	8.98876E+00	2.11711E+08
6.00000E-01	9.26966E+00	2.04930E+08
6.00000E-01	9.55056E+00	1.98477E+08
6.00000E-01	9.83146E+00	1.92307E+08
6.00000E-01	1.01124E+01	1.86371E+08
6.00000E-01	1.03933E+01	1.80640E+08
6.00000E-01	1.06742E+01	1.75089E+08
6.00000E-01	1.09551E+01	1.69688E+08
6.00000E-01	1.12360E+01	1.64420E+08
6.00000E-01	1.15169E+01	1.59300E+08
6.00000E-01	1.17978E+01	1.54354E+08
6.00000E-01	1.20787E+01	1.49597E+08
6.00000E-01	1.23596E+01	1.45035E+08
6.00000E-01	1.26404E+01	1.40671E+08
6.00000E-01	1.29213E+01	1.36500E+08
6.00000E-01	1.32022E+01	1.32519E+08
6.00000E-01	1.34831E+01	1.28718E+08
6.00000E-01	1.37640E+01	1.25086E+08
6.00000E-01	1.40449E+01	1.21618E+08
6.00000E-01	1.43258E+01	1.18305E+08
6.00000E-01	1.46067E+01	1.15138E+08
6.00000E-01	1.48876E+01	1.12107E+08
6.00000E-01	1.51685E+01	1.09205E+08
6.00000E-01	1.54494E+01	1.06427E+08
6.00000E-01	1.57303E+01	1.03763E+08
6.00000E-01	1.60112E+01	1.01209E+08
6.00000E-01	1.62921E+01	9.87580E+07
6.00000E-01	1.65730E+01	9.64047E+07
6.00000E-01	1.68539E+01	9.41426E+07
6.00000E-01	1.71348E+01	9.19678E+07
6.00000E-01	1.74157E+01	8.98765E+07
6.00000E-01	1.76966E+01	8.78636E+07
6.00000E-01	1.79775E+01	8.59248E+07
6.00000E-01	1.82584E+01	8.40568E+07
6.00000E-01	1.85393E+01	8.22560E+07
6.00000E-01	1.88202E+01	8.05184E+07
6.00000E-01	1.91011E+01	7.88413E+07
6.00000E-01	1.93820E+01	7.72227E+07
6.00000E-01	1.96629E+01	7.56594E+07
6.00000E-01	1.99438E+01	7.41481E+07
6.00000E-01	2.02247E+01	7.26869E+07
6.00000E-01	2.05056E+01	7.12737E+07
6.00000E-01	2.07865E+01	6.99055E+07
6.00000E-01	2.10674E+01	6.85803E+07
6.00000E-01	2.13483E+01	6.72968E+07
6.00000E-01	2.16292E+01	6.60533E+07
6.00000E-01	2.19101E+01	6.48474E+07
6.00000E-01	2.21910E+01	6.36778E+07
6.00000E-01	2.24719E+01	6.25433E+07
6.00000E-01	2.27528E+01	6.14421E+07
6.00000E-01	2.30337E+01	6.03724E+07
6.00000E-01	2.33146E+01	5.93336E+07
6.00000E-01	2.35955E+01	5.83244E+07
6.00000E-01	2.38764E+01	5.73433E+07
6.00000E-01	2.41573E+01	5.63893E+07
6.00000E-01	2.44382E+01	5.54619E+07
6.00000E-01	2.47191E+01	5.45597E+07
6.00000E-01	2.50000E+01	5.36815E+07
7.00000E-01	0.00000E+00	2.05387E+08
7.00000E-01	2.80899E-01	2.37953E+08
7.00000E-01	5.61798E-01	2.66699E+08
7.00000E-01	8.42697E-01	3.02355E+08
7.00000E-01	1.12360E+00	3.31753E+08
7.00000E-01	1.40449E+00	3.54376E+08
7.00000E-01	1.68539E+00	3.72462E+08
7.00000E-01	1.96629E+00	3.91292E+08
7.00000E-01	2.24719E+00	4.10301E+08
7.00000E-01	2.52809E+00	4.29326E+08
7.00000E-01	2.80899E+00	4.46305E+08
7.00000E-01	3.08989E+00	4.54748E+08
7.00000E-01	3.37079E+00	4.53911E+08
7.00000E-01	3.65169E+00	4.45905E+08
7.00000E-01	3.93258E+00	4.33199E+08
7.00000E-01	4.21348E+00	4.17851E+08
7.00000E-01	4.49438E+00	4.01282E+08
7.00000E-01	4.77528E+00	3.84395E+08
7.00000E-01	5.05618E+00	3.67760E+08
7.00000E-01	5.33708E+00	3.51693E+08
7.00000E-01	5.61798E+00	3.36377E+08
7.00000E-01	5.89888E+00	3.21888E+08
7.00000E-01	6.17978E+00	3.08264E+08
7.00000E-01	6.46067E+00	2.95480E+08
7.00000E-01	6.74157E+00	2.83516E+08
7.00000E-01	7.02247E+00	2.72334E+08
7.00000E-01	7.30337E+00	2.61892E+08
7.00000E-01	7.58427E+00	2.52135E+08
7.00000E-01	7.86517E+00	2.43005E+08
7.00000E-01	8.14607E+00	2.34456E+08
7.00000E-01	8.42697E+00	2.26422E+08
7.00000E-01	8.70787E+00	2.18856E+08
7.00000E-01	8.98876E+00	2.11708E+08
7.00000E-01	9.26966E+00	2.04926E+08
7.00000E-01	9.55056E+00	1.98474E+08
7.00000E-01	9.83146E+00	1.92303E+08
7.00000E-01	1.01124E+01	1.86367E+08
7.00000E-01	1.03933E+01	1.80636E+08
7.00000E-01	1.06742E+01	1.75085E+08
7.00000E-01	1.09551E+01	1.69683E+08
7.00000E-01	1.12360E+01	1.64416E+08
7.00000E-01	1.15169E+01	1.59297E+08
7.00000E-01	1.17978E+01	1.54352E+08
7.00000E-01	1.20787E+01	1.49595E+08
7.00000E-01	1.23596E+01	1.45033E+08
7.00000E-01	1.26404E+01	1.40670E+08
7.00000E-01	1.29213E+01	1.36499E+08
7.00000E-01	1.32022E+01	1.32518E+08
7.00000E-01	1.34831E+01	1.28717E+08
7.00000E-01	1.37640E+01	1.25086E+08
7.00000E-01	1.40449E+01	1.21617E+08
7.00000E-01	1.43258E+01	1.18304E+08
7.00000E-01	1.46067E+01	1.15137E+08
7.00000E-01	1.48876E+01	1.12106E+08
7.00000E-01	1.51685E+01	1.09205E+08
7.00000E-01	1.54494E+01	1.06426E+08
7.00000E-01	1.57303E+01	1.03763E+08
7.00000E-01	1.60112E+01	1.01209E+08
7.00000E-01	1.62921E+01	9.87578E+07
7.00000E-01	1.65730E+01	9.64044E+07
7.00000E-01	1.68539E+01	9.41424E+07
7.00000E-01	1.71348E+01	9.19676E+07
7.00000E-01	1.74157E+01	8.98763E+07
7.00000E-01	1.76966E+01	8.78634E+07
7.00000E-01	1.79775E+01	8.59247E+07
7.00000E-01	1.82584E+01	8.40566E+07
7.00000E-01	1.85393E+01	8.22558E+07
7.00000E-01	1.88202E+01	8.05182E+07
7.00000E-01	1.91011E+01	7.88412E+07
7.00000E-01	1.93820E+01	7.72226E+07
7.00000E-01	1.96629E+01	7.56593E+07
7.00000E-01	1.99438E+01	7.41480E+07
7.00000E-01	2.02247E+01	7.26868E+07
7.00000E-01	2.05056E+01	7.12736E+07
7.00000E-01	2.07865E+01	6.99054E+07
7.00000E-01	2.10674E+01	6.85802E+07
7.00000E-01	2.13483E+01	6.72968E+07
7.00000E-01	2.16292E+01	6.60532E+07
7.00000E-01	2.19101E+01	6.48473E+07
7.00000E-01	2.21910E+01	6.36777E+07
7.00000E-01	2.24719E+01	6.25433E+07
7.00000E-01	2.27528E+01	6.14420E+07
7.00000E-01	2.30337E+01	6.03723E+07
7.00000E-01	2.33146E+01	5.93335E+07
7.00000E-01	2.35955E+01	5.83243E+07
7.00000E-01	2.38764E+01	5.73433E+07
7.00000E-01	2.41573E+01	5.63893E+07
7.00000E-01	2.44382E+01	5.54618E+07
7.00000E-01	2.47191E+01	5.45596E+07
7.00000E-01	2.50000E+01	5.36815E+07
8.00000E-01	0.00000E+00	2.10229E+08
8.00000E-01	2.80899E-01	2.40343E+08
8.00000E-01	5.61798E-01	2.67648E+08
8.00000E-01	8.42697E-01	3.02734E+08
8.00000E-01	1.12360E+00	3.32005E+08
8.00000E-01	1.40449E+00	3.54512E+08
8.00000E-01	1.68539E+00	3.72719E+08
8.00000E-01	1.96629E+00	3.91504E+08
8.00000E-01	2.24719E+00	4.10485E+08
8.00000E-01	2.52809E+00	4.29457E+08
8.00000E-01	2.80899E+00	4.46212E+08
8.00000E-01	3.08989E+00	4.54577E+08
8.00000E-01	3.37079E+00	4.53738E+08
8.00000E-01	3.65169E+00	4.45757E+08
8.00000E-01	3.93258E+00	4.33084E+08
8.00000E-01	4.21348E+00	4.17763E+08
8.00000E-01	4.49438E+00	4.01213E+08
8.00000E-01	4.77528E+00	3.84343E+08
8.00000E-01	5.05618E+00	3.67719E+08
8.00000E-01	5.33708E+00	3.51661E+08
8.00000E-01	5.61798E+00	3.36351E+08
8.00000E-01	5.89888E+00	3.21869E+08
8.00000E-01	6.17978E+00	3.08247E+08
8.00000E-01	6.46067E+00	2.95467E+08
8.00000E-01	6.74157E+00	2.83505E+08
8.00000E-01	7.02247E+00	2.72325E+08
8.00000E-01	7.30337E+00	2.61884E+08
8.00000E-01	7.58427E+00	2.52129E+08
8.00000E-01	7.86517E+00	2.43000E+08
8.00000E-01	8.14607E+00	2.34451E+08
8.00000E-01	8.42697E+00	2.26417E+08
8.00000E-01	8.70787E+00	2.18851E+08
8.00000E-01	8.98876E+00	2.11703E+08
8.00000E-01	9.26966E+00	2.04922E+08
8.00000E-01	9.55056E+00	1.98469E+08
8.00000E-01	9.83146E+00	1.92298E+08
8.00000E-01	1.01124E+01	1.86362E+08
8.00000E-01	1.03933E+01	1.80631E+08
8.00000E-01	1.06742E+01	1.75079E+08
8.00000E-01	1.09551E+01	1.69678E+08
8.00000E-01	1.12360E+01	1.64412E+08
8.00000E-01	1.15169E+01	1.59294E+08
8.00000E-01	1.17978E+01	1.54349E+08
8.00000E-01	1.20787E+01	1.49593E+08
8.00000E-01	1.23596E+01	1.45032E+08
8.00000E-01	1.26404E+01	1.40668E+08
8.00000E-01	1.29213E+01	1.36498E+08
8.00000E-01	1.32022E+01	1.32517E+08
8.00000E-01	1.34831E+01	1.28716E+08
8.00000E-01	1.37640E+01	1.25085E+08
8.00000E-01	1.40449E+01	1.21617E+08
8.00000E-01	1.43258E+01	1.18304E+08
8.00000E-01	1.46067E+01	1.15137E+08
8.00000E-01	1.48876E+01	1.12106E+08
8.00000E-01	1.51685E+01	1.09204E+08
8.00000E-01	1.54494E+01	1.06426E+08
8.00000E-01	1.57303E+01	1.03763E+08
8.00000E-01	1.60112E+01	1.01208E+08
8.00000E-01	1.62921E+01	9.87575E+07
8.00000E-01	1.65730E+01	9.64042E+07
8.00000E-01	1.68539E+01	9.41422E+07
8.00000E-01	1.71348E+01	9.19674E+07
8.00000E-01	1.74157E+01	8.98761E+07
8.00000E-01	1.76966E+01	8.78632E+07
8.00000E-01	1.79775E+01	8.59245E+07
8.00000E-01	1.82584E+01	8.40565E+07
8.00000E-01	1.85393E+01	8.22556E+07
8.00000E-01	1.88202E+01	8.05181E+07
8.00000E-01	1.91011E+01	7.88411E+07
8.00000E-01	1.93820E+01	7.72225E+07
8.00000E-01	1.96629E+01	7.56591E+07
8.00000E-01	1.99438E+01	7.41479E+07
8.00000E-01	2.02247E+01	7.26867E+07
8.00000E-01	2.05056E+01	7.12735E+07
8.00000E-01	2.07865E+01	6.99053E+07
8.00000E-01	2.10674E+01	6.85801E+07
8.00000E-01	2.13483E+01	6.72967E+07
8.00000E-01	2.16292E+01	6.60531E+07
8.00000E-01	2.19101E+01	6.48473E+07
8.00000E-01	2.21910E+01	6.36777E+07
8.00000E-01	2.24719E+01	6.25432E+07
8.00000E-01	2.27528E+01	6.14419E+07
8.00000E-01	2.30337E+01	6.03723E+07
8.00000E-01	2.33146E+01	5.93334E+07
8.00000E-01	2.35955E+01	5.83243E+07
8.00000E-01	2.38764E+01	5.73432E+07
8.00000E-01	2.41573E+01	5.63893E+07
8.00000E-01	2.44382E+01	5.54618E+07
8.00000E-01	2.47191E+01	5.45596E+07
8.00000E-01	2.50000E+01	5.36815E+07
9.00000E-01	0.00000E+00	2.14833E+08
9.00000E-01	2.80899E-01	2.42402E+08
9.00000E-01	5.61798E-01	2.68922E+08
9.00000E-01	8.42697E-01	3.03124E+08
9.00000E-01	1.12360E+00	3.32240E+08
9.00000E-01	1.40449E+00	3.54662E+08
9.00000E-01	1.68539E+00	3.72988E+08
9.00000E-01	1.96629E+00	3.91735E+08
9.00000E-01	2.24719E+00	4.10688E+08
9.00000E-01	2.52809E+00	4.29589E+08
9.00000E-01	2.80899E+00	4.46108E+08
9.00000E-01	3.08989E+00	4.54382E+08
9.00000E-01	3.37079E+00	4.53540E+08
9.00000E-01	3.65169E+00	4.45588E+08
9.00000E-01	3.93258E+00	4.32952E+08
9.00000E-01	4.21348E+00	4.17662E+08
9.00000E-01	4.49438E+00	4.01135E+08
9.00000E-01	4.77528E+00	3.84283E+08
9.00000E-01	5.05618E+00	3.67673E+08
9.00000E-01	5.33708E+00	3.51625E+08
9.00000E-01	5.61798E+00	3.36322E+08
9.00000E-01	5.89888E+00	3.21846E+08
9.00000E-01	6.17978E+00	3.08228E+08
9.00000E-01	6.46067E+00	2.95452E+08
9.00000E-01	6.74157E+00	2.83493E+08
9.00000E-01	7.02247E+00	2.72315E+08
9.00000E-01	7.30337E+00	2.61876E+08
9.00000E-01	7.58427E+00	2.52121E+08
9.00000E-01	7.86517E+00	2.42994E+08
9.00000E-01	8.14607E+00	2.34445E+08
9.00000E-01	8.42697E+00	2.26412E+08
9.00000E-01	8.70787E+00	2.18846E+08
9.00000E-01	8.98876E+00	2.11698E+08
9.00000E-01	9.26966E+00	2.04917E+08
9.00000E-01	9.55056E+00	1.98464E+08
9.00000E-01	9.83146E+00	1.92293E+08
9.00000E-01	1.01124E+01	1.86356E+08
9.00000E-01	1.03933E+01	1.80625E+08
9.00000E-01	1.06742E+01	1.75073E+08
9.00000E-01	1.09551E+01	1.69672E+08
9.00000E-01	1.12360E+01	1.64407E+08
9.00000E-01	1.15169E+01	1.59290E+08
9.00000E-01	1.17978E+01	1.54346E+08
9.00000E-01	1.20787E+01	1.49590E+08
9.00000E-01	1.23596E+01	1.45030E+08
9.00000E-01	1.26404E+01	1.40667E+08
9.00000E-01	1.29213E+01	1.36497E+08
9.00000E-01	1.32022E+01	1.32516E+08
9.00000E-01	1.34831E+01	1.28715E+08
9.00000E-01	1.37640E+01	1.25084E+08
9.00000E-01	1.40449E+01	1.21616E+08
9.00000E-01	1.43258E+01	1.18303E+08
9.00000E-01	1.46067E+01	1.15136E+08
9.00000E-01	1.48876E+01	1.12105E+08
9.00000E-01	1.51685E+01	1.09204E+08
9.00000E-01	1.54494E+01	1.06426E+08
9.00000E-01	1.57303E+01	1.03762E+08
9.00000E-01	1.60112E+01	1.01208E+08
9.00000E-01	1.62921E+01	9.87572E+07
9.00000E-01	1.65730E+01	9.64039E+07
9.00000E-01	1.68539E+01	9.41419E+07
9.00000E-01	1.71348E+01	9.19672E+07
9.00000E-01	1.74157E+01	8.98759E+07
9.00000E-01	1.76966E+01	8.78630E+07
9.00000E-01	1.79775E+01	8.59243E+07
9.00000E-01	1.82584E+01	8.40563E+07
9.00000E-01	1.85393E+01	8.22554E+07
9.00000E-01	1.88202E+01	8.05179E+07
9.00000E-01	1.91011E+01	7.88410E+07
9.00000E-01	1.93820E+01	7.72224E+07
9.00000E-01	1.96629E+01	7.56590E+07
9.00000E-01	1.99438E+01	7.41478E+07
9.00000E-01	2.02247E+01	7.26866E+07
9.00000E-01	2.05056E+01	7.12734E+07
9.00000E-01	2.07865E+01	6.99052E+07
9.00000E-01	2.10674E+01	6.85800E+07
9.00000E-01	2.13483E+01	6.72966E+07
9.00000E-01	2.16292E+01	6.60530E+07
9.00000E-01	2.19101E+01	6.48472E+07
9.00000E-01	2.21910E+01	6.36776E+07
9.00000E-01	2.24719E+01	6.25431E+07
9.00000E-01	2.27528E+01	6.14418E+07
9.00000E-01	2.30337E+01	6.03722E+07
9.00000E-01	2.33146E+01	5.93334E+07
9.00000E-01	2.35955E+01	5.83242E+07
9.00000E-01	2.38764E+01	5.73431E+07
9.00000E-01	2.41573E+01	5.63892E+07
9.00000E-01	2.44382E+01	5.54617E+07
9.00000E-01	2.47191E+01	5.45595E+07
9.00000E-01	2.50000E+01	5.36814E+07
1.00000E+00	0.00000E+00	2.19198E+08
1.00000E+00	2.80899E-01	2.44212E+08
1.00000E+00	5.61798E-01	2.70548E+08
1.00000E+00	8.42697E-01	3.03564E+08
1.00000E+00	1.12360E+00	3.32459E+08
1.00000E+00	1.40449E+00	3.54819E+08
1.00000E+00	1.68539E+00	3.73266E+08
1.00000E+00	1.96629E+00	3.91983E+08
1.00000E+00	2.24719E+00	4.10906E+08
1.00000E+00	2.52809E+00	4.29720E+08
1.00000E+00	2.80899E+00	4.45991E+08
1.00000E+00	3.08989E+00	4.54164E+08
1.00000E+00	3.37079E+00	4.53318E+08
1.00000E+00	3.65169E+00	4.45398E+08
1.00000E+00	3.93258E+00	4.32802E+08
1.00000E+00	4.21348E+00	4.17547E+08
1.00000E+00	4.49438E+00	4.01047E+08
1.00000E+00	4.77528E+00	3.84216E+08
1.00000E+00	5.05618E+00	3.67620E+08
1.00000E+00	5.33708E+00	3.51583E+08
1.00000E+00	5.61798E+00	3.36289E+08
1.00000E+00	5.89888E+00	3.21819E+08
1.00000E+00	6.17978E+00	3.08207E+08
1.00000E+00	6.46067E+00	2.95434E+08
1.00000E+00	6.74157E+00	2.83479E+08
1.00000E+00	7.02247E+00	2.72303E+08
1.00000E+00	7.30337E+00	2.61866E+08
1.00000E+00	7.58427E+00	2.52113E+08
1.00000E+00	7.86517E+00	2.42986E+08
1.00000E+00	8.14607E+00	2.34438E+08
1.00000E+00	8.42697E+00	2.26406E+08
1.00000E+00	8.70787E+00	2.18840E+08
1.00000E+00	8.98876E+00	2.11692E+08
1.00000E+00	9.26966E+00	2.04911E+08
1.00000E+00	9.55056E+00	1.98458E+08
1.00000E+00	9.83146E+00	1.92286E+08
1.00000E+00	1.01124E+01	1.86350E+08
1.00000E+00	1.03933E+01	1.80618E+08
1.00000E+00	1.06742E+01	1.75067E+08
1.00000E+00	1.09551E+01	1.69666E+08
1.00000E+00	1.12360E+01	1.64401E+08
1.00000E+00	1.15169E+01	1.59286E+08
1.00000E+00	1.17978E+01	1.54342E+08
1.00000E+00	1.20787E+01	1.49588E+08
1.00000E+00	1.23596E+01	1.45028E+08
1.00000E+00	1.26404E+01	1.40665E+08
1.00000E+00	1.29213E+01	1.36496E+08
1.00000E+00	1.32022E+01	1.32515E+08
1.00000E+00	1.34831E+01	1.28714E+08
1.00000E+00	1.37640E+01	1.25084E+08
1.00000E+00	1.40449E+01	1.21615E+08
1.00000E+00	1.43258E+01	1.18303E+08
1.00000E+00	1.46067E+01	1.15135E+08
1.00000E+00	1.48876E+01	1.12105E+08
1.00000E+00	1.51685E+01	1.09203E+08
1.00000E+00	1.54494E+01	1.06425E+08
1.00000E+00	1.57303E+01	1.03762E+08
1.00000E+00	1.60112E+01	1.01208E+08
1.00000E+00	1.62921E+01	9.87568E+07
1.00000E+00	1.65730E+01	9.64035E+07
1.00000E+00	1.68539E+01	9.41416E+07
1.00000E+00	1.71348E+01	9.19669E+07
1.00000E+00	1.74157E+01	8.98756E+07
1.00000E+00	1.76966E+01	8.78627E+07
1.00000E+00	1.79775E+01	8.59241E+07
1.00000E+00	1.82584E+01	8.40561E+07
1.00000E+00	1.85393E+01	8.22552E+07
1.00000E+00	1.88202E+01	8.05177E+07
1.00000E+00	1.91011E+01	7.88408E+07
1.00000E+00	1.93820E+01	7.72222E+07
1.00000E+00	1.96629E+01	7.56588E+07
1.00000E+00	1.99438E+01	7.41476E+07
1.00000E+00	2.02247E+01	7.26864E+07
1.00000E+00	2.05056E+01	7.12732E+07
1.00000E+00	2.07865E+01	6.99051E+07
1.00000E+00	2.10674E+01	6.85799E+07
1.00000E+00	2.13483E+01	6.72965E+07
1.00000E+00	2.16292E+01	6.60529E+07
1.00000E+00	2.19101E+01	6.48471E+07
1.00000E+00	2.21910E+01	6.36775E+07
1.00000E+00	2.24719E+01	6.25430E+07
1.00000E+00	2.27528E+01	6.14417E+07
1.00000E+00	2.30337E+01	6.03721E+07
1.00000E+00	2.33146E+01	5.93333E+07
1.00000E+00	2.35955E+01	5.83241E+07
1.00000E+00	2.38764E+01	5.73431E+07
1.00000E+00	2.41573E+01	5.63891E+07
1.00000E+00	2.44382E+01	5.54617E+07
1.00000E+00	2.47191E+01	5.45594E+07
1.00000E+00	2.50000E+01	5.36813E+07
1.50000E+00	0.00000E+00	2.38229E+08
1.50000E+00	2.80899E-01	2.54106E+08
1.50000E+00	5.61798E-01	2.81417E+08
1.50000E+00	8.42697E-01	3.07797E+08
1.50000E+00	1.12360E+00	3.33756E+08
1.50000E+00	1.40449E+00	3.55689E+08
1.50000E+00	1.68539E+00	3.74684E+08
1.50000E+00	1.96629E+00	3.93376E+08
1.50000E+00	2.24719E+00	4.12114E+08
1.50000E+00	2.52809E+00	4.30274E+08
1.50000E+00	2.80899E+00	4.45210E+08
1.50000E+00	3.08989E+00	4.52735E+08
1.50000E+00	3.37079E+00	4.51844E+08
1.50000E+00	3.65169E+00	4.44126E+08
1.50000E+00	3.93258E+00	4.31790E+08
1.50000E+00	4.21348E+00	4.16763E+08
1.50000E+00	4.49438E+00	4.00443E+08
1.50000E+00	4.77528E+00	3.83750E+08
1.50000E+00	5.05618E+00	3.67256E+08
1.50000E+00	5.33708E+00	3.51297E+08
1.50000E+00	5.61798E+00	3.36061E+08
1.50000E+00	5.89888E+00	3.21637E+08
1.50000E+00	6.17978E+00	3.08058E+08
1.50000E+00	6.46067E+00	2.95313E+08
1.50000E+00	6.74157E+00	2.83380E+08
1.50000E+00	7.02247E+00	2.72222E+08
1.50000E+00	7.30337E+00	2.61798E+08
1.50000E+00	7.58427E+00	2.52054E+08
1.50000E+00	7.86517E+00	2.42936E+08
1.50000E+00	8.14607E+00	2.34391E+08
1.50000E+00	8.42697E+00	2.26363E+08
1.50000E+00	8.70787E+00	2.18799E+08
1.50000E+00	8.98876E+00	2.11652E+08
1.50000E+00	9.26966E+00	2.04872E+08
1.50000E+00	9.55056E+00	1.98417E+08
1.50000E+00	9.83146E+00	1.92243E+08
1.50000E+00	1.01124E+01	1.86306E+08
1.50000E+00	1.03933E+01	1.80575E+08
1.50000E+00	1.06742E+01	1.75022E+08
1.50000E+00	1.09551E+01	1.69622E+08
1.50000E+00	1.12360E+01	1.64363E+08
1.50000E+00	1.15169E+01	1.59255E+08
1.50000E+00	1.17978E+01	1.54319E+08
1.50000E+00	1.20787E+01	1.49569E+08
1.50000E+00	1.23596E+01	1.45013E+08
1.50000E+00	1.26404E+01	1.40653E+08
1.50000E+00	1.29213E+01	1.36486E+08
1.50000E+00	1.32022E+01	1.32507E+08
1.50000E+00	1.34831E+01	1.28707E+08
1.50000E+00	1.37640E+01	1.25077E+08
1.50000E+00	1.40449E+01	1.21610E+08
1.50000E+00	1.43258E+01	1.18298E+08
1.50000E+00	1.46067E+01	1.15131E+08
1.50000E+00	1.48876E+01	1.12101E+08
1.50000E+00	1.51685E+01	1.09200E+08
1.50000E+00	1.54494E+01	1.06422E+08
1.50000E+00	1.57303E+01	1.03759E+08
1.50000E+00	1.60112E+01	1.01205E+08
1.50000E+00	1.62921E+01	9.87542E+07
1.50000E+00	1.65730E+01	9.64010E+07
1.50000E+00	1.68539E+01	9.41393E+07
1.50000E+00	1.71348E+01	9.19650E+07
1.50000E+00	1.74157E+01	8.98737E+07
1.50000E+00	1.76966E+01	8.78609E+07
1.50000E+00	1.79775E+01	8.59224E+07
1.50000E+00	1.82584E+01	8.40545E+07
1.50000E+00	1.85393E+01	8.22537E+07
1.50000E+00	1.88202E+01	8.05163E+07
1.50000E+00	1.91011E+01	7.88396E+07
1.50000E+00	1.93820E+01	7.72210E+07
1.50000E+00	1.96629E+01	7.56576E+07
1.50000E+00	1.99438E+01	7.41465E+07
1.50000E+00	2.02247E+01	7.26854E+07
1.50000E+00	2.05056E+01	7.12721E+07
1.50000E+00	2.07865E+01	6.99040E+07
1.50000E+00	2.10674E+01	6.85790E+07
1.50000E+00	2.13483E+01	6.72956E+07
1.50000E+00	2.16292E+01	6.60520E+07
1.50000E+00	2.19101E+01	6.48463E+07
1.50000E+00	2.21910E+01	6.36768E+07
1.50000E+00	2.24719E+01	6.25422E+07
1.50000E+00	2.27528E+01	6.14410E+07
1.50000E+00	2.30337E+01	6.03715E+07
1.50000E+00	2.33146E+01	5.93327E+07
1.50000E+00	2.35955E+01	5.83235E+07
1.50000E+00	2.38764E+01	5.73425E+07
1.50000E+00	2.41573E+01	5.63886E+07
1.50000E+00	2.44382E+01	5.54612E+07
1.50000E+00	2.47191E+01	5.45589E+07
1.50000E+00	2.50000E+01	5.36809E+07
2.00000E+00	0.00000E+00	2.54535E+08
2.00000E+00	2.80899E-01	2.67469E+08
2.00000E+00	5.61798E-01	2.91041E+08
2.00000E+00	8.42697E-01	3.15447E+08
2.00000E+00	1.12360E+00	3.37093E+08
2.00000E+00	1.40449E+00	3.57278E+08
2.00000E+00	1.68539E+00	3.76191E+08
2.00000E+00	1.96629E+00	3.94824E+08
2.00000E+00	2.24719E+00	4.13236E+08
2.00000E+00	2.52809E+00	4.30480E+08
2.00000E+00	2.80899E+00	4.44043E+08
2.00000E+00	3.08989E+00	4.50780E+08
2.00000E+00	3.37079E+00	4.49786E+08
2.00000E+00	3.65169E+00	4.42312E+08
2.00000E+00	3.93258E+00	4.30318E+08
2.00000E+00	4.21348E+00	4.15610E+08
2.00000E+00	4.49438E+00	3.99549E+08
2.00000E+00	4.77528E+00	3.83056E+08
2.00000E+00	5.05618E+00	3.66713E+08
2.00000E+00	5.33708E+00	3.50869E+08
2.00000E+00	5.61798E+00	3.35720E+08
2.00000E+00	5.89888E+00	3.21362E+08
2.00000E+00	6.17978E+00	3.07834E+08
2.00000E+00	6.46067E+00	2.95131E+08
2.00000E+00	6.74157E+00	2.83230E+08
2.00000E+00	7.02247E+00	2.72099E+08
2.00000E+00	7.30337E+00	2.61693E+08
2.00000E+00	7.58427E+00	2.51964E+08
2.00000E+00	7.86517E+00	2.42857E+08
2.00000E+00	8.14607E+00	2.34320E+08
2.00000E+00	8.42697E+00	2.26297E+08
2.00000E+00	8.70787E+00	2.18737E+08
2.00000E+00	8.98876E+00	2.11591E+08
2.00000E+00	9.26966E+00	2.04812E+08
2.00000E+00	9.55056E+00	1.98357E+08
2.00000E+00	9.83146E+00	1.92181E+08
2.00000E+00	1.01124E+01	1.86243E+08
2.00000E+00	1.03933E+01	1.80511E+08
2.00000E+00	1.06742E+01	1.74958E+08
2.00000E+00	1.09551E+01	1.69561E+08
2.00000E+00	1.12360E+01	1.64309E+08
2.00000E+00	1.15169E+01	1.59211E+08
2.00000E+00	1.17978E+01	1.54284E+08
2.00000E+00	1.20787E+01	1.49541E+08
2.00000E+00	1.23596E+01	1.44991E+08
2.00000E+00	1.26404E+01	1.40635E+08
2.00000E+00	1.29213E+01	1.36471E+08
2.00000E+00	1.32022E+01	1.32494E+08
2.00000E+00	1.34831E+01	1.28696E+08
2.00000E+00	1.37640E+01	1.25068E+08
2.00000E+00	1.40449E+01	1.21602E+08
2.00000E+00	1.43258E+01	1.18290E+08
2.00000E+00	1.46067E+01	1.15124E+08
2.00000E+00	1.48876E+01	1.12095E+08
2.00000E+00	1.51685E+01	1.09194E+08
2.00000E+00	1.54494E+01	1.06417E+08
2.00000E+00	1.57303E+01	1.03754E+08
2.00000E+00	1.60112E+01	1.01201E+08
2.00000E+00	1.62921E+01	9.87502E+07
2.00000E+00	1.65730E+01	9.63972E+07
2.00000E+00	1.68539E+01	9.41359E+07
2.00000E+00	1.71348E+01	9.19618E+07
2.00000E+00	1.74157E+01	8.98707E+07
2.00000E+00	1.76966E+01	8.78581E+07
2.00000E+00	1.79775E+01	8.59198E+07
2.00000E+00	1.82584E+01	8.40520E+07
2.00000E+00	1.85393E+01	8.22513E+07
2.00000E+00	1.88202E+01	8.05141E+07
2.00000E+00	1.91011E+01	7.88376E+07
2.00000E+00	1.93820E+01	7.72191E+07
2.00000E+00	1.96629E+01	7.56558E+07
2.00000E+00	1.99438E+01	7.41448E+07
2.00000E+00	2.02247E+01	7.26838E+07
2.00000E+00	2.05056E+01	7.12705E+07
2.00000E+00	2.07865E+01	6.99025E+07
2.00000E+00	2.10674E+01	6.85776E+07
2.00000E+00	2.13483E+01	6.72943E+07
2.00000E+00	2.16292E+01	6.60507E+07
2.00000E+00	2.19101E+01	6.48450E+07
2.00000E+00	2.21910E+01	6.36756E+07
2.00000E+00	2.24719E+01	6.25411E+07
2.00000E+00	2.27528E+01	6.14399E+07
2.00000E+00	2.30337E+01	6.03705E+07
2.00000E+00	2.33146E+01	5.93317E+07
2.00000E+00	2.35955E+01	5.83225E+07
2.00000E+00	2.38764E+01	5.73416E+07
2.00000E+00	2.41573E+01	5.63878E+07
2.00000E+00	2.44382E+01	5.54604E+07
2.00000E+00	2.47191E+01	5.45582E+07
2.00000E+00	2.50000E+01	5.36802E+07
2.50000E+00	0.00000E+00	2.69359E+08
2.50000E+00	2.80899E-01	2.80906E+08
2.50000E+00	5.61798E-01	2.99414E+08
2.50000E+00	8.42697E-01	3.23303E+08
2.50000E+00	1.12360E+00	3.42837E+08
2.50000E+00	1.40449E+00	3.60652E+08
2.50000E+00	1.68539E+00	3.78399E+08
2.50000E+00	1.96629E+00	3.96381E+08
2.50000E+00	2.24719E+00	4.14086E+08
2.50000E+00	2.52809E+00	4.30202E+08
2.50000E+00	2.80899E+00	4.42418E+08
2.50000E+00	3.08989E+00	4.48328E+08
2.50000E+00	3.37079E+00	4.47185E+08
2.50000E+00	3.65169E+00	4.39970E+08
2.50000E+00	3.93258E+00	4.28378E+08
2.50000E+00	4.21348E+00	4.14068E+08
2.50000E+00	4.49438E+00	3.98342E+08
2.50000E+00	4.77528E+00	3.82113E+08
2.50000E+00	5.05618E+00	3.65973E+08
2.50000E+00	5.33708E+00	3.50284E+08
2.50000E+00	5.61798E+00	3.35252E+08
2.50000E+00	5.89888E+00	3.20986E+08
2.50000E+00	6.17978E+00	3.07528E+08
2.50000E+00	6.46067E+00	2.94880E+08
2.50000E+00	6.74157E+00	2.83024E+08
2.50000E+00	7.02247E+00	2.71927E+08
2.50000E+00	7.30337E+00	2.61549E+08
2.50000E+00	7.58427E+00	2.51840E+08
2.50000E+00	7.86517E+00	2.42748E+08
2.50000E+00	8.14607E+00	2.34222E+08
2.50000E+00	8.42697E+00	2.26206E+08
2.50000E+00	8.70787E+00	2.18652E+08
2.50000E+00	8.98876E+00	2.11509E+08
2.50000E+00	9.26966E+00	2.04732E+08
2.50000E+00	9.55056E+00	1.98276E+08
2.50000E+00	9.83146E+00	1.92098E+08
2.50000E+00	1.01124E+01	1.86160E+08
2.50000E+00	1.03933E+01	1.80428E+08
2.50000E+00	1.06742E+01	1.74876E+08
2.50000E+00	1.09551E+01	1.69482E+08
2.50000E+00	1.12360E+01	1.64240E+08
2.50000E+00	1.15169E+01	1.59153E+08
2.50000E+00	1.17978E+01	1.54237E+08
2.50000E+00	1.20787E+01	1.49504E+08
2.50000E+00	1.23596E+01	1.44961E+08
2.50000E+00	1.26404E+01	1.40611E+08
2.50000E+00	1.29213E+01	1.36451E+08
2.50000E+00	1.32022E+01	1.32477E+08
2.50000E+00	1.34831E+01	1.28681E+08
2.50000E+00	1.37640E+01	1.25055E+08
2.50000E+00	1.40449E+01	1.21591E+08
2.50000E+00	1.43258E+01	1.18280E+08
2.50000E+00	1.46067E+01	1.15115E+08
2.50000E+00	1.48876E+01	1.12086E+08
2.50000E+00	1.51685E+01	1.09187E+08
2.50000E+00	1.54494E+01	1.06410E+08
2.50000E+00	1.57303E+01	1.03748E+08
2.50000E+00	1.60112E+01	1.01195E+08
2.50000E+00	1.62921E+01	9.87447E+07
2.50000E+00	1.65730E+01	9.63919E+07
2.50000E+00	1.68539E+01	9.41311E+07
2.50000E+00	1.71348E+01	9.19574E+07
2.50000E+00	1.74157E+01	8.98666E+07
2.50000E+00	1.76966E+01	8.78542E+07
2.50000E+00	1.79775E+01	8.59161E+07
2.50000E+00	1.82584E+01	8.40486E+07
2.50000E+00	1.85393E+01	8.22481E+07
2.50000E+00	1.88202E+01	8.05111E+07
2.50000E+00	1.91011E+01	7.88349E+07
2.50000E+00	1.93820E+01	7.72165E+07
2.50000E+00	1.96629E+01	7.56533E+07
2.50000E+00	1.99438E+01	7.41424E+07
2.50000E+00	2.02247E+01	7.26816E+07
2.50000E+00	2.05056E+01	7.12683E+07
2.50000E+00	2.07865E+01	6.99004E+07
2.50000E+00	2.10674E+01	6.85757E+07
2.50000E+00	2.13483E+01	6.72925E+07
2.50000E+00	2.16292E+01	6.60489E+07
2.50000E+00	2.19101E+01	6.48433E+07
2.50000E+00	2.21910E+01	6.36740E+07
2.50000E+00	2.24719E+01	6.25396E+07
2.50000E+00	2.27528E+01	6.14384E+07
2.50000E+00	2.30337E+01	6.03690E+07
2.50000E+00	2.33146E+01	5.93304E+07
2.50000E+00	2.35955E+01	5.83213E+07
2.50000E+00	2.38764E+01	5.73404E+07
2.50000E+00	2.41573E+01	5.63867E+07
2.50000E+00	2.44382E+01	5.54593E+07
2.50000E+00	2.47191E+01	5.45571E+07
2.50000E+00	2.50000E+01	5.36792E+07
3.00000E+00	0.00000E+00	2.83037E+08
3.00000E+00	2.80899E-01	2.93558E+08
3.00000E+00	5.61798E-01	3.08295E+08
3.00000E+00	8.42697E-01	3.29987E+08
3.00000E+00	1.12360E+00	3.49341E+08
3.00000E+00	1.40449E+00	3.65721E+08
3.00000E+00	1.68539E+00	3.81822E+08
3.00000E+00	1.96629E+00	3.98418E+08
3.00000E+00	2.24719E+00	4.14829E+08
3.00000E+00	2.52809E+00	4.29520E+08
3.00000E+00	2.80899E+00	4.40360E+08
3.00000E+00	3.08989E+00	4.45423E+08
3.00000E+00	3.37079E+00	4.44093E+08
3.00000E+00	3.65169E+00	4.37130E+08
3.00000E+00	3.93258E+00	4.25978E+08
3.00000E+00	4.21348E+00	4.12127E+08
3.00000E+00	4.49438E+00	3.96805E+08
3.00000E+00	4.77528E+00	3.80903E+08
3.00000E+00	5.05618E+00	3.65019E+08
3.00000E+00	5.33708E+00	3.49527E+08
3.00000E+00	5.61798E+00	3.34647E+08
3.00000E+00	5.89888E+00	3.20497E+08
3.00000E+00	6.17978E+00	3.07130E+08
3.00000E+00	6.46067E+00	2.94554E+08
3.00000E+00	6.74157E+00	2.82755E+08
3.00000E+00	7.02247E+00	2.71703E+08
3.00000E+00	7.30337E+00	2.61359E+08
3.00000E+00	7.58427E+00	2.51677E+08
3.00000E+00	7.86517E+00	2.42605E+08
3.00000E+00	8.14607E+00	2.34093E+08
3.00000E+00	8.42697E+00	2.26089E+08
3.00000E+00	8.70787E+00	2.18541E+08
3.00000E+00	8.98876E+00	2.11403E+08
3.00000E+00	9.26966E+00	2.04628E+08
3.00000E+00	9.55056E+00	1.98172E+08
3.00000E+00	9.83146E+00	1.91994E+08
3.00000E+00	1.01124E+01	1.86055E+08
3.00000E+00	1.03933E+01	1.80324E+08
3.00000E+00	1.06742E+01	1.74774E+08
3.00000E+00	1.09551E+01	1.69387E+08
3.00000E+00	1.12360E+01	1.64154E+08
3.00000E+00	1.15169E+01	1.59081E+08
3.00000E+00	1.17978E+01	1.54178E+08
3.00000E+00	1.20787E+01	1.49456E+08
3.00000E+00	1.23596E+01	1.44922E+08
3.00000E+00	1.26404E+01	1.40579E+08
3.00000E+00	1.29213E+01	1.36424E+08
3.00000E+00	1.32022E+01	1.32454E+08
3.00000E+00	1.34831E+01	1.28661E+08
3.00000E+00	1.37640E+01	1.25038E+08
3.00000E+00	1.40449E+01	1.21576E+08
3.00000E+00	1.43258E+01	1.18267E+08
3.00000E+00	1.46067E+01	1.15103E+08
3.00000E+00	1.48876E+01	1.12075E+08
3.00000E+00	1.51685E+01	1.09177E+08
3.00000E+00	1.54494E+01	1.06400E+08
3.00000E+00	1.57303E+01	1.03739E+08
3.00000E+00	1.60112E+01	1.01187E+08
3.00000E+00	1.62921E+01	9.87374E+07
3.00000E+00	1.65730E+01	9.63851E+07
3.00000E+00	1.68539E+01	9.41248E+07
3.00000E+00	1.71348E+01	9.19516E+07
3.00000E+00	1.74157E+01	8.98612E+07
3.00000E+00	1.76966E+01	8.78491E+07
3.00000E+00	1.79775E+01	8.59114E+07
3.00000E+00	1.82584E+01	8.40441E+07
3.00000E+00	1.85393E+01	8.22438E+07
3.00000E+00	1.88202E+01	8.05072E+07
3.00000E+00	1.91011E+01	7.88312E+07
3.00000E+00	1.93820E+01	7.72131E+07
3.00000E+00	1.96629E+01	7.56500E+07
3.00000E+00	1.99438E+01	7.41393E+07
3.00000E+00	2.02247E+01	7.26786E+07
3.00000E+00	2.05056E+01	7.12654E+07
3.00000E+00	2.07865E+01	6.98976E+07
3.00000E+00	2.10674E+01	6.85731E+07
3.00000E+00	2.13483E+01	6.72900E+07
3.00000E+00	2.16292E+01	6.60466E+07
3.00000E+00	2.19101E+01	6.48411E+07
3.00000E+00	2.21910E+01	6.36719E+07
3.00000E+00	2.24719E+01	6.25375E+07
3.00000E+00	2.27528E+01	6.14364E+07
3.00000E+00	2.30337E+01	6.03672E+07
3.00000E+00	2.33146E+01	5.93287E+07
3.00000E+00	2.35955E+01	5.83196E+07
3.00000E+00	2.38764E+01	5.73388E+07
3.00000E+00	2.41573E+01	5.63852E+07
3.00000E+00	2.44382E+01	5.54579E+07
3.00000E+00	2.47191E+01	5.45557E+07
3.00000E+00	2.50000E+01	5.36779E+07
3.50000E+00	0.00000E+00	2.95696E+08
3.50000E+00	2.80899E-01	3.05352E+08
3.50000E+00	5.61798E-01	3.17933E+08
3.50000E+00	8.42697E-01	3.36138E+08
3.50000E+00	1.12360E+00	3.55333E+08
3.50000E+00	1.40449E+00	3.71445E+08
3.50000E+00	1.68539E+00	3.86248E+08
3.50000E+00	1.96629E+00	4.01130E+08
3.50000E+00	2.24719E+00	4.15755E+08
3.50000E+00	2.52809E+00	4.28692E+08
3.50000E+00	2.80899E+00	4.38035E+08
3.50000E+00	3.08989E+00	4.42186E+08
3.50000E+00	3.37079E+00	4.40600E+08
3.50000E+00	3.65169E+00	4.33853E+08
3.50000E+00	3.93258E+00	4.23146E+08
3.50000E+00	4.21348E+00	4.09793E+08
3.50000E+00	4.49438E+00	3.94929E+08
3.50000E+00	4.77528E+00	3.79412E+08
3.50000E+00	5.05618E+00	3.63835E+08
3.50000E+00	5.33708E+00	3.48583E+08
3.50000E+00	5.61798E+00	3.33890E+08
3.50000E+00	5.89888E+00	3.19886E+08
3.50000E+00	6.17978E+00	3.06632E+08
3.50000E+00	6.46067E+00	2.94146E+08
3.50000E+00	6.74157E+00	2.82417E+08
3.50000E+00	7.02247E+00	2.71421E+08
3.50000E+00	7.30337E+00	2.61121E+08
3.50000E+00	7.58427E+00	2.51471E+08
3.50000E+00	7.86517E+00	2.42425E+08
3.50000E+00	8.14607E+00	2.33932E+08
3.50000E+00	8.42697E+00	2.25941E+08
3.50000E+00	8.70787E+00	2.18403E+08
3.50000E+00	8.98876E+00	2.11271E+08
3.50000E+00	9.26966E+00	2.04499E+08
3.50000E+00	9.55056E+00	1.98045E+08
3.50000E+00	9.83146E+00	1.91867E+08
3.50000E+00	1.01124E+01	1.85929E+08
3.50000E+00	1.03933E+01	1.80200E+08
3.50000E+00	1.06742E+01	1.74654E+08
3.50000E+00	1.09551E+01	1.69274E+08
3.50000E+00	1.12360E+01	1.64054E+08
3.50000E+00	1.15169E+01	1.58995E+08
3.50000E+00	1.17978E+01	1.54106E+08
3.50000E+00	1.20787E+01	1.49396E+08
3.50000E+00	1.23596E+01	1.44873E+08
3.50000E+00	1.26404E+01	1.40539E+08
3.50000E+00	1.29213E+01	1.36391E+08
3.50000E+00	1.32022E+01	1.32426E+08
3.50000E+00	1.34831E+01	1.28637E+08
3.50000E+00	1.37640E+01	1.25016E+08
3.50000E+00	1.40449E+01	1.21557E+08
3.50000E+00	1.43258E+01	1.18250E+08
3.50000E+00	1.46067E+01	1.15087E+08
3.50000E+00	1.48876E+01	1.12061E+08
3.50000E+00	1.51685E+01	1.09164E+08
3.50000E+00	1.54494E+01	1.06389E+08
3.50000E+00	1.57303E+01	1.03729E+08
3.50000E+00	1.60112E+01	1.01177E+08
3.50000E+00	1.62921E+01	9.87283E+07
3.50000E+00	1.65730E+01	9.63767E+07
3.50000E+00	1.68539E+01	9.41170E+07
3.50000E+00	1.71348E+01	9.19444E+07
3.50000E+00	1.74157E+01	8.98544E+07
3.50000E+00	1.76966E+01	8.78427E+07
3.50000E+00	1.79775E+01	8.59054E+07
3.50000E+00	1.82584E+01	8.40385E+07
3.50000E+00	1.85393E+01	8.22385E+07
3.50000E+00	1.88202E+01	8.05023E+07
3.50000E+00	1.91011E+01	7.88266E+07
3.50000E+00	1.93820E+01	7.72087E+07
3.50000E+00	1.96629E+01	7.56458E+07
3.50000E+00	1.99438E+01	7.41354E+07
3.50000E+00	2.02247E+01	7.26748E+07
3.50000E+00	2.05056E+01	7.12619E+07
3.50000E+00	2.07865E+01	6.98942E+07
3.50000E+00	2.10674E+01	6.85699E+07
3.50000E+00	2.13483E+01	6.72870E+07
3.50000E+00	2.16292E+01	6.60437E+07
3.50000E+00	2.19101E+01	6.48383E+07
3.50000E+00	2.21910E+01	6.36693E+07
3.50000E+00	2.24719E+01	6.25350E+07
3.50000E+00	2.27528E+01	6.14340E+07
3.50000E+00	2.30337E+01	6.03649E+07
3.50000E+00	2.33146E+01	5.93265E+07
3.50000E+00	2.35955E+01	5.83175E+07
3.50000E+00	2.38764E+01	5.73368E+07
3.50000E+00	2.41573E+01	5.63833E+07
3.50000E+00	2.44382E+01	5.54561E+07
3.50000E+00	2.47191E+01	5.45540E+07
3.50000E+00	2.50000E+01	5.36762E+07
4.00000E+00	0.00000E+00	3.07425E+08
4.00000E+00	2.80899E-01	3.16326E+08
4.00000E+00	5.61798E-01	3.27520E+08
4.00000E+00	8.42697E-01	3.42421E+08
4.00000E+00	1.12360E+00	3.60593E+08
4.00000E+00	1.40449E+00	3.76841E+08
4.00000E+00	1.68539E+00	3.90983E+08
4.00000E+00	1.96629E+00	4.04316E+08
4.00000E+00	2.24719E+00	4.16992E+08
4.00000E+00	2.52809E+00	4.27968E+08
4.00000E+00	2.80899E+00	4.35678E+08
4.00000E+00	3.08989E+00	4.38803E+08
4.00000E+00	3.37079E+00	4.36853E+08
4.00000E+00	3.65169E+00	4.30242E+08
4.00000E+00	3.93258E+00	4.19944E+08
4.00000E+00	4.21348E+00	4.07096E+08
4.00000E+00	4.49438E+00	3.92724E+08
4.00000E+00	4.77528E+00	3.77635E+08
4.00000E+00	5.05618E+00	3.62411E+08
4.00000E+00	5.33708E+00	3.47442E+08
4.00000E+00	5.61798E+00	3.32972E+08
4.00000E+00	5.89888E+00	3.19142E+08
4.00000E+00	6.17978E+00	3.06025E+08
4.00000E+00	6.46067E+00	2.93647E+08
4.00000E+00	6.74157E+00	2.82004E+08
4.00000E+00	7.02247E+00	2.71076E+08
4.00000E+00	7.30337E+00	2.60828E+08
4.00000E+00	7.58427E+00	2.51219E+08
4.00000E+00	7.86517E+00	2.42204E+08
4.00000E+00	8.14607E+00	2.33734E+08
4.00000E+00	8.42697E+00	2.25760E+08
4.00000E+00	8.70787E+00	2.18235E+08
4.00000E+00	8.98876E+00	2.11111E+08
4.00000E+00	9.26966E+00	2.04344E+08
4.00000E+00	9.55056E+00	1.97893E+08
4.00000E+00	9.83146E+00	1.91717E+08
4.00000E+00	1.01124E+01	1.85781E+08
4.00000E+00	1.03933E+01	1.80055E+08
4.00000E+00	1.06742E+01	1.74515E+08
4.00000E+00	1.09551E+01	1.69145E+08
4.00000E+00	1.12360E+01	1.63937E+08
4.00000E+00	1.15169E+01	1.58894E+08
4.00000E+00	1.17978E+01	1.54020E+08
4.00000E+00	1.20787E+01	1.49325E+08
4.00000E+00	1.23596E+01	1.44814E+08
4.00000E+00	1.26404E+01	1.40490E+08
4.00000E+00	1.29213E+01	1.36350E+08
4.00000E+00	1.32022E+01	1.32391E+08
4.00000E+00	1.34831E+01	1.28607E+08
4.00000E+00	1.37640E+01	1.24990E+08
4.00000E+00	1.40449E+01	1.21534E+08
4.00000E+00	1.43258E+01	1.18229E+08
4.00000E+00	1.46067E+01	1.15069E+08
4.00000E+00	1.48876E+01	1.12044E+08
4.00000E+00	1.51685E+01	1.09149E+08
4.00000E+00	1.54494E+01	1.06375E+08
4.00000E+00	1.57303E+01	1.03716E+08
4.00000E+00	1.60112E+01	1.01165E+08
4.00000E+00	1.62921E+01	9.87171E+07
4.00000E+00	1.65730E+01	9.63663E+07
4.00000E+00	1.68539E+01	9.41074E+07
4.00000E+00	1.71348E+01	9.19355E+07
4.00000E+00	1.74157E+01	8.98461E+07
4.00000E+00	1.76966E+01	8.78349E+07
4.00000E+00	1.79775E+01	8.58981E+07
4.00000E+00	1.82584E+01	8.40316E+07
4.00000E+00	1.85393E+01	8.22321E+07
4.00000E+00	1.88202E+01	8.04962E+07
4.00000E+00	1.91011E+01	7.88209E+07
4.00000E+00	1.93820E+01	7.72034E+07
4.00000E+00	1.96629E+01	7.56408E+07
4.00000E+00	1.99438E+01	7.41306E+07
4.00000E+00	2.02247E+01	7.26703E+07
4.00000E+00	2.05056E+01	7.12575E+07
4.00000E+00	2.07865E+01	6.98901E+07
4.00000E+00	2.10674E+01	6.85660E+07
4.00000E+00	2.13483E+01	6.72832E+07
4.00000E+00	2.16292E+01	6.60401E+07
4.00000E+00	2.19101E+01	6.48350E+07
4.00000E+00	2.21910E+01	6.36660E+07
4.00000E+00	2.24719E+01	6.25319E+07
4.00000E+00	2.27528E+01	6.14310E+07
4.00000E+00	2.30337E+01	6.03621E+07
4.00000E+00	2.33146E+01	5.93238E+07
4.00000E+00	2.35955E+01	5.83150E+07
4.00000E+00	2.38764E+01	5.73344E+07
4.00000E+00	2.41573E+01	5.63811E+07
4.00000E+00	2.44382E+01	5.54539E+07
4.00000E+00	2.47191E+01	5.45520E+07
4.00000E+00	2.50000E+01	5.36743E+07
5.00000E+00	0.00000E+00	3.28317E+08
5.00000E+00	2.80899E-01	3.35953E+08
5.00000E+00	5.61798E-01	3.45187E+08
5.00000E+00	8.42697E-01	3.55887E+08
5.00000E+00	1.12360E+00	3.69963E+08
5.00000E+00	1.40449E+00	3.85262E+08
5.00000E+00	1.68539E+00	3.98887E+08
5.00000E+00	1.96629E+00	4.10319E+08
5.00000E+00	2.24719E+00	4.19776E+08
5.00000E+00	2.52809E+00	4.27050E+08
5.00000E+00	2.80899E+00	4.31458E+08
5.00000E+00	3.08989E+00	4.32297E+08
5.00000E+00	3.37079E+00	4.29261E+08
5.00000E+00	3.65169E+00	4.22570E+08
5.00000E+00	3.93258E+00	4.12845E+08
5.00000E+00	4.21348E+00	4.00884E+08
5.00000E+00	4.49438E+00	3.87476E+08
5.00000E+00	4.77528E+00	3.73296E+08
5.00000E+00	5.05618E+00	3.58864E+08
5.00000E+00	5.33708E+00	3.44556E+08
5.00000E+00	5.61798E+00	3.30623E+08
5.00000E+00	5.89888E+00	3.17226E+08
5.00000E+00	6.17978E+00	3.04454E+08
5.00000E+00	6.46067E+00	2.92351E+08
5.00000E+00	6.74157E+00	2.80926E+08
5.00000E+00	7.02247E+00	2.70171E+08
5.00000E+00	7.30337E+00	2.60060E+08
5.00000E+00	7.58427E+00	2.50558E+08
5.00000E+00	7.86517E+00	2.41624E+08
5.00000E+00	8.14607E+00	2.33217E+08
5.00000E+00	8.42697E+00	2.25290E+08
5.00000E+00	8.70787E+00	2.17799E+08
5.00000E+00	8.98876E+00	2.10700E+08
5.00000E+00	9.26966E+00	2.03950E+08
5.00000E+00	9.55056E+00	1.97511E+08
5.00000E+00	9.83146E+00	1.91344E+08
5.00000E+00	1.01124E+01	1.85418E+08
5.00000E+00	1.03933E+01	1.79705E+08
5.00000E+00	1.06742E+01	1.74182E+08
5.00000E+00	1.09551E+01	1.68836E+08
5.00000E+00	1.12360E+01	1.63658E+08
5.00000E+00	1.15169E+01	1.58648E+08
5.00000E+00	1.17978E+01	1.53809E+08
5.00000E+00	1.20787E+01	1.49147E+08
5.00000E+00	1.23596E+01	1.44664E+08
5.00000E+00	1.26404E+01	1.40363E+08
5.00000E+00	1.29213E+01	1.36243E+08
5.00000E+00	1.32022E+01	1.32300E+08
5.00000E+00	1.34831E+01	1.28528E+08
5.00000E+00	1.37640E+01	1.24922E+08
5.00000E+00	1.40449E+01	1.21473E+08
5.00000E+00	1.43258E+01	1.18175E+08
5.00000E+00	1.46067E+01	1.15020E+08
5.00000E+00	1.48876E+01	1.12001E+08
5.00000E+00	1.51685E+01	1.09109E+08
5.00000E+00	1.54494E+01	1.06338E+08
5.00000E+00	1.57303E+01	1.03682E+08
5.00000E+00	1.60112E+01	1.01134E+08
5.00000E+00	1.62921E+01	9.86884E+07
5.00000E+00	1.65730E+01	9.63397E+07
5.00000E+00	1.68539E+01	9.40826E+07
5.00000E+00	1.71348E+01	9.19124E+07
5.00000E+00	1.74157E+01	8.98246E+07
5.00000E+00	1.76966E+01	8.78149E+07
5.00000E+00	1.79775E+01	8.58792E+07
5.00000E+00	1.82584E+01	8.40140E+07
5.00000E+00	1.85393E+01	8.22155E+07
5.00000E+00	1.88202E+01	8.04807E+07
5.00000E+00	1.91011E+01	7.88063E+07
5.00000E+00	1.93820E+01	7.71896E+07
5.00000E+00	1.96629E+01	7.56278E+07
5.00000E+00	1.99438E+01	7.41182E+07
5.00000E+00	2.02247E+01	7.26585E+07
5.00000E+00	2.05056E+01	7.12463E+07
5.00000E+00	2.07865E+01	6.98794E+07
5.00000E+00	2.10674E+01	6.85559E+07
5.00000E+00	2.13483E+01	6.72736E+07
5.00000E+00	2.16292E+01	6.60310E+07
5.00000E+00	2.19101E+01	6.48263E+07
5.00000E+00	2.21910E+01	6.36578E+07
5.00000E+00	2.24719E+01	6.25240E+07
5.00000E+00	2.27528E+01	6.14235E+07
5.00000E+00	2.30337E+01	6.03549E+07
5.00000E+00	2.33146E+01	5.93170E+07
5.00000E+00	2.35955E+01	5.83085E+07
5.00000E+00	2.38764E+01	5.73282E+07
5.00000E+00	2.41573E+01	5.63752E+07
5.00000E+00	2.44382E+01	5.54483E+07
5.00000E+00	2.47191E+01	5.45466E+07
5.00000E+00	2.50000E+01	5.36692E+07
6.00000E+00	0.00000E+00	3.45930E+08
6.00000E+00	2.80899E-01	3.52503E+08
6.00000E+00	5.61798E-01	3.60231E+08
6.00000E+00	8.42697E-01	3.68771E+08
6.00000E+00	1.12360E+00	3.78715E+08
6.00000E+00	1.40449E+00	3.91078E+08
6.00000E+00	1.68539E+00	4.03320E+08
6.00000E+00	1.96629E+00	4.13583E+08
6.00000E+00	2.24719E+00	4.21177E+08
6.00000E+00	2.52809E+00	4.25944E+08
6.00000E+00	2.80899E+00	4.27775E+08
6.00000E+00	3.08989E+00	4.26539E+08
6.00000E+00	3.37079E+00	4.22234E+08
6.00000E+00	3.65169E+00	4.15090E+08
6.00000E+00	3.93258E+00	4.05548E+08
6.00000E+00	4.21348E+00	3.94173E+08
6.00000E+00	4.49438E+00	3.81547E+08
6.00000E+00	4.77528E+00	3.68197E+08
6.00000E+00	5.05618E+00	3.54556E+08
6.00000E+00	5.33708E+00	3.40953E+08
6.00000E+00	5.61798E+00	3.27628E+08
6.00000E+00	5.89888E+00	3.14739E+08
6.00000E+00	6.17978E+00	3.02388E+08
6.00000E+00	6.46067E+00	2.90628E+08
6.00000E+00	6.74157E+00	2.79482E+08
6.00000E+00	7.02247E+00	2.68951E+08
6.00000E+00	7.30337E+00	2.59019E+08
6.00000E+00	7.58427E+00	2.49659E+08
6.00000E+00	7.86517E+00	2.40837E+08
6.00000E+00	8.14607E+00	2.32516E+08
6.00000E+00	8.42697E+00	2.24656E+08
6.00000E+00	8.70787E+00	2.17215E+08
6.00000E+00	8.98876E+00	2.10154E+08
6.00000E+00	9.26966E+00	2.03434E+08
6.00000E+00	9.55056E+00	1.97017E+08
6.00000E+00	9.83146E+00	1.90870E+08
6.00000E+00	1.01124E+01	1.84963E+08
6.00000E+00	1.03933E+01	1.79271E+08
6.00000E+00	1.06742E+01	1.73773E+08
6.00000E+00	1.09551E+01	1.68457E+08
6.00000E+00	1.12360E+01	1.63314E+08
6.00000E+00	1.15169E+01	1.58343E+08
6.00000E+00	1.17978E+01	1.53543E+08
6.00000E+00	1.20787E+01	1.48917E+08
6.00000E+00	1.23596E+01	1.44468E+08
6.00000E+00	1.26404E+01	1.40196E+08
6.00000E+00	1.29213E+01	1.36100E+08
6.00000E+00	1.32022E+01	1.32177E+08
6.00000E+00	1.34831E+01	1.28422E+08
6.00000E+00	1.37640E+01	1.24829E+08
6.00000E+00	1.40449E+01	1.21391E+08
6.00000E+00	1.43258E+01	1.18102E+08
6.00000E+00	1.46067E+01	1.14955E+08
6.00000E+00	1.48876E+01	1.11942E+08
6.00000E+00	1.51685E+01	1.09055E+08
6.00000E+00	1.54494E+01	1.06289E+08
6.00000E+00	1.57303E+01	1.03637E+08
6.00000E+00	1.60112E+01	1.01093E+08
6.00000E+00	1.62921E+01	9.86501E+07
6.00000E+00	1.65730E+01	9.63042E+07
6.00000E+00	1.68539E+01	9.40497E+07
6.00000E+00	1.71348E+01	9.18818E+07
6.00000E+00	1.74157E+01	8.97960E+07
6.00000E+00	1.76966E+01	8.77881E+07
6.00000E+00	1.79775E+01	8.58542E+07
6.00000E+00	1.82584E+01	8.39905E+07
6.00000E+00	1.85393E+01	8.21935E+07
6.00000E+00	1.88202E+01	8.04600E+07
6.00000E+00	1.91011E+01	7.87869E+07
6.00000E+00	1.93820E+01	7.71712E+07
6.00000E+00	1.96629E+01	7.56104E+07
6.00000E+00	1.99438E+01	7.41018E+07
6.00000E+00	2.02247E+01	7.26429E+07
6.00000E+00	2.05056E+01	7.12315E+07
6.00000E+00	2.07865E+01	6.98654E+07
6.00000E+00	2.10674E+01	6.85425E+07
6.00000E+00	2.13483E+01	6.72609E+07
6.00000E+00	2.16292E+01	6.60189E+07
6.00000E+00	2.19101E+01	6.48148E+07
6.00000E+00	2.21910E+01	6.36468E+07
6.00000E+00	2.24719E+01	6.25136E+07
6.00000E+00	2.27528E+01	6.14136E+07
6.00000E+00	2.30337E+01	6.03455E+07
6.00000E+00	2.33146E+01	5.93080E+07
6.00000E+00	2.35955E+01	5.82999E+07
6.00000E+00	2.38764E+01	5.73201E+07
6.00000E+00	2.41573E+01	5.63674E+07
6.00000E+00	2.44382E+01	5.54409E+07
6.00000E+00	2.47191E+01	5.45396E+07
6.00000E+00	2.50000E+01	5.36624E+07
7.00000E+00	0.00000E+00	3.60288E+08
7.00000E+00	2.80899E-01	3.65900E+08
7.00000E+00	5.61798E-01	3.72324E+08
7.00000E+00	8.42697E-01	3.79232E+08
7.00000E+00	1.12360E+00	3.86589E+08
7.00000E+00	1.40449E+00	3.95270E+08
7.00000E+00	1.68539E+00	4.04980E+08
7.00000E+00	1.96629E+00	4.13648E+08
7.00000E+00	2.24719E+00	4.19959E+08
7.00000E+00	2.52809E+00	4.23332E+08
7.00000E+00	2.80899E+00	4.23661E+08
7.00000E+00	3.08989E+00	4.21067E+08
7.00000E+00	3.37079E+00	4.15789E+08
7.00000E+00	3.65169E+00	4.08161E+08
7.00000E+00	3.93258E+00	3.98595E+08
7.00000E+00	4.21348E+00	3.87547E+08
7.00000E+00	4.49438E+00	3.75470E+08
7.00000E+00	4.77528E+00	3.62777E+08
7.00000E+00	5.05618E+00	3.49818E+08
7.00000E+00	5.33708E+00	3.36870E+08
7.00000E+00	5.61798E+00	3.24140E+08
7.00000E+00	5.89888E+00	3.11777E+08
7.00000E+00	6.17978E+00	2.99876E+08
7.00000E+00	6.46067E+00	2.88498E+08
7.00000E+00	6.74157E+00	2.77672E+08
7.00000E+00	7.02247E+00	2.67404E+08
7.00000E+00	7.30337E+00	2.57688E+08
7.00000E+00	7.58427E+00	2.48502E+08
7.00000E+00	7.86517E+00	2.39821E+08
7.00000E+00	8.14607E+00	2.31612E+08
7.00000E+00	8.42697E+00	2.23839E+08
7.00000E+00	8.70787E+00	2.16468E+08
7.00000E+00	8.98876E+00	2.09462E+08
7.00000E+00	9.26966E+00	2.02785E+08
7.00000E+00	9.55056E+00	1.96404E+08
7.00000E+00	9.83146E+00	1.90289E+08
7.00000E+00	1.01124E+01	1.84412E+08
7.00000E+00	1.03933E+01	1.78751E+08
7.00000E+00	1.06742E+01	1.73287E+08
7.00000E+00	1.09551E+01	1.68008E+08
7.00000E+00	1.12360E+01	1.62906E+08
7.00000E+00	1.15169E+01	1.57977E+08
7.00000E+00	1.17978E+01	1.53219E+08
7.00000E+00	1.20787E+01	1.48635E+08
7.00000E+00	1.23596E+01	1.44223E+08
7.00000E+00	1.26404E+01	1.39984E+08
7.00000E+00	1.29213E+01	1.35917E+08
7.00000E+00	1.32022E+01	1.32018E+08
7.00000E+00	1.34831E+01	1.28284E+08
7.00000E+00	1.37640E+01	1.24708E+08
7.00000E+00	1.40449E+01	1.21285E+08
7.00000E+00	1.43258E+01	1.18008E+08
7.00000E+00	1.46067E+01	1.14870E+08
7.00000E+00	1.48876E+01	1.11865E+08
7.00000E+00	1.51685E+01	1.08986E+08
7.00000E+00	1.54494E+01	1.06226E+08
7.00000E+00	1.57303E+01	1.03579E+08
7.00000E+00	1.60112E+01	1.01039E+08
7.00000E+00	1.62921E+01	9.86010E+07
7.00000E+00	1.65730E+01	9.62588E+07
7.00000E+00	1.68539E+01	9.40075E+07
7.00000E+00	1.71348E+01	9.18426E+07
7.00000E+00	1.74157E+01	8.97595E+07
7.00000E+00	1.76966E+01	8.77540E+07
7.00000E+00	1.79775E+01	8.58223E+07
7.00000E+00	1.82584E+01	8.39606E+07
7.00000E+00	1.85393E+01	8.21654E+07
7.00000E+00	1.88202E+01	8.04336E+07
7.00000E+00	1.91011E+01	7.87621E+07
7.00000E+00	1.93820E+01	7.71479E+07
7.00000E+00	1.96629E+01	7.55883E+07
7.00000E+00	1.99438E+01	7.40809E+07
7.00000E+00	2.02247E+01	7.26231E+07
7.00000E+00	2.05056E+01	7.12127E+07
7.00000E+00	2.07865E+01	6.98475E+07
7.00000E+00	2.10674E+01	6.85255E+07
7.00000E+00	2.13483E+01	6.72448E+07
7.00000E+00	2.16292E+01	6.60036E+07
7.00000E+00	2.19101E+01	6.48002E+07
7.00000E+00	2.21910E+01	6.36329E+07
7.00000E+00	2.24719E+01	6.25003E+07
7.00000E+00	2.27528E+01	6.14010E+07
7.00000E+00	2.30337E+01	6.03335E+07
7.00000E+00	2.33146E+01	5.92966E+07
7.00000E+00	2.35955E+01	5.82890E+07
7.00000E+00	2.38764E+01	5.73097E+07
7.00000E+00	2.41573E+01	5.63576E+07
7.00000E+00	2.44382E+01	5.54315E+07
7.00000E+00	2.47191E+01	5.45306E+07
7.00000E+00	2.50000E+01	5.36539E+07
8.00000E+00	0.00000E+00	3.71444E+08
8.00000E+00	2.80899E-01	3.76152E+08
8.00000E+00	5.61798E-01	3.81394E+08
8.00000E+00	8.42697E-01	3.86884E+08
8.00000E+00	1.12360E+00	3.92424E+08
8.00000E+00	1.40449E+00	3.98191E+08
8.00000E+00	1.68539E+00	4.04884E+08
8.00000E+00	1.96629E+00	4.11414E+08
8.00000E+00	2.24719E+00	4.16332E+08
8.00000E+00	2.52809E+00	4.18757E+08
8.00000E+00	2.80899E+00	4.18337E+08
8.00000E+00	3.08989E+00	4.15123E+08
8.00000E+00	3.37079E+00	4.09397E+08
8.00000E+00	3.65169E+00	4.01550E+08
8.00000E+00	3.93258E+00	3.92013E+08
8.00000E+00	4.21348E+00	3.81213E+08
8.00000E+00	4.49438E+00	3.69547E+08
8.00000E+00	4.77528E+00	3.57366E+08
8.00000E+00	5.05618E+00	3.44964E+08
8.00000E+00	5.33708E+00	3.32575E+08
8.00000E+00	5.61798E+00	3.20378E+08
8.00000E+00	5.89888E+00	3.08504E+08
8.00000E+00	6.17978E+00	2.97041E+08
8.00000E+00	6.46067E+00	2.86046E+08
8.00000E+00	6.74157E+00	2.75550E+08
8.00000E+00	7.02247E+00	2.65564E+08
8.00000E+00	7.30337E+00	2.56083E+08
8.00000E+00	7.58427E+00	2.47094E+08
8.00000E+00	7.86517E+00	2.38575E+08
8.00000E+00	8.14607E+00	2.30498E+08
8.00000E+00	8.42697E+00	2.22834E+08
8.00000E+00	8.70787E+00	2.15550E+08
8.00000E+00	8.98876E+00	2.08615E+08
8.00000E+00	9.26966E+00	2.01997E+08
8.00000E+00	9.55056E+00	1.95666E+08
8.00000E+00	9.83146E+00	1.89596E+08
8.00000E+00	1.01124E+01	1.83761E+08
8.00000E+00	1.03933E+01	1.78141E+08
8.00000E+00	1.06742E+01	1.72720E+08
8.00000E+00	1.09551E+01	1.67486E+08
8.00000E+00	1.12360E+01	1.62430E+08
8.00000E+00	1.15169E+01	1.57548E+08
8.00000E+00	1.17978E+01	1.52837E+08
8.00000E+00	1.20787E+01	1.48297E+08
8.00000E+00	1.23596E+01	1.43927E+08
8.00000E+00	1.26404E+01	1.39725E+08
8.00000E+00	1.29213E+01	1.35691E+08
8.00000E+00	1.32022E+01	1.31821E+08
8.00000E+00	1.34831E+01	1.28111E+08
8.00000E+00	1.37640E+01	1.24556E+08
8.00000E+00	1.40449E+01	1.21150E+08
8.00000E+00	1.43258E+01	1.17888E+08
8.00000E+00	1.46067E+01	1.14763E+08
8.00000E+00	1.48876E+01	1.11769E+08
8.00000E+00	1.51685E+01	1.08899E+08
8.00000E+00	1.54494E+01	1.06147E+08
8.00000E+00	1.57303E+01	1.03507E+08
8.00000E+00	1.60112E+01	1.00973E+08
8.00000E+00	1.62921E+01	9.85399E+07
8.00000E+00	1.65730E+01	9.62023E+07
8.00000E+00	1.68539E+01	9.39552E+07
8.00000E+00	1.71348E+01	9.17939E+07
8.00000E+00	1.74157E+01	8.97142E+07
8.00000E+00	1.76966E+01	8.77118E+07
8.00000E+00	1.79775E+01	8.57828E+07
8.00000E+00	1.82584E+01	8.39236E+07
8.00000E+00	1.85393E+01	8.21308E+07
8.00000E+00	1.88202E+01	8.04010E+07
8.00000E+00	1.91011E+01	7.87314E+07
8.00000E+00	1.93820E+01	7.71190E+07
8.00000E+00	1.96629E+01	7.55611E+07
8.00000E+00	1.99438E+01	7.40551E+07
8.00000E+00	2.02247E+01	7.25987E+07
8.00000E+00	2.05056E+01	7.11896E+07
8.00000E+00	2.07865E+01	6.98256E+07
8.00000E+00	2.10674E+01	6.85047E+07
8.00000E+00	2.13483E+01	6.72251E+07
8.00000E+00	2.16292E+01	6.59848E+07
8.00000E+00	2.19101E+01	6.47823E+07
8.00000E+00	2.21910E+01	6.36159E+07
8.00000E+00	2.24719E+01	6.24842E+07
8.00000E+00	2.27528E+01	6.13856E+07
8.00000E+00	2.30337E+01	6.03188E+07
8.00000E+00	2.33146E+01	5.92826E+07
8.00000E+00	2.35955E+01	5.82757E+07
8.00000E+00	2.38764E+01	5.72971E+07
8.00000E+00	2.41573E+01	5.63455E+07
8.00000E+00	2.44382E+01	5.54200E+07
8.00000E+00	2.47191E+01	5.45196E+07
8.00000E+00	2.50000E+01	5.36434E+07
9.00000E+00	0.00000E+00	3.79569E+08
9.00000E+00	2.80899E-01	3.83420E+08
9.00000E+00	5.61798E-01	3.87581E+08
9.00000E+00	8.42697E-01	3.91806E+08
9.00000E+00	1.12360E+00	3.95865E+08
9.00000E+00	1.40449E+00	3.99690E+08
9.00000E+00	1.68539E+00	4.03597E+08
9.00000E+00	1.96629E+00	4.07794E+08
9.00000E+00	2.24719E+00	4.11098E+08
9.00000E+00	2.52809E+00	4.12569E+08
9.00000E+00	2.80899E+00	4.11676E+08
9.00000E+00	3.08989E+00	4.08283E+08
9.00000E+00	3.37079E+00	4.02555E+08
9.00000E+00	3.65169E+00	3.94835E+08
9.00000E+00	3.93258E+00	3.85534E+08
9.00000E+00	4.21348E+00	3.75064E+08
9.00000E+00	4.49438E+00	3.63804E+08
9.00000E+00	4.77528E+00	3.52079E+08
9.00000E+00	5.05618E+00	3.40158E+08
9.00000E+00	5.33708E+00	3.28251E+08
9.00000E+00	5.61798E+00	3.16520E+08
9.00000E+00	5.89888E+00	3.05083E+08
9.00000E+00	6.17978E+00	2.94020E+08
9.00000E+00	6.46067E+00	2.83385E+08
9.00000E+00	6.74157E+00	2.73207E+08
9.00000E+00	7.02247E+00	2.63497E+08
9.00000E+00	7.30337E+00	2.54256E+08
9.00000E+00	7.58427E+00	2.45470E+08
9.00000E+00	7.86517E+00	2.37123E+08
9.00000E+00	8.14607E+00	2.29191E+08
9.00000E+00	8.42697E+00	2.21648E+08
9.00000E+00	8.70787E+00	2.14466E+08
9.00000E+00	8.98876E+00	2.07616E+08
9.00000E+00	9.26966E+00	2.01071E+08
9.00000E+00	9.55056E+00	1.94803E+08
9.00000E+00	9.83146E+00	1.88790E+08
9.00000E+00	1.01124E+01	1.83008E+08
9.00000E+00	1.03933E+01	1.77440E+08
9.00000E+00	1.06742E+01	1.72071E+08
9.00000E+00	1.09551E+01	1.66888E+08
9.00000E+00	1.12360E+01	1.61884E+08
9.00000E+00	1.15169E+01	1.57054E+08
9.00000E+00	1.17978E+01	1.52394E+08
9.00000E+00	1.20787E+01	1.47903E+08
9.00000E+00	1.23596E+01	1.43578E+08
9.00000E+00	1.26404E+01	1.39418E+08
9.00000E+00	1.29213E+01	1.35420E+08
9.00000E+00	1.32022E+01	1.31583E+08
9.00000E+00	1.34831E+01	1.27901E+08
9.00000E+00	1.37640E+01	1.24370E+08
9.00000E+00	1.40449E+01	1.20986E+08
9.00000E+00	1.43258E+01	1.17742E+08
9.00000E+00	1.46067E+01	1.14632E+08
9.00000E+00	1.48876E+01	1.11651E+08
9.00000E+00	1.51685E+01	1.08792E+08
9.00000E+00	1.54494E+01	1.06050E+08
9.00000E+00	1.57303E+01	1.03418E+08
9.00000E+00	1.60112E+01	1.00892E+08
9.00000E+00	1.62921E+01	9.84653E+07
9.00000E+00	1.65730E+01	9.61335E+07
9.00000E+00	1.68539E+01	9.38915E+07
9.00000E+00	1.71348E+01	9.17349E+07
9.00000E+00	1.74157E+01	8.96593E+07
9.00000E+00	1.76966E+01	8.76606E+07
9.00000E+00	1.79775E+01	8.57350E+07
9.00000E+00	1.82584E+01	8.38789E+07
9.00000E+00	1.85393E+01	8.20888E+07
9.00000E+00	1.88202E+01	8.03617E+07
9.00000E+00	1.91011E+01	7.86944E+07
9.00000E+00	1.93820E+01	7.70841E+07
9.00000E+00	1.96629E+01	7.55282E+07
9.00000E+00	1.99438E+01	7.40240E+07
9.00000E+00	2.02247E+01	7.25693E+07
9.00000E+00	2.05056E+01	7.11618E+07
9.00000E+00	2.07865E+01	6.97992E+07
9.00000E+00	2.10674E+01	6.84797E+07
9.00000E+00	2.13483E+01	6.72013E+07
9.00000E+00	2.16292E+01	6.59623E+07
9.00000E+00	2.19101E+01	6.47609E+07
9.00000E+00	2.21910E+01	6.35955E+07
9.00000E+00	2.24719E+01	6.24647E+07
9.00000E+00	2.27528E+01	6.13671E+07
9.00000E+00	2.30337E+01	6.03012E+07
9.00000E+00	2.33146E+01	5.92658E+07
9.00000E+00	2.35955E+01	5.82598E+07
9.00000E+00	2.38764E+01	5.72819E+07
9.00000E+00	2.41573E+01	5.63310E+07
9.00000E+00	2.44382E+01	5.54062E+07
9.00000E+00	2.47191E+01	5.45065E+07
9.00000E+00	2.50000E+01	5.36309E+07
1.00000E+01	0.00000E+00	3.84936E+08
1.00000E+01	2.80899E-01	3.87985E+08
1.00000E+01	5.61798E-01	3.91165E+08
1.00000E+01	8.42697E-01	3.94269E+08
1.00000E+01	1.12360E+00	3.97077E+08
1.00000E+01	1.40449E+00	3.99446E+08
1.00000E+01	1.68539E+00	4.01411E+08
1.00000E+01	1.96629E+00	4.03345E+08
1.00000E+01	2.24719E+00	4.04968E+08
1.00000E+01	2.52809E+00	4.05382E+08
1.00000E+01	2.80899E+00	4.04004E+08
1.00000E+01	3.08989E+00	4.00559E+08
1.00000E+01	3.37079E+00	3.95056E+08
1.00000E+01	3.65169E+00	3.87711E+08
1.00000E+01	3.93258E+00	3.78859E+08
1.00000E+01	4.21348E+00	3.68870E+08
1.00000E+01	4.49438E+00	3.58100E+08
1.00000E+01	4.77528E+00	3.46862E+08
1.00000E+01	5.05618E+00	3.35414E+08
1.00000E+01	5.33708E+00	3.23961E+08
1.00000E+01	5.61798E+00	3.12657E+08
1.00000E+01	5.89888E+00	3.01617E+08
1.00000E+01	6.17978E+00	2.90919E+08
1.00000E+01	6.46067E+00	2.80613E+08
1.00000E+01	6.74157E+00	2.70730E+08
1.00000E+01	7.02247E+00	2.61282E+08
1.00000E+01	7.30337E+00	2.52269E+08
1.00000E+01	7.58427E+00	2.43684E+08
1.00000E+01	7.86517E+00	2.35509E+08
1.00000E+01	8.14607E+00	2.27725E+08
1.00000E+01	8.42697E+00	2.20309E+08
1.00000E+01	8.70787E+00	2.13236E+08
1.00000E+01	8.98876E+00	2.06481E+08
1.00000E+01	9.26966E+00	2.00018E+08
1.00000E+01	9.55056E+00	1.93824E+08
1.00000E+01	9.83146E+00	1.87878E+08
1.00000E+01	1.01124E+01	1.82159E+08
1.00000E+01	1.03933E+01	1.76651E+08
1.00000E+01	1.06742E+01	1.71340E+08
1.00000E+01	1.09551E+01	1.66216E+08
1.00000E+01	1.12360E+01	1.61269E+08
1.00000E+01	1.15169E+01	1.56496E+08
1.00000E+01	1.17978E+01	1.51890E+08
1.00000E+01	1.20787E+01	1.47451E+08
1.00000E+01	1.23596E+01	1.43174E+08
1.00000E+01	1.26404E+01	1.39059E+08
1.00000E+01	1.29213E+01	1.35102E+08
1.00000E+01	1.32022E+01	1.31301E+08
1.00000E+01	1.34831E+01	1.27651E+08
1.00000E+01	1.37640E+01	1.24148E+08
1.00000E+01	1.40449E+01	1.20788E+08
1.00000E+01	1.43258E+01	1.17565E+08
1.00000E+01	1.46067E+01	1.14474E+08
1.00000E+01	1.48876E+01	1.11508E+08
1.00000E+01	1.51685E+01	1.08663E+08
1.00000E+01	1.54494E+01	1.05933E+08
1.00000E+01	1.57303E+01	1.03312E+08
1.00000E+01	1.60112E+01	1.00794E+08
1.00000E+01	1.62921E+01	9.83758E+07
1.00000E+01	1.65730E+01	9.60510E+07
1.00000E+01	1.68539E+01	9.38153E+07
1.00000E+01	1.71348E+01	9.16643E+07
1.00000E+01	1.74157E+01	8.95937E+07
1.00000E+01	1.76966E+01	8.75996E+07
1.00000E+01	1.79775E+01	8.56781E+07
1.00000E+01	1.82584E+01	8.38257E+07
1.00000E+01	1.85393E+01	8.20390E+07
1.00000E+01	1.88202E+01	8.03149E+07
1.00000E+01	1.91011E+01	7.86505E+07
1.00000E+01	1.93820E+01	7.70428E+07
1.00000E+01	1.96629E+01	7.54892E+07
1.00000E+01	1.99438E+01	7.39873E+07
1.00000E+01	2.02247E+01	7.25346E+07
1.00000E+01	2.05056E+01	7.11289E+07
1.00000E+01	2.07865E+01	6.97681E+07
1.00000E+01	2.10674E+01	6.84502E+07
1.00000E+01	2.13483E+01	6.71733E+07
1.00000E+01	2.16292E+01	6.59357E+07
1.00000E+01	2.19101E+01	6.47356E+07
1.00000E+01	2.21910E+01	6.35715E+07
1.00000E+01	2.24719E+01	6.24419E+07
1.00000E+01	2.27528E+01	6.13453E+07
1.00000E+01	2.30337E+01	6.02805E+07
1.00000E+01	2.33146E+01	5.92461E+07
1.00000E+01	2.35955E+01	5.82410E+07
1.00000E+01	2.38764E+01	5.72640E+07
1.00000E+01	2.41573E+01	5.63140E+07
1.00000E+01	2.44382E+01	5.53900E+07
1.00000E+01	2.47191E+01	5.44910E+07
1.00000E+01	2.50000E+01	5.36161E+07
