1.00000E-04	0.00000E+00	9.56582E-01
1.00000E-04	2.80899E-01	1.20271E-01
1.00000E-04	5.61798E-01	7.83211E-02
1.00000E-04	8.42697E-01	5.93087E-02
1.00000E-04	1.12360E+00	4.96682E-02
1.00000E-04	1.40449E+00	4.54704E-02
1.00000E-04	1.68539E+00	4.61902E-02
1.00000E-04	1.96629E+00	5.26493E-02
1.00000E-04	2.24719E+00	6.64688E-02
1.00000E-04	2.52809E+00	8.77179E-02
1.00000E-04	2.80899E+00	1.13197E-01
1.00000E-04	3.08989E+00	1.42659E-01
1.00000E-04	3.37079E+00	1.78591E-01
1.00000E-04	3.65169E+00	2.16424E-01
1.00000E-04	3.93258E+00	2.57328E-01
1.00000E-04	4.21348E+00	2.99934E-01
1.00000E-04	4.49438E+00	3.41502E-01
1.00000E-04	4.77528E+00	3.83156E-01
1.00000E-04	5.05618E+00	4.21383E-01
1.00000E-04	5.33708E+00	4.62745E-01
1.00000E-04	5.61798E+00	5.03187E-01
1.00000E-04	5.89888E+00	5.52068E-01
1.00000E-04	6.17978E+00	6.11898E-01
1.00000E-04	6.46067E+00	6.95530E-01
1.00000E-04	6.74157E+00	8.08694E-01
1.00000E-04	7.02247E+00	9.64551E-01
1.00000E-04	7.30337E+00	1.16014E+00
1.00000E-04	7.58427E+00	1.39068E+00
1.00000E-04	7.86517E+00	1.66878E+00
1.00000E-04	8.14607E+00	1.98649E+00
1.00000E-04	8.42697E+00	2.33710E+00
1.00000E-04	8.70787E+00	2.71014E+00
1.00000E-04	8.98876E+00	3.07356E+00
1.00000E-04	9.26966E+00	3.44228E+00
1.00000E-04	9.55056E+00	3.82072E+00
1.00000E-04	9.83146E+00	4.19142E+00
1.00000E-04	1.01124E+01	4.53727E+00
1.00000E-04	1.03933E+01	4.86150E+00
1.00000E-04	1.06742E+01	5.17761E+00
1.00000E-04	1.09551E+01	5.42791E+00
1.00000E-04	1.12360E+01	5.65963E+00
1.00000E-04	1.15169E+01	5.88505E+00
1.00000E-04	1.17978E+01	6.09403E+00
1.00000E-04	1.20787E+01	6.30600E+00
1.00000E-04	1.23596E+01	6.49441E+00
1.00000E-04	1.26404E+01	6.67237E+00
1.00000E-04	1.29213E+01	6.81975E+00
1.00000E-04	1.32022E+01	6.95438E+00
1.00000E-04	1.34831E+01	7.07310E+00
1.00000E-04	1.37640E+01	7.17667E+00
1.00000E-04	1.40449E+01	7.22097E+00
1.00000E-04	1.43258E+01	7.24758E+00
1.00000E-04	1.46067E+01	7.27433E+00
1.00000E-04	1.48876E+01	7.29218E+00
1.00000E-04	1.51685E+01	7.31337E+00
1.00000E-04	1.54494E+01	7.32996E+00
1.00000E-04	1.57303E+01	7.34898E+00
1.00000E-04	1.60112E+01	7.36014E+00
1.00000E-04	1.62921E+01	7.37229E+00
1.00000E-04	1.65730E+01	7.38469E+00
1.00000E-04	1.68539E+01	7.39213E+00
1.00000E-04	1.71348E+01	7.39892E+00
1.00000E-04	1.74157E+01	7.39758E+00
1.00000E-04	1.76966E+01	7.38827E+00
1.00000E-04	1.79775E+01	7.37263E+00
1.00000E-04	1.82584E+01	7.36022E+00
1.00000E-04	1.85393E+01	7.33779E+00
1.00000E-04	1.88202E+01	7.31064E+00
1.00000E-04	1.91011E+01	7.24220E+00
1.00000E-04	1.93820E+01	7.16970E+00
1.00000E-04	1.96629E+01	7.09500E+00
1.00000E-04	1.99438E+01	7.02348E+00
1.00000E-04	2.02247E+01	6.95449E+00
1.00000E-04	2.05056E+01	6.88291E+00
1.00000E-04	2.07865E+01	6.81525E+00
1.00000E-04	2.10674E+01	6.74558E+00
1.00000E-04	2.13483E+01	6.68532E+00
1.00000E-04	2.16292E+01	6.61906E+00
1.00000E-04	2.19101E+01	6.55736E+00
1.00000E-04	2.21910E+01	6.49900E+00
1.00000E-04	2.24719E+01	6.44147E+00
1.00000E-04	2.27528E+01	6.38360E+00
1.00000E-04	2.30337E+01	6.32928E+00
1.00000E-04	2.33146E+01	6.27843E+00
1.00000E-04	2.35955E+01	6.22388E+00
1.00000E-04	2.38764E+01	6.17406E+00
1.00000E-04	2.41573E+01	6.12676E+00
1.00000E-04	2.44382E+01	6.07980E+00
1.00000E-04	2.47191E+01	6.03589E+00
1.00000E-04	2.50000E+01	5.98949E+00
5.00000E-04	0.00000E+00	9.75460E-01
5.00000E-04	2.80899E-01	1.66845E-01
5.00000E-04	5.61798E-01	1.08658E-01
5.00000E-04	8.42697E-01	8.22864E-02
5.00000E-04	1.12360E+00	6.88992E-02
5.00000E-04	1.40449E+00	6.30828E-02
5.00000E-04	1.68539E+00	6.40817E-02
5.00000E-04	1.96629E+00	7.30426E-02
5.00000E-04	2.24719E+00	9.22149E-02
5.00000E-04	2.52809E+00	1.21695E-01
5.00000E-04	2.80899E+00	1.57043E-01
5.00000E-04	3.08989E+00	1.97942E-01
5.00000E-04	3.37079E+00	2.47767E-01
5.00000E-04	3.65169E+00	3.00246E-01
5.00000E-04	3.93258E+00	3.57013E-01
5.00000E-04	4.21348E+00	4.15934E-01
5.00000E-04	4.49438E+00	4.73779E-01
5.00000E-04	4.77528E+00	5.31567E-01
5.00000E-04	5.05618E+00	5.84605E-01
5.00000E-04	5.33708E+00	6.41985E-01
5.00000E-04	5.61798E+00	6.98092E-01
5.00000E-04	5.89888E+00	7.65897E-01
5.00000E-04	6.17978E+00	8.48912E-01
5.00000E-04	6.46067E+00	9.64938E-01
5.00000E-04	6.74157E+00	1.12193E+00
5.00000E-04	7.02247E+00	1.33816E+00
5.00000E-04	7.30337E+00	1.60968E+00
5.00000E-04	7.58427E+00	1.92934E+00
5.00000E-04	7.86517E+00	2.31517E+00
5.00000E-04	8.14607E+00	2.75594E+00
5.00000E-04	8.42697E+00	3.24236E+00
5.00000E-04	8.70787E+00	3.75990E+00
5.00000E-04	8.98876E+00	4.26660E+00
5.00000E-04	9.26966E+00	4.77561E+00
5.00000E-04	9.55056E+00	5.30064E+00
5.00000E-04	9.83146E+00	5.81493E+00
5.00000E-04	1.01124E+01	6.29475E+00
5.00000E-04	1.03933E+01	6.74339E+00
5.00000E-04	1.06742E+01	7.18312E+00
5.00000E-04	1.09551E+01	7.53036E+00
5.00000E-04	1.12360E+01	7.85184E+00
5.00000E-04	1.15169E+01	8.16458E+00
5.00000E-04	1.17978E+01	8.45450E+00
5.00000E-04	1.20787E+01	8.74858E+00
5.00000E-04	1.23596E+01	9.00996E+00
5.00000E-04	1.26404E+01	9.25686E+00
5.00000E-04	1.29213E+01	9.46132E+00
5.00000E-04	1.32022E+01	9.64810E+00
5.00000E-04	1.34831E+01	9.81281E+00
5.00000E-04	1.37640E+01	9.95649E+00
5.00000E-04	1.40449E+01	1.00180E+01
5.00000E-04	1.43258E+01	1.00549E+01
5.00000E-04	1.46067E+01	1.00920E+01
5.00000E-04	1.48876E+01	1.01167E+01
5.00000E-04	1.51685E+01	1.01461E+01
5.00000E-04	1.54494E+01	1.01692E+01
5.00000E-04	1.57303E+01	1.01955E+01
5.00000E-04	1.60112E+01	1.02110E+01
5.00000E-04	1.62921E+01	1.02279E+01
5.00000E-04	1.65730E+01	1.02451E+01
5.00000E-04	1.68539E+01	1.02554E+01
5.00000E-04	1.71348E+01	1.02648E+01
5.00000E-04	1.74157E+01	1.02630E+01
5.00000E-04	1.76966E+01	1.02500E+01
5.00000E-04	1.79775E+01	1.02284E+01
5.00000E-04	1.82584E+01	1.02111E+01
5.00000E-04	1.85393E+01	1.01800E+01
5.00000E-04	1.88202E+01	1.01424E+01
5.00000E-04	1.91011E+01	1.00474E+01
5.00000E-04	1.93820E+01	9.94682E+00
5.00000E-04	1.96629E+01	9.84319E+00
5.00000E-04	1.99438E+01	9.74352E+00
5.00000E-04	2.02247E+01	9.64825E+00
5.00000E-04	2.05056E+01	9.54895E+00
5.00000E-04	2.07865E+01	9.45508E+00
5.00000E-04	2.10674E+01	9.35842E+00
5.00000E-04	2.13483E+01	9.27482E+00
5.00000E-04	2.16292E+01	9.18290E+00
5.00000E-04	2.19101E+01	9.09730E+00
5.00000E-04	2.21910E+01	9.01633E+00
5.00000E-04	2.24719E+01	8.93651E+00
5.00000E-04	2.27528E+01	8.85623E+00
5.00000E-04	2.30337E+01	8.78088E+00
5.00000E-04	2.33146E+01	8.71033E+00
5.00000E-04	2.35955E+01	8.63464E+00
5.00000E-04	2.38764E+01	8.56554E+00
5.00000E-04	2.41573E+01	8.49990E+00
5.00000E-04	2.44382E+01	8.43476E+00
5.00000E-04	2.47191E+01	8.37384E+00
5.00000E-04	2.50000E+01	8.30946E+00
1.00000E-03	0.00000E+00	9.75071E-01
1.00000E-03	2.80899E-01	1.86938E-01
1.00000E-03	5.61798E-01	1.21745E-01
1.00000E-03	8.42697E-01	9.22002E-02
1.00000E-03	1.12360E+00	7.71901E-02
1.00000E-03	1.40449E+00	7.06776E-02
1.00000E-03	1.68539E+00	7.17997E-02
1.00000E-03	1.96629E+00	8.18394E-02
1.00000E-03	2.24719E+00	1.03319E-01
1.00000E-03	2.52809E+00	1.36349E-01
1.00000E-03	2.80899E+00	1.75956E-01
1.00000E-03	3.08989E+00	2.21842E-01
1.00000E-03	3.37079E+00	2.77617E-01
1.00000E-03	3.65169E+00	3.36338E-01
1.00000E-03	3.93258E+00	4.00087E-01
1.00000E-03	4.21348E+00	4.65949E-01
1.00000E-03	4.49438E+00	5.30792E-01
1.00000E-03	4.77528E+00	5.95553E-01
1.00000E-03	5.05618E+00	6.55065E-01
1.00000E-03	5.33708E+00	7.19302E-01
1.00000E-03	5.61798E+00	7.82167E-01
1.00000E-03	5.89888E+00	8.58036E-01
1.00000E-03	6.17978E+00	9.51149E-01
1.00000E-03	6.46067E+00	1.08115E+00
1.00000E-03	6.74157E+00	1.25694E+00
1.00000E-03	7.02247E+00	1.49931E+00
1.00000E-03	7.30337E+00	1.80356E+00
1.00000E-03	7.58427E+00	2.16170E+00
1.00000E-03	7.86517E+00	2.59400E+00
1.00000E-03	8.14607E+00	3.08785E+00
1.00000E-03	8.42697E+00	3.63285E+00
1.00000E-03	8.70787E+00	4.21272E+00
1.00000E-03	8.98876E+00	4.78091E+00
1.00000E-03	9.26966E+00	5.35076E+00
1.00000E-03	9.55056E+00	5.93902E+00
1.00000E-03	9.83146E+00	6.51525E+00
1.00000E-03	1.01124E+01	7.05285E+00
1.00000E-03	1.03933E+01	7.55536E+00
1.00000E-03	1.06742E+01	8.04821E+00
1.00000E-03	1.09551E+01	8.43727E+00
1.00000E-03	1.12360E+01	8.79746E+00
1.00000E-03	1.15169E+01	9.14787E+00
1.00000E-03	1.17978E+01	9.47271E+00
1.00000E-03	1.20787E+01	9.80217E+00
1.00000E-03	1.23596E+01	1.00951E+01
1.00000E-03	1.26404E+01	1.03717E+01
1.00000E-03	1.29213E+01	1.06008E+01
1.00000E-03	1.32022E+01	1.08101E+01
1.00000E-03	1.34831E+01	1.09946E+01
1.00000E-03	1.37640E+01	1.11556E+01
1.00000E-03	1.40449E+01	1.12245E+01
1.00000E-03	1.43258E+01	1.12658E+01
1.00000E-03	1.46067E+01	1.13074E+01
1.00000E-03	1.48876E+01	1.13351E+01
1.00000E-03	1.51685E+01	1.13681E+01
1.00000E-03	1.54494E+01	1.13939E+01
1.00000E-03	1.57303E+01	1.14234E+01
1.00000E-03	1.60112E+01	1.14408E+01
1.00000E-03	1.62921E+01	1.14597E+01
1.00000E-03	1.65730E+01	1.14790E+01
1.00000E-03	1.68539E+01	1.14905E+01
1.00000E-03	1.71348E+01	1.15011E+01
1.00000E-03	1.74157E+01	1.14991E+01
1.00000E-03	1.76966E+01	1.14845E+01
1.00000E-03	1.79775E+01	1.14602E+01
1.00000E-03	1.82584E+01	1.14409E+01
1.00000E-03	1.85393E+01	1.14061E+01
1.00000E-03	1.88202E+01	1.13638E+01
1.00000E-03	1.91011E+01	1.12575E+01
1.00000E-03	1.93820E+01	1.11448E+01
1.00000E-03	1.96629E+01	1.10286E+01
1.00000E-03	1.99438E+01	1.09162E+01
1.00000E-03	2.02247E+01	1.08102E+01
1.00000E-03	2.05056E+01	1.06990E+01
1.00000E-03	2.07865E+01	1.05938E+01
1.00000E-03	2.10674E+01	1.04855E+01
1.00000E-03	2.13483E+01	1.03918E+01
1.00000E-03	2.16292E+01	1.02888E+01
1.00000E-03	2.19101E+01	1.01929E+01
1.00000E-03	2.21910E+01	1.01022E+01
1.00000E-03	2.24719E+01	1.00128E+01
1.00000E-03	2.27528E+01	9.92282E+00
1.00000E-03	2.30337E+01	9.83840E+00
1.00000E-03	2.33146E+01	9.75935E+00
1.00000E-03	2.35955E+01	9.67455E+00
1.00000E-03	2.38764E+01	9.59712E+00
1.00000E-03	2.41573E+01	9.52358E+00
1.00000E-03	2.44382E+01	9.45059E+00
1.00000E-03	2.47191E+01	9.38234E+00
1.00000E-03	2.50000E+01	9.31021E+00
5.00000E-03	0.00000E+00	9.55218E-01
5.00000E-03	2.80899E-01	2.74624E-01
5.00000E-03	5.61798E-01	1.78850E-01
5.00000E-03	8.42697E-01	1.35450E-01
5.00000E-03	1.12360E+00	1.13391E-01
5.00000E-03	1.40449E+00	1.03822E-01
5.00000E-03	1.68539E+00	1.05481E-01
5.00000E-03	1.96629E+00	1.20219E-01
5.00000E-03	2.24719E+00	1.51753E-01
5.00000E-03	2.52809E+00	2.00300E-01
5.00000E-03	2.80899E+00	2.58484E-01
5.00000E-03	3.08989E+00	3.26029E-01
5.00000E-03	3.37079E+00	4.07885E-01
5.00000E-03	3.65169E+00	4.93803E-01
5.00000E-03	3.93258E+00	5.88107E-01
5.00000E-03	4.21348E+00	6.84416E-01
5.00000E-03	4.49438E+00	7.79259E-01
5.00000E-03	4.77528E+00	8.74509E-01
5.00000E-03	5.05618E+00	9.62728E-01
5.00000E-03	5.33708E+00	1.05649E+00
5.00000E-03	5.61798E+00	1.14926E+00
5.00000E-03	5.89888E+00	1.25991E+00
5.00000E-03	6.17978E+00	1.39685E+00
5.00000E-03	6.46067E+00	1.58834E+00
5.00000E-03	6.74157E+00	1.84485E+00
5.00000E-03	7.02247E+00	2.20141E+00
5.00000E-03	7.30337E+00	2.64955E+00
5.00000E-03	7.58427E+00	3.17549E+00
5.00000E-03	7.86517E+00	3.81166E+00
5.00000E-03	8.14607E+00	4.53377E+00
5.00000E-03	8.42697E+00	5.33658E+00
5.00000E-03	8.70787E+00	6.18884E+00
5.00000E-03	8.98876E+00	7.02405E+00
5.00000E-03	9.26966E+00	7.85881E+00
5.00000E-03	9.55056E+00	8.72482E+00
5.00000E-03	9.83146E+00	9.57037E+00
5.00000E-03	1.01124E+01	1.03604E+01
5.00000E-03	1.03933E+01	1.10992E+01
5.00000E-03	1.06742E+01	1.18233E+01
5.00000E-03	1.09551E+01	1.23951E+01
5.00000E-03	1.12360E+01	1.29198E+01
5.00000E-03	1.15169E+01	1.34364E+01
5.00000E-03	1.17978E+01	1.39162E+01
5.00000E-03	1.20787E+01	1.43953E+01
5.00000E-03	1.23596E+01	1.48302E+01
5.00000E-03	1.26404E+01	1.52369E+01
5.00000E-03	1.29213E+01	1.55776E+01
5.00000E-03	1.32022E+01	1.58807E+01
5.00000E-03	1.34831E+01	1.61538E+01
5.00000E-03	1.37640E+01	1.63912E+01
5.00000E-03	1.40449E+01	1.64895E+01
5.00000E-03	1.43258E+01	1.65503E+01
5.00000E-03	1.46067E+01	1.66114E+01
5.00000E-03	1.48876E+01	1.66525E+01
5.00000E-03	1.51685E+01	1.67005E+01
5.00000E-03	1.54494E+01	1.67384E+01
5.00000E-03	1.57303E+01	1.67817E+01
5.00000E-03	1.60112E+01	1.68074E+01
5.00000E-03	1.62921E+01	1.68355E+01
5.00000E-03	1.65730E+01	1.68630E+01
5.00000E-03	1.68539E+01	1.68804E+01
5.00000E-03	1.71348E+01	1.68959E+01
5.00000E-03	1.74157E+01	1.68954E+01
5.00000E-03	1.76966E+01	1.68722E+01
5.00000E-03	1.79775E+01	1.68358E+01
5.00000E-03	1.82584E+01	1.68072E+01
5.00000E-03	1.85393E+01	1.67563E+01
5.00000E-03	1.88202E+01	1.66944E+01
5.00000E-03	1.91011E+01	1.65384E+01
5.00000E-03	1.93820E+01	1.63725E+01
5.00000E-03	1.96629E+01	1.62019E+01
5.00000E-03	1.99438E+01	1.60352E+01
5.00000E-03	2.02247E+01	1.58810E+01
5.00000E-03	2.05056E+01	1.57177E+01
5.00000E-03	2.07865E+01	1.55627E+01
5.00000E-03	2.10674E+01	1.54039E+01
5.00000E-03	2.13483E+01	1.52663E+01
5.00000E-03	2.16292E+01	1.51150E+01
5.00000E-03	2.19101E+01	1.49741E+01
5.00000E-03	2.21910E+01	1.48409E+01
5.00000E-03	2.24719E+01	1.47095E+01
5.00000E-03	2.27528E+01	1.45773E+01
5.00000E-03	2.30337E+01	1.44532E+01
5.00000E-03	2.33146E+01	1.43369E+01
5.00000E-03	2.35955E+01	1.42126E+01
5.00000E-03	2.38764E+01	1.40989E+01
5.00000E-03	2.41573E+01	1.39903E+01
5.00000E-03	2.44382E+01	1.38836E+01
5.00000E-03	2.47191E+01	1.37833E+01
5.00000E-03	2.50000E+01	1.36774E+01
1.00000E-02	0.00000E+00	9.55176E-01
1.00000E-02	2.80899E-01	3.31760E-01
1.00000E-02	5.61798E-01	2.16055E-01
1.00000E-02	8.42697E-01	1.63632E-01
1.00000E-02	1.12360E+00	1.36984E-01
1.00000E-02	1.40449E+00	1.25425E-01
1.00000E-02	1.68539E+00	1.27428E-01
1.00000E-02	1.96629E+00	1.45233E-01
1.00000E-02	2.24719E+00	1.83328E-01
1.00000E-02	2.52809E+00	2.41977E-01
1.00000E-02	2.80899E+00	3.12268E-01
1.00000E-02	3.08989E+00	3.93869E-01
1.00000E-02	3.37079E+00	4.92753E-01
1.00000E-02	3.65169E+00	5.96525E-01
1.00000E-02	3.93258E+00	7.10511E-01
1.00000E-02	4.21348E+00	8.26822E-01
1.00000E-02	4.49438E+00	9.41286E-01
1.00000E-02	4.77528E+00	1.05640E+00
1.00000E-02	5.05618E+00	1.16308E+00
1.00000E-02	5.33708E+00	1.27622E+00
1.00000E-02	5.61798E+00	1.38850E+00
1.00000E-02	5.89888E+00	1.52197E+00
1.00000E-02	6.17978E+00	1.68717E+00
1.00000E-02	6.46067E+00	1.91888E+00
1.00000E-02	6.74157E+00	2.22822E+00
1.00000E-02	7.02247E+00	2.65904E+00
1.00000E-02	7.30337E+00	3.20078E+00
1.00000E-02	7.58427E+00	3.83619E+00
1.00000E-02	7.86517E+00	4.60522E+00
1.00000E-02	8.14607E+00	5.47419E+00
1.00000E-02	8.42697E+00	6.44548E+00
1.00000E-02	8.70787E+00	7.47713E+00
1.00000E-02	8.98876E+00	8.48568E+00
1.00000E-02	9.26966E+00	9.49165E+00
1.00000E-02	9.55056E+00	1.05399E+01
1.00000E-02	9.83146E+00	1.15587E+01
1.00000E-02	1.01124E+01	1.25135E+01
1.00000E-02	1.03933E+01	1.34087E+01
1.00000E-02	1.06742E+01	1.42820E+01
1.00000E-02	1.09551E+01	1.49758E+01
1.00000E-02	1.12360E+01	1.56037E+01
1.00000E-02	1.15169E+01	1.62287E+01
1.00000E-02	1.17978E+01	1.68115E+01
1.00000E-02	1.20787E+01	1.73874E+01
1.00000E-02	1.23596E+01	1.79138E+01
1.00000E-02	1.26404E+01	1.84092E+01
1.00000E-02	1.29213E+01	1.88214E+01
1.00000E-02	1.32022E+01	1.91851E+01
1.00000E-02	1.34831E+01	1.95176E+01
1.00000E-02	1.37640E+01	1.98045E+01
1.00000E-02	1.40449E+01	1.99195E+01
1.00000E-02	1.43258E+01	1.99946E+01
1.00000E-02	1.46067E+01	2.00677E+01
1.00000E-02	1.48876E+01	2.01185E+01
1.00000E-02	1.51685E+01	2.01756E+01
1.00000E-02	1.54494E+01	2.02211E+01
1.00000E-02	1.57303E+01	2.02724E+01
1.00000E-02	1.60112E+01	2.03054E+01
1.00000E-02	1.62921E+01	2.03393E+01
1.00000E-02	1.65730E+01	2.03699E+01
1.00000E-02	1.68539E+01	2.03927E+01
1.00000E-02	1.71348E+01	2.04113E+01
1.00000E-02	1.74157E+01	2.04115E+01
1.00000E-02	1.76966E+01	2.03835E+01
1.00000E-02	1.79775E+01	2.03389E+01
1.00000E-02	1.82584E+01	2.03023E+01
1.00000E-02	1.85393E+01	2.02429E+01
1.00000E-02	1.88202E+01	2.01687E+01
1.00000E-02	1.91011E+01	1.99795E+01
1.00000E-02	1.93820E+01	1.97793E+01
1.00000E-02	1.96629E+01	1.95730E+01
1.00000E-02	1.99438E+01	1.93713E+01
1.00000E-02	2.02247E+01	1.91851E+01
1.00000E-02	2.05056E+01	1.89884E+01
1.00000E-02	2.07865E+01	1.87995E+01
1.00000E-02	2.10674E+01	1.86093E+01
1.00000E-02	2.13483E+01	1.84427E+01
1.00000E-02	2.16292E+01	1.82602E+01
1.00000E-02	2.19101E+01	1.80898E+01
1.00000E-02	2.21910E+01	1.79288E+01
1.00000E-02	2.24719E+01	1.77700E+01
1.00000E-02	2.27528E+01	1.76105E+01
1.00000E-02	2.30337E+01	1.74597E+01
1.00000E-02	2.33146E+01	1.73193E+01
1.00000E-02	2.35955E+01	1.71698E+01
1.00000E-02	2.38764E+01	1.70330E+01
1.00000E-02	2.41573E+01	1.69001E+01
1.00000E-02	2.44382E+01	1.67723E+01
1.00000E-02	2.47191E+01	1.66511E+01
1.00000E-02	2.50000E+01	1.65232E+01
5.00000E-02	0.00000E+00	9.50466E-01
5.00000E-02	2.80899E-01	5.21654E-01
5.00000E-02	5.61798E-01	3.39634E-01
5.00000E-02	8.42697E-01	2.57406E-01
5.00000E-02	1.12360E+00	2.15491E-01
5.00000E-02	1.40449E+00	1.97338E-01
5.00000E-02	1.68539E+00	2.00488E-01
5.00000E-02	1.96629E+00	2.28486E-01
5.00000E-02	2.24719E+00	2.88431E-01
5.00000E-02	2.52809E+00	3.80671E-01
5.00000E-02	2.80899E+00	4.91288E-01
5.00000E-02	3.08989E+00	6.19640E-01
5.00000E-02	3.37079E+00	7.75183E-01
5.00000E-02	3.65169E+00	9.38442E-01
5.00000E-02	3.93258E+00	1.11774E+00
5.00000E-02	4.21348E+00	1.30074E+00
5.00000E-02	4.49438E+00	1.48085E+00
5.00000E-02	4.77528E+00	1.66191E+00
5.00000E-02	5.05618E+00	1.82973E+00
5.00000E-02	5.33708E+00	2.00769E+00
5.00000E-02	5.61798E+00	2.18435E+00
5.00000E-02	5.89888E+00	2.39429E+00
5.00000E-02	6.17978E+00	2.65416E+00
5.00000E-02	6.46067E+00	3.01870E+00
5.00000E-02	6.74157E+00	3.50529E+00
5.00000E-02	7.02247E+00	4.18319E+00
5.00000E-02	7.30337E+00	5.03547E+00
5.00000E-02	7.58427E+00	6.03507E+00
5.00000E-02	7.86517E+00	7.24494E+00
5.00000E-02	8.14607E+00	8.60993E+00
5.00000E-02	8.42697E+00	1.01386E+01
5.00000E-02	8.70787E+00	1.17634E+01
5.00000E-02	8.98876E+00	1.33495E+01
5.00000E-02	9.26966E+00	1.49311E+01
5.00000E-02	9.55056E+00	1.65808E+01
5.00000E-02	9.83146E+00	1.81814E+01
5.00000E-02	1.01124E+01	1.96832E+01
5.00000E-02	1.03933E+01	2.10944E+01
5.00000E-02	1.06742E+01	2.24635E+01
5.00000E-02	1.09551E+01	2.35653E+01
5.00000E-02	1.12360E+01	2.45425E+01
5.00000E-02	1.15169E+01	2.55271E+01
5.00000E-02	1.17978E+01	2.64471E+01
5.00000E-02	1.20787E+01	2.73509E+01
5.00000E-02	1.23596E+01	2.81749E+01
5.00000E-02	1.26404E+01	2.89665E+01
5.00000E-02	1.29213E+01	2.96109E+01
5.00000E-02	1.32022E+01	3.01812E+01
5.00000E-02	1.34831E+01	3.07066E+01
5.00000E-02	1.37640E+01	3.11583E+01
5.00000E-02	1.40449E+01	3.13329E+01
5.00000E-02	1.43258E+01	3.14566E+01
5.00000E-02	1.46067E+01	3.15672E+01
5.00000E-02	1.48876E+01	3.16506E+01
5.00000E-02	1.51685E+01	3.17399E+01
5.00000E-02	1.54494E+01	3.18091E+01
5.00000E-02	1.57303E+01	3.18890E+01
5.00000E-02	1.60112E+01	3.19462E+01
5.00000E-02	1.62921E+01	3.19973E+01
5.00000E-02	1.65730E+01	3.20425E+01
5.00000E-02	1.68539E+01	3.20814E+01
5.00000E-02	1.71348E+01	3.21057E+01
5.00000E-02	1.74157E+01	3.21108E+01
5.00000E-02	1.76966E+01	3.20667E+01
5.00000E-02	1.79775E+01	3.19956E+01
5.00000E-02	1.82584E+01	3.19306E+01
5.00000E-02	1.85393E+01	3.18460E+01
5.00000E-02	1.88202E+01	3.17296E+01
5.00000E-02	1.91011E+01	3.14309E+01
5.00000E-02	1.93820E+01	3.11205E+01
5.00000E-02	1.96629E+01	3.07906E+01
5.00000E-02	1.99438E+01	3.04737E+01
5.00000E-02	2.02247E+01	3.01790E+01
5.00000E-02	2.05056E+01	2.98721E+01
5.00000E-02	2.07865E+01	2.95708E+01
5.00000E-02	2.10674E+01	2.92790E+01
5.00000E-02	2.13483E+01	2.90116E+01
5.00000E-02	2.16292E+01	2.87284E+01
5.00000E-02	2.19101E+01	2.84605E+01
5.00000E-02	2.21910E+01	2.82033E+01
5.00000E-02	2.24719E+01	2.79538E+01
5.00000E-02	2.27528E+01	2.77066E+01
5.00000E-02	2.30337E+01	2.74645E+01
5.00000E-02	2.33146E+01	2.72447E+01
5.00000E-02	2.35955E+01	2.70133E+01
5.00000E-02	2.38764E+01	2.67974E+01
5.00000E-02	2.41573E+01	2.65845E+01
5.00000E-02	2.44382E+01	2.63860E+01
5.00000E-02	2.47191E+01	2.61923E+01
5.00000E-02	2.50000E+01	2.59935E+01
1.00000E-01	0.00000E+00	9.50129E-01
1.00000E-01	2.80899E-01	6.40876E-01
1.00000E-01	5.61798E-01	4.17441E-01
1.00000E-01	8.42697E-01	3.16727E-01
1.00000E-01	1.12360E+00	2.65178E-01
1.00000E-01	1.40449E+00	2.42903E-01
1.00000E-01	1.68539E+00	2.46807E-01
1.00000E-01	1.96629E+00	2.81247E-01
1.00000E-01	2.24719E+00	3.55058E-01
1.00000E-01	2.52809E+00	4.68496E-01
1.00000E-01	2.80899E+00	6.04750E-01
1.00000E-01	3.08989E+00	7.62631E-01
1.00000E-01	3.37079E+00	9.53990E-01
1.00000E-01	3.65169E+00	1.15492E+00
1.00000E-01	3.93258E+00	1.37548E+00
1.00000E-01	4.21348E+00	1.60078E+00
1.00000E-01	4.49438E+00	1.82262E+00
1.00000E-01	4.77528E+00	2.04526E+00
1.00000E-01	5.05618E+00	2.25181E+00
1.00000E-01	5.33708E+00	2.47068E+00
1.00000E-01	5.61798E+00	2.68815E+00
1.00000E-01	5.89888E+00	2.94645E+00
1.00000E-01	6.17978E+00	3.26641E+00
1.00000E-01	6.46067E+00	3.71498E+00
1.00000E-01	6.74157E+00	4.31411E+00
1.00000E-01	7.02247E+00	5.14850E+00
1.00000E-01	7.30337E+00	6.19729E+00
1.00000E-01	7.58427E+00	7.42749E+00
1.00000E-01	7.86517E+00	8.91633E+00
1.00000E-01	8.14607E+00	1.05959E+01
1.00000E-01	8.42697E+00	1.24765E+01
1.00000E-01	8.70787E+00	1.44758E+01
1.00000E-01	8.98876E+00	1.64279E+01
1.00000E-01	9.26966E+00	1.83749E+01
1.00000E-01	9.55056E+00	2.04049E+01
1.00000E-01	9.83146E+00	2.23748E+01
1.00000E-01	1.01124E+01	2.42226E+01
1.00000E-01	1.03933E+01	2.59594E+01
1.00000E-01	1.06742E+01	2.76438E+01
1.00000E-01	1.09551E+01	2.89997E+01
1.00000E-01	1.12360E+01	3.02026E+01
1.00000E-01	1.15169E+01	3.14142E+01
1.00000E-01	1.17978E+01	3.25464E+01
1.00000E-01	1.20787E+01	3.36585E+01
1.00000E-01	1.23596E+01	3.46727E+01
1.00000E-01	1.26404E+01	3.56464E+01
1.00000E-01	1.29213E+01	3.64396E+01
1.00000E-01	1.32022E+01	3.71415E+01
1.00000E-01	1.34831E+01	3.77880E+01
1.00000E-01	1.37640E+01	3.83431E+01
1.00000E-01	1.40449E+01	3.85589E+01
1.00000E-01	1.43258E+01	3.87112E+01
1.00000E-01	1.46067E+01	3.88468E+01
1.00000E-01	1.48876E+01	3.89499E+01
1.00000E-01	1.51685E+01	3.90596E+01
1.00000E-01	1.54494E+01	3.91449E+01
1.00000E-01	1.57303E+01	3.92431E+01
1.00000E-01	1.60112E+01	3.93136E+01
1.00000E-01	1.62921E+01	3.93764E+01
1.00000E-01	1.65730E+01	3.94321E+01
1.00000E-01	1.68539E+01	3.94800E+01
1.00000E-01	1.71348E+01	3.95095E+01
1.00000E-01	1.74157E+01	3.95161E+01
1.00000E-01	1.76966E+01	3.94618E+01
1.00000E-01	1.79775E+01	3.93744E+01
1.00000E-01	1.82584E+01	3.92941E+01
1.00000E-01	1.85393E+01	3.91903E+01
1.00000E-01	1.88202E+01	3.90463E+01
1.00000E-01	1.91011E+01	3.86794E+01
1.00000E-01	1.93820E+01	3.82976E+01
1.00000E-01	1.96629E+01	3.78914E+01
1.00000E-01	1.99438E+01	3.75015E+01
1.00000E-01	2.02247E+01	3.71387E+01
1.00000E-01	2.05056E+01	3.67612E+01
1.00000E-01	2.07865E+01	3.63901E+01
1.00000E-01	2.10674E+01	3.60315E+01
1.00000E-01	2.13483E+01	3.57021E+01
1.00000E-01	2.16292E+01	3.53537E+01
1.00000E-01	2.19101E+01	3.50242E+01
1.00000E-01	2.21910E+01	3.47074E+01
1.00000E-01	2.24719E+01	3.44004E+01
1.00000E-01	2.27528E+01	3.40962E+01
1.00000E-01	2.30337E+01	3.37983E+01
1.00000E-01	2.33146E+01	3.35278E+01
1.00000E-01	2.35955E+01	3.32433E+01
1.00000E-01	2.38764E+01	3.29773E+01
1.00000E-01	2.41573E+01	3.27154E+01
1.00000E-01	2.44382E+01	3.24711E+01
1.00000E-01	2.47191E+01	3.22324E+01
1.00000E-01	2.50000E+01	3.19881E+01
2.00000E-01	0.00000E+00	9.61073E-01
2.00000E-01	2.80899E-01	7.57686E-01
2.00000E-01	5.61798E-01	4.95933E-01
2.00000E-01	8.42697E-01	3.77317E-01
2.00000E-01	1.12360E+00	3.16010E-01
2.00000E-01	1.40449E+00	2.89632E-01
2.00000E-01	1.68539E+00	2.94426E-01
2.00000E-01	1.96629E+00	3.35511E-01
2.00000E-01	2.24719E+00	4.23644E-01
2.00000E-01	2.52809E+00	5.58569E-01
2.00000E-01	2.80899E+00	7.21369E-01
2.00000E-01	3.08989E+00	9.09281E-01
2.00000E-01	3.37079E+00	1.13707E+00
2.00000E-01	3.65169E+00	1.37661E+00
2.00000E-01	3.93258E+00	1.63902E+00
2.00000E-01	4.21348E+00	1.90786E+00
2.00000E-01	4.49438E+00	2.17277E+00
2.00000E-01	4.77528E+00	2.43766E+00
2.00000E-01	5.05618E+00	2.68395E+00
2.00000E-01	5.33708E+00	2.94424E+00
2.00000E-01	5.61798E+00	3.20369E+00
2.00000E-01	5.89888E+00	3.51125E+00
2.00000E-01	6.17978E+00	3.89320E+00
2.00000E-01	6.46067E+00	4.42782E+00
2.00000E-01	6.74157E+00	5.14306E+00
2.00000E-01	7.02247E+00	6.13788E+00
2.00000E-01	7.30337E+00	7.38756E+00
2.00000E-01	7.58427E+00	8.85424E+00
2.00000E-01	7.86517E+00	1.06278E+01
2.00000E-01	8.14607E+00	1.26289E+01
2.00000E-01	8.42697E+00	1.48678E+01
2.00000E-01	8.70787E+00	1.72489E+01
2.00000E-01	8.98876E+00	1.95765E+01
2.00000E-01	9.26966E+00	2.18990E+01
2.00000E-01	9.55056E+00	2.43172E+01
2.00000E-01	9.83146E+00	2.66649E+01
2.00000E-01	1.01124E+01	2.88658E+01
2.00000E-01	1.03933E+01	3.09357E+01
2.00000E-01	1.06742E+01	3.29408E+01
2.00000E-01	1.09551E+01	3.45569E+01
2.00000E-01	1.12360E+01	3.59922E+01
2.00000E-01	1.15169E+01	3.74353E+01
2.00000E-01	1.17978E+01	3.87854E+01
2.00000E-01	1.20787E+01	4.01098E+01
2.00000E-01	1.23596E+01	4.13194E+01
2.00000E-01	1.26404E+01	4.24774E+01
2.00000E-01	1.29213E+01	4.34236E+01
2.00000E-01	1.32022E+01	4.42602E+01
2.00000E-01	1.34831E+01	4.50306E+01
2.00000E-01	1.37640E+01	4.56887E+01
2.00000E-01	1.40449E+01	4.59495E+01
2.00000E-01	1.43258E+01	4.61314E+01
2.00000E-01	1.46067E+01	4.62924E+01
2.00000E-01	1.48876E+01	4.64156E+01
2.00000E-01	1.51685E+01	4.65457E+01
2.00000E-01	1.54494E+01	4.66480E+01
2.00000E-01	1.57303E+01	4.67646E+01
2.00000E-01	1.60112E+01	4.68488E+01
2.00000E-01	1.62921E+01	4.69236E+01
2.00000E-01	1.65730E+01	4.69904E+01
2.00000E-01	1.68539E+01	4.70473E+01
2.00000E-01	1.71348E+01	4.70822E+01
2.00000E-01	1.74157E+01	4.70896E+01
2.00000E-01	1.76966E+01	4.70251E+01
2.00000E-01	1.79775E+01	4.69214E+01
2.00000E-01	1.82584E+01	4.68254E+01
2.00000E-01	1.85393E+01	4.67020E+01
2.00000E-01	1.88202E+01	4.65276E+01
2.00000E-01	1.91011E+01	4.60932E+01
2.00000E-01	1.93820E+01	4.56376E+01
2.00000E-01	1.96629E+01	4.51538E+01
2.00000E-01	1.99438E+01	4.46895E+01
2.00000E-01	2.02247E+01	4.42568E+01
2.00000E-01	2.05056E+01	4.38072E+01
2.00000E-01	2.07865E+01	4.33648E+01
2.00000E-01	2.10674E+01	4.29379E+01
2.00000E-01	2.13483E+01	4.25447E+01
2.00000E-01	2.16292E+01	4.21298E+01
2.00000E-01	2.19101E+01	4.17373E+01
2.00000E-01	2.21910E+01	4.13597E+01
2.00000E-01	2.24719E+01	4.09936E+01
2.00000E-01	2.27528E+01	4.06313E+01
2.00000E-01	2.30337E+01	4.02766E+01
2.00000E-01	2.33146E+01	3.99538E+01
2.00000E-01	2.35955E+01	3.96153E+01
2.00000E-01	2.38764E+01	3.92979E+01
2.00000E-01	2.41573E+01	3.89861E+01
2.00000E-01	2.44382E+01	3.86949E+01
2.00000E-01	2.47191E+01	3.84102E+01
2.00000E-01	2.50000E+01	3.81193E+01
2.50000E-01	0.00000E+00	9.65699E-01
2.50000E-01	2.80899E-01	7.87731E-01
2.50000E-01	5.61798E-01	5.18124E-01
2.50000E-01	8.42697E-01	3.94854E-01
2.50000E-01	1.12360E+00	3.30773E-01
2.50000E-01	1.40449E+00	3.03262E-01
2.50000E-01	1.68539E+00	3.08376E-01
2.50000E-01	1.96629E+00	3.51459E-01
2.50000E-01	2.24719E+00	4.43820E-01
2.50000E-01	2.52809E+00	5.84888E-01
2.50000E-01	2.80899E+00	7.55527E-01
2.50000E-01	3.08989E+00	9.52113E-01
2.50000E-01	3.37079E+00	1.19033E+00
2.50000E-01	3.65169E+00	1.44113E+00
2.50000E-01	3.93258E+00	1.71551E+00
2.50000E-01	4.21348E+00	1.99710E+00
2.50000E-01	4.49438E+00	2.27463E+00
2.50000E-01	4.77528E+00	2.55170E+00
2.50000E-01	5.05618E+00	2.80959E+00
2.50000E-01	5.33708E+00	3.08167E+00
2.50000E-01	5.61798E+00	3.35345E+00
2.50000E-01	5.89888E+00	3.67524E+00
2.50000E-01	6.17978E+00	4.07549E+00
2.50000E-01	6.46067E+00	4.63515E+00
2.50000E-01	6.74157E+00	5.38469E+00
2.50000E-01	7.02247E+00	6.42616E+00
2.50000E-01	7.30337E+00	7.73412E+00
2.50000E-01	7.58427E+00	9.26983E+00
2.50000E-01	7.86517E+00	1.11255E+01
2.50000E-01	8.14607E+00	1.32198E+01
2.50000E-01	8.42697E+00	1.55620E+01
2.50000E-01	8.70787E+00	1.80531E+01
2.50000E-01	8.98876E+00	2.04903E+01
2.50000E-01	9.26966E+00	2.29227E+01
2.50000E-01	9.55056E+00	2.54529E+01
2.50000E-01	9.83146E+00	2.79103E+01
2.50000E-01	1.01124E+01	3.02134E+01
2.50000E-01	1.03933E+01	3.23798E+01
2.50000E-01	1.06742E+01	3.44768E+01
2.50000E-01	1.09551E+01	3.61690E+01
2.50000E-01	1.12360E+01	3.76724E+01
2.50000E-01	1.15169E+01	3.91823E+01
2.50000E-01	1.17978E+01	4.05962E+01
2.50000E-01	1.20787E+01	4.19817E+01
2.50000E-01	1.23596E+01	4.32483E+01
2.50000E-01	1.26404E+01	4.44588E+01
2.50000E-01	1.29213E+01	4.54499E+01
2.50000E-01	1.32022E+01	4.63256E+01
2.50000E-01	1.34831E+01	4.71319E+01
2.50000E-01	1.37640E+01	4.78184E+01
2.50000E-01	1.40449E+01	4.80939E+01
2.50000E-01	1.43258E+01	4.82845E+01
2.50000E-01	1.46067E+01	4.84527E+01
2.50000E-01	1.48876E+01	4.85819E+01
2.50000E-01	1.51685E+01	4.87176E+01
2.50000E-01	1.54494E+01	4.88251E+01
2.50000E-01	1.57303E+01	4.89468E+01
2.50000E-01	1.60112E+01	4.90351E+01
2.50000E-01	1.62921E+01	4.91134E+01
2.50000E-01	1.65730E+01	4.91835E+01
2.50000E-01	1.68539E+01	4.92430E+01
2.50000E-01	1.71348E+01	4.92795E+01
2.50000E-01	1.74157E+01	4.92869E+01
2.50000E-01	1.76966E+01	4.92195E+01
2.50000E-01	1.79775E+01	4.91113E+01
2.50000E-01	1.82584E+01	4.90105E+01
2.50000E-01	1.85393E+01	4.88815E+01
2.50000E-01	1.88202E+01	4.86971E+01
2.50000E-01	1.91011E+01	4.82444E+01
2.50000E-01	1.93820E+01	4.77671E+01
2.50000E-01	1.96629E+01	4.72609E+01
2.50000E-01	1.99438E+01	4.67752E+01
2.50000E-01	2.02247E+01	4.63220E+01
2.50000E-01	2.05056E+01	4.58516E+01
2.50000E-01	2.07865E+01	4.53885E+01
2.50000E-01	2.10674E+01	4.49419E+01
2.50000E-01	2.13483E+01	4.45299E+01
2.50000E-01	2.16292E+01	4.40960E+01
2.50000E-01	2.19101E+01	4.36851E+01
2.50000E-01	2.21910E+01	4.32900E+01
2.50000E-01	2.24719E+01	4.29066E+01
2.50000E-01	2.27528E+01	4.25274E+01
2.50000E-01	2.30337E+01	4.21563E+01
2.50000E-01	2.33146E+01	4.18182E+01
2.50000E-01	2.35955E+01	4.14643E+01
2.50000E-01	2.38764E+01	4.11318E+01
2.50000E-01	2.41573E+01	4.08056E+01
2.50000E-01	2.44382E+01	4.05007E+01
2.50000E-01	2.47191E+01	4.02027E+01
2.50000E-01	2.50000E+01	3.98984E+01
3.00000E-01	0.00000E+00	9.69613E-01
3.00000E-01	2.80899E-01	8.07046E-01
3.00000E-01	5.61798E-01	5.34272E-01
3.00000E-01	8.42697E-01	4.07902E-01
3.00000E-01	1.12360E+00	3.41803E-01
3.00000E-01	1.40449E+00	3.13491E-01
3.00000E-01	1.68539E+00	3.18887E-01
3.00000E-01	1.96629E+00	3.63523E-01
3.00000E-01	2.24719E+00	4.59083E-01
3.00000E-01	2.52809E+00	6.04684E-01
3.00000E-01	2.80899E+00	7.81242E-01
3.00000E-01	3.08989E+00	9.84311E-01
3.00000E-01	3.37079E+00	1.23019E+00
3.00000E-01	3.65169E+00	1.48946E+00
3.00000E-01	3.93258E+00	1.77267E+00
3.00000E-01	4.21348E+00	2.06380E+00
3.00000E-01	4.49438E+00	2.35081E+00
3.00000E-01	4.77528E+00	2.63694E+00
3.00000E-01	5.05618E+00	2.90356E+00
3.00000E-01	5.33708E+00	3.18428E+00
3.00000E-01	5.61798E+00	3.46540E+00
3.00000E-01	5.89888E+00	3.79775E+00
3.00000E-01	6.17978E+00	4.21193E+00
3.00000E-01	6.46067E+00	4.79034E+00
3.00000E-01	6.74157E+00	5.56593E+00
3.00000E-01	7.02247E+00	6.64220E+00
3.00000E-01	7.30337E+00	7.99368E+00
3.00000E-01	7.58427E+00	9.58121E+00
3.00000E-01	7.86517E+00	1.14979E+01
3.00000E-01	8.14607E+00	1.36618E+01
3.00000E-01	8.42697E+00	1.60806E+01
3.00000E-01	8.70787E+00	1.86534E+01
3.00000E-01	8.98876E+00	2.11725E+01
3.00000E-01	9.26966E+00	2.36877E+01
3.00000E-01	9.55056E+00	2.63009E+01
3.00000E-01	9.83146E+00	2.88402E+01
3.00000E-01	1.01124E+01	3.12194E+01
3.00000E-01	1.03933E+01	3.34579E+01
3.00000E-01	1.06742E+01	3.56224E+01
3.00000E-01	1.09551E+01	3.73721E+01
3.00000E-01	1.12360E+01	3.89268E+01
3.00000E-01	1.15169E+01	4.04861E+01
3.00000E-01	1.17978E+01	4.19480E+01
3.00000E-01	1.20787E+01	4.33787E+01
3.00000E-01	1.23596E+01	4.46882E+01
3.00000E-01	1.26404E+01	4.59373E+01
3.00000E-01	1.29213E+01	4.69623E+01
3.00000E-01	1.32022E+01	4.78671E+01
3.00000E-01	1.34831E+01	4.87003E+01
3.00000E-01	1.37640E+01	4.94068E+01
3.00000E-01	1.40449E+01	4.96944E+01
3.00000E-01	1.43258E+01	4.98917E+01
3.00000E-01	1.46067E+01	5.00651E+01
3.00000E-01	1.48876E+01	5.01989E+01
3.00000E-01	1.51685E+01	5.03386E+01
3.00000E-01	1.54494E+01	5.04502E+01
3.00000E-01	1.57303E+01	5.05755E+01
3.00000E-01	1.60112E+01	5.06669E+01
3.00000E-01	1.62921E+01	5.07479E+01
3.00000E-01	1.65730E+01	5.08205E+01
3.00000E-01	1.68539E+01	5.08819E+01
3.00000E-01	1.71348E+01	5.09195E+01
3.00000E-01	1.74157E+01	5.09268E+01
3.00000E-01	1.76966E+01	5.08572E+01
3.00000E-01	1.79775E+01	5.07458E+01
3.00000E-01	1.82584E+01	5.06414E+01
3.00000E-01	1.85393E+01	5.05082E+01
3.00000E-01	1.88202E+01	5.03155E+01
3.00000E-01	1.91011E+01	4.98501E+01
3.00000E-01	1.93820E+01	4.93564E+01
3.00000E-01	1.96629E+01	4.88336E+01
3.00000E-01	1.99438E+01	4.83320E+01
3.00000E-01	2.02247E+01	4.78633E+01
3.00000E-01	2.05056E+01	4.73776E+01
3.00000E-01	2.07865E+01	4.68988E+01
3.00000E-01	2.10674E+01	4.64378E+01
3.00000E-01	2.13483E+01	4.60115E+01
3.00000E-01	2.16292E+01	4.55635E+01
3.00000E-01	2.19101E+01	4.51389E+01
3.00000E-01	2.21910E+01	4.47307E+01
3.00000E-01	2.24719E+01	4.43344E+01
3.00000E-01	2.27528E+01	4.39425E+01
3.00000E-01	2.30337E+01	4.35594E+01
3.00000E-01	2.33146E+01	4.32096E+01
3.00000E-01	2.35955E+01	4.28444E+01
3.00000E-01	2.38764E+01	4.25005E+01
3.00000E-01	2.41573E+01	4.21637E+01
3.00000E-01	2.44382E+01	4.18486E+01
3.00000E-01	2.47191E+01	4.15405E+01
3.00000E-01	2.50000E+01	4.12262E+01
4.00000E-01	0.00000E+00	9.76332E-01
4.00000E-01	2.80899E-01	8.25193E-01
4.00000E-01	5.61798E-01	5.54710E-01
4.00000E-01	8.42697E-01	4.25221E-01
4.00000E-01	1.12360E+00	3.56615E-01
4.00000E-01	1.40449E+00	3.27370E-01
4.00000E-01	1.68539E+00	3.33281E-01
4.00000E-01	1.96629E+00	3.80195E-01
4.00000E-01	2.24719E+00	4.80134E-01
4.00000E-01	2.52809E+00	6.31699E-01
4.00000E-01	2.80899E+00	8.16312E-01
4.00000E-01	3.08989E+00	1.02817E+00
4.00000E-01	3.37079E+00	1.28397E+00
4.00000E-01	3.65169E+00	1.55475E+00
4.00000E-01	3.93258E+00	1.84963E+00
4.00000E-01	4.21348E+00	2.15351E+00
4.00000E-01	4.49438E+00	2.45335E+00
4.00000E-01	4.77528E+00	2.75148E+00
4.00000E-01	5.05618E+00	3.03000E+00
4.00000E-01	5.33708E+00	3.32194E+00
4.00000E-01	5.61798E+00	3.61602E+00
4.00000E-01	5.89888E+00	3.96248E+00
4.00000E-01	6.17978E+00	4.39610E+00
4.00000E-01	6.46067E+00	4.99977E+00
4.00000E-01	6.74157E+00	5.81155E+00
4.00000E-01	7.02247E+00	6.93432E+00
4.00000E-01	7.30337E+00	8.34420E+00
4.00000E-01	7.58427E+00	1.00020E+01
4.00000E-01	7.86517E+00	1.19998E+01
4.00000E-01	8.14607E+00	1.42572E+01
4.00000E-01	8.42697E+00	1.67776E+01
4.00000E-01	8.70787E+00	1.94584E+01
4.00000E-01	8.98876E+00	2.20877E+01
4.00000E-01	9.26966E+00	2.47156E+01
4.00000E-01	9.55056E+00	2.74382E+01
4.00000E-01	9.83146E+00	3.00873E+01
4.00000E-01	1.01124E+01	3.25684E+01
4.00000E-01	1.03933E+01	3.49035E+01
4.00000E-01	1.06742E+01	3.71558E+01
4.00000E-01	1.09551E+01	3.89845E+01
4.00000E-01	1.12360E+01	4.06091E+01
4.00000E-01	1.15169E+01	4.22335E+01
4.00000E-01	1.17978E+01	4.37609E+01
4.00000E-01	1.20787E+01	4.52510E+01
4.00000E-01	1.23596E+01	4.66188E+01
4.00000E-01	1.26404E+01	4.79177E+01
4.00000E-01	1.29213E+01	4.89891E+01
4.00000E-01	1.32022E+01	4.99330E+01
4.00000E-01	1.34831E+01	5.08022E+01
4.00000E-01	1.37640E+01	5.15327E+01
4.00000E-01	1.40449E+01	5.18394E+01
4.00000E-01	1.43258E+01	5.20460E+01
4.00000E-01	1.46067E+01	5.22259E+01
4.00000E-01	1.48876E+01	5.23664E+01
4.00000E-01	1.51685E+01	5.25109E+01
4.00000E-01	1.54494E+01	5.26287E+01
4.00000E-01	1.57303E+01	5.27582E+01
4.00000E-01	1.60112E+01	5.28541E+01
4.00000E-01	1.62921E+01	5.29386E+01
4.00000E-01	1.65730E+01	5.30147E+01
4.00000E-01	1.68539E+01	5.30785E+01
4.00000E-01	1.71348E+01	5.31176E+01
4.00000E-01	1.74157E+01	5.31242E+01
4.00000E-01	1.76966E+01	5.30520E+01
4.00000E-01	1.79775E+01	5.29367E+01
4.00000E-01	1.82584E+01	5.28271E+01
4.00000E-01	1.85393E+01	5.26885E+01
4.00000E-01	1.88202E+01	5.24823E+01
4.00000E-01	1.91011E+01	5.20023E+01
4.00000E-01	1.93820E+01	5.14860E+01
4.00000E-01	1.96629E+01	5.09414E+01
4.00000E-01	1.99438E+01	5.04188E+01
4.00000E-01	2.02247E+01	4.99289E+01
4.00000E-01	2.05056E+01	4.94228E+01
4.00000E-01	2.07865E+01	4.89231E+01
4.00000E-01	2.10674E+01	4.84430E+01
4.00000E-01	2.13483E+01	4.79969E+01
4.00000E-01	2.16292E+01	4.75307E+01
4.00000E-01	2.19101E+01	4.70875E+01
4.00000E-01	2.21910E+01	4.66617E+01
4.00000E-01	2.24719E+01	4.62481E+01
4.00000E-01	2.27528E+01	4.58392E+01
4.00000E-01	2.30337E+01	4.54402E+01
4.00000E-01	2.33146E+01	4.50744E+01
4.00000E-01	2.35955E+01	4.46945E+01
4.00000E-01	2.38764E+01	4.43350E+01
4.00000E-01	2.41573E+01	4.39842E+01
4.00000E-01	2.44382E+01	4.36553E+01
4.00000E-01	2.47191E+01	4.33334E+01
4.00000E-01	2.50000E+01	4.30061E+01
5.00000E-01	0.00000E+00	9.81676E-01
5.00000E-01	2.80899E-01	8.29975E-01
5.00000E-01	5.61798E-01	5.65969E-01
5.00000E-01	8.42697E-01	4.35835E-01
5.00000E-01	1.12360E+00	3.65971E-01
5.00000E-01	1.40449E+00	3.36339E-01
5.00000E-01	1.68539E+00	3.42767E-01
5.00000E-01	1.96629E+00	3.91381E-01
5.00000E-01	2.24719E+00	4.94180E-01
5.00000E-01	2.52809E+00	6.49391E-01
5.00000E-01	2.80899E+00	8.39149E-01
5.00000E-01	3.08989E+00	1.05673E+00
5.00000E-01	3.37079E+00	1.31837E+00
5.00000E-01	3.65169E+00	1.59661E+00
5.00000E-01	3.93258E+00	1.89865E+00
5.00000E-01	4.21348E+00	2.21043E+00
5.00000E-01	4.49438E+00	2.51842E+00
5.00000E-01	4.77528E+00	2.82392E+00
5.00000E-01	5.05618E+00	3.11020E+00
5.00000E-01	5.33708E+00	3.40889E+00
5.00000E-01	5.61798E+00	3.71167E+00
5.00000E-01	5.89888E+00	4.06711E+00
5.00000E-01	6.17978E+00	4.51395E+00
5.00000E-01	6.46067E+00	5.13378E+00
5.00000E-01	6.74157E+00	5.96984E+00
5.00000E-01	7.02247E+00	7.12168E+00
5.00000E-01	7.30337E+00	8.56835E+00
5.00000E-01	7.58427E+00	1.02714E+01
5.00000E-01	7.86517E+00	1.23196E+01
5.00000E-01	8.14607E+00	1.46361E+01
5.00000E-01	8.42697E+00	1.72195E+01
5.00000E-01	8.70787E+00	1.99664E+01
5.00000E-01	8.98876E+00	2.26655E+01
5.00000E-01	9.26966E+00	2.53660E+01
5.00000E-01	9.55056E+00	2.81555E+01
5.00000E-01	9.83146E+00	3.08732E+01
5.00000E-01	1.01124E+01	3.34184E+01
5.00000E-01	1.03933E+01	3.58146E+01
5.00000E-01	1.06742E+01	3.81185E+01
5.00000E-01	1.09551E+01	3.99994E+01
5.00000E-01	1.12360E+01	4.16695E+01
5.00000E-01	1.15169E+01	4.33336E+01
5.00000E-01	1.17978E+01	4.49033E+01
5.00000E-01	1.20787E+01	4.64295E+01
5.00000E-01	1.23596E+01	4.78348E+01
5.00000E-01	1.26404E+01	4.91632E+01
5.00000E-01	1.29213E+01	5.02650E+01
5.00000E-01	1.32022E+01	5.12336E+01
5.00000E-01	1.34831E+01	5.21253E+01
5.00000E-01	1.37640E+01	5.28674E+01
5.00000E-01	1.40449E+01	5.31895E+01
5.00000E-01	1.43258E+01	5.34025E+01
5.00000E-01	1.46067E+01	5.35862E+01
5.00000E-01	1.48876E+01	5.37313E+01
5.00000E-01	1.51685E+01	5.38783E+01
5.00000E-01	1.54494E+01	5.40006E+01
5.00000E-01	1.57303E+01	5.41322E+01
5.00000E-01	1.60112E+01	5.42311E+01
5.00000E-01	1.62921E+01	5.43179E+01
5.00000E-01	1.65730E+01	5.43963E+01
5.00000E-01	1.68539E+01	5.44615E+01
5.00000E-01	1.71348E+01	5.45014E+01
5.00000E-01	1.74157E+01	5.45071E+01
5.00000E-01	1.76966E+01	5.44335E+01
5.00000E-01	1.79775E+01	5.43163E+01
5.00000E-01	1.82584E+01	5.42030E+01
5.00000E-01	1.85393E+01	5.40608E+01
5.00000E-01	1.88202E+01	5.38437E+01
5.00000E-01	1.91011E+01	5.33573E+01
5.00000E-01	1.93820E+01	5.28263E+01
5.00000E-01	1.96629E+01	5.22686E+01
5.00000E-01	1.99438E+01	5.17328E+01
5.00000E-01	2.02247E+01	5.12292E+01
5.00000E-01	2.05056E+01	5.07105E+01
5.00000E-01	2.07865E+01	5.01975E+01
5.00000E-01	2.10674E+01	4.97057E+01
5.00000E-01	2.13483E+01	4.92464E+01
5.00000E-01	2.16292E+01	4.87693E+01
5.00000E-01	2.19101E+01	4.83144E+01
5.00000E-01	2.21910E+01	4.78776E+01
5.00000E-01	2.24719E+01	4.74530E+01
5.00000E-01	2.27528E+01	4.70332E+01
5.00000E-01	2.30337E+01	4.66246E+01
5.00000E-01	2.33146E+01	4.62482E+01
5.00000E-01	2.35955E+01	4.58596E+01
5.00000E-01	2.38764E+01	4.54899E+01
5.00000E-01	2.41573E+01	4.51305E+01
5.00000E-01	2.44382E+01	4.47928E+01
5.00000E-01	2.47191E+01	4.44620E+01
5.00000E-01	2.50000E+01	4.41269E+01
6.00000E-01	0.00000E+00	9.85010E-01
6.00000E-01	2.80899E-01	8.30560E-01
6.00000E-01	5.61798E-01	5.73196E-01
6.00000E-01	8.42697E-01	4.43601E-01
6.00000E-01	1.12360E+00	3.73124E-01
6.00000E-01	1.40449E+00	3.43393E-01
6.00000E-01	1.68539E+00	3.50400E-01
6.00000E-01	1.96629E+00	4.00542E-01
6.00000E-01	2.24719E+00	5.05605E-01
6.00000E-01	2.52809E+00	6.63541E-01
6.00000E-01	2.80899E+00	8.57208E-01
6.00000E-01	3.08989E+00	1.07935E+00
6.00000E-01	3.37079E+00	1.34518E+00
6.00000E-01	3.65169E+00	1.62924E+00
6.00000E-01	3.93258E+00	1.93665E+00
6.00000E-01	4.21348E+00	2.25429E+00
6.00000E-01	4.49438E+00	2.56850E+00
6.00000E-01	4.77528E+00	2.87945E+00
6.00000E-01	5.05618E+00	3.17189E+00
6.00000E-01	5.33708E+00	3.47558E+00
6.00000E-01	5.61798E+00	3.78547E+00
6.00000E-01	5.89888E+00	4.14799E+00
6.00000E-01	6.17978E+00	4.60573E+00
6.00000E-01	6.46067E+00	5.23823E+00
6.00000E-01	6.74157E+00	6.09389E+00
6.00000E-01	7.02247E+00	7.26781E+00
6.00000E-01	7.30337E+00	8.74251E+00
6.00000E-01	7.58427E+00	1.04810E+01
6.00000E-01	7.86517E+00	1.25672E+01
6.00000E-01	8.14607E+00	1.49291E+01
6.00000E-01	8.42697E+00	1.75601E+01
6.00000E-01	8.70787E+00	2.03558E+01
6.00000E-01	8.98876E+00	2.31083E+01
6.00000E-01	9.26966E+00	2.58651E+01
6.00000E-01	9.55056E+00	2.87040E+01
6.00000E-01	9.83146E+00	3.14736E+01
6.00000E-01	1.01124E+01	3.40678E+01
6.00000E-01	1.03933E+01	3.65108E+01
6.00000E-01	1.06742E+01	3.88514E+01
6.00000E-01	1.09551E+01	4.07739E+01
6.00000E-01	1.12360E+01	4.24800E+01
6.00000E-01	1.15169E+01	4.41734E+01
6.00000E-01	1.17978E+01	4.57760E+01
6.00000E-01	1.20787E+01	4.73289E+01
6.00000E-01	1.23596E+01	4.87633E+01
6.00000E-01	1.26404E+01	5.01130E+01
6.00000E-01	1.29213E+01	5.12386E+01
6.00000E-01	1.32022E+01	5.22263E+01
6.00000E-01	1.34831E+01	5.31349E+01
6.00000E-01	1.37640E+01	5.38833E+01
6.00000E-01	1.40449E+01	5.42196E+01
6.00000E-01	1.43258E+01	5.44380E+01
6.00000E-01	1.46067E+01	5.46244E+01
6.00000E-01	1.48876E+01	5.47734E+01
6.00000E-01	1.51685E+01	5.49221E+01
6.00000E-01	1.54494E+01	5.50481E+01
6.00000E-01	1.57303E+01	5.51809E+01
6.00000E-01	1.60112E+01	5.52823E+01
6.00000E-01	1.62921E+01	5.53708E+01
6.00000E-01	1.65730E+01	5.54508E+01
6.00000E-01	1.68539E+01	5.55171E+01
6.00000E-01	1.71348E+01	5.55575E+01
6.00000E-01	1.74157E+01	5.55622E+01
6.00000E-01	1.76966E+01	5.54878E+01
6.00000E-01	1.79775E+01	5.53695E+01
6.00000E-01	1.82584E+01	5.52530E+01
6.00000E-01	1.85393E+01	5.51079E+01
6.00000E-01	1.88202E+01	5.48808E+01
6.00000E-01	1.91011E+01	5.43914E+01
6.00000E-01	1.93820E+01	5.38490E+01
6.00000E-01	1.96629E+01	5.32817E+01
6.00000E-01	1.99438E+01	5.27360E+01
6.00000E-01	2.02247E+01	5.22215E+01
6.00000E-01	2.05056E+01	5.16934E+01
6.00000E-01	2.07865E+01	5.11703E+01
6.00000E-01	2.10674E+01	5.06698E+01
6.00000E-01	2.13483E+01	5.02000E+01
6.00000E-01	2.16292E+01	4.97150E+01
6.00000E-01	2.19101E+01	4.92510E+01
6.00000E-01	2.21910E+01	4.88058E+01
6.00000E-01	2.24719E+01	4.83726E+01
6.00000E-01	2.27528E+01	4.79446E+01
6.00000E-01	2.30337E+01	4.75289E+01
6.00000E-01	2.33146E+01	4.71440E+01
6.00000E-01	2.35955E+01	4.67491E+01
6.00000E-01	2.38764E+01	4.63715E+01
6.00000E-01	2.41573E+01	4.60056E+01
6.00000E-01	2.44382E+01	4.56611E+01
6.00000E-01	2.47191E+01	4.53235E+01
6.00000E-01	2.50000E+01	4.49825E+01
7.00000E-01	0.00000E+00	9.86092E-01
7.00000E-01	2.80899E-01	8.29655E-01
7.00000E-01	5.61798E-01	5.79222E-01
7.00000E-01	8.42697E-01	4.50537E-01
7.00000E-01	1.12360E+00	3.79784E-01
7.00000E-01	1.40449E+00	3.50108E-01
7.00000E-01	1.68539E+00	3.57796E-01
7.00000E-01	1.96629E+00	4.09513E-01
7.00000E-01	2.24719E+00	5.16738E-01
7.00000E-01	2.52809E+00	6.77208E-01
7.00000E-01	2.80899E+00	8.74450E-01
7.00000E-01	3.08989E+00	1.10097E+00
7.00000E-01	3.37079E+00	1.37065E+00
7.00000E-01	3.65169E+00	1.66012E+00
7.00000E-01	3.93258E+00	1.97254E+00
7.00000E-01	4.21348E+00	2.29549E+00
7.00000E-01	4.49438E+00	2.61541E+00
7.00000E-01	4.77528E+00	2.93136E+00
7.00000E-01	5.05618E+00	3.22966E+00
7.00000E-01	5.33708E+00	3.53809E+00
7.00000E-01	5.61798E+00	3.85481E+00
7.00000E-01	5.89888E+00	4.22428E+00
7.00000E-01	6.17978E+00	4.69258E+00
7.00000E-01	6.46067E+00	5.33728E+00
7.00000E-01	6.74157E+00	6.21167E+00
7.00000E-01	7.02247E+00	7.40622E+00
7.00000E-01	7.30337E+00	8.90700E+00
7.00000E-01	7.58427E+00	1.06789E+01
7.00000E-01	7.86517E+00	1.28006E+01
7.00000E-01	8.14607E+00	1.52049E+01
7.00000E-01	8.42697E+00	1.78799E+01
7.00000E-01	8.70787E+00	2.07203E+01
7.00000E-01	8.98876E+00	2.35226E+01
7.00000E-01	9.26966E+00	2.63319E+01
7.00000E-01	9.55056E+00	2.92163E+01
7.00000E-01	9.83146E+00	3.20335E+01
7.00000E-01	1.01124E+01	3.46735E+01
7.00000E-01	1.03933E+01	3.71604E+01
7.00000E-01	1.06742E+01	3.95338E+01
7.00000E-01	1.09551E+01	4.14958E+01
7.00000E-01	1.12360E+01	4.32363E+01
7.00000E-01	1.15169E+01	4.49567E+01
7.00000E-01	1.17978E+01	4.65899E+01
7.00000E-01	1.20787E+01	4.81675E+01
7.00000E-01	1.23596E+01	4.96290E+01
7.00000E-01	1.26404E+01	5.09979E+01
7.00000E-01	1.29213E+01	5.21461E+01
7.00000E-01	1.32022E+01	5.31519E+01
7.00000E-01	1.34831E+01	5.40756E+01
7.00000E-01	1.37640E+01	5.48291E+01
7.00000E-01	1.40449E+01	5.51795E+01
7.00000E-01	1.43258E+01	5.54032E+01
7.00000E-01	1.46067E+01	5.55922E+01
7.00000E-01	1.48876E+01	5.57450E+01
7.00000E-01	1.51685E+01	5.58952E+01
7.00000E-01	1.54494E+01	5.60248E+01
7.00000E-01	1.57303E+01	5.61585E+01
7.00000E-01	1.60112E+01	5.62623E+01
7.00000E-01	1.62921E+01	5.63524E+01
7.00000E-01	1.65730E+01	5.64340E+01
7.00000E-01	1.68539E+01	5.65011E+01
7.00000E-01	1.71348E+01	5.65420E+01
7.00000E-01	1.74157E+01	5.65455E+01
7.00000E-01	1.76966E+01	5.64705E+01
7.00000E-01	1.79775E+01	5.63514E+01
7.00000E-01	1.82584E+01	5.62318E+01
7.00000E-01	1.85393E+01	5.60837E+01
7.00000E-01	1.88202E+01	5.58466E+01
7.00000E-01	1.91011E+01	5.53551E+01
7.00000E-01	1.93820E+01	5.48023E+01
7.00000E-01	1.96629E+01	5.42263E+01
7.00000E-01	1.99438E+01	5.36713E+01
7.00000E-01	2.02247E+01	5.31465E+01
7.00000E-01	2.05056E+01	5.26098E+01
7.00000E-01	2.07865E+01	5.20773E+01
7.00000E-01	2.10674E+01	5.15687E+01
7.00000E-01	2.13483E+01	5.10889E+01
7.00000E-01	2.16292E+01	5.05967E+01
7.00000E-01	2.19101E+01	5.01242E+01
7.00000E-01	2.21910E+01	4.96711E+01
7.00000E-01	2.24719E+01	4.92300E+01
7.00000E-01	2.27528E+01	4.87944E+01
7.00000E-01	2.30337E+01	4.83721E+01
7.00000E-01	2.33146E+01	4.79790E+01
7.00000E-01	2.35955E+01	4.75783E+01
7.00000E-01	2.38764E+01	4.71934E+01
7.00000E-01	2.41573E+01	4.68215E+01
7.00000E-01	2.44382E+01	4.64706E+01
7.00000E-01	2.47191E+01	4.61266E+01
7.00000E-01	2.50000E+01	4.57803E+01
8.00000E-01	0.00000E+00	9.85186E-01
8.00000E-01	2.80899E-01	8.27597E-01
8.00000E-01	5.61798E-01	5.85446E-01
8.00000E-01	8.42697E-01	4.57525E-01
8.00000E-01	1.12360E+00	3.86696E-01
8.00000E-01	1.40449E+00	3.57183E-01
8.00000E-01	1.68539E+00	3.65678E-01
8.00000E-01	1.96629E+00	4.19112E-01
8.00000E-01	2.24719E+00	5.28619E-01
8.00000E-01	2.52809E+00	6.91750E-01
8.00000E-01	2.80899E+00	8.92641E-01
8.00000E-01	3.08989E+00	1.12376E+00
8.00000E-01	3.37079E+00	1.39750E+00
8.00000E-01	3.65169E+00	1.69255E+00
8.00000E-01	3.93258E+00	2.01018E+00
8.00000E-01	4.21348E+00	2.33859E+00
8.00000E-01	4.49438E+00	2.66437E+00
8.00000E-01	4.77528E+00	2.98551E+00
8.00000E-01	5.05618E+00	3.28993E+00
8.00000E-01	5.33708E+00	3.60345E+00
8.00000E-01	5.61798E+00	3.92733E+00
8.00000E-01	5.89888E+00	4.30436E+00
8.00000E-01	6.17978E+00	4.78381E+00
8.00000E-01	6.46067E+00	5.44158E+00
8.00000E-01	6.74157E+00	6.33551E+00
8.00000E-01	7.02247E+00	7.55173E+00
8.00000E-01	7.30337E+00	9.07963E+00
8.00000E-01	7.58427E+00	1.08865E+01
8.00000E-01	7.86517E+00	1.30453E+01
8.00000E-01	8.14607E+00	1.54937E+01
8.00000E-01	8.42697E+00	1.82146E+01
8.00000E-01	8.70787E+00	2.11011E+01
8.00000E-01	8.98876E+00	2.39552E+01
8.00000E-01	9.26966E+00	2.68186E+01
8.00000E-01	9.55056E+00	2.97504E+01
8.00000E-01	9.83146E+00	3.26165E+01
8.00000E-01	1.01124E+01	3.53043E+01
8.00000E-01	1.03933E+01	3.78370E+01
8.00000E-01	1.06742E+01	4.02442E+01
8.00000E-01	1.09551E+01	4.22472E+01
8.00000E-01	1.12360E+01	4.40239E+01
8.00000E-01	1.15169E+01	4.57727E+01
8.00000E-01	1.17978E+01	4.74373E+01
8.00000E-01	1.20787E+01	4.90408E+01
8.00000E-01	1.23596E+01	5.05302E+01
8.00000E-01	1.26404E+01	5.19193E+01
8.00000E-01	1.29213E+01	5.30907E+01
8.00000E-01	1.32022E+01	5.41157E+01
8.00000E-01	1.34831E+01	5.50545E+01
8.00000E-01	1.37640E+01	5.58134E+01
8.00000E-01	1.40449E+01	5.61784E+01
8.00000E-01	1.43258E+01	5.64081E+01
8.00000E-01	1.46067E+01	5.66000E+01
8.00000E-01	1.48876E+01	5.67566E+01
8.00000E-01	1.51685E+01	5.69086E+01
8.00000E-01	1.54494E+01	5.70418E+01
8.00000E-01	1.57303E+01	5.71766E+01
8.00000E-01	1.60112E+01	5.72828E+01
8.00000E-01	1.62921E+01	5.73746E+01
8.00000E-01	1.65730E+01	5.74576E+01
8.00000E-01	1.68539E+01	5.75256E+01
8.00000E-01	1.71348E+01	5.75670E+01
8.00000E-01	1.74157E+01	5.75693E+01
8.00000E-01	1.76966E+01	5.74937E+01
8.00000E-01	1.79775E+01	5.73738E+01
8.00000E-01	1.82584E+01	5.72510E+01
8.00000E-01	1.85393E+01	5.70992E+01
8.00000E-01	1.88202E+01	5.68520E+01
8.00000E-01	1.91011E+01	5.63580E+01
8.00000E-01	1.93820E+01	5.57950E+01
8.00000E-01	1.96629E+01	5.52099E+01
8.00000E-01	1.99438E+01	5.46452E+01
8.00000E-01	2.02247E+01	5.41097E+01
8.00000E-01	2.05056E+01	5.35638E+01
8.00000E-01	2.07865E+01	5.30219E+01
8.00000E-01	2.10674E+01	5.25047E+01
8.00000E-01	2.13483E+01	5.20145E+01
8.00000E-01	2.16292E+01	5.15147E+01
8.00000E-01	2.19101E+01	5.10335E+01
8.00000E-01	2.21910E+01	5.05721E+01
8.00000E-01	2.24719E+01	5.01228E+01
8.00000E-01	2.27528E+01	4.96793E+01
8.00000E-01	2.30337E+01	4.92500E+01
8.00000E-01	2.33146E+01	4.88486E+01
8.00000E-01	2.35955E+01	4.84417E+01
8.00000E-01	2.38764E+01	4.80493E+01
8.00000E-01	2.41573E+01	4.76712E+01
8.00000E-01	2.44382E+01	4.73135E+01
8.00000E-01	2.47191E+01	4.69629E+01
8.00000E-01	2.50000E+01	4.66110E+01
9.00000E-01	0.00000E+00	9.82775E-01
9.00000E-01	2.80899E-01	8.24620E-01
9.00000E-01	5.61798E-01	5.92452E-01
9.00000E-01	8.42697E-01	4.64890E-01
9.00000E-01	1.12360E+00	3.94111E-01
9.00000E-01	1.40449E+00	3.64864E-01
9.00000E-01	1.68539E+00	3.74306E-01
9.00000E-01	1.96629E+00	4.29634E-01
9.00000E-01	2.24719E+00	5.41620E-01
9.00000E-01	2.52809E+00	7.07648E-01
9.00000E-01	2.80899E+00	9.12416E-01
9.00000E-01	3.08989E+00	1.14848E+00
9.00000E-01	3.37079E+00	1.42671E+00
9.00000E-01	3.65169E+00	1.72766E+00
9.00000E-01	3.93258E+00	2.05094E+00
9.00000E-01	4.21348E+00	2.38518E+00
9.00000E-01	4.49438E+00	2.71717E+00
9.00000E-01	4.77528E+00	3.04391E+00
9.00000E-01	5.05618E+00	3.35490E+00
9.00000E-01	5.33708E+00	3.67411E+00
9.00000E-01	5.61798E+00	4.00568E+00
9.00000E-01	5.89888E+00	4.39115E+00
9.00000E-01	6.17978E+00	4.88264E+00
9.00000E-01	6.46067E+00	5.55484E+00
9.00000E-01	6.74157E+00	6.46972E+00
9.00000E-01	7.02247E+00	7.70950E+00
9.00000E-01	7.30337E+00	9.26663E+00
9.00000E-01	7.58427E+00	1.11112E+01
9.00000E-01	7.86517E+00	1.33100E+01
9.00000E-01	8.14607E+00	1.58059E+01
9.00000E-01	8.42697E+00	1.85761E+01
9.00000E-01	8.70787E+00	2.15122E+01
9.00000E-01	8.98876E+00	2.44220E+01
9.00000E-01	9.26966E+00	2.73431E+01
9.00000E-01	9.55056E+00	3.03262E+01
9.00000E-01	9.83146E+00	3.32444E+01
9.00000E-01	1.01124E+01	3.59838E+01
9.00000E-01	1.03933E+01	3.85656E+01
9.00000E-01	1.06742E+01	4.10095E+01
9.00000E-01	1.09551E+01	4.30563E+01
9.00000E-01	1.12360E+01	4.48721E+01
9.00000E-01	1.15169E+01	4.66518E+01
9.00000E-01	1.17978E+01	4.83499E+01
9.00000E-01	1.20787E+01	4.99815E+01
9.00000E-01	1.23596E+01	5.15005E+01
9.00000E-01	1.26404E+01	5.29117E+01
9.00000E-01	1.29213E+01	5.41079E+01
9.00000E-01	1.32022E+01	5.51536E+01
9.00000E-01	1.34831E+01	5.61083E+01
9.00000E-01	1.37640E+01	5.68737E+01
9.00000E-01	1.40449E+01	5.72539E+01
9.00000E-01	1.43258E+01	5.74903E+01
9.00000E-01	1.46067E+01	5.76854E+01
9.00000E-01	1.48876E+01	5.78462E+01
9.00000E-01	1.51685E+01	5.80002E+01
9.00000E-01	1.54494E+01	5.81370E+01
9.00000E-01	1.57303E+01	5.82731E+01
9.00000E-01	1.60112E+01	5.83819E+01
9.00000E-01	1.62921E+01	5.84756E+01
9.00000E-01	1.65730E+01	5.85601E+01
9.00000E-01	1.68539E+01	5.86290E+01
9.00000E-01	1.71348E+01	5.86709E+01
9.00000E-01	1.74157E+01	5.86718E+01
9.00000E-01	1.76966E+01	5.85956E+01
9.00000E-01	1.79775E+01	5.84747E+01
9.00000E-01	1.82584E+01	5.83486E+01
9.00000E-01	1.85393E+01	5.81926E+01
9.00000E-01	1.88202E+01	5.79349E+01
9.00000E-01	1.91011E+01	5.74377E+01
9.00000E-01	1.93820E+01	5.68641E+01
9.00000E-01	1.96629E+01	5.62693E+01
9.00000E-01	1.99438E+01	5.56941E+01
9.00000E-01	2.02247E+01	5.51471E+01
9.00000E-01	2.05056E+01	5.45913E+01
9.00000E-01	2.07865E+01	5.40393E+01
9.00000E-01	2.10674E+01	5.35126E+01
9.00000E-01	2.13483E+01	5.30115E+01
9.00000E-01	2.16292E+01	5.25033E+01
9.00000E-01	2.19101E+01	5.20129E+01
9.00000E-01	2.21910E+01	5.15425E+01
9.00000E-01	2.24719E+01	5.10844E+01
9.00000E-01	2.27528E+01	5.06324E+01
9.00000E-01	2.30337E+01	5.01955E+01
9.00000E-01	2.33146E+01	4.97853E+01
9.00000E-01	2.35955E+01	4.93715E+01
9.00000E-01	2.38764E+01	4.89712E+01
9.00000E-01	2.41573E+01	4.85862E+01
9.00000E-01	2.44382E+01	4.82213E+01
9.00000E-01	2.47191E+01	4.78636E+01
9.00000E-01	2.50000E+01	4.75057E+01
1.00000E+00	0.00000E+00	9.79352E-01
1.00000E+00	2.80899E-01	8.21257E-01
1.00000E+00	5.61798E-01	6.00351E-01
1.00000E+00	8.42697E-01	4.72723E-01
1.00000E+00	1.12360E+00	4.02064E-01
1.00000E+00	1.40449E+00	3.73193E-01
1.00000E+00	1.68539E+00	3.83733E-01
1.00000E+00	1.96629E+00	4.41140E-01
1.00000E+00	2.24719E+00	5.55816E-01
1.00000E+00	2.52809E+00	7.24994E-01
1.00000E+00	2.80899E+00	9.33901E-01
1.00000E+00	3.08989E+00	1.17526E+00
1.00000E+00	3.37079E+00	1.45841E+00
1.00000E+00	3.65169E+00	1.76562E+00
1.00000E+00	3.93258E+00	2.09499E+00
1.00000E+00	4.21348E+00	2.43549E+00
1.00000E+00	4.49438E+00	2.77408E+00
1.00000E+00	4.77528E+00	3.10688E+00
1.00000E+00	5.05618E+00	3.42489E+00
1.00000E+00	5.33708E+00	3.75040E+00
1.00000E+00	5.61798E+00	4.09024E+00
1.00000E+00	5.89888E+00	4.48508E+00
1.00000E+00	6.17978E+00	4.98956E+00
1.00000E+00	6.46067E+00	5.67766E+00
1.00000E+00	6.74157E+00	6.61498E+00
1.00000E+00	7.02247E+00	7.88035E+00
1.00000E+00	7.30337E+00	9.46903E+00
1.00000E+00	7.58427E+00	1.13541E+01
1.00000E+00	7.86517E+00	1.35962E+01
1.00000E+00	8.14607E+00	1.61429E+01
1.00000E+00	8.42697E+00	1.89661E+01
1.00000E+00	8.70787E+00	2.19556E+01
1.00000E+00	8.98876E+00	2.49252E+01
1.00000E+00	9.26966E+00	2.79079E+01
1.00000E+00	9.55056E+00	3.09465E+01
1.00000E+00	9.83146E+00	3.39204E+01
1.00000E+00	1.01124E+01	3.67152E+01
1.00000E+00	1.03933E+01	3.93496E+01
1.00000E+00	1.06742E+01	4.18334E+01
1.00000E+00	1.09551E+01	4.39269E+01
1.00000E+00	1.12360E+01	4.57849E+01
1.00000E+00	1.15169E+01	4.75984E+01
1.00000E+00	1.17978E+01	4.93319E+01
1.00000E+00	1.20787E+01	5.09942E+01
1.00000E+00	1.23596E+01	5.25445E+01
1.00000E+00	1.26404E+01	5.39798E+01
1.00000E+00	1.29213E+01	5.52024E+01
1.00000E+00	1.32022E+01	5.62705E+01
1.00000E+00	1.34831E+01	5.72419E+01
1.00000E+00	1.37640E+01	5.80149E+01
1.00000E+00	1.40449E+01	5.84108E+01
1.00000E+00	1.43258E+01	5.86547E+01
1.00000E+00	1.46067E+01	5.88536E+01
1.00000E+00	1.48876E+01	5.90187E+01
1.00000E+00	1.51685E+01	5.91752E+01
1.00000E+00	1.54494E+01	5.93156E+01
1.00000E+00	1.57303E+01	5.94533E+01
1.00000E+00	1.60112E+01	5.95647E+01
1.00000E+00	1.62921E+01	5.96604E+01
1.00000E+00	1.65730E+01	5.97465E+01
1.00000E+00	1.68539E+01	5.98165E+01
1.00000E+00	1.71348E+01	5.98587E+01
1.00000E+00	1.74157E+01	5.98583E+01
1.00000E+00	1.76966E+01	5.97815E+01
1.00000E+00	1.79775E+01	5.96595E+01
1.00000E+00	1.82584E+01	5.95299E+01
1.00000E+00	1.85393E+01	5.93688E+01
1.00000E+00	1.88202E+01	5.91004E+01
1.00000E+00	1.91011E+01	5.85991E+01
1.00000E+00	1.93820E+01	5.80148E+01
1.00000E+00	1.96629E+01	5.74094E+01
1.00000E+00	1.99438E+01	5.68229E+01
1.00000E+00	2.02247E+01	5.62636E+01
1.00000E+00	2.05056E+01	5.56970E+01
1.00000E+00	2.07865E+01	5.51343E+01
1.00000E+00	2.10674E+01	5.45973E+01
1.00000E+00	2.13483E+01	5.40847E+01
1.00000E+00	2.16292E+01	5.35673E+01
1.00000E+00	2.19101E+01	5.30669E+01
1.00000E+00	2.21910E+01	5.25868E+01
1.00000E+00	2.24719E+01	5.21192E+01
1.00000E+00	2.27528E+01	5.16583E+01
1.00000E+00	2.30337E+01	5.12131E+01
1.00000E+00	2.33146E+01	5.07934E+01
1.00000E+00	2.35955E+01	5.03721E+01
1.00000E+00	2.38764E+01	4.99635E+01
1.00000E+00	2.41573E+01	4.95710E+01
1.00000E+00	2.44382E+01	4.91983E+01
1.00000E+00	2.47191E+01	4.88330E+01
1.00000E+00	2.50000E+01	4.84685E+01
1.50000E+00	0.00000E+00	9.57947E-01
1.50000E+00	2.80899E-01	8.12432E-01
1.50000E+00	5.61798E-01	6.45212E-01
1.50000E+00	8.42697E-01	5.18497E-01
1.50000E+00	1.12360E+00	4.48253E-01
1.50000E+00	1.40449E+00	4.22919E-01
1.50000E+00	1.68539E+00	4.41337E-01
1.50000E+00	1.96629E+00	5.11615E-01
1.50000E+00	2.24719E+00	6.42278E-01
1.50000E+00	2.52809E+00	8.30113E-01
1.50000E+00	2.80899E+00	1.06281E+00
1.50000E+00	3.08989E+00	1.33408E+00
1.50000E+00	3.37079E+00	1.64667E+00
1.50000E+00	3.65169E+00	1.98858E+00
1.50000E+00	3.93258E+00	2.35295E+00
1.50000E+00	4.21348E+00	2.72905E+00
1.50000E+00	4.49438E+00	3.10458E+00
1.50000E+00	4.77528E+00	3.47296E+00
1.50000E+00	5.05618E+00	3.83093E+00
1.50000E+00	5.33708E+00	4.19545E+00
1.50000E+00	5.61798E+00	4.58380E+00
1.50000E+00	5.89888E+00	5.03727E+00
1.50000E+00	6.17978E+00	5.61920E+00
1.50000E+00	6.46067E+00	6.40516E+00
1.50000E+00	6.74157E+00	7.47263E+00
1.50000E+00	7.02247E+00	8.88960E+00
1.50000E+00	7.30337E+00	1.06627E+01
1.50000E+00	7.58427E+00	1.27800E+01
1.50000E+00	7.86517E+00	1.52749E+01
1.50000E+00	8.14607E+00	1.81105E+01
1.50000E+00	8.42697E+00	2.12360E+01
1.50000E+00	8.70787E+00	2.45325E+01
1.50000E+00	8.98876E+00	2.78439E+01
1.50000E+00	9.26966E+00	3.11744E+01
1.50000E+00	9.55056E+00	3.45345E+01
1.50000E+00	9.83146E+00	3.78241E+01
1.50000E+00	1.01124E+01	4.09357E+01
1.50000E+00	1.03933E+01	4.38662E+01
1.50000E+00	1.06742E+01	4.65869E+01
1.50000E+00	1.09551E+01	4.89435E+01
1.50000E+00	1.12360E+01	5.10470E+01
1.50000E+00	1.15169E+01	5.30616E+01
1.50000E+00	1.17978E+01	5.49939E+01
1.50000E+00	1.20787E+01	5.68358E+01
1.50000E+00	1.23596E+01	5.85600E+01
1.50000E+00	1.26404E+01	6.01387E+01
1.50000E+00	1.29213E+01	6.15092E+01
1.50000E+00	1.32022E+01	6.27062E+01
1.50000E+00	1.34831E+01	6.37676E+01
1.50000E+00	1.37640E+01	6.45927E+01
1.50000E+00	1.40449E+01	6.50723E+01
1.50000E+00	1.43258E+01	6.53649E+01
1.50000E+00	1.46067E+01	6.55898E+01
1.50000E+00	1.48876E+01	6.57787E+01
1.50000E+00	1.51685E+01	6.59515E+01
1.50000E+00	1.54494E+01	6.61105E+01
1.50000E+00	1.57303E+01	6.62592E+01
1.50000E+00	1.60112E+01	6.63850E+01
1.50000E+00	1.62921E+01	6.64925E+01
1.50000E+00	1.65730E+01	6.65871E+01
1.50000E+00	1.68539E+01	6.66622E+01
1.50000E+00	1.71348E+01	6.67056E+01
1.50000E+00	1.74157E+01	6.66985E+01
1.50000E+00	1.76966E+01	6.66179E+01
1.50000E+00	1.79775E+01	6.64886E+01
1.50000E+00	1.82584E+01	6.63383E+01
1.50000E+00	1.85393E+01	6.61432E+01
1.50000E+00	1.88202E+01	6.58193E+01
1.50000E+00	1.91011E+01	6.52875E+01
1.50000E+00	1.93820E+01	6.46483E+01
1.50000E+00	1.96629E+01	6.39824E+01
1.50000E+00	1.99438E+01	6.33308E+01
1.50000E+00	2.02247E+01	6.27015E+01
1.50000E+00	2.05056E+01	6.20722E+01
1.50000E+00	2.07865E+01	6.14488E+01
1.50000E+00	2.10674E+01	6.08508E+01
1.50000E+00	2.13483E+01	6.02740E+01
1.50000E+00	2.16292E+01	5.97016E+01
1.50000E+00	2.19101E+01	5.91445E+01
1.50000E+00	2.21910E+01	5.86084E+01
1.50000E+00	2.24719E+01	5.80862E+01
1.50000E+00	2.27528E+01	5.75741E+01
1.50000E+00	2.30337E+01	5.70799E+01
1.50000E+00	2.33146E+01	5.66073E+01
1.50000E+00	2.35955E+01	5.61407E+01
1.50000E+00	2.38764E+01	5.56857E+01
1.50000E+00	2.41573E+01	5.52492E+01
1.50000E+00	2.44382E+01	5.48317E+01
1.50000E+00	2.47191E+01	5.44233E+01
1.50000E+00	2.50000E+01	5.40200E+01
2.00000E+00	0.00000E+00	9.40054E-01
2.00000E+00	2.80899E-01	8.18303E-01
2.00000E+00	5.61798E-01	6.82049E-01
2.00000E+00	8.42697E-01	5.70767E-01
2.00000E+00	1.12360E+00	5.02894E-01
2.00000E+00	1.40449E+00	4.83267E-01
2.00000E+00	1.68539E+00	5.12886E-01
2.00000E+00	1.96629E+00	5.99102E-01
2.00000E+00	2.24719E+00	7.48410E-01
2.00000E+00	2.52809E+00	9.57595E-01
2.00000E+00	2.80899E+00	1.21666E+00
2.00000E+00	3.08989E+00	1.51972E+00
2.00000E+00	3.37079E+00	1.86518E+00
2.00000E+00	3.65169E+00	2.24335E+00
2.00000E+00	3.93258E+00	2.64506E+00
2.00000E+00	4.21348E+00	3.05908E+00
2.00000E+00	4.49438E+00	3.47367E+00
2.00000E+00	4.77528E+00	3.88180E+00
2.00000E+00	5.05618E+00	4.28385E+00
2.00000E+00	5.33708E+00	4.69559E+00
2.00000E+00	5.61798E+00	5.14175E+00
2.00000E+00	5.89888E+00	5.66822E+00
2.00000E+00	6.17978E+00	6.34369E+00
2.00000E+00	6.46067E+00	7.24841E+00
2.00000E+00	6.74157E+00	8.46447E+00
2.00000E+00	7.02247E+00	1.00553E+01
2.00000E+00	7.30337E+00	1.20369E+01
2.00000E+00	7.58427E+00	1.44077E+01
2.00000E+00	7.86517E+00	1.71820E+01
2.00000E+00	8.14607E+00	2.03265E+01
2.00000E+00	8.42697E+00	2.37745E+01
2.00000E+00	8.70787E+00	2.74035E+01
2.00000E+00	8.98876E+00	3.10808E+01
2.00000E+00	9.26966E+00	3.47818E+01
2.00000E+00	9.55056E+00	3.84908E+01
2.00000E+00	9.83146E+00	4.21182E+01
2.00000E+00	1.01124E+01	4.55672E+01
2.00000E+00	1.03933E+01	4.88097E+01
2.00000E+00	1.06742E+01	5.17974E+01
2.00000E+00	1.09551E+01	5.44369E+01
2.00000E+00	1.12360E+01	5.68110E+01
2.00000E+00	1.15169E+01	5.90551E+01
2.00000E+00	1.17978E+01	6.12006E+01
2.00000E+00	1.20787E+01	6.32390E+01
2.00000E+00	1.23596E+01	6.51454E+01
2.00000E+00	1.26404E+01	6.68835E+01
2.00000E+00	1.29213E+01	6.84103E+01
2.00000E+00	1.32022E+01	6.97434E+01
2.00000E+00	1.34831E+01	7.08971E+01
2.00000E+00	1.37640E+01	7.17880E+01
2.00000E+00	1.40449E+01	7.23529E+01
2.00000E+00	1.43258E+01	7.27074E+01
2.00000E+00	1.46067E+01	7.29684E+01
2.00000E+00	1.48876E+01	7.31844E+01
2.00000E+00	1.51685E+01	7.33776E+01
2.00000E+00	1.54494E+01	7.35550E+01
2.00000E+00	1.57303E+01	7.37174E+01
2.00000E+00	1.60112E+01	7.38578E+01
2.00000E+00	1.62921E+01	7.39780E+01
2.00000E+00	1.65730E+01	7.40810E+01
2.00000E+00	1.68539E+01	7.41605E+01
2.00000E+00	1.71348E+01	7.42030E+01
2.00000E+00	1.74157E+01	7.41893E+01
2.00000E+00	1.76966E+01	7.41040E+01
2.00000E+00	1.79775E+01	7.39650E+01
2.00000E+00	1.82584E+01	7.37897E+01
2.00000E+00	1.85393E+01	7.35506E+01
2.00000E+00	1.88202E+01	7.31712E+01
2.00000E+00	1.91011E+01	7.26005E+01
2.00000E+00	1.93820E+01	7.19099E+01
2.00000E+00	1.96629E+01	7.11813E+01
2.00000E+00	1.99438E+01	7.04595E+01
2.00000E+00	2.02247E+01	6.97554E+01
2.00000E+00	2.05056E+01	6.90568E+01
2.00000E+00	2.07865E+01	6.83676E+01
2.00000E+00	2.10674E+01	6.77019E+01
2.00000E+00	2.13483E+01	6.70568E+01
2.00000E+00	2.16292E+01	6.64223E+01
2.00000E+00	2.19101E+01	6.58040E+01
2.00000E+00	2.21910E+01	6.52063E+01
2.00000E+00	2.24719E+01	6.46247E+01
2.00000E+00	2.27528E+01	6.40567E+01
2.00000E+00	2.30337E+01	6.35078E+01
2.00000E+00	2.33146E+01	6.29790E+01
2.00000E+00	2.35955E+01	6.24611E+01
2.00000E+00	2.38764E+01	6.19566E+01
2.00000E+00	2.41573E+01	6.14712E+01
2.00000E+00	2.44382E+01	6.10046E+01
2.00000E+00	2.47191E+01	6.05494E+01
2.00000E+00	2.50000E+01	6.01024E+01
2.50000E+00	0.00000E+00	9.27921E-01
2.50000E+00	2.80899E-01	8.27033E-01
2.50000E+00	5.61798E-01	7.11693E-01
2.50000E+00	8.42697E-01	6.22651E-01
2.50000E+00	1.12360E+00	5.65173E-01
2.50000E+00	1.40449E+00	5.54342E-01
2.50000E+00	1.68539E+00	5.97237E-01
2.50000E+00	1.96629E+00	7.00872E-01
2.50000E+00	2.24719E+00	8.69906E-01
2.50000E+00	2.52809E+00	1.10129E+00
2.50000E+00	2.80899E+00	1.38691E+00
2.50000E+00	3.08989E+00	1.72078E+00
2.50000E+00	3.37079E+00	2.09862E+00
2.50000E+00	3.65169E+00	2.51138E+00
2.50000E+00	3.93258E+00	2.94877E+00
2.50000E+00	4.21348E+00	3.39927E+00
2.50000E+00	4.49438E+00	3.85187E+00
2.50000E+00	4.77528E+00	4.30055E+00
2.50000E+00	5.05618E+00	4.74846E+00
2.50000E+00	5.33708E+00	5.21287E+00
2.50000E+00	5.61798E+00	5.72447E+00
2.50000E+00	5.89888E+00	6.33452E+00
2.50000E+00	6.17978E+00	7.11561E+00
2.50000E+00	6.46067E+00	8.15160E+00
2.50000E+00	6.74157E+00	9.52555E+00
2.50000E+00	7.02247E+00	1.12991E+01
2.50000E+00	7.30337E+00	1.34954E+01
2.50000E+00	7.58427E+00	1.61190E+01
2.50000E+00	7.86517E+00	1.91710E+01
2.50000E+00	8.14607E+00	2.26148E+01
2.50000E+00	8.42697E+00	2.63737E+01
2.50000E+00	8.70787E+00	3.03271E+01
2.50000E+00	8.98876E+00	3.43563E+01
2.50000E+00	9.26966E+00	3.84138E+01
2.50000E+00	9.55056E+00	4.24618E+01
2.50000E+00	9.83146E+00	4.64161E+01
2.50000E+00	1.01124E+01	5.01877E+01
2.50000E+00	1.03933E+01	5.37293E+01
2.50000E+00	1.06742E+01	5.69865E+01
2.50000E+00	1.09551E+01	5.99047E+01
2.50000E+00	1.12360E+01	6.25483E+01
2.50000E+00	1.15169E+01	6.50269E+01
2.50000E+00	1.17978E+01	6.73833E+01
2.50000E+00	1.20787E+01	6.96141E+01
2.50000E+00	1.23596E+01	7.16954E+01
2.50000E+00	1.26404E+01	7.35907E+01
2.50000E+00	1.29213E+01	7.52669E+01
2.50000E+00	1.32022E+01	7.67281E+01
2.50000E+00	1.34831E+01	7.79707E+01
2.50000E+00	1.37640E+01	7.89322E+01
2.50000E+00	1.40449E+01	7.95799E+01
2.50000E+00	1.43258E+01	8.00027E+01
2.50000E+00	1.46067E+01	8.03079E+01
2.50000E+00	1.48876E+01	8.05545E+01
2.50000E+00	1.51685E+01	8.07702E+01
2.50000E+00	1.54494E+01	8.09658E+01
2.50000E+00	1.57303E+01	8.11426E+01
2.50000E+00	1.60112E+01	8.12968E+01
2.50000E+00	1.62921E+01	8.14287E+01
2.50000E+00	1.65730E+01	8.15392E+01
2.50000E+00	1.68539E+01	8.16212E+01
2.50000E+00	1.71348E+01	8.16610E+01
2.50000E+00	1.74157E+01	8.16407E+01
2.50000E+00	1.76966E+01	8.15494E+01
2.50000E+00	1.79775E+01	8.13979E+01
2.50000E+00	1.82584E+01	8.11937E+01
2.50000E+00	1.85393E+01	8.09074E+01
2.50000E+00	1.88202E+01	8.04752E+01
2.50000E+00	1.91011E+01	7.98641E+01
2.50000E+00	1.93820E+01	7.91279E+01
2.50000E+00	1.96629E+01	7.83418E+01
2.50000E+00	1.99438E+01	7.75530E+01
2.50000E+00	2.02247E+01	7.67768E+01
2.50000E+00	2.05056E+01	7.60095E+01
2.50000E+00	2.07865E+01	7.52545E+01
2.50000E+00	2.10674E+01	7.45218E+01
2.50000E+00	2.13483E+01	7.38098E+01
2.50000E+00	2.16292E+01	7.31128E+01
2.50000E+00	2.19101E+01	7.24335E+01
2.50000E+00	2.21910E+01	7.17750E+01
2.50000E+00	2.24719E+01	7.11346E+01
2.50000E+00	2.27528E+01	7.05108E+01
2.50000E+00	2.30337E+01	6.99070E+01
2.50000E+00	2.33146E+01	6.93231E+01
2.50000E+00	2.35955E+01	6.87538E+01
2.50000E+00	2.38764E+01	6.82000E+01
2.50000E+00	2.41573E+01	6.76658E+01
2.50000E+00	2.44382E+01	6.71505E+01
2.50000E+00	2.47191E+01	6.66487E+01
2.50000E+00	2.50000E+01	6.61577E+01
3.00000E+00	0.00000E+00	9.20987E-01
3.00000E+00	2.80899E-01	8.37672E-01
3.00000E+00	5.61798E-01	7.41742E-01
3.00000E+00	8.42697E-01	6.72851E-01
3.00000E+00	1.12360E+00	6.33553E-01
3.00000E+00	1.40449E+00	6.36696E-01
3.00000E+00	1.68539E+00	6.94801E-01
3.00000E+00	1.96629E+00	8.16155E-01
3.00000E+00	2.24719E+00	1.00458E+00
3.00000E+00	2.52809E+00	1.25740E+00
3.00000E+00	2.80899E+00	1.56784E+00
3.00000E+00	3.08989E+00	1.92972E+00
3.00000E+00	3.37079E+00	2.33701E+00
3.00000E+00	3.65169E+00	2.78067E+00
3.00000E+00	3.93258E+00	3.24997E+00
3.00000E+00	4.21348E+00	3.73359E+00
3.00000E+00	4.49438E+00	4.22172E+00
3.00000E+00	4.77528E+00	4.71021E+00
3.00000E+00	5.05618E+00	5.20504E+00
3.00000E+00	5.33708E+00	5.72628E+00
3.00000E+00	5.61798E+00	6.30979E+00
3.00000E+00	5.89888E+00	7.01148E+00
3.00000E+00	6.17978E+00	7.90661E+00
3.00000E+00	6.46067E+00	9.08046E+00
3.00000E+00	6.74157E+00	1.06151E+01
3.00000E+00	7.02247E+00	1.25711E+01
3.00000E+00	7.30337E+00	1.49764E+01
3.00000E+00	7.58427E+00	1.78379E+01
3.00000E+00	7.86517E+00	2.11477E+01
3.00000E+00	8.14607E+00	2.48636E+01
3.00000E+00	8.42697E+00	2.89034E+01
3.00000E+00	8.70787E+00	3.31510E+01
3.00000E+00	8.98876E+00	3.74955E+01
3.00000E+00	9.26966E+00	4.18723E+01
3.00000E+00	9.55056E+00	4.62262E+01
3.00000E+00	9.83146E+00	5.04751E+01
3.00000E+00	1.01124E+01	5.45346E+01
3.00000E+00	1.03933E+01	5.83461E+01
3.00000E+00	1.06742E+01	6.18564E+01
3.00000E+00	1.09551E+01	6.50333E+01
3.00000E+00	1.12360E+01	6.79287E+01
3.00000E+00	1.15169E+01	7.06305E+01
3.00000E+00	1.17978E+01	7.31840E+01
3.00000E+00	1.20787E+01	7.55915E+01
3.00000E+00	1.23596E+01	7.78314E+01
3.00000E+00	1.26404E+01	7.98700E+01
3.00000E+00	1.29213E+01	8.16793E+01
3.00000E+00	1.32022E+01	8.32529E+01
3.00000E+00	1.34831E+01	8.45775E+01
3.00000E+00	1.37640E+01	8.56088E+01
3.00000E+00	1.40449E+01	8.63345E+01
3.00000E+00	1.43258E+01	8.68269E+01
3.00000E+00	1.46067E+01	8.71814E+01
3.00000E+00	1.48876E+01	8.74619E+01
3.00000E+00	1.51685E+01	8.77016E+01
3.00000E+00	1.54494E+01	8.79151E+01
3.00000E+00	1.57303E+01	8.81059E+01
3.00000E+00	1.60112E+01	8.82725E+01
3.00000E+00	1.62921E+01	8.84144E+01
3.00000E+00	1.65730E+01	8.85303E+01
3.00000E+00	1.68539E+01	8.86129E+01
3.00000E+00	1.71348E+01	8.86485E+01
3.00000E+00	1.74157E+01	8.86210E+01
3.00000E+00	1.76966E+01	8.85216E+01
3.00000E+00	1.79775E+01	8.83547E+01
3.00000E+00	1.82584E+01	8.81197E+01
3.00000E+00	1.85393E+01	8.77871E+01
3.00000E+00	1.88202E+01	8.73068E+01
3.00000E+00	1.91011E+01	8.66579E+01
3.00000E+00	1.93820E+01	8.58831E+01
3.00000E+00	1.96629E+01	8.50481E+01
3.00000E+00	1.99438E+01	8.42003E+01
3.00000E+00	2.02247E+01	8.33596E+01
3.00000E+00	2.05056E+01	8.25288E+01
3.00000E+00	2.07865E+01	8.17123E+01
3.00000E+00	2.10674E+01	8.09172E+01
3.00000E+00	2.13483E+01	8.01433E+01
3.00000E+00	2.16292E+01	7.93875E+01
3.00000E+00	2.19101E+01	7.86510E+01
3.00000E+00	2.21910E+01	7.79358E+01
3.00000E+00	2.24719E+01	7.72405E+01
3.00000E+00	2.27528E+01	7.65643E+01
3.00000E+00	2.30337E+01	7.59089E+01
3.00000E+00	2.33146E+01	7.52739E+01
3.00000E+00	2.35955E+01	7.46562E+01
3.00000E+00	2.38764E+01	7.40561E+01
3.00000E+00	2.41573E+01	7.34761E+01
3.00000E+00	2.44382E+01	7.29152E+01
3.00000E+00	2.47191E+01	7.23696E+01
3.00000E+00	2.50000E+01	7.18369E+01
3.50000E+00	0.00000E+00	9.19061E-01
3.50000E+00	2.80899E-01	8.51539E-01
3.50000E+00	5.61798E-01	7.75905E-01
3.50000E+00	8.42697E-01	7.24359E-01
3.50000E+00	1.12360E+00	7.06539E-01
3.50000E+00	1.40449E+00	7.28838E-01
3.50000E+00	1.68539E+00	8.04503E-01
3.50000E+00	1.96629E+00	9.43424E-01
3.50000E+00	2.24719E+00	1.14975E+00
3.50000E+00	2.52809E+00	1.42159E+00
3.50000E+00	2.80899E+00	1.75327E+00
3.50000E+00	3.08989E+00	2.13848E+00
3.50000E+00	3.37079E+00	2.57024E+00
3.50000E+00	3.65169E+00	3.03934E+00
3.50000E+00	3.93258E+00	3.53520E+00
3.50000E+00	4.21348E+00	4.04723E+00
3.50000E+00	4.49438E+00	4.56736E+00
3.50000E+00	4.77528E+00	5.09390E+00
3.50000E+00	5.05618E+00	5.63590E+00
3.50000E+00	5.33708E+00	6.21675E+00
3.50000E+00	5.61798E+00	6.87658E+00
3.50000E+00	5.89888E+00	7.67466E+00
3.50000E+00	6.17978E+00	8.68734E+00
3.50000E+00	6.46067E+00	9.99922E+00
3.50000E+00	6.74157E+00	1.16899E+01
3.50000E+00	7.02247E+00	1.38183E+01
3.50000E+00	7.30337E+00	1.64148E+01
3.50000E+00	7.58427E+00	1.94862E+01
3.50000E+00	7.86517E+00	2.30181E+01
3.50000E+00	8.14607E+00	2.69631E+01
3.50000E+00	8.42697E+00	3.12370E+01
3.50000E+00	8.70787E+00	3.57290E+01
3.50000E+00	8.98876E+00	4.03329E+01
3.50000E+00	9.26966E+00	4.49720E+01
3.50000E+00	9.55056E+00	4.95785E+01
3.50000E+00	9.83146E+00	5.40708E+01
3.50000E+00	1.01124E+01	5.83672E+01
3.50000E+00	1.03933E+01	6.24046E+01
3.50000E+00	1.06742E+01	6.61335E+01
3.50000E+00	1.09551E+01	6.95343E+01
3.50000E+00	1.12360E+01	7.26490E+01
3.50000E+00	1.15169E+01	7.55475E+01
3.50000E+00	1.17978E+01	7.82729E+01
3.50000E+00	1.20787E+01	8.08312E+01
3.50000E+00	1.23596E+01	8.32044E+01
3.50000E+00	1.26404E+01	8.53630E+01
3.50000E+00	1.29213E+01	8.72814E+01
3.50000E+00	1.32022E+01	8.89467E+01
3.50000E+00	1.34831E+01	9.03415E+01
3.50000E+00	1.37640E+01	9.14367E+01
3.50000E+00	1.40449E+01	9.22329E+01
3.50000E+00	1.43258E+01	9.27917E+01
3.50000E+00	1.46067E+01	9.31973E+01
3.50000E+00	1.48876E+01	9.35136E+01
3.50000E+00	1.51685E+01	9.37781E+01
3.50000E+00	1.54494E+01	9.40092E+01
3.50000E+00	1.57303E+01	9.42129E+01
3.50000E+00	1.60112E+01	9.43898E+01
3.50000E+00	1.62921E+01	9.45391E+01
3.50000E+00	1.65730E+01	9.46582E+01
3.50000E+00	1.68539E+01	9.47391E+01
3.50000E+00	1.71348E+01	9.47689E+01
3.50000E+00	1.74157E+01	9.47333E+01
3.50000E+00	1.76966E+01	9.46238E+01
3.50000E+00	1.79775E+01	9.44394E+01
3.50000E+00	1.82584E+01	9.41734E+01
3.50000E+00	1.85393E+01	9.37987E+01
3.50000E+00	1.88202E+01	9.32772E+01
3.50000E+00	1.91011E+01	9.25964E+01
3.50000E+00	1.93820E+01	9.17915E+01
3.50000E+00	1.96629E+01	9.09189E+01
3.50000E+00	1.99438E+01	9.00240E+01
3.50000E+00	2.02247E+01	8.91301E+01
3.50000E+00	2.05056E+01	8.82454E+01
3.50000E+00	2.07865E+01	8.73756E+01
3.50000E+00	2.10674E+01	8.65265E+01
3.50000E+00	2.13483E+01	8.56990E+01
3.50000E+00	2.16292E+01	8.48917E+01
3.50000E+00	2.19101E+01	8.41052E+01
3.50000E+00	2.21910E+01	8.33407E+01
3.50000E+00	2.24719E+01	8.25974E+01
3.50000E+00	2.27528E+01	8.18751E+01
3.50000E+00	2.30337E+01	8.11745E+01
3.50000E+00	2.33146E+01	8.04951E+01
3.50000E+00	2.35955E+01	7.98350E+01
3.50000E+00	2.38764E+01	7.91941E+01
3.50000E+00	2.41573E+01	7.85738E+01
3.50000E+00	2.44382E+01	7.79731E+01
3.50000E+00	2.47191E+01	7.73890E+01
3.50000E+00	2.50000E+01	7.68194E+01
4.00000E+00	0.00000E+00	9.22277E-01
4.00000E+00	2.80899E-01	8.69732E-01
4.00000E+00	5.61798E-01	8.14244E-01
4.00000E+00	8.42697E-01	7.79801E-01
4.00000E+00	1.12360E+00	7.83265E-01
4.00000E+00	1.40449E+00	8.27523E-01
4.00000E+00	1.68539E+00	9.22725E-01
4.00000E+00	1.96629E+00	1.07887E+00
4.00000E+00	2.24719E+00	1.30088E+00
4.00000E+00	2.52809E+00	1.58801E+00
4.00000E+00	2.80899E+00	1.93573E+00
4.00000E+00	3.08989E+00	2.33794E+00
4.00000E+00	3.37079E+00	2.78734E+00
4.00000E+00	3.65169E+00	3.27488E+00
4.00000E+00	3.93258E+00	3.79058E+00
4.00000E+00	4.21348E+00	4.32519E+00
4.00000E+00	4.49438E+00	4.87280E+00
4.00000E+00	4.77528E+00	5.43455E+00
4.00000E+00	5.05618E+00	6.02266E+00
4.00000E+00	5.33708E+00	6.66372E+00
4.00000E+00	5.61798E+00	7.40103E+00
4.00000E+00	5.89888E+00	8.29557E+00
4.00000E+00	6.17978E+00	9.42308E+00
4.00000E+00	6.46067E+00	1.08654E+01
4.00000E+00	6.74157E+00	1.26983E+01
4.00000E+00	7.02247E+00	1.49783E+01
4.00000E+00	7.30337E+00	1.77355E+01
4.00000E+00	7.58427E+00	2.09755E+01
4.00000E+00	7.86517E+00	2.46790E+01
4.00000E+00	8.14607E+00	2.87950E+01
4.00000E+00	8.42697E+00	3.32399E+01
4.00000E+00	8.70787E+00	3.79085E+01
4.00000E+00	8.98876E+00	4.26980E+01
4.00000E+00	9.26966E+00	4.75246E+01
4.00000E+00	9.55056E+00	5.23121E+01
4.00000E+00	9.83146E+00	5.69788E+01
4.00000E+00	1.01124E+01	6.14460E+01
4.00000E+00	1.03933E+01	6.56502E+01
4.00000E+00	1.06742E+01	6.95464E+01
4.00000E+00	1.09551E+01	7.31214E+01
4.00000E+00	1.12360E+01	7.64086E+01
4.00000E+00	1.15169E+01	7.94631E+01
4.00000E+00	1.17978E+01	8.23229E+01
4.00000E+00	1.20787E+01	8.49962E+01
4.00000E+00	1.23596E+01	8.74687E+01
4.00000E+00	1.26404E+01	8.97153E+01
4.00000E+00	1.29213E+01	9.17124E+01
4.00000E+00	1.32022E+01	9.34438E+01
4.00000E+00	1.34831E+01	9.48923E+01
4.00000E+00	1.37640E+01	9.60399E+01
4.00000E+00	1.40449E+01	9.68960E+01
4.00000E+00	1.43258E+01	9.75144E+01
4.00000E+00	1.46067E+01	9.79687E+01
4.00000E+00	1.48876E+01	9.83205E+01
4.00000E+00	1.51685E+01	9.86096E+01
4.00000E+00	1.54494E+01	9.88571E+01
4.00000E+00	1.57303E+01	9.90721E+01
4.00000E+00	1.60112E+01	9.92568E+01
4.00000E+00	1.62921E+01	9.94106E+01
4.00000E+00	1.65730E+01	9.95300E+01
4.00000E+00	1.68539E+01	9.96071E+01
4.00000E+00	1.71348E+01	9.96297E+01
4.00000E+00	1.74157E+01	9.95848E+01
4.00000E+00	1.76966E+01	9.94634E+01
4.00000E+00	1.79775E+01	9.92608E+01
4.00000E+00	1.82584E+01	9.89664E+01
4.00000E+00	1.85393E+01	9.85563E+01
4.00000E+00	1.88202E+01	9.80024E+01
4.00000E+00	1.91011E+01	9.72986E+01
4.00000E+00	1.93820E+01	9.64742E+01
4.00000E+00	1.96629E+01	9.55774E+01
4.00000E+00	1.99438E+01	9.46503E+01
4.00000E+00	2.02247E+01	9.37181E+01
4.00000E+00	2.05056E+01	9.27930E+01
4.00000E+00	2.07865E+01	9.18822E+01
4.00000E+00	2.10674E+01	9.09913E+01
4.00000E+00	2.13483E+01	9.01219E+01
4.00000E+00	2.16292E+01	8.92739E+01
4.00000E+00	2.19101E+01	8.84478E+01
4.00000E+00	2.21910E+01	8.76443E+01
4.00000E+00	2.24719E+01	8.68632E+01
4.00000E+00	2.27528E+01	8.61043E+01
4.00000E+00	2.30337E+01	8.53678E+01
4.00000E+00	2.33146E+01	8.46533E+01
4.00000E+00	2.35955E+01	8.39594E+01
4.00000E+00	2.38764E+01	8.32861E+01
4.00000E+00	2.41573E+01	8.26337E+01
4.00000E+00	2.44382E+01	8.20012E+01
4.00000E+00	2.47191E+01	8.13863E+01
4.00000E+00	2.50000E+01	8.07871E+01
5.00000E+00	0.00000E+00	9.44033E-01
5.00000E+00	2.80899E-01	9.20039E-01
5.00000E+00	5.61798E-01	9.01994E-01
5.00000E+00	8.42697E-01	9.03318E-01
5.00000E+00	1.12360E+00	9.42885E-01
5.00000E+00	1.40449E+00	1.02794E+00
5.00000E+00	1.68539E+00	1.16132E+00
5.00000E+00	1.96629E+00	1.34831E+00
5.00000E+00	2.24719E+00	1.59330E+00
5.00000E+00	2.52809E+00	1.89747E+00
5.00000E+00	2.80899E+00	2.25876E+00
5.00000E+00	3.08989E+00	2.67278E+00
5.00000E+00	3.37079E+00	3.13344E+00
5.00000E+00	3.65169E+00	3.63355E+00
5.00000E+00	3.93258E+00	4.16591E+00
5.00000E+00	4.21348E+00	4.72526E+00
5.00000E+00	4.49438E+00	5.31082E+00
5.00000E+00	4.77528E+00	5.92951E+00
5.00000E+00	5.05618E+00	6.59899E+00
5.00000E+00	5.33708E+00	7.35023E+00
5.00000E+00	5.61798E+00	8.22874E+00
5.00000E+00	5.89888E+00	9.29382E+00
5.00000E+00	6.17978E+00	1.06147E+01
5.00000E+00	6.46067E+00	1.22630E+01
5.00000E+00	6.74157E+00	1.43030E+01
5.00000E+00	7.02247E+00	1.67826E+01
5.00000E+00	7.30337E+00	1.97270E+01
5.00000E+00	7.58427E+00	2.31372E+01
5.00000E+00	7.86517E+00	2.69881E+01
5.00000E+00	8.14607E+00	3.12273E+01
5.00000E+00	8.42697E+00	3.57777E+01
5.00000E+00	8.70787E+00	4.05464E+01
5.00000E+00	8.98876E+00	4.54391E+01
5.00000E+00	9.26966E+00	5.03685E+01
5.00000E+00	9.55056E+00	5.52532E+01
5.00000E+00	9.83146E+00	6.00148E+01
5.00000E+00	1.01124E+01	6.45819E+01
5.00000E+00	1.03933E+01	6.88971E+01
5.00000E+00	1.06742E+01	7.29237E+01
5.00000E+00	1.09551E+01	7.66518E+01
5.00000E+00	1.12360E+01	8.01002E+01
5.00000E+00	1.15169E+01	8.33009E+01
5.00000E+00	1.17978E+01	8.62796E+01
5.00000E+00	1.20787E+01	8.90445E+01
5.00000E+00	1.23596E+01	9.15875E+01
5.00000E+00	1.26404E+01	9.38917E+01
5.00000E+00	1.29213E+01	9.59385E+01
5.00000E+00	1.32022E+01	9.77125E+01
5.00000E+00	1.34831E+01	9.92019E+01
5.00000E+00	1.37640E+01	1.00404E+02
5.00000E+00	1.40449E+01	1.01335E+02
5.00000E+00	1.43258E+01	1.02038E+02
5.00000E+00	1.46067E+01	1.02570E+02
5.00000E+00	1.48876E+01	1.02981E+02
5.00000E+00	1.51685E+01	1.03312E+02
5.00000E+00	1.54494E+01	1.03585E+02
5.00000E+00	1.57303E+01	1.03815E+02
5.00000E+00	1.60112E+01	1.04007E+02
5.00000E+00	1.62921E+01	1.04160E+02
5.00000E+00	1.65730E+01	1.04273E+02
5.00000E+00	1.68539E+01	1.04336E+02
5.00000E+00	1.71348E+01	1.04340E+02
5.00000E+00	1.74157E+01	1.04274E+02
5.00000E+00	1.76966E+01	1.04129E+02
5.00000E+00	1.79775E+01	1.03894E+02
5.00000E+00	1.82584E+01	1.03559E+02
5.00000E+00	1.85393E+01	1.03105E+02
5.00000E+00	1.88202E+01	1.02519E+02
5.00000E+00	1.91011E+01	1.01803E+02
5.00000E+00	1.93820E+01	1.00979E+02
5.00000E+00	1.96629E+01	1.00080E+02
5.00000E+00	1.99438E+01	9.91401E+01
5.00000E+00	2.02247E+01	9.81850E+01
5.00000E+00	2.05056E+01	9.72305E+01
5.00000E+00	2.07865E+01	9.62865E+01
5.00000E+00	2.10674E+01	9.53592E+01
5.00000E+00	2.13483E+01	9.44520E+01
5.00000E+00	2.16292E+01	9.35663E+01
5.00000E+00	2.19101E+01	9.27031E+01
5.00000E+00	2.21910E+01	9.18628E+01
5.00000E+00	2.24719E+01	9.10456E+01
5.00000E+00	2.27528E+01	9.02516E+01
5.00000E+00	2.30337E+01	8.94806E+01
5.00000E+00	2.33146E+01	8.87321E+01
5.00000E+00	2.35955E+01	8.80055E+01
5.00000E+00	2.38764E+01	8.73004E+01
5.00000E+00	2.41573E+01	8.66164E+01
5.00000E+00	2.44382E+01	8.59524E+01
5.00000E+00	2.47191E+01	8.53068E+01
5.00000E+00	2.50000E+01	8.46780E+01
6.00000E+00	0.00000E+00	9.82135E-01
6.00000E+00	2.80899E-01	9.83426E-01
6.00000E+00	5.61798E-01	9.96373E-01
6.00000E+00	8.42697E-01	1.02967E+00
6.00000E+00	1.12360E+00	1.09528E+00
6.00000E+00	1.40449E+00	1.20629E+00
6.00000E+00	1.68539E+00	1.36446E+00
6.00000E+00	1.96629E+00	1.57038E+00
6.00000E+00	2.24719E+00	1.82508E+00
6.00000E+00	2.52809E+00	2.12924E+00
6.00000E+00	2.80899E+00	2.48236E+00
6.00000E+00	3.08989E+00	2.88244E+00
6.00000E+00	3.37079E+00	3.32628E+00
6.00000E+00	3.65169E+00	3.81018E+00
6.00000E+00	3.93258E+00	4.33117E+00
6.00000E+00	4.21348E+00	4.88879E+00
6.00000E+00	4.49438E+00	5.48726E+00
6.00000E+00	4.77528E+00	6.13794E+00
6.00000E+00	5.05618E+00	6.86144E+00
6.00000E+00	5.33708E+00	7.68916E+00
6.00000E+00	5.61798E+00	8.66351E+00
6.00000E+00	5.89888E+00	9.83638E+00
6.00000E+00	6.17978E+00	1.12654E+01
6.00000E+00	6.46067E+00	1.30078E+01
6.00000E+00	6.74157E+00	1.51137E+01
6.00000E+00	7.02247E+00	1.76190E+01
6.00000E+00	7.30337E+00	2.05413E+01
6.00000E+00	7.58427E+00	2.38767E+01
6.00000E+00	7.86517E+00	2.75989E+01
6.00000E+00	8.14607E+00	3.16600E+01
6.00000E+00	8.42697E+00	3.59934E+01
6.00000E+00	8.70787E+00	4.05207E+01
6.00000E+00	8.98876E+00	4.51598E+01
6.00000E+00	9.26966E+00	4.98312E+01
6.00000E+00	9.55056E+00	5.44595E+01
6.00000E+00	9.83146E+00	5.89750E+01
6.00000E+00	1.01124E+01	6.33166E+01
6.00000E+00	1.03933E+01	6.74361E+01
6.00000E+00	1.06742E+01	7.13028E+01
6.00000E+00	1.09551E+01	7.49061E+01
6.00000E+00	1.12360E+01	7.82532E+01
6.00000E+00	1.15169E+01	8.13602E+01
6.00000E+00	1.17978E+01	8.42416E+01
6.00000E+00	1.20787E+01	8.69030E+01
6.00000E+00	1.23596E+01	8.93400E+01
6.00000E+00	1.26404E+01	9.15422E+01
6.00000E+00	1.29213E+01	9.34972E+01
6.00000E+00	1.32022E+01	9.51949E+01
6.00000E+00	1.34831E+01	9.66302E+01
6.00000E+00	1.37640E+01	9.78076E+01
6.00000E+00	1.40449E+01	9.87453E+01
6.00000E+00	1.43258E+01	9.94767E+01
6.00000E+00	1.46067E+01	1.00043E+02
6.00000E+00	1.48876E+01	1.00486E+02
6.00000E+00	1.51685E+01	1.00839E+02
6.00000E+00	1.54494E+01	1.01124E+02
6.00000E+00	1.57303E+01	1.01357E+02
6.00000E+00	1.60112E+01	1.01543E+02
6.00000E+00	1.62921E+01	1.01686E+02
6.00000E+00	1.65730E+01	1.01782E+02
6.00000E+00	1.68539E+01	1.01827E+02
6.00000E+00	1.71348E+01	1.01811E+02
6.00000E+00	1.74157E+01	1.01726E+02
6.00000E+00	1.76966E+01	1.01563E+02
6.00000E+00	1.79775E+01	1.01312E+02
6.00000E+00	1.82584E+01	1.00962E+02
6.00000E+00	1.85393E+01	1.00505E+02
6.00000E+00	1.88202E+01	9.99339E+01
6.00000E+00	1.91011E+01	9.92532E+01
6.00000E+00	1.93820E+01	9.84793E+01
6.00000E+00	1.96629E+01	9.76367E+01
6.00000E+00	1.99438E+01	9.67509E+01
6.00000E+00	2.02247E+01	9.58434E+01
6.00000E+00	2.05056E+01	9.49302E+01
6.00000E+00	2.07865E+01	9.40220E+01
6.00000E+00	2.10674E+01	9.31260E+01
6.00000E+00	2.13483E+01	9.22466E+01
6.00000E+00	2.16292E+01	9.13865E+01
6.00000E+00	2.19101E+01	9.05470E+01
6.00000E+00	2.21910E+01	8.97290E+01
6.00000E+00	2.24719E+01	8.89331E+01
6.00000E+00	2.27528E+01	8.81592E+01
6.00000E+00	2.30337E+01	8.74073E+01
6.00000E+00	2.33146E+01	8.66771E+01
6.00000E+00	2.35955E+01	8.59681E+01
6.00000E+00	2.38764E+01	8.52797E+01
6.00000E+00	2.41573E+01	8.46113E+01
6.00000E+00	2.44382E+01	8.39620E+01
6.00000E+00	2.47191E+01	8.33303E+01
6.00000E+00	2.50000E+01	8.27149E+01
7.00000E+00	0.00000E+00	1.02764E+00
7.00000E+00	2.80899E-01	1.04857E+00
7.00000E+00	5.61798E-01	1.08379E+00
7.00000E+00	8.42697E-01	1.13927E+00
7.00000E+00	1.12360E+00	1.22228E+00
7.00000E+00	1.40449E+00	1.34303E+00
7.00000E+00	1.68539E+00	1.50813E+00
7.00000E+00	1.96629E+00	1.71658E+00
7.00000E+00	2.24719E+00	1.96714E+00
7.00000E+00	2.52809E+00	2.25885E+00
7.00000E+00	2.80899E+00	2.59117E+00
7.00000E+00	3.08989E+00	2.96366E+00
7.00000E+00	3.37079E+00	3.37587E+00
7.00000E+00	3.65169E+00	3.82770E+00
7.00000E+00	3.93258E+00	4.32031E+00
7.00000E+00	4.21348E+00	4.85740E+00
7.00000E+00	4.49438E+00	5.44684E+00
7.00000E+00	4.77528E+00	6.10227E+00
7.00000E+00	5.05618E+00	6.84441E+00
7.00000E+00	5.33708E+00	7.70177E+00
7.00000E+00	5.61798E+00	8.71023E+00
7.00000E+00	5.89888E+00	9.91144E+00
7.00000E+00	6.17978E+00	1.13496E+01
7.00000E+00	6.46067E+00	1.30672E+01
7.00000E+00	6.74157E+00	1.50999E+01
7.00000E+00	7.02247E+00	1.74721E+01
7.00000E+00	7.30337E+00	2.01937E+01
7.00000E+00	7.58427E+00	2.32575E+01
7.00000E+00	7.86517E+00	2.66391E+01
7.00000E+00	8.14607E+00	3.02977E+01
7.00000E+00	8.42697E+00	3.41790E+01
7.00000E+00	8.70787E+00	3.82196E+01
7.00000E+00	8.98876E+00	4.23524E+01
7.00000E+00	9.26966E+00	4.65109E+01
7.00000E+00	9.55056E+00	5.06318E+01
7.00000E+00	9.83146E+00	5.46573E+01
7.00000E+00	1.01124E+01	5.85376E+01
7.00000E+00	1.03933E+01	6.22337E+01
7.00000E+00	1.06742E+01	6.57200E+01
7.00000E+00	1.09551E+01	6.89845E+01
7.00000E+00	1.12360E+01	7.20267E+01
7.00000E+00	1.15169E+01	7.48527E+01
7.00000E+00	1.17978E+01	7.74690E+01
7.00000E+00	1.20787E+01	7.98781E+01
7.00000E+00	1.23596E+01	8.20777E+01
7.00000E+00	1.26404E+01	8.40619E+01
7.00000E+00	1.29213E+01	8.58238E+01
7.00000E+00	1.32022E+01	8.73587E+01
7.00000E+00	1.34831E+01	8.86666E+01
7.00000E+00	1.37640E+01	8.97546E+01
7.00000E+00	1.40449E+01	9.06393E+01
7.00000E+00	1.43258E+01	9.13460E+01
7.00000E+00	1.46067E+01	9.19052E+01
7.00000E+00	1.48876E+01	9.23473E+01
7.00000E+00	1.51685E+01	9.26986E+01
7.00000E+00	1.54494E+01	9.29791E+01
7.00000E+00	1.57303E+01	9.32020E+01
7.00000E+00	1.60112E+01	9.33748E+01
7.00000E+00	1.62921E+01	9.35005E+01
7.00000E+00	1.65730E+01	9.35780E+01
7.00000E+00	1.68539E+01	9.36035E+01
7.00000E+00	1.71348E+01	9.35710E+01
7.00000E+00	1.74157E+01	9.34737E+01
7.00000E+00	1.76966E+01	9.33041E+01
7.00000E+00	1.79775E+01	9.30547E+01
7.00000E+00	1.82584E+01	9.27185E+01
7.00000E+00	1.85393E+01	9.22900E+01
7.00000E+00	1.88202E+01	9.17679E+01
7.00000E+00	1.91011E+01	9.11571E+01
7.00000E+00	1.93820E+01	9.04700E+01
7.00000E+00	1.96629E+01	8.97237E+01
7.00000E+00	1.99438E+01	8.89369E+01
7.00000E+00	2.02247E+01	8.81264E+01
7.00000E+00	2.05056E+01	8.73060E+01
7.00000E+00	2.07865E+01	8.64858E+01
7.00000E+00	2.10674E+01	8.56731E+01
7.00000E+00	2.13483E+01	8.48726E+01
7.00000E+00	2.16292E+01	8.40876E+01
7.00000E+00	2.19101E+01	8.33200E+01
7.00000E+00	2.21910E+01	8.25711E+01
7.00000E+00	2.24719E+01	8.18415E+01
7.00000E+00	2.27528E+01	8.11315E+01
7.00000E+00	2.30337E+01	8.04412E+01
7.00000E+00	2.33146E+01	7.97704E+01
7.00000E+00	2.35955E+01	7.91186E+01
7.00000E+00	2.38764E+01	7.84854E+01
7.00000E+00	2.41573E+01	7.78701E+01
7.00000E+00	2.44382E+01	7.72718E+01
7.00000E+00	2.47191E+01	7.66893E+01
7.00000E+00	2.50000E+01	7.61216E+01
8.00000E+00	0.00000E+00	1.07212E+00
8.00000E+00	2.80899E-01	1.10635E+00
8.00000E+00	5.61798E-01	1.15535E+00
8.00000E+00	8.42697E-01	1.22331E+00
8.00000E+00	1.12360E+00	1.31497E+00
8.00000E+00	1.40449E+00	1.43625E+00
8.00000E+00	1.68539E+00	1.59526E+00
8.00000E+00	1.96629E+00	1.79355E+00
8.00000E+00	2.24719E+00	2.02941E+00
8.00000E+00	2.52809E+00	2.30124E+00
8.00000E+00	2.80899E+00	2.60804E+00
8.00000E+00	3.08989E+00	2.94984E+00
8.00000E+00	3.37079E+00	3.32770E+00
8.00000E+00	3.65169E+00	3.74389E+00
8.00000E+00	3.93258E+00	4.20231E+00
8.00000E+00	4.21348E+00	4.70924E+00
8.00000E+00	4.49438E+00	5.27432E+00
8.00000E+00	4.77528E+00	5.91144E+00
8.00000E+00	5.05618E+00	6.63941E+00
8.00000E+00	5.33708E+00	7.48209E+00
8.00000E+00	5.61798E+00	8.46780E+00
8.00000E+00	5.89888E+00	9.62787E+00
8.00000E+00	6.17978E+00	1.09942E+01
8.00000E+00	6.46067E+00	1.25964E+01
8.00000E+00	6.74157E+00	1.44581E+01
8.00000E+00	7.02247E+00	1.65944E+01
8.00000E+00	7.30337E+00	1.90091E+01
8.00000E+00	7.58427E+00	2.16937E+01
8.00000E+00	7.86517E+00	2.46270E+01
8.00000E+00	8.14607E+00	2.77760E+01
8.00000E+00	8.42697E+00	3.10980E+01
8.00000E+00	8.70787E+00	3.45437E+01
8.00000E+00	8.98876E+00	3.80609E+01
8.00000E+00	9.26966E+00	4.15971E+01
8.00000E+00	9.55056E+00	4.51021E+01
8.00000E+00	9.83146E+00	4.85306E+01
8.00000E+00	1.01124E+01	5.18433E+01
8.00000E+00	1.03933E+01	5.50095E+01
8.00000E+00	1.06742E+01	5.80077E+01
8.00000E+00	1.09551E+01	6.08257E+01
8.00000E+00	1.12360E+01	6.34590E+01
8.00000E+00	1.15169E+01	6.59078E+01
8.00000E+00	1.17978E+01	6.81736E+01
8.00000E+00	1.20787E+01	7.02569E+01
8.00000E+00	1.23596E+01	7.21562E+01
8.00000E+00	1.26404E+01	7.38685E+01
8.00000E+00	1.29213E+01	7.53908E+01
8.00000E+00	1.32022E+01	7.67221E+01
8.00000E+00	1.34831E+01	7.78649E+01
8.00000E+00	1.37640E+01	7.88271E+01
8.00000E+00	1.40449E+01	7.96222E+01
8.00000E+00	1.43258E+01	8.02690E+01
8.00000E+00	1.46067E+01	8.07894E+01
8.00000E+00	1.48876E+01	8.12055E+01
8.00000E+00	1.51685E+01	8.15369E+01
8.00000E+00	1.54494E+01	8.17994E+01
8.00000E+00	1.57303E+01	8.20043E+01
8.00000E+00	1.60112E+01	8.21586E+01
8.00000E+00	1.62921E+01	8.22654E+01
8.00000E+00	1.65730E+01	8.23250E+01
8.00000E+00	1.68539E+01	8.23351E+01
8.00000E+00	1.71348E+01	8.22920E+01
8.00000E+00	1.74157E+01	8.21908E+01
8.00000E+00	1.76966E+01	8.20263E+01
8.00000E+00	1.79775E+01	8.17933E+01
8.00000E+00	1.82584E+01	8.14877E+01
8.00000E+00	1.85393E+01	8.11070E+01
8.00000E+00	1.88202E+01	8.06518E+01
8.00000E+00	1.91011E+01	8.01268E+01
8.00000E+00	1.93820E+01	7.95412E+01
8.00000E+00	1.96629E+01	7.89070E+01
8.00000E+00	1.99438E+01	7.82374E+01
8.00000E+00	2.02247E+01	7.75453E+01
8.00000E+00	2.05056E+01	7.68414E+01
8.00000E+00	2.07865E+01	7.61343E+01
8.00000E+00	2.10674E+01	7.54308E+01
8.00000E+00	2.13483E+01	7.47354E+01
8.00000E+00	2.16292E+01	7.40514E+01
8.00000E+00	2.19101E+01	7.33811E+01
8.00000E+00	2.21910E+01	7.27259E+01
8.00000E+00	2.24719E+01	7.20867E+01
8.00000E+00	2.27528E+01	7.14640E+01
8.00000E+00	2.30337E+01	7.08579E+01
8.00000E+00	2.33146E+01	7.02683E+01
8.00000E+00	2.35955E+01	6.96950E+01
8.00000E+00	2.38764E+01	6.91376E+01
8.00000E+00	2.41573E+01	6.85954E+01
8.00000E+00	2.44382E+01	6.80677E+01
8.00000E+00	2.47191E+01	6.75536E+01
8.00000E+00	2.50000E+01	6.70520E+01
9.00000E+00	0.00000E+00	1.11089E+00
9.00000E+00	2.80899E-01	1.15308E+00
9.00000E+00	5.61798E-01	1.20933E+00
9.00000E+00	8.42697E-01	1.28270E+00
9.00000E+00	1.12360E+00	1.37640E+00
9.00000E+00	1.40449E+00	1.49419E+00
9.00000E+00	1.68539E+00	1.64132E+00
9.00000E+00	1.96629E+00	1.82316E+00
9.00000E+00	2.24719E+00	2.03903E+00
9.00000E+00	2.52809E+00	2.28767E+00
9.00000E+00	2.80899E+00	2.56819E+00
9.00000E+00	3.08989E+00	2.88070E+00
9.00000E+00	3.37079E+00	3.22668E+00
9.00000E+00	3.65169E+00	3.60927E+00
9.00000E+00	3.93258E+00	4.03342E+00
9.00000E+00	4.21348E+00	4.50626E+00
9.00000E+00	4.49438E+00	5.03750E+00
9.00000E+00	4.77528E+00	5.63983E+00
9.00000E+00	5.05618E+00	6.32910E+00
9.00000E+00	5.33708E+00	7.12423E+00
9.00000E+00	5.61798E+00	8.04648E+00
9.00000E+00	5.89888E+00	9.11840E+00
9.00000E+00	6.17978E+00	1.03620E+01
9.00000E+00	6.46067E+00	1.17969E+01
9.00000E+00	6.74157E+00	1.34379E+01
9.00000E+00	7.02247E+00	1.52934E+01
9.00000E+00	7.30337E+00	1.73635E+01
9.00000E+00	7.58427E+00	1.96395E+01
9.00000E+00	7.86517E+00	2.21037E+01
9.00000E+00	8.14607E+00	2.47304E+01
9.00000E+00	8.42697E+00	2.74869E+01
9.00000E+00	8.70787E+00	3.03360E+01
9.00000E+00	8.98876E+00	3.32380E+01
9.00000E+00	9.26966E+00	3.61532E+01
9.00000E+00	9.55056E+00	3.90434E+01
9.00000E+00	9.83146E+00	4.18738E+01
9.00000E+00	1.01124E+01	4.46146E+01
9.00000E+00	1.03933E+01	4.72416E+01
9.00000E+00	1.06742E+01	4.97372E+01
9.00000E+00	1.09551E+01	5.20900E+01
9.00000E+00	1.12360E+01	5.42939E+01
9.00000E+00	1.15169E+01	5.63460E+01
9.00000E+00	1.17978E+01	5.82455E+01
9.00000E+00	1.20787E+01	5.99914E+01
9.00000E+00	1.23596E+01	6.15827E+01
9.00000E+00	1.26404E+01	6.30179E+01
9.00000E+00	1.29213E+01	6.42965E+01
9.00000E+00	1.32022E+01	6.54192E+01
9.00000E+00	1.34831E+01	6.63897E+01
9.00000E+00	1.37640E+01	6.72150E+01
9.00000E+00	1.40449E+01	6.79057E+01
9.00000E+00	1.43258E+01	6.84757E+01
9.00000E+00	1.46067E+01	6.89404E+01
9.00000E+00	1.48876E+01	6.93156E+01
9.00000E+00	1.51685E+01	6.96156E+01
9.00000E+00	1.54494E+01	6.98525E+01
9.00000E+00	1.57303E+01	7.00350E+01
9.00000E+00	1.60112E+01	7.01692E+01
9.00000E+00	1.62921E+01	7.02583E+01
9.00000E+00	1.65730E+01	7.03032E+01
9.00000E+00	1.68539E+01	7.03030E+01
9.00000E+00	1.71348E+01	7.02555E+01
9.00000E+00	1.74157E+01	7.01577E+01
9.00000E+00	1.76966E+01	7.00063E+01
9.00000E+00	1.79775E+01	6.97983E+01
9.00000E+00	1.82584E+01	6.95316E+01
9.00000E+00	1.85393E+01	6.92053E+01
9.00000E+00	1.88202E+01	6.88210E+01
9.00000E+00	1.91011E+01	6.83828E+01
9.00000E+00	1.93820E+01	6.78972E+01
9.00000E+00	1.96629E+01	6.73727E+01
9.00000E+00	1.99438E+01	6.68190E+01
9.00000E+00	2.02247E+01	6.62451E+01
9.00000E+00	2.05056E+01	6.56594E+01
9.00000E+00	2.07865E+01	6.50688E+01
9.00000E+00	2.10674E+01	6.44788E+01
9.00000E+00	2.13483E+01	6.38936E+01
9.00000E+00	2.16292E+01	6.33164E+01
9.00000E+00	2.19101E+01	6.27492E+01
9.00000E+00	2.21910E+01	6.21937E+01
9.00000E+00	2.24719E+01	6.16507E+01
9.00000E+00	2.27528E+01	6.11210E+01
9.00000E+00	2.30337E+01	6.06047E+01
9.00000E+00	2.33146E+01	6.01020E+01
9.00000E+00	2.35955E+01	5.96126E+01
9.00000E+00	2.38764E+01	5.91363E+01
9.00000E+00	2.41573E+01	5.86725E+01
9.00000E+00	2.44382E+01	5.82206E+01
9.00000E+00	2.47191E+01	5.77799E+01
9.00000E+00	2.50000E+01	5.73494E+01
1.00000E+01	0.00000E+00	1.14266E+00
1.00000E+01	2.80899E-01	1.18898E+00
1.00000E+01	5.61798E-01	1.24819E+00
1.00000E+01	8.42697E-01	1.32257E+00
1.00000E+01	1.12360E+00	1.41446E+00
1.00000E+01	1.40449E+00	1.52644E+00
1.00000E+01	1.68539E+00	1.66176E+00
1.00000E+01	1.96629E+00	1.82542E+00
1.00000E+01	2.24719E+00	2.02010E+00
1.00000E+01	2.52809E+00	2.24509E+00
1.00000E+01	2.80899E+00	2.50001E+00
1.00000E+01	3.08989E+00	2.78516E+00
1.00000E+01	3.37079E+00	3.10200E+00
1.00000E+01	3.65169E+00	3.45354E+00
1.00000E+01	3.93258E+00	3.84453E+00
1.00000E+01	4.21348E+00	4.28161E+00
1.00000E+01	4.49438E+00	4.77341E+00
1.00000E+01	4.77528E+00	5.33062E+00
1.00000E+01	5.05618E+00	5.96590E+00
1.00000E+01	5.33708E+00	6.69359E+00
1.00000E+01	5.61798E+00	7.52917E+00
1.00000E+01	5.89888E+00	8.48832E+00
1.00000E+01	6.17978E+00	9.58580E+00
1.00000E+01	6.46067E+00	1.08341E+01
1.00000E+01	6.74157E+00	1.22420E+01
1.00000E+01	7.02247E+00	1.38135E+01
1.00000E+01	7.30337E+00	1.55468E+01
1.00000E+01	7.58427E+00	1.74338E+01
1.00000E+01	7.86517E+00	1.94602E+01
1.00000E+01	8.14607E+00	2.16064E+01
1.00000E+01	8.42697E+00	2.38478E+01
1.00000E+01	8.70787E+00	2.61566E+01
1.00000E+01	8.98876E+00	2.85037E+01
1.00000E+01	9.26966E+00	3.08592E+01
1.00000E+01	9.55056E+00	3.31950E+01
1.00000E+01	9.83146E+00	3.54848E+01
1.00000E+01	1.01124E+01	3.77061E+01
1.00000E+01	1.03933E+01	3.98403E+01
1.00000E+01	1.06742E+01	4.18731E+01
1.00000E+01	1.09551E+01	4.37947E+01
1.00000E+01	1.12360E+01	4.55985E+01
1.00000E+01	1.15169E+01	4.72807E+01
1.00000E+01	1.17978E+01	4.88392E+01
1.00000E+01	1.20787E+01	5.02726E+01
1.00000E+01	1.23596E+01	5.15798E+01
1.00000E+01	1.26404E+01	5.27604E+01
1.00000E+01	1.29213E+01	5.38148E+01
1.00000E+01	1.32022E+01	5.47445E+01
1.00000E+01	1.34831E+01	5.55532E+01
1.00000E+01	1.37640E+01	5.62468E+01
1.00000E+01	1.40449E+01	5.68333E+01
1.00000E+01	1.43258E+01	5.73228E+01
1.00000E+01	1.46067E+01	5.77261E+01
1.00000E+01	1.48876E+01	5.80545E+01
1.00000E+01	1.51685E+01	5.83183E+01
1.00000E+01	1.54494E+01	5.85263E+01
1.00000E+01	1.57303E+01	5.86853E+01
1.00000E+01	1.60112E+01	5.88002E+01
1.00000E+01	1.62921E+01	5.88739E+01
1.00000E+01	1.65730E+01	5.89078E+01
1.00000E+01	1.68539E+01	5.89017E+01
1.00000E+01	1.71348E+01	5.88546E+01
1.00000E+01	1.74157E+01	5.87650E+01
1.00000E+01	1.76966E+01	5.86312E+01
1.00000E+01	1.79775E+01	5.84515E+01
1.00000E+01	1.82584E+01	5.82251E+01
1.00000E+01	1.85393E+01	5.79522E+01
1.00000E+01	1.88202E+01	5.76345E+01
1.00000E+01	1.91011E+01	5.72754E+01
1.00000E+01	1.93820E+01	5.68797E+01
1.00000E+01	1.96629E+01	5.64535E+01
1.00000E+01	1.99438E+01	5.60035E+01
1.00000E+01	2.02247E+01	5.55364E+01
1.00000E+01	2.05056E+01	5.50584E+01
1.00000E+01	2.07865E+01	5.45748E+01
1.00000E+01	2.10674E+01	5.40901E+01
1.00000E+01	2.13483E+01	5.36078E+01
1.00000E+01	2.16292E+01	5.31306E+01
1.00000E+01	2.19101E+01	5.26605E+01
1.00000E+01	2.21910E+01	5.21990E+01
1.00000E+01	2.24719E+01	5.17471E+01
1.00000E+01	2.27528E+01	5.13054E+01
1.00000E+01	2.30337E+01	5.08742E+01
1.00000E+01	2.33146E+01	5.04538E+01
1.00000E+01	2.35955E+01	5.00440E+01
1.00000E+01	2.38764E+01	4.96447E+01
1.00000E+01	2.41573E+01	4.92554E+01
1.00000E+01	2.44382E+01	4.88756E+01
1.00000E+01	2.47191E+01	4.85048E+01
1.00000E+01	2.50000E+01	4.81422E+01
