1.00000E-04	0.00000E+00	9.29062E-01
1.00000E-04	2.80899E-01	1.96043E-01
1.00000E-04	5.61798E-01	3.77287E-01
1.00000E-04	8.42697E-01	2.76160E-01
1.00000E-04	1.12360E+00	2.18373E-01
1.00000E-04	1.40449E+00	1.82708E-01
1.00000E-04	1.68539E+00	1.61102E-01
1.00000E-04	1.96629E+00	1.49605E-01
1.00000E-04	2.24719E+00	1.45448E-01
1.00000E-04	2.52809E+00	1.46885E-01
1.00000E-04	2.80899E+00	1.53803E-01
1.00000E-04	3.08989E+00	1.69363E-01
1.00000E-04	3.37079E+00	1.99934E-01
1.00000E-04	3.65169E+00	2.39277E-01
1.00000E-04	3.93258E+00	2.86351E-01
1.00000E-04	4.21348E+00	3.63056E-01
1.00000E-04	4.49438E+00	4.54205E-01
1.00000E-04	4.77528E+00	5.75951E-01
1.00000E-04	5.05618E+00	7.40425E-01
1.00000E-04	5.33708E+00	9.73055E-01
1.00000E-04	5.61798E+00	1.21135E+00
1.00000E-04	5.89888E+00	1.43865E+00
1.00000E-04	6.17978E+00	1.63594E+00
1.00000E-04	6.46067E+00	1.80931E+00
1.00000E-04	6.74157E+00	1.98804E+00
1.00000E-04	7.02247E+00	2.16439E+00
1.00000E-04	7.30337E+00	2.35647E+00
1.00000E-04	7.58427E+00	2.62255E+00
1.00000E-04	7.86517E+00	2.96638E+00
1.00000E-04	8.14607E+00	3.40268E+00
1.00000E-04	8.42697E+00	3.91174E+00
1.00000E-04	8.70787E+00	4.52697E+00
1.00000E-04	8.98876E+00	5.21541E+00
1.00000E-04	9.26966E+00	6.06737E+00
1.00000E-04	9.55056E+00	6.95556E+00
1.00000E-04	9.83146E+00	7.72980E+00
1.00000E-04	1.01124E+01	8.60224E+00
1.00000E-04	1.03933E+01	9.63259E+00
1.00000E-04	1.06742E+01	1.07807E+01
1.00000E-04	1.09551E+01	1.20061E+01
1.00000E-04	1.12360E+01	1.33519E+01
1.00000E-04	1.15169E+01	1.46487E+01
1.00000E-04	1.17978E+01	1.59417E+01
1.00000E-04	1.20787E+01	1.70858E+01
1.00000E-04	1.23596E+01	1.82720E+01
1.00000E-04	1.26404E+01	1.94016E+01
1.00000E-04	1.29213E+01	2.06029E+01
1.00000E-04	1.32022E+01	2.17750E+01
1.00000E-04	1.34831E+01	2.29195E+01
1.00000E-04	1.37640E+01	2.40013E+01
1.00000E-04	1.40449E+01	2.50441E+01
1.00000E-04	1.43258E+01	2.59705E+01
1.00000E-04	1.46067E+01	2.67449E+01
1.00000E-04	1.48876E+01	2.68940E+01
1.00000E-04	1.51685E+01	2.69717E+01
1.00000E-04	1.54494E+01	2.70454E+01
1.00000E-04	1.57303E+01	2.71096E+01
1.00000E-04	1.60112E+01	2.71807E+01
1.00000E-04	1.62921E+01	2.72616E+01
1.00000E-04	1.65730E+01	2.73647E+01
1.00000E-04	1.68539E+01	2.74337E+01
1.00000E-04	1.71348E+01	2.75273E+01
1.00000E-04	1.74157E+01	2.75765E+01
1.00000E-04	1.76966E+01	2.76177E+01
1.00000E-04	1.79775E+01	2.76280E+01
1.00000E-04	1.82584E+01	2.76043E+01
1.00000E-04	1.85393E+01	2.75519E+01
1.00000E-04	1.88202E+01	2.74653E+01
1.00000E-04	1.91011E+01	2.73758E+01
1.00000E-04	1.93820E+01	2.72505E+01
1.00000E-04	1.96629E+01	2.71050E+01
1.00000E-04	1.99438E+01	2.69220E+01
1.00000E-04	2.02247E+01	2.67189E+01
1.00000E-04	2.05056E+01	2.65332E+01
1.00000E-04	2.07865E+01	2.63442E+01
1.00000E-04	2.10674E+01	2.61366E+01
1.00000E-04	2.13483E+01	2.59245E+01
1.00000E-04	2.16292E+01	2.57221E+01
1.00000E-04	2.19101E+01	2.55182E+01
1.00000E-04	2.21910E+01	2.53286E+01
1.00000E-04	2.24719E+01	2.51195E+01
1.00000E-04	2.27528E+01	2.49266E+01
1.00000E-04	2.30337E+01	2.47435E+01
1.00000E-04	2.33146E+01	2.45473E+01
1.00000E-04	2.35955E+01	2.43640E+01
1.00000E-04	2.38764E+01	2.41794E+01
1.00000E-04	2.41573E+01	2.39948E+01
1.00000E-04	2.44382E+01	2.37943E+01
1.00000E-04	2.47191E+01	2.36048E+01
1.00000E-04	2.50000E+01	2.34087E+01
5.00000E-04	0.00000E+00	9.73657E-01
5.00000E-04	2.80899E-01	2.89603E-01
5.00000E-04	5.61798E-01	5.58073E-01
5.00000E-04	8.42697E-01	4.08511E-01
5.00000E-04	1.12360E+00	3.22988E-01
5.00000E-04	1.40449E+00	2.70256E-01
5.00000E-04	1.68539E+00	2.38298E-01
5.00000E-04	1.96629E+00	2.21292E-01
5.00000E-04	2.24719E+00	2.15143E-01
5.00000E-04	2.52809E+00	2.17268E-01
5.00000E-04	2.80899E+00	2.27502E-01
5.00000E-04	3.08989E+00	2.50542E-01
5.00000E-04	3.37079E+00	2.95737E-01
5.00000E-04	3.65169E+00	3.53920E-01
5.00000E-04	3.93258E+00	4.23577E-01
5.00000E-04	4.21348E+00	5.36714E-01
5.00000E-04	4.49438E+00	6.71844E-01
5.00000E-04	4.77528E+00	8.51927E-01
5.00000E-04	5.05618E+00	1.09523E+00
5.00000E-04	5.33708E+00	1.43932E+00
5.00000E-04	5.61798E+00	1.79179E+00
5.00000E-04	5.89888E+00	2.12798E+00
5.00000E-04	6.17978E+00	2.41983E+00
5.00000E-04	6.46067E+00	2.67628E+00
5.00000E-04	6.74157E+00	2.94065E+00
5.00000E-04	7.02247E+00	3.20150E+00
5.00000E-04	7.30337E+00	3.48584E+00
5.00000E-04	7.58427E+00	3.87920E+00
5.00000E-04	7.86517E+00	4.38779E+00
5.00000E-04	8.14607E+00	5.03314E+00
5.00000E-04	8.42697E+00	5.78614E+00
5.00000E-04	8.70787E+00	6.69616E+00
5.00000E-04	8.98876E+00	7.71982E+00
5.00000E-04	9.26966E+00	8.97469E+00
5.00000E-04	9.55056E+00	1.02885E+01
5.00000E-04	9.83146E+00	1.14337E+01
5.00000E-04	1.01124E+01	1.27242E+01
5.00000E-04	1.03933E+01	1.42449E+01
5.00000E-04	1.06742E+01	1.59466E+01
5.00000E-04	1.09551E+01	1.77592E+01
5.00000E-04	1.12360E+01	1.97497E+01
5.00000E-04	1.15169E+01	2.16680E+01
5.00000E-04	1.17978E+01	2.35806E+01
5.00000E-04	1.20787E+01	2.52729E+01
5.00000E-04	1.23596E+01	2.70274E+01
5.00000E-04	1.26404E+01	2.86983E+01
5.00000E-04	1.29213E+01	3.04753E+01
5.00000E-04	1.32022E+01	3.22090E+01
5.00000E-04	1.34831E+01	3.39019E+01
5.00000E-04	1.37640E+01	3.55020E+01
5.00000E-04	1.40449E+01	3.70446E+01
5.00000E-04	1.43258E+01	3.84148E+01
5.00000E-04	1.46067E+01	3.95604E+01
5.00000E-04	1.48876E+01	3.97808E+01
5.00000E-04	1.51685E+01	3.98958E+01
5.00000E-04	1.54494E+01	4.00048E+01
5.00000E-04	1.57303E+01	4.00997E+01
5.00000E-04	1.60112E+01	4.02049E+01
5.00000E-04	1.62921E+01	4.03246E+01
5.00000E-04	1.65730E+01	4.04771E+01
5.00000E-04	1.68539E+01	4.05792E+01
5.00000E-04	1.71348E+01	4.07177E+01
5.00000E-04	1.74157E+01	4.07904E+01
5.00000E-04	1.76966E+01	4.08513E+01
5.00000E-04	1.79775E+01	4.08666E+01
5.00000E-04	1.82584E+01	4.08315E+01
5.00000E-04	1.85393E+01	4.07540E+01
5.00000E-04	1.88202E+01	4.06259E+01
5.00000E-04	1.91011E+01	4.04936E+01
5.00000E-04	1.93820E+01	4.03081E+01
5.00000E-04	1.96629E+01	4.00930E+01
5.00000E-04	1.99438E+01	3.98199E+01
5.00000E-04	2.02247E+01	3.95219E+01
5.00000E-04	2.05056E+01	3.92471E+01
5.00000E-04	2.07865E+01	3.89676E+01
5.00000E-04	2.10674E+01	3.86605E+01
5.00000E-04	2.13483E+01	3.83468E+01
5.00000E-04	2.16292E+01	3.80475E+01
5.00000E-04	2.19101E+01	3.77458E+01
5.00000E-04	2.21910E+01	3.74653E+01
5.00000E-04	2.24719E+01	3.71560E+01
5.00000E-04	2.27528E+01	3.68707E+01
5.00000E-04	2.30337E+01	3.65999E+01
5.00000E-04	2.33146E+01	3.63097E+01
5.00000E-04	2.35955E+01	3.60385E+01
5.00000E-04	2.38764E+01	3.57654E+01
5.00000E-04	2.41573E+01	3.54925E+01
5.00000E-04	2.44382E+01	3.51958E+01
5.00000E-04	2.47191E+01	3.49156E+01
5.00000E-04	2.50000E+01	3.46255E+01
1.00000E-03	0.00000E+00	9.61214E-01
1.00000E-03	2.80899E-01	3.38874E-01
1.00000E-03	5.61798E-01	6.53084E-01
1.00000E-03	8.42697E-01	4.78076E-01
1.00000E-03	1.12360E+00	3.77953E-01
1.00000E-03	1.40449E+00	3.16260E-01
1.00000E-03	1.68539E+00	2.78868E-01
1.00000E-03	1.96629E+00	2.58966E-01
1.00000E-03	2.24719E+00	2.51769E-01
1.00000E-03	2.52809E+00	2.54256E-01
1.00000E-03	2.80899E+00	2.66233E-01
1.00000E-03	3.08989E+00	2.93259E-01
1.00000E-03	3.37079E+00	3.46098E-01
1.00000E-03	3.65169E+00	4.14090E-01
1.00000E-03	3.93258E+00	4.95807E-01
1.00000E-03	4.21348E+00	6.27945E-01
1.00000E-03	4.49438E+00	7.86123E-01
1.00000E-03	4.77528E+00	9.96879E-01
1.00000E-03	5.05618E+00	1.28191E+00
1.00000E-03	5.33708E+00	1.68435E+00
1.00000E-03	5.61798E+00	2.09684E+00
1.00000E-03	5.89888E+00	2.48989E+00
1.00000E-03	6.17978E+00	2.83180E+00
1.00000E-03	6.46067E+00	3.13191E+00
1.00000E-03	6.74157E+00	3.44108E+00
1.00000E-03	7.02247E+00	3.74654E+00
1.00000E-03	7.30337E+00	4.07933E+00
1.00000E-03	7.58427E+00	4.53963E+00
1.00000E-03	7.86517E+00	5.13480E+00
1.00000E-03	8.14607E+00	5.89002E+00
1.00000E-03	8.42697E+00	6.77122E+00
1.00000E-03	8.70787E+00	7.83617E+00
1.00000E-03	8.98876E+00	9.03512E+00
1.00000E-03	9.26966E+00	1.05026E+01
1.00000E-03	9.55056E+00	1.20401E+01
1.00000E-03	9.83146E+00	1.33803E+01
1.00000E-03	1.01124E+01	1.48905E+01
1.00000E-03	1.03933E+01	1.66696E+01
1.00000E-03	1.06742E+01	1.86614E+01
1.00000E-03	1.09551E+01	2.07826E+01
1.00000E-03	1.12360E+01	2.31120E+01
1.00000E-03	1.15169E+01	2.53569E+01
1.00000E-03	1.17978E+01	2.75951E+01
1.00000E-03	1.20787E+01	2.95754E+01
1.00000E-03	1.23596E+01	3.16288E+01
1.00000E-03	1.26404E+01	3.35842E+01
1.00000E-03	1.29213E+01	3.56638E+01
1.00000E-03	1.32022E+01	3.76925E+01
1.00000E-03	1.34831E+01	3.96736E+01
1.00000E-03	1.37640E+01	4.15462E+01
1.00000E-03	1.40449E+01	4.33513E+01
1.00000E-03	1.43258E+01	4.49549E+01
1.00000E-03	1.46067E+01	4.62954E+01
1.00000E-03	1.48876E+01	4.65534E+01
1.00000E-03	1.51685E+01	4.66879E+01
1.00000E-03	1.54494E+01	4.68156E+01
1.00000E-03	1.57303E+01	4.69266E+01
1.00000E-03	1.60112E+01	4.70498E+01
1.00000E-03	1.62921E+01	4.71898E+01
1.00000E-03	1.65730E+01	4.73683E+01
1.00000E-03	1.68539E+01	4.74878E+01
1.00000E-03	1.71348E+01	4.76498E+01
1.00000E-03	1.74157E+01	4.77356E+01
1.00000E-03	1.76966E+01	4.78062E+01
1.00000E-03	1.79775E+01	4.78241E+01
1.00000E-03	1.82584E+01	4.77830E+01
1.00000E-03	1.85393E+01	4.76923E+01
1.00000E-03	1.88202E+01	4.75423E+01
1.00000E-03	1.91011E+01	4.73880E+01
1.00000E-03	1.93820E+01	4.71705E+01
1.00000E-03	1.96629E+01	4.69188E+01
1.00000E-03	1.99438E+01	4.65949E+01
1.00000E-03	2.02247E+01	4.62504E+01
1.00000E-03	2.05056E+01	4.59289E+01
1.00000E-03	2.07865E+01	4.56018E+01
1.00000E-03	2.10674E+01	4.52423E+01
1.00000E-03	2.13483E+01	4.48753E+01
1.00000E-03	2.16292E+01	4.45250E+01
1.00000E-03	2.19101E+01	4.41719E+01
1.00000E-03	2.21910E+01	4.38437E+01
1.00000E-03	2.24719E+01	4.34818E+01
1.00000E-03	2.27528E+01	4.31479E+01
1.00000E-03	2.30337E+01	4.28309E+01
1.00000E-03	2.33146E+01	4.24914E+01
1.00000E-03	2.35955E+01	4.21740E+01
1.00000E-03	2.38764E+01	4.18544E+01
1.00000E-03	2.41573E+01	4.15350E+01
1.00000E-03	2.44382E+01	4.11878E+01
1.00000E-03	2.47191E+01	4.08600E+01
1.00000E-03	2.50000E+01	4.05205E+01
5.00000E-03	0.00000E+00	9.28345E-01
5.00000E-03	2.80899E-01	6.07676E-01
5.00000E-03	5.61798E-01	1.17157E+00
5.00000E-03	8.42697E-01	8.57631E-01
5.00000E-03	1.12360E+00	6.77986E-01
5.00000E-03	1.40449E+00	5.67314E-01
5.00000E-03	1.68539E+00	5.00268E-01
5.00000E-03	1.96629E+00	4.64547E-01
5.00000E-03	2.24719E+00	4.51615E-01
5.00000E-03	2.52809E+00	4.56106E-01
5.00000E-03	2.80899E+00	4.77591E-01
5.00000E-03	3.08989E+00	5.26240E-01
5.00000E-03	3.37079E+00	6.20929E-01
5.00000E-03	3.65169E+00	7.42377E-01
5.00000E-03	3.93258E+00	8.90067E-01
5.00000E-03	4.21348E+00	1.12626E+00
5.00000E-03	4.49438E+00	1.40884E+00
5.00000E-03	4.77528E+00	1.78700E+00
5.00000E-03	5.05618E+00	2.30158E+00
5.00000E-03	5.33708E+00	3.02042E+00
5.00000E-03	5.61798E+00	3.76264E+00
5.00000E-03	5.89888E+00	4.46397E+00
5.00000E-03	6.17978E+00	5.07832E+00
5.00000E-03	6.46067E+00	5.61852E+00
5.00000E-03	6.74157E+00	6.16929E+00
5.00000E-03	7.02247E+00	6.71890E+00
5.00000E-03	7.30337E+00	7.31793E+00
5.00000E-03	7.58427E+00	8.14327E+00
5.00000E-03	7.86517E+00	9.21297E+00
5.00000E-03	8.14607E+00	1.05607E+01
5.00000E-03	8.42697E+00	1.21463E+01
5.00000E-03	8.70787E+00	1.40575E+01
5.00000E-03	8.98876E+00	1.62097E+01
5.00000E-03	9.26966E+00	1.88354E+01
5.00000E-03	9.55056E+00	2.15987E+01
5.00000E-03	9.83146E+00	2.40003E+01
5.00000E-03	1.01124E+01	2.67096E+01
5.00000E-03	1.03933E+01	2.99029E+01
5.00000E-03	1.06742E+01	3.34765E+01
5.00000E-03	1.09551E+01	3.72826E+01
5.00000E-03	1.12360E+01	4.14352E+01
5.00000E-03	1.15169E+01	4.54738E+01
5.00000E-03	1.17978E+01	4.95037E+01
5.00000E-03	1.20787E+01	5.30282E+01
5.00000E-03	1.23596E+01	5.67381E+01
5.00000E-03	1.26404E+01	6.02481E+01
5.00000E-03	1.29213E+01	6.40063E+01
5.00000E-03	1.32022E+01	6.76163E+01
5.00000E-03	1.34831E+01	7.11848E+01
5.00000E-03	1.37640E+01	7.45550E+01
5.00000E-03	1.40449E+01	7.77678E+01
5.00000E-03	1.43258E+01	8.06453E+01
5.00000E-03	1.46067E+01	8.30498E+01
5.00000E-03	1.48876E+01	8.35142E+01
5.00000E-03	1.51685E+01	8.37539E+01
5.00000E-03	1.54494E+01	8.39828E+01
5.00000E-03	1.57303E+01	8.41815E+01
5.00000E-03	1.60112E+01	8.44033E+01
5.00000E-03	1.62921E+01	8.46563E+01
5.00000E-03	1.65730E+01	8.49720E+01
5.00000E-03	1.68539E+01	8.51887E+01
5.00000E-03	1.71348E+01	8.54793E+01
5.00000E-03	1.74157E+01	8.56468E+01
5.00000E-03	1.76966E+01	8.57634E+01
5.00000E-03	1.79775E+01	8.57921E+01
5.00000E-03	1.82584E+01	8.57168E+01
5.00000E-03	1.85393E+01	8.55556E+01
5.00000E-03	1.88202E+01	8.52874E+01
5.00000E-03	1.91011E+01	8.50118E+01
5.00000E-03	1.93820E+01	8.46196E+01
5.00000E-03	1.96629E+01	8.41680E+01
5.00000E-03	1.99438E+01	8.35767E+01
5.00000E-03	2.02247E+01	8.29689E+01
5.00000E-03	2.05056E+01	8.23930E+01
5.00000E-03	2.07865E+01	8.18034E+01
5.00000E-03	2.10674E+01	8.11606E+01
5.00000E-03	2.13483E+01	8.05021E+01
5.00000E-03	2.16292E+01	7.98738E+01
5.00000E-03	2.19101E+01	7.92404E+01
5.00000E-03	2.21910E+01	7.86516E+01
5.00000E-03	2.24719E+01	7.80023E+01
5.00000E-03	2.27528E+01	7.74034E+01
5.00000E-03	2.30337E+01	7.68340E+01
5.00000E-03	2.33146E+01	7.62243E+01
5.00000E-03	2.35955E+01	7.56562E+01
5.00000E-03	2.38764E+01	7.50835E+01
5.00000E-03	2.41573E+01	7.45075E+01
5.00000E-03	2.44382E+01	7.38872E+01
5.00000E-03	2.47191E+01	7.32990E+01
5.00000E-03	2.50000E+01	7.26900E+01
1.00000E-02	0.00000E+00	9.43153E-01
1.00000E-02	2.80899E-01	7.74863E-01
1.00000E-02	5.61798E-01	1.49569E+00
1.00000E-02	8.42697E-01	1.09490E+00
1.00000E-02	1.12360E+00	8.65559E-01
1.00000E-02	1.40449E+00	7.24268E-01
1.00000E-02	1.68539E+00	6.38673E-01
1.00000E-02	1.96629E+00	5.93068E-01
1.00000E-02	2.24719E+00	5.76558E-01
1.00000E-02	2.52809E+00	5.82292E-01
1.00000E-02	2.80899E+00	6.09722E-01
1.00000E-02	3.08989E+00	6.71837E-01
1.00000E-02	3.37079E+00	7.92715E-01
1.00000E-02	3.65169E+00	9.47727E-01
1.00000E-02	3.93258E+00	1.13639E+00
1.00000E-02	4.21348E+00	1.43785E+00
1.00000E-02	4.49438E+00	1.79829E+00
1.00000E-02	4.77528E+00	2.28118E+00
1.00000E-02	5.05618E+00	2.93854E+00
1.00000E-02	5.33708E+00	3.85557E+00
1.00000E-02	5.61798E+00	4.80425E+00
1.00000E-02	5.89888E+00	5.69856E+00
1.00000E-02	6.17978E+00	6.48201E+00
1.00000E-02	6.46067E+00	7.17310E+00
1.00000E-02	6.74157E+00	7.87497E+00
1.00000E-02	7.02247E+00	8.57699E+00
1.00000E-02	7.30337E+00	9.34240E+00
1.00000E-02	7.58427E+00	1.03962E+01
1.00000E-02	7.86517E+00	1.17627E+01
1.00000E-02	8.14607E+00	1.34756E+01
1.00000E-02	8.42697E+00	1.55034E+01
1.00000E-02	8.70787E+00	1.79482E+01
1.00000E-02	8.98876E+00	2.06947E+01
1.00000E-02	9.26966E+00	2.40392E+01
1.00000E-02	9.55056E+00	2.75735E+01
1.00000E-02	9.83146E+00	3.06318E+01
1.00000E-02	1.01124E+01	3.40892E+01
1.00000E-02	1.03933E+01	3.81764E+01
1.00000E-02	1.06742E+01	4.27315E+01
1.00000E-02	1.09551E+01	4.76065E+01
1.00000E-02	1.12360E+01	5.28719E+01
1.00000E-02	1.15169E+01	5.80339E+01
1.00000E-02	1.17978E+01	6.31981E+01
1.00000E-02	1.20787E+01	6.76807E+01
1.00000E-02	1.23596E+01	7.24222E+01
1.00000E-02	1.26404E+01	7.69298E+01
1.00000E-02	1.29213E+01	8.17336E+01
1.00000E-02	1.32022E+01	8.63245E+01
1.00000E-02	1.34831E+01	9.08990E+01
1.00000E-02	1.37640E+01	9.52074E+01
1.00000E-02	1.40449E+01	9.92739E+01
1.00000E-02	1.43258E+01	1.02963E+02
1.00000E-02	1.46067E+01	1.06026E+02
1.00000E-02	1.48876E+01	1.06626E+02
1.00000E-02	1.51685E+01	1.06926E+02
1.00000E-02	1.54494E+01	1.07217E+02
1.00000E-02	1.57303E+01	1.07466E+02
1.00000E-02	1.60112E+01	1.07759E+02
1.00000E-02	1.62921E+01	1.08082E+02
1.00000E-02	1.65730E+01	1.08471E+02
1.00000E-02	1.68539E+01	1.08758E+02
1.00000E-02	1.71348E+01	1.09128E+02
1.00000E-02	1.74157E+01	1.09346E+02
1.00000E-02	1.76966E+01	1.09495E+02
1.00000E-02	1.79775E+01	1.09527E+02
1.00000E-02	1.82584E+01	1.09420E+02
1.00000E-02	1.85393E+01	1.09226E+02
1.00000E-02	1.88202E+01	1.08888E+02
1.00000E-02	1.91011E+01	1.08531E+02
1.00000E-02	1.93820E+01	1.08033E+02
1.00000E-02	1.96629E+01	1.07454E+02
1.00000E-02	1.99438E+01	1.06697E+02
1.00000E-02	2.02247E+01	1.05921E+02
1.00000E-02	2.05056E+01	1.05191E+02
1.00000E-02	2.07865E+01	1.04426E+02
1.00000E-02	2.10674E+01	1.03616E+02
1.00000E-02	2.13483E+01	1.02774E+02
1.00000E-02	2.16292E+01	1.01973E+02
1.00000E-02	2.19101E+01	1.01163E+02
1.00000E-02	2.21910E+01	1.00411E+02
1.00000E-02	2.24719E+01	9.95820E+01
1.00000E-02	2.27528E+01	9.88186E+01
1.00000E-02	2.30337E+01	9.80865E+01
1.00000E-02	2.33146E+01	9.73089E+01
1.00000E-02	2.35955E+01	9.65876E+01
1.00000E-02	2.38764E+01	9.58593E+01
1.00000E-02	2.41573E+01	9.51151E+01
1.00000E-02	2.44382E+01	9.43289E+01
1.00000E-02	2.47191E+01	9.35776E+01
1.00000E-02	2.50000E+01	9.28004E+01
5.00000E-02	0.00000E+00	9.90357E-01
5.00000E-02	2.80899E-01	8.96528E-01
5.00000E-02	5.61798E-01	1.75252E+00
5.00000E-02	8.42697E-01	1.28305E+00
5.00000E-02	1.12360E+00	1.01437E+00
5.00000E-02	1.40449E+00	8.48775E-01
5.00000E-02	1.68539E+00	7.48462E-01
5.00000E-02	1.96629E+00	6.95005E-01
5.00000E-02	2.24719E+00	6.75670E-01
5.00000E-02	2.52809E+00	6.82396E-01
5.00000E-02	2.80899E+00	7.14552E-01
5.00000E-02	3.08989E+00	7.87377E-01
5.00000E-02	3.37079E+00	9.28982E-01
5.00000E-02	3.65169E+00	1.11068E+00
5.00000E-02	3.93258E+00	1.33178E+00
5.00000E-02	4.21348E+00	1.68498E+00
5.00000E-02	4.49438E+00	2.10747E+00
5.00000E-02	4.77528E+00	2.67361E+00
5.00000E-02	5.05618E+00	3.44387E+00
5.00000E-02	5.33708E+00	4.51849E+00
5.00000E-02	5.61798E+00	5.63027E+00
5.00000E-02	5.89888E+00	6.67808E+00
5.00000E-02	6.17978E+00	7.59607E+00
5.00000E-02	6.46067E+00	8.40612E+00
5.00000E-02	6.74157E+00	9.22827E+00
5.00000E-02	7.02247E+00	1.00514E+01
5.00000E-02	7.30337E+00	1.09484E+01
5.00000E-02	7.58427E+00	1.21836E+01
5.00000E-02	7.86517E+00	1.37850E+01
5.00000E-02	8.14607E+00	1.57891E+01
5.00000E-02	8.42697E+00	1.81668E+01
5.00000E-02	8.70787E+00	2.10350E+01
5.00000E-02	8.98876E+00	2.42528E+01
5.00000E-02	9.26966E+00	2.81691E+01
5.00000E-02	9.55056E+00	3.23111E+01
5.00000E-02	9.83146E+00	3.58927E+01
5.00000E-02	1.01124E+01	3.99430E+01
5.00000E-02	1.03933E+01	4.47404E+01
5.00000E-02	1.06742E+01	5.00622E+01
5.00000E-02	1.09551E+01	5.58154E+01
5.00000E-02	1.12360E+01	6.19384E+01
5.00000E-02	1.15169E+01	6.79958E+01
5.00000E-02	1.17978E+01	7.40606E+01
5.00000E-02	1.20787E+01	7.93053E+01
5.00000E-02	1.23596E+01	8.48418E+01
5.00000E-02	1.26404E+01	9.01847E+01
5.00000E-02	1.29213E+01	9.57933E+01
5.00000E-02	1.32022E+01	1.01164E+02
5.00000E-02	1.34831E+01	1.06538E+02
5.00000E-02	1.37640E+01	1.11594E+02
5.00000E-02	1.40449E+01	1.16313E+02
5.00000E-02	1.43258E+01	1.20677E+02
5.00000E-02	1.46067E+01	1.24236E+02
5.00000E-02	1.48876E+01	1.24958E+02
5.00000E-02	1.51685E+01	1.25309E+02
5.00000E-02	1.54494E+01	1.25640E+02
5.00000E-02	1.57303E+01	1.25927E+02
5.00000E-02	1.60112E+01	1.26294E+02
5.00000E-02	1.62921E+01	1.26663E+02
5.00000E-02	1.65730E+01	1.27106E+02
5.00000E-02	1.68539E+01	1.27454E+02
5.00000E-02	1.71348E+01	1.27867E+02
5.00000E-02	1.74157E+01	1.28144E+02
5.00000E-02	1.76966E+01	1.28318E+02
5.00000E-02	1.79775E+01	1.28352E+02
5.00000E-02	1.82584E+01	1.28195E+02
5.00000E-02	1.85393E+01	1.28005E+02
5.00000E-02	1.88202E+01	1.27610E+02
5.00000E-02	1.91011E+01	1.27187E+02
5.00000E-02	1.93820E+01	1.26632E+02
5.00000E-02	1.96629E+01	1.25921E+02
5.00000E-02	1.99438E+01	1.25036E+02
5.00000E-02	2.02247E+01	1.24119E+02
5.00000E-02	2.05056E+01	1.23275E+02
5.00000E-02	2.07865E+01	1.22358E+02
5.00000E-02	2.10674E+01	1.21446E+02
5.00000E-02	2.13483E+01	1.20432E+02
5.00000E-02	2.16292E+01	1.19512E+02
5.00000E-02	2.19101E+01	1.18565E+02
5.00000E-02	2.21910E+01	1.17665E+02
5.00000E-02	2.24719E+01	1.16694E+02
5.00000E-02	2.27528E+01	1.15816E+02
5.00000E-02	2.30337E+01	1.14936E+02
5.00000E-02	2.33146E+01	1.14031E+02
5.00000E-02	2.35955E+01	1.13202E+02
5.00000E-02	2.38764E+01	1.12345E+02
5.00000E-02	2.41573E+01	1.11457E+02
5.00000E-02	2.44382E+01	1.10545E+02
5.00000E-02	2.47191E+01	1.09653E+02
5.00000E-02	2.50000E+01	1.08752E+02
1.00000E-01	0.00000E+00	9.66381E-01
1.00000E-01	2.80899E-01	1.06702E+00
1.00000E-01	5.61798E-01	1.99727E+00
1.00000E-01	8.42697E-01	1.46264E+00
1.00000E-01	1.12360E+00	1.15662E+00
1.00000E-01	1.40449E+00	9.67776E-01
1.00000E-01	1.68539E+00	8.53416E-01
1.00000E-01	1.96629E+00	7.92431E-01
1.00000E-01	2.24719E+00	7.70428E-01
1.00000E-01	2.52809E+00	7.78113E-01
1.00000E-01	2.80899E+00	8.14805E-01
1.00000E-01	3.08989E+00	8.97951E-01
1.00000E-01	3.37079E+00	1.05925E+00
1.00000E-01	3.65169E+00	1.26653E+00
1.00000E-01	3.93258E+00	1.51872E+00
1.00000E-01	4.21348E+00	1.92110E+00
1.00000E-01	4.49438E+00	2.40332E+00
1.00000E-01	4.77528E+00	3.04933E+00
1.00000E-01	5.05618E+00	3.92756E+00
1.00000E-01	5.33708E+00	5.15256E+00
1.00000E-01	5.61798E+00	6.42003E+00
1.00000E-01	5.89888E+00	7.61431E+00
1.00000E-01	6.17978E+00	8.66101E+00
1.00000E-01	6.46067E+00	9.58475E+00
1.00000E-01	6.74157E+00	1.05218E+01
1.00000E-01	7.02247E+00	1.14611E+01
1.00000E-01	7.30337E+00	1.24839E+01
1.00000E-01	7.58427E+00	1.38928E+01
1.00000E-01	7.86517E+00	1.57186E+01
1.00000E-01	8.14607E+00	1.80041E+01
1.00000E-01	8.42697E+00	2.07147E+01
1.00000E-01	8.70787E+00	2.39837E+01
1.00000E-01	8.98876E+00	2.76542E+01
1.00000E-01	9.26966E+00	3.21175E+01
1.00000E-01	9.55056E+00	3.68370E+01
1.00000E-01	9.83146E+00	4.09265E+01
1.00000E-01	1.01124E+01	4.55458E+01
1.00000E-01	1.03933E+01	5.10149E+01
1.00000E-01	1.06742E+01	5.70839E+01
1.00000E-01	1.09551E+01	6.36414E+01
1.00000E-01	1.12360E+01	7.06203E+01
1.00000E-01	1.15169E+01	7.75301E+01
1.00000E-01	1.17978E+01	8.44420E+01
1.00000E-01	1.20787E+01	9.04250E+01
1.00000E-01	1.23596E+01	9.67366E+01
1.00000E-01	1.26404E+01	1.02831E+02
1.00000E-01	1.29213E+01	1.09223E+02
1.00000E-01	1.32022E+01	1.15347E+02
1.00000E-01	1.34831E+01	1.21474E+02
1.00000E-01	1.37640E+01	1.27239E+02
1.00000E-01	1.40449E+01	1.32620E+02
1.00000E-01	1.43258E+01	1.37595E+02
1.00000E-01	1.46067E+01	1.41647E+02
1.00000E-01	1.48876E+01	1.42478E+02
1.00000E-01	1.51685E+01	1.42877E+02
1.00000E-01	1.54494E+01	1.43254E+02
1.00000E-01	1.57303E+01	1.43582E+02
1.00000E-01	1.60112E+01	1.44000E+02
1.00000E-01	1.62921E+01	1.44421E+02
1.00000E-01	1.65730E+01	1.44925E+02
1.00000E-01	1.68539E+01	1.45324E+02
1.00000E-01	1.71348E+01	1.45792E+02
1.00000E-01	1.74157E+01	1.46109E+02
1.00000E-01	1.76966E+01	1.46308E+02
1.00000E-01	1.79775E+01	1.46346E+02
1.00000E-01	1.82584E+01	1.46167E+02
1.00000E-01	1.85393E+01	1.45950E+02
1.00000E-01	1.88202E+01	1.45501E+02
1.00000E-01	1.91011E+01	1.45018E+02
1.00000E-01	1.93820E+01	1.44386E+02
1.00000E-01	1.96629E+01	1.43575E+02
1.00000E-01	1.99438E+01	1.42565E+02
1.00000E-01	2.02247E+01	1.41521E+02
1.00000E-01	2.05056E+01	1.40558E+02
1.00000E-01	2.07865E+01	1.39512E+02
1.00000E-01	2.10674E+01	1.38473E+02
1.00000E-01	2.13483E+01	1.37317E+02
1.00000E-01	2.16292E+01	1.36268E+02
1.00000E-01	2.19101E+01	1.35188E+02
1.00000E-01	2.21910E+01	1.34161E+02
1.00000E-01	2.24719E+01	1.33054E+02
1.00000E-01	2.27528E+01	1.32054E+02
1.00000E-01	2.30337E+01	1.31049E+02
1.00000E-01	2.33146E+01	1.30018E+02
1.00000E-01	2.35955E+01	1.29074E+02
1.00000E-01	2.38764E+01	1.28095E+02
1.00000E-01	2.41573E+01	1.27083E+02
1.00000E-01	2.44382E+01	1.26044E+02
1.00000E-01	2.47191E+01	1.25026E+02
1.00000E-01	2.50000E+01	1.23999E+02
2.00000E-01	0.00000E+00	9.52931E-01
2.00000E-01	2.80899E-01	1.46445E+00
2.00000E-01	5.61798E-01	2.40794E+00
2.00000E-01	8.42697E-01	1.76536E+00
2.00000E-01	1.12360E+00	1.39722E+00
2.00000E-01	1.40449E+00	1.16910E+00
2.00000E-01	1.68539E+00	1.03110E+00
2.00000E-01	1.96629E+00	9.57374E-01
2.00000E-01	2.24719E+00	9.30941E-01
2.00000E-01	2.52809E+00	9.40237E-01
2.00000E-01	2.80899E+00	9.84663E-01
2.00000E-01	3.08989E+00	1.08560E+00
2.00000E-01	3.37079E+00	1.27991E+00
2.00000E-01	3.65169E+00	1.53062E+00
2.00000E-01	3.93258E+00	1.83591E+00
2.00000E-01	4.21348E+00	2.32071E+00
2.00000E-01	4.49438E+00	2.90530E+00
2.00000E-01	4.77528E+00	3.68651E+00
2.00000E-01	5.05618E+00	4.74894E+00
2.00000E-01	5.33708E+00	6.22709E+00
2.00000E-01	5.61798E+00	7.75760E+00
2.00000E-01	5.89888E+00	9.19832E+00
2.00000E-01	6.17978E+00	1.04627E+01
2.00000E-01	6.46067E+00	1.15796E+01
2.00000E-01	6.74157E+00	1.27104E+01
2.00000E-01	7.02247E+00	1.38480E+01
2.00000E-01	7.30337E+00	1.50840E+01
2.00000E-01	7.58427E+00	1.67884E+01
2.00000E-01	7.86517E+00	1.89933E+01
2.00000E-01	8.14607E+00	2.17560E+01
2.00000E-01	8.42697E+00	2.50293E+01
2.00000E-01	8.70787E+00	2.89739E+01
2.00000E-01	8.98876E+00	3.34147E+01
2.00000E-01	9.26966E+00	3.87986E+01
2.00000E-01	9.55056E+00	4.44873E+01
2.00000E-01	9.83146E+00	4.94495E+01
2.00000E-01	1.01124E+01	5.50355E+01
2.00000E-01	1.03933E+01	6.16384E+01
2.00000E-01	1.06742E+01	6.89727E+01
2.00000E-01	1.09551E+01	7.68872E+01
2.00000E-01	1.12360E+01	8.53078E+01
2.00000E-01	1.15169E+01	9.36675E+01
2.00000E-01	1.17978E+01	1.02004E+02
2.00000E-01	1.20787E+01	1.09246E+02
2.00000E-01	1.23596E+01	1.16865E+02
2.00000E-01	1.26404E+01	1.24236E+02
2.00000E-01	1.29213E+01	1.31948E+02
2.00000E-01	1.32022E+01	1.39351E+02
2.00000E-01	1.34831E+01	1.46747E+02
2.00000E-01	1.37640E+01	1.53711E+02
2.00000E-01	1.40449E+01	1.60215E+02
2.00000E-01	1.43258E+01	1.66222E+02
2.00000E-01	1.46067E+01	1.71092E+02
2.00000E-01	1.48876E+01	1.72123E+02
2.00000E-01	1.51685E+01	1.72607E+02
2.00000E-01	1.54494E+01	1.73059E+02
2.00000E-01	1.57303E+01	1.73457E+02
2.00000E-01	1.60112E+01	1.73961E+02
2.00000E-01	1.62921E+01	1.74471E+02
2.00000E-01	1.65730E+01	1.75078E+02
2.00000E-01	1.68539E+01	1.75564E+02
2.00000E-01	1.71348E+01	1.76126E+02
2.00000E-01	1.74157E+01	1.76509E+02
2.00000E-01	1.76966E+01	1.76748E+02
2.00000E-01	1.79775E+01	1.76793E+02
2.00000E-01	1.82584E+01	1.76580E+02
2.00000E-01	1.85393E+01	1.76315E+02
2.00000E-01	1.88202E+01	1.75777E+02
2.00000E-01	1.91011E+01	1.75191E+02
2.00000E-01	1.93820E+01	1.74428E+02
2.00000E-01	1.96629E+01	1.73447E+02
2.00000E-01	1.99438E+01	1.72228E+02
2.00000E-01	2.02247E+01	1.70968E+02
2.00000E-01	2.05056E+01	1.69802E+02
2.00000E-01	2.07865E+01	1.68540E+02
2.00000E-01	2.10674E+01	1.67283E+02
2.00000E-01	2.13483E+01	1.65890E+02
2.00000E-01	2.16292E+01	1.64620E+02
2.00000E-01	2.19101E+01	1.63317E+02
2.00000E-01	2.21910E+01	1.62073E+02
2.00000E-01	2.24719E+01	1.60740E+02
2.00000E-01	2.27528E+01	1.59529E+02
2.00000E-01	2.30337E+01	1.58316E+02
2.00000E-01	2.33146E+01	1.57072E+02
2.00000E-01	2.35955E+01	1.55928E+02
2.00000E-01	2.38764E+01	1.54747E+02
2.00000E-01	2.41573E+01	1.53524E+02
2.00000E-01	2.44382E+01	1.52269E+02
2.00000E-01	2.47191E+01	1.51039E+02
2.00000E-01	2.50000E+01	1.49799E+02
2.50000E-01	0.00000E+00	9.53373E-01
2.50000E-01	2.80899E-01	1.64598E+00
2.50000E-01	5.61798E-01	2.55532E+00
2.50000E-01	8.42697E-01	1.87506E+00
2.50000E-01	1.12360E+00	1.48494E+00
2.50000E-01	1.40449E+00	1.24258E+00
2.50000E-01	1.68539E+00	1.09603E+00
2.50000E-01	1.96629E+00	1.01767E+00
2.50000E-01	2.24719E+00	9.89653E-01
2.50000E-01	2.52809E+00	9.99537E-01
2.50000E-01	2.80899E+00	1.04684E+00
2.50000E-01	3.08989E+00	1.15447E+00
2.50000E-01	3.37079E+00	1.36067E+00
2.50000E-01	3.65169E+00	1.62726E+00
2.50000E-01	3.93258E+00	1.95237E+00
2.50000E-01	4.21348E+00	2.46680E+00
2.50000E-01	4.49438E+00	3.08948E+00
2.50000E-01	4.77528E+00	3.92003E+00
2.50000E-01	5.05618E+00	5.05075E+00
2.50000E-01	5.33708E+00	6.62044E+00
2.50000E-01	5.61798E+00	8.24675E+00
2.50000E-01	5.89888E+00	9.77646E+00
2.50000E-01	6.17978E+00	1.11203E+01
2.50000E-01	6.46067E+00	1.23083E+01
2.50000E-01	6.74157E+00	1.35095E+01
2.50000E-01	7.02247E+00	1.47202E+01
2.50000E-01	7.30337E+00	1.60348E+01
2.50000E-01	7.58427E+00	1.78477E+01
2.50000E-01	7.86517E+00	2.01910E+01
2.50000E-01	8.14607E+00	2.31281E+01
2.50000E-01	8.42697E+00	2.66069E+01
2.50000E-01	8.70787E+00	3.07967E+01
2.50000E-01	8.98876E+00	3.55212E+01
2.50000E-01	9.26966E+00	4.12381E+01
2.50000E-01	9.55056E+00	4.72759E+01
2.50000E-01	9.83146E+00	5.25642E+01
2.50000E-01	1.01124E+01	5.85060E+01
2.50000E-01	1.03933E+01	6.55209E+01
2.50000E-01	1.06742E+01	7.33171E+01
2.50000E-01	1.09551E+01	8.17254E+01
2.50000E-01	1.12360E+01	9.06688E+01
2.50000E-01	1.15169E+01	9.95616E+01
2.50000E-01	1.17978E+01	1.08412E+02
2.50000E-01	1.20787E+01	1.16121E+02
2.50000E-01	1.23596E+01	1.24214E+02
2.50000E-01	1.26404E+01	1.32055E+02
2.50000E-01	1.29213E+01	1.40244E+02
2.50000E-01	1.32022E+01	1.48116E+02
2.50000E-01	1.34831E+01	1.55973E+02
2.50000E-01	1.37640E+01	1.63376E+02
2.50000E-01	1.40449E+01	1.70289E+02
2.50000E-01	1.43258E+01	1.76673E+02
2.50000E-01	1.46067E+01	1.81828E+02
2.50000E-01	1.48876E+01	1.82946E+02
2.50000E-01	1.51685E+01	1.83461E+02
2.50000E-01	1.54494E+01	1.83940E+02
2.50000E-01	1.57303E+01	1.84363E+02
2.50000E-01	1.60112E+01	1.84900E+02
2.50000E-01	1.62921E+01	1.85443E+02
2.50000E-01	1.65730E+01	1.86085E+02
2.50000E-01	1.68539E+01	1.86605E+02
2.50000E-01	1.71348E+01	1.87200E+02
2.50000E-01	1.74157E+01	1.87607E+02
2.50000E-01	1.76966E+01	1.87861E+02
2.50000E-01	1.79775E+01	1.87908E+02
2.50000E-01	1.82584E+01	1.87683E+02
2.50000E-01	1.85393E+01	1.87399E+02
2.50000E-01	1.88202E+01	1.86830E+02
2.50000E-01	1.91011E+01	1.86206E+02
2.50000E-01	1.93820E+01	1.85395E+02
2.50000E-01	1.96629E+01	1.84352E+02
2.50000E-01	1.99438E+01	1.83057E+02
2.50000E-01	2.02247E+01	1.81719E+02
2.50000E-01	2.05056E+01	1.80478E+02
2.50000E-01	2.07865E+01	1.79137E+02
2.50000E-01	2.10674E+01	1.77800E+02
2.50000E-01	2.13483E+01	1.76323E+02
2.50000E-01	2.16292E+01	1.74970E+02
2.50000E-01	2.19101E+01	1.73587E+02
2.50000E-01	2.21910E+01	1.72263E+02
2.50000E-01	2.24719E+01	1.70848E+02
2.50000E-01	2.27528E+01	1.69560E+02
2.50000E-01	2.30337E+01	1.68270E+02
2.50000E-01	2.33146E+01	1.66949E+02
2.50000E-01	2.35955E+01	1.65732E+02
2.50000E-01	2.38764E+01	1.64477E+02
2.50000E-01	2.41573E+01	1.63176E+02
2.50000E-01	2.44382E+01	1.61843E+02
2.50000E-01	2.47191E+01	1.60536E+02
2.50000E-01	2.50000E+01	1.59219E+02
3.00000E-01	0.00000E+00	9.55488E-01
3.00000E-01	2.80899E-01	1.81068E+00
3.00000E-01	5.61798E-01	2.67253E+00
3.00000E-01	8.42697E-01	1.96328E+00
3.00000E-01	1.12360E+00	1.55591E+00
3.00000E-01	1.40449E+00	1.30211E+00
3.00000E-01	1.68539E+00	1.14869E+00
3.00000E-01	1.96629E+00	1.06660E+00
3.00000E-01	2.24719E+00	1.03732E+00
3.00000E-01	2.52809E+00	1.04769E+00
3.00000E-01	2.80899E+00	1.09737E+00
3.00000E-01	3.08989E+00	1.21056E+00
3.00000E-01	3.37079E+00	1.42631E+00
3.00000E-01	3.65169E+00	1.70575E+00
3.00000E-01	3.93258E+00	2.04730E+00
3.00000E-01	4.21348E+00	2.58547E+00
3.00000E-01	4.49438E+00	3.23949E+00
3.00000E-01	4.77528E+00	4.11002E+00
3.00000E-01	5.05618E+00	5.29687E+00
3.00000E-01	5.33708E+00	6.94001E+00
3.00000E-01	5.61798E+00	8.64378E+00
3.00000E-01	5.89888E+00	1.02449E+01
3.00000E-01	6.17978E+00	1.16530E+01
3.00000E-01	6.46067E+00	1.28992E+01
3.00000E-01	6.74157E+00	1.41573E+01
3.00000E-01	7.02247E+00	1.54275E+01
3.00000E-01	7.30337E+00	1.68064E+01
3.00000E-01	7.58427E+00	1.87078E+01
3.00000E-01	7.86517E+00	2.11634E+01
3.00000E-01	8.14607E+00	2.42417E+01
3.00000E-01	8.42697E+00	2.78876E+01
3.00000E-01	8.70787E+00	3.22751E+01
3.00000E-01	8.98876E+00	3.72314E+01
3.00000E-01	9.26966E+00	4.32160E+01
3.00000E-01	9.55056E+00	4.95332E+01
3.00000E-01	9.83146E+00	5.50905E+01
3.00000E-01	1.01124E+01	6.13229E+01
3.00000E-01	1.03933E+01	6.86705E+01
3.00000E-01	1.06742E+01	7.68404E+01
3.00000E-01	1.09551E+01	8.56486E+01
3.00000E-01	1.12360E+01	9.50131E+01
3.00000E-01	1.15169E+01	1.04340E+02
3.00000E-01	1.17978E+01	1.13603E+02
3.00000E-01	1.20787E+01	1.21695E+02
3.00000E-01	1.23596E+01	1.30170E+02
3.00000E-01	1.26404E+01	1.38394E+02
3.00000E-01	1.29213E+01	1.46967E+02
3.00000E-01	1.32022E+01	1.55221E+02
3.00000E-01	1.34831E+01	1.63450E+02
3.00000E-01	1.37640E+01	1.71207E+02
3.00000E-01	1.40449E+01	1.78453E+02
3.00000E-01	1.43258E+01	1.85141E+02
3.00000E-01	1.46067E+01	1.90519E+02
3.00000E-01	1.48876E+01	1.91717E+02
3.00000E-01	1.51685E+01	1.92258E+02
3.00000E-01	1.54494E+01	1.92758E+02
3.00000E-01	1.57303E+01	1.93203E+02
3.00000E-01	1.60112E+01	1.93764E+02
3.00000E-01	1.62921E+01	1.94335E+02
3.00000E-01	1.65730E+01	1.95006E+02
3.00000E-01	1.68539E+01	1.95554E+02
3.00000E-01	1.71348E+01	1.96174E+02
3.00000E-01	1.74157E+01	1.96601E+02
3.00000E-01	1.76966E+01	1.96867E+02
3.00000E-01	1.79775E+01	1.96915E+02
3.00000E-01	1.82584E+01	1.96682E+02
3.00000E-01	1.85393E+01	1.96381E+02
3.00000E-01	1.88202E+01	1.95788E+02
3.00000E-01	1.91011E+01	1.95132E+02
3.00000E-01	1.93820E+01	1.94282E+02
3.00000E-01	1.96629E+01	1.93190E+02
3.00000E-01	1.99438E+01	1.91834E+02
3.00000E-01	2.02247E+01	1.90432E+02
3.00000E-01	2.05056E+01	1.89129E+02
3.00000E-01	2.07865E+01	1.87726E+02
3.00000E-01	2.10674E+01	1.86323E+02
3.00000E-01	2.13483E+01	1.84778E+02
3.00000E-01	2.16292E+01	1.83358E+02
3.00000E-01	2.19101E+01	1.81910E+02
3.00000E-01	2.21910E+01	1.80521E+02
3.00000E-01	2.24719E+01	1.79040E+02
3.00000E-01	2.27528E+01	1.77689E+02
3.00000E-01	2.30337E+01	1.76337E+02
3.00000E-01	2.33146E+01	1.74954E+02
3.00000E-01	2.35955E+01	1.73677E+02
3.00000E-01	2.38764E+01	1.72363E+02
3.00000E-01	2.41573E+01	1.70999E+02
3.00000E-01	2.44382E+01	1.69602E+02
3.00000E-01	2.47191E+01	1.68232E+02
3.00000E-01	2.50000E+01	1.66852E+02
4.00000E-01	0.00000E+00	9.62790E-01
4.00000E-01	2.80899E-01	2.08365E+00
4.00000E-01	5.61798E-01	2.82668E+00
4.00000E-01	8.42697E-01	2.08314E+00
4.00000E-01	1.12360E+00	1.65370E+00
4.00000E-01	1.40449E+00	1.38443E+00
4.00000E-01	1.68539E+00	1.22171E+00
4.00000E-01	1.96629E+00	1.13456E+00
4.00000E-01	2.24719E+00	1.10356E+00
4.00000E-01	2.52809E+00	1.11464E+00
4.00000E-01	2.80899E+00	1.16781E+00
4.00000E-01	3.08989E+00	1.28912E+00
4.00000E-01	3.37079E+00	1.51782E+00
4.00000E-01	3.65169E+00	1.81504E+00
4.00000E-01	3.93258E+00	2.18063E+00
4.00000E-01	4.21348E+00	2.75076E+00
4.00000E-01	4.49438E+00	3.44954E+00
4.00000E-01	4.77528E+00	4.37559E+00
4.00000E-01	5.05618E+00	5.64244E+00
4.00000E-01	5.33708E+00	7.38472E+00
4.00000E-01	5.61798E+00	9.19508E+00
4.00000E-01	5.89888E+00	1.08931E+01
4.00000E-01	6.17978E+00	1.23900E+01
4.00000E-01	6.46067E+00	1.37183E+01
4.00000E-01	6.74157E+00	1.50548E+01
4.00000E-01	7.02247E+00	1.64082E+01
4.00000E-01	7.30337E+00	1.78786E+01
4.00000E-01	7.58427E+00	1.99035E+01
4.00000E-01	7.86517E+00	2.25150E+01
4.00000E-01	8.14607E+00	2.57887E+01
4.00000E-01	8.42697E+00	2.96672E+01
4.00000E-01	8.70787E+00	3.43262E+01
4.00000E-01	8.98876E+00	3.96087E+01
4.00000E-01	9.26966E+00	4.59574E+01
4.00000E-01	9.55056E+00	5.26514E+01
4.00000E-01	9.83146E+00	5.85937E+01
4.00000E-01	1.01124E+01	6.52352E+01
4.00000E-01	1.03933E+01	7.30395E+01
4.00000E-01	1.06742E+01	8.17256E+01
4.00000E-01	1.09551E+01	9.10863E+01
4.00000E-01	1.12360E+01	1.01027E+02
4.00000E-01	1.15169E+01	1.10961E+02
4.00000E-01	1.17978E+01	1.20780E+02
4.00000E-01	1.20787E+01	1.29419E+02
4.00000E-01	1.23596E+01	1.38413E+02
4.00000E-01	1.26404E+01	1.47177E+02
4.00000E-01	1.29213E+01	1.56272E+02
4.00000E-01	1.32022E+01	1.65060E+02
4.00000E-01	1.34831E+01	1.73798E+02
4.00000E-01	1.37640E+01	1.82046E+02
4.00000E-01	1.40449E+01	1.89753E+02
4.00000E-01	1.43258E+01	1.96858E+02
4.00000E-01	1.46067E+01	2.02515E+02
4.00000E-01	1.48876E+01	2.03856E+02
4.00000E-01	1.51685E+01	2.04433E+02
4.00000E-01	1.54494E+01	2.04962E+02
4.00000E-01	1.57303E+01	2.05438E+02
4.00000E-01	1.60112E+01	2.06033E+02
4.00000E-01	1.62921E+01	2.06644E+02
4.00000E-01	1.65730E+01	2.07351E+02
4.00000E-01	1.68539E+01	2.07941E+02
4.00000E-01	1.71348E+01	2.08593E+02
4.00000E-01	1.74157E+01	2.09048E+02
4.00000E-01	1.76966E+01	2.09330E+02
4.00000E-01	1.79775E+01	2.09378E+02
4.00000E-01	1.82584E+01	2.09136E+02
4.00000E-01	1.85393E+01	2.08811E+02
4.00000E-01	1.88202E+01	2.08186E+02
4.00000E-01	1.91011E+01	2.07485E+02
4.00000E-01	1.93820E+01	2.06582E+02
4.00000E-01	1.96629E+01	2.05419E+02
4.00000E-01	1.99438E+01	2.03980E+02
4.00000E-01	2.02247E+01	2.02492E+02
4.00000E-01	2.05056E+01	2.01102E+02
4.00000E-01	2.07865E+01	1.99613E+02
4.00000E-01	2.10674E+01	1.98118E+02
4.00000E-01	2.13483E+01	1.96482E+02
4.00000E-01	2.16292E+01	1.94967E+02
4.00000E-01	2.19101E+01	1.93430E+02
4.00000E-01	2.21910E+01	1.91948E+02
4.00000E-01	2.24719E+01	1.90380E+02
4.00000E-01	2.27528E+01	1.88940E+02
4.00000E-01	2.30337E+01	1.87502E+02
4.00000E-01	2.33146E+01	1.86034E+02
4.00000E-01	2.35955E+01	1.84672E+02
4.00000E-01	2.38764E+01	1.83277E+02
4.00000E-01	2.41573E+01	1.81825E+02
4.00000E-01	2.44382E+01	1.80341E+02
4.00000E-01	2.47191E+01	1.78884E+02
4.00000E-01	2.50000E+01	1.77418E+02
5.00000E-01	0.00000E+00	9.77183E-01
5.00000E-01	2.80899E-01	2.25603E+00
5.00000E-01	5.61798E-01	2.85460E+00
5.00000E-01	8.42697E-01	2.11394E+00
5.00000E-01	1.12360E+00	1.68143E+00
5.00000E-01	1.40449E+00	1.40839E+00
5.00000E-01	1.68539E+00	1.24337E+00
5.00000E-01	1.96629E+00	1.15490E+00
5.00000E-01	2.24719E+00	1.12349E+00
5.00000E-01	2.52809E+00	1.13488E+00
5.00000E-01	2.80899E+00	1.18948E+00
5.00000E-01	3.08989E+00	1.31399E+00
5.00000E-01	3.37079E+00	1.54601E+00
5.00000E-01	3.65169E+00	1.84844E+00
5.00000E-01	3.93258E+00	2.22351E+00
5.00000E-01	4.21348E+00	2.80142E+00
5.00000E-01	4.49438E+00	3.51593E+00
5.00000E-01	4.77528E+00	4.45890E+00
5.00000E-01	5.05618E+00	5.75334E+00
5.00000E-01	5.33708E+00	7.51968E+00
5.00000E-01	5.61798E+00	9.35985E+00
5.00000E-01	5.89888E+00	1.10829E+01
5.00000E-01	6.17978E+00	1.26055E+01
5.00000E-01	6.46067E+00	1.39608E+01
5.00000E-01	6.74157E+00	1.53196E+01
5.00000E-01	7.02247E+00	1.66990E+01
5.00000E-01	7.30337E+00	1.82011E+01
5.00000E-01	7.58427E+00	2.02641E+01
5.00000E-01	7.86517E+00	2.29225E+01
5.00000E-01	8.14607E+00	2.62534E+01
5.00000E-01	8.42697E+00	3.02031E+01
5.00000E-01	8.70787E+00	3.49371E+01
5.00000E-01	8.98876E+00	4.03256E+01
5.00000E-01	9.26966E+00	4.67691E+01
5.00000E-01	9.55056E+00	5.35543E+01
5.00000E-01	9.83146E+00	5.96339E+01
5.00000E-01	1.01124E+01	6.64076E+01
5.00000E-01	1.03933E+01	7.43390E+01
5.00000E-01	1.06742E+01	8.31744E+01
5.00000E-01	1.09551E+01	9.26953E+01
5.00000E-01	1.12360E+01	1.02792E+02
5.00000E-01	1.15169E+01	1.12913E+02
5.00000E-01	1.17978E+01	1.22870E+02
5.00000E-01	1.20787E+01	1.31699E+02
5.00000E-01	1.23596E+01	1.40830E+02
5.00000E-01	1.26404E+01	1.49767E+02
5.00000E-01	1.29213E+01	1.58999E+02
5.00000E-01	1.32022E+01	1.67951E+02
5.00000E-01	1.34831E+01	1.76829E+02
5.00000E-01	1.37640E+01	1.85221E+02
5.00000E-01	1.40449E+01	1.93064E+02
5.00000E-01	1.43258E+01	2.00284E+02
5.00000E-01	1.46067E+01	2.05968E+02
5.00000E-01	1.48876E+01	2.07411E+02
5.00000E-01	1.51685E+01	2.08002E+02
5.00000E-01	1.54494E+01	2.08538E+02
5.00000E-01	1.57303E+01	2.09025E+02
5.00000E-01	1.60112E+01	2.09628E+02
5.00000E-01	1.62921E+01	2.10254E+02
5.00000E-01	1.65730E+01	2.10966E+02
5.00000E-01	1.68539E+01	2.11574E+02
5.00000E-01	1.71348E+01	2.12230E+02
5.00000E-01	1.74157E+01	2.12695E+02
5.00000E-01	1.76966E+01	2.12980E+02
5.00000E-01	1.79775E+01	2.13026E+02
5.00000E-01	1.82584E+01	2.12786E+02
5.00000E-01	1.85393E+01	2.12448E+02
5.00000E-01	1.88202E+01	2.11820E+02
5.00000E-01	1.91011E+01	2.11103E+02
5.00000E-01	1.93820E+01	2.10183E+02
5.00000E-01	1.96629E+01	2.08999E+02
5.00000E-01	1.99438E+01	2.07539E+02
5.00000E-01	2.02247E+01	2.06027E+02
5.00000E-01	2.05056E+01	2.04608E+02
5.00000E-01	2.07865E+01	2.03097E+02
5.00000E-01	2.10674E+01	2.01571E+02
5.00000E-01	2.13483E+01	1.99914E+02
5.00000E-01	2.16292E+01	1.98366E+02
5.00000E-01	2.19101E+01	1.96806E+02
5.00000E-01	2.21910E+01	1.95293E+02
5.00000E-01	2.24719E+01	1.93704E+02
5.00000E-01	2.27528E+01	1.92236E+02
5.00000E-01	2.30337E+01	1.90772E+02
5.00000E-01	2.33146E+01	1.89282E+02
5.00000E-01	2.35955E+01	1.87892E+02
5.00000E-01	2.38764E+01	1.86474E+02
5.00000E-01	2.41573E+01	1.84995E+02
5.00000E-01	2.44382E+01	1.83487E+02
5.00000E-01	2.47191E+01	1.82005E+02
5.00000E-01	2.50000E+01	1.80514E+02
6.00000E-01	0.00000E+00	1.00076E+00
6.00000E-01	2.80899E-01	2.30464E+00
6.00000E-01	5.61798E-01	2.74721E+00
6.00000E-01	8.42697E-01	2.04795E+00
6.00000E-01	1.12360E+00	1.63246E+00
6.00000E-01	1.40449E+00	1.36835E+00
6.00000E-01	1.68539E+00	1.20862E+00
6.00000E-01	1.96629E+00	1.12294E+00
6.00000E-01	2.24719E+00	1.09254E+00
6.00000E-01	2.52809E+00	1.10379E+00
6.00000E-01	2.80899E+00	1.15748E+00
6.00000E-01	3.08989E+00	1.27964E+00
6.00000E-01	3.37079E+00	1.50449E+00
6.00000E-01	3.65169E+00	1.79844E+00
6.00000E-01	3.93258E+00	2.16636E+00
6.00000E-01	4.21348E+00	2.72597E+00
6.00000E-01	4.49438E+00	3.42376E+00
6.00000E-01	4.77528E+00	4.34148E+00
6.00000E-01	5.05618E+00	5.60483E+00
6.00000E-01	5.33708E+00	7.31405E+00
6.00000E-01	5.61798E+00	9.09988E+00
6.00000E-01	5.89888E+00	1.07701E+01
6.00000E-01	6.17978E+00	1.22493E+01
6.00000E-01	6.46067E+00	1.35704E+01
6.00000E-01	6.74157E+00	1.48901E+01
6.00000E-01	7.02247E+00	1.62326E+01
6.00000E-01	7.30337E+00	1.76998E+01
6.00000E-01	7.58427E+00	1.97072E+01
6.00000E-01	7.86517E+00	2.22926E+01
6.00000E-01	8.14607E+00	2.55291E+01
6.00000E-01	8.42697E+00	2.93718E+01
6.00000E-01	8.70787E+00	3.39669E+01
6.00000E-01	8.98876E+00	3.92171E+01
6.00000E-01	9.26966E+00	4.54627E+01
6.00000E-01	9.55056E+00	5.20300E+01
6.00000E-01	9.83146E+00	5.79710E+01
6.00000E-01	1.01124E+01	6.45694E+01
6.00000E-01	1.03933E+01	7.22686E+01
6.00000E-01	1.06742E+01	8.08517E+01
6.00000E-01	1.09551E+01	9.01021E+01
6.00000E-01	1.12360E+01	9.98966E+01
6.00000E-01	1.15169E+01	1.09742E+02
6.00000E-01	1.17978E+01	1.19384E+02
6.00000E-01	1.20787E+01	1.28004E+02
6.00000E-01	1.23596E+01	1.36858E+02
6.00000E-01	1.26404E+01	1.45561E+02
6.00000E-01	1.29213E+01	1.54512E+02
6.00000E-01	1.32022E+01	1.63222E+02
6.00000E-01	1.34831E+01	1.71837E+02
6.00000E-01	1.37640E+01	1.79992E+02
6.00000E-01	1.40449E+01	1.87613E+02
6.00000E-01	1.43258E+01	1.94617E+02
6.00000E-01	1.46067E+01	2.00067E+02
6.00000E-01	1.48876E+01	2.01550E+02
6.00000E-01	1.51685E+01	2.02131E+02
6.00000E-01	1.54494E+01	2.02650E+02
6.00000E-01	1.57303E+01	2.03127E+02
6.00000E-01	1.60112E+01	2.03710E+02
6.00000E-01	1.62921E+01	2.04323E+02
6.00000E-01	1.65730E+01	2.05007E+02
6.00000E-01	1.68539E+01	2.05605E+02
6.00000E-01	1.71348E+01	2.06236E+02
6.00000E-01	1.74157E+01	2.06689E+02
6.00000E-01	1.76966E+01	2.06964E+02
6.00000E-01	1.79775E+01	2.07006E+02
6.00000E-01	1.82584E+01	2.06780E+02
6.00000E-01	1.85393E+01	2.06444E+02
6.00000E-01	1.88202E+01	2.05841E+02
6.00000E-01	1.91011E+01	2.05140E+02
6.00000E-01	1.93820E+01	2.04246E+02
6.00000E-01	1.96629E+01	2.03094E+02
6.00000E-01	1.99438E+01	2.01679E+02
6.00000E-01	2.02247E+01	2.00212E+02
6.00000E-01	2.05056E+01	1.98829E+02
6.00000E-01	2.07865E+01	1.97364E+02
6.00000E-01	2.10674E+01	1.95877E+02
6.00000E-01	2.13483E+01	1.94274E+02
6.00000E-01	2.16292E+01	1.92764E+02
6.00000E-01	2.19101E+01	1.91252E+02
6.00000E-01	2.21910E+01	1.89776E+02
6.00000E-01	2.24719E+01	1.88239E+02
6.00000E-01	2.27528E+01	1.86809E+02
6.00000E-01	2.30337E+01	1.85386E+02
6.00000E-01	2.33146E+01	1.83940E+02
6.00000E-01	2.35955E+01	1.82585E+02
6.00000E-01	2.38764E+01	1.81209E+02
6.00000E-01	2.41573E+01	1.79771E+02
6.00000E-01	2.44382E+01	1.78307E+02
6.00000E-01	2.47191E+01	1.76866E+02
6.00000E-01	2.50000E+01	1.75419E+02
7.00000E-01	0.00000E+00	1.02959E+00
7.00000E-01	2.80899E-01	2.24606E+00
7.00000E-01	5.61798E-01	2.54630E+00
7.00000E-01	8.42697E-01	1.91335E+00
7.00000E-01	1.12360E+00	1.52876E+00
7.00000E-01	1.40449E+00	1.28262E+00
7.00000E-01	1.68539E+00	1.13356E+00
7.00000E-01	1.96629E+00	1.05355E+00
7.00000E-01	2.24719E+00	1.02518E+00
7.00000E-01	2.52809E+00	1.03597E+00
7.00000E-01	2.80899E+00	1.08704E+00
7.00000E-01	3.08989E+00	1.20277E+00
7.00000E-01	3.37079E+00	1.41306E+00
7.00000E-01	3.65169E+00	1.68879E+00
7.00000E-01	3.93258E+00	2.03722E+00
7.00000E-01	4.21348E+00	2.56030E+00
7.00000E-01	4.49438E+00	3.21776E+00
7.00000E-01	4.77528E+00	4.08022E+00
7.00000E-01	5.05618E+00	5.26972E+00
7.00000E-01	5.33708E+00	6.86474E+00
7.00000E-01	5.61798E+00	8.53614E+00
7.00000E-01	5.89888E+00	1.00984E+01
7.00000E-01	6.17978E+00	1.14851E+01
7.00000E-01	6.46067E+00	1.27276E+01
7.00000E-01	6.74157E+00	1.39646E+01
7.00000E-01	7.02247E+00	1.52254E+01
7.00000E-01	7.30337E+00	1.66094E+01
7.00000E-01	7.58427E+00	1.84940E+01
7.00000E-01	7.86517E+00	2.09204E+01
7.00000E-01	8.14607E+00	2.39548E+01
7.00000E-01	8.42697E+00	2.75627E+01
7.00000E-01	8.70787E+00	3.18669E+01
7.00000E-01	8.98876E+00	3.68022E+01
7.00000E-01	9.26966E+00	4.26427E+01
7.00000E-01	9.55056E+00	4.87750E+01
7.00000E-01	9.83146E+00	5.43766E+01
7.00000E-01	1.01124E+01	6.05781E+01
7.00000E-01	1.03933E+01	6.77898E+01
7.00000E-01	1.06742E+01	7.58344E+01
7.00000E-01	1.09551E+01	8.45061E+01
7.00000E-01	1.12360E+01	9.36743E+01
7.00000E-01	1.15169E+01	1.02911E+02
7.00000E-01	1.17978E+01	1.11921E+02
7.00000E-01	1.20787E+01	1.20040E+02
7.00000E-01	1.23596E+01	1.28324E+02
7.00000E-01	1.26404E+01	1.36502E+02
7.00000E-01	1.29213E+01	1.44875E+02
7.00000E-01	1.32022E+01	1.53051E+02
7.00000E-01	1.34831E+01	1.61116E+02
7.00000E-01	1.37640E+01	1.68761E+02
7.00000E-01	1.40449E+01	1.75906E+02
7.00000E-01	1.43258E+01	1.82458E+02
7.00000E-01	1.46067E+01	1.87497E+02
7.00000E-01	1.48876E+01	1.88966E+02
7.00000E-01	1.51685E+01	1.89520E+02
7.00000E-01	1.54494E+01	1.90006E+02
7.00000E-01	1.57303E+01	1.90458E+02
7.00000E-01	1.60112E+01	1.91001E+02
7.00000E-01	1.62921E+01	1.91579E+02
7.00000E-01	1.65730E+01	1.92214E+02
7.00000E-01	1.68539E+01	1.92781E+02
7.00000E-01	1.71348E+01	1.93365E+02
7.00000E-01	1.74157E+01	1.93791E+02
7.00000E-01	1.76966E+01	1.94048E+02
7.00000E-01	1.79775E+01	1.94084E+02
7.00000E-01	1.82584E+01	1.93878E+02
7.00000E-01	1.85393E+01	1.93557E+02
7.00000E-01	1.88202E+01	1.92997E+02
7.00000E-01	1.91011E+01	1.92336E+02
7.00000E-01	1.93820E+01	1.91497E+02
7.00000E-01	1.96629E+01	1.90416E+02
7.00000E-01	1.99438E+01	1.89095E+02
7.00000E-01	2.02247E+01	1.87722E+02
7.00000E-01	2.05056E+01	1.86420E+02
7.00000E-01	2.07865E+01	1.85049E+02
7.00000E-01	2.10674E+01	1.83652E+02
7.00000E-01	2.13483E+01	1.82155E+02
7.00000E-01	2.16292E+01	1.80735E+02
7.00000E-01	2.19101E+01	1.79320E+02
7.00000E-01	2.21910E+01	1.77932E+02
7.00000E-01	2.24719E+01	1.76496E+02
7.00000E-01	2.27528E+01	1.75153E+02
7.00000E-01	2.30337E+01	1.73818E+02
7.00000E-01	2.33146E+01	1.72466E+02
7.00000E-01	2.35955E+01	1.71191E+02
7.00000E-01	2.38764E+01	1.69902E+02
7.00000E-01	2.41573E+01	1.68553E+02
7.00000E-01	2.44382E+01	1.67182E+02
7.00000E-01	2.47191E+01	1.65830E+02
7.00000E-01	2.50000E+01	1.64475E+02
8.00000E-01	0.00000E+00	1.05764E+00
8.00000E-01	2.80899E-01	2.12388E+00
8.00000E-01	5.61798E-01	2.31235E+00
8.00000E-01	8.42697E-01	1.75240E+00
8.00000E-01	1.12360E+00	1.40373E+00
8.00000E-01	1.40449E+00	1.17908E+00
8.00000E-01	1.68539E+00	1.04277E+00
8.00000E-01	1.96629E+00	9.69560E-01
8.00000E-01	2.24719E+00	9.43616E-01
8.00000E-01	2.52809E+00	9.53820E-01
8.00000E-01	2.80899E+00	1.00158E+00
8.00000E-01	3.08989E+00	1.10919E+00
8.00000E-01	3.37079E+00	1.30214E+00
8.00000E-01	3.65169E+00	1.55595E+00
8.00000E-01	3.93258E+00	1.87967E+00
8.00000E-01	4.21348E+00	2.35951E+00
8.00000E-01	4.49438E+00	2.96702E+00
8.00000E-01	4.77528E+00	3.76272E+00
8.00000E-01	5.05618E+00	4.86095E+00
8.00000E-01	5.33708E+00	6.32032E+00
8.00000E-01	5.61798E+00	7.85385E+00
8.00000E-01	5.89888E+00	9.28731E+00
8.00000E-01	6.17978E+00	1.05624E+01
8.00000E-01	6.46067E+00	1.17087E+01
8.00000E-01	6.74157E+00	1.28462E+01
8.00000E-01	7.02247E+00	1.40077E+01
8.00000E-01	7.30337E+00	1.52893E+01
8.00000E-01	7.58427E+00	1.70247E+01
8.00000E-01	7.86517E+00	1.92586E+01
8.00000E-01	8.14607E+00	2.20491E+01
8.00000E-01	8.42697E+00	2.53718E+01
8.00000E-01	8.70787E+00	2.93272E+01
8.00000E-01	8.98876E+00	3.38769E+01
8.00000E-01	9.26966E+00	3.92334E+01
8.00000E-01	9.55056E+00	4.48494E+01
8.00000E-01	9.83146E+00	5.00299E+01
8.00000E-01	1.01124E+01	5.57466E+01
8.00000E-01	1.03933E+01	6.23730E+01
8.00000E-01	1.06742E+01	6.97677E+01
8.00000E-01	1.09551E+01	7.77410E+01
8.00000E-01	1.12360E+01	8.61588E+01
8.00000E-01	1.15169E+01	9.46548E+01
8.00000E-01	1.17978E+01	1.02914E+02
8.00000E-01	1.20787E+01	1.10413E+02
8.00000E-01	1.23596E+01	1.18018E+02
8.00000E-01	1.26404E+01	1.25551E+02
8.00000E-01	1.29213E+01	1.33236E+02
8.00000E-01	1.32022E+01	1.40762E+02
8.00000E-01	1.34831E+01	1.48168E+02
8.00000E-01	1.37640E+01	1.55197E+02
8.00000E-01	1.40449E+01	1.61765E+02
8.00000E-01	1.43258E+01	1.67774E+02
8.00000E-01	1.46067E+01	1.72343E+02
8.00000E-01	1.48876E+01	1.73766E+02
8.00000E-01	1.51685E+01	1.74288E+02
8.00000E-01	1.54494E+01	1.74735E+02
8.00000E-01	1.57303E+01	1.75154E+02
8.00000E-01	1.60112E+01	1.75651E+02
8.00000E-01	1.62921E+01	1.76185E+02
8.00000E-01	1.65730E+01	1.76764E+02
8.00000E-01	1.68539E+01	1.77289E+02
8.00000E-01	1.71348E+01	1.77821E+02
8.00000E-01	1.74157E+01	1.78213E+02
8.00000E-01	1.76966E+01	1.78447E+02
8.00000E-01	1.79775E+01	1.78479E+02
8.00000E-01	1.82584E+01	1.78294E+02
8.00000E-01	1.85393E+01	1.77994E+02
8.00000E-01	1.88202E+01	1.77484E+02
8.00000E-01	1.91011E+01	1.76873E+02
8.00000E-01	1.93820E+01	1.76101E+02
8.00000E-01	1.96629E+01	1.75106E+02
8.00000E-01	1.99438E+01	1.73895E+02
8.00000E-01	2.02247E+01	1.72636E+02
8.00000E-01	2.05056E+01	1.71434E+02
8.00000E-01	2.07865E+01	1.70176E+02
8.00000E-01	2.10674E+01	1.68888E+02
8.00000E-01	2.13483E+01	1.67517E+02
8.00000E-01	2.16292E+01	1.66207E+02
8.00000E-01	2.19101E+01	1.64908E+02
8.00000E-01	2.21910E+01	1.63628E+02
8.00000E-01	2.24719E+01	1.62313E+02
8.00000E-01	2.27528E+01	1.61075E+02
8.00000E-01	2.30337E+01	1.59846E+02
8.00000E-01	2.33146E+01	1.58605E+02
8.00000E-01	2.35955E+01	1.57430E+02
8.00000E-01	2.38764E+01	1.56245E+02
8.00000E-01	2.41573E+01	1.55004E+02
8.00000E-01	2.44382E+01	1.53745E+02
8.00000E-01	2.47191E+01	1.52501E+02
8.00000E-01	2.50000E+01	1.51256E+02
9.00000E-01	0.00000E+00	1.08094E+00
9.00000E-01	2.80899E-01	1.97897E+00
9.00000E-01	5.61798E-01	2.08816E+00
9.00000E-01	8.42697E-01	1.59578E+00
9.00000E-01	1.12360E+00	1.28176E+00
9.00000E-01	1.40449E+00	1.07813E+00
9.00000E-01	1.68539E+00	9.54249E-01
9.00000E-01	1.96629E+00	8.87663E-01
9.00000E-01	2.24719E+00	8.64097E-01
9.00000E-01	2.52809E+00	8.73752E-01
9.00000E-01	2.80899E+00	9.18282E-01
9.00000E-01	3.08989E+00	1.01786E+00
9.00000E-01	3.37079E+00	1.19403E+00
9.00000E-01	3.65169E+00	1.42657E+00
9.00000E-01	3.93258E+00	1.72577E+00
9.00000E-01	4.21348E+00	2.16397E+00
9.00000E-01	4.49438E+00	2.72237E+00
9.00000E-01	4.77528E+00	3.45325E+00
9.00000E-01	5.05618E+00	4.46161E+00
9.00000E-01	5.33708E+00	5.78957E+00
9.00000E-01	5.61798E+00	7.18853E+00
9.00000E-01	5.89888E+00	8.49705E+00
9.00000E-01	6.17978E+00	9.66350E+00
9.00000E-01	6.46067E+00	1.07153E+01
9.00000E-01	6.74157E+00	1.17562E+01
9.00000E-01	7.02247E+00	1.28211E+01
9.00000E-01	7.30337E+00	1.40023E+01
9.00000E-01	7.58427E+00	1.55923E+01
9.00000E-01	7.86517E+00	1.76385E+01
9.00000E-01	8.14607E+00	2.01916E+01
9.00000E-01	8.42697E+00	2.32357E+01
9.00000E-01	8.70787E+00	2.68526E+01
9.00000E-01	8.98876E+00	3.10241E+01
9.00000E-01	9.26966E+00	3.59105E+01
9.00000E-01	9.55056E+00	4.10271E+01
9.00000E-01	9.83146E+00	4.57932E+01
9.00000E-01	1.01124E+01	5.10354E+01
9.00000E-01	1.03933E+01	5.70931E+01
9.00000E-01	1.06742E+01	6.38547E+01
9.00000E-01	1.09551E+01	7.11469E+01
9.00000E-01	1.12360E+01	7.88358E+01
9.00000E-01	1.15169E+01	8.66060E+01
9.00000E-01	1.17978E+01	9.41401E+01
9.00000E-01	1.20787E+01	1.01028E+02
9.00000E-01	1.23596E+01	1.07975E+02
9.00000E-01	1.26404E+01	1.14877E+02
9.00000E-01	1.29213E+01	1.21895E+02
9.00000E-01	1.32022E+01	1.28784E+02
9.00000E-01	1.34831E+01	1.35550E+02
9.00000E-01	1.37640E+01	1.41978E+02
9.00000E-01	1.40449E+01	1.47984E+02
9.00000E-01	1.43258E+01	1.53461E+02
9.00000E-01	1.46067E+01	1.57584E+02
9.00000E-01	1.48876E+01	1.58950E+02
9.00000E-01	1.51685E+01	1.59443E+02
9.00000E-01	1.54494E+01	1.59852E+02
9.00000E-01	1.57303E+01	1.60239E+02
9.00000E-01	1.60112E+01	1.60692E+02
9.00000E-01	1.62921E+01	1.61182E+02
9.00000E-01	1.65730E+01	1.61707E+02
9.00000E-01	1.68539E+01	1.62191E+02
9.00000E-01	1.71348E+01	1.62673E+02
9.00000E-01	1.74157E+01	1.63032E+02
9.00000E-01	1.76966E+01	1.63245E+02
9.00000E-01	1.79775E+01	1.63272E+02
9.00000E-01	1.82584E+01	1.63107E+02
9.00000E-01	1.85393E+01	1.62828E+02
9.00000E-01	1.88202E+01	1.62366E+02
9.00000E-01	1.91011E+01	1.61804E+02
9.00000E-01	1.93820E+01	1.61096E+02
9.00000E-01	1.96629E+01	1.60186E+02
9.00000E-01	1.99438E+01	1.59082E+02
9.00000E-01	2.02247E+01	1.57933E+02
9.00000E-01	2.05056E+01	1.56830E+02
9.00000E-01	2.07865E+01	1.55680E+02
9.00000E-01	2.10674E+01	1.54500E+02
9.00000E-01	2.13483E+01	1.53251E+02
9.00000E-01	2.16292E+01	1.52050E+02
9.00000E-01	2.19101E+01	1.50863E+02
9.00000E-01	2.21910E+01	1.49689E+02
9.00000E-01	2.24719E+01	1.48490E+02
9.00000E-01	2.27528E+01	1.47355E+02
9.00000E-01	2.30337E+01	1.46231E+02
9.00000E-01	2.33146E+01	1.45098E+02
9.00000E-01	2.35955E+01	1.44020E+02
9.00000E-01	2.38764E+01	1.42935E+02
9.00000E-01	2.41573E+01	1.41801E+02
9.00000E-01	2.44382E+01	1.40650E+02
9.00000E-01	2.47191E+01	1.39511E+02
9.00000E-01	2.50000E+01	1.38373E+02
1.00000E+00	0.00000E+00	1.09814E+00
1.00000E+00	2.80899E-01	1.83670E+00
1.00000E+00	5.61798E-01	1.89264E+00
1.00000E+00	8.42697E-01	1.45777E+00
1.00000E+00	1.12360E+00	1.17422E+00
1.00000E+00	1.40449E+00	9.89268E-01
1.00000E+00	1.68539E+00	8.76398E-01
1.00000E+00	1.96629E+00	8.15677E-01
1.00000E+00	2.24719E+00	7.94231E-01
1.00000E+00	2.52809E+00	8.03449E-01
1.00000E+00	2.80899E+00	8.45199E-01
1.00000E+00	3.08989E+00	9.37703E-01
1.00000E+00	3.37079E+00	1.09920E+00
1.00000E+00	3.65169E+00	1.31316E+00
1.00000E+00	3.93258E+00	1.59068E+00
1.00000E+00	4.21348E+00	1.99261E+00
1.00000E+00	4.49438E+00	2.50774E+00
1.00000E+00	4.77528E+00	3.18202E+00
1.00000E+00	5.05618E+00	4.11089E+00
1.00000E+00	5.33708E+00	5.32345E+00
1.00000E+00	5.61798E+00	6.60366E+00
1.00000E+00	5.89888E+00	7.80248E+00
1.00000E+00	6.17978E+00	8.87344E+00
1.00000E+00	6.46067E+00	9.84206E+00
1.00000E+00	6.74157E+00	1.07983E+01
1.00000E+00	7.02247E+00	1.17785E+01
1.00000E+00	7.30337E+00	1.28717E+01
1.00000E+00	7.58427E+00	1.43340E+01
1.00000E+00	7.86517E+00	1.62154E+01
1.00000E+00	8.14607E+00	1.85600E+01
1.00000E+00	8.42697E+00	2.13589E+01
1.00000E+00	8.70787E+00	2.46792E+01
1.00000E+00	8.98876E+00	2.85169E+01
1.00000E+00	9.26966E+00	3.29901E+01
1.00000E+00	9.55056E+00	3.76692E+01
1.00000E+00	9.83146E+00	4.20696E+01
1.00000E+00	1.01124E+01	4.68946E+01
1.00000E+00	1.03933E+01	5.24531E+01
1.00000E+00	1.06742E+01	5.86578E+01
1.00000E+00	1.09551E+01	6.53507E+01
1.00000E+00	1.12360E+01	7.23996E+01
1.00000E+00	1.15169E+01	7.95289E+01
1.00000E+00	1.17978E+01	8.64283E+01
1.00000E+00	1.20787E+01	9.27761E+01
1.00000E+00	1.23596E+01	9.91470E+01
1.00000E+00	1.26404E+01	1.05492E+02
1.00000E+00	1.29213E+01	1.11925E+02
1.00000E+00	1.32022E+01	1.18253E+02
1.00000E+00	1.34831E+01	1.24457E+02
1.00000E+00	1.37640E+01	1.30356E+02
1.00000E+00	1.40449E+01	1.35867E+02
1.00000E+00	1.43258E+01	1.40874E+02
1.00000E+00	1.46067E+01	1.44609E+02
1.00000E+00	1.48876E+01	1.45921E+02
1.00000E+00	1.51685E+01	1.46392E+02
1.00000E+00	1.54494E+01	1.46768E+02
1.00000E+00	1.57303E+01	1.47126E+02
1.00000E+00	1.60112E+01	1.47541E+02
1.00000E+00	1.62921E+01	1.47992E+02
1.00000E+00	1.65730E+01	1.48471E+02
1.00000E+00	1.68539E+01	1.48917E+02
1.00000E+00	1.71348E+01	1.49355E+02
1.00000E+00	1.74157E+01	1.49684E+02
1.00000E+00	1.76966E+01	1.49878E+02
1.00000E+00	1.79775E+01	1.49903E+02
1.00000E+00	1.82584E+01	1.49754E+02
1.00000E+00	1.85393E+01	1.49494E+02
1.00000E+00	1.88202E+01	1.49073E+02
1.00000E+00	1.91011E+01	1.48556E+02
1.00000E+00	1.93820E+01	1.47904E+02
1.00000E+00	1.96629E+01	1.47068E+02
1.00000E+00	1.99438E+01	1.46059E+02
1.00000E+00	2.02247E+01	1.45006E+02
1.00000E+00	2.05056E+01	1.43990E+02
1.00000E+00	2.07865E+01	1.42936E+02
1.00000E+00	2.10674E+01	1.41850E+02
1.00000E+00	2.13483E+01	1.40708E+02
1.00000E+00	2.16292E+01	1.39603E+02
1.00000E+00	2.19101E+01	1.38514E+02
1.00000E+00	2.21910E+01	1.37434E+02
1.00000E+00	2.24719E+01	1.36337E+02
1.00000E+00	2.27528E+01	1.35293E+02
1.00000E+00	2.30337E+01	1.34260E+02
1.00000E+00	2.33146E+01	1.33222E+02
1.00000E+00	2.35955E+01	1.32230E+02
1.00000E+00	2.38764E+01	1.31234E+02
1.00000E+00	2.41573E+01	1.30192E+02
1.00000E+00	2.44382E+01	1.29137E+02
1.00000E+00	2.47191E+01	1.28091E+02
1.00000E+00	2.50000E+01	1.27047E+02
1.50000E+00	0.00000E+00	1.11559E+00
1.50000E+00	2.80899E-01	1.36226E+00
1.50000E+00	5.61798E-01	1.32143E+00
1.50000E+00	8.42697E-01	1.05553E+00
1.50000E+00	1.12360E+00	8.61494E-01
1.50000E+00	1.40449E+00	7.33065E-01
1.50000E+00	1.68539E+00	6.53482E-01
1.50000E+00	1.96629E+00	6.10495E-01
1.50000E+00	2.24719E+00	5.95812E-01
1.50000E+00	2.52809E+00	6.04750E-01
1.50000E+00	2.80899E+00	6.39966E-01
1.50000E+00	3.08989E+00	7.13191E-01
1.50000E+00	3.37079E+00	8.33597E-01
1.50000E+00	3.65169E+00	9.96301E-01
1.50000E+00	3.93258E+00	1.21316E+00
1.50000E+00	4.21348E+00	1.51464E+00
1.50000E+00	4.49438E+00	1.90844E+00
1.50000E+00	4.77528E+00	2.42633E+00
1.50000E+00	5.05618E+00	3.12597E+00
1.50000E+00	5.33708E+00	4.00362E+00
1.50000E+00	5.61798E+00	4.93597E+00
1.50000E+00	5.89888E+00	5.81839E+00
1.50000E+00	6.17978E+00	6.61645E+00
1.50000E+00	6.46067E+00	7.34824E+00
1.50000E+00	6.74157E+00	8.06619E+00
1.50000E+00	7.02247E+00	8.81095E+00
1.50000E+00	7.30337E+00	9.66099E+00
1.50000E+00	7.58427E+00	1.07648E+01
1.50000E+00	7.86517E+00	1.21782E+01
1.50000E+00	8.14607E+00	1.39303E+01
1.50000E+00	8.42697E+00	1.60299E+01
1.50000E+00	8.70787E+00	1.85082E+01
1.50000E+00	8.98876E+00	2.13844E+01
1.50000E+00	9.26966E+00	2.46640E+01
1.50000E+00	9.55056E+00	2.80902E+01
1.50000E+00	9.83146E+00	3.14532E+01
1.50000E+00	1.01124E+01	3.50964E+01
1.50000E+00	1.03933E+01	3.92325E+01
1.50000E+00	1.06742E+01	4.38378E+01
1.50000E+00	1.09551E+01	4.88059E+01
1.50000E+00	1.12360E+01	5.40159E+01
1.50000E+00	1.15169E+01	5.92857E+01
1.50000E+00	1.17978E+01	6.43767E+01
1.50000E+00	1.20787E+01	6.91729E+01
1.50000E+00	1.23596E+01	7.39121E+01
1.50000E+00	1.26404E+01	7.86538E+01
1.50000E+00	1.29213E+01	8.34174E+01
1.50000E+00	1.32022E+01	8.81252E+01
1.50000E+00	1.34831E+01	9.27178E+01
1.50000E+00	1.37640E+01	9.70944E+01
1.50000E+00	1.40449E+01	1.01170E+02
1.50000E+00	1.43258E+01	1.04790E+02
1.50000E+00	1.46067E+01	1.07417E+02
1.50000E+00	1.48876E+01	1.08579E+02
1.50000E+00	1.51685E+01	1.09027E+02
1.50000E+00	1.54494E+01	1.09325E+02
1.50000E+00	1.57303E+01	1.09603E+02
1.50000E+00	1.60112E+01	1.09910E+02
1.50000E+00	1.62921E+01	1.10245E+02
1.50000E+00	1.65730E+01	1.10593E+02
1.50000E+00	1.68539E+01	1.10928E+02
1.50000E+00	1.71348E+01	1.11240E+02
1.50000E+00	1.74157E+01	1.11480E+02
1.50000E+00	1.76966E+01	1.11619E+02
1.50000E+00	1.79775E+01	1.11635E+02
1.50000E+00	1.82584E+01	1.11532E+02
1.50000E+00	1.85393E+01	1.11331E+02
1.50000E+00	1.88202E+01	1.11025E+02
1.50000E+00	1.91011E+01	1.10634E+02
1.50000E+00	1.93820E+01	1.10141E+02
1.50000E+00	1.96629E+01	1.09519E+02
1.50000E+00	1.99438E+01	1.08784E+02
1.50000E+00	2.02247E+01	1.08010E+02
1.50000E+00	2.05056E+01	1.07244E+02
1.50000E+00	2.07865E+01	1.06460E+02
1.50000E+00	2.10674E+01	1.05648E+02
1.50000E+00	2.13483E+01	1.04809E+02
1.50000E+00	2.16292E+01	1.03983E+02
1.50000E+00	2.19101E+01	1.03172E+02
1.50000E+00	2.21910E+01	1.02364E+02
1.50000E+00	2.24719E+01	1.01556E+02
1.50000E+00	2.27528E+01	1.00773E+02
1.50000E+00	2.30337E+01	1.00002E+02
1.50000E+00	2.33146E+01	9.92351E+01
1.50000E+00	2.35955E+01	9.84895E+01
1.50000E+00	2.38764E+01	9.77429E+01
1.50000E+00	2.41573E+01	9.69699E+01
1.50000E+00	2.44382E+01	9.61870E+01
1.50000E+00	2.47191E+01	9.54076E+01
1.50000E+00	2.50000E+01	9.46336E+01
2.00000E+00	0.00000E+00	1.08678E+00
2.00000E+00	2.80899E-01	1.15904E+00
2.00000E+00	5.61798E-01	1.08829E+00
2.00000E+00	8.42697E-01	9.07079E-01
2.00000E+00	1.12360E+00	7.50987E-01
2.00000E+00	1.40449E+00	6.45214E-01
2.00000E+00	1.68539E+00	5.79506E-01
2.00000E+00	1.96629E+00	5.44336E-01
2.00000E+00	2.24719E+00	5.33537E-01
2.00000E+00	2.52809E+00	5.44515E-01
2.00000E+00	2.80899E+00	5.80359E-01
2.00000E+00	3.08989E+00	6.49562E-01
2.00000E+00	3.37079E+00	7.58430E-01
2.00000E+00	3.65169E+00	9.07808E-01
2.00000E+00	3.93258E+00	1.10911E+00
2.00000E+00	4.21348E+00	1.38291E+00
2.00000E+00	4.49438E+00	1.74335E+00
2.00000E+00	4.77528E+00	2.21734E+00
2.00000E+00	5.05618E+00	2.83961E+00
2.00000E+00	5.33708E+00	3.59521E+00
2.00000E+00	5.61798E+00	4.39840E+00
2.00000E+00	5.89888E+00	5.16898E+00
2.00000E+00	6.17978E+00	5.87658E+00
2.00000E+00	6.46067E+00	6.53437E+00
2.00000E+00	6.74157E+00	7.18157E+00
2.00000E+00	7.02247E+00	7.86235E+00
2.00000E+00	7.30337E+00	8.64995E+00
2.00000E+00	7.58427E+00	9.64918E+00
2.00000E+00	7.86517E+00	1.09167E+01
2.00000E+00	8.14607E+00	1.24803E+01
2.00000E+00	8.42697E+00	1.43549E+01
2.00000E+00	8.70787E+00	1.65611E+01
2.00000E+00	8.98876E+00	1.91118E+01
2.00000E+00	9.26966E+00	2.19739E+01
2.00000E+00	9.55056E+00	2.49770E+01
2.00000E+00	9.83146E+00	2.80193E+01
2.00000E+00	1.01124E+01	3.12972E+01
2.00000E+00	1.03933E+01	3.49684E+01
2.00000E+00	1.06742E+01	3.90334E+01
2.00000E+00	1.09551E+01	4.34104E+01
2.00000E+00	1.12360E+01	4.79861E+01
2.00000E+00	1.15169E+01	5.26062E+01
2.00000E+00	1.17978E+01	5.70912E+01
2.00000E+00	1.20787E+01	6.13788E+01
2.00000E+00	1.23596E+01	6.55914E+01
2.00000E+00	1.26404E+01	6.97970E+01
2.00000E+00	1.29213E+01	7.40013E+01
2.00000E+00	1.32022E+01	7.81564E+01
2.00000E+00	1.34831E+01	8.21995E+01
2.00000E+00	1.37640E+01	8.60485E+01
2.00000E+00	1.40449E+01	8.96086E+01
2.00000E+00	1.43258E+01	9.26996E+01
2.00000E+00	1.46067E+01	9.49347E+01
2.00000E+00	1.48876E+01	9.60867E+01
2.00000E+00	1.51685E+01	9.65953E+01
2.00000E+00	1.54494E+01	9.68986E+01
2.00000E+00	1.57303E+01	9.71597E+01
2.00000E+00	1.60112E+01	9.74334E+01
2.00000E+00	1.62921E+01	9.77276E+01
2.00000E+00	1.65730E+01	9.80301E+01
2.00000E+00	1.68539E+01	9.83231E+01
2.00000E+00	1.71348E+01	9.85889E+01
2.00000E+00	1.74157E+01	9.87940E+01
2.00000E+00	1.76966E+01	9.89111E+01
2.00000E+00	1.79775E+01	9.89242E+01
2.00000E+00	1.82584E+01	9.88353E+01
2.00000E+00	1.85393E+01	9.86554E+01
2.00000E+00	1.88202E+01	9.83863E+01
2.00000E+00	1.91011E+01	9.80352E+01
2.00000E+00	1.93820E+01	9.75933E+01
2.00000E+00	1.96629E+01	9.70450E+01
2.00000E+00	1.99438E+01	9.64071E+01
2.00000E+00	2.02247E+01	9.57305E+01
2.00000E+00	2.05056E+01	9.50481E+01
2.00000E+00	2.07865E+01	9.43511E+01
2.00000E+00	2.10674E+01	9.36319E+01
2.00000E+00	2.13483E+01	9.28958E+01
2.00000E+00	2.16292E+01	9.21645E+01
2.00000E+00	2.19101E+01	9.14441E+01
2.00000E+00	2.21910E+01	9.07273E+01
2.00000E+00	2.24719E+01	9.00154E+01
2.00000E+00	2.27528E+01	8.93199E+01
2.00000E+00	2.30337E+01	8.86353E+01
2.00000E+00	2.33146E+01	8.79577E+01
2.00000E+00	2.35955E+01	8.72927E+01
2.00000E+00	2.38764E+01	8.66265E+01
2.00000E+00	2.41573E+01	8.59437E+01
2.00000E+00	2.44382E+01	8.52526E+01
2.00000E+00	2.47191E+01	8.45629E+01
2.00000E+00	2.50000E+01	8.38798E+01
2.50000E+00	0.00000E+00	1.05251E+00
2.50000E+00	2.80899E-01	1.05708E+00
2.50000E+00	5.61798E-01	9.74929E-01
2.50000E+00	8.42697E-01	8.42932E-01
2.50000E+00	1.12360E+00	7.13594E-01
2.50000E+00	1.40449E+00	6.19538E-01
2.50000E+00	1.68539E+00	5.60559E-01
2.50000E+00	1.96629E+00	5.29839E-01
2.50000E+00	2.24719E+00	5.22481E-01
2.50000E+00	2.52809E+00	5.37085E-01
2.50000E+00	2.80899E+00	5.76879E-01
2.50000E+00	3.08989E+00	6.48630E-01
2.50000E+00	3.37079E+00	7.57977E-01
2.50000E+00	3.65169E+00	9.09077E-01
2.50000E+00	3.93258E+00	1.11315E+00
2.50000E+00	4.21348E+00	1.38727E+00
2.50000E+00	4.49438E+00	1.74790E+00
2.50000E+00	4.77528E+00	2.21790E+00
2.50000E+00	5.05618E+00	2.81716E+00
2.50000E+00	5.33708E+00	3.52595E+00
2.50000E+00	5.61798E+00	4.27816E+00
2.50000E+00	5.89888E+00	5.00944E+00
2.50000E+00	6.17978E+00	5.69251E+00
2.50000E+00	6.46067E+00	6.33732E+00
2.50000E+00	6.74157E+00	6.97792E+00
2.50000E+00	7.02247E+00	7.66098E+00
2.50000E+00	7.30337E+00	8.45585E+00
2.50000E+00	7.58427E+00	9.44681E+00
2.50000E+00	7.86517E+00	1.06895E+01
2.50000E+00	8.14607E+00	1.22138E+01
2.50000E+00	8.42697E+00	1.40375E+01
2.50000E+00	8.70787E+00	1.61761E+01
2.50000E+00	8.98876E+00	1.86316E+01
2.50000E+00	9.26966E+00	2.13589E+01
2.50000E+00	9.55056E+00	2.42403E+01
2.50000E+00	9.83146E+00	2.72240E+01
2.50000E+00	1.01124E+01	3.04339E+01
2.50000E+00	1.03933E+01	3.39877E+01
2.50000E+00	1.06742E+01	3.78948E+01
2.50000E+00	1.09551E+01	4.20872E+01
2.50000E+00	1.12360E+01	4.64573E+01
2.50000E+00	1.15169E+01	5.08663E+01
2.50000E+00	1.17978E+01	5.51734E+01
2.50000E+00	1.20787E+01	5.93329E+01
2.50000E+00	1.23596E+01	6.34142E+01
2.50000E+00	1.26404E+01	6.74737E+01
2.50000E+00	1.29213E+01	7.15159E+01
2.50000E+00	1.32022E+01	7.55025E+01
2.50000E+00	1.34831E+01	7.93717E+01
2.50000E+00	1.37640E+01	8.30428E+01
2.50000E+00	1.40449E+01	8.64078E+01
2.50000E+00	1.43258E+01	8.92812E+01
2.50000E+00	1.46067E+01	9.13774E+01
2.50000E+00	1.48876E+01	9.25789E+01
2.50000E+00	1.51685E+01	9.31796E+01
2.50000E+00	1.54494E+01	9.35290E+01
2.50000E+00	1.57303E+01	9.38047E+01
2.50000E+00	1.60112E+01	9.40750E+01
2.50000E+00	1.62921E+01	9.43570E+01
2.50000E+00	1.65730E+01	9.46435E+01
2.50000E+00	1.68539E+01	9.49195E+01
2.50000E+00	1.71348E+01	9.51655E+01
2.50000E+00	1.74157E+01	9.53539E+01
2.50000E+00	1.76966E+01	9.54605E+01
2.50000E+00	1.79775E+01	9.54714E+01
2.50000E+00	1.82584E+01	9.53864E+01
2.50000E+00	1.85393E+01	9.52123E+01
2.50000E+00	1.88202E+01	9.49525E+01
2.50000E+00	1.91011E+01	9.46103E+01
2.50000E+00	1.93820E+01	9.41801E+01
2.50000E+00	1.96629E+01	9.36550E+01
2.50000E+00	1.99438E+01	9.30513E+01
2.50000E+00	2.02247E+01	9.24068E+01
2.50000E+00	2.05056E+01	9.17477E+01
2.50000E+00	2.07865E+01	9.10737E+01
2.50000E+00	2.10674E+01	9.03810E+01
2.50000E+00	2.13483E+01	8.96755E+01
2.50000E+00	2.16292E+01	8.89716E+01
2.50000E+00	2.19101E+01	8.82754E+01
2.50000E+00	2.21910E+01	8.75840E+01
2.50000E+00	2.24719E+01	8.68992E+01
2.50000E+00	2.27528E+01	8.62271E+01
2.50000E+00	2.30337E+01	8.55654E+01
2.50000E+00	2.33146E+01	8.49117E+01
2.50000E+00	2.35955E+01	8.42663E+01
2.50000E+00	2.38764E+01	8.36198E+01
2.50000E+00	2.41573E+01	8.29621E+01
2.50000E+00	2.44382E+01	8.22976E+01
2.50000E+00	2.47191E+01	8.16339E+01
2.50000E+00	2.50000E+01	8.09773E+01
3.00000E+00	0.00000E+00	1.02243E+00
3.00000E+00	2.80899E-01	9.98379E-01
3.00000E+00	5.61798E-01	9.15724E-01
3.00000E+00	8.42697E-01	8.10430E-01
3.00000E+00	1.12360E+00	7.04648E-01
3.00000E+00	1.40449E+00	6.20891E-01
3.00000E+00	1.68539E+00	5.66626E-01
3.00000E+00	1.96629E+00	5.39290E-01
3.00000E+00	2.24719E+00	5.35625E-01
3.00000E+00	2.52809E+00	5.55110E-01
3.00000E+00	2.80899E+00	6.00983E-01
3.00000E+00	3.08989E+00	6.79133E-01
3.00000E+00	3.37079E+00	7.95360E-01
3.00000E+00	3.65169E+00	9.55915E-01
3.00000E+00	3.93258E+00	1.17211E+00
3.00000E+00	4.21348E+00	1.45957E+00
3.00000E+00	4.49438E+00	1.83497E+00
3.00000E+00	4.77528E+00	2.31683E+00
3.00000E+00	5.05618E+00	2.91502E+00
3.00000E+00	5.33708E+00	3.60783E+00
3.00000E+00	5.61798E+00	4.34160E+00
3.00000E+00	5.89888E+00	5.06377E+00
3.00000E+00	6.17978E+00	5.75040E+00
3.00000E+00	6.46067E+00	6.40983E+00
3.00000E+00	6.74157E+00	7.07394E+00
3.00000E+00	7.02247E+00	7.79065E+00
3.00000E+00	7.30337E+00	8.62584E+00
3.00000E+00	7.58427E+00	9.65270E+00
3.00000E+00	7.86517E+00	1.09252E+01
3.00000E+00	8.14607E+00	1.24755E+01
3.00000E+00	8.42697E+00	1.43229E+01
3.00000E+00	8.70787E+00	1.64787E+01
3.00000E+00	8.98876E+00	1.89368E+01
3.00000E+00	9.26966E+00	2.16511E+01
3.00000E+00	9.55056E+00	2.45394E+01
3.00000E+00	9.83146E+00	2.75747E+01
3.00000E+00	1.01124E+01	3.08401E+01
3.00000E+00	1.03933E+01	3.44222E+01
3.00000E+00	1.06742E+01	3.83307E+01
3.00000E+00	1.09551E+01	4.25061E+01
3.00000E+00	1.12360E+01	4.68470E+01
3.00000E+00	1.15169E+01	5.12276E+01
3.00000E+00	1.17978E+01	5.55329E+01
3.00000E+00	1.20787E+01	5.97221E+01
3.00000E+00	1.23596E+01	6.38342E+01
3.00000E+00	1.26404E+01	6.79107E+01
3.00000E+00	1.29213E+01	7.19540E+01
3.00000E+00	1.32022E+01	7.59290E+01
3.00000E+00	1.34831E+01	7.97739E+01
3.00000E+00	1.37640E+01	8.34042E+01
3.00000E+00	1.40449E+01	8.67019E+01
3.00000E+00	1.43258E+01	8.94893E+01
3.00000E+00	1.46067E+01	9.15525E+01
3.00000E+00	1.48876E+01	9.28299E+01
3.00000E+00	1.51685E+01	9.35361E+01
3.00000E+00	1.54494E+01	9.39551E+01
3.00000E+00	1.57303E+01	9.42658E+01
3.00000E+00	1.60112E+01	9.45496E+01
3.00000E+00	1.62921E+01	9.48333E+01
3.00000E+00	1.65730E+01	9.51160E+01
3.00000E+00	1.68539E+01	9.53849E+01
3.00000E+00	1.71348E+01	9.56211E+01
3.00000E+00	1.74157E+01	9.58000E+01
3.00000E+00	1.76966E+01	9.58999E+01
3.00000E+00	1.79775E+01	9.59079E+01
3.00000E+00	1.82584E+01	9.58222E+01
3.00000E+00	1.85393E+01	9.56466E+01
3.00000E+00	1.88202E+01	9.53847E+01
3.00000E+00	1.91011E+01	9.50383E+01
3.00000E+00	1.93820E+01	9.46043E+01
3.00000E+00	1.96629E+01	9.40816E+01
3.00000E+00	1.99438E+01	9.34859E+01
3.00000E+00	2.02247E+01	9.28467E+01
3.00000E+00	2.05056E+01	9.21862E+01
3.00000E+00	2.07865E+01	9.15091E+01
3.00000E+00	2.10674E+01	9.08153E+01
3.00000E+00	2.13483E+01	9.01106E+01
3.00000E+00	2.16292E+01	8.94057E+01
3.00000E+00	2.19101E+01	8.87063E+01
3.00000E+00	2.21910E+01	8.80125E+01
3.00000E+00	2.24719E+01	8.73260E+01
3.00000E+00	2.27528E+01	8.66503E+01
3.00000E+00	2.30337E+01	8.59847E+01
3.00000E+00	2.33146E+01	8.53272E+01
3.00000E+00	2.35955E+01	8.46759E+01
3.00000E+00	2.38764E+01	8.40235E+01
3.00000E+00	2.41573E+01	8.33636E+01
3.00000E+00	2.44382E+01	8.26983E+01
3.00000E+00	2.47191E+01	8.20340E+01
3.00000E+00	2.50000E+01	8.13772E+01
3.50000E+00	0.00000E+00	9.97984E-01
3.50000E+00	2.80899E-01	9.61806E-01
3.50000E+00	5.61798E-01	8.84694E-01
3.50000E+00	8.42697E-01	7.94017E-01
3.50000E+00	1.12360E+00	7.07537E-01
3.50000E+00	1.40449E+00	6.35347E-01
3.50000E+00	1.68539E+00	5.86632E-01
3.50000E+00	1.96629E+00	5.63106E-01
3.50000E+00	2.24719E+00	5.63853E-01
3.50000E+00	2.52809E+00	5.89393E-01
3.50000E+00	2.80899E+00	6.43097E-01
3.50000E+00	3.08989E+00	7.30513E-01
3.50000E+00	3.37079E+00	8.57889E-01
3.50000E+00	3.65169E+00	1.03283E+00
3.50000E+00	3.93258E+00	1.26680E+00
3.50000E+00	4.21348E+00	1.57447E+00
3.50000E+00	4.49438E+00	1.97143E+00
3.50000E+00	4.77528E+00	2.47185E+00
3.50000E+00	5.05618E+00	3.07881E+00
3.50000E+00	5.33708E+00	3.77021E+00
3.50000E+00	5.61798E+00	4.50145E+00
3.50000E+00	5.89888E+00	5.22942E+00
3.50000E+00	6.17978E+00	5.93397E+00
3.50000E+00	6.46067E+00	6.62314E+00
3.50000E+00	6.74157E+00	7.32783E+00
3.50000E+00	7.02247E+00	8.09610E+00
3.50000E+00	7.30337E+00	8.99055E+00
3.50000E+00	7.58427E+00	1.00775E+01
3.50000E+00	7.86517E+00	1.14090E+01
3.50000E+00	8.14607E+00	1.30187E+01
3.50000E+00	8.42697E+00	1.49264E+01
3.50000E+00	8.70787E+00	1.71401E+01
3.50000E+00	8.98876E+00	1.96489E+01
3.50000E+00	9.26966E+00	2.24112E+01
3.50000E+00	9.55056E+00	2.53688E+01
3.50000E+00	9.83146E+00	2.85078E+01
3.50000E+00	1.01124E+01	3.18854E+01
3.50000E+00	1.03933E+01	3.55634E+01
3.50000E+00	1.06742E+01	3.95475E+01
3.50000E+00	1.09551E+01	4.37837E+01
3.50000E+00	1.12360E+01	4.81773E+01
3.50000E+00	1.15169E+01	5.26152E+01
3.50000E+00	1.17978E+01	5.69993E+01
3.50000E+00	1.20787E+01	6.12899E+01
3.50000E+00	1.23596E+01	6.55060E+01
3.50000E+00	1.26404E+01	6.96738E+01
3.50000E+00	1.29213E+01	7.37918E+01
3.50000E+00	1.32022E+01	7.78248E+01
3.50000E+00	1.34831E+01	8.17096E+01
3.50000E+00	1.37640E+01	8.53569E+01
3.50000E+00	1.40449E+01	8.86448E+01
3.50000E+00	1.43258E+01	9.14103E+01
3.50000E+00	1.46067E+01	9.34912E+01
3.50000E+00	1.48876E+01	9.48569E+01
3.50000E+00	1.51685E+01	9.56739E+01
3.50000E+00	1.54494E+01	9.61769E+01
3.50000E+00	1.57303E+01	9.65377E+01
3.50000E+00	1.60112E+01	9.68473E+01
3.50000E+00	1.62921E+01	9.71419E+01
3.50000E+00	1.65730E+01	9.74273E+01
3.50000E+00	1.68539E+01	9.76939E+01
3.50000E+00	1.71348E+01	9.79243E+01
3.50000E+00	1.74157E+01	9.80965E+01
3.50000E+00	1.76966E+01	9.81908E+01
3.50000E+00	1.79775E+01	9.81949E+01
3.50000E+00	1.82584E+01	9.81055E+01
3.50000E+00	1.85393E+01	9.79247E+01
3.50000E+00	1.88202E+01	9.76553E+01
3.50000E+00	1.91011E+01	9.72988E+01
3.50000E+00	1.93820E+01	9.68542E+01
3.50000E+00	1.96629E+01	9.63244E+01
3.50000E+00	1.99438E+01	9.57243E+01
3.50000E+00	2.02247E+01	9.50780E+01
3.50000E+00	2.05056E+01	9.44052E+01
3.50000E+00	2.07865E+01	9.37134E+01
3.50000E+00	2.10674E+01	9.30056E+01
3.50000E+00	2.13483E+01	9.22879E+01
3.50000E+00	2.16292E+01	9.15686E+01
3.50000E+00	2.19101E+01	9.08534E+01
3.50000E+00	2.21910E+01	9.01439E+01
3.50000E+00	2.24719E+01	8.94421E+01
3.50000E+00	2.27528E+01	8.87501E+01
3.50000E+00	2.30337E+01	8.80677E+01
3.50000E+00	2.33146E+01	8.73931E+01
3.50000E+00	2.35955E+01	8.67235E+01
3.50000E+00	2.38764E+01	8.60534E+01
3.50000E+00	2.41573E+01	8.53781E+01
3.50000E+00	2.44382E+01	8.46992E+01
3.50000E+00	2.47191E+01	8.40218E+01
3.50000E+00	2.50000E+01	8.33522E+01
4.00000E+00	0.00000E+00	9.78777E-01
4.00000E+00	2.80899E-01	9.38213E-01
4.00000E+00	5.61798E-01	8.68487E-01
4.00000E+00	8.42697E-01	7.88277E-01
4.00000E+00	1.12360E+00	7.16591E-01
4.00000E+00	1.40449E+00	6.56730E-01
4.00000E+00	1.68539E+00	6.15596E-01
4.00000E+00	1.96629E+00	5.97457E-01
4.00000E+00	2.24719E+00	6.03914E-01
4.00000E+00	2.52809E+00	6.36847E-01
4.00000E+00	2.80899E+00	7.00043E-01
4.00000E+00	3.08989E+00	7.99100E-01
4.00000E+00	3.37079E+00	9.40768E-01
4.00000E+00	3.65169E+00	1.13351E+00
4.00000E+00	3.93258E+00	1.38876E+00
4.00000E+00	4.21348E+00	1.72022E+00
4.00000E+00	4.49438E+00	2.14165E+00
4.00000E+00	4.77528E+00	2.66322E+00
4.00000E+00	5.05618E+00	3.28350E+00
4.00000E+00	5.33708E+00	3.98103E+00
4.00000E+00	5.61798E+00	4.71852E+00
4.00000E+00	5.89888E+00	5.46081E+00
4.00000E+00	6.17978E+00	6.19179E+00
4.00000E+00	6.46067E+00	6.92012E+00
4.00000E+00	6.74157E+00	7.67622E+00
4.00000E+00	7.02247E+00	8.50742E+00
4.00000E+00	7.30337E+00	9.47314E+00
4.00000E+00	7.58427E+00	1.06347E+01
4.00000E+00	7.86517E+00	1.20421E+01
4.00000E+00	8.14607E+00	1.37296E+01
4.00000E+00	8.42697E+00	1.57166E+01
4.00000E+00	8.70787E+00	1.80092E+01
4.00000E+00	8.98876E+00	2.05945E+01
4.00000E+00	9.26966E+00	2.34372E+01
4.00000E+00	9.55056E+00	2.64958E+01
4.00000E+00	9.83146E+00	2.97627E+01
4.00000E+00	1.01124E+01	3.32775E+01
4.00000E+00	1.03933E+01	3.70822E+01
4.00000E+00	1.06742E+01	4.11767E+01
4.00000E+00	1.09551E+01	4.55103E+01
4.00000E+00	1.12360E+01	4.99956E+01
4.00000E+00	1.15169E+01	5.45309E+01
4.00000E+00	1.17978E+01	5.90303E+01
4.00000E+00	1.20787E+01	6.34535E+01
4.00000E+00	1.23596E+01	6.78043E+01
4.00000E+00	1.26404E+01	7.20956E+01
4.00000E+00	1.29213E+01	7.63198E+01
4.00000E+00	1.32022E+01	8.04393E+01
4.00000E+00	1.34831E+01	8.43891E+01
4.00000E+00	1.37640E+01	8.80770E+01
4.00000E+00	1.40449E+01	9.13818E+01
4.00000E+00	1.43258E+01	9.41582E+01
4.00000E+00	1.46067E+01	9.62821E+01
4.00000E+00	1.48876E+01	9.77411E+01
4.00000E+00	1.51685E+01	9.86698E+01
4.00000E+00	1.54494E+01	9.92650E+01
4.00000E+00	1.57303E+01	9.96871E+01
4.00000E+00	1.60112E+01	1.00032E+02
4.00000E+00	1.62921E+01	1.00345E+02
4.00000E+00	1.65730E+01	1.00638E+02
4.00000E+00	1.68539E+01	1.00905E+02
4.00000E+00	1.71348E+01	1.01131E+02
4.00000E+00	1.74157E+01	1.01298E+02
4.00000E+00	1.76966E+01	1.01387E+02
4.00000E+00	1.79775E+01	1.01386E+02
4.00000E+00	1.82584E+01	1.01291E+02
4.00000E+00	1.85393E+01	1.01102E+02
4.00000E+00	1.88202E+01	1.00823E+02
4.00000E+00	1.91011E+01	1.00453E+02
4.00000E+00	1.93820E+01	9.99956E+01
4.00000E+00	1.96629E+01	9.94543E+01
4.00000E+00	1.99438E+01	9.88438E+01
4.00000E+00	2.02247E+01	9.81848E+01
4.00000E+00	2.05056E+01	9.74949E+01
4.00000E+00	2.07865E+01	9.67836E+01
4.00000E+00	2.10674E+01	9.60560E+01
4.00000E+00	2.13483E+01	9.53186E+01
4.00000E+00	2.16292E+01	9.45788E+01
4.00000E+00	2.19101E+01	9.38418E+01
4.00000E+00	2.21910E+01	9.31104E+01
4.00000E+00	2.24719E+01	9.23865E+01
4.00000E+00	2.27528E+01	9.16719E+01
4.00000E+00	2.30337E+01	9.09663E+01
4.00000E+00	2.33146E+01	9.02682E+01
4.00000E+00	2.35955E+01	8.95746E+01
4.00000E+00	2.38764E+01	8.88809E+01
4.00000E+00	2.41573E+01	8.81841E+01
4.00000E+00	2.44382E+01	8.74851E+01
4.00000E+00	2.47191E+01	8.67886E+01
4.00000E+00	2.50000E+01	8.61001E+01
5.00000E+00	0.00000E+00	9.53759E-01
5.00000E+00	2.80899E-01	9.14720E-01
5.00000E+00	5.61798E-01	8.60479E-01
5.00000E+00	8.42697E-01	7.99953E-01
5.00000E+00	1.12360E+00	7.49214E-01
5.00000E+00	1.40449E+00	7.12906E-01
5.00000E+00	1.68539E+00	6.92385E-01
5.00000E+00	1.96629E+00	6.91734E-01
5.00000E+00	2.24719E+00	7.15515E-01
5.00000E+00	2.52809E+00	7.68359E-01
5.00000E+00	2.80899E+00	8.55589E-01
5.00000E+00	3.08989E+00	9.83622E-01
5.00000E+00	3.37079E+00	1.16009E+00
5.00000E+00	3.65169E+00	1.39413E+00
5.00000E+00	3.93258E+00	1.69643E+00
5.00000E+00	4.21348E+00	2.07822E+00
5.00000E+00	4.49438E+00	2.54896E+00
5.00000E+00	4.77528E+00	3.11277E+00
5.00000E+00	5.05618E+00	3.76376E+00
5.00000E+00	5.33708E+00	4.48384E+00
5.00000E+00	5.61798E+00	5.24740E+00
5.00000E+00	5.89888E+00	6.03230E+00
5.00000E+00	6.17978E+00	6.83060E+00
5.00000E+00	6.46067E+00	7.65349E+00
5.00000E+00	6.74157E+00	8.53065E+00
5.00000E+00	7.02247E+00	9.50634E+00
5.00000E+00	7.30337E+00	1.06335E+01
5.00000E+00	7.58427E+00	1.19657E+01
5.00000E+00	7.86517E+00	1.35482E+01
5.00000E+00	8.14607E+00	1.54139E+01
5.00000E+00	8.42697E+00	1.75813E+01
5.00000E+00	8.70787E+00	2.00546E+01
5.00000E+00	8.98876E+00	2.28229E+01
5.00000E+00	9.26966E+00	2.58630E+01
5.00000E+00	9.55056E+00	2.91528E+01
5.00000E+00	9.83146E+00	3.26885E+01
5.00000E+00	1.01124E+01	3.64861E+01
5.00000E+00	1.03933E+01	4.05596E+01
5.00000E+00	1.06742E+01	4.48968E+01
5.00000E+00	1.09551E+01	4.94507E+01
5.00000E+00	1.12360E+01	5.41479E+01
5.00000E+00	1.15169E+01	5.89055E+01
5.00000E+00	1.17978E+01	6.36530E+01
5.00000E+00	1.20787E+01	6.83475E+01
5.00000E+00	1.23596E+01	7.29718E+01
5.00000E+00	1.26404E+01	7.75159E+01
5.00000E+00	1.29213E+01	8.19577E+01
5.00000E+00	1.32022E+01	8.62532E+01
5.00000E+00	1.34831E+01	9.03338E+01
5.00000E+00	1.37640E+01	9.41082E+01
5.00000E+00	1.40449E+01	9.74674E+01
5.00000E+00	1.43258E+01	1.00302E+02
5.00000E+00	1.46067E+01	1.02537E+02
5.00000E+00	1.48876E+01	1.04178E+02
5.00000E+00	1.51685E+01	1.05320E+02
5.00000E+00	1.54494E+01	1.06106E+02
5.00000E+00	1.57303E+01	1.06670E+02
5.00000E+00	1.60112E+01	1.07107E+02
5.00000E+00	1.62921E+01	1.07473E+02
5.00000E+00	1.65730E+01	1.07791E+02
5.00000E+00	1.68539E+01	1.08065E+02
5.00000E+00	1.71348E+01	1.08287E+02
5.00000E+00	1.74157E+01	1.08443E+02
5.00000E+00	1.76966E+01	1.08519E+02
5.00000E+00	1.79775E+01	1.08505E+02
5.00000E+00	1.82584E+01	1.08395E+02
5.00000E+00	1.85393E+01	1.08189E+02
5.00000E+00	1.88202E+01	1.07887E+02
5.00000E+00	1.91011E+01	1.07491E+02
5.00000E+00	1.93820E+01	1.07006E+02
5.00000E+00	1.96629E+01	1.06440E+02
5.00000E+00	1.99438E+01	1.05804E+02
5.00000E+00	2.02247E+01	1.05116E+02
5.00000E+00	2.05056E+01	1.04390E+02
5.00000E+00	2.07865E+01	1.03639E+02
5.00000E+00	2.10674E+01	1.02869E+02
5.00000E+00	2.13483E+01	1.02088E+02
5.00000E+00	2.16292E+01	1.01303E+02
5.00000E+00	2.19101E+01	1.00518E+02
5.00000E+00	2.21910E+01	9.97386E+01
5.00000E+00	2.24719E+01	9.89656E+01
5.00000E+00	2.27528E+01	9.82006E+01
5.00000E+00	2.30337E+01	9.74436E+01
5.00000E+00	2.33146E+01	9.66933E+01
5.00000E+00	2.35955E+01	9.59472E+01
5.00000E+00	2.38764E+01	9.52025E+01
5.00000E+00	2.41573E+01	9.44576E+01
5.00000E+00	2.44382E+01	9.37136E+01
5.00000E+00	2.47191E+01	9.29738E+01
5.00000E+00	2.50000E+01	9.22430E+01
6.00000E+00	0.00000E+00	9.44583E-01
6.00000E+00	2.80899E-01	9.13342E-01
6.00000E+00	5.61798E-01	8.74955E-01
6.00000E+00	8.42697E-01	8.34955E-01
6.00000E+00	1.12360E+00	8.02815E-01
6.00000E+00	1.40449E+00	7.88027E-01
6.00000E+00	1.68539E+00	7.91694E-01
6.00000E+00	1.96629E+00	8.16073E-01
6.00000E+00	2.24719E+00	8.65497E-01
6.00000E+00	2.52809E+00	9.45646E-01
6.00000E+00	2.80899E+00	1.06307E+00
6.00000E+00	3.08989E+00	1.22509E+00
6.00000E+00	3.37079E+00	1.43983E+00
6.00000E+00	3.65169E+00	1.71620E+00
6.00000E+00	3.93258E+00	2.06352E+00
6.00000E+00	4.21348E+00	2.49038E+00
6.00000E+00	4.49438E+00	3.00272E+00
6.00000E+00	4.77528E+00	3.60134E+00
6.00000E+00	5.05618E+00	4.27991E+00
6.00000E+00	5.33708E+00	5.02510E+00
6.00000E+00	5.61798E+00	5.82078E+00
6.00000E+00	5.89888E+00	6.65507E+00
6.00000E+00	6.17978E+00	7.52713E+00
6.00000E+00	6.46067E+00	8.45083E+00
6.00000E+00	6.74157E+00	9.45461E+00
6.00000E+00	7.02247E+00	1.05784E+01
6.00000E+00	7.30337E+00	1.18683E+01
6.00000E+00	7.58427E+00	1.33706E+01
6.00000E+00	7.86517E+00	1.51252E+01
6.00000E+00	8.14607E+00	1.71617E+01
6.00000E+00	8.42697E+00	1.94973E+01
6.00000E+00	8.70787E+00	2.21368E+01
6.00000E+00	8.98876E+00	2.50733E+01
6.00000E+00	9.26966E+00	2.82927E+01
6.00000E+00	9.55056E+00	3.17815E+01
6.00000E+00	9.83146E+00	3.55346E+01
6.00000E+00	1.01124E+01	3.95533E+01
6.00000E+00	1.03933E+01	4.38343E+01
6.00000E+00	1.06742E+01	4.83562E+01
6.00000E+00	1.09551E+01	5.30747E+01
6.00000E+00	1.12360E+01	5.79274E+01
6.00000E+00	1.15169E+01	6.28456E+01
6.00000E+00	1.17978E+01	6.77680E+01
6.00000E+00	1.20787E+01	7.26492E+01
6.00000E+00	1.23596E+01	7.74582E+01
6.00000E+00	1.26404E+01	8.21683E+01
6.00000E+00	1.29213E+01	8.67451E+01
6.00000E+00	1.32022E+01	9.11384E+01
6.00000E+00	1.34831E+01	9.52801E+01
6.00000E+00	1.37640E+01	9.90869E+01
6.00000E+00	1.40449E+01	1.02469E+02
6.00000E+00	1.43258E+01	1.05346E+02
6.00000E+00	1.46067E+01	1.07673E+02
6.00000E+00	1.48876E+01	1.09463E+02
6.00000E+00	1.51685E+01	1.10785E+02
6.00000E+00	1.54494E+01	1.11747E+02
6.00000E+00	1.57303E+01	1.12455E+02
6.00000E+00	1.60112E+01	1.12995E+02
6.00000E+00	1.62921E+01	1.13427E+02
6.00000E+00	1.65730E+01	1.13780E+02
6.00000E+00	1.68539E+01	1.14067E+02
6.00000E+00	1.71348E+01	1.14288E+02
6.00000E+00	1.74157E+01	1.14434E+02
6.00000E+00	1.76966E+01	1.14496E+02
6.00000E+00	1.79775E+01	1.14467E+02
6.00000E+00	1.82584E+01	1.14342E+02
6.00000E+00	1.85393E+01	1.14118E+02
6.00000E+00	1.88202E+01	1.13798E+02
6.00000E+00	1.91011E+01	1.13383E+02
6.00000E+00	1.93820E+01	1.12879E+02
6.00000E+00	1.96629E+01	1.12294E+02
6.00000E+00	1.99438E+01	1.11640E+02
6.00000E+00	2.02247E+01	1.10932E+02
6.00000E+00	2.05056E+01	1.10182E+02
6.00000E+00	2.07865E+01	1.09402E+02
6.00000E+00	2.10674E+01	1.08601E+02
6.00000E+00	2.13483E+01	1.07788E+02
6.00000E+00	2.16292E+01	1.06967E+02
6.00000E+00	2.19101E+01	1.06146E+02
6.00000E+00	2.21910E+01	1.05327E+02
6.00000E+00	2.24719E+01	1.04514E+02
6.00000E+00	2.27528E+01	1.03707E+02
6.00000E+00	2.30337E+01	1.02908E+02
6.00000E+00	2.33146E+01	1.02114E+02
6.00000E+00	2.35955E+01	1.01324E+02
6.00000E+00	2.38764E+01	1.00538E+02
6.00000E+00	2.41573E+01	9.97534E+01
6.00000E+00	2.44382E+01	9.89724E+01
6.00000E+00	2.47191E+01	9.81973E+01
6.00000E+00	2.50000E+01	9.74321E+01
7.00000E+00	0.00000E+00	9.50745E-01
7.00000E+00	2.80899E-01	9.30586E-01
7.00000E+00	5.61798E-01	9.08808E-01
7.00000E+00	8.42697E-01	8.89497E-01
7.00000E+00	1.12360E+00	8.78730E-01
7.00000E+00	1.40449E+00	8.84809E-01
7.00000E+00	1.68539E+00	9.13212E-01
7.00000E+00	1.96629E+00	9.65569E-01
7.00000E+00	2.24719E+00	1.04522E+00
7.00000E+00	2.52809E+00	1.15721E+00
7.00000E+00	2.80899E+00	1.30793E+00
7.00000E+00	3.08989E+00	1.50471E+00
7.00000E+00	3.37079E+00	1.75548E+00
7.00000E+00	3.65169E+00	2.06840E+00
7.00000E+00	3.93258E+00	2.45128E+00
7.00000E+00	4.21348E+00	2.91062E+00
7.00000E+00	4.49438E+00	3.45025E+00
7.00000E+00	4.77528E+00	4.07008E+00
7.00000E+00	5.05618E+00	4.76543E+00
7.00000E+00	5.33708E+00	5.52818E+00
7.00000E+00	5.61798E+00	6.34993E+00
7.00000E+00	5.89888E+00	7.22665E+00
7.00000E+00	6.17978E+00	8.16289E+00
7.00000E+00	6.46067E+00	9.17419E+00
7.00000E+00	6.74157E+00	1.02869E+01
7.00000E+00	7.02247E+00	1.15356E+01
7.00000E+00	7.30337E+00	1.29597E+01
7.00000E+00	7.58427E+00	1.45977E+01
7.00000E+00	7.86517E+00	1.64834E+01
7.00000E+00	8.14607E+00	1.86425E+01
7.00000E+00	8.42697E+00	2.10905E+01
7.00000E+00	8.70787E+00	2.38329E+01
7.00000E+00	8.98876E+00	2.68664E+01
7.00000E+00	9.26966E+00	3.01822E+01
7.00000E+00	9.55056E+00	3.37705E+01
7.00000E+00	9.83146E+00	3.76235E+01
7.00000E+00	1.01124E+01	4.17335E+01
7.00000E+00	1.03933E+01	4.60868E+01
7.00000E+00	1.06742E+01	5.06570E+01
7.00000E+00	1.09551E+01	5.54025E+01
7.00000E+00	1.12360E+01	6.02697E+01
7.00000E+00	1.15169E+01	6.52003E+01
7.00000E+00	1.17978E+01	7.01398E+01
7.00000E+00	1.20787E+01	7.50416E+01
7.00000E+00	1.23596E+01	7.98669E+01
7.00000E+00	1.26404E+01	8.45787E+01
7.00000E+00	1.29213E+01	8.91349E+01
7.00000E+00	1.32022E+01	9.34831E+01
7.00000E+00	1.34831E+01	9.75600E+01
7.00000E+00	1.37640E+01	1.01294E+02
7.00000E+00	1.40449E+01	1.04616E+02
7.00000E+00	1.43258E+01	1.07469E+02
7.00000E+00	1.46067E+01	1.09825E+02
7.00000E+00	1.48876E+01	1.11699E+02
7.00000E+00	1.51685E+01	1.13143E+02
7.00000E+00	1.54494E+01	1.14236E+02
7.00000E+00	1.57303E+01	1.15063E+02
7.00000E+00	1.60112E+01	1.15697E+02
7.00000E+00	1.62921E+01	1.16192E+02
7.00000E+00	1.65730E+01	1.16582E+02
7.00000E+00	1.68539E+01	1.16885E+02
7.00000E+00	1.71348E+01	1.17106E+02
7.00000E+00	1.74157E+01	1.17244E+02
7.00000E+00	1.76966E+01	1.17295E+02
7.00000E+00	1.79775E+01	1.17253E+02
7.00000E+00	1.82584E+01	1.17115E+02
7.00000E+00	1.85393E+01	1.16881E+02
7.00000E+00	1.88202E+01	1.16552E+02
7.00000E+00	1.91011E+01	1.16131E+02
7.00000E+00	1.93820E+01	1.15623E+02
7.00000E+00	1.96629E+01	1.15038E+02
7.00000E+00	1.99438E+01	1.14385E+02
7.00000E+00	2.02247E+01	1.13677E+02
7.00000E+00	2.05056E+01	1.12925E+02
7.00000E+00	2.07865E+01	1.12141E+02
7.00000E+00	2.10674E+01	1.11334E+02
7.00000E+00	2.13483E+01	1.10512E+02
7.00000E+00	2.16292E+01	1.09681E+02
7.00000E+00	2.19101E+01	1.08847E+02
7.00000E+00	2.21910E+01	1.08014E+02
7.00000E+00	2.24719E+01	1.07184E+02
7.00000E+00	2.27528E+01	1.06359E+02
7.00000E+00	2.30337E+01	1.05540E+02
7.00000E+00	2.33146E+01	1.04726E+02
7.00000E+00	2.35955E+01	1.03916E+02
7.00000E+00	2.38764E+01	1.03111E+02
7.00000E+00	2.41573E+01	1.02309E+02
7.00000E+00	2.44382E+01	1.01513E+02
7.00000E+00	2.47191E+01	1.00724E+02
7.00000E+00	2.50000E+01	9.99454E+01
8.00000E+00	0.00000E+00	9.71595E-01
8.00000E+00	2.80899E-01	9.64312E-01
8.00000E+00	5.61798E-01	9.59516E-01
8.00000E+00	8.42697E-01	9.60548E-01
8.00000E+00	1.12360E+00	9.71898E-01
8.00000E+00	1.40449E+00	9.99448E-01
8.00000E+00	1.68539E+00	1.05072E+00
8.00000E+00	1.96629E+00	1.12924E+00
8.00000E+00	2.24719E+00	1.23767E+00
8.00000E+00	2.52809E+00	1.38001E+00
8.00000E+00	2.80899E+00	1.56148E+00
8.00000E+00	3.08989E+00	1.78836E+00
8.00000E+00	3.37079E+00	2.06753E+00
8.00000E+00	3.65169E+00	2.40596E+00
8.00000E+00	3.93258E+00	2.81008E+00
8.00000E+00	4.21348E+00	3.28504E+00
8.00000E+00	4.49438E+00	3.83389E+00
8.00000E+00	4.77528E+00	4.45704E+00
8.00000E+00	5.05618E+00	5.15241E+00
8.00000E+00	5.33708E+00	5.91660E+00
8.00000E+00	5.61798E+00	6.74719E+00
8.00000E+00	5.89888E+00	7.64568E+00
8.00000E+00	6.17978E+00	8.62003E+00
8.00000E+00	6.46067E+00	9.68603E+00
8.00000E+00	6.74157E+00	1.08670E+01
8.00000E+00	7.02247E+00	1.21921E+01
8.00000E+00	7.30337E+00	1.36932E+01
8.00000E+00	7.58427E+00	1.54016E+01
8.00000E+00	7.86517E+00	1.73446E+01
8.00000E+00	8.14607E+00	1.95435E+01
8.00000E+00	8.42697E+00	2.20115E+01
8.00000E+00	8.70787E+00	2.47542E+01
8.00000E+00	8.98876E+00	2.77702E+01
8.00000E+00	9.26966E+00	3.10536E+01
8.00000E+00	9.55056E+00	3.45958E+01
8.00000E+00	9.83146E+00	3.83868E+01
8.00000E+00	1.01124E+01	4.24137E+01
8.00000E+00	1.03933E+01	4.66578E+01
8.00000E+00	1.06742E+01	5.10911E+01
8.00000E+00	1.09551E+01	5.56755E+01
8.00000E+00	1.12360E+01	6.03648E+01
8.00000E+00	1.15169E+01	6.51093E+01
8.00000E+00	1.17978E+01	6.98603E+01
8.00000E+00	1.20787E+01	7.45725E+01
8.00000E+00	1.23596E+01	7.92044E+01
8.00000E+00	1.26404E+01	8.37150E+01
8.00000E+00	1.29213E+01	8.80600E+01
8.00000E+00	1.32022E+01	9.21894E+01
8.00000E+00	1.34831E+01	9.60480E+01
8.00000E+00	1.37640E+01	9.95783E+01
8.00000E+00	1.40449E+01	1.02728E+02
8.00000E+00	1.43258E+01	1.05457E+02
8.00000E+00	1.46067E+01	1.07750E+02
8.00000E+00	1.48876E+01	1.09620E+02
8.00000E+00	1.51685E+01	1.11107E+02
8.00000E+00	1.54494E+01	1.12268E+02
8.00000E+00	1.57303E+01	1.13167E+02
8.00000E+00	1.60112E+01	1.13864E+02
8.00000E+00	1.62921E+01	1.14404E+02
8.00000E+00	1.65730E+01	1.14822E+02
8.00000E+00	1.68539E+01	1.15136E+02
8.00000E+00	1.71348E+01	1.15358E+02
8.00000E+00	1.74157E+01	1.15490E+02
8.00000E+00	1.76966E+01	1.15532E+02
8.00000E+00	1.79775E+01	1.15483E+02
8.00000E+00	1.82584E+01	1.15342E+02
8.00000E+00	1.85393E+01	1.15109E+02
8.00000E+00	1.88202E+01	1.14785E+02
8.00000E+00	1.91011E+01	1.14375E+02
8.00000E+00	1.93820E+01	1.13885E+02
8.00000E+00	1.96629E+01	1.13321E+02
8.00000E+00	1.99438E+01	1.12694E+02
8.00000E+00	2.02247E+01	1.12013E+02
8.00000E+00	2.05056E+01	1.11290E+02
8.00000E+00	2.07865E+01	1.10534E+02
8.00000E+00	2.10674E+01	1.09753E+02
8.00000E+00	2.13483E+01	1.08955E+02
8.00000E+00	2.16292E+01	1.08147E+02
8.00000E+00	2.19101E+01	1.07334E+02
8.00000E+00	2.21910E+01	1.06519E+02
8.00000E+00	2.24719E+01	1.05706E+02
8.00000E+00	2.27528E+01	1.04896E+02
8.00000E+00	2.30337E+01	1.04090E+02
8.00000E+00	2.33146E+01	1.03289E+02
8.00000E+00	2.35955E+01	1.02493E+02
8.00000E+00	2.38764E+01	1.01701E+02
8.00000E+00	2.41573E+01	1.00914E+02
8.00000E+00	2.44382E+01	1.00133E+02
8.00000E+00	2.47191E+01	9.93604E+01
8.00000E+00	2.50000E+01	9.85981E+01
9.00000E+00	0.00000E+00	1.00432E+00
9.00000E+00	2.80899E-01	1.01016E+00
9.00000E+00	5.61798E-01	1.02147E+00
9.00000E+00	8.42697E-01	1.04110E+00
9.00000E+00	1.12360E+00	1.07263E+00
9.00000E+00	1.40449E+00	1.12054E+00
9.00000E+00	1.68539E+00	1.19082E+00
9.00000E+00	1.96629E+00	1.28988E+00
9.00000E+00	2.24719E+00	1.42045E+00
9.00000E+00	2.52809E+00	1.58568E+00
9.00000E+00	2.80899E+00	1.78953E+00
9.00000E+00	3.08989E+00	2.03670E+00
9.00000E+00	3.37079E+00	2.33253E+00
9.00000E+00	3.65169E+00	2.68250E+00
9.00000E+00	3.93258E+00	3.09178E+00
9.00000E+00	4.21348E+00	3.56464E+00
9.00000E+00	4.49438E+00	4.10406E+00
9.00000E+00	4.77528E+00	4.71154E+00
9.00000E+00	5.05618E+00	5.38749E+00
9.00000E+00	5.33708E+00	6.13217E+00
9.00000E+00	5.61798E+00	6.94726E+00
9.00000E+00	5.89888E+00	7.83763E+00
9.00000E+00	6.17978E+00	8.81275E+00
9.00000E+00	6.46067E+00	9.88741E+00
9.00000E+00	6.74157E+00	1.10814E+01
9.00000E+00	7.02247E+00	1.24181E+01
9.00000E+00	7.30337E+00	1.39225E+01
9.00000E+00	7.58427E+00	1.56190E+01
9.00000E+00	7.86517E+00	1.75287E+01
9.00000E+00	8.14607E+00	1.96681E+01
9.00000E+00	8.42697E+00	2.20479E+01
9.00000E+00	8.70787E+00	2.46728E+01
9.00000E+00	8.98876E+00	2.75423E+01
9.00000E+00	9.26966E+00	3.06513E+01
9.00000E+00	9.55056E+00	3.39919E+01
9.00000E+00	9.83146E+00	3.75527E+01
9.00000E+00	1.01124E+01	4.13188E+01
9.00000E+00	1.03933E+01	4.52702E+01
9.00000E+00	1.06742E+01	4.93798E+01
9.00000E+00	1.09551E+01	5.36139E+01
9.00000E+00	1.12360E+01	5.79333E+01
9.00000E+00	1.15169E+01	6.22956E+01
9.00000E+00	1.17978E+01	6.66583E+01
9.00000E+00	1.20787E+01	7.09800E+01
9.00000E+00	1.23596E+01	7.52208E+01
9.00000E+00	1.26404E+01	7.93406E+01
9.00000E+00	1.29213E+01	8.32978E+01
9.00000E+00	1.32022E+01	8.70483E+01
9.00000E+00	1.34831E+01	9.05465E+01
9.00000E+00	1.37640E+01	9.37481E+01
9.00000E+00	1.40449E+01	9.66149E+01
9.00000E+00	1.43258E+01	9.91205E+01
9.00000E+00	1.46067E+01	1.01256E+02
9.00000E+00	1.48876E+01	1.03031E+02
9.00000E+00	1.51685E+01	1.04476E+02
9.00000E+00	1.54494E+01	1.05631E+02
9.00000E+00	1.57303E+01	1.06545E+02
9.00000E+00	1.60112E+01	1.07261E+02
9.00000E+00	1.62921E+01	1.07818E+02
9.00000E+00	1.65730E+01	1.08245E+02
9.00000E+00	1.68539E+01	1.08562E+02
9.00000E+00	1.71348E+01	1.08781E+02
9.00000E+00	1.74157E+01	1.08908E+02
9.00000E+00	1.76966E+01	1.08947E+02
9.00000E+00	1.79775E+01	1.08898E+02
9.00000E+00	1.82584E+01	1.08763E+02
9.00000E+00	1.85393E+01	1.08543E+02
9.00000E+00	1.88202E+01	1.08241E+02
9.00000E+00	1.91011E+01	1.07860E+02
9.00000E+00	1.93820E+01	1.07407E+02
9.00000E+00	1.96629E+01	1.06888E+02
9.00000E+00	1.99438E+01	1.06311E+02
9.00000E+00	2.02247E+01	1.05685E+02
9.00000E+00	2.05056E+01	1.05019E+02
9.00000E+00	2.07865E+01	1.04321E+02
9.00000E+00	2.10674E+01	1.03599E+02
9.00000E+00	2.13483E+01	1.02859E+02
9.00000E+00	2.16292E+01	1.02107E+02
9.00000E+00	2.19101E+01	1.01349E+02
9.00000E+00	2.21910E+01	1.00587E+02
9.00000E+00	2.24719E+01	9.98255E+01
9.00000E+00	2.27528E+01	9.90653E+01
9.00000E+00	2.30337E+01	9.83081E+01
9.00000E+00	2.33146E+01	9.75546E+01
9.00000E+00	2.35955E+01	9.68052E+01
9.00000E+00	2.38764E+01	9.60605E+01
9.00000E+00	2.41573E+01	9.53212E+01
9.00000E+00	2.44382E+01	9.45884E+01
9.00000E+00	2.47191E+01	9.38636E+01
9.00000E+00	2.50000E+01	9.31486E+01
1.00000E+01	0.00000E+00	1.04387E+00
1.00000E+01	2.80899E-01	1.06154E+00
1.00000E+01	5.61798E-01	1.08663E+00
1.00000E+01	8.42697E-01	1.12160E+00
1.00000E+01	1.12360E+00	1.16937E+00
1.00000E+01	1.40449E+00	1.23349E+00
1.00000E+01	1.68539E+00	1.31841E+00
1.00000E+01	1.96629E+00	1.43025E+00
1.00000E+01	2.24719E+00	1.57372E+00
1.00000E+01	2.52809E+00	1.75126E+00
1.00000E+01	2.80899E+00	1.96587E+00
1.00000E+01	3.08989E+00	2.22090E+00
1.00000E+01	3.37079E+00	2.52013E+00
1.00000E+01	3.65169E+00	2.86757E+00
1.00000E+01	3.93258E+00	3.26719E+00
1.00000E+01	4.21348E+00	3.72258E+00
1.00000E+01	4.49438E+00	4.23677E+00
1.00000E+01	4.77528E+00	4.81221E+00
1.00000E+01	5.05618E+00	5.45108E+00
1.00000E+01	5.33708E+00	6.15601E+00
1.00000E+01	5.61798E+00	6.93102E+00
1.00000E+01	5.89888E+00	7.78248E+00
1.00000E+01	6.17978E+00	8.71992E+00
1.00000E+01	6.46067E+00	9.75629E+00
1.00000E+01	6.74157E+00	1.09076E+01
1.00000E+01	7.02247E+00	1.21920E+01
1.00000E+01	7.30337E+00	1.36284E+01
1.00000E+01	7.58427E+00	1.52349E+01
1.00000E+01	7.86517E+00	1.70271E+01
1.00000E+01	8.14607E+00	1.90172E+01
1.00000E+01	8.42697E+00	2.12133E+01
1.00000E+01	8.70787E+00	2.36187E+01
1.00000E+01	8.98876E+00	2.62327E+01
1.00000E+01	9.26966E+00	2.90507E+01
1.00000E+01	9.55056E+00	3.20649E+01
1.00000E+01	9.83146E+00	3.52640E+01
1.00000E+01	1.01124E+01	3.86332E+01
1.00000E+01	1.03933E+01	4.21531E+01
1.00000E+01	1.06742E+01	4.57998E+01
1.00000E+01	1.09551E+01	4.95441E+01
1.00000E+01	1.12360E+01	5.33535E+01
1.00000E+01	1.15169E+01	5.71926E+01
1.00000E+01	1.17978E+01	6.10257E+01
1.00000E+01	1.20787E+01	6.48167E+01
1.00000E+01	1.23596E+01	6.85300E+01
1.00000E+01	1.26404E+01	7.21302E+01
1.00000E+01	1.29213E+01	7.55812E+01
1.00000E+01	1.32022E+01	7.88465E+01
1.00000E+01	1.34831E+01	8.18903E+01
1.00000E+01	1.37640E+01	8.46796E+01
1.00000E+01	1.40449E+01	8.71874E+01
1.00000E+01	1.43258E+01	8.93961E+01
1.00000E+01	1.46067E+01	9.13005E+01
1.00000E+01	1.48876E+01	9.29086E+01
1.00000E+01	1.51685E+01	9.42410E+01
1.00000E+01	1.54494E+01	9.53268E+01
1.00000E+01	1.57303E+01	9.61997E+01
1.00000E+01	1.60112E+01	9.68929E+01
1.00000E+01	1.62921E+01	9.74358E+01
1.00000E+01	1.65730E+01	9.78522E+01
1.00000E+01	1.68539E+01	9.81599E+01
1.00000E+01	1.71348E+01	9.83710E+01
1.00000E+01	1.74157E+01	9.84933E+01
1.00000E+01	1.76966E+01	9.85317E+01
1.00000E+01	1.79775E+01	9.84894E+01
1.00000E+01	1.82584E+01	9.83688E+01
1.00000E+01	1.85393E+01	9.81726E+01
1.00000E+01	1.88202E+01	9.79041E+01
1.00000E+01	1.91011E+01	9.75671E+01
1.00000E+01	1.93820E+01	9.71668E+01
1.00000E+01	1.96629E+01	9.67091E+01
1.00000E+01	1.99438E+01	9.62006E+01
1.00000E+01	2.02247E+01	9.56486E+01
1.00000E+01	2.05056E+01	9.50603E+01
1.00000E+01	2.07865E+01	9.44427E+01
1.00000E+01	2.10674E+01	9.38022E+01
1.00000E+01	2.13483E+01	9.31446E+01
1.00000E+01	2.16292E+01	9.24750E+01
1.00000E+01	2.19101E+01	9.17976E+01
1.00000E+01	2.21910E+01	9.11159E+01
1.00000E+01	2.24719E+01	9.04324E+01
1.00000E+01	2.27528E+01	8.97492E+01
1.00000E+01	2.30337E+01	8.90677E+01
1.00000E+01	2.33146E+01	8.83890E+01
1.00000E+01	2.35955E+01	8.77137E+01
1.00000E+01	2.38764E+01	8.70427E+01
1.00000E+01	2.41573E+01	8.63769E+01
1.00000E+01	2.44382E+01	8.57171E+01
1.00000E+01	2.47191E+01	8.50646E+01
1.00000E+01	2.50000E+01	8.44209E+01
