1.00000E-04	0.00000E+00	0.00000E+00
1.00000E-04	2.80899E-01	0.00000E+00
1.00000E-04	5.61798E-01	0.00000E+00
1.00000E-04	8.42697E-01	1.28026E-04
1.00000E-04	1.12360E+00	1.24285E+00
1.00000E-04	1.40449E+00	3.53900E+00
1.00000E-04	1.68539E+00	5.06924E+00
1.00000E-04	1.96629E+00	6.20732E+00
1.00000E-04	2.24719E+00	7.41208E+00
1.00000E-04	2.52809E+00	8.85921E+00
1.00000E-04	2.80899E+00	1.01189E+01
1.00000E-04	3.08989E+00	1.34872E+01
1.00000E-04	3.37079E+00	1.93418E+01
1.00000E-04	3.65169E+00	2.59419E+01
1.00000E-04	3.93258E+00	3.24801E+01
1.00000E-04	4.21348E+00	4.48614E+01
1.00000E-04	4.49438E+00	6.61449E+01
1.00000E-04	4.77528E+00	1.21387E+02
1.00000E-04	5.05618E+00	1.91786E+02
1.00000E-04	5.33708E+00	2.77333E+02
1.00000E-04	5.61798E+00	3.69072E+02
1.00000E-04	5.89888E+00	4.43066E+02
1.00000E-04	6.17978E+00	5.56508E+02
1.00000E-04	6.46067E+00	6.66254E+02
1.00000E-04	6.74157E+00	8.75272E+02
1.00000E-04	7.02247E+00	1.13847E+03
1.00000E-04	7.30337E+00	1.52702E+03
1.00000E-04	7.58427E+00	1.86962E+03
1.00000E-04	7.86517E+00	2.27867E+03
1.00000E-04	8.14607E+00	2.77276E+03
1.00000E-04	8.42697E+00	3.25039E+03
1.00000E-04	8.70787E+00	3.93859E+03
1.00000E-04	8.98876E+00	4.57354E+03
1.00000E-04	9.26966E+00	5.22453E+03
1.00000E-04	9.55056E+00	5.61184E+03
1.00000E-04	9.83146E+00	6.14406E+03
1.00000E-04	1.01124E+01	6.57567E+03
1.00000E-04	1.03933E+01	7.13655E+03
1.00000E-04	1.06742E+01	7.98538E+03
1.00000E-04	1.09551E+01	8.70121E+03
1.00000E-04	1.12360E+01	1.00385E+04
1.00000E-04	1.15169E+01	1.09688E+04
1.00000E-04	1.17978E+01	1.25207E+04
1.00000E-04	1.20787E+01	1.35938E+04
1.00000E-04	1.23596E+01	1.51850E+04
1.00000E-04	1.26404E+01	1.66519E+04
1.00000E-04	1.29213E+01	1.80753E+04
1.00000E-04	1.32022E+01	1.94910E+04
1.00000E-04	1.34831E+01	2.07117E+04
1.00000E-04	1.37640E+01	2.21000E+04
1.00000E-04	1.40449E+01	2.32978E+04
1.00000E-04	1.43258E+01	2.47037E+04
1.00000E-04	1.46067E+01	2.58842E+04
1.00000E-04	1.48876E+01	2.71283E+04
1.00000E-04	1.51685E+01	2.81609E+04
1.00000E-04	1.54494E+01	2.90692E+04
1.00000E-04	1.57303E+01	2.98709E+04
1.00000E-04	1.60112E+01	3.05256E+04
1.00000E-04	1.62921E+01	3.12093E+04
1.00000E-04	1.65730E+01	3.17176E+04
1.00000E-04	1.68539E+01	3.22877E+04
1.00000E-04	1.71348E+01	3.27416E+04
1.00000E-04	1.74157E+01	3.31998E+04
1.00000E-04	1.76966E+01	3.36598E+04
1.00000E-04	1.79775E+01	3.40088E+04
1.00000E-04	1.82584E+01	3.43856E+04
1.00000E-04	1.85393E+01	3.46224E+04
1.00000E-04	1.88202E+01	3.49451E+04
1.00000E-04	1.91011E+01	3.50830E+04
1.00000E-04	1.93820E+01	3.52928E+04
1.00000E-04	1.96629E+01	3.54413E+04
1.00000E-04	1.99438E+01	3.54868E+04
1.00000E-04	2.02247E+01	3.54982E+04
1.00000E-04	2.05056E+01	3.54294E+04
1.00000E-04	2.07865E+01	3.54031E+04
1.00000E-04	2.10674E+01	3.52878E+04
1.00000E-04	2.13483E+01	3.52263E+04
1.00000E-04	2.16292E+01	3.51626E+04
1.00000E-04	2.19101E+01	3.50910E+04
1.00000E-04	2.21910E+01	3.49783E+04
1.00000E-04	2.24719E+01	3.48581E+04
1.00000E-04	2.27528E+01	3.47401E+04
1.00000E-04	2.30337E+01	3.44407E+04
1.00000E-04	2.33146E+01	3.42187E+04
1.00000E-04	2.35955E+01	3.40857E+04
1.00000E-04	2.38764E+01	3.39243E+04
1.00000E-04	2.41573E+01	3.35897E+04
1.00000E-04	2.44382E+01	3.34655E+04
1.00000E-04	2.47191E+01	3.33486E+04
1.00000E-04	2.50000E+01	3.31163E+04
5.00000E-04	0.00000E+00	0.00000E+00
5.00000E-04	2.80899E-01	0.00000E+00
5.00000E-04	5.61798E-01	0.00000E+00
5.00000E-04	8.42697E-01	1.28470E-04
5.00000E-04	1.12360E+00	1.24295E+00
5.00000E-04	1.40449E+00	3.53879E+00
5.00000E-04	1.68539E+00	5.06909E+00
5.00000E-04	1.96629E+00	6.20712E+00
5.00000E-04	2.24719E+00	7.41221E+00
5.00000E-04	2.52809E+00	8.85938E+00
5.00000E-04	2.80899E+00	1.01183E+01
5.00000E-04	3.08989E+00	1.34874E+01
5.00000E-04	3.37079E+00	1.93442E+01
5.00000E-04	3.65169E+00	2.59414E+01
5.00000E-04	3.93258E+00	3.24762E+01
5.00000E-04	4.21348E+00	4.48634E+01
5.00000E-04	4.49438E+00	6.61486E+01
5.00000E-04	4.77528E+00	1.21373E+02
5.00000E-04	5.05618E+00	1.91772E+02
5.00000E-04	5.33708E+00	2.77355E+02
5.00000E-04	5.61798E+00	3.69059E+02
5.00000E-04	5.89888E+00	4.43076E+02
5.00000E-04	6.17978E+00	5.56466E+02
5.00000E-04	6.46067E+00	6.66150E+02
5.00000E-04	6.74157E+00	8.75263E+02
5.00000E-04	7.02247E+00	1.13839E+03
5.00000E-04	7.30337E+00	1.52702E+03
5.00000E-04	7.58427E+00	1.86962E+03
5.00000E-04	7.86517E+00	2.27843E+03
5.00000E-04	8.14607E+00	2.77280E+03
5.00000E-04	8.42697E+00	3.25030E+03
5.00000E-04	8.70787E+00	3.93860E+03
5.00000E-04	8.98876E+00	4.57383E+03
5.00000E-04	9.26966E+00	5.22455E+03
5.00000E-04	9.55056E+00	5.61193E+03
5.00000E-04	9.83146E+00	6.14419E+03
5.00000E-04	1.01124E+01	6.57548E+03
5.00000E-04	1.03933E+01	7.13655E+03
5.00000E-04	1.06742E+01	7.98535E+03
5.00000E-04	1.09551E+01	8.70122E+03
5.00000E-04	1.12360E+01	1.00386E+04
5.00000E-04	1.15169E+01	1.09701E+04
5.00000E-04	1.17978E+01	1.25207E+04
5.00000E-04	1.20787E+01	1.35933E+04
5.00000E-04	1.23596E+01	1.51850E+04
5.00000E-04	1.26404E+01	1.66518E+04
5.00000E-04	1.29213E+01	1.80757E+04
5.00000E-04	1.32022E+01	1.94909E+04
5.00000E-04	1.34831E+01	2.07103E+04
5.00000E-04	1.37640E+01	2.21000E+04
5.00000E-04	1.40449E+01	2.32977E+04
5.00000E-04	1.43258E+01	2.47038E+04
5.00000E-04	1.46067E+01	2.58842E+04
5.00000E-04	1.48876E+01	2.71286E+04
5.00000E-04	1.51685E+01	2.81610E+04
5.00000E-04	1.54494E+01	2.90692E+04
5.00000E-04	1.57303E+01	2.98694E+04
5.00000E-04	1.60112E+01	3.05256E+04
5.00000E-04	1.62921E+01	3.12093E+04
5.00000E-04	1.65730E+01	3.17166E+04
5.00000E-04	1.68539E+01	3.22877E+04
5.00000E-04	1.71348E+01	3.27416E+04
5.00000E-04	1.74157E+01	3.31998E+04
5.00000E-04	1.76966E+01	3.36598E+04
5.00000E-04	1.79775E+01	3.40088E+04
5.00000E-04	1.82584E+01	3.43856E+04
5.00000E-04	1.85393E+01	3.46224E+04
5.00000E-04	1.88202E+01	3.49451E+04
5.00000E-04	1.91011E+01	3.50830E+04
5.00000E-04	1.93820E+01	3.52940E+04
5.00000E-04	1.96629E+01	3.54413E+04
5.00000E-04	1.99438E+01	3.54868E+04
5.00000E-04	2.02247E+01	3.54979E+04
5.00000E-04	2.05056E+01	3.54293E+04
5.00000E-04	2.07865E+01	3.54031E+04
5.00000E-04	2.10674E+01	3.52878E+04
5.00000E-04	2.13483E+01	3.52262E+04
5.00000E-04	2.16292E+01	3.51626E+04
5.00000E-04	2.19101E+01	3.50910E+04
5.00000E-04	2.21910E+01	3.49784E+04
5.00000E-04	2.24719E+01	3.48581E+04
5.00000E-04	2.27528E+01	3.47397E+04
5.00000E-04	2.30337E+01	3.44408E+04
5.00000E-04	2.33146E+01	3.42187E+04
5.00000E-04	2.35955E+01	3.40857E+04
5.00000E-04	2.38764E+01	3.39243E+04
5.00000E-04	2.41573E+01	3.35897E+04
5.00000E-04	2.44382E+01	3.34655E+04
5.00000E-04	2.47191E+01	3.33486E+04
5.00000E-04	2.50000E+01	3.31163E+04
1.00000E-03	0.00000E+00	0.00000E+00
1.00000E-03	2.80899E-01	0.00000E+00
1.00000E-03	5.61798E-01	0.00000E+00
1.00000E-03	8.42697E-01	1.28766E-04
1.00000E-03	1.12360E+00	1.24294E+00
1.00000E-03	1.40449E+00	3.53879E+00
1.00000E-03	1.68539E+00	5.06906E+00
1.00000E-03	1.96629E+00	6.20710E+00
1.00000E-03	2.24719E+00	7.41221E+00
1.00000E-03	2.52809E+00	8.85938E+00
1.00000E-03	2.80899E+00	1.01182E+01
1.00000E-03	3.08989E+00	1.34874E+01
1.00000E-03	3.37079E+00	1.93446E+01
1.00000E-03	3.65169E+00	2.59414E+01
1.00000E-03	3.93258E+00	3.24758E+01
1.00000E-03	4.21348E+00	4.48645E+01
1.00000E-03	4.49438E+00	6.61502E+01
1.00000E-03	4.77528E+00	1.21373E+02
1.00000E-03	5.05618E+00	1.91760E+02
1.00000E-03	5.33708E+00	2.77364E+02
1.00000E-03	5.61798E+00	3.69041E+02
1.00000E-03	5.89888E+00	4.43078E+02
1.00000E-03	6.17978E+00	5.56432E+02
1.00000E-03	6.46067E+00	6.66100E+02
1.00000E-03	6.74157E+00	8.75230E+02
1.00000E-03	7.02247E+00	1.13831E+03
1.00000E-03	7.30337E+00	1.52703E+03
1.00000E-03	7.58427E+00	1.86962E+03
1.00000E-03	7.86517E+00	2.27838E+03
1.00000E-03	8.14607E+00	2.77296E+03
1.00000E-03	8.42697E+00	3.25026E+03
1.00000E-03	8.70787E+00	3.93871E+03
1.00000E-03	8.98876E+00	4.57387E+03
1.00000E-03	9.26966E+00	5.22465E+03
1.00000E-03	9.55056E+00	5.61203E+03
1.00000E-03	9.83146E+00	6.14432E+03
1.00000E-03	1.01124E+01	6.57548E+03
1.00000E-03	1.03933E+01	7.13655E+03
1.00000E-03	1.06742E+01	7.98535E+03
1.00000E-03	1.09551E+01	8.70137E+03
1.00000E-03	1.12360E+01	1.00389E+04
1.00000E-03	1.15169E+01	1.09709E+04
1.00000E-03	1.17978E+01	1.25209E+04
1.00000E-03	1.20787E+01	1.35924E+04
1.00000E-03	1.23596E+01	1.51854E+04
1.00000E-03	1.26404E+01	1.66515E+04
1.00000E-03	1.29213E+01	1.80764E+04
1.00000E-03	1.32022E+01	1.94907E+04
1.00000E-03	1.34831E+01	2.07095E+04
1.00000E-03	1.37640E+01	2.20996E+04
1.00000E-03	1.40449E+01	2.32974E+04
1.00000E-03	1.43258E+01	2.47038E+04
1.00000E-03	1.46067E+01	2.58844E+04
1.00000E-03	1.48876E+01	2.71286E+04
1.00000E-03	1.51685E+01	2.81614E+04
1.00000E-03	1.54494E+01	2.90693E+04
1.00000E-03	1.57303E+01	2.98691E+04
1.00000E-03	1.60112E+01	3.05256E+04
1.00000E-03	1.62921E+01	3.12090E+04
1.00000E-03	1.65730E+01	3.17163E+04
1.00000E-03	1.68539E+01	3.22876E+04
1.00000E-03	1.71348E+01	3.27416E+04
1.00000E-03	1.74157E+01	3.31999E+04
1.00000E-03	1.76966E+01	3.36598E+04
1.00000E-03	1.79775E+01	3.40091E+04
1.00000E-03	1.82584E+01	3.43857E+04
1.00000E-03	1.85393E+01	3.46227E+04
1.00000E-03	1.88202E+01	3.49452E+04
1.00000E-03	1.91011E+01	3.50831E+04
1.00000E-03	1.93820E+01	3.52947E+04
1.00000E-03	1.96629E+01	3.54412E+04
1.00000E-03	1.99438E+01	3.54868E+04
1.00000E-03	2.02247E+01	3.54978E+04
1.00000E-03	2.05056E+01	3.54288E+04
1.00000E-03	2.07865E+01	3.54031E+04
1.00000E-03	2.10674E+01	3.52878E+04
1.00000E-03	2.13483E+01	3.52262E+04
1.00000E-03	2.16292E+01	3.51623E+04
1.00000E-03	2.19101E+01	3.50910E+04
1.00000E-03	2.21910E+01	3.49787E+04
1.00000E-03	2.24719E+01	3.48581E+04
1.00000E-03	2.27528E+01	3.47394E+04
1.00000E-03	2.30337E+01	3.44409E+04
1.00000E-03	2.33146E+01	3.42185E+04
1.00000E-03	2.35955E+01	3.40857E+04
1.00000E-03	2.38764E+01	3.39243E+04
1.00000E-03	2.41573E+01	3.35895E+04
1.00000E-03	2.44382E+01	3.34655E+04
1.00000E-03	2.47191E+01	3.33487E+04
1.00000E-03	2.50000E+01	3.31163E+04
5.00000E-03	0.00000E+00	0.00000E+00
5.00000E-03	2.80899E-01	0.00000E+00
5.00000E-03	5.61798E-01	1.18473E-225
5.00000E-03	8.42697E-01	1.28915E-04
5.00000E-03	1.12360E+00	1.24291E+00
5.00000E-03	1.40449E+00	3.53878E+00
5.00000E-03	1.68539E+00	5.06906E+00
5.00000E-03	1.96629E+00	6.20710E+00
5.00000E-03	2.24719E+00	7.41208E+00
5.00000E-03	2.52809E+00	8.85937E+00
5.00000E-03	2.80899E+00	1.01184E+01
5.00000E-03	3.08989E+00	1.34878E+01
5.00000E-03	3.37079E+00	1.93445E+01
5.00000E-03	3.65169E+00	2.59412E+01
5.00000E-03	3.93258E+00	3.24757E+01
5.00000E-03	4.21348E+00	4.48643E+01
5.00000E-03	4.49438E+00	6.61517E+01
5.00000E-03	4.77528E+00	1.21373E+02
5.00000E-03	5.05618E+00	1.91758E+02
5.00000E-03	5.33708E+00	2.77364E+02
5.00000E-03	5.61798E+00	3.69036E+02
5.00000E-03	5.89888E+00	4.43078E+02
5.00000E-03	6.17978E+00	5.56420E+02
5.00000E-03	6.46067E+00	6.66084E+02
5.00000E-03	6.74157E+00	8.75211E+02
5.00000E-03	7.02247E+00	1.13829E+03
5.00000E-03	7.30337E+00	1.52704E+03
5.00000E-03	7.58427E+00	1.86962E+03
5.00000E-03	7.86517E+00	2.27836E+03
5.00000E-03	8.14607E+00	2.77312E+03
5.00000E-03	8.42697E+00	3.25027E+03
5.00000E-03	8.70787E+00	3.93887E+03
5.00000E-03	8.98876E+00	4.57390E+03
5.00000E-03	9.26966E+00	5.22472E+03
5.00000E-03	9.55056E+00	5.61205E+03
5.00000E-03	9.83146E+00	6.14436E+03
5.00000E-03	1.01124E+01	6.57548E+03
5.00000E-03	1.03933E+01	7.13652E+03
5.00000E-03	1.06742E+01	7.98539E+03
5.00000E-03	1.09551E+01	8.70201E+03
5.00000E-03	1.12360E+01	1.00393E+04
5.00000E-03	1.15169E+01	1.09715E+04
5.00000E-03	1.17978E+01	1.25214E+04
5.00000E-03	1.20787E+01	1.35913E+04
5.00000E-03	1.23596E+01	1.51861E+04
5.00000E-03	1.26404E+01	1.66505E+04
5.00000E-03	1.29213E+01	1.80772E+04
5.00000E-03	1.32022E+01	1.94902E+04
5.00000E-03	1.34831E+01	2.07090E+04
5.00000E-03	1.37640E+01	2.20991E+04
5.00000E-03	1.40449E+01	2.32963E+04
5.00000E-03	1.43258E+01	2.47037E+04
5.00000E-03	1.46067E+01	2.58876E+04
5.00000E-03	1.48876E+01	2.71286E+04
5.00000E-03	1.51685E+01	2.81627E+04
5.00000E-03	1.54494E+01	2.90692E+04
5.00000E-03	1.57303E+01	2.98689E+04
5.00000E-03	1.60112E+01	3.05241E+04
5.00000E-03	1.62921E+01	3.12081E+04
5.00000E-03	1.65730E+01	3.17161E+04
5.00000E-03	1.68539E+01	3.22875E+04
5.00000E-03	1.71348E+01	3.27420E+04
5.00000E-03	1.74157E+01	3.32002E+04
5.00000E-03	1.76966E+01	3.36596E+04
5.00000E-03	1.79775E+01	3.40101E+04
5.00000E-03	1.82584E+01	3.43874E+04
5.00000E-03	1.85393E+01	3.46230E+04
5.00000E-03	1.88202E+01	3.49454E+04
5.00000E-03	1.91011E+01	3.50831E+04
5.00000E-03	1.93820E+01	3.52954E+04
5.00000E-03	1.96629E+01	3.54399E+04
5.00000E-03	1.99438E+01	3.54870E+04
5.00000E-03	2.02247E+01	3.54978E+04
5.00000E-03	2.05056E+01	3.54278E+04
5.00000E-03	2.07865E+01	3.54030E+04
5.00000E-03	2.10674E+01	3.52885E+04
5.00000E-03	2.13483E+01	3.52262E+04
5.00000E-03	2.16292E+01	3.51615E+04
5.00000E-03	2.19101E+01	3.50917E+04
5.00000E-03	2.21910E+01	3.49796E+04
5.00000E-03	2.24719E+01	3.48586E+04
5.00000E-03	2.27528E+01	3.47391E+04
5.00000E-03	2.30337E+01	3.44412E+04
5.00000E-03	2.33146E+01	3.42176E+04
5.00000E-03	2.35955E+01	3.40861E+04
5.00000E-03	2.38764E+01	3.39245E+04
5.00000E-03	2.41573E+01	3.35889E+04
5.00000E-03	2.44382E+01	3.34652E+04
5.00000E-03	2.47191E+01	3.33492E+04
5.00000E-03	2.50000E+01	3.31163E+04
1.00000E-02	0.00000E+00	0.00000E+00
1.00000E-02	2.80899E-01	2.39258E-258
1.00000E-02	5.61798E-01	4.11813E-117
1.00000E-02	8.42697E-01	1.29195E-04
1.00000E-02	1.12360E+00	1.24279E+00
1.00000E-02	1.40449E+00	3.53874E+00
1.00000E-02	1.68539E+00	5.06905E+00
1.00000E-02	1.96629E+00	6.20709E+00
1.00000E-02	2.24719E+00	7.41166E+00
1.00000E-02	2.52809E+00	8.85932E+00
1.00000E-02	2.80899E+00	1.01189E+01
1.00000E-02	3.08989E+00	1.34889E+01
1.00000E-02	3.37079E+00	1.93443E+01
1.00000E-02	3.65169E+00	2.59406E+01
1.00000E-02	3.93258E+00	3.24759E+01
1.00000E-02	4.21348E+00	4.48637E+01
1.00000E-02	4.49438E+00	6.61562E+01
1.00000E-02	4.77528E+00	1.21373E+02
1.00000E-02	5.05618E+00	1.91758E+02
1.00000E-02	5.33708E+00	2.77360E+02
1.00000E-02	5.61798E+00	3.69036E+02
1.00000E-02	5.89888E+00	4.43078E+02
1.00000E-02	6.17978E+00	5.56420E+02
1.00000E-02	6.46067E+00	6.66086E+02
1.00000E-02	6.74157E+00	8.75211E+02
1.00000E-02	7.02247E+00	1.13829E+03
1.00000E-02	7.30337E+00	1.52703E+03
1.00000E-02	7.58427E+00	1.86962E+03
1.00000E-02	7.86517E+00	2.27836E+03
1.00000E-02	8.14607E+00	2.77312E+03
1.00000E-02	8.42697E+00	3.25030E+03
1.00000E-02	8.70787E+00	3.93887E+03
1.00000E-02	8.98876E+00	4.57390E+03
1.00000E-02	9.26966E+00	5.22472E+03
1.00000E-02	9.55056E+00	5.61205E+03
1.00000E-02	9.83146E+00	6.14435E+03
1.00000E-02	1.01124E+01	6.57548E+03
1.00000E-02	1.03933E+01	7.13649E+03
1.00000E-02	1.06742E+01	7.98539E+03
1.00000E-02	1.09551E+01	8.70206E+03
1.00000E-02	1.12360E+01	1.00393E+04
1.00000E-02	1.15169E+01	1.09715E+04
1.00000E-02	1.17978E+01	1.25214E+04
1.00000E-02	1.20787E+01	1.35913E+04
1.00000E-02	1.23596E+01	1.51861E+04
1.00000E-02	1.26404E+01	1.66505E+04
1.00000E-02	1.29213E+01	1.80773E+04
1.00000E-02	1.32022E+01	1.94902E+04
1.00000E-02	1.34831E+01	2.07090E+04
1.00000E-02	1.37640E+01	2.20991E+04
1.00000E-02	1.40449E+01	2.32962E+04
1.00000E-02	1.43258E+01	2.47037E+04
1.00000E-02	1.46067E+01	2.58878E+04
1.00000E-02	1.48876E+01	2.71285E+04
1.00000E-02	1.51685E+01	2.81627E+04
1.00000E-02	1.54494E+01	2.90692E+04
1.00000E-02	1.57303E+01	2.98689E+04
1.00000E-02	1.60112E+01	3.05239E+04
1.00000E-02	1.62921E+01	3.12081E+04
1.00000E-02	1.65730E+01	3.17161E+04
1.00000E-02	1.68539E+01	3.22875E+04
1.00000E-02	1.71348E+01	3.27421E+04
1.00000E-02	1.74157E+01	3.32003E+04
1.00000E-02	1.76966E+01	3.36596E+04
1.00000E-02	1.79775E+01	3.40101E+04
1.00000E-02	1.82584E+01	3.43876E+04
1.00000E-02	1.85393E+01	3.46230E+04
1.00000E-02	1.88202E+01	3.49454E+04
1.00000E-02	1.91011E+01	3.50831E+04
1.00000E-02	1.93820E+01	3.52955E+04
1.00000E-02	1.96629E+01	3.54397E+04
1.00000E-02	1.99438E+01	3.54870E+04
1.00000E-02	2.02247E+01	3.54978E+04
1.00000E-02	2.05056E+01	3.54278E+04
1.00000E-02	2.07865E+01	3.54030E+04
1.00000E-02	2.10674E+01	3.52886E+04
1.00000E-02	2.13483E+01	3.52262E+04
1.00000E-02	2.16292E+01	3.51615E+04
1.00000E-02	2.19101E+01	3.50918E+04
1.00000E-02	2.21910E+01	3.49797E+04
1.00000E-02	2.24719E+01	3.48586E+04
1.00000E-02	2.27528E+01	3.47391E+04
1.00000E-02	2.30337E+01	3.44412E+04
1.00000E-02	2.33146E+01	3.42175E+04
1.00000E-02	2.35955E+01	3.40861E+04
1.00000E-02	2.38764E+01	3.39245E+04
1.00000E-02	2.41573E+01	3.35888E+04
1.00000E-02	2.44382E+01	3.34652E+04
1.00000E-02	2.47191E+01	3.33492E+04
1.00000E-02	2.50000E+01	3.31163E+04
5.00000E-02	0.00000E+00	1.48997E-82
5.00000E-02	2.80899E-01	6.22768E-57
5.00000E-02	5.61798E-01	4.78966E-29
5.00000E-02	8.42697E-01	1.38179E-04
5.00000E-02	1.12360E+00	1.23897E+00
5.00000E-02	1.40449E+00	3.53826E+00
5.00000E-02	1.68539E+00	5.07359E+00
5.00000E-02	1.96629E+00	6.20675E+00
5.00000E-02	2.24719E+00	7.40219E+00
5.00000E-02	2.52809E+00	8.85379E+00
5.00000E-02	2.80899E+00	1.01301E+01
5.00000E-02	3.08989E+00	1.35209E+01
5.00000E-02	3.37079E+00	1.93389E+01
5.00000E-02	3.65169E+00	2.59217E+01
5.00000E-02	3.93258E+00	3.24817E+01
5.00000E-02	4.21348E+00	4.48449E+01
5.00000E-02	4.49438E+00	6.62957E+01
5.00000E-02	4.77528E+00	1.21371E+02
5.00000E-02	5.05618E+00	1.91758E+02
5.00000E-02	5.33708E+00	2.77234E+02
5.00000E-02	5.61798E+00	3.69035E+02
5.00000E-02	5.89888E+00	4.43092E+02
5.00000E-02	6.17978E+00	5.56420E+02
5.00000E-02	6.46067E+00	6.66142E+02
5.00000E-02	6.74157E+00	8.75212E+02
5.00000E-02	7.02247E+00	1.13829E+03
5.00000E-02	7.30337E+00	1.52685E+03
5.00000E-02	7.58427E+00	1.86962E+03
5.00000E-02	7.86517E+00	2.27825E+03
5.00000E-02	8.14607E+00	2.77312E+03
5.00000E-02	8.42697E+00	3.25140E+03
5.00000E-02	8.70787E+00	3.93887E+03
5.00000E-02	8.98876E+00	4.57391E+03
5.00000E-02	9.26966E+00	5.22470E+03
5.00000E-02	9.55056E+00	5.61205E+03
5.00000E-02	9.83146E+00	6.14405E+03
5.00000E-02	1.01124E+01	6.57548E+03
5.00000E-02	1.03933E+01	7.13600E+03
5.00000E-02	1.06742E+01	7.98540E+03
5.00000E-02	1.09551E+01	8.70357E+03
5.00000E-02	1.12360E+01	1.00393E+04
5.00000E-02	1.15169E+01	1.09715E+04
5.00000E-02	1.17978E+01	1.25209E+04
5.00000E-02	1.20787E+01	1.35913E+04
5.00000E-02	1.23596E+01	1.51855E+04
5.00000E-02	1.26404E+01	1.66505E+04
5.00000E-02	1.29213E+01	1.80778E+04
5.00000E-02	1.32022E+01	1.94902E+04
5.00000E-02	1.34831E+01	2.07096E+04
5.00000E-02	1.37640E+01	2.20991E+04
5.00000E-02	1.40449E+01	2.32963E+04
5.00000E-02	1.43258E+01	2.47032E+04
5.00000E-02	1.46067E+01	2.58878E+04
5.00000E-02	1.48876E+01	2.71280E+04
5.00000E-02	1.51685E+01	2.81627E+04
5.00000E-02	1.54494E+01	2.90693E+04
5.00000E-02	1.57303E+01	2.98690E+04
5.00000E-02	1.60112E+01	3.05239E+04
5.00000E-02	1.62921E+01	3.12081E+04
5.00000E-02	1.65730E+01	3.17161E+04
5.00000E-02	1.68539E+01	3.22871E+04
5.00000E-02	1.71348E+01	3.27421E+04
5.00000E-02	1.74157E+01	3.32006E+04
5.00000E-02	1.76966E+01	3.36596E+04
5.00000E-02	1.79775E+01	3.40103E+04
5.00000E-02	1.82584E+01	3.43874E+04
5.00000E-02	1.85393E+01	3.46230E+04
5.00000E-02	1.88202E+01	3.49452E+04
5.00000E-02	1.91011E+01	3.50832E+04
5.00000E-02	1.93820E+01	3.52954E+04
5.00000E-02	1.96629E+01	3.54397E+04
5.00000E-02	1.99438E+01	3.54871E+04
5.00000E-02	2.02247E+01	3.54977E+04
5.00000E-02	2.05056E+01	3.54278E+04
5.00000E-02	2.07865E+01	3.54029E+04
5.00000E-02	2.10674E+01	3.52886E+04
5.00000E-02	2.13483E+01	3.52262E+04
5.00000E-02	2.16292E+01	3.51615E+04
5.00000E-02	2.19101E+01	3.50918E+04
5.00000E-02	2.21910E+01	3.49797E+04
5.00000E-02	2.24719E+01	3.48586E+04
5.00000E-02	2.27528E+01	3.47391E+04
5.00000E-02	2.30337E+01	3.44414E+04
5.00000E-02	2.33146E+01	3.42175E+04
5.00000E-02	2.35955E+01	3.40861E+04
5.00000E-02	2.38764E+01	3.39244E+04
5.00000E-02	2.41573E+01	3.35890E+04
5.00000E-02	2.44382E+01	3.34652E+04
5.00000E-02	2.47191E+01	3.33492E+04
5.00000E-02	2.50000E+01	3.31163E+04
1.00000E-01	0.00000E+00	7.44989E-43
1.00000E-01	2.80899E-01	5.96813E-31
1.00000E-01	5.61798E-01	3.11385E-17
1.00000E-01	8.42697E-01	1.69267E-04
1.00000E-01	1.12360E+00	1.22818E+00
1.00000E-01	1.40449E+00	3.54354E+00
1.00000E-01	1.68539E+00	5.09082E+00
1.00000E-01	1.96629E+00	6.20425E+00
1.00000E-01	2.24719E+00	7.38249E+00
1.00000E-01	2.52809E+00	8.83705E+00
1.00000E-01	2.80899E+00	1.01567E+01
1.00000E-01	3.08989E+00	1.35853E+01
1.00000E-01	3.37079E+00	1.93241E+01
1.00000E-01	3.65169E+00	2.58785E+01
1.00000E-01	3.93258E+00	3.25162E+01
1.00000E-01	4.21348E+00	4.47996E+01
1.00000E-01	4.49438E+00	6.66414E+01
1.00000E-01	4.77528E+00	1.21352E+02
1.00000E-01	5.05618E+00	1.91757E+02
1.00000E-01	5.33708E+00	2.76895E+02
1.00000E-01	5.61798E+00	3.69032E+02
1.00000E-01	5.89888E+00	4.43257E+02
1.00000E-01	6.17978E+00	5.56419E+02
1.00000E-01	6.46067E+00	6.66299E+02
1.00000E-01	6.74157E+00	8.75201E+02
1.00000E-01	7.02247E+00	1.13828E+03
1.00000E-01	7.30337E+00	1.52641E+03
1.00000E-01	7.58427E+00	1.86961E+03
1.00000E-01	7.86517E+00	2.27763E+03
1.00000E-01	8.14607E+00	2.77312E+03
1.00000E-01	8.42697E+00	3.25431E+03
1.00000E-01	8.70787E+00	3.93888E+03
1.00000E-01	8.98876E+00	4.57394E+03
1.00000E-01	9.26966E+00	5.22450E+03
1.00000E-01	9.55056E+00	5.61206E+03
1.00000E-01	9.83146E+00	6.14306E+03
1.00000E-01	1.01124E+01	6.57549E+03
1.00000E-01	1.03933E+01	7.13550E+03
1.00000E-01	1.06742E+01	7.98540E+03
1.00000E-01	1.09551E+01	8.70825E+03
1.00000E-01	1.12360E+01	1.00393E+04
1.00000E-01	1.15169E+01	1.09721E+04
1.00000E-01	1.17978E+01	1.25189E+04
1.00000E-01	1.20787E+01	1.35913E+04
1.00000E-01	1.23596E+01	1.51839E+04
1.00000E-01	1.26404E+01	1.66505E+04
1.00000E-01	1.29213E+01	1.80793E+04
1.00000E-01	1.32022E+01	1.94902E+04
1.00000E-01	1.34831E+01	2.07113E+04
1.00000E-01	1.37640E+01	2.20991E+04
1.00000E-01	1.40449E+01	2.32963E+04
1.00000E-01	1.43258E+01	2.47015E+04
1.00000E-01	1.46067E+01	2.58879E+04
1.00000E-01	1.48876E+01	2.71269E+04
1.00000E-01	1.51685E+01	2.81627E+04
1.00000E-01	1.54494E+01	2.90698E+04
1.00000E-01	1.57303E+01	2.98690E+04
1.00000E-01	1.60112E+01	3.05241E+04
1.00000E-01	1.62921E+01	3.12078E+04
1.00000E-01	1.65730E+01	3.17161E+04
1.00000E-01	1.68539E+01	3.22860E+04
1.00000E-01	1.71348E+01	3.27421E+04
1.00000E-01	1.74157E+01	3.32014E+04
1.00000E-01	1.76966E+01	3.36596E+04
1.00000E-01	1.79775E+01	3.40107E+04
1.00000E-01	1.82584E+01	3.43869E+04
1.00000E-01	1.85393E+01	3.46230E+04
1.00000E-01	1.88202E+01	3.49443E+04
1.00000E-01	1.91011E+01	3.50833E+04
1.00000E-01	1.93820E+01	3.52953E+04
1.00000E-01	1.96629E+01	3.54397E+04
1.00000E-01	1.99438E+01	3.54873E+04
1.00000E-01	2.02247E+01	3.54974E+04
1.00000E-01	2.05056E+01	3.54279E+04
1.00000E-01	2.07865E+01	3.54026E+04
1.00000E-01	2.10674E+01	3.52886E+04
1.00000E-01	2.13483E+01	3.52262E+04
1.00000E-01	2.16292E+01	3.51615E+04
1.00000E-01	2.19101E+01	3.50917E+04
1.00000E-01	2.21910E+01	3.49797E+04
1.00000E-01	2.24719E+01	3.48586E+04
1.00000E-01	2.27528E+01	3.47391E+04
1.00000E-01	2.30337E+01	3.44420E+04
1.00000E-01	2.33146E+01	3.42175E+04
1.00000E-01	2.35955E+01	3.40861E+04
1.00000E-01	2.38764E+01	3.39242E+04
1.00000E-01	2.41573E+01	3.35896E+04
1.00000E-01	2.44382E+01	3.34652E+04
1.00000E-01	2.47191E+01	3.33492E+04
1.00000E-01	2.50000E+01	3.31163E+04
2.00000E-01	0.00000E+00	1.67088E-22
2.00000E-01	2.80899E-01	3.10619E-17
2.00000E-01	5.61798E-01	1.33855E-10
2.00000E-01	8.42697E-01	5.23574E-04
2.00000E-01	1.12360E+00	1.21210E+00
2.00000E-01	1.40449E+00	3.56022E+00
2.00000E-01	1.68539E+00	5.12389E+00
2.00000E-01	1.96629E+00	6.19976E+00
2.00000E-01	2.24719E+00	7.35227E+00
2.00000E-01	2.52809E+00	8.80577E+00
2.00000E-01	2.80899E+00	1.02093E+01
2.00000E-01	3.08989E+00	1.37167E+01
2.00000E-01	3.37079E+00	1.92817E+01
2.00000E-01	3.65169E+00	2.57941E+01
2.00000E-01	3.93258E+00	3.26716E+01
2.00000E-01	4.21348E+00	4.46657E+01
2.00000E-01	4.49438E+00	6.74958E+01
2.00000E-01	4.77528E+00	1.21247E+02
2.00000E-01	5.05618E+00	1.91755E+02
2.00000E-01	5.33708E+00	2.76116E+02
2.00000E-01	5.61798E+00	3.69021E+02
2.00000E-01	5.89888E+00	4.44131E+02
2.00000E-01	6.17978E+00	5.56410E+02
2.00000E-01	6.46067E+00	6.67148E+02
2.00000E-01	6.74157E+00	8.74991E+02
2.00000E-01	7.02247E+00	1.13835E+03
2.00000E-01	7.30337E+00	1.52470E+03
2.00000E-01	7.58427E+00	1.86959E+03
2.00000E-01	7.86517E+00	2.27523E+03
2.00000E-01	8.14607E+00	2.77312E+03
2.00000E-01	8.42697E+00	3.26232E+03
2.00000E-01	8.70787E+00	3.93889E+03
2.00000E-01	8.98876E+00	4.57418E+03
2.00000E-01	9.26966E+00	5.22316E+03
2.00000E-01	9.55056E+00	5.61234E+03
2.00000E-01	9.83146E+00	6.13881E+03
2.00000E-01	1.01124E+01	6.57553E+03
2.00000E-01	1.03933E+01	7.13590E+03
2.00000E-01	1.06742E+01	7.98543E+03
2.00000E-01	1.09551E+01	8.72500E+03
2.00000E-01	1.12360E+01	1.00390E+04
2.00000E-01	1.15169E+01	1.09773E+04
2.00000E-01	1.17978E+01	1.25103E+04
2.00000E-01	1.20787E+01	1.35915E+04
2.00000E-01	1.23596E+01	1.51784E+04
2.00000E-01	1.26404E+01	1.66506E+04
2.00000E-01	1.29213E+01	1.80834E+04
2.00000E-01	1.32022E+01	1.94902E+04
2.00000E-01	1.34831E+01	2.07170E+04
2.00000E-01	1.37640E+01	2.20986E+04
2.00000E-01	1.40449E+01	2.32968E+04
2.00000E-01	1.43258E+01	2.46960E+04
2.00000E-01	1.46067E+01	2.58879E+04
2.00000E-01	1.48876E+01	2.71239E+04
2.00000E-01	1.51685E+01	2.81627E+04
2.00000E-01	1.54494E+01	2.90714E+04
2.00000E-01	1.57303E+01	2.98690E+04
2.00000E-01	1.60112E+01	3.05254E+04
2.00000E-01	1.62921E+01	3.12061E+04
2.00000E-01	1.65730E+01	3.17162E+04
2.00000E-01	1.68539E+01	3.22822E+04
2.00000E-01	1.71348E+01	3.27422E+04
2.00000E-01	1.74157E+01	3.32032E+04
2.00000E-01	1.76966E+01	3.36597E+04
2.00000E-01	1.79775E+01	3.40125E+04
2.00000E-01	1.82584E+01	3.43851E+04
2.00000E-01	1.85393E+01	3.46233E+04
2.00000E-01	1.88202E+01	3.49416E+04
2.00000E-01	1.91011E+01	3.50839E+04
2.00000E-01	1.93820E+01	3.52949E+04
2.00000E-01	1.96629E+01	3.54397E+04
2.00000E-01	1.99438E+01	3.54880E+04
2.00000E-01	2.02247E+01	3.54964E+04
2.00000E-01	2.05056E+01	3.54287E+04
2.00000E-01	2.07865E+01	3.54015E+04
2.00000E-01	2.10674E+01	3.52885E+04
2.00000E-01	2.13483E+01	3.52262E+04
2.00000E-01	2.16292E+01	3.51615E+04
2.00000E-01	2.19101E+01	3.50914E+04
2.00000E-01	2.21910E+01	3.49797E+04
2.00000E-01	2.24719E+01	3.48586E+04
2.00000E-01	2.27528E+01	3.47390E+04
2.00000E-01	2.30337E+01	3.44438E+04
2.00000E-01	2.33146E+01	3.42175E+04
2.00000E-01	2.35955E+01	3.40861E+04
2.00000E-01	2.38764E+01	3.39230E+04
2.00000E-01	2.41573E+01	3.35917E+04
2.00000E-01	2.44382E+01	3.34652E+04
2.00000E-01	2.47191E+01	3.33492E+04
2.00000E-01	2.50000E+01	3.31163E+04
2.50000E-01	0.00000E+00	3.80334E-18
2.50000E-01	2.80899E-01	3.77093E-14
2.50000E-01	5.61798E-01	6.24058E-09
2.50000E-01	8.42697E-01	1.27761E-03
2.50000E-01	1.12360E+00	1.21392E+00
2.50000E-01	1.40449E+00	3.56497E+00
2.50000E-01	1.68539E+00	5.13366E+00
2.50000E-01	1.96629E+00	6.20041E+00
2.50000E-01	2.24719E+00	7.34642E+00
2.50000E-01	2.52809E+00	8.79638E+00
2.50000E-01	2.80899E+00	1.02313E+01
2.50000E-01	3.08989E+00	1.37745E+01
2.50000E-01	3.37079E+00	1.92625E+01
2.50000E-01	3.65169E+00	2.57678E+01
2.50000E-01	3.93258E+00	3.27639E+01
2.50000E-01	4.21348E+00	4.46043E+01
2.50000E-01	4.49438E+00	6.79336E+01
2.50000E-01	4.77528E+00	1.21189E+02
2.50000E-01	5.05618E+00	1.91763E+02
2.50000E-01	5.33708E+00	2.75844E+02
2.50000E-01	5.61798E+00	3.69013E+02
2.50000E-01	5.89888E+00	4.44725E+02
2.50000E-01	6.17978E+00	5.56395E+02
2.50000E-01	6.46067E+00	6.67939E+02
2.50000E-01	6.74157E+00	8.74772E+02
2.50000E-01	7.02247E+00	1.13850E+03
2.50000E-01	7.30337E+00	1.52347E+03
2.50000E-01	7.58427E+00	1.86961E+03
2.50000E-01	7.86517E+00	2.27399E+03
2.50000E-01	8.14607E+00	2.77311E+03
2.50000E-01	8.42697E+00	3.26662E+03
2.50000E-01	8.70787E+00	3.93886E+03
2.50000E-01	8.98876E+00	4.57450E+03
2.50000E-01	9.26966E+00	5.22195E+03
2.50000E-01	9.55056E+00	5.61288E+03
2.50000E-01	9.83146E+00	6.13582E+03
2.50000E-01	1.01124E+01	6.57562E+03
2.50000E-01	1.03933E+01	7.13686E+03
2.50000E-01	1.06742E+01	7.98542E+03
2.50000E-01	1.09551E+01	8.73536E+03
2.50000E-01	1.12360E+01	1.00383E+04
2.50000E-01	1.15169E+01	1.09823E+04
2.50000E-01	1.17978E+01	1.25039E+04
2.50000E-01	1.20787E+01	1.35921E+04
2.50000E-01	1.23596E+01	1.51754E+04
2.50000E-01	1.26404E+01	1.66506E+04
2.50000E-01	1.29213E+01	1.80856E+04
2.50000E-01	1.32022E+01	1.94902E+04
2.50000E-01	1.34831E+01	2.07206E+04
2.50000E-01	1.37640E+01	2.20978E+04
2.50000E-01	1.40449E+01	2.32976E+04
2.50000E-01	1.43258E+01	2.46926E+04
2.50000E-01	1.46067E+01	2.58880E+04
2.50000E-01	1.48876E+01	2.71222E+04
2.50000E-01	1.51685E+01	2.81628E+04
2.50000E-01	1.54494E+01	2.90723E+04
2.50000E-01	1.57303E+01	2.98688E+04
2.50000E-01	1.60112E+01	3.05265E+04
2.50000E-01	1.62921E+01	3.12047E+04
2.50000E-01	1.65730E+01	3.17164E+04
2.50000E-01	1.68539E+01	3.22799E+04
2.50000E-01	1.71348E+01	3.27422E+04
2.50000E-01	1.74157E+01	3.32041E+04
2.50000E-01	1.76966E+01	3.36597E+04
2.50000E-01	1.79775E+01	3.40137E+04
2.50000E-01	1.82584E+01	3.43837E+04
2.50000E-01	1.85393E+01	3.46236E+04
2.50000E-01	1.88202E+01	3.49398E+04
2.50000E-01	1.91011E+01	3.50844E+04
2.50000E-01	1.93820E+01	3.52947E+04
2.50000E-01	1.96629E+01	3.54397E+04
2.50000E-01	1.99438E+01	3.54884E+04
2.50000E-01	2.02247E+01	3.54957E+04
2.50000E-01	2.05056E+01	3.54293E+04
2.50000E-01	2.07865E+01	3.54007E+04
2.50000E-01	2.10674E+01	3.52886E+04
2.50000E-01	2.13483E+01	3.52262E+04
2.50000E-01	2.16292E+01	3.51615E+04
2.50000E-01	2.19101E+01	3.50912E+04
2.50000E-01	2.21910E+01	3.49797E+04
2.50000E-01	2.24719E+01	3.48586E+04
2.50000E-01	2.27528E+01	3.47388E+04
2.50000E-01	2.30337E+01	3.44449E+04
2.50000E-01	2.33146E+01	3.42176E+04
2.50000E-01	2.35955E+01	3.40861E+04
2.50000E-01	2.38764E+01	3.39220E+04
2.50000E-01	2.41573E+01	3.35932E+04
2.50000E-01	2.44382E+01	3.34652E+04
2.50000E-01	2.47191E+01	3.33492E+04
2.50000E-01	2.50000E+01	3.31163E+04
3.00000E-01	0.00000E+00	4.02480E-15
3.00000E-01	2.80899E-01	5.93267E-12
3.00000E-01	5.61798E-01	1.11962E-07
3.00000E-01	8.42697E-01	2.91203E-03
3.00000E-01	1.12360E+00	1.22150E+00
3.00000E-01	1.40449E+00	3.56784E+00
3.00000E-01	1.68539E+00	5.13988E+00
3.00000E-01	1.96629E+00	6.20261E+00
3.00000E-01	2.24719E+00	7.34489E+00
3.00000E-01	2.52809E+00	8.79029E+00
3.00000E-01	2.80899E+00	1.02531E+01
3.00000E-01	3.08989E+00	1.38260E+01
3.00000E-01	3.37079E+00	1.92483E+01
3.00000E-01	3.65169E+00	2.57522E+01
3.00000E-01	3.93258E+00	3.28529E+01
3.00000E-01	4.21348E+00	4.45667E+01
3.00000E-01	4.49438E+00	6.83612E+01
3.00000E-01	4.77528E+00	1.21144E+02
3.00000E-01	5.05618E+00	1.91790E+02
3.00000E-01	5.33708E+00	2.75673E+02
3.00000E-01	5.61798E+00	3.69003E+02
3.00000E-01	5.89888E+00	4.45364E+02
3.00000E-01	6.17978E+00	5.56364E+02
3.00000E-01	6.46067E+00	6.68943E+02
3.00000E-01	6.74157E+00	8.74516E+02
3.00000E-01	7.02247E+00	1.13880E+03
3.00000E-01	7.30337E+00	1.52207E+03
3.00000E-01	7.58427E+00	1.86969E+03
3.00000E-01	7.86517E+00	2.27300E+03
3.00000E-01	8.14607E+00	2.77311E+03
3.00000E-01	8.42697E+00	3.27088E+03
3.00000E-01	8.70787E+00	3.93876E+03
3.00000E-01	8.98876E+00	4.57499E+03
3.00000E-01	9.26966E+00	5.22036E+03
3.00000E-01	9.55056E+00	5.61382E+03
3.00000E-01	9.83146E+00	6.13256E+03
3.00000E-01	1.01124E+01	6.57582E+03
3.00000E-01	1.03933E+01	7.13831E+03
3.00000E-01	1.06742E+01	7.98535E+03
3.00000E-01	1.09551E+01	8.74616E+03
3.00000E-01	1.12360E+01	1.00370E+04
3.00000E-01	1.15169E+01	1.09885E+04
3.00000E-01	1.17978E+01	1.24966E+04
3.00000E-01	1.20787E+01	1.35932E+04
3.00000E-01	1.23596E+01	1.51725E+04
3.00000E-01	1.26404E+01	1.66506E+04
3.00000E-01	1.29213E+01	1.80876E+04
3.00000E-01	1.32022E+01	1.94900E+04
3.00000E-01	1.34831E+01	2.07246E+04
3.00000E-01	1.37640E+01	2.20966E+04
3.00000E-01	1.40449E+01	2.32989E+04
3.00000E-01	1.43258E+01	2.46890E+04
3.00000E-01	1.46067E+01	2.58882E+04
3.00000E-01	1.48876E+01	2.71204E+04
3.00000E-01	1.51685E+01	2.81628E+04
3.00000E-01	1.54494E+01	2.90731E+04
3.00000E-01	1.57303E+01	2.98685E+04
3.00000E-01	1.60112E+01	3.05278E+04
3.00000E-01	1.62921E+01	3.12030E+04
3.00000E-01	1.65730E+01	3.17167E+04
3.00000E-01	1.68539E+01	3.22777E+04
3.00000E-01	1.71348E+01	3.27423E+04
3.00000E-01	1.74157E+01	3.32050E+04
3.00000E-01	1.76966E+01	3.36596E+04
3.00000E-01	1.79775E+01	3.40151E+04
3.00000E-01	1.82584E+01	3.43822E+04
3.00000E-01	1.85393E+01	3.46242E+04
3.00000E-01	1.88202E+01	3.49379E+04
3.00000E-01	1.91011E+01	3.50849E+04
3.00000E-01	1.93820E+01	3.52943E+04
3.00000E-01	1.96629E+01	3.54397E+04
3.00000E-01	1.99438E+01	3.54887E+04
3.00000E-01	2.02247E+01	3.54949E+04
3.00000E-01	2.05056E+01	3.54300E+04
3.00000E-01	2.07865E+01	3.53997E+04
3.00000E-01	2.10674E+01	3.52886E+04
3.00000E-01	2.13483E+01	3.52262E+04
3.00000E-01	2.16292E+01	3.51615E+04
3.00000E-01	2.19101E+01	3.50910E+04
3.00000E-01	2.21910E+01	3.49797E+04
3.00000E-01	2.24719E+01	3.48586E+04
3.00000E-01	2.27528E+01	3.47384E+04
3.00000E-01	2.30337E+01	3.44460E+04
3.00000E-01	2.33146E+01	3.42176E+04
3.00000E-01	2.35955E+01	3.40861E+04
3.00000E-01	2.38764E+01	3.39208E+04
3.00000E-01	2.41573E+01	3.35949E+04
3.00000E-01	2.44382E+01	3.34652E+04
3.00000E-01	2.47191E+01	3.33491E+04
3.00000E-01	2.50000E+01	3.31164E+04
4.00000E-01	0.00000E+00	3.07420E-11
4.00000E-01	2.80899E-01	4.55251E-09
4.00000E-01	5.61798E-01	5.71485E-06
4.00000E-01	8.42697E-01	1.03434E-02
4.00000E-01	1.12360E+00	1.24877E+00
4.00000E-01	1.40449E+00	3.57153E+00
4.00000E-01	1.68539E+00	5.14636E+00
4.00000E-01	1.96629E+00	6.20979E+00
4.00000E-01	2.24719E+00	7.34913E+00
4.00000E-01	2.52809E+00	8.78461E+00
4.00000E-01	2.80899E+00	1.03018E+01
4.00000E-01	3.08989E+00	1.39126E+01
4.00000E-01	3.37079E+00	1.92390E+01
4.00000E-01	3.65169E+00	2.57460E+01
4.00000E-01	3.93258E+00	3.30097E+01
4.00000E-01	4.21348E+00	4.45881E+01
4.00000E-01	4.49438E+00	6.91715E+01
4.00000E-01	4.77528E+00	1.21120E+02
4.00000E-01	5.05618E+00	1.91940E+02
4.00000E-01	5.33708E+00	2.75592E+02
4.00000E-01	5.61798E+00	3.68973E+02
4.00000E-01	5.89888E+00	4.46686E+02
4.00000E-01	6.17978E+00	5.56244E+02
4.00000E-01	6.46067E+00	6.71390E+02
4.00000E-01	6.74157E+00	8.74066E+02
4.00000E-01	7.02247E+00	1.13990E+03
4.00000E-01	7.30337E+00	1.51918E+03
4.00000E-01	7.58427E+00	1.87016E+03
4.00000E-01	7.86517E+00	2.27204E+03
4.00000E-01	8.14607E+00	2.77316E+03
4.00000E-01	8.42697E+00	3.27896E+03
4.00000E-01	8.70787E+00	3.93838E+03
4.00000E-01	8.98876E+00	4.57643E+03
4.00000E-01	9.26966E+00	5.21617E+03
4.00000E-01	9.55056E+00	5.61685E+03
4.00000E-01	9.83146E+00	6.12601E+03
4.00000E-01	1.01124E+01	6.57683E+03
4.00000E-01	1.03933E+01	7.14252E+03
4.00000E-01	1.06742E+01	7.98489E+03
4.00000E-01	1.09551E+01	8.76762E+03
4.00000E-01	1.12360E+01	1.00324E+04
4.00000E-01	1.15169E+01	1.10040E+04
4.00000E-01	1.17978E+01	1.24804E+04
4.00000E-01	1.20787E+01	1.35978E+04
4.00000E-01	1.23596E+01	1.51676E+04
4.00000E-01	1.26404E+01	1.66509E+04
4.00000E-01	1.29213E+01	1.80913E+04
4.00000E-01	1.32022E+01	1.94893E+04
4.00000E-01	1.34831E+01	2.07327E+04
4.00000E-01	1.37640E+01	2.20934E+04
4.00000E-01	1.40449E+01	2.33029E+04
4.00000E-01	1.43258E+01	2.46820E+04
4.00000E-01	1.46067E+01	2.58889E+04
4.00000E-01	1.48876E+01	2.71169E+04
4.00000E-01	1.51685E+01	2.81626E+04
4.00000E-01	1.54494E+01	2.90741E+04
4.00000E-01	1.57303E+01	2.98674E+04
4.00000E-01	1.60112E+01	3.05308E+04
4.00000E-01	1.62921E+01	3.11991E+04
4.00000E-01	1.65730E+01	3.17177E+04
4.00000E-01	1.68539E+01	3.22735E+04
4.00000E-01	1.71348E+01	3.27425E+04
4.00000E-01	1.74157E+01	3.32065E+04
4.00000E-01	1.76966E+01	3.36593E+04
4.00000E-01	1.79775E+01	3.40178E+04
4.00000E-01	1.82584E+01	3.43787E+04
4.00000E-01	1.85393E+01	3.46257E+04
4.00000E-01	1.88202E+01	3.49337E+04
4.00000E-01	1.91011E+01	3.50863E+04
4.00000E-01	1.93820E+01	3.52935E+04
4.00000E-01	1.96629E+01	3.54395E+04
4.00000E-01	1.99438E+01	3.54890E+04
4.00000E-01	2.02247E+01	3.54930E+04
4.00000E-01	2.05056E+01	3.54316E+04
4.00000E-01	2.07865E+01	3.53976E+04
4.00000E-01	2.10674E+01	3.52890E+04
4.00000E-01	2.13483E+01	3.52262E+04
4.00000E-01	2.16292E+01	3.51615E+04
4.00000E-01	2.19101E+01	3.50904E+04
4.00000E-01	2.21910E+01	3.49797E+04
4.00000E-01	2.24719E+01	3.48586E+04
4.00000E-01	2.27528E+01	3.47372E+04
4.00000E-01	2.30337E+01	3.44483E+04
4.00000E-01	2.33146E+01	3.42178E+04
4.00000E-01	2.35955E+01	3.40860E+04
4.00000E-01	2.38764E+01	3.39175E+04
4.00000E-01	2.41573E+01	3.35988E+04
4.00000E-01	2.44382E+01	3.34652E+04
4.00000E-01	2.47191E+01	3.33486E+04
4.00000E-01	2.50000E+01	3.31164E+04
5.00000E-01	0.00000E+00	7.10281E-09
5.00000E-01	2.80899E-01	2.84697E-07
5.00000E-01	5.61798E-01	7.04166E-05
5.00000E-01	8.42697E-01	2.50645E-02
5.00000E-01	1.12360E+00	1.28674E+00
5.00000E-01	1.40449E+00	3.57555E+00
5.00000E-01	1.68539E+00	5.14959E+00
5.00000E-01	1.96629E+00	6.21913E+00
5.00000E-01	2.24719E+00	7.35851E+00
5.00000E-01	2.52809E+00	8.78469E+00
5.00000E-01	2.80899E+00	1.03594E+01
5.00000E-01	3.08989E+00	1.39839E+01
5.00000E-01	3.37079E+00	1.92548E+01
5.00000E-01	3.65169E+00	2.57623E+01
5.00000E-01	3.93258E+00	3.31422E+01
5.00000E-01	4.21348E+00	4.47359E+01
5.00000E-01	4.49438E+00	6.99355E+01
5.00000E-01	4.77528E+00	1.21224E+02
5.00000E-01	5.05618E+00	1.92239E+02
5.00000E-01	5.33708E+00	2.75766E+02
5.00000E-01	5.61798E+00	3.68930E+02
5.00000E-01	5.89888E+00	4.48001E+02
5.00000E-01	6.17978E+00	5.56088E+02
5.00000E-01	6.46067E+00	6.74151E+02
5.00000E-01	6.74157E+00	8.73955E+02
5.00000E-01	7.02247E+00	1.14174E+03
5.00000E-01	7.30337E+00	1.51663E+03
5.00000E-01	7.58427E+00	1.87118E+03
5.00000E-01	7.86517E+00	2.27246E+03
5.00000E-01	8.14607E+00	2.77337E+03
5.00000E-01	8.42697E+00	3.28637E+03
5.00000E-01	8.70787E+00	3.93785E+03
5.00000E-01	8.98876E+00	4.57826E+03
5.00000E-01	9.26966E+00	5.21105E+03
5.00000E-01	9.55056E+00	5.62099E+03
5.00000E-01	9.83146E+00	6.12028E+03
5.00000E-01	1.01124E+01	6.57877E+03
5.00000E-01	1.03933E+01	7.14814E+03
5.00000E-01	1.06742E+01	7.98402E+03
5.00000E-01	1.09551E+01	8.78787E+03
5.00000E-01	1.12360E+01	1.00258E+04
5.00000E-01	1.15169E+01	1.10216E+04
5.00000E-01	1.17978E+01	1.24643E+04
5.00000E-01	1.20787E+01	1.36055E+04
5.00000E-01	1.23596E+01	1.51640E+04
5.00000E-01	1.26404E+01	1.66514E+04
5.00000E-01	1.29213E+01	1.80944E+04
5.00000E-01	1.32022E+01	1.94880E+04
5.00000E-01	1.34831E+01	2.07407E+04
5.00000E-01	1.37640E+01	2.20895E+04
5.00000E-01	1.40449E+01	2.33083E+04
5.00000E-01	1.43258E+01	2.46757E+04
5.00000E-01	1.46067E+01	2.58903E+04
5.00000E-01	1.48876E+01	2.71135E+04
5.00000E-01	1.51685E+01	2.81622E+04
5.00000E-01	1.54494E+01	2.90744E+04
5.00000E-01	1.57303E+01	2.98656E+04
5.00000E-01	1.60112E+01	3.05339E+04
5.00000E-01	1.62921E+01	3.11949E+04
5.00000E-01	1.65730E+01	3.17193E+04
5.00000E-01	1.68539E+01	3.22699E+04
5.00000E-01	1.71348E+01	3.27429E+04
5.00000E-01	1.74157E+01	3.32077E+04
5.00000E-01	1.76966E+01	3.36585E+04
5.00000E-01	1.79775E+01	3.40203E+04
5.00000E-01	1.82584E+01	3.43750E+04
5.00000E-01	1.85393E+01	3.46277E+04
5.00000E-01	1.88202E+01	3.49294E+04
5.00000E-01	1.91011E+01	3.50879E+04
5.00000E-01	1.93820E+01	3.52926E+04
5.00000E-01	1.96629E+01	3.54389E+04
5.00000E-01	1.99438E+01	3.54890E+04
5.00000E-01	2.02247E+01	3.54910E+04
5.00000E-01	2.05056E+01	3.54333E+04
5.00000E-01	2.07865E+01	3.53952E+04
5.00000E-01	2.10674E+01	3.52896E+04
5.00000E-01	2.13483E+01	3.52262E+04
5.00000E-01	2.16292E+01	3.51615E+04
5.00000E-01	2.19101E+01	3.50896E+04
5.00000E-01	2.21910E+01	3.49796E+04
5.00000E-01	2.24719E+01	3.48586E+04
5.00000E-01	2.27528E+01	3.47352E+04
5.00000E-01	2.30337E+01	3.44505E+04
5.00000E-01	2.33146E+01	3.42183E+04
5.00000E-01	2.35955E+01	3.40858E+04
5.00000E-01	2.38764E+01	3.39137E+04
5.00000E-01	2.41573E+01	3.36033E+04
5.00000E-01	2.44382E+01	3.34652E+04
5.00000E-01	2.47191E+01	3.33476E+04
5.00000E-01	2.50000E+01	3.31165E+04
6.00000E-01	0.00000E+00	2.72985E-07
6.00000E-01	2.80899E-01	4.80040E-06
6.00000E-01	5.61798E-01	4.02277E-04
6.00000E-01	8.42697E-01	4.80537E-02
6.00000E-01	1.12360E+00	1.33215E+00
6.00000E-01	1.40449E+00	3.58119E+00
6.00000E-01	1.68539E+00	5.15211E+00
6.00000E-01	1.96629E+00	6.22997E+00
6.00000E-01	2.24719E+00	7.37106E+00
6.00000E-01	2.52809E+00	8.78934E+00
6.00000E-01	2.80899E+00	1.04244E+01
6.00000E-01	3.08989E+00	1.40486E+01
6.00000E-01	3.37079E+00	1.92908E+01
6.00000E-01	3.65169E+00	2.57940E+01
6.00000E-01	3.93258E+00	3.32657E+01
6.00000E-01	4.21348E+00	4.49876E+01
6.00000E-01	4.49438E+00	7.06875E+01
6.00000E-01	4.77528E+00	1.21482E+02
6.00000E-01	5.05618E+00	1.92675E+02
6.00000E-01	5.33708E+00	2.76111E+02
6.00000E-01	5.61798E+00	3.68884E+02
6.00000E-01	5.89888E+00	4.49281E+02
6.00000E-01	6.17978E+00	5.55995E+02
6.00000E-01	6.46067E+00	6.77030E+02
6.00000E-01	6.74157E+00	8.74377E+02
6.00000E-01	7.02247E+00	1.14422E+03
6.00000E-01	7.30337E+00	1.51473E+03
6.00000E-01	7.58427E+00	1.87270E+03
6.00000E-01	7.86517E+00	2.27400E+03
6.00000E-01	8.14607E+00	2.77385E+03
6.00000E-01	8.42697E+00	3.29318E+03
6.00000E-01	8.70787E+00	3.93743E+03
6.00000E-01	8.98876E+00	4.58020E+03
6.00000E-01	9.26966E+00	5.20553E+03
6.00000E-01	9.55056E+00	5.62562E+03
6.00000E-01	9.83146E+00	6.11580E+03
6.00000E-01	1.01124E+01	6.58155E+03
6.00000E-01	1.03933E+01	7.15481E+03
6.00000E-01	1.06742E+01	7.98308E+03
6.00000E-01	1.09551E+01	8.80658E+03
6.00000E-01	1.12360E+01	1.00183E+04
6.00000E-01	1.15169E+01	1.10398E+04
6.00000E-01	1.17978E+01	1.24498E+04
6.00000E-01	1.20787E+01	1.36157E+04
6.00000E-01	1.23596E+01	1.51617E+04
6.00000E-01	1.26404E+01	1.66521E+04
6.00000E-01	1.29213E+01	1.80970E+04
6.00000E-01	1.32022E+01	1.94863E+04
6.00000E-01	1.34831E+01	2.07482E+04
6.00000E-01	1.37640E+01	2.20857E+04
6.00000E-01	1.40449E+01	2.33145E+04
6.00000E-01	1.43258E+01	2.46704E+04
6.00000E-01	1.46067E+01	2.58922E+04
6.00000E-01	1.48876E+01	2.71103E+04
6.00000E-01	1.51685E+01	2.81614E+04
6.00000E-01	1.54494E+01	2.90742E+04
6.00000E-01	1.57303E+01	2.98634E+04
6.00000E-01	1.60112E+01	3.05367E+04
6.00000E-01	1.62921E+01	3.11909E+04
6.00000E-01	1.65730E+01	3.17212E+04
6.00000E-01	1.68539E+01	3.22670E+04
6.00000E-01	1.71348E+01	3.27434E+04
6.00000E-01	1.74157E+01	3.32086E+04
6.00000E-01	1.76966E+01	3.36574E+04
6.00000E-01	1.79775E+01	3.40225E+04
6.00000E-01	1.82584E+01	3.43713E+04
6.00000E-01	1.85393E+01	3.46299E+04
6.00000E-01	1.88202E+01	3.49252E+04
6.00000E-01	1.91011E+01	3.50897E+04
6.00000E-01	1.93820E+01	3.52915E+04
6.00000E-01	1.96629E+01	3.54381E+04
6.00000E-01	1.99438E+01	3.54886E+04
6.00000E-01	2.02247E+01	3.54890E+04
6.00000E-01	2.05056E+01	3.54348E+04
6.00000E-01	2.07865E+01	3.53929E+04
6.00000E-01	2.10674E+01	3.52905E+04
6.00000E-01	2.13483E+01	3.52262E+04
6.00000E-01	2.16292E+01	3.51615E+04
6.00000E-01	2.19101E+01	3.50888E+04
6.00000E-01	2.21910E+01	3.49795E+04
6.00000E-01	2.24719E+01	3.48586E+04
6.00000E-01	2.27528E+01	3.47326E+04
6.00000E-01	2.30337E+01	3.44525E+04
6.00000E-01	2.33146E+01	3.42193E+04
6.00000E-01	2.35955E+01	3.40854E+04
6.00000E-01	2.38764E+01	3.39097E+04
6.00000E-01	2.41573E+01	3.36079E+04
6.00000E-01	2.44382E+01	3.34653E+04
6.00000E-01	2.47191E+01	3.33462E+04
6.00000E-01	2.50000E+01	3.31167E+04
7.00000E-01	0.00000E+00	3.72716E-06
7.00000E-01	2.80899E-01	3.75386E-05
7.00000E-01	5.61798E-01	1.45552E-03
7.00000E-01	8.42697E-01	7.94307E-02
7.00000E-01	1.12360E+00	1.38334E+00
7.00000E-01	1.40449E+00	3.58875E+00
7.00000E-01	1.68539E+00	5.15490E+00
7.00000E-01	1.96629E+00	6.24212E+00
7.00000E-01	2.24719E+00	7.38624E+00
7.00000E-01	2.52809E+00	8.79856E+00
7.00000E-01	2.80899E+00	1.04951E+01
7.00000E-01	3.08989E+00	1.41133E+01
7.00000E-01	3.37079E+00	1.93423E+01
7.00000E-01	3.65169E+00	2.58385E+01
7.00000E-01	3.93258E+00	3.33951E+01
7.00000E-01	4.21348E+00	4.53231E+01
7.00000E-01	4.49438E+00	7.14594E+01
7.00000E-01	4.77528E+00	1.21902E+02
7.00000E-01	5.05618E+00	1.93222E+02
7.00000E-01	5.33708E+00	2.76572E+02
7.00000E-01	5.61798E+00	3.68853E+02
7.00000E-01	5.89888E+00	4.50525E+02
7.00000E-01	6.17978E+00	5.56066E+02
7.00000E-01	6.46067E+00	6.79939E+02
7.00000E-01	6.74157E+00	8.75413E+02
7.00000E-01	7.02247E+00	1.14720E+03
7.00000E-01	7.30337E+00	1.51355E+03
7.00000E-01	7.58427E+00	1.87461E+03
7.00000E-01	7.86517E+00	2.27641E+03
7.00000E-01	8.14607E+00	2.77471E+03
7.00000E-01	8.42697E+00	3.29951E+03
7.00000E-01	8.70787E+00	3.93737E+03
7.00000E-01	8.98876E+00	4.58207E+03
7.00000E-01	9.26966E+00	5.20002E+03
7.00000E-01	9.55056E+00	5.63022E+03
7.00000E-01	9.83146E+00	6.11265E+03
7.00000E-01	1.01124E+01	6.58500E+03
7.00000E-01	1.03933E+01	7.16224E+03
7.00000E-01	1.06742E+01	7.98251E+03
7.00000E-01	1.09551E+01	8.82377E+03
7.00000E-01	1.12360E+01	1.00111E+04
7.00000E-01	1.15169E+01	1.10575E+04
7.00000E-01	1.17978E+01	1.24375E+04
7.00000E-01	1.20787E+01	1.36275E+04
7.00000E-01	1.23596E+01	1.51606E+04
7.00000E-01	1.26404E+01	1.66531E+04
7.00000E-01	1.29213E+01	1.80991E+04
7.00000E-01	1.32022E+01	1.94845E+04
7.00000E-01	1.34831E+01	2.07549E+04
7.00000E-01	1.37640E+01	2.20823E+04
7.00000E-01	1.40449E+01	2.33210E+04
7.00000E-01	1.43258E+01	2.46661E+04
7.00000E-01	1.46067E+01	2.58944E+04
7.00000E-01	1.48876E+01	2.71071E+04
7.00000E-01	1.51685E+01	2.81603E+04
7.00000E-01	1.54494E+01	2.90733E+04
7.00000E-01	1.57303E+01	2.98611E+04
7.00000E-01	1.60112E+01	3.05390E+04
7.00000E-01	1.62921E+01	3.11871E+04
7.00000E-01	1.65730E+01	3.17232E+04
7.00000E-01	1.68539E+01	3.22645E+04
7.00000E-01	1.71348E+01	3.27439E+04
7.00000E-01	1.74157E+01	3.32094E+04
7.00000E-01	1.76966E+01	3.36560E+04
7.00000E-01	1.79775E+01	3.40241E+04
7.00000E-01	1.82584E+01	3.43679E+04
7.00000E-01	1.85393E+01	3.46320E+04
7.00000E-01	1.88202E+01	3.49211E+04
7.00000E-01	1.91011E+01	3.50915E+04
7.00000E-01	1.93820E+01	3.52904E+04
7.00000E-01	1.96629E+01	3.54368E+04
7.00000E-01	1.99438E+01	3.54880E+04
7.00000E-01	2.02247E+01	3.54870E+04
7.00000E-01	2.05056E+01	3.54362E+04
7.00000E-01	2.07865E+01	3.53907E+04
7.00000E-01	2.10674E+01	3.52914E+04
7.00000E-01	2.13483E+01	3.52262E+04
7.00000E-01	2.16292E+01	3.51614E+04
7.00000E-01	2.19101E+01	3.50879E+04
7.00000E-01	2.21910E+01	3.49793E+04
7.00000E-01	2.24719E+01	3.48585E+04
7.00000E-01	2.27528E+01	3.47295E+04
7.00000E-01	2.30337E+01	3.44543E+04
7.00000E-01	2.33146E+01	3.42206E+04
7.00000E-01	2.35955E+01	3.40848E+04
7.00000E-01	2.38764E+01	3.39055E+04
7.00000E-01	2.41573E+01	3.36127E+04
7.00000E-01	2.44382E+01	3.34655E+04
7.00000E-01	2.47191E+01	3.33443E+04
7.00000E-01	2.50000E+01	3.31168E+04
8.00000E-01	0.00000E+00	2.65604E-05
8.00000E-01	2.80899E-01	1.79703E-04
8.00000E-01	5.61798E-01	3.92768E-03
8.00000E-01	8.42697E-01	1.18848E-01
8.00000E-01	1.12360E+00	1.43922E+00
8.00000E-01	1.40449E+00	3.59835E+00
8.00000E-01	1.68539E+00	5.15838E+00
8.00000E-01	1.96629E+00	6.25556E+00
8.00000E-01	2.24719E+00	7.40381E+00
8.00000E-01	2.52809E+00	8.81266E+00
8.00000E-01	2.80899E+00	1.05704E+01
8.00000E-01	3.08989E+00	1.41821E+01
8.00000E-01	3.37079E+00	1.94057E+01
8.00000E-01	3.65169E+00	2.58951E+01
8.00000E-01	3.93258E+00	3.35410E+01
8.00000E-01	4.21348E+00	4.57307E+01
8.00000E-01	4.49438E+00	7.22734E+01
8.00000E-01	4.77528E+00	1.22479E+02
8.00000E-01	5.05618E+00	1.93855E+02
8.00000E-01	5.33708E+00	2.77118E+02
8.00000E-01	5.61798E+00	3.68859E+02
8.00000E-01	5.89888E+00	4.51739E+02
8.00000E-01	6.17978E+00	5.56375E+02
8.00000E-01	6.46067E+00	6.82855E+02
8.00000E-01	6.74157E+00	8.77073E+02
8.00000E-01	7.02247E+00	1.15056E+03
8.00000E-01	7.30337E+00	1.51306E+03
8.00000E-01	7.58427E+00	1.87681E+03
8.00000E-01	7.86517E+00	2.27950E+03
8.00000E-01	8.14607E+00	2.77603E+03
8.00000E-01	8.42697E+00	3.30548E+03
8.00000E-01	8.70787E+00	3.93783E+03
8.00000E-01	8.98876E+00	4.58374E+03
8.00000E-01	9.26966E+00	5.19478E+03
8.00000E-01	9.55056E+00	5.63451E+03
8.00000E-01	9.83146E+00	6.11075E+03
8.00000E-01	1.01124E+01	6.58895E+03
8.00000E-01	1.03933E+01	7.17025E+03
8.00000E-01	1.06742E+01	7.98274E+03
8.00000E-01	1.09551E+01	8.83962E+03
8.00000E-01	1.12360E+01	1.00051E+04
8.00000E-01	1.15169E+01	1.10740E+04
8.00000E-01	1.17978E+01	1.24280E+04
8.00000E-01	1.20787E+01	1.36402E+04
8.00000E-01	1.23596E+01	1.51605E+04
8.00000E-01	1.26404E+01	1.66543E+04
8.00000E-01	1.29213E+01	1.81009E+04
8.00000E-01	1.32022E+01	1.94829E+04
8.00000E-01	1.34831E+01	2.07609E+04
8.00000E-01	1.37640E+01	2.20798E+04
8.00000E-01	1.40449E+01	2.33275E+04
8.00000E-01	1.43258E+01	2.46628E+04
8.00000E-01	1.46067E+01	2.58965E+04
8.00000E-01	1.48876E+01	2.71041E+04
8.00000E-01	1.51685E+01	2.81587E+04
8.00000E-01	1.54494E+01	2.90720E+04
8.00000E-01	1.57303E+01	2.98587E+04
8.00000E-01	1.60112E+01	3.05408E+04
8.00000E-01	1.62921E+01	3.11836E+04
8.00000E-01	1.65730E+01	3.17250E+04
8.00000E-01	1.68539E+01	3.22626E+04
8.00000E-01	1.71348E+01	3.27444E+04
8.00000E-01	1.74157E+01	3.32099E+04
8.00000E-01	1.76966E+01	3.36545E+04
8.00000E-01	1.79775E+01	3.40253E+04
8.00000E-01	1.82584E+01	3.43649E+04
8.00000E-01	1.85393E+01	3.46340E+04
8.00000E-01	1.88202E+01	3.49173E+04
8.00000E-01	1.91011E+01	3.50931E+04
8.00000E-01	1.93820E+01	3.52892E+04
8.00000E-01	1.96629E+01	3.54351E+04
8.00000E-01	1.99438E+01	3.54871E+04
8.00000E-01	2.02247E+01	3.54851E+04
8.00000E-01	2.05056E+01	3.54372E+04
8.00000E-01	2.07865E+01	3.53887E+04
8.00000E-01	2.10674E+01	3.52924E+04
8.00000E-01	2.13483E+01	3.52262E+04
8.00000E-01	2.16292E+01	3.51612E+04
8.00000E-01	2.19101E+01	3.50870E+04
8.00000E-01	2.21910E+01	3.49790E+04
8.00000E-01	2.24719E+01	3.48583E+04
8.00000E-01	2.27528E+01	3.47259E+04
8.00000E-01	2.30337E+01	3.44559E+04
8.00000E-01	2.33146E+01	3.42224E+04
8.00000E-01	2.35955E+01	3.40840E+04
8.00000E-01	2.38764E+01	3.39015E+04
8.00000E-01	2.41573E+01	3.36173E+04
8.00000E-01	2.44382E+01	3.34659E+04
8.00000E-01	2.47191E+01	3.33420E+04
8.00000E-01	2.50000E+01	3.31170E+04
9.00000E-01	0.00000E+00	1.22510E-04
9.00000E-01	2.80899E-01	6.16394E-04
9.00000E-01	5.61798E-01	8.67817E-03
9.00000E-01	8.42697E-01	1.65735E-01
9.00000E-01	1.12360E+00	1.49895E+00
9.00000E-01	1.40449E+00	3.61009E+00
9.00000E-01	1.68539E+00	5.16281E+00
9.00000E-01	1.96629E+00	6.27029E+00
9.00000E-01	2.24719E+00	7.42365E+00
9.00000E-01	2.52809E+00	8.83207E+00
9.00000E-01	2.80899E+00	1.06499E+01
9.00000E-01	3.08989E+00	1.42574E+01
9.00000E-01	3.37079E+00	1.94791E+01
9.00000E-01	3.65169E+00	2.59645E+01
9.00000E-01	3.93258E+00	3.37109E+01
9.00000E-01	4.21348E+00	4.62044E+01
9.00000E-01	4.49438E+00	7.31429E+01
9.00000E-01	4.77528E+00	1.23203E+02
9.00000E-01	5.05618E+00	1.94563E+02
9.00000E-01	5.33708E+00	2.77730E+02
9.00000E-01	5.61798E+00	3.68921E+02
9.00000E-01	5.89888E+00	4.52934E+02
9.00000E-01	6.17978E+00	5.56961E+02
9.00000E-01	6.46067E+00	6.85789E+02
9.00000E-01	6.74157E+00	8.79328E+02
9.00000E-01	7.02247E+00	1.15420E+03
9.00000E-01	7.30337E+00	1.51322E+03
9.00000E-01	7.58427E+00	1.87924E+03
9.00000E-01	7.86517E+00	2.28312E+03
9.00000E-01	8.14607E+00	2.77786E+03
9.00000E-01	8.42697E+00	3.31120E+03
9.00000E-01	8.70787E+00	3.93886E+03
9.00000E-01	8.98876E+00	4.58517E+03
9.00000E-01	9.26966E+00	5.18993E+03
9.00000E-01	9.55056E+00	5.63833E+03
9.00000E-01	9.83146E+00	6.10995E+03
9.00000E-01	1.01124E+01	6.59332E+03
9.00000E-01	1.03933E+01	7.17871E+03
9.00000E-01	1.06742E+01	7.98403E+03
9.00000E-01	1.09551E+01	8.85434E+03
9.00000E-01	1.12360E+01	1.00007E+04
9.00000E-01	1.15169E+01	1.10893E+04
9.00000E-01	1.17978E+01	1.24210E+04
9.00000E-01	1.20787E+01	1.36531E+04
9.00000E-01	1.23596E+01	1.51614E+04
9.00000E-01	1.26404E+01	1.66557E+04
9.00000E-01	1.29213E+01	1.81024E+04
9.00000E-01	1.32022E+01	1.94816E+04
9.00000E-01	1.34831E+01	2.07663E+04
9.00000E-01	1.37640E+01	2.20781E+04
9.00000E-01	1.40449E+01	2.33337E+04
9.00000E-01	1.43258E+01	2.46604E+04
9.00000E-01	1.46067E+01	2.58985E+04
9.00000E-01	1.48876E+01	2.71012E+04
9.00000E-01	1.51685E+01	2.81568E+04
9.00000E-01	1.54494E+01	2.90703E+04
9.00000E-01	1.57303E+01	2.98564E+04
9.00000E-01	1.60112E+01	3.05420E+04
9.00000E-01	1.62921E+01	3.11806E+04
9.00000E-01	1.65730E+01	3.17266E+04
9.00000E-01	1.68539E+01	3.22610E+04
9.00000E-01	1.71348E+01	3.27449E+04
9.00000E-01	1.74157E+01	3.32103E+04
9.00000E-01	1.76966E+01	3.36530E+04
9.00000E-01	1.79775E+01	3.40259E+04
9.00000E-01	1.82584E+01	3.43623E+04
9.00000E-01	1.85393E+01	3.46357E+04
9.00000E-01	1.88202E+01	3.49138E+04
9.00000E-01	1.91011E+01	3.50946E+04
9.00000E-01	1.93820E+01	3.52880E+04
9.00000E-01	1.96629E+01	3.54331E+04
9.00000E-01	1.99438E+01	3.54860E+04
9.00000E-01	2.02247E+01	3.54833E+04
9.00000E-01	2.05056E+01	3.54380E+04
9.00000E-01	2.07865E+01	3.53868E+04
9.00000E-01	2.10674E+01	3.52934E+04
9.00000E-01	2.13483E+01	3.52263E+04
9.00000E-01	2.16292E+01	3.51611E+04
9.00000E-01	2.19101E+01	3.50860E+04
9.00000E-01	2.21910E+01	3.49787E+04
9.00000E-01	2.24719E+01	3.48581E+04
9.00000E-01	2.27528E+01	3.47220E+04
9.00000E-01	2.30337E+01	3.44573E+04
9.00000E-01	2.33146E+01	3.42245E+04
9.00000E-01	2.35955E+01	3.40829E+04
9.00000E-01	2.38764E+01	3.38977E+04
9.00000E-01	2.41573E+01	3.36217E+04
9.00000E-01	2.44382E+01	3.34663E+04
9.00000E-01	2.47191E+01	3.33394E+04
9.00000E-01	2.50000E+01	3.31172E+04
1.00000E+00	0.00000E+00	4.16403E-04
1.00000E+00	2.80899E-01	1.66846E-03
1.00000E+00	5.61798E-01	1.66223E-02
1.00000E+00	8.42697E-01	2.19440E-01
1.00000E+00	1.12360E+00	1.56182E+00
1.00000E+00	1.40449E+00	3.62404E+00
1.00000E+00	1.68539E+00	5.16836E+00
1.00000E+00	1.96629E+00	6.28634E+00
1.00000E+00	2.24719E+00	7.44573E+00
1.00000E+00	2.52809E+00	8.85714E+00
1.00000E+00	2.80899E+00	1.07337E+01
1.00000E+00	3.08989E+00	1.43405E+01
1.00000E+00	3.37079E+00	1.95615E+01
1.00000E+00	3.65169E+00	2.60479E+01
1.00000E+00	3.93258E+00	3.39100E+01
1.00000E+00	4.21348E+00	4.67417E+01
1.00000E+00	4.49438E+00	7.40753E+01
1.00000E+00	4.77528E+00	1.24060E+02
1.00000E+00	5.05618E+00	1.95337E+02
1.00000E+00	5.33708E+00	2.78396E+02
1.00000E+00	5.61798E+00	3.69055E+02
1.00000E+00	5.89888E+00	4.54126E+02
1.00000E+00	6.17978E+00	5.57835E+02
1.00000E+00	6.46067E+00	6.88772E+02
1.00000E+00	6.74157E+00	8.82131E+02
1.00000E+00	7.02247E+00	1.15807E+03
1.00000E+00	7.30337E+00	1.51396E+03
1.00000E+00	7.58427E+00	1.88187E+03
1.00000E+00	7.86517E+00	2.28717E+03
1.00000E+00	8.14607E+00	2.78021E+03
1.00000E+00	8.42697E+00	3.31678E+03
1.00000E+00	8.70787E+00	3.94046E+03
1.00000E+00	8.98876E+00	4.58633E+03
1.00000E+00	9.26966E+00	5.18552E+03
1.00000E+00	9.55056E+00	5.64165E+03
1.00000E+00	9.83146E+00	6.11011E+03
1.00000E+00	1.01124E+01	6.59807E+03
1.00000E+00	1.03933E+01	7.18755E+03
1.00000E+00	1.06742E+01	7.98653E+03
1.00000E+00	1.09551E+01	8.86813E+03
1.00000E+00	1.12360E+01	9.99825E+03
1.00000E+00	1.15169E+01	1.11033E+04
1.00000E+00	1.17978E+01	1.24165E+04
1.00000E+00	1.20787E+01	1.36660E+04
1.00000E+00	1.23596E+01	1.51632E+04
1.00000E+00	1.26404E+01	1.66574E+04
1.00000E+00	1.29213E+01	1.81038E+04
1.00000E+00	1.32022E+01	1.94806E+04
1.00000E+00	1.34831E+01	2.07712E+04
1.00000E+00	1.37640E+01	2.20773E+04
1.00000E+00	1.40449E+01	2.33396E+04
1.00000E+00	1.43258E+01	2.46588E+04
1.00000E+00	1.46067E+01	2.59003E+04
1.00000E+00	1.48876E+01	2.70984E+04
1.00000E+00	1.51685E+01	2.81545E+04
1.00000E+00	1.54494E+01	2.90683E+04
1.00000E+00	1.57303E+01	2.98542E+04
1.00000E+00	1.60112E+01	3.05427E+04
1.00000E+00	1.62921E+01	3.11780E+04
1.00000E+00	1.65730E+01	3.17279E+04
1.00000E+00	1.68539E+01	3.22598E+04
1.00000E+00	1.71348E+01	3.27453E+04
1.00000E+00	1.74157E+01	3.32106E+04
1.00000E+00	1.76966E+01	3.36514E+04
1.00000E+00	1.79775E+01	3.40262E+04
1.00000E+00	1.82584E+01	3.43600E+04
1.00000E+00	1.85393E+01	3.46370E+04
1.00000E+00	1.88202E+01	3.49106E+04
1.00000E+00	1.91011E+01	3.50958E+04
1.00000E+00	1.93820E+01	3.52867E+04
1.00000E+00	1.96629E+01	3.54308E+04
1.00000E+00	1.99438E+01	3.54846E+04
1.00000E+00	2.02247E+01	3.54817E+04
1.00000E+00	2.05056E+01	3.54384E+04
1.00000E+00	2.07865E+01	3.53851E+04
1.00000E+00	2.10674E+01	3.52943E+04
1.00000E+00	2.13483E+01	3.52263E+04
1.00000E+00	2.16292E+01	3.51608E+04
1.00000E+00	2.19101E+01	3.50849E+04
1.00000E+00	2.21910E+01	3.49783E+04
1.00000E+00	2.24719E+01	3.48576E+04
1.00000E+00	2.27528E+01	3.47180E+04
1.00000E+00	2.30337E+01	3.44585E+04
1.00000E+00	2.33146E+01	3.42268E+04
1.00000E+00	2.35955E+01	3.40818E+04
1.00000E+00	2.38764E+01	3.38940E+04
1.00000E+00	2.41573E+01	3.36259E+04
1.00000E+00	2.44382E+01	3.34669E+04
1.00000E+00	2.47191E+01	3.33366E+04
1.00000E+00	2.50000E+01	3.31174E+04
1.50000E+00	0.00000E+00	1.62811E-02
1.50000E+00	2.80899E-01	3.51703E-02
1.50000E+00	5.61798E-01	1.30058E-01
1.50000E+00	8.42697E-01	5.69694E-01
1.50000E+00	1.12360E+00	1.90878E+00
1.50000E+00	1.40449E+00	3.72941E+00
1.50000E+00	1.68539E+00	5.21825E+00
1.50000E+00	1.96629E+00	6.38828E+00
1.50000E+00	2.24719E+00	7.59352E+00
1.50000E+00	2.52809E+00	9.07420E+00
1.50000E+00	2.80899E+00	1.12239E+01
1.50000E+00	3.08989E+00	1.48813E+01
1.50000E+00	3.37079E+00	2.01155E+01
1.50000E+00	3.65169E+00	2.67332E+01
1.50000E+00	3.93258E+00	3.54638E+01
1.50000E+00	4.21348E+00	5.03637E+01
1.50000E+00	4.49438E+00	7.97599E+01
1.50000E+00	4.77528E+00	1.29944E+02
1.50000E+00	5.05618E+00	2.00231E+02
1.50000E+00	5.33708E+00	2.82477E+02
1.50000E+00	5.61798E+00	3.71149E+02
1.50000E+00	5.89888E+00	4.60642E+02
1.50000E+00	6.17978E+00	5.66255E+02
1.50000E+00	6.46067E+00	7.05563E+02
1.50000E+00	6.74157E+00	9.02629E+02
1.50000E+00	7.02247E+00	1.18024E+03
1.50000E+00	7.30337E+00	1.52488E+03
1.50000E+00	7.58427E+00	1.89856E+03
1.50000E+00	7.86517E+00	2.31215E+03
1.50000E+00	8.14607E+00	2.79968E+03
1.50000E+00	8.42697E+00	3.34482E+03
1.50000E+00	8.70787E+00	3.95504E+03
1.50000E+00	8.98876E+00	4.58954E+03
1.50000E+00	9.26966E+00	5.16964E+03
1.50000E+00	9.55056E+00	5.65281E+03
1.50000E+00	9.83146E+00	6.12128E+03
1.50000E+00	1.01124E+01	6.62787E+03
1.50000E+00	1.03933E+01	7.23682E+03
1.50000E+00	1.06742E+01	8.01735E+03
1.50000E+00	1.09551E+01	8.93016E+03
1.50000E+00	1.12360E+01	1.00118E+04
1.50000E+00	1.15169E+01	1.11607E+04
1.50000E+00	1.17978E+01	1.24241E+04
1.50000E+00	1.20787E+01	1.37277E+04
1.50000E+00	1.23596E+01	1.51839E+04
1.50000E+00	1.26404E+01	1.66684E+04
1.50000E+00	1.29213E+01	1.81099E+04
1.50000E+00	1.32022E+01	1.94817E+04
1.50000E+00	1.34831E+01	2.07907E+04
1.50000E+00	1.37640E+01	2.20845E+04
1.50000E+00	1.40449E+01	2.33650E+04
1.50000E+00	1.43258E+01	2.46592E+04
1.50000E+00	1.46067E+01	2.59054E+04
1.50000E+00	1.48876E+01	2.70848E+04
1.50000E+00	1.51685E+01	2.81391E+04
1.50000E+00	1.54494E+01	2.90541E+04
1.50000E+00	1.57303E+01	2.98431E+04
1.50000E+00	1.60112E+01	3.05403E+04
1.50000E+00	1.62921E+01	3.11681E+04
1.50000E+00	1.65730E+01	3.17303E+04
1.50000E+00	1.68539E+01	3.22563E+04
1.50000E+00	1.71348E+01	3.27465E+04
1.50000E+00	1.74157E+01	3.32105E+04
1.50000E+00	1.76966E+01	3.36438E+04
1.50000E+00	1.79775E+01	3.40229E+04
1.50000E+00	1.82584E+01	3.43519E+04
1.50000E+00	1.85393E+01	3.46385E+04
1.50000E+00	1.88202E+01	3.48975E+04
1.50000E+00	1.91011E+01	3.50977E+04
1.50000E+00	1.93820E+01	3.52795E+04
1.50000E+00	1.96629E+01	3.54165E+04
1.50000E+00	1.99438E+01	3.54746E+04
1.50000E+00	2.02247E+01	3.54737E+04
1.50000E+00	2.05056E+01	3.54367E+04
1.50000E+00	2.07865E+01	3.53784E+04
1.50000E+00	2.10674E+01	3.52978E+04
1.50000E+00	2.13483E+01	3.52268E+04
1.50000E+00	2.16292E+01	3.51588E+04
1.50000E+00	2.19101E+01	3.50793E+04
1.50000E+00	2.21910E+01	3.49749E+04
1.50000E+00	2.24719E+01	3.48523E+04
1.50000E+00	2.27528E+01	3.46978E+04
1.50000E+00	2.30337E+01	3.44620E+04
1.50000E+00	2.33146E+01	3.42390E+04
1.50000E+00	2.35955E+01	3.40747E+04
1.50000E+00	2.38764E+01	3.38799E+04
1.50000E+00	2.41573E+01	3.36430E+04
1.50000E+00	2.44382E+01	3.34709E+04
1.50000E+00	2.47191E+01	3.33226E+04
1.50000E+00	2.50000E+01	3.31186E+04
2.00000E+00	0.00000E+00	1.00703E-01
2.00000E+00	2.80899E-01	1.68121E-01
2.00000E+00	5.61798E-01	3.89580E-01
2.00000E+00	8.42697E-01	1.01500E+00
2.00000E+00	1.12360E+00	2.29678E+00
2.00000E+00	1.40449E+00	3.90181E+00
2.00000E+00	1.68539E+00	5.32089E+00
2.00000E+00	1.96629E+00	6.53956E+00
2.00000E+00	2.24719E+00	7.82438E+00
2.00000E+00	2.52809E+00	9.45055E+00
2.00000E+00	2.80899E+00	1.18560E+01
2.00000E+00	3.08989E+00	1.56438E+01
2.00000E+00	3.37079E+00	2.09969E+01
2.00000E+00	3.65169E+00	2.80606E+01
2.00000E+00	3.93258E+00	3.81638E+01
2.00000E+00	4.21348E+00	5.55270E+01
2.00000E+00	4.49438E+00	8.71097E+01
2.00000E+00	4.77528E+00	1.37832E+02
2.00000E+00	5.05618E+00	2.06914E+02
2.00000E+00	5.33708E+00	2.88057E+02
2.00000E+00	5.61798E+00	3.76063E+02
2.00000E+00	5.89888E+00	4.69507E+02
2.00000E+00	6.17978E+00	5.80451E+02
2.00000E+00	6.46067E+00	7.27325E+02
2.00000E+00	6.74157E+00	9.30744E+02
2.00000E+00	7.02247E+00	1.20759E+03
2.00000E+00	7.30337E+00	1.54581E+03
2.00000E+00	7.58427E+00	1.92261E+03
2.00000E+00	7.86517E+00	2.34373E+03
2.00000E+00	8.14607E+00	2.82991E+03
2.00000E+00	8.42697E+00	3.37613E+03
2.00000E+00	8.70787E+00	3.97580E+03
2.00000E+00	8.98876E+00	4.59261E+03
2.00000E+00	9.26966E+00	5.16209E+03
2.00000E+00	9.55056E+00	5.66164E+03
2.00000E+00	9.83146E+00	6.14391E+03
2.00000E+00	1.01124E+01	6.66874E+03
2.00000E+00	1.03933E+01	7.29522E+03
2.00000E+00	1.06742E+01	8.07246E+03
2.00000E+00	1.09551E+01	8.99355E+03
2.00000E+00	1.12360E+01	1.00563E+04
2.00000E+00	1.15169E+01	1.12146E+04
2.00000E+00	1.17978E+01	1.24644E+04
2.00000E+00	1.20787E+01	1.37881E+04
2.00000E+00	1.23596E+01	1.52195E+04
2.00000E+00	1.26404E+01	1.66861E+04
2.00000E+00	1.29213E+01	1.81190E+04
2.00000E+00	1.32022E+01	1.94903E+04
2.00000E+00	1.34831E+01	2.08087E+04
2.00000E+00	1.37640E+01	2.21027E+04
2.00000E+00	1.40449E+01	2.33875E+04
2.00000E+00	1.43258E+01	2.46676E+04
2.00000E+00	1.46067E+01	2.59062E+04
2.00000E+00	1.48876E+01	2.70706E+04
2.00000E+00	1.51685E+01	2.81190E+04
2.00000E+00	1.54494E+01	2.90349E+04
2.00000E+00	1.57303E+01	2.98296E+04
2.00000E+00	1.60112E+01	3.05317E+04
2.00000E+00	1.62921E+01	3.11602E+04
2.00000E+00	1.65730E+01	3.17283E+04
2.00000E+00	1.68539E+01	3.22544E+04
2.00000E+00	1.71348E+01	3.27461E+04
2.00000E+00	1.74157E+01	3.32084E+04
2.00000E+00	1.76966E+01	3.36362E+04
2.00000E+00	1.79775E+01	3.40154E+04
2.00000E+00	1.82584E+01	3.43450E+04
2.00000E+00	1.85393E+01	3.46342E+04
2.00000E+00	1.88202E+01	3.48872E+04
2.00000E+00	1.91011E+01	3.50938E+04
2.00000E+00	1.93820E+01	3.52696E+04
2.00000E+00	1.96629E+01	3.53994E+04
2.00000E+00	1.99438E+01	3.54605E+04
2.00000E+00	2.02247E+01	3.54642E+04
2.00000E+00	2.05056E+01	3.54310E+04
2.00000E+00	2.07865E+01	3.53732E+04
2.00000E+00	2.10674E+01	3.52989E+04
2.00000E+00	2.13483E+01	3.52270E+04
2.00000E+00	2.16292E+01	3.51557E+04
2.00000E+00	2.19101E+01	3.50729E+04
2.00000E+00	2.21910E+01	3.49686E+04
2.00000E+00	2.24719E+01	3.48424E+04
2.00000E+00	2.27528E+01	3.46799E+04
2.00000E+00	2.30337E+01	3.44622E+04
2.00000E+00	2.33146E+01	3.42482E+04
2.00000E+00	2.35955E+01	3.40683E+04
2.00000E+00	2.38764E+01	3.38712E+04
2.00000E+00	2.41573E+01	3.36540E+04
2.00000E+00	2.44382E+01	3.34746E+04
2.00000E+00	2.47191E+01	3.33121E+04
2.00000E+00	2.50000E+01	3.31205E+04
2.50000E+00	0.00000E+00	2.98071E-01
2.50000E+00	2.80899E-01	4.33304E-01
2.50000E+00	5.61798E-01	7.71742E-01
2.50000E+00	8.42697E-01	1.51060E+00
2.50000E+00	1.12360E+00	2.72189E+00
2.50000E+00	1.40449E+00	4.15441E+00
2.50000E+00	1.68539E+00	5.50574E+00
2.50000E+00	1.96629E+00	6.77379E+00
2.50000E+00	2.24719E+00	8.17459E+00
2.50000E+00	2.52809E+00	9.99993E+00
2.50000E+00	2.80899E+00	1.26772E+01
2.50000E+00	3.08989E+00	1.67020E+01
2.50000E+00	3.37079E+00	2.23965E+01
2.50000E+00	3.65169E+00	3.02977E+01
2.50000E+00	3.93258E+00	4.21959E+01
2.50000E+00	4.21348E+00	6.21873E+01
2.50000E+00	4.49438E+00	9.59659E+01
2.50000E+00	4.77528E+00	1.47315E+02
2.50000E+00	5.05618E+00	2.15456E+02
2.50000E+00	5.33708E+00	2.95730E+02
2.50000E+00	5.61798E+00	3.84279E+02
2.50000E+00	5.89888E+00	4.82069E+02
2.50000E+00	6.17978E+00	5.99867E+02
2.50000E+00	6.46067E+00	7.54696E+02
2.50000E+00	6.74157E+00	9.64454E+02
2.50000E+00	7.02247E+00	1.24086E+03
2.50000E+00	7.30337E+00	1.57566E+03
2.50000E+00	7.58427E+00	1.95491E+03
2.50000E+00	7.86517E+00	2.38172E+03
2.50000E+00	8.14607E+00	2.86806E+03
2.50000E+00	8.42697E+00	3.41157E+03
2.50000E+00	8.70787E+00	3.99998E+03
2.50000E+00	8.98876E+00	4.59958E+03
2.50000E+00	9.26966E+00	5.16219E+03
2.50000E+00	9.55056E+00	5.67449E+03
2.50000E+00	9.83146E+00	6.17533E+03
2.50000E+00	1.01124E+01	6.72038E+03
2.50000E+00	1.03933E+01	7.36374E+03
2.50000E+00	1.06742E+01	8.14461E+03
2.50000E+00	1.09551E+01	9.06698E+03
2.50000E+00	1.12360E+01	1.01207E+04
2.50000E+00	1.15169E+01	1.12779E+04
2.50000E+00	1.17978E+01	1.25242E+04
2.50000E+00	1.20787E+01	1.38524E+04
2.50000E+00	1.23596E+01	1.52654E+04
2.50000E+00	1.26404E+01	1.67120E+04
2.50000E+00	1.29213E+01	1.81342E+04
2.50000E+00	1.32022E+01	1.95050E+04
2.50000E+00	1.34831E+01	2.08291E+04
2.50000E+00	1.37640E+01	2.21261E+04
2.50000E+00	1.40449E+01	2.34101E+04
2.50000E+00	1.43258E+01	2.46789E+04
2.50000E+00	1.46067E+01	2.59051E+04
2.50000E+00	1.48876E+01	2.70553E+04
2.50000E+00	1.51685E+01	2.80961E+04
2.50000E+00	1.54494E+01	2.90123E+04
2.50000E+00	1.57303E+01	2.98124E+04
2.50000E+00	1.60112E+01	3.05193E+04
2.50000E+00	1.62921E+01	3.11513E+04
2.50000E+00	1.65730E+01	3.17239E+04
2.50000E+00	1.68539E+01	3.22518E+04
2.50000E+00	1.71348E+01	3.27442E+04
2.50000E+00	1.74157E+01	3.32043E+04
2.50000E+00	1.76966E+01	3.36280E+04
2.50000E+00	1.79775E+01	3.40060E+04
2.50000E+00	1.82584E+01	3.43366E+04
2.50000E+00	1.85393E+01	3.46262E+04
2.50000E+00	1.88202E+01	3.48767E+04
2.50000E+00	1.91011E+01	3.50851E+04
2.50000E+00	1.93820E+01	3.52565E+04
2.50000E+00	1.96629E+01	3.53805E+04
2.50000E+00	1.99438E+01	3.54433E+04
2.50000E+00	2.02247E+01	3.54518E+04
2.50000E+00	2.05056E+01	3.54226E+04
2.50000E+00	2.07865E+01	3.53678E+04
2.50000E+00	2.10674E+01	3.52980E+04
2.50000E+00	2.13483E+01	3.52259E+04
2.50000E+00	2.16292E+01	3.51514E+04
2.50000E+00	2.19101E+01	3.50655E+04
2.50000E+00	2.21910E+01	3.49596E+04
2.50000E+00	2.24719E+01	3.48295E+04
2.50000E+00	2.27528E+01	3.46643E+04
2.50000E+00	2.30337E+01	3.44596E+04
2.50000E+00	2.33146E+01	3.42528E+04
2.50000E+00	2.35955E+01	3.40636E+04
2.50000E+00	2.38764E+01	3.38662E+04
2.50000E+00	2.41573E+01	3.36606E+04
2.50000E+00	2.44382E+01	3.34774E+04
2.50000E+00	2.47191E+01	3.33063E+04
2.50000E+00	2.50000E+01	3.31234E+04
3.00000E+00	0.00000E+00	6.12893E-01
3.00000E+00	2.80899E-01	8.17223E-01
3.00000E+00	5.61798E-01	1.24071E+00
3.00000E+00	8.42697E-01	2.03084E+00
3.00000E+00	1.12360E+00	3.18216E+00
3.00000E+00	1.40449E+00	4.49831E+00
3.00000E+00	1.68539E+00	5.80758E+00
3.00000E+00	1.96629E+00	7.14037E+00
3.00000E+00	2.24719E+00	8.69541E+00
3.00000E+00	2.52809E+00	1.07713E+01
3.00000E+00	2.80899E+00	1.37822E+01
3.00000E+00	3.08989E+00	1.82058E+01
3.00000E+00	3.37079E+00	2.45350E+01
3.00000E+00	3.65169E+00	3.36595E+01
3.00000E+00	3.93258E+00	4.76500E+01
3.00000E+00	4.21348E+00	7.02984E+01
3.00000E+00	4.49438E+00	1.06224E+02
3.00000E+00	4.77528E+00	1.58332E+02
3.00000E+00	5.05618E+00	2.26029E+02
3.00000E+00	5.33708E+00	3.06102E+02
3.00000E+00	5.61798E+00	3.96302E+02
3.00000E+00	5.89888E+00	4.99094E+02
3.00000E+00	6.17978E+00	6.24449E+02
3.00000E+00	6.46067E+00	7.87458E+02
3.00000E+00	6.74157E+00	1.00325E+03
3.00000E+00	7.02247E+00	1.28035E+03
3.00000E+00	7.30337E+00	1.61384E+03
3.00000E+00	7.58427E+00	1.99524E+03
3.00000E+00	7.86517E+00	2.42597E+03
3.00000E+00	8.14607E+00	2.91220E+03
3.00000E+00	8.42697E+00	3.45088E+03
3.00000E+00	8.70787E+00	4.02761E+03
3.00000E+00	8.98876E+00	4.61259E+03
3.00000E+00	9.26966E+00	5.17080E+03
3.00000E+00	9.55056E+00	5.69476E+03
3.00000E+00	9.83146E+00	6.21554E+03
3.00000E+00	1.01124E+01	6.78202E+03
3.00000E+00	1.03933E+01	7.44237E+03
3.00000E+00	1.06742E+01	8.23002E+03
3.00000E+00	1.09551E+01	9.15268E+03
3.00000E+00	1.12360E+01	1.02008E+04
3.00000E+00	1.15169E+01	1.13543E+04
3.00000E+00	1.17978E+01	1.25978E+04
3.00000E+00	1.20787E+01	1.39230E+04
3.00000E+00	1.23596E+01	1.53196E+04
3.00000E+00	1.26404E+01	1.67467E+04
3.00000E+00	1.29213E+01	1.81571E+04
3.00000E+00	1.32022E+01	1.95258E+04
3.00000E+00	1.34831E+01	2.08531E+04
3.00000E+00	1.37640E+01	2.21522E+04
3.00000E+00	1.40449E+01	2.34330E+04
3.00000E+00	1.43258E+01	2.46908E+04
3.00000E+00	1.46067E+01	2.59030E+04
3.00000E+00	1.48876E+01	2.70392E+04
3.00000E+00	1.51685E+01	2.80717E+04
3.00000E+00	1.54494E+01	2.89872E+04
3.00000E+00	1.57303E+01	2.97919E+04
3.00000E+00	1.60112E+01	3.05038E+04
3.00000E+00	1.62921E+01	3.11404E+04
3.00000E+00	1.65730E+01	3.17172E+04
3.00000E+00	1.68539E+01	3.22476E+04
3.00000E+00	1.71348E+01	3.27403E+04
3.00000E+00	1.74157E+01	3.31984E+04
3.00000E+00	1.76966E+01	3.36188E+04
3.00000E+00	1.79775E+01	3.39952E+04
3.00000E+00	1.82584E+01	3.43262E+04
3.00000E+00	1.85393E+01	3.46155E+04
3.00000E+00	1.88202E+01	3.48646E+04
3.00000E+00	1.91011E+01	3.50725E+04
3.00000E+00	1.93820E+01	3.52401E+04
3.00000E+00	1.96629E+01	3.53600E+04
3.00000E+00	1.99438E+01	3.54239E+04
3.00000E+00	2.02247E+01	3.54369E+04
3.00000E+00	2.05056E+01	3.54120E+04
3.00000E+00	2.07865E+01	3.53611E+04
3.00000E+00	2.10674E+01	3.52950E+04
3.00000E+00	2.13483E+01	3.52230E+04
3.00000E+00	2.16292E+01	3.51458E+04
3.00000E+00	2.19101E+01	3.50566E+04
3.00000E+00	2.21910E+01	3.49482E+04
3.00000E+00	2.24719E+01	3.48151E+04
3.00000E+00	2.27528E+01	3.46499E+04
3.00000E+00	2.30337E+01	3.44547E+04
3.00000E+00	2.33146E+01	3.42535E+04
3.00000E+00	2.35955E+01	3.40601E+04
3.00000E+00	2.38764E+01	3.38632E+04
3.00000E+00	2.41573E+01	3.36643E+04
3.00000E+00	2.44382E+01	3.34796E+04
3.00000E+00	2.47191E+01	3.33042E+04
3.00000E+00	2.50000E+01	3.31273E+04
3.50000E+00	0.00000E+00	1.03023E+00
3.50000E+00	2.80899E-01	1.29548E+00
3.50000E+00	5.61798E-01	1.77780E+00
3.50000E+00	8.42697E-01	2.57979E+00
3.50000E+00	1.12360E+00	3.68879E+00
3.50000E+00	1.40449E+00	4.94978E+00
3.50000E+00	1.68539E+00	6.26614E+00
3.50000E+00	1.96629E+00	7.70307E+00
3.50000E+00	2.24719E+00	9.46538E+00
3.50000E+00	2.52809E+00	1.18636E+01
3.50000E+00	2.80899E+00	1.53187E+01
3.50000E+00	3.08989E+00	2.03490E+01
3.50000E+00	3.37079E+00	2.76236E+01
3.50000E+00	3.65169E+00	3.83031E+01
3.50000E+00	3.93258E+00	5.45777E+01
3.50000E+00	4.21348E+00	7.98610E+01
3.50000E+00	4.49438E+00	1.17913E+02
3.50000E+00	4.77528E+00	1.71031E+02
3.50000E+00	5.05618E+00	2.38937E+02
3.50000E+00	5.33708E+00	3.19707E+02
3.50000E+00	5.61798E+00	4.12582E+02
3.50000E+00	5.89888E+00	5.21005E+02
3.50000E+00	6.17978E+00	6.54231E+02
3.50000E+00	6.46067E+00	8.25394E+02
3.50000E+00	6.74157E+00	1.04710E+03
3.50000E+00	7.02247E+00	1.32603E+03
3.50000E+00	7.30337E+00	1.65969E+03
3.50000E+00	7.58427E+00	2.04299E+03
3.50000E+00	7.86517E+00	2.47609E+03
3.50000E+00	8.14607E+00	2.96128E+03
3.50000E+00	8.42697E+00	3.49401E+03
3.50000E+00	8.70787E+00	4.05963E+03
3.50000E+00	8.98876E+00	4.63299E+03
3.50000E+00	9.26966E+00	5.18899E+03
3.50000E+00	9.55056E+00	5.72436E+03
3.50000E+00	9.83146E+00	6.26508E+03
3.50000E+00	1.01124E+01	6.85318E+03
3.50000E+00	1.03933E+01	7.53069E+03
3.50000E+00	1.06742E+01	8.32679E+03
3.50000E+00	1.09551E+01	9.25050E+03
3.50000E+00	1.12360E+01	1.02947E+04
3.50000E+00	1.15169E+01	1.14437E+04
3.50000E+00	1.17978E+01	1.26828E+04
3.50000E+00	1.20787E+01	1.40009E+04
3.50000E+00	1.23596E+01	1.53816E+04
3.50000E+00	1.26404E+01	1.67902E+04
3.50000E+00	1.29213E+01	1.81883E+04
3.50000E+00	1.32022E+01	1.95528E+04
3.50000E+00	1.34831E+01	2.08808E+04
3.50000E+00	1.37640E+01	2.21800E+04
3.50000E+00	1.40449E+01	2.34559E+04
3.50000E+00	1.43258E+01	2.47025E+04
3.50000E+00	1.46067E+01	2.59002E+04
3.50000E+00	1.48876E+01	2.70226E+04
3.50000E+00	1.51685E+01	2.80465E+04
3.50000E+00	1.54494E+01	2.89604E+04
3.50000E+00	1.57303E+01	2.97686E+04
3.50000E+00	1.60112E+01	3.04855E+04
3.50000E+00	1.62921E+01	3.11271E+04
3.50000E+00	1.65730E+01	3.17082E+04
3.50000E+00	1.68539E+01	3.22412E+04
3.50000E+00	1.71348E+01	3.27344E+04
3.50000E+00	1.74157E+01	3.31907E+04
3.50000E+00	1.76966E+01	3.36082E+04
3.50000E+00	1.79775E+01	3.39829E+04
3.50000E+00	1.82584E+01	3.43136E+04
3.50000E+00	1.85393E+01	3.46022E+04
3.50000E+00	1.88202E+01	3.48500E+04
3.50000E+00	1.91011E+01	3.50565E+04
3.50000E+00	1.93820E+01	3.52208E+04
3.50000E+00	1.96629E+01	3.53378E+04
3.50000E+00	1.99438E+01	3.54027E+04
3.50000E+00	2.02247E+01	3.54196E+04
3.50000E+00	2.05056E+01	3.53992E+04
3.50000E+00	2.07865E+01	3.53526E+04
3.50000E+00	2.10674E+01	3.52897E+04
3.50000E+00	2.13483E+01	3.52180E+04
3.50000E+00	2.16292E+01	3.51385E+04
3.50000E+00	2.19101E+01	3.50462E+04
3.50000E+00	2.21910E+01	3.49351E+04
3.50000E+00	2.24719E+01	3.47999E+04
3.50000E+00	2.27528E+01	3.46361E+04
3.50000E+00	2.30337E+01	3.44478E+04
3.50000E+00	2.33146E+01	3.42513E+04
3.50000E+00	2.35955E+01	3.40569E+04
3.50000E+00	2.38764E+01	3.38612E+04
3.50000E+00	2.41573E+01	3.36664E+04
3.50000E+00	2.44382E+01	3.34814E+04
3.50000E+00	2.47191E+01	3.33047E+04
3.50000E+00	2.50000E+01	3.31321E+04
4.00000E+00	0.00000E+00	1.54095E+00
4.00000E+00	2.80899E-01	1.85864E+00
4.00000E+00	5.61798E-01	2.38533E+00
4.00000E+00	8.42697E-01	3.18872E+00
4.00000E+00	1.12360E+00	4.27927E+00
4.00000E+00	1.40449E+00	5.54637E+00
4.00000E+00	1.68539E+00	6.93770E+00
4.00000E+00	1.96629E+00	8.54629E+00
4.00000E+00	2.24719E+00	1.05960E+01
4.00000E+00	2.52809E+00	1.34210E+01
4.00000E+00	2.80899E+00	1.74731E+01
4.00000E+00	3.08989E+00	2.33424E+01
4.00000E+00	3.37079E+00	3.18569E+01
4.00000E+00	3.65169E+00	4.43607E+01
4.00000E+00	3.93258E+00	6.30494E+01
4.00000E+00	4.21348E+00	9.09591E+01
4.00000E+00	4.49438E+00	1.31200E+02
4.00000E+00	4.77528E+00	1.85697E+02
4.00000E+00	5.05618E+00	2.54565E+02
4.00000E+00	5.33708E+00	3.36995E+02
4.00000E+00	5.61798E+00	4.33468E+02
4.00000E+00	5.89888E+00	5.48036E+02
4.00000E+00	6.17978E+00	6.89239E+02
4.00000E+00	6.46067E+00	8.68411E+02
4.00000E+00	6.74157E+00	1.09604E+03
4.00000E+00	7.02247E+00	1.37771E+03
4.00000E+00	7.30337E+00	1.71254E+03
4.00000E+00	7.58427E+00	2.09742E+03
4.00000E+00	7.86517E+00	2.53167E+03
4.00000E+00	8.14607E+00	3.01489E+03
4.00000E+00	8.42697E+00	3.54133E+03
4.00000E+00	8.70787E+00	4.09713E+03
4.00000E+00	8.98876E+00	4.66178E+03
4.00000E+00	9.26966E+00	5.21759E+03
4.00000E+00	9.55056E+00	5.76438E+03
4.00000E+00	9.83146E+00	6.32447E+03
4.00000E+00	1.01124E+01	6.93368E+03
4.00000E+00	1.03933E+01	7.62824E+03
4.00000E+00	1.06742E+01	8.43376E+03
4.00000E+00	1.09551E+01	9.35955E+03
4.00000E+00	1.12360E+01	1.04008E+04
4.00000E+00	1.15169E+01	1.15449E+04
4.00000E+00	1.17978E+01	1.27779E+04
4.00000E+00	1.20787E+01	1.40863E+04
4.00000E+00	1.23596E+01	1.54512E+04
4.00000E+00	1.26404E+01	1.68424E+04
4.00000E+00	1.29213E+01	1.82276E+04
4.00000E+00	1.32022E+01	1.95861E+04
4.00000E+00	1.34831E+01	2.09123E+04
4.00000E+00	1.37640E+01	2.22092E+04
4.00000E+00	1.40449E+01	2.34787E+04
4.00000E+00	1.43258E+01	2.47137E+04
4.00000E+00	1.46067E+01	2.58969E+04
4.00000E+00	1.48876E+01	2.70060E+04
4.00000E+00	1.51685E+01	2.80211E+04
4.00000E+00	1.54494E+01	2.89326E+04
4.00000E+00	1.57303E+01	2.97433E+04
4.00000E+00	1.60112E+01	3.04648E+04
4.00000E+00	1.62921E+01	3.11113E+04
4.00000E+00	1.65730E+01	3.16967E+04
4.00000E+00	1.68539E+01	3.22324E+04
4.00000E+00	1.71348E+01	3.27260E+04
4.00000E+00	1.74157E+01	3.31809E+04
4.00000E+00	1.76966E+01	3.35960E+04
4.00000E+00	1.79775E+01	3.39690E+04
4.00000E+00	1.82584E+01	3.42988E+04
4.00000E+00	1.85393E+01	3.45865E+04
4.00000E+00	1.88202E+01	3.48328E+04
4.00000E+00	1.91011E+01	3.50374E+04
4.00000E+00	1.93820E+01	3.51990E+04
4.00000E+00	1.96629E+01	3.53139E+04
4.00000E+00	1.99438E+01	3.53797E+04
4.00000E+00	2.02247E+01	3.54003E+04
4.00000E+00	2.05056E+01	3.53843E+04
4.00000E+00	2.07865E+01	3.53419E+04
4.00000E+00	2.10674E+01	3.52819E+04
4.00000E+00	2.13483E+01	3.52107E+04
4.00000E+00	2.16292E+01	3.51293E+04
4.00000E+00	2.19101E+01	3.50343E+04
4.00000E+00	2.21910E+01	3.49208E+04
4.00000E+00	2.24719E+01	3.47842E+04
4.00000E+00	2.27528E+01	3.46222E+04
4.00000E+00	2.30337E+01	3.44393E+04
4.00000E+00	2.33146E+01	3.42470E+04
4.00000E+00	2.35955E+01	3.40535E+04
4.00000E+00	2.38764E+01	3.38595E+04
4.00000E+00	2.41573E+01	3.36676E+04
4.00000E+00	2.44382E+01	3.34833E+04
4.00000E+00	2.47191E+01	3.33068E+04
4.00000E+00	2.50000E+01	3.31375E+04
5.00000E+00	0.00000E+00	2.92117E+00
5.00000E+00	2.80899E-01	3.34450E+00
5.00000E+00	5.61798E-01	3.97233E+00
5.00000E+00	8.42697E-01	4.84400E+00
5.00000E+00	1.12360E+00	6.01643E+00
5.00000E+00	1.40449E+00	7.49628E+00
5.00000E+00	1.68539E+00	9.29923E+00
5.00000E+00	1.96629E+00	1.15591E+01
5.00000E+00	2.24719E+00	1.45484E+01
5.00000E+00	2.52809E+00	1.86743E+01
5.00000E+00	2.80899E+00	2.44944E+01
5.00000E+00	3.08989E+00	3.27652E+01
5.00000E+00	3.37079E+00	4.45450E+01
5.00000E+00	3.65169E+00	6.13424E+01
5.00000E+00	3.93258E+00	8.52054E+01
5.00000E+00	4.21348E+00	1.18565E+02
5.00000E+00	4.49438E+00	1.63755E+02
5.00000E+00	4.77528E+00	2.22453E+02
5.00000E+00	5.05618E+00	2.95588E+02
5.00000E+00	5.33708E+00	3.84045E+02
5.00000E+00	5.61798E+00	4.89965E+02
5.00000E+00	5.89888E+00	6.17896E+02
5.00000E+00	6.17978E+00	7.74960E+02
5.00000E+00	6.46067E+00	9.69572E+02
5.00000E+00	6.74157E+00	1.20916E+03
5.00000E+00	7.02247E+00	1.49799E+03
5.00000E+00	7.30337E+00	1.83673E+03
5.00000E+00	7.58427E+00	2.22405E+03
5.00000E+00	7.86517E+00	2.65820E+03
5.00000E+00	8.14607E+00	3.13608E+03
5.00000E+00	8.42697E+00	3.65108E+03
5.00000E+00	8.70787E+00	4.19237E+03
5.00000E+00	8.98876E+00	4.74737E+03
5.00000E+00	9.26966E+00	5.30800E+03
5.00000E+00	9.55056E+00	5.87783E+03
5.00000E+00	9.83146E+00	6.47400E+03
5.00000E+00	1.01124E+01	7.12246E+03
5.00000E+00	1.03933E+01	7.84965E+03
5.00000E+00	1.06742E+01	8.67506E+03
5.00000E+00	1.09551E+01	9.60729E+03
5.00000E+00	1.12360E+01	1.06445E+04
5.00000E+00	1.15169E+01	1.17778E+04
5.00000E+00	1.17978E+01	1.29946E+04
5.00000E+00	1.20787E+01	1.42795E+04
5.00000E+00	1.23596E+01	1.56131E+04
5.00000E+00	1.26404E+01	1.69711E+04
5.00000E+00	1.29213E+01	1.83294E+04
5.00000E+00	1.32022E+01	1.96706E+04
5.00000E+00	1.34831E+01	2.09857E+04
5.00000E+00	1.37640E+01	2.22713E+04
5.00000E+00	1.40449E+01	2.35237E+04
5.00000E+00	1.43258E+01	2.47344E+04
5.00000E+00	1.46067E+01	2.58898E+04
5.00000E+00	1.48876E+01	2.69733E+04
5.00000E+00	1.51685E+01	2.79710E+04
5.00000E+00	1.54494E+01	2.88758E+04
5.00000E+00	1.57303E+01	2.96886E+04
5.00000E+00	1.60112E+01	3.04173E+04
5.00000E+00	1.62921E+01	3.10726E+04
5.00000E+00	1.65730E+01	3.16658E+04
5.00000E+00	1.68539E+01	3.22065E+04
5.00000E+00	1.71348E+01	3.27015E+04
5.00000E+00	1.74157E+01	3.31544E+04
5.00000E+00	1.76966E+01	3.35659E+04
5.00000E+00	1.79775E+01	3.39354E+04
5.00000E+00	1.82584E+01	3.42625E+04
5.00000E+00	1.85393E+01	3.45474E+04
5.00000E+00	1.88202E+01	3.47904E+04
5.00000E+00	1.91011E+01	3.49911E+04
5.00000E+00	1.93820E+01	3.51485E+04
5.00000E+00	1.96629E+01	3.52611E+04
5.00000E+00	1.99438E+01	3.53292E+04
5.00000E+00	2.02247E+01	3.53560E+04
5.00000E+00	2.05056E+01	3.53481E+04
5.00000E+00	2.07865E+01	3.53134E+04
5.00000E+00	2.10674E+01	3.52586E+04
5.00000E+00	2.13483E+01	3.51886E+04
5.00000E+00	2.16292E+01	3.51049E+04
5.00000E+00	2.19101E+01	3.50060E+04
5.00000E+00	2.21910E+01	3.48889E+04
5.00000E+00	2.24719E+01	3.47515E+04
5.00000E+00	2.27528E+01	3.45935E+04
5.00000E+00	2.30337E+01	3.44187E+04
5.00000E+00	2.33146E+01	3.42339E+04
5.00000E+00	2.35955E+01	3.40450E+04
5.00000E+00	2.38764E+01	3.38555E+04
5.00000E+00	2.41573E+01	3.36685E+04
5.00000E+00	2.44382E+01	3.34873E+04
5.00000E+00	2.47191E+01	3.33136E+04
5.00000E+00	2.50000E+01	3.31492E+04
6.00000E+00	0.00000E+00	5.23636E+00
6.00000E+00	2.80899E-01	5.83442E+00
6.00000E+00	5.61798E-01	6.67669E+00
6.00000E+00	8.42697E-01	7.81593E+00
6.00000E+00	1.12360E+00	9.33448E+00
6.00000E+00	1.40449E+00	1.13681E+01
6.00000E+00	1.68539E+00	1.40226E+01
6.00000E+00	1.96629E+00	1.74834E+01
6.00000E+00	2.24719E+00	2.20723E+01
6.00000E+00	2.52809E+00	2.82724E+01
6.00000E+00	2.80899E+00	3.67513E+01
6.00000E+00	3.08989E+00	4.84023E+01
6.00000E+00	3.37079E+00	6.44088E+01
6.00000E+00	3.65169E+00	8.63042E+01
6.00000E+00	3.93258E+00	1.15964E+02
6.00000E+00	4.21348E+00	1.55468E+02
6.00000E+00	4.49438E+00	2.06840E+02
6.00000E+00	4.77528E+00	2.71850E+02
6.00000E+00	5.05618E+00	3.52100E+02
6.00000E+00	5.33708E+00	4.49507E+02
6.00000E+00	5.61798E+00	5.67013E+02
6.00000E+00	5.89888E+00	7.09080E+02
6.00000E+00	6.17978E+00	8.81567E+02
6.00000E+00	6.46067E+00	1.09081E+03
6.00000E+00	6.74157E+00	1.34226E+03
6.00000E+00	7.02247E+00	1.63927E+03
6.00000E+00	7.30337E+00	1.98286E+03
6.00000E+00	7.58427E+00	2.37223E+03
6.00000E+00	7.86517E+00	2.80527E+03
6.00000E+00	8.14607E+00	3.27832E+03
6.00000E+00	8.42697E+00	3.78558E+03
6.00000E+00	8.70787E+00	4.31952E+03
6.00000E+00	8.98876E+00	4.87316E+03
6.00000E+00	9.26966E+00	5.44380E+03
6.00000E+00	9.55056E+00	6.03655E+03
6.00000E+00	9.83146E+00	6.66489E+03
6.00000E+00	1.01124E+01	7.34771E+03
6.00000E+00	1.03933E+01	8.10414E+03
6.00000E+00	1.06742E+01	8.94867E+03
6.00000E+00	1.09551E+01	9.88834E+03
6.00000E+00	1.12360E+01	1.09224E+04
6.00000E+00	1.15169E+01	1.20440E+04
6.00000E+00	1.17978E+01	1.32416E+04
6.00000E+00	1.20787E+01	1.45006E+04
6.00000E+00	1.23596E+01	1.58030E+04
6.00000E+00	1.26404E+01	1.71287E+04
6.00000E+00	1.29213E+01	1.84584E+04
6.00000E+00	1.32022E+01	1.97764E+04
6.00000E+00	1.34831E+01	2.10724E+04
6.00000E+00	1.37640E+01	2.23390E+04
6.00000E+00	1.40449E+01	2.35693E+04
6.00000E+00	1.43258E+01	2.47546E+04
6.00000E+00	1.46067E+01	2.58831E+04
6.00000E+00	1.48876E+01	2.69427E+04
6.00000E+00	1.51685E+01	2.79232E+04
6.00000E+00	1.54494E+01	2.88191E+04
6.00000E+00	1.57303E+01	2.96308E+04
6.00000E+00	1.60112E+01	3.03635E+04
6.00000E+00	1.62921E+01	3.10251E+04
6.00000E+00	1.65730E+01	3.16245E+04
6.00000E+00	1.68539E+01	3.21694E+04
6.00000E+00	1.71348E+01	3.26660E+04
6.00000E+00	1.74157E+01	3.31179E+04
6.00000E+00	1.76966E+01	3.35267E+04
6.00000E+00	1.79775E+01	3.38930E+04
6.00000E+00	1.82584E+01	3.42168E+04
6.00000E+00	1.85393E+01	3.44985E+04
6.00000E+00	1.88202E+01	3.47381E+04
6.00000E+00	1.91011E+01	3.49353E+04
6.00000E+00	1.93820E+01	3.50899E+04
6.00000E+00	1.96629E+01	3.52019E+04
6.00000E+00	1.99438E+01	3.52723E+04
6.00000E+00	2.02247E+01	3.53044E+04
6.00000E+00	2.05056E+01	3.53034E+04
6.00000E+00	2.07865E+01	3.52751E+04
6.00000E+00	2.10674E+01	3.52250E+04
6.00000E+00	2.13483E+01	3.51569E+04
6.00000E+00	2.16292E+01	3.50726E+04
6.00000E+00	2.19101E+01	3.49718E+04
6.00000E+00	2.21910E+01	3.48534E+04
6.00000E+00	2.24719E+01	3.47169E+04
6.00000E+00	2.27528E+01	3.45629E+04
6.00000E+00	2.30337E+01	3.43947E+04
6.00000E+00	2.33146E+01	3.42168E+04
6.00000E+00	2.35955E+01	3.40339E+04
6.00000E+00	2.38764E+01	3.38499E+04
6.00000E+00	2.41573E+01	3.36680E+04
6.00000E+00	2.44382E+01	3.34910E+04
6.00000E+00	2.47191E+01	3.33212E+04
6.00000E+00	2.50000E+01	3.31607E+04
7.00000E+00	0.00000E+00	9.54938E+00
7.00000E+00	2.80899E-01	1.04850E+01
7.00000E+00	5.61798E-01	1.17660E+01
7.00000E+00	8.42697E-01	1.34781E+01
7.00000E+00	1.12360E+00	1.57424E+01
7.00000E+00	1.40449E+00	1.87710E+01
7.00000E+00	1.68539E+00	2.28210E+01
7.00000E+00	1.96629E+00	2.81496E+01
7.00000E+00	2.24719E+00	3.51362E+01
7.00000E+00	2.52809E+00	4.43244E+01
7.00000E+00	2.80899E+00	5.64590E+01
7.00000E+00	3.08989E+00	7.25179E+01
7.00000E+00	3.37079E+00	9.37425E+01
7.00000E+00	3.65169E+00	1.21650E+02
7.00000E+00	3.93258E+00	1.58005E+02
7.00000E+00	4.21348E+00	2.04722E+02
7.00000E+00	4.49438E+00	2.63757E+02
7.00000E+00	4.77528E+00	3.37054E+02
7.00000E+00	5.05618E+00	4.26664E+02
7.00000E+00	5.33708E+00	5.35041E+02
7.00000E+00	5.61798E+00	6.65385E+02
7.00000E+00	5.89888E+00	8.21815E+02
7.00000E+00	6.17978E+00	1.00915E+03
7.00000E+00	6.46067E+00	1.23226E+03
7.00000E+00	6.74157E+00	1.49525E+03
7.00000E+00	7.02247E+00	1.80079E+03
7.00000E+00	7.30337E+00	2.14981E+03
7.00000E+00	7.58427E+00	2.54173E+03
7.00000E+00	7.86517E+00	2.97461E+03
7.00000E+00	8.14607E+00	3.44526E+03
7.00000E+00	8.42697E+00	3.94933E+03
7.00000E+00	8.70787E+00	4.48216E+03
7.00000E+00	8.98876E+00	5.04040E+03
7.00000E+00	9.26966E+00	5.62424E+03
7.00000E+00	9.55056E+00	6.23913E+03
7.00000E+00	9.83146E+00	6.89570E+03
7.00000E+00	1.01124E+01	7.60779E+03
7.00000E+00	1.03933E+01	8.38917E+03
7.00000E+00	1.06742E+01	9.25036E+03
7.00000E+00	1.09551E+01	1.01966E+04
7.00000E+00	1.12360E+01	1.12271E+04
7.00000E+00	1.15169E+01	1.23361E+04
7.00000E+00	1.17978E+01	1.35134E+04
7.00000E+00	1.20787E+01	1.47457E+04
7.00000E+00	1.23596E+01	1.60172E+04
7.00000E+00	1.26404E+01	1.73106E+04
7.00000E+00	1.29213E+01	1.86097E+04
7.00000E+00	1.32022E+01	1.99002E+04
7.00000E+00	1.34831E+01	2.11710E+04
7.00000E+00	1.37640E+01	2.24130E+04
7.00000E+00	1.40449E+01	2.36177E+04
7.00000E+00	1.43258E+01	2.47762E+04
7.00000E+00	1.46067E+01	2.58786E+04
7.00000E+00	1.48876E+01	2.69152E+04
7.00000E+00	1.51685E+01	2.78784E+04
7.00000E+00	1.54494E+01	2.87639E+04
7.00000E+00	1.57303E+01	2.95717E+04
7.00000E+00	1.60112E+01	3.03052E+04
7.00000E+00	1.62921E+01	3.09703E+04
7.00000E+00	1.65730E+01	3.15737E+04
7.00000E+00	1.68539E+01	3.21216E+04
7.00000E+00	1.71348E+01	3.26194E+04
7.00000E+00	1.74157E+01	3.30706E+04
7.00000E+00	1.76966E+01	3.34774E+04
7.00000E+00	1.79775E+01	3.38408E+04
7.00000E+00	1.82584E+01	3.41616E+04
7.00000E+00	1.85393E+01	3.44400E+04
7.00000E+00	1.88202E+01	3.46764E+04
7.00000E+00	1.91011E+01	3.48710E+04
7.00000E+00	1.93820E+01	3.50239E+04
7.00000E+00	1.96629E+01	3.51360E+04
7.00000E+00	1.99438E+01	3.52089E+04
7.00000E+00	2.02247E+01	3.52456E+04
7.00000E+00	2.05056E+01	3.52502E+04
7.00000E+00	2.07865E+01	3.52275E+04
7.00000E+00	2.10674E+01	3.51818E+04
7.00000E+00	2.13483E+01	3.51162E+04
7.00000E+00	2.16292E+01	3.50327E+04
7.00000E+00	2.19101E+01	3.49320E+04
7.00000E+00	2.21910E+01	3.48142E+04
7.00000E+00	2.24719E+01	3.46798E+04
7.00000E+00	2.27528E+01	3.45301E+04
7.00000E+00	2.30337E+01	3.43678E+04
7.00000E+00	2.33146E+01	3.41965E+04
7.00000E+00	2.35955E+01	3.40201E+04
7.00000E+00	2.38764E+01	3.38421E+04
7.00000E+00	2.41573E+01	3.36657E+04
7.00000E+00	2.44382E+01	3.34935E+04
7.00000E+00	2.47191E+01	3.33278E+04
7.00000E+00	2.50000E+01	3.31707E+04
8.00000E+00	0.00000E+00	1.75116E+01
8.00000E+00	2.80899E-01	1.90428E+01
8.00000E+00	5.61798E-01	2.10890E+01
8.00000E+00	8.42697E-01	2.37801E+01
8.00000E+00	1.12360E+00	2.72875E+01
8.00000E+00	1.40449E+00	3.18686E+01
8.00000E+00	1.68539E+00	3.79292E+01
8.00000E+00	1.96629E+00	4.58584E+01
8.00000E+00	2.24719E+00	5.61011E+01
8.00000E+00	2.52809E+00	6.92536E+01
8.00000E+00	2.80899E+00	8.61033E+01
8.00000E+00	3.08989E+00	1.07663E+02
8.00000E+00	3.37079E+00	1.35189E+02
8.00000E+00	3.65169E+00	1.70174E+02
8.00000E+00	3.93258E+00	2.14321E+02
8.00000E+00	4.21348E+00	2.69489E+02
8.00000E+00	4.49438E+00	3.37648E+02
8.00000E+00	4.77528E+00	4.20883E+02
8.00000E+00	5.05618E+00	5.21489E+02
8.00000E+00	5.33708E+00	6.42126E+02
8.00000E+00	5.61798E+00	7.85966E+02
8.00000E+00	5.89888E+00	9.56696E+02
8.00000E+00	6.17978E+00	1.15831E+03
8.00000E+00	6.46067E+00	1.39465E+03
8.00000E+00	6.74157E+00	1.66892E+03
8.00000E+00	7.02247E+00	1.98322E+03
8.00000E+00	7.30337E+00	2.33840E+03
8.00000E+00	7.58427E+00	2.73406E+03
8.00000E+00	7.86517E+00	3.16873E+03
8.00000E+00	8.14607E+00	3.64008E+03
8.00000E+00	8.42697E+00	4.14526E+03
8.00000E+00	8.70787E+00	4.68176E+03
8.00000E+00	8.98876E+00	5.24849E+03
8.00000E+00	9.26966E+00	5.84709E+03
8.00000E+00	9.55056E+00	6.48269E+03
8.00000E+00	9.83146E+00	7.16364E+03
8.00000E+00	1.01124E+01	7.90009E+03
8.00000E+00	1.03933E+01	8.70188E+03
8.00000E+00	1.06742E+01	9.57638E+03
8.00000E+00	1.09551E+01	1.05271E+04
8.00000E+00	1.12360E+01	1.15529E+04
8.00000E+00	1.15169E+01	1.26485E+04
8.00000E+00	1.17978E+01	1.38050E+04
8.00000E+00	1.20787E+01	1.50105E+04
8.00000E+00	1.23596E+01	1.62511E+04
8.00000E+00	1.26404E+01	1.75120E+04
8.00000E+00	1.29213E+01	1.87789E+04
8.00000E+00	1.32022E+01	2.00388E+04
8.00000E+00	1.34831E+01	2.12803E+04
8.00000E+00	1.37640E+01	2.24939E+04
8.00000E+00	1.40449E+01	2.36705E+04
8.00000E+00	1.43258E+01	2.48013E+04
8.00000E+00	1.46067E+01	2.58776E+04
8.00000E+00	1.48876E+01	2.68915E+04
8.00000E+00	1.51685E+01	2.78371E+04
8.00000E+00	1.54494E+01	2.87108E+04
8.00000E+00	1.57303E+01	2.95122E+04
8.00000E+00	1.60112E+01	3.02437E+04
8.00000E+00	1.62921E+01	3.09094E+04
8.00000E+00	1.65730E+01	3.15145E+04
8.00000E+00	1.68539E+01	3.20640E+04
8.00000E+00	1.71348E+01	3.25623E+04
8.00000E+00	1.74157E+01	3.30128E+04
8.00000E+00	1.76966E+01	3.34177E+04
8.00000E+00	1.79775E+01	3.37787E+04
8.00000E+00	1.82584E+01	3.40966E+04
8.00000E+00	1.85393E+01	3.43722E+04
8.00000E+00	1.88202E+01	3.46060E+04
8.00000E+00	1.91011E+01	3.47986E+04
8.00000E+00	1.93820E+01	3.49507E+04
8.00000E+00	1.96629E+01	3.50634E+04
8.00000E+00	1.99438E+01	3.51388E+04
8.00000E+00	2.02247E+01	3.51795E+04
8.00000E+00	2.05056E+01	3.51891E+04
8.00000E+00	2.07865E+01	3.51713E+04
8.00000E+00	2.10674E+01	3.51297E+04
8.00000E+00	2.13483E+01	3.50672E+04
8.00000E+00	2.16292E+01	3.49858E+04
8.00000E+00	2.19101E+01	3.48868E+04
8.00000E+00	2.21910E+01	3.47712E+04
8.00000E+00	2.24719E+01	3.46399E+04
8.00000E+00	2.27528E+01	3.44949E+04
8.00000E+00	2.30337E+01	3.43384E+04
8.00000E+00	2.33146E+01	3.41735E+04
8.00000E+00	2.35955E+01	3.40037E+04
8.00000E+00	2.38764E+01	3.38319E+04
8.00000E+00	2.41573E+01	3.36611E+04
8.00000E+00	2.44382E+01	3.34939E+04
8.00000E+00	2.47191E+01	3.33324E+04
8.00000E+00	2.50000E+01	3.31783E+04
9.00000E+00	0.00000E+00	3.12928E+01
9.00000E+00	2.80899E-01	3.37654E+01
9.00000E+00	5.61798E-01	3.69926E+01
9.00000E+00	8.42697E-01	4.11547E+01
9.00000E+00	1.12360E+00	4.64787E+01
9.00000E+00	1.40449E+00	5.32750E+01
9.00000E+00	1.68539E+00	6.20071E+01
9.00000E+00	1.96629E+00	7.32848E+01
9.00000E+00	2.24719E+00	8.76383E+01
9.00000E+00	2.52809E+00	1.05716E+02
9.00000E+00	2.80899E+00	1.28334E+02
9.00000E+00	3.08989E+00	1.56506E+02
9.00000E+00	3.37079E+00	1.91470E+02
9.00000E+00	3.65169E+00	2.34686E+02
9.00000E+00	3.93258E+00	2.87812E+02
9.00000E+00	4.21348E+00	3.52684E+02
9.00000E+00	4.49438E+00	4.31290E+02
9.00000E+00	4.77528E+00	5.25789E+02
9.00000E+00	5.05618E+00	6.38562E+02
9.00000E+00	5.33708E+00	7.72281E+02
9.00000E+00	5.61798E+00	9.29948E+02
9.00000E+00	5.89888E+00	1.11483E+03
9.00000E+00	6.17978E+00	1.33029E+03
9.00000E+00	6.46067E+00	1.57944E+03
9.00000E+00	6.74157E+00	1.86486E+03
9.00000E+00	7.02247E+00	2.18829E+03
9.00000E+00	7.30337E+00	2.55053E+03
9.00000E+00	7.58427E+00	2.95145E+03
9.00000E+00	7.86517E+00	3.39012E+03
9.00000E+00	8.14607E+00	3.86509E+03
9.00000E+00	8.42697E+00	4.37483E+03
9.00000E+00	8.70787E+00	4.91828E+03
9.00000E+00	8.98876E+00	5.49570E+03
9.00000E+00	9.26966E+00	6.10933E+03
9.00000E+00	9.55056E+00	6.76368E+03
9.00000E+00	9.83146E+00	7.46524E+03
9.00000E+00	1.01124E+01	8.22141E+03
9.00000E+00	1.03933E+01	9.03908E+03
9.00000E+00	1.06742E+01	9.92323E+03
9.00000E+00	1.09551E+01	1.08758E+04
9.00000E+00	1.12360E+01	1.18953E+04
9.00000E+00	1.15169E+01	1.29767E+04
9.00000E+00	1.17978E+01	1.41119E+04
9.00000E+00	1.20787E+01	1.52905E+04
9.00000E+00	1.23596E+01	1.65004E+04
9.00000E+00	1.26404E+01	1.77285E+04
9.00000E+00	1.29213E+01	1.89622E+04
9.00000E+00	1.32022E+01	2.01893E+04
9.00000E+00	1.34831E+01	2.13991E+04
9.00000E+00	1.37640E+01	2.25819E+04
9.00000E+00	1.40449E+01	2.37286E+04
9.00000E+00	1.43258E+01	2.48309E+04
9.00000E+00	1.46067E+01	2.58810E+04
9.00000E+00	1.48876E+01	2.68722E+04
9.00000E+00	1.51685E+01	2.77996E+04
9.00000E+00	1.54494E+01	2.86600E+04
9.00000E+00	1.57303E+01	2.94529E+04
9.00000E+00	1.60112E+01	3.01798E+04
9.00000E+00	1.62921E+01	3.08436E+04
9.00000E+00	1.65730E+01	3.14482E+04
9.00000E+00	1.68539E+01	3.19976E+04
9.00000E+00	1.71348E+01	3.24955E+04
9.00000E+00	1.74157E+01	3.29449E+04
9.00000E+00	1.76966E+01	3.33481E+04
9.00000E+00	1.79775E+01	3.37068E+04
9.00000E+00	1.82584E+01	3.40222E+04
9.00000E+00	1.85393E+01	3.42955E+04
9.00000E+00	1.88202E+01	3.45273E+04
9.00000E+00	1.91011E+01	3.47185E+04
9.00000E+00	1.93820E+01	3.48704E+04
9.00000E+00	1.96629E+01	3.49842E+04
9.00000E+00	1.99438E+01	3.50620E+04
9.00000E+00	2.02247E+01	3.51064E+04
9.00000E+00	2.05056E+01	3.51203E+04
9.00000E+00	2.07865E+01	3.51071E+04
9.00000E+00	2.10674E+01	3.50697E+04
9.00000E+00	2.13483E+01	3.50108E+04
9.00000E+00	2.16292E+01	3.49325E+04
9.00000E+00	2.19101E+01	3.48364E+04
9.00000E+00	2.21910E+01	3.47241E+04
9.00000E+00	2.24719E+01	3.45969E+04
9.00000E+00	2.27528E+01	3.44569E+04
9.00000E+00	2.30337E+01	3.43063E+04
9.00000E+00	2.33146E+01	3.41478E+04
9.00000E+00	2.35955E+01	3.39844E+04
9.00000E+00	2.38764E+01	3.38188E+04
9.00000E+00	2.41573E+01	3.36538E+04
9.00000E+00	2.44382E+01	3.34915E+04
9.00000E+00	2.47191E+01	3.33341E+04
9.00000E+00	2.50000E+01	3.31829E+04
1.00000E+01	0.00000E+00	5.34541E+01
1.00000E+01	2.80899E-01	5.72881E+01
1.00000E+01	5.61798E-01	6.21832E+01
1.00000E+01	8.42697E-01	6.83732E+01
1.00000E+01	1.12360E+00	7.61422E+01
1.00000E+01	1.40449E+00	8.58563E+01
1.00000E+01	1.68539E+00	9.80147E+01
1.00000E+01	1.96629E+00	1.13349E+02
1.00000E+01	2.24719E+00	1.32616E+02
1.00000E+01	2.52809E+00	1.56507E+02
1.00000E+01	2.80899E+00	1.85864E+02
1.00000E+01	3.08989E+00	2.21693E+02
1.00000E+01	3.37079E+00	2.65197E+02
1.00000E+01	3.65169E+00	3.17782E+02
1.00000E+01	3.93258E+00	3.81056E+02
1.00000E+01	4.21348E+00	4.56815E+02
1.00000E+01	4.49438E+00	5.47032E+02
1.00000E+01	4.77528E+00	6.53866E+02
1.00000E+01	5.05618E+00	7.79678E+02
1.00000E+01	5.33708E+00	9.27048E+02
1.00000E+01	5.61798E+00	1.09875E+03
1.00000E+01	5.89888E+00	1.29770E+03
1.00000E+01	6.17978E+00	1.52674E+03
1.00000E+01	6.46067E+00	1.78851E+03
1.00000E+01	6.74157E+00	2.08515E+03
1.00000E+01	7.02247E+00	2.41820E+03
1.00000E+01	7.30337E+00	2.78848E+03
1.00000E+01	7.58427E+00	3.19613E+03
1.00000E+01	7.86517E+00	3.64077E+03
1.00000E+01	8.14607E+00	4.12173E+03
1.00000E+01	8.42697E+00	4.63841E+03
1.00000E+01	8.70787E+00	5.19076E+03
1.00000E+01	8.98876E+00	5.77974E+03
1.00000E+01	9.26966E+00	6.40769E+03
1.00000E+01	9.55056E+00	7.07843E+03
1.00000E+01	9.83146E+00	7.79690E+03
1.00000E+01	1.01124E+01	8.56841E+03
1.00000E+01	1.03933E+01	9.39766E+03
1.00000E+01	1.06742E+01	1.02877E+04
1.00000E+01	1.09551E+01	1.12394E+04
1.00000E+01	1.12360E+01	1.22507E+04
1.00000E+01	1.15169E+01	1.33167E+04
1.00000E+01	1.17978E+01	1.44302E+04
1.00000E+01	1.20787E+01	1.55819E+04
1.00000E+01	1.23596E+01	1.67611E+04
1.00000E+01	1.26404E+01	1.79563E+04
1.00000E+01	1.29213E+01	1.91561E+04
1.00000E+01	1.32022E+01	2.03494E+04
1.00000E+01	1.34831E+01	2.15260E+04
1.00000E+01	1.37640E+01	2.26765E+04
1.00000E+01	1.40449E+01	2.37923E+04
1.00000E+01	1.43258E+01	2.48655E+04
1.00000E+01	1.46067E+01	2.58892E+04
1.00000E+01	1.48876E+01	2.68574E+04
1.00000E+01	1.51685E+01	2.77658E+04
1.00000E+01	1.54494E+01	2.86117E+04
1.00000E+01	1.57303E+01	2.93943E+04
1.00000E+01	1.60112E+01	3.01143E+04
1.00000E+01	1.62921E+01	3.07740E+04
1.00000E+01	1.65730E+01	3.13761E+04
1.00000E+01	1.68539E+01	3.19238E+04
1.00000E+01	1.71348E+01	3.24201E+04
1.00000E+01	1.74157E+01	3.28678E+04
1.00000E+01	1.76966E+01	3.32691E+04
1.00000E+01	1.79775E+01	3.36256E+04
1.00000E+01	1.82584E+01	3.39390E+04
1.00000E+01	1.85393E+01	3.42102E+04
1.00000E+01	1.88202E+01	3.44405E+04
1.00000E+01	1.91011E+01	3.46311E+04
1.00000E+01	1.93820E+01	3.47831E+04
1.00000E+01	1.96629E+01	3.48983E+04
1.00000E+01	1.99438E+01	3.49786E+04
1.00000E+01	2.02247E+01	3.50264E+04
1.00000E+01	2.05056E+01	3.50445E+04
1.00000E+01	2.07865E+01	3.50356E+04
1.00000E+01	2.10674E+01	3.50025E+04
1.00000E+01	2.13483E+01	3.49476E+04
1.00000E+01	2.16292E+01	3.48732E+04
1.00000E+01	2.19101E+01	3.47810E+04
1.00000E+01	2.21910E+01	3.46728E+04
1.00000E+01	2.24719E+01	3.45504E+04
1.00000E+01	2.27528E+01	3.44158E+04
1.00000E+01	2.30337E+01	3.42712E+04
1.00000E+01	2.33146E+01	3.41191E+04
1.00000E+01	2.35955E+01	3.39620E+04
1.00000E+01	2.38764E+01	3.38026E+04
1.00000E+01	2.41573E+01	3.36431E+04
1.00000E+01	2.44382E+01	3.34858E+04
1.00000E+01	2.47191E+01	3.33323E+04
1.00000E+01	2.50000E+01	3.31840E+04
