1.00000E-04	0.00000E+00	1.00786E+00
1.00000E-04	2.80899E-01	1.71534E+00
1.00000E-04	5.61798E-01	1.37637E+00
1.00000E-04	8.42697E-01	1.30093E+00
1.00000E-04	1.12360E+00	1.21003E+00
1.00000E-04	1.40449E+00	1.16519E+00
1.00000E-04	1.68539E+00	1.15588E+00
1.00000E-04	1.96629E+00	1.16190E+00
1.00000E-04	2.24719E+00	1.18299E+00
1.00000E-04	2.52809E+00	1.19247E+00
1.00000E-04	2.80899E+00	1.16917E+00
1.00000E-04	3.08989E+00	1.12444E+00
1.00000E-04	3.37079E+00	1.06636E+00
1.00000E-04	3.65169E+00	9.99596E-01
1.00000E-04	3.93258E+00	9.32165E-01
1.00000E-04	4.21348E+00	8.69033E-01
1.00000E-04	4.49438E+00	8.10930E-01
1.00000E-04	4.77528E+00	7.58162E-01
1.00000E-04	5.05618E+00	7.10430E-01
1.00000E-04	5.33708E+00	6.67488E-01
1.00000E-04	5.61798E+00	6.28568E-01
1.00000E-04	5.89888E+00	5.93402E-01
1.00000E-04	6.17978E+00	5.61400E-01
1.00000E-04	6.46067E+00	5.32254E-01
1.00000E-04	6.74157E+00	5.05697E-01
1.00000E-04	7.02247E+00	4.81296E-01
1.00000E-04	7.30337E+00	4.58892E-01
1.00000E-04	7.58427E+00	4.38280E-01
1.00000E-04	7.86517E+00	4.19271E-01
1.00000E-04	8.14607E+00	4.01732E-01
1.00000E-04	8.42697E+00	3.85446E-01
1.00000E-04	8.70787E+00	3.70338E-01
1.00000E-04	8.98876E+00	3.56298E-01
1.00000E-04	9.26966E+00	3.43252E-01
1.00000E-04	9.55056E+00	3.31053E-01
1.00000E-04	9.83146E+00	3.19674E-01
1.00000E-04	1.01124E+01	3.09005E-01
1.00000E-04	1.03933E+01	2.99001E-01
1.00000E-04	1.06742E+01	2.89601E-01
1.00000E-04	1.09551E+01	2.80737E-01
1.00000E-04	1.12360E+01	2.72419E-01
1.00000E-04	1.15169E+01	2.64520E-01
1.00000E-04	1.17978E+01	2.57025E-01
1.00000E-04	1.20787E+01	2.49955E-01
1.00000E-04	1.23596E+01	2.43218E-01
1.00000E-04	1.26404E+01	2.36774E-01
1.00000E-04	1.29213E+01	2.30654E-01
1.00000E-04	1.32022E+01	2.24851E-01
1.00000E-04	1.34831E+01	2.19278E-01
1.00000E-04	1.37640E+01	2.13944E-01
1.00000E-04	1.40449E+01	2.08865E-01
1.00000E-04	1.43258E+01	2.03976E-01
1.00000E-04	1.46067E+01	1.99296E-01
1.00000E-04	1.48876E+01	1.94788E-01
1.00000E-04	1.51685E+01	1.90465E-01
1.00000E-04	1.54494E+01	1.86300E-01
1.00000E-04	1.57303E+01	1.82279E-01
1.00000E-04	1.60112E+01	1.78398E-01
1.00000E-04	1.62921E+01	1.74669E-01
1.00000E-04	1.65730E+01	1.71067E-01
1.00000E-04	1.68539E+01	1.67569E-01
1.00000E-04	1.71348E+01	1.64196E-01
1.00000E-04	1.74157E+01	1.60916E-01
1.00000E-04	1.76966E+01	1.57749E-01
1.00000E-04	1.79775E+01	1.54684E-01
1.00000E-04	1.82584E+01	1.51722E-01
1.00000E-04	1.85393E+01	1.48826E-01
1.00000E-04	1.88202E+01	1.46022E-01
1.00000E-04	1.91011E+01	1.43303E-01
1.00000E-04	1.93820E+01	1.40655E-01
1.00000E-04	1.96629E+01	1.38093E-01
1.00000E-04	1.99438E+01	1.35607E-01
1.00000E-04	2.02247E+01	1.33179E-01
1.00000E-04	2.05056E+01	1.30822E-01
1.00000E-04	2.07865E+01	1.28541E-01
1.00000E-04	2.10674E+01	1.26300E-01
1.00000E-04	2.13483E+01	1.24137E-01
1.00000E-04	2.16292E+01	1.22020E-01
1.00000E-04	2.19101E+01	1.19964E-01
1.00000E-04	2.21910E+01	1.17967E-01
1.00000E-04	2.24719E+01	1.16020E-01
1.00000E-04	2.27528E+01	1.14121E-01
1.00000E-04	2.30337E+01	1.12281E-01
1.00000E-04	2.33146E+01	1.10482E-01
1.00000E-04	2.35955E+01	1.08725E-01
1.00000E-04	2.38764E+01	1.07016E-01
1.00000E-04	2.41573E+01	1.05356E-01
1.00000E-04	2.44382E+01	1.03729E-01
1.00000E-04	2.47191E+01	1.02149E-01
1.00000E-04	2.50000E+01	1.00604E-01
5.00000E-04	0.00000E+00	1.00222E+00
5.00000E-04	2.80899E-01	1.73431E+00
5.00000E-04	5.61798E-01	1.39175E+00
5.00000E-04	8.42697E-01	1.31558E+00
5.00000E-04	1.12360E+00	1.22337E+00
5.00000E-04	1.40449E+00	1.17820E+00
5.00000E-04	1.68539E+00	1.16879E+00
5.00000E-04	1.96629E+00	1.17487E+00
5.00000E-04	2.24719E+00	1.19620E+00
5.00000E-04	2.52809E+00	1.20579E+00
5.00000E-04	2.80899E+00	1.18223E+00
5.00000E-04	3.08989E+00	1.13704E+00
5.00000E-04	3.37079E+00	1.07827E+00
5.00000E-04	3.65169E+00	1.01075E+00
5.00000E-04	3.93258E+00	9.42578E-01
5.00000E-04	4.21348E+00	8.78691E-01
5.00000E-04	4.49438E+00	8.19985E-01
5.00000E-04	4.77528E+00	7.66628E-01
5.00000E-04	5.05618E+00	7.18364E-01
5.00000E-04	5.33708E+00	6.74941E-01
5.00000E-04	5.61798E+00	6.35587E-01
5.00000E-04	5.89888E+00	6.00028E-01
5.00000E-04	6.17978E+00	5.67669E-01
5.00000E-04	6.46067E+00	5.38197E-01
5.00000E-04	6.74157E+00	5.11344E-01
5.00000E-04	7.02247E+00	4.86670E-01
5.00000E-04	7.30337E+00	4.64018E-01
5.00000E-04	7.58427E+00	4.43174E-01
5.00000E-04	7.86517E+00	4.23953E-01
5.00000E-04	8.14607E+00	4.06218E-01
5.00000E-04	8.42697E+00	3.89750E-01
5.00000E-04	8.70787E+00	3.74473E-01
5.00000E-04	8.98876E+00	3.60288E-01
5.00000E-04	9.26966E+00	3.47085E-01
5.00000E-04	9.55056E+00	3.34750E-01
5.00000E-04	9.83146E+00	3.23244E-01
5.00000E-04	1.01124E+01	3.12456E-01
5.00000E-04	1.03933E+01	3.02336E-01
5.00000E-04	1.06742E+01	2.92835E-01
5.00000E-04	1.09551E+01	2.83872E-01
5.00000E-04	1.12360E+01	2.75461E-01
5.00000E-04	1.15169E+01	2.67474E-01
5.00000E-04	1.17978E+01	2.59895E-01
5.00000E-04	1.20787E+01	2.52746E-01
5.00000E-04	1.23596E+01	2.45934E-01
5.00000E-04	1.26404E+01	2.39418E-01
5.00000E-04	1.29213E+01	2.33230E-01
5.00000E-04	1.32022E+01	2.27362E-01
5.00000E-04	1.34831E+01	2.21727E-01
5.00000E-04	1.37640E+01	2.16333E-01
5.00000E-04	1.40449E+01	2.11197E-01
5.00000E-04	1.43258E+01	2.06254E-01
5.00000E-04	1.46067E+01	2.01521E-01
5.00000E-04	1.48876E+01	1.96963E-01
5.00000E-04	1.51685E+01	1.92592E-01
5.00000E-04	1.54494E+01	1.88380E-01
5.00000E-04	1.57303E+01	1.84315E-01
5.00000E-04	1.60112E+01	1.80390E-01
5.00000E-04	1.62921E+01	1.76619E-01
5.00000E-04	1.65730E+01	1.72977E-01
5.00000E-04	1.68539E+01	1.69440E-01
5.00000E-04	1.71348E+01	1.66029E-01
5.00000E-04	1.74157E+01	1.62713E-01
5.00000E-04	1.76966E+01	1.59511E-01
5.00000E-04	1.79775E+01	1.56411E-01
5.00000E-04	1.82584E+01	1.53417E-01
5.00000E-04	1.85393E+01	1.50488E-01
5.00000E-04	1.88202E+01	1.47653E-01
5.00000E-04	1.91011E+01	1.44903E-01
5.00000E-04	1.93820E+01	1.42225E-01
5.00000E-04	1.96629E+01	1.39635E-01
5.00000E-04	1.99438E+01	1.37119E-01
5.00000E-04	2.02247E+01	1.34666E-01
5.00000E-04	2.05056E+01	1.32283E-01
5.00000E-04	2.07865E+01	1.29976E-01
5.00000E-04	2.10674E+01	1.27710E-01
5.00000E-04	2.13483E+01	1.25523E-01
5.00000E-04	2.16292E+01	1.23383E-01
5.00000E-04	2.19101E+01	1.21303E-01
5.00000E-04	2.21910E+01	1.19284E-01
5.00000E-04	2.24719E+01	1.17316E-01
5.00000E-04	2.27528E+01	1.15395E-01
5.00000E-04	2.30337E+01	1.13535E-01
5.00000E-04	2.33146E+01	1.11716E-01
5.00000E-04	2.35955E+01	1.09939E-01
5.00000E-04	2.38764E+01	1.08211E-01
5.00000E-04	2.41573E+01	1.06532E-01
5.00000E-04	2.44382E+01	1.04887E-01
5.00000E-04	2.47191E+01	1.03289E-01
5.00000E-04	2.50000E+01	1.01727E-01
1.00000E-03	0.00000E+00	1.00193E+00
1.00000E-03	2.80899E-01	1.74922E+00
1.00000E-03	5.61798E-01	1.40372E+00
1.00000E-03	8.42697E-01	1.32697E+00
1.00000E-03	1.12360E+00	1.23375E+00
1.00000E-03	1.40449E+00	1.18829E+00
1.00000E-03	1.68539E+00	1.17884E+00
1.00000E-03	1.96629E+00	1.18497E+00
1.00000E-03	2.24719E+00	1.20648E+00
1.00000E-03	2.52809E+00	1.21615E+00
1.00000E-03	2.80899E+00	1.19240E+00
1.00000E-03	3.08989E+00	1.14689E+00
1.00000E-03	3.37079E+00	1.08755E+00
1.00000E-03	3.65169E+00	1.01941E+00
1.00000E-03	3.93258E+00	9.50708E-01
1.00000E-03	4.21348E+00	8.86228E-01
1.00000E-03	4.49438E+00	8.27027E-01
1.00000E-03	4.77528E+00	7.73215E-01
1.00000E-03	5.05618E+00	7.24548E-01
1.00000E-03	5.33708E+00	6.80745E-01
1.00000E-03	5.61798E+00	6.41052E-01
1.00000E-03	5.89888E+00	6.05181E-01
1.00000E-03	6.17978E+00	5.72550E-01
1.00000E-03	6.46067E+00	5.42825E-01
1.00000E-03	6.74157E+00	5.15738E-01
1.00000E-03	7.02247E+00	4.90855E-01
1.00000E-03	7.30337E+00	4.68009E-01
1.00000E-03	7.58427E+00	4.46985E-01
1.00000E-03	7.86517E+00	4.27598E-01
1.00000E-03	8.14607E+00	4.09711E-01
1.00000E-03	8.42697E+00	3.93102E-01
1.00000E-03	8.70787E+00	3.77693E-01
1.00000E-03	8.98876E+00	3.63388E-01
1.00000E-03	9.26966E+00	3.50070E-01
1.00000E-03	9.55056E+00	3.37628E-01
1.00000E-03	9.83146E+00	3.26023E-01
1.00000E-03	1.01124E+01	3.15143E-01
1.00000E-03	1.03933E+01	3.04935E-01
1.00000E-03	1.06742E+01	2.95353E-01
1.00000E-03	1.09551E+01	2.86313E-01
1.00000E-03	1.12360E+01	2.77830E-01
1.00000E-03	1.15169E+01	2.69774E-01
1.00000E-03	1.17978E+01	2.62130E-01
1.00000E-03	1.20787E+01	2.54919E-01
1.00000E-03	1.23596E+01	2.48049E-01
1.00000E-03	1.26404E+01	2.41477E-01
1.00000E-03	1.29213E+01	2.35235E-01
1.00000E-03	1.32022E+01	2.29317E-01
1.00000E-03	1.34831E+01	2.23633E-01
1.00000E-03	1.37640E+01	2.18193E-01
1.00000E-03	1.40449E+01	2.13013E-01
1.00000E-03	1.43258E+01	2.08028E-01
1.00000E-03	1.46067E+01	2.03254E-01
1.00000E-03	1.48876E+01	1.98657E-01
1.00000E-03	1.51685E+01	1.94248E-01
1.00000E-03	1.54494E+01	1.90000E-01
1.00000E-03	1.57303E+01	1.85900E-01
1.00000E-03	1.60112E+01	1.81941E-01
1.00000E-03	1.62921E+01	1.78138E-01
1.00000E-03	1.65730E+01	1.74465E-01
1.00000E-03	1.68539E+01	1.70897E-01
1.00000E-03	1.71348E+01	1.67457E-01
1.00000E-03	1.74157E+01	1.64112E-01
1.00000E-03	1.76966E+01	1.60882E-01
1.00000E-03	1.79775E+01	1.57756E-01
1.00000E-03	1.82584E+01	1.54736E-01
1.00000E-03	1.85393E+01	1.51782E-01
1.00000E-03	1.88202E+01	1.48922E-01
1.00000E-03	1.91011E+01	1.46149E-01
1.00000E-03	1.93820E+01	1.43448E-01
1.00000E-03	1.96629E+01	1.40836E-01
1.00000E-03	1.99438E+01	1.38296E-01
1.00000E-03	2.02247E+01	1.35824E-01
1.00000E-03	2.05056E+01	1.33421E-01
1.00000E-03	2.07865E+01	1.31094E-01
1.00000E-03	2.10674E+01	1.28808E-01
1.00000E-03	2.13483E+01	1.26602E-01
1.00000E-03	2.16292E+01	1.24444E-01
1.00000E-03	2.19101E+01	1.22346E-01
1.00000E-03	2.21910E+01	1.20310E-01
1.00000E-03	2.24719E+01	1.18325E-01
1.00000E-03	2.27528E+01	1.16388E-01
1.00000E-03	2.30337E+01	1.14511E-01
1.00000E-03	2.33146E+01	1.12676E-01
1.00000E-03	2.35955E+01	1.10885E-01
1.00000E-03	2.38764E+01	1.09141E-01
1.00000E-03	2.41573E+01	1.07448E-01
1.00000E-03	2.44382E+01	1.05789E-01
1.00000E-03	2.47191E+01	1.04177E-01
1.00000E-03	2.50000E+01	1.02602E-01
5.00000E-03	0.00000E+00	1.00248E+00
5.00000E-03	2.80899E-01	1.79848E+00
5.00000E-03	5.61798E-01	1.44326E+00
5.00000E-03	8.42697E-01	1.36436E+00
5.00000E-03	1.12360E+00	1.26840E+00
5.00000E-03	1.40449E+00	1.22165E+00
5.00000E-03	1.68539E+00	1.21206E+00
5.00000E-03	1.96629E+00	1.21830E+00
5.00000E-03	2.24719E+00	1.24035E+00
5.00000E-03	2.52809E+00	1.25039E+00
5.00000E-03	2.80899E+00	1.22597E+00
5.00000E-03	3.08989E+00	1.17931E+00
5.00000E-03	3.37079E+00	1.11821E+00
5.00000E-03	3.65169E+00	1.04803E+00
5.00000E-03	3.93258E+00	9.77566E-01
5.00000E-03	4.21348E+00	9.11173E-01
5.00000E-03	4.49438E+00	8.50254E-01
5.00000E-03	4.77528E+00	7.94952E-01
5.00000E-03	5.05618E+00	7.44989E-01
5.00000E-03	5.33708E+00	6.99904E-01
5.00000E-03	5.61798E+00	6.59119E-01
5.00000E-03	5.89888E+00	6.22200E-01
5.00000E-03	6.17978E+00	5.88663E-01
5.00000E-03	6.46067E+00	5.58116E-01
5.00000E-03	6.74157E+00	5.30238E-01
5.00000E-03	7.02247E+00	5.04667E-01
5.00000E-03	7.30337E+00	4.81190E-01
5.00000E-03	7.58427E+00	4.59573E-01
5.00000E-03	7.86517E+00	4.39646E-01
5.00000E-03	8.14607E+00	4.21240E-01
5.00000E-03	8.42697E+00	4.04173E-01
5.00000E-03	8.70787E+00	3.88331E-01
5.00000E-03	8.98876E+00	3.73625E-01
5.00000E-03	9.26966E+00	3.59925E-01
5.00000E-03	9.55056E+00	3.47138E-01
5.00000E-03	9.83146E+00	3.35204E-01
5.00000E-03	1.01124E+01	3.24017E-01
5.00000E-03	1.03933E+01	3.13523E-01
5.00000E-03	1.06742E+01	3.03672E-01
5.00000E-03	1.09551E+01	2.94378E-01
5.00000E-03	1.12360E+01	2.85645E-01
5.00000E-03	1.15169E+01	2.77367E-01
5.00000E-03	1.17978E+01	2.69513E-01
5.00000E-03	1.20787E+01	2.62090E-01
5.00000E-03	1.23596E+01	2.55035E-01
5.00000E-03	1.26404E+01	2.48279E-01
5.00000E-03	1.29213E+01	2.41869E-01
5.00000E-03	1.32022E+01	2.35775E-01
5.00000E-03	1.34831E+01	2.29936E-01
5.00000E-03	1.37640E+01	2.24345E-01
5.00000E-03	1.40449E+01	2.19013E-01
5.00000E-03	1.43258E+01	2.13887E-01
5.00000E-03	1.46067E+01	2.08979E-01
5.00000E-03	1.48876E+01	2.04253E-01
5.00000E-03	1.51685E+01	1.99719E-01
5.00000E-03	1.54494E+01	1.95351E-01
5.00000E-03	1.57303E+01	1.91136E-01
5.00000E-03	1.60112E+01	1.87066E-01
5.00000E-03	1.62921E+01	1.83156E-01
5.00000E-03	1.65730E+01	1.79378E-01
5.00000E-03	1.68539E+01	1.75710E-01
5.00000E-03	1.71348E+01	1.72173E-01
5.00000E-03	1.74157E+01	1.68739E-01
5.00000E-03	1.76966E+01	1.65415E-01
5.00000E-03	1.79775E+01	1.62200E-01
5.00000E-03	1.82584E+01	1.59094E-01
5.00000E-03	1.85393E+01	1.56057E-01
5.00000E-03	1.88202E+01	1.53117E-01
5.00000E-03	1.91011E+01	1.50266E-01
5.00000E-03	1.93820E+01	1.47489E-01
5.00000E-03	1.96629E+01	1.44803E-01
5.00000E-03	1.99438E+01	1.42187E-01
5.00000E-03	2.02247E+01	1.39650E-01
5.00000E-03	2.05056E+01	1.37179E-01
5.00000E-03	2.07865E+01	1.34785E-01
5.00000E-03	2.10674E+01	1.32436E-01
5.00000E-03	2.13483E+01	1.30168E-01
5.00000E-03	2.16292E+01	1.27949E-01
5.00000E-03	2.19101E+01	1.25792E-01
5.00000E-03	2.21910E+01	1.23698E-01
5.00000E-03	2.24719E+01	1.21657E-01
5.00000E-03	2.27528E+01	1.19666E-01
5.00000E-03	2.30337E+01	1.17736E-01
5.00000E-03	2.33146E+01	1.15850E-01
5.00000E-03	2.35955E+01	1.14008E-01
5.00000E-03	2.38764E+01	1.12215E-01
5.00000E-03	2.41573E+01	1.10474E-01
5.00000E-03	2.44382E+01	1.08769E-01
5.00000E-03	2.47191E+01	1.07112E-01
5.00000E-03	2.50000E+01	1.05492E-01
1.00000E-02	0.00000E+00	1.00719E+00
1.00000E-02	2.80899E-01	1.78181E+00
1.00000E-02	5.61798E-01	1.42989E+00
1.00000E-02	8.42697E-01	1.35172E+00
1.00000E-02	1.12360E+00	1.25665E+00
1.00000E-02	1.40449E+00	1.21033E+00
1.00000E-02	1.68539E+00	1.20083E+00
1.00000E-02	1.96629E+00	1.20701E+00
1.00000E-02	2.24719E+00	1.22885E+00
1.00000E-02	2.52809E+00	1.23881E+00
1.00000E-02	2.80899E+00	1.21461E+00
1.00000E-02	3.08989E+00	1.16839E+00
1.00000E-02	3.37079E+00	1.10785E+00
1.00000E-02	3.65169E+00	1.03831E+00
1.00000E-02	3.93258E+00	9.68516E-01
1.00000E-02	4.21348E+00	9.02731E-01
1.00000E-02	4.49438E+00	8.42365E-01
1.00000E-02	4.77528E+00	7.87581E-01
1.00000E-02	5.05618E+00	7.38089E-01
1.00000E-02	5.33708E+00	6.93414E-01
1.00000E-02	5.61798E+00	6.53017E-01
1.00000E-02	5.89888E+00	6.16432E-01
1.00000E-02	6.17978E+00	5.83200E-01
1.00000E-02	6.46067E+00	5.52946E-01
1.00000E-02	6.74157E+00	5.25320E-01
1.00000E-02	7.02247E+00	4.99988E-01
1.00000E-02	7.30337E+00	4.76732E-01
1.00000E-02	7.58427E+00	4.55315E-01
1.00000E-02	7.86517E+00	4.35575E-01
1.00000E-02	8.14607E+00	4.17327E-01
1.00000E-02	8.42697E+00	4.00424E-01
1.00000E-02	8.70787E+00	3.84735E-01
1.00000E-02	8.98876E+00	3.70164E-01
1.00000E-02	9.26966E+00	3.56585E-01
1.00000E-02	9.55056E+00	3.43921E-01
1.00000E-02	9.83146E+00	3.32093E-01
1.00000E-02	1.01124E+01	3.21010E-01
1.00000E-02	1.03933E+01	3.10619E-01
1.00000E-02	1.06742E+01	3.00856E-01
1.00000E-02	1.09551E+01	2.91653E-01
1.00000E-02	1.12360E+01	2.82991E-01
1.00000E-02	1.15169E+01	2.74791E-01
1.00000E-02	1.17978E+01	2.67016E-01
1.00000E-02	1.20787E+01	2.59656E-01
1.00000E-02	1.23596E+01	2.52668E-01
1.00000E-02	1.26404E+01	2.45981E-01
1.00000E-02	1.29213E+01	2.39632E-01
1.00000E-02	1.32022E+01	2.33591E-01
1.00000E-02	1.34831E+01	2.27810E-01
1.00000E-02	1.37640E+01	2.22271E-01
1.00000E-02	1.40449E+01	2.16982E-01
1.00000E-02	1.43258E+01	2.11907E-01
1.00000E-02	1.46067E+01	2.07043E-01
1.00000E-02	1.48876E+01	2.02363E-01
1.00000E-02	1.51685E+01	1.97869E-01
1.00000E-02	1.54494E+01	1.93541E-01
1.00000E-02	1.57303E+01	1.89363E-01
1.00000E-02	1.60112E+01	1.85334E-01
1.00000E-02	1.62921E+01	1.81461E-01
1.00000E-02	1.65730E+01	1.77713E-01
1.00000E-02	1.68539E+01	1.74082E-01
1.00000E-02	1.71348E+01	1.70578E-01
1.00000E-02	1.74157E+01	1.67176E-01
1.00000E-02	1.76966E+01	1.63883E-01
1.00000E-02	1.79775E+01	1.60697E-01
1.00000E-02	1.82584E+01	1.57617E-01
1.00000E-02	1.85393E+01	1.54612E-01
1.00000E-02	1.88202E+01	1.51700E-01
1.00000E-02	1.91011E+01	1.48874E-01
1.00000E-02	1.93820E+01	1.46123E-01
1.00000E-02	1.96629E+01	1.43461E-01
1.00000E-02	1.99438E+01	1.40869E-01
1.00000E-02	2.02247E+01	1.38356E-01
1.00000E-02	2.05056E+01	1.35909E-01
1.00000E-02	2.07865E+01	1.33534E-01
1.00000E-02	2.10674E+01	1.31209E-01
1.00000E-02	2.13483E+01	1.28962E-01
1.00000E-02	2.16292E+01	1.26764E-01
1.00000E-02	2.19101E+01	1.24627E-01
1.00000E-02	2.21910E+01	1.22552E-01
1.00000E-02	2.24719E+01	1.20530E-01
1.00000E-02	2.27528E+01	1.18557E-01
1.00000E-02	2.30337E+01	1.16644E-01
1.00000E-02	2.33146E+01	1.14775E-01
1.00000E-02	2.35955E+01	1.12952E-01
1.00000E-02	2.38764E+01	1.11176E-01
1.00000E-02	2.41573E+01	1.09449E-01
1.00000E-02	2.44382E+01	1.07761E-01
1.00000E-02	2.47191E+01	1.06119E-01
1.00000E-02	2.50000E+01	1.04514E-01
5.00000E-02	0.00000E+00	1.02745E+00
5.00000E-02	2.80899E-01	1.54098E+00
5.00000E-02	5.61798E-01	1.23700E+00
5.00000E-02	8.42697E-01	1.16924E+00
5.00000E-02	1.12360E+00	1.08707E+00
5.00000E-02	1.40449E+00	1.04700E+00
5.00000E-02	1.68539E+00	1.03877E+00
5.00000E-02	1.96629E+00	1.04412E+00
5.00000E-02	2.24719E+00	1.06301E+00
5.00000E-02	2.52809E+00	1.07161E+00
5.00000E-02	2.80899E+00	1.05068E+00
5.00000E-02	3.08989E+00	1.01070E+00
5.00000E-02	3.37079E+00	9.58324E-01
5.00000E-02	3.65169E+00	8.98176E-01
5.00000E-02	3.93258E+00	8.37803E-01
5.00000E-02	4.21348E+00	7.80897E-01
5.00000E-02	4.49438E+00	7.28677E-01
5.00000E-02	4.77528E+00	6.81288E-01
5.00000E-02	5.05618E+00	6.38476E-01
5.00000E-02	5.33708E+00	5.99831E-01
5.00000E-02	5.61798E+00	5.64886E-01
5.00000E-02	5.89888E+00	5.33238E-01
5.00000E-02	6.17978E+00	5.04490E-01
5.00000E-02	6.46067E+00	4.78320E-01
5.00000E-02	6.74157E+00	4.54421E-01
5.00000E-02	7.02247E+00	4.32509E-01
5.00000E-02	7.30337E+00	4.12392E-01
5.00000E-02	7.58427E+00	3.93866E-01
5.00000E-02	7.86517E+00	3.76790E-01
5.00000E-02	8.14607E+00	3.61001E-01
5.00000E-02	8.42697E+00	3.46381E-01
5.00000E-02	8.70787E+00	3.32812E-01
5.00000E-02	8.98876E+00	3.20207E-01
5.00000E-02	9.26966E+00	3.08459E-01
5.00000E-02	9.55056E+00	2.97505E-01
5.00000E-02	9.83146E+00	2.87271E-01
5.00000E-02	1.01124E+01	2.77684E-01
5.00000E-02	1.03933E+01	2.68698E-01
5.00000E-02	1.06742E+01	2.60248E-01
5.00000E-02	1.09551E+01	2.52298E-01
5.00000E-02	1.12360E+01	2.44794E-01
5.00000E-02	1.15169E+01	2.37703E-01
5.00000E-02	1.17978E+01	2.30979E-01
5.00000E-02	1.20787E+01	2.24611E-01
5.00000E-02	1.23596E+01	2.18563E-01
5.00000E-02	1.26404E+01	2.12789E-01
5.00000E-02	1.29213E+01	2.07293E-01
5.00000E-02	1.32022E+01	2.02066E-01
5.00000E-02	1.34831E+01	1.97067E-01
5.00000E-02	1.37640E+01	1.92276E-01
5.00000E-02	1.40449E+01	1.87694E-01
5.00000E-02	1.43258E+01	1.83310E-01
5.00000E-02	1.46067E+01	1.79098E-01
5.00000E-02	1.48876E+01	1.75053E-01
5.00000E-02	1.51685E+01	1.71165E-01
5.00000E-02	1.54494E+01	1.67419E-01
5.00000E-02	1.57303E+01	1.63804E-01
5.00000E-02	1.60112E+01	1.60324E-01
5.00000E-02	1.62921E+01	1.56971E-01
5.00000E-02	1.65730E+01	1.53727E-01
5.00000E-02	1.68539E+01	1.50589E-01
5.00000E-02	1.71348E+01	1.47553E-01
5.00000E-02	1.74157E+01	1.44614E-01
5.00000E-02	1.76966E+01	1.41766E-01
5.00000E-02	1.79775E+01	1.39009E-01
5.00000E-02	1.82584E+01	1.36339E-01
5.00000E-02	1.85393E+01	1.33746E-01
5.00000E-02	1.88202E+01	1.31227E-01
5.00000E-02	1.91011E+01	1.28782E-01
5.00000E-02	1.93820E+01	1.26407E-01
5.00000E-02	1.96629E+01	1.24099E-01
5.00000E-02	1.99438E+01	1.21857E-01
5.00000E-02	2.02247E+01	1.19681E-01
5.00000E-02	2.05056E+01	1.17567E-01
5.00000E-02	2.07865E+01	1.15508E-01
5.00000E-02	2.10674E+01	1.13505E-01
5.00000E-02	2.13483E+01	1.11556E-01
5.00000E-02	2.16292E+01	1.09658E-01
5.00000E-02	2.19101E+01	1.07809E-01
5.00000E-02	2.21910E+01	1.06011E-01
5.00000E-02	2.24719E+01	1.04262E-01
5.00000E-02	2.27528E+01	1.02559E-01
5.00000E-02	2.30337E+01	1.00900E-01
5.00000E-02	2.33146E+01	9.92845E-02
5.00000E-02	2.35955E+01	9.77095E-02
5.00000E-02	2.38764E+01	9.61734E-02
5.00000E-02	2.41573E+01	9.46764E-02
5.00000E-02	2.44382E+01	9.32177E-02
5.00000E-02	2.47191E+01	9.17956E-02
5.00000E-02	2.50000E+01	9.04090E-02
1.00000E-01	0.00000E+00	1.03765E+00
1.00000E-01	2.80899E-01	1.34189E+00
1.00000E-01	5.61798E-01	1.07833E+00
1.00000E-01	8.42697E-01	1.01894E+00
1.00000E-01	1.12360E+00	9.47519E-01
1.00000E-01	1.40449E+00	9.12585E-01
1.00000E-01	1.68539E+00	9.05392E-01
1.00000E-01	1.96629E+00	9.10068E-01
1.00000E-01	2.24719E+00	9.26500E-01
1.00000E-01	2.52809E+00	9.33964E-01
1.00000E-01	2.80899E+00	9.15726E-01
1.00000E-01	3.08989E+00	8.80880E-01
1.00000E-01	3.37079E+00	8.35236E-01
1.00000E-01	3.65169E+00	7.82819E-01
1.00000E-01	3.93258E+00	7.30204E-01
1.00000E-01	4.21348E+00	6.80609E-01
1.00000E-01	4.49438E+00	6.35096E-01
1.00000E-01	4.77528E+00	5.93794E-01
1.00000E-01	5.05618E+00	5.56480E-01
1.00000E-01	5.33708E+00	5.22798E-01
1.00000E-01	5.61798E+00	4.92342E-01
1.00000E-01	5.89888E+00	4.64758E-01
1.00000E-01	6.17978E+00	4.39702E-01
1.00000E-01	6.46067E+00	4.16893E-01
1.00000E-01	6.74157E+00	3.96063E-01
1.00000E-01	7.02247E+00	3.76965E-01
1.00000E-01	7.30337E+00	3.59432E-01
1.00000E-01	7.58427E+00	3.43284E-01
1.00000E-01	7.86517E+00	3.28401E-01
1.00000E-01	8.14607E+00	3.14640E-01
1.00000E-01	8.42697E+00	3.01898E-01
1.00000E-01	8.70787E+00	2.90072E-01
1.00000E-01	8.98876E+00	2.79085E-01
1.00000E-01	9.26966E+00	2.68846E-01
1.00000E-01	9.55056E+00	2.59299E-01
1.00000E-01	9.83146E+00	2.50379E-01
1.00000E-01	1.01124E+01	2.42024E-01
1.00000E-01	1.03933E+01	2.34191E-01
1.00000E-01	1.06742E+01	2.26827E-01
1.00000E-01	1.09551E+01	2.19898E-01
1.00000E-01	1.12360E+01	2.13357E-01
1.00000E-01	1.15169E+01	2.07176E-01
1.00000E-01	1.17978E+01	2.01316E-01
1.00000E-01	1.20787E+01	1.95766E-01
1.00000E-01	1.23596E+01	1.90494E-01
1.00000E-01	1.26404E+01	1.85462E-01
1.00000E-01	1.29213E+01	1.80672E-01
1.00000E-01	1.32022E+01	1.76116E-01
1.00000E-01	1.34831E+01	1.71759E-01
1.00000E-01	1.37640E+01	1.67584E-01
1.00000E-01	1.40449E+01	1.63590E-01
1.00000E-01	1.43258E+01	1.59769E-01
1.00000E-01	1.46067E+01	1.56098E-01
1.00000E-01	1.48876E+01	1.52572E-01
1.00000E-01	1.51685E+01	1.49184E-01
1.00000E-01	1.54494E+01	1.45919E-01
1.00000E-01	1.57303E+01	1.42768E-01
1.00000E-01	1.60112E+01	1.39735E-01
1.00000E-01	1.62921E+01	1.36812E-01
1.00000E-01	1.65730E+01	1.33985E-01
1.00000E-01	1.68539E+01	1.31250E-01
1.00000E-01	1.71348E+01	1.28604E-01
1.00000E-01	1.74157E+01	1.26043E-01
1.00000E-01	1.76966E+01	1.23560E-01
1.00000E-01	1.79775E+01	1.21157E-01
1.00000E-01	1.82584E+01	1.18830E-01
1.00000E-01	1.85393E+01	1.16570E-01
1.00000E-01	1.88202E+01	1.14375E-01
1.00000E-01	1.91011E+01	1.12244E-01
1.00000E-01	1.93820E+01	1.10174E-01
1.00000E-01	1.96629E+01	1.08162E-01
1.00000E-01	1.99438E+01	1.06208E-01
1.00000E-01	2.02247E+01	1.04311E-01
1.00000E-01	2.05056E+01	1.02469E-01
1.00000E-01	2.07865E+01	1.00675E-01
1.00000E-01	2.10674E+01	9.89286E-02
1.00000E-01	2.13483E+01	9.72296E-02
1.00000E-01	2.16292E+01	9.55753E-02
1.00000E-01	2.19101E+01	9.39644E-02
1.00000E-01	2.21910E+01	9.23971E-02
1.00000E-01	2.24719E+01	9.08728E-02
1.00000E-01	2.27528E+01	8.93881E-02
1.00000E-01	2.30337E+01	8.79423E-02
1.00000E-01	2.33146E+01	8.65342E-02
1.00000E-01	2.35955E+01	8.51616E-02
1.00000E-01	2.38764E+01	8.38226E-02
1.00000E-01	2.41573E+01	8.25178E-02
1.00000E-01	2.44382E+01	8.12465E-02
1.00000E-01	2.47191E+01	8.00070E-02
1.00000E-01	2.50000E+01	7.87985E-02
2.00000E-01	0.00000E+00	1.03985E+00
2.00000E-01	2.80899E-01	1.14573E+00
2.00000E-01	5.61798E-01	9.25284E-01
2.00000E-01	8.42697E-01	8.73361E-01
2.00000E-01	1.12360E+00	8.12756E-01
2.00000E-01	1.40449E+00	7.82789E-01
2.00000E-01	1.68539E+00	7.76546E-01
2.00000E-01	1.96629E+00	7.80603E-01
2.00000E-01	2.24719E+00	7.94598E-01
2.00000E-01	2.52809E+00	8.00897E-01
2.00000E-01	2.80899E+00	7.85271E-01
2.00000E-01	3.08989E+00	7.55394E-01
2.00000E-01	3.37079E+00	7.16252E-01
2.00000E-01	3.65169E+00	6.71327E-01
2.00000E-01	3.93258E+00	6.26218E-01
2.00000E-01	4.21348E+00	5.83692E-01
2.00000E-01	4.49438E+00	5.44664E-01
2.00000E-01	4.77528E+00	5.09245E-01
2.00000E-01	5.05618E+00	4.77246E-01
2.00000E-01	5.33708E+00	4.48361E-01
2.00000E-01	5.61798E+00	4.22241E-01
2.00000E-01	5.89888E+00	3.98585E-01
2.00000E-01	6.17978E+00	3.77098E-01
2.00000E-01	6.46067E+00	3.57536E-01
2.00000E-01	6.74157E+00	3.39672E-01
2.00000E-01	7.02247E+00	3.23294E-01
2.00000E-01	7.30337E+00	3.08256E-01
2.00000E-01	7.58427E+00	2.94409E-01
2.00000E-01	7.86517E+00	2.81644E-01
2.00000E-01	8.14607E+00	2.69843E-01
2.00000E-01	8.42697E+00	2.58915E-01
2.00000E-01	8.70787E+00	2.48773E-01
2.00000E-01	8.98876E+00	2.39350E-01
2.00000E-01	9.26966E+00	2.30569E-01
2.00000E-01	9.55056E+00	2.22381E-01
2.00000E-01	9.83146E+00	2.14731E-01
2.00000E-01	1.01124E+01	2.07565E-01
2.00000E-01	1.03933E+01	2.00848E-01
2.00000E-01	1.06742E+01	1.94532E-01
2.00000E-01	1.09551E+01	1.88589E-01
2.00000E-01	1.12360E+01	1.82980E-01
2.00000E-01	1.15169E+01	1.77679E-01
2.00000E-01	1.17978E+01	1.72654E-01
2.00000E-01	1.20787E+01	1.67894E-01
2.00000E-01	1.23596E+01	1.63373E-01
2.00000E-01	1.26404E+01	1.59057E-01
2.00000E-01	1.29213E+01	1.54949E-01
2.00000E-01	1.32022E+01	1.51041E-01
2.00000E-01	1.34831E+01	1.47305E-01
2.00000E-01	1.37640E+01	1.43724E-01
2.00000E-01	1.40449E+01	1.40299E-01
2.00000E-01	1.43258E+01	1.37021E-01
2.00000E-01	1.46067E+01	1.33873E-01
2.00000E-01	1.48876E+01	1.30850E-01
2.00000E-01	1.51685E+01	1.27944E-01
2.00000E-01	1.54494E+01	1.25144E-01
2.00000E-01	1.57303E+01	1.22441E-01
2.00000E-01	1.60112E+01	1.19840E-01
2.00000E-01	1.62921E+01	1.17334E-01
2.00000E-01	1.65730E+01	1.14909E-01
2.00000E-01	1.68539E+01	1.12563E-01
2.00000E-01	1.71348E+01	1.10294E-01
2.00000E-01	1.74157E+01	1.08097E-01
2.00000E-01	1.76966E+01	1.05968E-01
2.00000E-01	1.79775E+01	1.03907E-01
2.00000E-01	1.82584E+01	1.01911E-01
2.00000E-01	1.85393E+01	9.99733E-02
2.00000E-01	1.88202E+01	9.80905E-02
2.00000E-01	1.91011E+01	9.62628E-02
2.00000E-01	1.93820E+01	9.44881E-02
2.00000E-01	1.96629E+01	9.27622E-02
2.00000E-01	1.99438E+01	9.10865E-02
2.00000E-01	2.02247E+01	8.94600E-02
2.00000E-01	2.05056E+01	8.78796E-02
2.00000E-01	2.07865E+01	8.63409E-02
2.00000E-01	2.10674E+01	8.48436E-02
2.00000E-01	2.13483E+01	8.33865E-02
2.00000E-01	2.16292E+01	8.19677E-02
2.00000E-01	2.19101E+01	8.05862E-02
2.00000E-01	2.21910E+01	7.92421E-02
2.00000E-01	2.24719E+01	7.79347E-02
2.00000E-01	2.27528E+01	7.66614E-02
2.00000E-01	2.30337E+01	7.54215E-02
2.00000E-01	2.33146E+01	7.42138E-02
2.00000E-01	2.35955E+01	7.30366E-02
2.00000E-01	2.38764E+01	7.18883E-02
2.00000E-01	2.41573E+01	7.07693E-02
2.00000E-01	2.44382E+01	6.96790E-02
2.00000E-01	2.47191E+01	6.86160E-02
2.00000E-01	2.50000E+01	6.75795E-02
2.50000E-01	0.00000E+00	1.03835E+00
2.50000E-01	2.80899E-01	1.09064E+00
2.50000E-01	5.61798E-01	8.84452E-01
2.50000E-01	8.42697E-01	8.34252E-01
2.50000E-01	1.12360E+00	7.76773E-01
2.50000E-01	1.40449E+00	7.48145E-01
2.50000E-01	1.68539E+00	7.42132E-01
2.50000E-01	1.96629E+00	7.46040E-01
2.50000E-01	2.24719E+00	7.59346E-01
2.50000E-01	2.52809E+00	7.65291E-01
2.50000E-01	2.80899E+00	7.50369E-01
2.50000E-01	3.08989E+00	7.21824E-01
2.50000E-01	3.37079E+00	6.84423E-01
2.50000E-01	3.65169E+00	6.41511E-01
2.50000E-01	3.93258E+00	5.98415E-01
2.50000E-01	4.21348E+00	5.57782E-01
2.50000E-01	4.49438E+00	5.20489E-01
2.50000E-01	4.77528E+00	4.86644E-01
2.50000E-01	5.05618E+00	4.56066E-01
2.50000E-01	5.33708E+00	4.28463E-01
2.50000E-01	5.61798E+00	4.03504E-01
2.50000E-01	5.89888E+00	3.80898E-01
2.50000E-01	6.17978E+00	3.60364E-01
2.50000E-01	6.46067E+00	3.41671E-01
2.50000E-01	6.74157E+00	3.24599E-01
2.50000E-01	7.02247E+00	3.08948E-01
2.50000E-01	7.30337E+00	2.94578E-01
2.50000E-01	7.58427E+00	2.81345E-01
2.50000E-01	7.86517E+00	2.69147E-01
2.50000E-01	8.14607E+00	2.57869E-01
2.50000E-01	8.42697E+00	2.47426E-01
2.50000E-01	8.70787E+00	2.37734E-01
2.50000E-01	8.98876E+00	2.28729E-01
2.50000E-01	9.26966E+00	2.20338E-01
2.50000E-01	9.55056E+00	2.12514E-01
2.50000E-01	9.83146E+00	2.05203E-01
2.50000E-01	1.01124E+01	1.98355E-01
2.50000E-01	1.03933E+01	1.91936E-01
2.50000E-01	1.06742E+01	1.85900E-01
2.50000E-01	1.09551E+01	1.80221E-01
2.50000E-01	1.12360E+01	1.74861E-01
2.50000E-01	1.15169E+01	1.69795E-01
2.50000E-01	1.17978E+01	1.64993E-01
2.50000E-01	1.20787E+01	1.60444E-01
2.50000E-01	1.23596E+01	1.56123E-01
2.50000E-01	1.26404E+01	1.51999E-01
2.50000E-01	1.29213E+01	1.48074E-01
2.50000E-01	1.32022E+01	1.44339E-01
2.50000E-01	1.34831E+01	1.40768E-01
2.50000E-01	1.37640E+01	1.37347E-01
2.50000E-01	1.40449E+01	1.34074E-01
2.50000E-01	1.43258E+01	1.30942E-01
2.50000E-01	1.46067E+01	1.27933E-01
2.50000E-01	1.48876E+01	1.25044E-01
2.50000E-01	1.51685E+01	1.22267E-01
2.50000E-01	1.54494E+01	1.19591E-01
2.50000E-01	1.57303E+01	1.17008E-01
2.50000E-01	1.60112E+01	1.14522E-01
2.50000E-01	1.62921E+01	1.12127E-01
2.50000E-01	1.65730E+01	1.09810E-01
2.50000E-01	1.68539E+01	1.07568E-01
2.50000E-01	1.71348E+01	1.05400E-01
2.50000E-01	1.74157E+01	1.03301E-01
2.50000E-01	1.76966E+01	1.01266E-01
2.50000E-01	1.79775E+01	9.92967E-02
2.50000E-01	1.82584E+01	9.73891E-02
2.50000E-01	1.85393E+01	9.55373E-02
2.50000E-01	1.88202E+01	9.37381E-02
2.50000E-01	1.91011E+01	9.19914E-02
2.50000E-01	1.93820E+01	9.02955E-02
2.50000E-01	1.96629E+01	8.86462E-02
2.50000E-01	1.99438E+01	8.70448E-02
2.50000E-01	2.02247E+01	8.54905E-02
2.50000E-01	2.05056E+01	8.39802E-02
2.50000E-01	2.07865E+01	8.25099E-02
2.50000E-01	2.10674E+01	8.10790E-02
2.50000E-01	2.13483E+01	7.96865E-02
2.50000E-01	2.16292E+01	7.83307E-02
2.50000E-01	2.19101E+01	7.70105E-02
2.50000E-01	2.21910E+01	7.57260E-02
2.50000E-01	2.24719E+01	7.44766E-02
2.50000E-01	2.27528E+01	7.32598E-02
2.50000E-01	2.30337E+01	7.20749E-02
2.50000E-01	2.33146E+01	7.09209E-02
2.50000E-01	2.35955E+01	6.97959E-02
2.50000E-01	2.38764E+01	6.86986E-02
2.50000E-01	2.41573E+01	6.76292E-02
2.50000E-01	2.44382E+01	6.65873E-02
2.50000E-01	2.47191E+01	6.55714E-02
2.50000E-01	2.50000E+01	6.45809E-02
3.00000E-01	0.00000E+00	1.03631E+00
3.00000E-01	2.80899E-01	1.04931E+00
3.00000E-01	5.61798E-01	8.55324E-01
3.00000E-01	8.42697E-01	8.06206E-01
3.00000E-01	1.12360E+00	7.51121E-01
3.00000E-01	1.40449E+00	7.23462E-01
3.00000E-01	1.68539E+00	7.17598E-01
3.00000E-01	1.96629E+00	7.21411E-01
3.00000E-01	2.24719E+00	7.34197E-01
3.00000E-01	2.52809E+00	7.39858E-01
3.00000E-01	2.80899E+00	7.25443E-01
3.00000E-01	3.08989E+00	6.97852E-01
3.00000E-01	3.37079E+00	6.61694E-01
3.00000E-01	3.65169E+00	6.20227E-01
3.00000E-01	3.93258E+00	5.78571E-01
3.00000E-01	4.21348E+00	5.39292E-01
3.00000E-01	4.49438E+00	5.03239E-01
3.00000E-01	4.77528E+00	4.70518E-01
3.00000E-01	5.05618E+00	4.40954E-01
3.00000E-01	5.33708E+00	4.14266E-01
3.00000E-01	5.61798E+00	3.90135E-01
3.00000E-01	5.89888E+00	3.68278E-01
3.00000E-01	6.17978E+00	3.48425E-01
3.00000E-01	6.46067E+00	3.30351E-01
3.00000E-01	6.74157E+00	3.13846E-01
3.00000E-01	7.02247E+00	2.98713E-01
3.00000E-01	7.30337E+00	2.84819E-01
3.00000E-01	7.58427E+00	2.72024E-01
3.00000E-01	7.86517E+00	2.60231E-01
3.00000E-01	8.14607E+00	2.49327E-01
3.00000E-01	8.42697E+00	2.39229E-01
3.00000E-01	8.70787E+00	2.29859E-01
3.00000E-01	8.98876E+00	2.21152E-01
3.00000E-01	9.26966E+00	2.13039E-01
3.00000E-01	9.55056E+00	2.05474E-01
3.00000E-01	9.83146E+00	1.98405E-01
3.00000E-01	1.01124E+01	1.91785E-01
3.00000E-01	1.03933E+01	1.85578E-01
3.00000E-01	1.06742E+01	1.79742E-01
3.00000E-01	1.09551E+01	1.74251E-01
3.00000E-01	1.12360E+01	1.69069E-01
3.00000E-01	1.15169E+01	1.64171E-01
3.00000E-01	1.17978E+01	1.59527E-01
3.00000E-01	1.20787E+01	1.55129E-01
3.00000E-01	1.23596E+01	1.50951E-01
3.00000E-01	1.26404E+01	1.46964E-01
3.00000E-01	1.29213E+01	1.43169E-01
3.00000E-01	1.32022E+01	1.39558E-01
3.00000E-01	1.34831E+01	1.36105E-01
3.00000E-01	1.37640E+01	1.32797E-01
3.00000E-01	1.40449E+01	1.29632E-01
3.00000E-01	1.43258E+01	1.26604E-01
3.00000E-01	1.46067E+01	1.23695E-01
3.00000E-01	1.48876E+01	1.20901E-01
3.00000E-01	1.51685E+01	1.18216E-01
3.00000E-01	1.54494E+01	1.15629E-01
3.00000E-01	1.57303E+01	1.13132E-01
3.00000E-01	1.60112E+01	1.10729E-01
3.00000E-01	1.62921E+01	1.08413E-01
3.00000E-01	1.65730E+01	1.06173E-01
3.00000E-01	1.68539E+01	1.04005E-01
3.00000E-01	1.71348E+01	1.01909E-01
3.00000E-01	1.74157E+01	9.98789E-02
3.00000E-01	1.76966E+01	9.79115E-02
3.00000E-01	1.79775E+01	9.60074E-02
3.00000E-01	1.82584E+01	9.41630E-02
3.00000E-01	1.85393E+01	9.23725E-02
3.00000E-01	1.88202E+01	9.06329E-02
3.00000E-01	1.91011E+01	8.89441E-02
3.00000E-01	1.93820E+01	8.73043E-02
3.00000E-01	1.96629E+01	8.57097E-02
3.00000E-01	1.99438E+01	8.41614E-02
3.00000E-01	2.02247E+01	8.26585E-02
3.00000E-01	2.05056E+01	8.11983E-02
3.00000E-01	2.07865E+01	7.97767E-02
3.00000E-01	2.10674E+01	7.83932E-02
3.00000E-01	2.13483E+01	7.70468E-02
3.00000E-01	2.16292E+01	7.57359E-02
3.00000E-01	2.19101E+01	7.44594E-02
3.00000E-01	2.21910E+01	7.32175E-02
3.00000E-01	2.24719E+01	7.20095E-02
3.00000E-01	2.27528E+01	7.08330E-02
3.00000E-01	2.30337E+01	6.96874E-02
3.00000E-01	2.33146E+01	6.85716E-02
3.00000E-01	2.35955E+01	6.74838E-02
3.00000E-01	2.38764E+01	6.64229E-02
3.00000E-01	2.41573E+01	6.53889E-02
3.00000E-01	2.44382E+01	6.43815E-02
3.00000E-01	2.47191E+01	6.33993E-02
3.00000E-01	2.50000E+01	6.24416E-02
4.00000E-01	0.00000E+00	1.03147E+00
4.00000E-01	2.80899E-01	9.92608E-01
4.00000E-01	5.61798E-01	8.18246E-01
4.00000E-01	8.42697E-01	7.70248E-01
4.00000E-01	1.12360E+00	7.18648E-01
4.00000E-01	1.40449E+00	6.92275E-01
4.00000E-01	1.68539E+00	6.86563E-01
4.00000E-01	1.96629E+00	6.90286E-01
4.00000E-01	2.24719E+00	7.02328E-01
4.00000E-01	2.52809E+00	7.07535E-01
4.00000E-01	2.80899E+00	6.93775E-01
4.00000E-01	3.08989E+00	6.67400E-01
4.00000E-01	3.37079E+00	6.32826E-01
4.00000E-01	3.65169E+00	5.93216E-01
4.00000E-01	3.93258E+00	5.53401E-01
4.00000E-01	4.21348E+00	5.15845E-01
4.00000E-01	4.49438E+00	4.81368E-01
4.00000E-01	4.77528E+00	4.50073E-01
4.00000E-01	5.05618E+00	4.21797E-01
4.00000E-01	5.33708E+00	3.96271E-01
4.00000E-01	5.61798E+00	3.73189E-01
4.00000E-01	5.89888E+00	3.52283E-01
4.00000E-01	6.17978E+00	3.33293E-01
4.00000E-01	6.46067E+00	3.16005E-01
4.00000E-01	6.74157E+00	3.00216E-01
4.00000E-01	7.02247E+00	2.85741E-01
4.00000E-01	7.30337E+00	2.72451E-01
4.00000E-01	7.58427E+00	2.60213E-01
4.00000E-01	7.86517E+00	2.48931E-01
4.00000E-01	8.14607E+00	2.38501E-01
4.00000E-01	8.42697E+00	2.28842E-01
4.00000E-01	8.70787E+00	2.19878E-01
4.00000E-01	8.98876E+00	2.11550E-01
4.00000E-01	9.26966E+00	2.03789E-01
4.00000E-01	9.55056E+00	1.96552E-01
4.00000E-01	9.83146E+00	1.89791E-01
4.00000E-01	1.01124E+01	1.83458E-01
4.00000E-01	1.03933E+01	1.77520E-01
4.00000E-01	1.06742E+01	1.71938E-01
4.00000E-01	1.09551E+01	1.66685E-01
4.00000E-01	1.12360E+01	1.61728E-01
4.00000E-01	1.15169E+01	1.57043E-01
4.00000E-01	1.17978E+01	1.52601E-01
4.00000E-01	1.20787E+01	1.48394E-01
4.00000E-01	1.23596E+01	1.44397E-01
4.00000E-01	1.26404E+01	1.40583E-01
4.00000E-01	1.29213E+01	1.36953E-01
4.00000E-01	1.32022E+01	1.33499E-01
4.00000E-01	1.34831E+01	1.30196E-01
4.00000E-01	1.37640E+01	1.27031E-01
4.00000E-01	1.40449E+01	1.24004E-01
4.00000E-01	1.43258E+01	1.21107E-01
4.00000E-01	1.46067E+01	1.18324E-01
4.00000E-01	1.48876E+01	1.15652E-01
4.00000E-01	1.51685E+01	1.13084E-01
4.00000E-01	1.54494E+01	1.10609E-01
4.00000E-01	1.57303E+01	1.08220E-01
4.00000E-01	1.60112E+01	1.05921E-01
4.00000E-01	1.62921E+01	1.03706E-01
4.00000E-01	1.65730E+01	1.01563E-01
4.00000E-01	1.68539E+01	9.94893E-02
4.00000E-01	1.71348E+01	9.74839E-02
4.00000E-01	1.74157E+01	9.55423E-02
4.00000E-01	1.76966E+01	9.36604E-02
4.00000E-01	1.79775E+01	9.18390E-02
4.00000E-01	1.82584E+01	9.00746E-02
4.00000E-01	1.85393E+01	8.83619E-02
4.00000E-01	1.88202E+01	8.66979E-02
4.00000E-01	1.91011E+01	8.50824E-02
4.00000E-01	1.93820E+01	8.35138E-02
4.00000E-01	1.96629E+01	8.19885E-02
4.00000E-01	1.99438E+01	8.05074E-02
4.00000E-01	2.02247E+01	7.90697E-02
4.00000E-01	2.05056E+01	7.76729E-02
4.00000E-01	2.07865E+01	7.63130E-02
4.00000E-01	2.10674E+01	7.49895E-02
4.00000E-01	2.13483E+01	7.37016E-02
4.00000E-01	2.16292E+01	7.24477E-02
4.00000E-01	2.19101E+01	7.12266E-02
4.00000E-01	2.21910E+01	7.00386E-02
4.00000E-01	2.24719E+01	6.88831E-02
4.00000E-01	2.27528E+01	6.77577E-02
4.00000E-01	2.30337E+01	6.66618E-02
4.00000E-01	2.33146E+01	6.55944E-02
4.00000E-01	2.35955E+01	6.45539E-02
4.00000E-01	2.38764E+01	6.35390E-02
4.00000E-01	2.41573E+01	6.25500E-02
4.00000E-01	2.44382E+01	6.15863E-02
4.00000E-01	2.47191E+01	6.06467E-02
4.00000E-01	2.50000E+01	5.97307E-02
5.00000E-01	0.00000E+00	1.02612E+00
5.00000E-01	2.80899E-01	9.59101E-01
5.00000E-01	5.61798E-01	7.97881E-01
5.00000E-01	8.42697E-01	7.50367E-01
5.00000E-01	1.12360E+00	7.01262E-01
5.00000E-01	1.40449E+00	6.75684E-01
5.00000E-01	1.68539E+00	6.70014E-01
5.00000E-01	1.96629E+00	6.73727E-01
5.00000E-01	2.24719E+00	6.85247E-01
5.00000E-01	2.52809E+00	6.90071E-01
5.00000E-01	2.80899E+00	6.76681E-01
5.00000E-01	3.08989E+00	6.50972E-01
5.00000E-01	3.37079E+00	6.17258E-01
5.00000E-01	3.65169E+00	5.78681E-01
5.00000E-01	3.93258E+00	5.39876E-01
5.00000E-01	4.21348E+00	5.03256E-01
5.00000E-01	4.49438E+00	4.69631E-01
5.00000E-01	4.77528E+00	4.39106E-01
5.00000E-01	5.05618E+00	4.11523E-01
5.00000E-01	5.33708E+00	3.86621E-01
5.00000E-01	5.61798E+00	3.64103E-01
5.00000E-01	5.89888E+00	3.43707E-01
5.00000E-01	6.17978E+00	3.25181E-01
5.00000E-01	6.46067E+00	3.08314E-01
5.00000E-01	6.74157E+00	2.92910E-01
5.00000E-01	7.02247E+00	2.78788E-01
5.00000E-01	7.30337E+00	2.65821E-01
5.00000E-01	7.58427E+00	2.53881E-01
5.00000E-01	7.86517E+00	2.42874E-01
5.00000E-01	8.14607E+00	2.32699E-01
5.00000E-01	8.42697E+00	2.23275E-01
5.00000E-01	8.70787E+00	2.14529E-01
5.00000E-01	8.98876E+00	2.06404E-01
5.00000E-01	9.26966E+00	1.98832E-01
5.00000E-01	9.55056E+00	1.91771E-01
5.00000E-01	9.83146E+00	1.85174E-01
5.00000E-01	1.01124E+01	1.78995E-01
5.00000E-01	1.03933E+01	1.73202E-01
5.00000E-01	1.06742E+01	1.67756E-01
5.00000E-01	1.09551E+01	1.62631E-01
5.00000E-01	1.12360E+01	1.57794E-01
5.00000E-01	1.15169E+01	1.53223E-01
5.00000E-01	1.17978E+01	1.48889E-01
5.00000E-01	1.20787E+01	1.44784E-01
5.00000E-01	1.23596E+01	1.40885E-01
5.00000E-01	1.26404E+01	1.37164E-01
5.00000E-01	1.29213E+01	1.33622E-01
5.00000E-01	1.32022E+01	1.30251E-01
5.00000E-01	1.34831E+01	1.27029E-01
5.00000E-01	1.37640E+01	1.23941E-01
5.00000E-01	1.40449E+01	1.20988E-01
5.00000E-01	1.43258E+01	1.18161E-01
5.00000E-01	1.46067E+01	1.15446E-01
5.00000E-01	1.48876E+01	1.12839E-01
5.00000E-01	1.51685E+01	1.10333E-01
5.00000E-01	1.54494E+01	1.07918E-01
5.00000E-01	1.57303E+01	1.05588E-01
5.00000E-01	1.60112E+01	1.03345E-01
5.00000E-01	1.62921E+01	1.01183E-01
5.00000E-01	1.65730E+01	9.90923E-02
5.00000E-01	1.68539E+01	9.70693E-02
5.00000E-01	1.71348E+01	9.51127E-02
5.00000E-01	1.74157E+01	9.32183E-02
5.00000E-01	1.76966E+01	9.13823E-02
5.00000E-01	1.79775E+01	8.96051E-02
5.00000E-01	1.82584E+01	8.78836E-02
5.00000E-01	1.85393E+01	8.62125E-02
5.00000E-01	1.88202E+01	8.45890E-02
5.00000E-01	1.91011E+01	8.30129E-02
5.00000E-01	1.93820E+01	8.14824E-02
5.00000E-01	1.96629E+01	7.99942E-02
5.00000E-01	1.99438E+01	7.85492E-02
5.00000E-01	2.02247E+01	7.71465E-02
5.00000E-01	2.05056E+01	7.57836E-02
5.00000E-01	2.07865E+01	7.44568E-02
5.00000E-01	2.10674E+01	7.31655E-02
5.00000E-01	2.13483E+01	7.19090E-02
5.00000E-01	2.16292E+01	7.06855E-02
5.00000E-01	2.19101E+01	6.94942E-02
5.00000E-01	2.21910E+01	6.83351E-02
5.00000E-01	2.24719E+01	6.72077E-02
5.00000E-01	2.27528E+01	6.61096E-02
5.00000E-01	2.30337E+01	6.50404E-02
5.00000E-01	2.33146E+01	6.39990E-02
5.00000E-01	2.35955E+01	6.29838E-02
5.00000E-01	2.38764E+01	6.19936E-02
5.00000E-01	2.41573E+01	6.10286E-02
5.00000E-01	2.44382E+01	6.00884E-02
5.00000E-01	2.47191E+01	5.91716E-02
5.00000E-01	2.50000E+01	5.82779E-02
6.00000E-01	0.00000E+00	1.02057E+00
6.00000E-01	2.80899E-01	9.40247E-01
6.00000E-01	5.61798E-01	7.87191E-01
6.00000E-01	8.42697E-01	7.39911E-01
6.00000E-01	1.12360E+00	6.92779E-01
6.00000E-01	1.40449E+00	6.67745E-01
6.00000E-01	1.68539E+00	6.62063E-01
6.00000E-01	1.96629E+00	6.65813E-01
6.00000E-01	2.24719E+00	6.76925E-01
6.00000E-01	2.52809E+00	6.81393E-01
6.00000E-01	2.80899E+00	6.68203E-01
6.00000E-01	3.08989E+00	6.42835E-01
6.00000E-01	3.37079E+00	6.09557E-01
6.00000E-01	3.65169E+00	5.71531E-01
6.00000E-01	3.93258E+00	5.33246E-01
6.00000E-01	4.21348E+00	4.97099E-01
6.00000E-01	4.49438E+00	4.63898E-01
6.00000E-01	4.77528E+00	4.33753E-01
6.00000E-01	5.05618E+00	4.06512E-01
6.00000E-01	5.33708E+00	3.81916E-01
6.00000E-01	5.61798E+00	3.59675E-01
6.00000E-01	5.89888E+00	3.39528E-01
6.00000E-01	6.17978E+00	3.21229E-01
6.00000E-01	6.46067E+00	3.04568E-01
6.00000E-01	6.74157E+00	2.89351E-01
6.00000E-01	7.02247E+00	2.75402E-01
6.00000E-01	7.30337E+00	2.62593E-01
6.00000E-01	7.58427E+00	2.50799E-01
6.00000E-01	7.86517E+00	2.39926E-01
6.00000E-01	8.14607E+00	2.29874E-01
6.00000E-01	8.42697E+00	2.20564E-01
6.00000E-01	8.70787E+00	2.11926E-01
6.00000E-01	8.98876E+00	2.03899E-01
6.00000E-01	9.26966E+00	1.96419E-01
6.00000E-01	9.55056E+00	1.89444E-01
6.00000E-01	9.83146E+00	1.82927E-01
6.00000E-01	1.01124E+01	1.76823E-01
6.00000E-01	1.03933E+01	1.71100E-01
6.00000E-01	1.06742E+01	1.65721E-01
6.00000E-01	1.09551E+01	1.60657E-01
6.00000E-01	1.12360E+01	1.55880E-01
6.00000E-01	1.15169E+01	1.51363E-01
6.00000E-01	1.17978E+01	1.47083E-01
6.00000E-01	1.20787E+01	1.43027E-01
6.00000E-01	1.23596E+01	1.39175E-01
6.00000E-01	1.26404E+01	1.35500E-01
6.00000E-01	1.29213E+01	1.32000E-01
6.00000E-01	1.32022E+01	1.28671E-01
6.00000E-01	1.34831E+01	1.25487E-01
6.00000E-01	1.37640E+01	1.22438E-01
6.00000E-01	1.40449E+01	1.19520E-01
6.00000E-01	1.43258E+01	1.16727E-01
6.00000E-01	1.46067E+01	1.14046E-01
6.00000E-01	1.48876E+01	1.11470E-01
6.00000E-01	1.51685E+01	1.08994E-01
6.00000E-01	1.54494E+01	1.06609E-01
6.00000E-01	1.57303E+01	1.04307E-01
6.00000E-01	1.60112E+01	1.02091E-01
6.00000E-01	1.62921E+01	9.99554E-02
6.00000E-01	1.65730E+01	9.78900E-02
6.00000E-01	1.68539E+01	9.58916E-02
6.00000E-01	1.71348E+01	9.39587E-02
6.00000E-01	1.74157E+01	9.20873E-02
6.00000E-01	1.76966E+01	9.02736E-02
6.00000E-01	1.79775E+01	8.85180E-02
6.00000E-01	1.82584E+01	8.68174E-02
6.00000E-01	1.85393E+01	8.51665E-02
6.00000E-01	1.88202E+01	8.35628E-02
6.00000E-01	1.91011E+01	8.20058E-02
6.00000E-01	1.93820E+01	8.04938E-02
6.00000E-01	1.96629E+01	7.90238E-02
6.00000E-01	1.99438E+01	7.75962E-02
6.00000E-01	2.02247E+01	7.62106E-02
6.00000E-01	2.05056E+01	7.48642E-02
6.00000E-01	2.07865E+01	7.35535E-02
6.00000E-01	2.10674E+01	7.22779E-02
6.00000E-01	2.13483E+01	7.10366E-02
6.00000E-01	2.16292E+01	6.98280E-02
6.00000E-01	2.19101E+01	6.86512E-02
6.00000E-01	2.21910E+01	6.75062E-02
6.00000E-01	2.24719E+01	6.63924E-02
6.00000E-01	2.27528E+01	6.53077E-02
6.00000E-01	2.30337E+01	6.42514E-02
6.00000E-01	2.33146E+01	6.32226E-02
6.00000E-01	2.35955E+01	6.22197E-02
6.00000E-01	2.38764E+01	6.12416E-02
6.00000E-01	2.41573E+01	6.02883E-02
6.00000E-01	2.44382E+01	5.93595E-02
6.00000E-01	2.47191E+01	5.84539E-02
6.00000E-01	2.50000E+01	5.75709E-02
7.00000E-01	0.00000E+00	1.01505E+00
7.00000E-01	2.80899E-01	9.29399E-01
7.00000E-01	5.61798E-01	7.82659E-01
7.00000E-01	8.42697E-01	7.35331E-01
7.00000E-01	1.12360E+00	6.89896E-01
7.00000E-01	1.40449E+00	6.65292E-01
7.00000E-01	1.68539E+00	6.59575E-01
7.00000E-01	1.96629E+00	6.63389E-01
7.00000E-01	2.24719E+00	6.74154E-01
7.00000E-01	2.52809E+00	6.78266E-01
7.00000E-01	2.80899E+00	6.65167E-01
7.00000E-01	3.08989E+00	6.39939E-01
7.00000E-01	3.37079E+00	6.06831E-01
7.00000E-01	3.65169E+00	5.69053E-01
7.00000E-01	3.93258E+00	5.30985E-01
7.00000E-01	4.21348E+00	4.95018E-01
7.00000E-01	4.49438E+00	4.61971E-01
7.00000E-01	4.77528E+00	4.31961E-01
7.00000E-01	5.05618E+00	4.04838E-01
7.00000E-01	5.33708E+00	3.80348E-01
7.00000E-01	5.61798E+00	3.58201E-01
7.00000E-01	5.89888E+00	3.38139E-01
7.00000E-01	6.17978E+00	3.19916E-01
7.00000E-01	6.46067E+00	3.03324E-01
7.00000E-01	6.74157E+00	2.88170E-01
7.00000E-01	7.02247E+00	2.74279E-01
7.00000E-01	7.30337E+00	2.61523E-01
7.00000E-01	7.58427E+00	2.49778E-01
7.00000E-01	7.86517E+00	2.38949E-01
7.00000E-01	8.14607E+00	2.28938E-01
7.00000E-01	8.42697E+00	2.19667E-01
7.00000E-01	8.70787E+00	2.11064E-01
7.00000E-01	8.98876E+00	2.03069E-01
7.00000E-01	9.26966E+00	1.95621E-01
7.00000E-01	9.55056E+00	1.88674E-01
7.00000E-01	9.83146E+00	1.82183E-01
7.00000E-01	1.01124E+01	1.76105E-01
7.00000E-01	1.03933E+01	1.70405E-01
7.00000E-01	1.06742E+01	1.65047E-01
7.00000E-01	1.09551E+01	1.60005E-01
7.00000E-01	1.12360E+01	1.55246E-01
7.00000E-01	1.15169E+01	1.50748E-01
7.00000E-01	1.17978E+01	1.46485E-01
7.00000E-01	1.20787E+01	1.42446E-01
7.00000E-01	1.23596E+01	1.38609E-01
7.00000E-01	1.26404E+01	1.34949E-01
7.00000E-01	1.29213E+01	1.31464E-01
7.00000E-01	1.32022E+01	1.28148E-01
7.00000E-01	1.34831E+01	1.24977E-01
7.00000E-01	1.37640E+01	1.21940E-01
7.00000E-01	1.40449E+01	1.19034E-01
7.00000E-01	1.43258E+01	1.16253E-01
7.00000E-01	1.46067E+01	1.13582E-01
7.00000E-01	1.48876E+01	1.11017E-01
7.00000E-01	1.51685E+01	1.08551E-01
7.00000E-01	1.54494E+01	1.06176E-01
7.00000E-01	1.57303E+01	1.03883E-01
7.00000E-01	1.60112E+01	1.01676E-01
7.00000E-01	1.62921E+01	9.95493E-02
7.00000E-01	1.65730E+01	9.74923E-02
7.00000E-01	1.68539E+01	9.55021E-02
7.00000E-01	1.71348E+01	9.35770E-02
7.00000E-01	1.74157E+01	9.17132E-02
7.00000E-01	1.76966E+01	8.99070E-02
7.00000E-01	1.79775E+01	8.81585E-02
7.00000E-01	1.82584E+01	8.64647E-02
7.00000E-01	1.85393E+01	8.48206E-02
7.00000E-01	1.88202E+01	8.32234E-02
7.00000E-01	1.91011E+01	8.16727E-02
7.00000E-01	1.93820E+01	8.01668E-02
7.00000E-01	1.96629E+01	7.87029E-02
7.00000E-01	1.99438E+01	7.72811E-02
7.00000E-01	2.02247E+01	7.59011E-02
7.00000E-01	2.05056E+01	7.45601E-02
7.00000E-01	2.07865E+01	7.32548E-02
7.00000E-01	2.10674E+01	7.19844E-02
7.00000E-01	2.13483E+01	7.07481E-02
7.00000E-01	2.16292E+01	6.95444E-02
7.00000E-01	2.19101E+01	6.83724E-02
7.00000E-01	2.21910E+01	6.72321E-02
7.00000E-01	2.24719E+01	6.61228E-02
7.00000E-01	2.27528E+01	6.50425E-02
7.00000E-01	2.30337E+01	6.39905E-02
7.00000E-01	2.33146E+01	6.29659E-02
7.00000E-01	2.35955E+01	6.19671E-02
7.00000E-01	2.38764E+01	6.09929E-02
7.00000E-01	2.41573E+01	6.00436E-02
7.00000E-01	2.44382E+01	5.91185E-02
7.00000E-01	2.47191E+01	5.82166E-02
7.00000E-01	2.50000E+01	5.73372E-02
8.00000E-01	0.00000E+00	1.00972E+00
8.00000E-01	2.80899E-01	9.22174E-01
8.00000E-01	5.61798E-01	7.82402E-01
8.00000E-01	8.42697E-01	7.34530E-01
8.00000E-01	1.12360E+00	6.90639E-01
8.00000E-01	1.40449E+00	6.66434E-01
8.00000E-01	1.68539E+00	6.60684E-01
8.00000E-01	1.96629E+00	6.64577E-01
8.00000E-01	2.24719E+00	6.75020E-01
8.00000E-01	2.52809E+00	6.78768E-01
8.00000E-01	2.80899E+00	6.65684E-01
8.00000E-01	3.08989E+00	6.40466E-01
8.00000E-01	3.37079E+00	6.07358E-01
8.00000E-01	3.65169E+00	5.69635E-01
8.00000E-01	3.93258E+00	5.31586E-01
8.00000E-01	4.21348E+00	4.95611E-01
8.00000E-01	4.49438E+00	4.62542E-01
8.00000E-01	4.77528E+00	4.32506E-01
8.00000E-01	5.05618E+00	4.05356E-01
8.00000E-01	5.33708E+00	3.80839E-01
8.00000E-01	5.61798E+00	3.58667E-01
8.00000E-01	5.89888E+00	3.38581E-01
8.00000E-01	6.17978E+00	3.20336E-01
8.00000E-01	6.46067E+00	3.03724E-01
8.00000E-01	6.74157E+00	2.88551E-01
8.00000E-01	7.02247E+00	2.74643E-01
8.00000E-01	7.30337E+00	2.61870E-01
8.00000E-01	7.58427E+00	2.50110E-01
8.00000E-01	7.86517E+00	2.39267E-01
8.00000E-01	8.14607E+00	2.29244E-01
8.00000E-01	8.42697E+00	2.19960E-01
8.00000E-01	8.70787E+00	2.11347E-01
8.00000E-01	8.98876E+00	2.03341E-01
8.00000E-01	9.26966E+00	1.95883E-01
8.00000E-01	9.55056E+00	1.88927E-01
8.00000E-01	9.83146E+00	1.82428E-01
8.00000E-01	1.01124E+01	1.76341E-01
8.00000E-01	1.03933E+01	1.70634E-01
8.00000E-01	1.06742E+01	1.65269E-01
8.00000E-01	1.09551E+01	1.60219E-01
8.00000E-01	1.12360E+01	1.55455E-01
8.00000E-01	1.15169E+01	1.50950E-01
8.00000E-01	1.17978E+01	1.46682E-01
8.00000E-01	1.20787E+01	1.42638E-01
8.00000E-01	1.23596E+01	1.38795E-01
8.00000E-01	1.26404E+01	1.35130E-01
8.00000E-01	1.29213E+01	1.31641E-01
8.00000E-01	1.32022E+01	1.28320E-01
8.00000E-01	1.34831E+01	1.25145E-01
8.00000E-01	1.37640E+01	1.22104E-01
8.00000E-01	1.40449E+01	1.19194E-01
8.00000E-01	1.43258E+01	1.16409E-01
8.00000E-01	1.46067E+01	1.13735E-01
8.00000E-01	1.48876E+01	1.11166E-01
8.00000E-01	1.51685E+01	1.08697E-01
8.00000E-01	1.54494E+01	1.06318E-01
8.00000E-01	1.57303E+01	1.04023E-01
8.00000E-01	1.60112E+01	1.01813E-01
8.00000E-01	1.62921E+01	9.96830E-02
8.00000E-01	1.65730E+01	9.76233E-02
8.00000E-01	1.68539E+01	9.56304E-02
8.00000E-01	1.71348E+01	9.37028E-02
8.00000E-01	1.74157E+01	9.18365E-02
8.00000E-01	1.76966E+01	9.00279E-02
8.00000E-01	1.79775E+01	8.82771E-02
8.00000E-01	1.82584E+01	8.65809E-02
8.00000E-01	1.85393E+01	8.49346E-02
8.00000E-01	1.88202E+01	8.33353E-02
8.00000E-01	1.91011E+01	8.17826E-02
8.00000E-01	1.93820E+01	8.02747E-02
8.00000E-01	1.96629E+01	7.88088E-02
8.00000E-01	1.99438E+01	7.73852E-02
8.00000E-01	2.02247E+01	7.60033E-02
8.00000E-01	2.05056E+01	7.46604E-02
8.00000E-01	2.07865E+01	7.33534E-02
8.00000E-01	2.10674E+01	7.20813E-02
8.00000E-01	2.13483E+01	7.08434E-02
8.00000E-01	2.16292E+01	6.96381E-02
8.00000E-01	2.19101E+01	6.84645E-02
8.00000E-01	2.21910E+01	6.73226E-02
8.00000E-01	2.24719E+01	6.62118E-02
8.00000E-01	2.27528E+01	6.51301E-02
8.00000E-01	2.30337E+01	6.40767E-02
8.00000E-01	2.33146E+01	6.30507E-02
8.00000E-01	2.35955E+01	6.20505E-02
8.00000E-01	2.38764E+01	6.10751E-02
8.00000E-01	2.41573E+01	6.01245E-02
8.00000E-01	2.44382E+01	5.91981E-02
8.00000E-01	2.47191E+01	5.82950E-02
8.00000E-01	2.50000E+01	5.74145E-02
9.00000E-01	0.00000E+00	1.00470E+00
9.00000E-01	2.80899E-01	9.16495E-01
9.00000E-01	5.61798E-01	7.85282E-01
9.00000E-01	8.42697E-01	7.36221E-01
9.00000E-01	1.12360E+00	6.93751E-01
9.00000E-01	1.40449E+00	6.69963E-01
9.00000E-01	1.68539E+00	6.64198E-01
9.00000E-01	1.96629E+00	6.68175E-01
9.00000E-01	2.24719E+00	6.78304E-01
9.00000E-01	2.52809E+00	6.81674E-01
9.00000E-01	2.80899E+00	6.68551E-01
9.00000E-01	3.08989E+00	6.43259E-01
9.00000E-01	3.37079E+00	6.10042E-01
9.00000E-01	3.65169E+00	5.72249E-01
9.00000E-01	3.93258E+00	5.34092E-01
9.00000E-01	4.21348E+00	4.97984E-01
9.00000E-01	4.49438E+00	4.64777E-01
9.00000E-01	4.77528E+00	4.34610E-01
9.00000E-01	5.05618E+00	4.07336E-01
9.00000E-01	5.33708E+00	3.82704E-01
9.00000E-01	5.61798E+00	3.60428E-01
9.00000E-01	5.89888E+00	3.40246E-01
9.00000E-01	6.17978E+00	3.21914E-01
9.00000E-01	6.46067E+00	3.05221E-01
9.00000E-01	6.74157E+00	2.89974E-01
9.00000E-01	7.02247E+00	2.75999E-01
9.00000E-01	7.30337E+00	2.63164E-01
9.00000E-01	7.58427E+00	2.51347E-01
9.00000E-01	7.86517E+00	2.40451E-01
9.00000E-01	8.14607E+00	2.30379E-01
9.00000E-01	8.42697E+00	2.21049E-01
9.00000E-01	8.70787E+00	2.12393E-01
9.00000E-01	8.98876E+00	2.04348E-01
9.00000E-01	9.26966E+00	1.96854E-01
9.00000E-01	9.55056E+00	1.89864E-01
9.00000E-01	9.83146E+00	1.83332E-01
9.00000E-01	1.01124E+01	1.77216E-01
9.00000E-01	1.03933E+01	1.71480E-01
9.00000E-01	1.06742E+01	1.66089E-01
9.00000E-01	1.09551E+01	1.61014E-01
9.00000E-01	1.12360E+01	1.56226E-01
9.00000E-01	1.15169E+01	1.51699E-01
9.00000E-01	1.17978E+01	1.47409E-01
9.00000E-01	1.20787E+01	1.43345E-01
9.00000E-01	1.23596E+01	1.39483E-01
9.00000E-01	1.26404E+01	1.35801E-01
9.00000E-01	1.29213E+01	1.32294E-01
9.00000E-01	1.32022E+01	1.28956E-01
9.00000E-01	1.34831E+01	1.25766E-01
9.00000E-01	1.37640E+01	1.22710E-01
9.00000E-01	1.40449E+01	1.19786E-01
9.00000E-01	1.43258E+01	1.16986E-01
9.00000E-01	1.46067E+01	1.14299E-01
9.00000E-01	1.48876E+01	1.11718E-01
9.00000E-01	1.51685E+01	1.09236E-01
9.00000E-01	1.54494E+01	1.06845E-01
9.00000E-01	1.57303E+01	1.04539E-01
9.00000E-01	1.60112E+01	1.02318E-01
9.00000E-01	1.62921E+01	1.00177E-01
9.00000E-01	1.65730E+01	9.81075E-02
9.00000E-01	1.68539E+01	9.61048E-02
9.00000E-01	1.71348E+01	9.41676E-02
9.00000E-01	1.74157E+01	9.22920E-02
9.00000E-01	1.76966E+01	9.04745E-02
9.00000E-01	1.79775E+01	8.87150E-02
9.00000E-01	1.82584E+01	8.70104E-02
9.00000E-01	1.85393E+01	8.53559E-02
9.00000E-01	1.88202E+01	8.37488E-02
9.00000E-01	1.91011E+01	8.21883E-02
9.00000E-01	1.93820E+01	8.06729E-02
9.00000E-01	1.96629E+01	7.91998E-02
9.00000E-01	1.99438E+01	7.77692E-02
9.00000E-01	2.02247E+01	7.63804E-02
9.00000E-01	2.05056E+01	7.50309E-02
9.00000E-01	2.07865E+01	7.37174E-02
9.00000E-01	2.10674E+01	7.24390E-02
9.00000E-01	2.13483E+01	7.11949E-02
9.00000E-01	2.16292E+01	6.99836E-02
9.00000E-01	2.19101E+01	6.88043E-02
9.00000E-01	2.21910E+01	6.76568E-02
9.00000E-01	2.24719E+01	6.65404E-02
9.00000E-01	2.27528E+01	6.54534E-02
9.00000E-01	2.30337E+01	6.43948E-02
9.00000E-01	2.33146E+01	6.33636E-02
9.00000E-01	2.35955E+01	6.23585E-02
9.00000E-01	2.38764E+01	6.13782E-02
9.00000E-01	2.41573E+01	6.04229E-02
9.00000E-01	2.44382E+01	5.94920E-02
9.00000E-01	2.47191E+01	5.85844E-02
9.00000E-01	2.50000E+01	5.76995E-02
1.00000E+00	0.00000E+00	1.00007E+00
1.00000E+00	2.80899E-01	9.11776E-01
1.00000E+00	5.61798E-01	7.90456E-01
1.00000E+00	8.42697E-01	7.39608E-01
1.00000E+00	1.12360E+00	6.98401E-01
1.00000E+00	1.40449E+00	6.75075E-01
1.00000E+00	1.68539E+00	6.69325E-01
1.00000E+00	1.96629E+00	6.73385E-01
1.00000E+00	2.24719E+00	6.83196E-01
1.00000E+00	2.52809E+00	6.86171E-01
1.00000E+00	2.80899E+00	6.72970E-01
1.00000E+00	3.08989E+00	6.47550E-01
1.00000E+00	3.37079E+00	6.14155E-01
1.00000E+00	3.65169E+00	5.76212E-01
1.00000E+00	3.93258E+00	5.37866E-01
1.00000E+00	4.21348E+00	5.01545E-01
1.00000E+00	4.49438E+00	4.68126E-01
1.00000E+00	4.77528E+00	4.37756E-01
1.00000E+00	5.05618E+00	4.10294E-01
1.00000E+00	5.33708E+00	3.85489E-01
1.00000E+00	5.61798E+00	3.63056E-01
1.00000E+00	5.89888E+00	3.42729E-01
1.00000E+00	6.17978E+00	3.24266E-01
1.00000E+00	6.46067E+00	3.07453E-01
1.00000E+00	6.74157E+00	2.92096E-01
1.00000E+00	7.02247E+00	2.78020E-01
1.00000E+00	7.30337E+00	2.65092E-01
1.00000E+00	7.58427E+00	2.53189E-01
1.00000E+00	7.86517E+00	2.42214E-01
1.00000E+00	8.14607E+00	2.32069E-01
1.00000E+00	8.42697E+00	2.22671E-01
1.00000E+00	8.70787E+00	2.13952E-01
1.00000E+00	8.98876E+00	2.05849E-01
1.00000E+00	9.26966E+00	1.98299E-01
1.00000E+00	9.55056E+00	1.91258E-01
1.00000E+00	9.83146E+00	1.84678E-01
1.00000E+00	1.01124E+01	1.78517E-01
1.00000E+00	1.03933E+01	1.72739E-01
1.00000E+00	1.06742E+01	1.67309E-01
1.00000E+00	1.09551E+01	1.62197E-01
1.00000E+00	1.12360E+01	1.57373E-01
1.00000E+00	1.15169E+01	1.52813E-01
1.00000E+00	1.17978E+01	1.48492E-01
1.00000E+00	1.20787E+01	1.44398E-01
1.00000E+00	1.23596E+01	1.40508E-01
1.00000E+00	1.26404E+01	1.36799E-01
1.00000E+00	1.29213E+01	1.33266E-01
1.00000E+00	1.32022E+01	1.29904E-01
1.00000E+00	1.34831E+01	1.26690E-01
1.00000E+00	1.37640E+01	1.23611E-01
1.00000E+00	1.40449E+01	1.20666E-01
1.00000E+00	1.43258E+01	1.17846E-01
1.00000E+00	1.46067E+01	1.15139E-01
1.00000E+00	1.48876E+01	1.12539E-01
1.00000E+00	1.51685E+01	1.10039E-01
1.00000E+00	1.54494E+01	1.07630E-01
1.00000E+00	1.57303E+01	1.05307E-01
1.00000E+00	1.60112E+01	1.03070E-01
1.00000E+00	1.62921E+01	1.00913E-01
1.00000E+00	1.65730E+01	9.88284E-02
1.00000E+00	1.68539E+01	9.68110E-02
1.00000E+00	1.71348E+01	9.48596E-02
1.00000E+00	1.74157E+01	9.29702E-02
1.00000E+00	1.76966E+01	9.11395E-02
1.00000E+00	1.79775E+01	8.93670E-02
1.00000E+00	1.82584E+01	8.76499E-02
1.00000E+00	1.85393E+01	8.59832E-02
1.00000E+00	1.88202E+01	8.43643E-02
1.00000E+00	1.91011E+01	8.27924E-02
1.00000E+00	1.93820E+01	8.12658E-02
1.00000E+00	1.96629E+01	7.97820E-02
1.00000E+00	1.99438E+01	7.83409E-02
1.00000E+00	2.02247E+01	7.69419E-02
1.00000E+00	2.05056E+01	7.55824E-02
1.00000E+00	2.07865E+01	7.42592E-02
1.00000E+00	2.10674E+01	7.29715E-02
1.00000E+00	2.13483E+01	7.17183E-02
1.00000E+00	2.16292E+01	7.04981E-02
1.00000E+00	2.19101E+01	6.93101E-02
1.00000E+00	2.21910E+01	6.81542E-02
1.00000E+00	2.24719E+01	6.70296E-02
1.00000E+00	2.27528E+01	6.59346E-02
1.00000E+00	2.30337E+01	6.48682E-02
1.00000E+00	2.33146E+01	6.38295E-02
1.00000E+00	2.35955E+01	6.28170E-02
1.00000E+00	2.38764E+01	6.18295E-02
1.00000E+00	2.41573E+01	6.08672E-02
1.00000E+00	2.44382E+01	5.99294E-02
1.00000E+00	2.47191E+01	5.90151E-02
1.00000E+00	2.50000E+01	5.81238E-02
1.50000E+00	0.00000E+00	9.83120E-01
1.50000E+00	2.80899E-01	9.03754E-01
1.50000E+00	5.61798E-01	8.28311E-01
1.50000E+00	8.42697E-01	7.69775E-01
1.50000E+00	1.12360E+00	7.30879E-01
1.50000E+00	1.40449E+00	7.10024E-01
1.50000E+00	1.68539E+00	7.04864E-01
1.50000E+00	1.96629E+00	7.09218E-01
1.50000E+00	2.24719E+00	7.17256E-01
1.50000E+00	2.52809E+00	7.18036E-01
1.50000E+00	2.80899E+00	7.04077E-01
1.50000E+00	3.08989E+00	6.77751E-01
1.50000E+00	3.37079E+00	6.43172E-01
1.50000E+00	3.65169E+00	6.04097E-01
1.50000E+00	3.93258E+00	5.64411E-01
1.50000E+00	4.21348E+00	5.26603E-01
1.50000E+00	4.49438E+00	4.91691E-01
1.50000E+00	4.77528E+00	4.59901E-01
1.50000E+00	5.05618E+00	4.31121E-01
1.50000E+00	5.33708E+00	4.05103E-01
1.50000E+00	5.61798E+00	3.81561E-01
1.50000E+00	5.89888E+00	3.60223E-01
1.50000E+00	6.17978E+00	3.40836E-01
1.50000E+00	6.46067E+00	3.23177E-01
1.50000E+00	6.74157E+00	3.07043E-01
1.50000E+00	7.02247E+00	2.92257E-01
1.50000E+00	7.30337E+00	2.78674E-01
1.50000E+00	7.58427E+00	2.66170E-01
1.50000E+00	7.86517E+00	2.54636E-01
1.50000E+00	8.14607E+00	2.43975E-01
1.50000E+00	8.42697E+00	2.34099E-01
1.50000E+00	8.70787E+00	2.24936E-01
1.50000E+00	8.98876E+00	2.16418E-01
1.50000E+00	9.26966E+00	2.08484E-01
1.50000E+00	9.55056E+00	2.01083E-01
1.50000E+00	9.83146E+00	1.94166E-01
1.50000E+00	1.01124E+01	1.87690E-01
1.50000E+00	1.03933E+01	1.81615E-01
1.50000E+00	1.06742E+01	1.75906E-01
1.50000E+00	1.09551E+01	1.70531E-01
1.50000E+00	1.12360E+01	1.65460E-01
1.50000E+00	1.15169E+01	1.60666E-01
1.50000E+00	1.17978E+01	1.56124E-01
1.50000E+00	1.20787E+01	1.51819E-01
1.50000E+00	1.23596E+01	1.47727E-01
1.50000E+00	1.26404E+01	1.43829E-01
1.50000E+00	1.29213E+01	1.40117E-01
1.50000E+00	1.32022E+01	1.36580E-01
1.50000E+00	1.34831E+01	1.33200E-01
1.50000E+00	1.37640E+01	1.29965E-01
1.50000E+00	1.40449E+01	1.26869E-01
1.50000E+00	1.43258E+01	1.23903E-01
1.50000E+00	1.46067E+01	1.21057E-01
1.50000E+00	1.48876E+01	1.18323E-01
1.50000E+00	1.51685E+01	1.15695E-01
1.50000E+00	1.54494E+01	1.13162E-01
1.50000E+00	1.57303E+01	1.10721E-01
1.50000E+00	1.60112E+01	1.08369E-01
1.50000E+00	1.62921E+01	1.06101E-01
1.50000E+00	1.65730E+01	1.03908E-01
1.50000E+00	1.68539E+01	1.01788E-01
1.50000E+00	1.71348E+01	9.97359E-02
1.50000E+00	1.74157E+01	9.77494E-02
1.50000E+00	1.76966E+01	9.58251E-02
1.50000E+00	1.79775E+01	9.39616E-02
1.50000E+00	1.82584E+01	9.21558E-02
1.50000E+00	1.85393E+01	9.04034E-02
1.50000E+00	1.88202E+01	8.87016E-02
1.50000E+00	1.91011E+01	8.70491E-02
1.50000E+00	1.93820E+01	8.54440E-02
1.50000E+00	1.96629E+01	8.38842E-02
1.50000E+00	1.99438E+01	8.23693E-02
1.50000E+00	2.02247E+01	8.08983E-02
1.50000E+00	2.05056E+01	7.94687E-02
1.50000E+00	2.07865E+01	7.80776E-02
1.50000E+00	2.10674E+01	7.67238E-02
1.50000E+00	2.13483E+01	7.54061E-02
1.50000E+00	2.16292E+01	7.41234E-02
1.50000E+00	2.19101E+01	7.28746E-02
1.50000E+00	2.21910E+01	7.16593E-02
1.50000E+00	2.24719E+01	7.04769E-02
1.50000E+00	2.27528E+01	6.93256E-02
1.50000E+00	2.30337E+01	6.82044E-02
1.50000E+00	2.33146E+01	6.71122E-02
1.50000E+00	2.35955E+01	6.60476E-02
1.50000E+00	2.38764E+01	6.50096E-02
1.50000E+00	2.41573E+01	6.39978E-02
1.50000E+00	2.44382E+01	6.30118E-02
1.50000E+00	2.47191E+01	6.20506E-02
1.50000E+00	2.50000E+01	6.11135E-02
2.00000E+00	0.00000E+00	9.74404E-01
2.00000E+00	2.80899E-01	9.13243E-01
2.00000E+00	5.61798E-01	8.56569E-01
2.00000E+00	8.42697E-01	8.07045E-01
2.00000E+00	1.12360E+00	7.67331E-01
2.00000E+00	1.40449E+00	7.46848E-01
2.00000E+00	1.68539E+00	7.41975E-01
2.00000E+00	1.96629E+00	7.46031E-01
2.00000E+00	2.24719E+00	7.51966E-01
2.00000E+00	2.52809E+00	7.50391E-01
2.00000E+00	2.80899E+00	7.35372E-01
2.00000E+00	3.08989E+00	7.08230E-01
2.00000E+00	3.37079E+00	6.72719E-01
2.00000E+00	3.65169E+00	6.32703E-01
2.00000E+00	3.93258E+00	5.91862E-01
2.00000E+00	4.21348E+00	5.52687E-01
2.00000E+00	4.49438E+00	5.16333E-01
2.00000E+00	4.77528E+00	4.83128E-01
2.00000E+00	5.05618E+00	4.53008E-01
2.00000E+00	5.33708E+00	4.25744E-01
2.00000E+00	5.61798E+00	4.01058E-01
2.00000E+00	5.89888E+00	3.78668E-01
2.00000E+00	6.17978E+00	3.58318E-01
2.00000E+00	6.46067E+00	3.39774E-01
2.00000E+00	6.74157E+00	3.22828E-01
2.00000E+00	7.02247E+00	3.07297E-01
2.00000E+00	7.30337E+00	2.93028E-01
2.00000E+00	7.58427E+00	2.79890E-01
2.00000E+00	7.86517E+00	2.67770E-01
2.00000E+00	8.14607E+00	2.56566E-01
2.00000E+00	8.42697E+00	2.46187E-01
2.00000E+00	8.70787E+00	2.36555E-01
2.00000E+00	8.98876E+00	2.27601E-01
2.00000E+00	9.26966E+00	2.19261E-01
2.00000E+00	9.55056E+00	2.11479E-01
2.00000E+00	9.83146E+00	2.04207E-01
2.00000E+00	1.01124E+01	1.97397E-01
2.00000E+00	1.03933E+01	1.91010E-01
2.00000E+00	1.06742E+01	1.85006E-01
2.00000E+00	1.09551E+01	1.79354E-01
2.00000E+00	1.12360E+01	1.74021E-01
2.00000E+00	1.15169E+01	1.68978E-01
2.00000E+00	1.17978E+01	1.64203E-01
2.00000E+00	1.20787E+01	1.59674E-01
2.00000E+00	1.23596E+01	1.55371E-01
2.00000E+00	1.26404E+01	1.51273E-01
2.00000E+00	1.29213E+01	1.47369E-01
2.00000E+00	1.32022E+01	1.43648E-01
2.00000E+00	1.34831E+01	1.40094E-01
2.00000E+00	1.37640E+01	1.36692E-01
2.00000E+00	1.40449E+01	1.33436E-01
2.00000E+00	1.43258E+01	1.30316E-01
2.00000E+00	1.46067E+01	1.27323E-01
2.00000E+00	1.48876E+01	1.24448E-01
2.00000E+00	1.51685E+01	1.21683E-01
2.00000E+00	1.54494E+01	1.19020E-01
2.00000E+00	1.57303E+01	1.16453E-01
2.00000E+00	1.60112E+01	1.13979E-01
2.00000E+00	1.62921E+01	1.11593E-01
2.00000E+00	1.65730E+01	1.09287E-01
2.00000E+00	1.68539E+01	1.07057E-01
2.00000E+00	1.71348E+01	1.04899E-01
2.00000E+00	1.74157E+01	1.02810E-01
2.00000E+00	1.76966E+01	1.00787E-01
2.00000E+00	1.79775E+01	9.88267E-02
2.00000E+00	1.82584E+01	9.69272E-02
2.00000E+00	1.85393E+01	9.50841E-02
2.00000E+00	1.88202E+01	9.32945E-02
2.00000E+00	1.91011E+01	9.15566E-02
2.00000E+00	1.93820E+01	8.98685E-02
2.00000E+00	1.96629E+01	8.82284E-02
2.00000E+00	1.99438E+01	8.66354E-02
2.00000E+00	2.02247E+01	8.50881E-02
2.00000E+00	2.05056E+01	8.35843E-02
2.00000E+00	2.07865E+01	8.21213E-02
2.00000E+00	2.10674E+01	8.06975E-02
2.00000E+00	2.13483E+01	7.93118E-02
2.00000E+00	2.16292E+01	7.79628E-02
2.00000E+00	2.19101E+01	7.66496E-02
2.00000E+00	2.21910E+01	7.53716E-02
2.00000E+00	2.24719E+01	7.41279E-02
2.00000E+00	2.27528E+01	7.29170E-02
2.00000E+00	2.30337E+01	7.17378E-02
2.00000E+00	2.33146E+01	7.05890E-02
2.00000E+00	2.35955E+01	6.94693E-02
2.00000E+00	2.38764E+01	6.83777E-02
2.00000E+00	2.41573E+01	6.73137E-02
2.00000E+00	2.44382E+01	6.62766E-02
2.00000E+00	2.47191E+01	6.52657E-02
2.00000E+00	2.50000E+01	6.42802E-02
2.50000E+00	0.00000E+00	9.70403E-01
2.50000E+00	2.80899E-01	9.23442E-01
2.50000E+00	5.61798E-01	8.74017E-01
2.50000E+00	8.42697E-01	8.38562E-01
2.50000E+00	1.12360E+00	8.03317E-01
2.50000E+00	1.40449E+00	7.81983E-01
2.50000E+00	1.68539E+00	7.75642E-01
2.50000E+00	1.96629E+00	7.77998E-01
2.50000E+00	2.24719E+00	7.81308E-01
2.50000E+00	2.52809E+00	7.77306E-01
2.50000E+00	2.80899E+00	7.61125E-01
2.50000E+00	3.08989E+00	7.33425E-01
2.50000E+00	3.37079E+00	6.97475E-01
2.50000E+00	3.65169E+00	6.57014E-01
2.50000E+00	3.93258E+00	6.15512E-01
2.50000E+00	4.21348E+00	5.75413E-01
2.50000E+00	4.49438E+00	5.37977E-01
2.50000E+00	4.77528E+00	5.03642E-01
2.50000E+00	5.05618E+00	4.72413E-01
2.50000E+00	5.33708E+00	4.44096E-01
2.50000E+00	5.61798E+00	4.18425E-01
2.50000E+00	5.89888E+00	3.95124E-01
2.50000E+00	6.17978E+00	3.73932E-01
2.50000E+00	6.46067E+00	3.54612E-01
2.50000E+00	6.74157E+00	3.36951E-01
2.50000E+00	7.02247E+00	3.20762E-01
2.50000E+00	7.30337E+00	3.05885E-01
2.50000E+00	7.58427E+00	2.92186E-01
2.50000E+00	7.86517E+00	2.79546E-01
2.50000E+00	8.14607E+00	2.67859E-01
2.50000E+00	8.42697E+00	2.57032E-01
2.50000E+00	8.70787E+00	2.46983E-01
2.50000E+00	8.98876E+00	2.37640E-01
2.50000E+00	9.26966E+00	2.28937E-01
2.50000E+00	9.55056E+00	2.20816E-01
2.50000E+00	9.83146E+00	2.13225E-01
2.50000E+00	1.01124E+01	2.06118E-01
2.50000E+00	1.03933E+01	1.99449E-01
2.50000E+00	1.06742E+01	1.93182E-01
2.50000E+00	1.09551E+01	1.87280E-01
2.50000E+00	1.12360E+01	1.81712E-01
2.50000E+00	1.15169E+01	1.76447E-01
2.50000E+00	1.17978E+01	1.71462E-01
2.50000E+00	1.20787E+01	1.66733E-01
2.50000E+00	1.23596E+01	1.62239E-01
2.50000E+00	1.26404E+01	1.57962E-01
2.50000E+00	1.29213E+01	1.53887E-01
2.50000E+00	1.32022E+01	1.50001E-01
2.50000E+00	1.34831E+01	1.46289E-01
2.50000E+00	1.37640E+01	1.42738E-01
2.50000E+00	1.40449E+01	1.39338E-01
2.50000E+00	1.43258E+01	1.36081E-01
2.50000E+00	1.46067E+01	1.32955E-01
2.50000E+00	1.48876E+01	1.29953E-01
2.50000E+00	1.51685E+01	1.27066E-01
2.50000E+00	1.54494E+01	1.24285E-01
2.50000E+00	1.57303E+01	1.21605E-01
2.50000E+00	1.60112E+01	1.19022E-01
2.50000E+00	1.62921E+01	1.16530E-01
2.50000E+00	1.65730E+01	1.14122E-01
2.50000E+00	1.68539E+01	1.11794E-01
2.50000E+00	1.71348E+01	1.09541E-01
2.50000E+00	1.74157E+01	1.07360E-01
2.50000E+00	1.76966E+01	1.05247E-01
2.50000E+00	1.79775E+01	1.03201E-01
2.50000E+00	1.82584E+01	1.01217E-01
2.50000E+00	1.85393E+01	9.92922E-02
2.50000E+00	1.88202E+01	9.74237E-02
2.50000E+00	1.91011E+01	9.56092E-02
2.50000E+00	1.93820E+01	9.38467E-02
2.50000E+00	1.96629E+01	9.21345E-02
2.50000E+00	1.99438E+01	9.04713E-02
2.50000E+00	2.02247E+01	8.88555E-02
2.50000E+00	2.05056E+01	8.72850E-02
2.50000E+00	2.07865E+01	8.57574E-02
2.50000E+00	2.10674E+01	8.42708E-02
2.50000E+00	2.13483E+01	8.28239E-02
2.50000E+00	2.16292E+01	8.14154E-02
2.50000E+00	2.19101E+01	8.00443E-02
2.50000E+00	2.21910E+01	7.87100E-02
2.50000E+00	2.24719E+01	7.74112E-02
2.50000E+00	2.27528E+01	7.61468E-02
2.50000E+00	2.30337E+01	7.49154E-02
2.50000E+00	2.33146E+01	7.37158E-02
2.50000E+00	2.35955E+01	7.25466E-02
2.50000E+00	2.38764E+01	7.14068E-02
2.50000E+00	2.41573E+01	7.02959E-02
2.50000E+00	2.44382E+01	6.92130E-02
2.50000E+00	2.47191E+01	6.81574E-02
2.50000E+00	2.50000E+01	6.71283E-02
3.00000E+00	0.00000E+00	9.68874E-01
3.00000E+00	2.80899E-01	9.31840E-01
3.00000E+00	5.61798E-01	8.88417E-01
3.00000E+00	8.42697E-01	8.61139E-01
3.00000E+00	1.12360E+00	8.34875E-01
3.00000E+00	1.40449E+00	8.14744E-01
3.00000E+00	1.68539E+00	8.06049E-01
3.00000E+00	1.96629E+00	8.05190E-01
3.00000E+00	2.24719E+00	8.05053E-01
3.00000E+00	2.52809E+00	7.98354E-01
3.00000E+00	2.80899E+00	7.80880E-01
3.00000E+00	3.08989E+00	7.52802E-01
3.00000E+00	3.37079E+00	7.16833E-01
3.00000E+00	3.65169E+00	6.76404E-01
3.00000E+00	3.93258E+00	6.34735E-01
3.00000E+00	4.21348E+00	5.94183E-01
3.00000E+00	4.49438E+00	5.56072E-01
3.00000E+00	4.77528E+00	5.20942E-01
3.00000E+00	5.05618E+00	4.88878E-01
3.00000E+00	5.33708E+00	4.59734E-01
3.00000E+00	5.61798E+00	4.33271E-01
3.00000E+00	5.89888E+00	4.09224E-01
3.00000E+00	6.17978E+00	3.87336E-01
3.00000E+00	6.46067E+00	3.67368E-01
3.00000E+00	6.74157E+00	3.49106E-01
3.00000E+00	7.02247E+00	3.32362E-01
3.00000E+00	7.30337E+00	3.16972E-01
3.00000E+00	7.58427E+00	3.02797E-01
3.00000E+00	7.86517E+00	2.89714E-01
3.00000E+00	8.14607E+00	2.77616E-01
3.00000E+00	8.42697E+00	2.66406E-01
3.00000E+00	8.70787E+00	2.56000E-01
3.00000E+00	8.98876E+00	2.46324E-01
3.00000E+00	9.26966E+00	2.37309E-01
3.00000E+00	9.55056E+00	2.28896E-01
3.00000E+00	9.83146E+00	2.21032E-01
3.00000E+00	1.01124E+01	2.13667E-01
3.00000E+00	1.03933E+01	2.06758E-01
3.00000E+00	1.06742E+01	2.00262E-01
3.00000E+00	1.09551E+01	1.94146E-01
3.00000E+00	1.12360E+01	1.88374E-01
3.00000E+00	1.15169E+01	1.82918E-01
3.00000E+00	1.17978E+01	1.77750E-01
3.00000E+00	1.20787E+01	1.72848E-01
3.00000E+00	1.23596E+01	1.68190E-01
3.00000E+00	1.26404E+01	1.63757E-01
3.00000E+00	1.29213E+01	1.59534E-01
3.00000E+00	1.32022E+01	1.55505E-01
3.00000E+00	1.34831E+01	1.51658E-01
3.00000E+00	1.37640E+01	1.47977E-01
3.00000E+00	1.40449E+01	1.44454E-01
3.00000E+00	1.43258E+01	1.41077E-01
3.00000E+00	1.46067E+01	1.37837E-01
3.00000E+00	1.48876E+01	1.34724E-01
3.00000E+00	1.51685E+01	1.31731E-01
3.00000E+00	1.54494E+01	1.28849E-01
3.00000E+00	1.57303E+01	1.26071E-01
3.00000E+00	1.60112E+01	1.23393E-01
3.00000E+00	1.62921E+01	1.20810E-01
3.00000E+00	1.65730E+01	1.18313E-01
3.00000E+00	1.68539E+01	1.15900E-01
3.00000E+00	1.71348E+01	1.13564E-01
3.00000E+00	1.74157E+01	1.11304E-01
3.00000E+00	1.76966E+01	1.09114E-01
3.00000E+00	1.79775E+01	1.06992E-01
3.00000E+00	1.82584E+01	1.04936E-01
3.00000E+00	1.85393E+01	1.02941E-01
3.00000E+00	1.88202E+01	1.01004E-01
3.00000E+00	1.91011E+01	9.91230E-02
3.00000E+00	1.93820E+01	9.72962E-02
3.00000E+00	1.96629E+01	9.55215E-02
3.00000E+00	1.99438E+01	9.37975E-02
3.00000E+00	2.02247E+01	9.21225E-02
3.00000E+00	2.05056E+01	9.04943E-02
3.00000E+00	2.07865E+01	8.89106E-02
3.00000E+00	2.10674E+01	8.73696E-02
3.00000E+00	2.13483E+01	8.58697E-02
3.00000E+00	2.16292E+01	8.44098E-02
3.00000E+00	2.19101E+01	8.29887E-02
3.00000E+00	2.21910E+01	8.16055E-02
3.00000E+00	2.24719E+01	8.02591E-02
3.00000E+00	2.27528E+01	7.89483E-02
3.00000E+00	2.30337E+01	7.76717E-02
3.00000E+00	2.33146E+01	7.64280E-02
3.00000E+00	2.35955E+01	7.52159E-02
3.00000E+00	2.38764E+01	7.40345E-02
3.00000E+00	2.41573E+01	7.28828E-02
3.00000E+00	2.44382E+01	7.17603E-02
3.00000E+00	2.47191E+01	7.06660E-02
3.00000E+00	2.50000E+01	6.95992E-02
3.50000E+00	0.00000E+00	9.68677E-01
3.50000E+00	2.80899E-01	9.38790E-01
3.50000E+00	5.61798E-01	9.02380E-01
3.50000E+00	8.42697E-01	8.77625E-01
3.50000E+00	1.12360E+00	8.59640E-01
3.50000E+00	1.40449E+00	8.43331E-01
3.50000E+00	1.68539E+00	8.33143E-01
3.50000E+00	1.96629E+00	8.28514E-01
3.50000E+00	2.24719E+00	8.24285E-01
3.50000E+00	2.52809E+00	8.14478E-01
3.50000E+00	2.80899E+00	7.95446E-01
3.50000E+00	3.08989E+00	7.66990E-01
3.50000E+00	3.37079E+00	7.31241E-01
3.50000E+00	3.65169E+00	6.91199E-01
3.50000E+00	3.93258E+00	6.49774E-01
3.50000E+00	4.21348E+00	6.09186E-01
3.50000E+00	4.49438E+00	5.70782E-01
3.50000E+00	4.77528E+00	5.35184E-01
3.50000E+00	5.05618E+00	5.02556E-01
3.50000E+00	5.33708E+00	4.72812E-01
3.50000E+00	5.61798E+00	4.45746E-01
3.50000E+00	5.89888E+00	4.21115E-01
3.50000E+00	6.17978E+00	3.98670E-01
3.50000E+00	6.46067E+00	3.78178E-01
3.50000E+00	6.74157E+00	3.59426E-01
3.50000E+00	7.02247E+00	3.42225E-01
3.50000E+00	7.30337E+00	3.26410E-01
3.50000E+00	7.58427E+00	3.11839E-01
3.50000E+00	7.86517E+00	2.98387E-01
3.50000E+00	8.14607E+00	2.85944E-01
3.50000E+00	8.42697E+00	2.74413E-01
3.50000E+00	8.70787E+00	2.63707E-01
3.50000E+00	8.98876E+00	2.53749E-01
3.50000E+00	9.26966E+00	2.44472E-01
3.50000E+00	9.55056E+00	2.35812E-01
3.50000E+00	9.83146E+00	2.27716E-01
3.50000E+00	1.01124E+01	2.20133E-01
3.50000E+00	1.03933E+01	2.13017E-01
3.50000E+00	1.06742E+01	2.06328E-01
3.50000E+00	1.09551E+01	2.00028E-01
3.50000E+00	1.12360E+01	1.94083E-01
3.50000E+00	1.15169E+01	1.88462E-01
3.50000E+00	1.17978E+01	1.83139E-01
3.50000E+00	1.20787E+01	1.78090E-01
3.50000E+00	1.23596E+01	1.73292E-01
3.50000E+00	1.26404E+01	1.68725E-01
3.50000E+00	1.29213E+01	1.64375E-01
3.50000E+00	1.32022E+01	1.60225E-01
3.50000E+00	1.34831E+01	1.56261E-01
3.50000E+00	1.37640E+01	1.52470E-01
3.50000E+00	1.40449E+01	1.48840E-01
3.50000E+00	1.43258E+01	1.45361E-01
3.50000E+00	1.46067E+01	1.42023E-01
3.50000E+00	1.48876E+01	1.38816E-01
3.50000E+00	1.51685E+01	1.35732E-01
3.50000E+00	1.54494E+01	1.32763E-01
3.50000E+00	1.57303E+01	1.29902E-01
3.50000E+00	1.60112E+01	1.27143E-01
3.50000E+00	1.62921E+01	1.24481E-01
3.50000E+00	1.65730E+01	1.21909E-01
3.50000E+00	1.68539E+01	1.19422E-01
3.50000E+00	1.71348E+01	1.17016E-01
3.50000E+00	1.74157E+01	1.14687E-01
3.50000E+00	1.76966E+01	1.12431E-01
3.50000E+00	1.79775E+01	1.10246E-01
3.50000E+00	1.82584E+01	1.08127E-01
3.50000E+00	1.85393E+01	1.06071E-01
3.50000E+00	1.88202E+01	1.04076E-01
3.50000E+00	1.91011E+01	1.02138E-01
3.50000E+00	1.93820E+01	1.00256E-01
3.50000E+00	1.96629E+01	9.84283E-02
3.50000E+00	1.99438E+01	9.66522E-02
3.50000E+00	2.02247E+01	9.49265E-02
3.50000E+00	2.05056E+01	9.32488E-02
3.50000E+00	2.07865E+01	9.16171E-02
3.50000E+00	2.10674E+01	9.00294E-02
3.50000E+00	2.13483E+01	8.84843E-02
3.50000E+00	2.16292E+01	8.69803E-02
3.50000E+00	2.19101E+01	8.55163E-02
3.50000E+00	2.21910E+01	8.40913E-02
3.50000E+00	2.24719E+01	8.27042E-02
3.50000E+00	2.27528E+01	8.13536E-02
3.50000E+00	2.30337E+01	8.00382E-02
3.50000E+00	2.33146E+01	7.87567E-02
3.50000E+00	2.35955E+01	7.75079E-02
3.50000E+00	2.38764E+01	7.62907E-02
3.50000E+00	2.41573E+01	7.51042E-02
3.50000E+00	2.44382E+01	7.39476E-02
3.50000E+00	2.47191E+01	7.28202E-02
3.50000E+00	2.50000E+01	7.17210E-02
4.00000E+00	0.00000E+00	9.69231E-01
4.00000E+00	2.80899E-01	9.44686E-01
4.00000E+00	5.61798E-01	9.14700E-01
4.00000E+00	8.42697E-01	8.90926E-01
4.00000E+00	1.12360E+00	8.77938E-01
4.00000E+00	1.40449E+00	8.66230E-01
4.00000E+00	1.68539E+00	8.56131E-01
4.00000E+00	1.96629E+00	8.48337E-01
4.00000E+00	2.24719E+00	8.40004E-01
4.00000E+00	2.52809E+00	8.26855E-01
4.00000E+00	2.80899E+00	8.05973E-01
4.00000E+00	3.08989E+00	7.76983E-01
4.00000E+00	3.37079E+00	7.41495E-01
4.00000E+00	3.65169E+00	7.02025E-01
4.00000E+00	3.93258E+00	6.61125E-01
4.00000E+00	4.21348E+00	6.20830E-01
4.00000E+00	4.49438E+00	5.82458E-01
4.00000E+00	4.77528E+00	5.46685E-01
4.00000E+00	5.05618E+00	5.13746E-01
4.00000E+00	5.33708E+00	4.83613E-01
4.00000E+00	5.61798E+00	4.56123E-01
4.00000E+00	5.89888E+00	4.31059E-01
4.00000E+00	6.17978E+00	4.08188E-01
4.00000E+00	6.46067E+00	3.87285E-01
4.00000E+00	6.74157E+00	3.68141E-01
4.00000E+00	7.02247E+00	3.50571E-01
4.00000E+00	7.30337E+00	3.34411E-01
4.00000E+00	7.58427E+00	3.19515E-01
4.00000E+00	7.86517E+00	3.05760E-01
4.00000E+00	8.14607E+00	2.93032E-01
4.00000E+00	8.42697E+00	2.81234E-01
4.00000E+00	8.70787E+00	2.70277E-01
4.00000E+00	8.98876E+00	2.60084E-01
4.00000E+00	9.26966E+00	2.50586E-01
4.00000E+00	9.55056E+00	2.41718E-01
4.00000E+00	9.83146E+00	2.33426E-01
4.00000E+00	1.01124E+01	2.25658E-01
4.00000E+00	1.03933E+01	2.18368E-01
4.00000E+00	1.06742E+01	2.11515E-01
4.00000E+00	1.09551E+01	2.05059E-01
4.00000E+00	1.12360E+01	1.98966E-01
4.00000E+00	1.15169E+01	1.93206E-01
4.00000E+00	1.17978E+01	1.87751E-01
4.00000E+00	1.20787E+01	1.82576E-01
4.00000E+00	1.23596E+01	1.77658E-01
4.00000E+00	1.26404E+01	1.72978E-01
4.00000E+00	1.29213E+01	1.68520E-01
4.00000E+00	1.32022E+01	1.64266E-01
4.00000E+00	1.34831E+01	1.60203E-01
4.00000E+00	1.37640E+01	1.56317E-01
4.00000E+00	1.40449E+01	1.52597E-01
4.00000E+00	1.43258E+01	1.49030E-01
4.00000E+00	1.46067E+01	1.45609E-01
4.00000E+00	1.48876E+01	1.42321E-01
4.00000E+00	1.51685E+01	1.39160E-01
4.00000E+00	1.54494E+01	1.36116E-01
4.00000E+00	1.57303E+01	1.33183E-01
4.00000E+00	1.60112E+01	1.30355E-01
4.00000E+00	1.62921E+01	1.27626E-01
4.00000E+00	1.65730E+01	1.24990E-01
4.00000E+00	1.68539E+01	1.22440E-01
4.00000E+00	1.71348E+01	1.19974E-01
4.00000E+00	1.74157E+01	1.17587E-01
4.00000E+00	1.76966E+01	1.15275E-01
4.00000E+00	1.79775E+01	1.13034E-01
4.00000E+00	1.82584E+01	1.10862E-01
4.00000E+00	1.85393E+01	1.08755E-01
4.00000E+00	1.88202E+01	1.06709E-01
4.00000E+00	1.91011E+01	1.04723E-01
4.00000E+00	1.93820E+01	1.02794E-01
4.00000E+00	1.96629E+01	1.00920E-01
4.00000E+00	1.99438E+01	9.90999E-02
4.00000E+00	2.02247E+01	9.73307E-02
4.00000E+00	2.05056E+01	9.56108E-02
4.00000E+00	2.07865E+01	9.39380E-02
4.00000E+00	2.10674E+01	9.23105E-02
4.00000E+00	2.13483E+01	9.07265E-02
4.00000E+00	2.16292E+01	8.91849E-02
4.00000E+00	2.19101E+01	8.76842E-02
4.00000E+00	2.21910E+01	8.62235E-02
4.00000E+00	2.24719E+01	8.48014E-02
4.00000E+00	2.27528E+01	8.34168E-02
4.00000E+00	2.30337E+01	8.20683E-02
4.00000E+00	2.33146E+01	8.07545E-02
4.00000E+00	2.35955E+01	7.94742E-02
4.00000E+00	2.38764E+01	7.82263E-02
4.00000E+00	2.41573E+01	7.70100E-02
4.00000E+00	2.44382E+01	7.58243E-02
4.00000E+00	2.47191E+01	7.46685E-02
4.00000E+00	2.50000E+01	7.35416E-02
5.00000E+00	0.00000E+00	9.71333E-01
5.00000E+00	2.80899E-01	9.54051E-01
5.00000E+00	5.61798E-01	9.33319E-01
5.00000E+00	8.42697E-01	9.12963E-01
5.00000E+00	1.12360E+00	9.01435E-01
5.00000E+00	1.40449E+00	8.95056E-01
5.00000E+00	1.68539E+00	8.87457E-01
5.00000E+00	1.96629E+00	8.76892E-01
5.00000E+00	2.24719E+00	8.62697E-01
5.00000E+00	2.52809E+00	8.43728E-01
5.00000E+00	2.80899E+00	8.18989E-01
5.00000E+00	3.08989E+00	7.88456E-01
5.00000E+00	3.37079E+00	7.53173E-01
5.00000E+00	3.65169E+00	7.14840E-01
5.00000E+00	3.93258E+00	6.75295E-01
5.00000E+00	4.21348E+00	6.36126E-01
5.00000E+00	4.49438E+00	5.98469E-01
5.00000E+00	4.77528E+00	5.63006E-01
5.00000E+00	5.05618E+00	5.30052E-01
5.00000E+00	5.33708E+00	4.99675E-01
5.00000E+00	5.61798E+00	4.71796E-01
5.00000E+00	5.89888E+00	4.46257E-01
5.00000E+00	6.17978E+00	4.22869E-01
5.00000E+00	6.46067E+00	4.01435E-01
5.00000E+00	6.74157E+00	3.81763E-01
5.00000E+00	7.02247E+00	3.63679E-01
5.00000E+00	7.30337E+00	3.47024E-01
5.00000E+00	7.58427E+00	3.31657E-01
5.00000E+00	7.86517E+00	3.17453E-01
5.00000E+00	8.14607E+00	3.04300E-01
5.00000E+00	8.42697E+00	2.92099E-01
5.00000E+00	8.70787E+00	2.80761E-01
5.00000E+00	8.98876E+00	2.70208E-01
5.00000E+00	9.26966E+00	2.60369E-01
5.00000E+00	9.55056E+00	2.51179E-01
5.00000E+00	9.83146E+00	2.42582E-01
5.00000E+00	1.01124E+01	2.34525E-01
5.00000E+00	1.03933E+01	2.26961E-01
5.00000E+00	1.06742E+01	2.19847E-01
5.00000E+00	1.09551E+01	2.13145E-01
5.00000E+00	1.12360E+01	2.06818E-01
5.00000E+00	1.15169E+01	2.00837E-01
5.00000E+00	1.17978E+01	1.95171E-01
5.00000E+00	1.20787E+01	1.89795E-01
5.00000E+00	1.23596E+01	1.84687E-01
5.00000E+00	1.26404E+01	1.79827E-01
5.00000E+00	1.29213E+01	1.75195E-01
5.00000E+00	1.32022E+01	1.70776E-01
5.00000E+00	1.34831E+01	1.66555E-01
5.00000E+00	1.37640E+01	1.62517E-01
5.00000E+00	1.40449E+01	1.58652E-01
5.00000E+00	1.43258E+01	1.54946E-01
5.00000E+00	1.46067E+01	1.51390E-01
5.00000E+00	1.48876E+01	1.47973E-01
5.00000E+00	1.51685E+01	1.44687E-01
5.00000E+00	1.54494E+01	1.41524E-01
5.00000E+00	1.57303E+01	1.38477E-01
5.00000E+00	1.60112E+01	1.35537E-01
5.00000E+00	1.62921E+01	1.32701E-01
5.00000E+00	1.65730E+01	1.29960E-01
5.00000E+00	1.68539E+01	1.27311E-01
5.00000E+00	1.71348E+01	1.24748E-01
5.00000E+00	1.74157E+01	1.22267E-01
5.00000E+00	1.76966E+01	1.19864E-01
5.00000E+00	1.79775E+01	1.17535E-01
5.00000E+00	1.82584E+01	1.15278E-01
5.00000E+00	1.85393E+01	1.13088E-01
5.00000E+00	1.88202E+01	1.10962E-01
5.00000E+00	1.91011E+01	1.08898E-01
5.00000E+00	1.93820E+01	1.06894E-01
5.00000E+00	1.96629E+01	1.04946E-01
5.00000E+00	1.99438E+01	1.03054E-01
5.00000E+00	2.02247E+01	1.01215E-01
5.00000E+00	2.05056E+01	9.94276E-02
5.00000E+00	2.07865E+01	9.76889E-02
5.00000E+00	2.10674E+01	9.59972E-02
5.00000E+00	2.13483E+01	9.43510E-02
5.00000E+00	2.16292E+01	9.27488E-02
5.00000E+00	2.19101E+01	9.11892E-02
5.00000E+00	2.21910E+01	8.96710E-02
5.00000E+00	2.24719E+01	8.81928E-02
5.00000E+00	2.27528E+01	8.67534E-02
5.00000E+00	2.30337E+01	8.53515E-02
5.00000E+00	2.33146E+01	8.39856E-02
5.00000E+00	2.35955E+01	8.26547E-02
5.00000E+00	2.38764E+01	8.13575E-02
5.00000E+00	2.41573E+01	8.00932E-02
5.00000E+00	2.44382E+01	7.88607E-02
5.00000E+00	2.47191E+01	7.76591E-02
5.00000E+00	2.50000E+01	7.64875E-02
6.00000E+00	0.00000E+00	9.73499E-01
6.00000E+00	2.80899E-01	9.60545E-01
6.00000E+00	5.61798E-01	9.45229E-01
6.00000E+00	8.42697E-01	9.28943E-01
6.00000E+00	1.12360E+00	9.15380E-01
6.00000E+00	1.40449E+00	9.08100E-01
6.00000E+00	1.68539E+00	9.01282E-01
6.00000E+00	1.96629E+00	8.90619E-01
6.00000E+00	2.24719E+00	8.74455E-01
6.00000E+00	2.52809E+00	8.52573E-01
6.00000E+00	2.80899E+00	8.25338E-01
6.00000E+00	3.08989E+00	7.93490E-01
6.00000E+00	3.37079E+00	7.58135E-01
6.00000E+00	3.65169E+00	7.20613E-01
6.00000E+00	3.93258E+00	6.82296E-01
6.00000E+00	4.21348E+00	6.44382E-01
6.00000E+00	4.49438E+00	6.07779E-01
6.00000E+00	4.77528E+00	5.73080E-01
6.00000E+00	5.05618E+00	5.40603E-01
6.00000E+00	5.33708E+00	5.10463E-01
6.00000E+00	5.61798E+00	4.82634E-01
6.00000E+00	5.89888E+00	4.57013E-01
6.00000E+00	6.17978E+00	4.33452E-01
6.00000E+00	6.46067E+00	4.11785E-01
6.00000E+00	6.74157E+00	3.91846E-01
6.00000E+00	7.02247E+00	3.73475E-01
6.00000E+00	7.30337E+00	3.56527E-01
6.00000E+00	7.58427E+00	3.40865E-01
6.00000E+00	7.86517E+00	3.26370E-01
6.00000E+00	8.14607E+00	3.12934E-01
6.00000E+00	8.42697E+00	3.00458E-01
6.00000E+00	8.70787E+00	2.88855E-01
6.00000E+00	8.98876E+00	2.78047E-01
6.00000E+00	9.26966E+00	2.67963E-01
6.00000E+00	9.55056E+00	2.58539E-01
6.00000E+00	9.83146E+00	2.49717E-01
6.00000E+00	1.01124E+01	2.41446E-01
6.00000E+00	1.03933E+01	2.33677E-01
6.00000E+00	1.06742E+01	2.26368E-01
6.00000E+00	1.09551E+01	2.19479E-01
6.00000E+00	1.12360E+01	2.12974E-01
6.00000E+00	1.15169E+01	2.06823E-01
6.00000E+00	1.17978E+01	2.00996E-01
6.00000E+00	1.20787E+01	1.95467E-01
6.00000E+00	1.23596E+01	1.90212E-01
6.00000E+00	1.26404E+01	1.85212E-01
6.00000E+00	1.29213E+01	1.80446E-01
6.00000E+00	1.32022E+01	1.75899E-01
6.00000E+00	1.34831E+01	1.71556E-01
6.00000E+00	1.37640E+01	1.67401E-01
6.00000E+00	1.40449E+01	1.63422E-01
6.00000E+00	1.43258E+01	1.59607E-01
6.00000E+00	1.46067E+01	1.55947E-01
6.00000E+00	1.48876E+01	1.52430E-01
6.00000E+00	1.51685E+01	1.49047E-01
6.00000E+00	1.54494E+01	1.45791E-01
6.00000E+00	1.57303E+01	1.42653E-01
6.00000E+00	1.60112E+01	1.39627E-01
6.00000E+00	1.62921E+01	1.36706E-01
6.00000E+00	1.65730E+01	1.33885E-01
6.00000E+00	1.68539E+01	1.31157E-01
6.00000E+00	1.71348E+01	1.28518E-01
6.00000E+00	1.74157E+01	1.25964E-01
6.00000E+00	1.76966E+01	1.23490E-01
6.00000E+00	1.79775E+01	1.21093E-01
6.00000E+00	1.82584E+01	1.18768E-01
6.00000E+00	1.85393E+01	1.16513E-01
6.00000E+00	1.88202E+01	1.14325E-01
6.00000E+00	1.91011E+01	1.12200E-01
6.00000E+00	1.93820E+01	1.10136E-01
6.00000E+00	1.96629E+01	1.08132E-01
6.00000E+00	1.99438E+01	1.06184E-01
6.00000E+00	2.02247E+01	1.04290E-01
6.00000E+00	2.05056E+01	1.02449E-01
6.00000E+00	2.07865E+01	1.00659E-01
6.00000E+00	2.10674E+01	9.89170E-02
6.00000E+00	2.13483E+01	9.72220E-02
6.00000E+00	2.16292E+01	9.55723E-02
6.00000E+00	2.19101E+01	9.39664E-02
6.00000E+00	2.21910E+01	9.24030E-02
6.00000E+00	2.24719E+01	9.08808E-02
6.00000E+00	2.27528E+01	8.93984E-02
6.00000E+00	2.30337E+01	8.79545E-02
6.00000E+00	2.33146E+01	8.65478E-02
6.00000E+00	2.35955E+01	8.51770E-02
6.00000E+00	2.38764E+01	8.38411E-02
6.00000E+00	2.41573E+01	8.25389E-02
6.00000E+00	2.44382E+01	8.12695E-02
6.00000E+00	2.47191E+01	8.00318E-02
6.00000E+00	2.50000E+01	7.88251E-02
7.00000E+00	0.00000E+00	9.74847E-01
7.00000E+00	2.80899E-01	9.64358E-01
7.00000E+00	5.61798E-01	9.51980E-01
7.00000E+00	8.42697E-01	9.38180E-01
7.00000E+00	1.12360E+00	9.24230E-01
7.00000E+00	1.40449E+00	9.13089E-01
7.00000E+00	1.68539E+00	9.04259E-01
7.00000E+00	1.96629E+00	8.93051E-01
7.00000E+00	2.24719E+00	8.76756E-01
7.00000E+00	2.52809E+00	8.54562E-01
7.00000E+00	2.80899E+00	8.26931E-01
7.00000E+00	3.08989E+00	7.94954E-01
7.00000E+00	3.37079E+00	7.59938E-01
7.00000E+00	3.65169E+00	7.23199E-01
7.00000E+00	3.93258E+00	6.85933E-01
7.00000E+00	4.21348E+00	6.49136E-01
7.00000E+00	4.49438E+00	6.13559E-01
7.00000E+00	4.77528E+00	5.79707E-01
7.00000E+00	5.05618E+00	5.47870E-01
7.00000E+00	5.33708E+00	5.18172E-01
7.00000E+00	5.61798E+00	4.90616E-01
7.00000E+00	5.89888E+00	4.65133E-01
7.00000E+00	6.17978E+00	4.41604E-01
7.00000E+00	6.46067E+00	4.19894E-01
7.00000E+00	6.74157E+00	3.99857E-01
7.00000E+00	7.02247E+00	3.81351E-01
7.00000E+00	7.30337E+00	3.64242E-01
7.00000E+00	7.58427E+00	3.48404E-01
7.00000E+00	7.86517E+00	3.33724E-01
7.00000E+00	8.14607E+00	3.20096E-01
7.00000E+00	8.42697E+00	3.07428E-01
7.00000E+00	8.70787E+00	2.95634E-01
7.00000E+00	8.98876E+00	2.84638E-01
7.00000E+00	9.26966E+00	2.74369E-01
7.00000E+00	9.55056E+00	2.64764E-01
7.00000E+00	9.83146E+00	2.55768E-01
7.00000E+00	1.01124E+01	2.47327E-01
7.00000E+00	1.03933E+01	2.39394E-01
7.00000E+00	1.06742E+01	2.31927E-01
7.00000E+00	1.09551E+01	2.24886E-01
7.00000E+00	1.12360E+01	2.18236E-01
7.00000E+00	1.15169E+01	2.11946E-01
7.00000E+00	1.17978E+01	2.05985E-01
7.00000E+00	1.20787E+01	2.00328E-01
7.00000E+00	1.23596E+01	1.94951E-01
7.00000E+00	1.26404E+01	1.89834E-01
7.00000E+00	1.29213E+01	1.84956E-01
7.00000E+00	1.32022E+01	1.80302E-01
7.00000E+00	1.34831E+01	1.75855E-01
7.00000E+00	1.37640E+01	1.71601E-01
7.00000E+00	1.40449E+01	1.67526E-01
7.00000E+00	1.43258E+01	1.63620E-01
7.00000E+00	1.46067E+01	1.59871E-01
7.00000E+00	1.48876E+01	1.56268E-01
7.00000E+00	1.51685E+01	1.52804E-01
7.00000E+00	1.54494E+01	1.49468E-01
7.00000E+00	1.57303E+01	1.46254E-01
7.00000E+00	1.60112E+01	1.43154E-01
7.00000E+00	1.62921E+01	1.40161E-01
7.00000E+00	1.65730E+01	1.37271E-01
7.00000E+00	1.68539E+01	1.34477E-01
7.00000E+00	1.71348E+01	1.31773E-01
7.00000E+00	1.74157E+01	1.29157E-01
7.00000E+00	1.76966E+01	1.26622E-01
7.00000E+00	1.79775E+01	1.24166E-01
7.00000E+00	1.82584E+01	1.21784E-01
7.00000E+00	1.85393E+01	1.19474E-01
7.00000E+00	1.88202E+01	1.17232E-01
7.00000E+00	1.91011E+01	1.15055E-01
7.00000E+00	1.93820E+01	1.12941E-01
7.00000E+00	1.96629E+01	1.10887E-01
7.00000E+00	1.99438E+01	1.08892E-01
7.00000E+00	2.02247E+01	1.06952E-01
7.00000E+00	2.05056E+01	1.05065E-01
7.00000E+00	2.07865E+01	1.03231E-01
7.00000E+00	2.10674E+01	1.01446E-01
7.00000E+00	2.13483E+01	9.97089E-02
7.00000E+00	2.16292E+01	9.80184E-02
7.00000E+00	2.19101E+01	9.63729E-02
7.00000E+00	2.21910E+01	9.47708E-02
7.00000E+00	2.24719E+01	9.32109E-02
7.00000E+00	2.27528E+01	9.16916E-02
7.00000E+00	2.30337E+01	9.02117E-02
7.00000E+00	2.33146E+01	8.87699E-02
7.00000E+00	2.35955E+01	8.73649E-02
7.00000E+00	2.38764E+01	8.59956E-02
7.00000E+00	2.41573E+01	8.46608E-02
7.00000E+00	2.44382E+01	8.33597E-02
7.00000E+00	2.47191E+01	8.20910E-02
7.00000E+00	2.50000E+01	8.08539E-02
8.00000E+00	0.00000E+00	9.75000E-01
8.00000E+00	2.80899E-01	9.65776E-01
8.00000E+00	5.61798E-01	9.54833E-01
8.00000E+00	8.42697E-01	9.42241E-01
8.00000E+00	1.12360E+00	9.28376E-01
8.00000E+00	1.40449E+00	9.14342E-01
8.00000E+00	1.68539E+00	9.02059E-01
8.00000E+00	1.96629E+00	8.89155E-01
8.00000E+00	2.24719E+00	8.72667E-01
8.00000E+00	2.52809E+00	8.51169E-01
8.00000E+00	2.80899E+00	8.24578E-01
8.00000E+00	3.08989E+00	7.93727E-01
8.00000E+00	3.37079E+00	7.59867E-01
8.00000E+00	3.65169E+00	7.24299E-01
8.00000E+00	3.93258E+00	6.88190E-01
8.00000E+00	4.21348E+00	6.52481E-01
8.00000E+00	4.49438E+00	6.17869E-01
8.00000E+00	4.77528E+00	5.84826E-01
8.00000E+00	5.05618E+00	5.53630E-01
8.00000E+00	5.33708E+00	5.24412E-01
8.00000E+00	5.61798E+00	4.97195E-01
8.00000E+00	5.89888E+00	4.71930E-01
8.00000E+00	6.17978E+00	4.48524E-01
8.00000E+00	6.46067E+00	4.26862E-01
8.00000E+00	6.74157E+00	4.06815E-01
8.00000E+00	7.02247E+00	3.88257E-01
8.00000E+00	7.30337E+00	3.71064E-01
8.00000E+00	7.58427E+00	3.55119E-01
8.00000E+00	7.86517E+00	3.40315E-01
8.00000E+00	8.14607E+00	3.26553E-01
8.00000E+00	8.42697E+00	3.13743E-01
8.00000E+00	8.70787E+00	3.01803E-01
8.00000E+00	8.98876E+00	2.90658E-01
8.00000E+00	9.26966E+00	2.80239E-01
8.00000E+00	9.55056E+00	2.70487E-01
8.00000E+00	9.83146E+00	2.61344E-01
8.00000E+00	1.01124E+01	2.52759E-01
8.00000E+00	1.03933E+01	2.44685E-01
8.00000E+00	1.06742E+01	2.37081E-01
8.00000E+00	1.09551E+01	2.29907E-01
8.00000E+00	1.12360E+01	2.23129E-01
8.00000E+00	1.15169E+01	2.16714E-01
8.00000E+00	1.17978E+01	2.10634E-01
8.00000E+00	1.20787E+01	2.04862E-01
8.00000E+00	1.23596E+01	1.99375E-01
8.00000E+00	1.26404E+01	1.94152E-01
8.00000E+00	1.29213E+01	1.89172E-01
8.00000E+00	1.32022E+01	1.84420E-01
8.00000E+00	1.34831E+01	1.79879E-01
8.00000E+00	1.37640E+01	1.75534E-01
8.00000E+00	1.40449E+01	1.71372E-01
8.00000E+00	1.43258E+01	1.67381E-01
8.00000E+00	1.46067E+01	1.63550E-01
8.00000E+00	1.48876E+01	1.59869E-01
8.00000E+00	1.51685E+01	1.56328E-01
8.00000E+00	1.54494E+01	1.52920E-01
8.00000E+00	1.57303E+01	1.49635E-01
8.00000E+00	1.60112E+01	1.46466E-01
8.00000E+00	1.62921E+01	1.43408E-01
8.00000E+00	1.65730E+01	1.40453E-01
8.00000E+00	1.68539E+01	1.37597E-01
8.00000E+00	1.71348E+01	1.34834E-01
8.00000E+00	1.74157E+01	1.32159E-01
8.00000E+00	1.76966E+01	1.29568E-01
8.00000E+00	1.79775E+01	1.27058E-01
8.00000E+00	1.82584E+01	1.24623E-01
8.00000E+00	1.85393E+01	1.22262E-01
8.00000E+00	1.88202E+01	1.19970E-01
8.00000E+00	1.91011E+01	1.17745E-01
8.00000E+00	1.93820E+01	1.15584E-01
8.00000E+00	1.96629E+01	1.13484E-01
8.00000E+00	1.99438E+01	1.11444E-01
8.00000E+00	2.02247E+01	1.09460E-01
8.00000E+00	2.05056E+01	1.07532E-01
8.00000E+00	2.07865E+01	1.05656E-01
8.00000E+00	2.10674E+01	1.03831E-01
8.00000E+00	2.13483E+01	1.02055E-01
8.00000E+00	2.16292E+01	1.00326E-01
8.00000E+00	2.19101E+01	9.86439E-02
8.00000E+00	2.21910E+01	9.70057E-02
8.00000E+00	2.24719E+01	9.54104E-02
8.00000E+00	2.27528E+01	9.38567E-02
8.00000E+00	2.30337E+01	9.23432E-02
8.00000E+00	2.33146E+01	9.08685E-02
8.00000E+00	2.35955E+01	8.94315E-02
8.00000E+00	2.38764E+01	8.80310E-02
8.00000E+00	2.41573E+01	8.66658E-02
8.00000E+00	2.44382E+01	8.53348E-02
8.00000E+00	2.47191E+01	8.40371E-02
8.00000E+00	2.50000E+01	8.27715E-02
9.00000E+00	0.00000E+00	9.73904E-01
9.00000E+00	2.80899E-01	9.65198E-01
9.00000E+00	5.61798E-01	9.54817E-01
9.00000E+00	8.42697E-01	9.42661E-01
9.00000E+00	1.12360E+00	9.28750E-01
9.00000E+00	1.40449E+00	9.13450E-01
9.00000E+00	1.68539E+00	8.97859E-01
9.00000E+00	1.96629E+00	8.82632E-01
9.00000E+00	2.24719E+00	8.65373E-01
9.00000E+00	2.52809E+00	8.44455E-01
9.00000E+00	2.80899E+00	8.19309E-01
9.00000E+00	3.08989E+00	7.90267E-01
9.00000E+00	3.37079E+00	7.58242E-01
9.00000E+00	3.65169E+00	7.24364E-01
9.00000E+00	3.93258E+00	6.89734E-01
9.00000E+00	4.21348E+00	6.55276E-01
9.00000E+00	4.49438E+00	6.21693E-01
9.00000E+00	4.77528E+00	5.89472E-01
9.00000E+00	5.05618E+00	5.58912E-01
9.00000E+00	5.33708E+00	5.30169E-01
9.00000E+00	5.61798E+00	5.03293E-01
9.00000E+00	5.89888E+00	4.78259E-01
9.00000E+00	6.17978E+00	4.54996E-01
9.00000E+00	6.46067E+00	4.33407E-01
9.00000E+00	6.74157E+00	4.13381E-01
9.00000E+00	7.02247E+00	3.94802E-01
9.00000E+00	7.30337E+00	3.77556E-01
9.00000E+00	7.58427E+00	3.61535E-01
9.00000E+00	7.86517E+00	3.46638E-01
9.00000E+00	8.14607E+00	3.32769E-01
9.00000E+00	8.42697E+00	3.19843E-01
9.00000E+00	8.70787E+00	3.07780E-01
9.00000E+00	8.98876E+00	2.96507E-01
9.00000E+00	9.26966E+00	2.85959E-01
9.00000E+00	9.55056E+00	2.76075E-01
9.00000E+00	9.83146E+00	2.66801E-01
9.00000E+00	1.01124E+01	2.58086E-01
9.00000E+00	1.03933E+01	2.49884E-01
9.00000E+00	1.06742E+01	2.42153E-01
9.00000E+00	1.09551E+01	2.34856E-01
9.00000E+00	1.12360E+01	2.27957E-01
9.00000E+00	1.15169E+01	2.21426E-01
9.00000E+00	1.17978E+01	2.15232E-01
9.00000E+00	1.20787E+01	2.09351E-01
9.00000E+00	1.23596E+01	2.03759E-01
9.00000E+00	1.26404E+01	1.98433E-01
9.00000E+00	1.29213E+01	1.93356E-01
9.00000E+00	1.32022E+01	1.88509E-01
9.00000E+00	1.34831E+01	1.83876E-01
9.00000E+00	1.37640E+01	1.79443E-01
9.00000E+00	1.40449E+01	1.75196E-01
9.00000E+00	1.43258E+01	1.71123E-01
9.00000E+00	1.46067E+01	1.67212E-01
9.00000E+00	1.48876E+01	1.63455E-01
9.00000E+00	1.51685E+01	1.59840E-01
9.00000E+00	1.54494E+01	1.56359E-01
9.00000E+00	1.57303E+01	1.53004E-01
9.00000E+00	1.60112E+01	1.49769E-01
9.00000E+00	1.62921E+01	1.46645E-01
9.00000E+00	1.65730E+01	1.43628E-01
9.00000E+00	1.68539E+01	1.40711E-01
9.00000E+00	1.71348E+01	1.37889E-01
9.00000E+00	1.74157E+01	1.35157E-01
9.00000E+00	1.76966E+01	1.32511E-01
9.00000E+00	1.79775E+01	1.29946E-01
9.00000E+00	1.82584E+01	1.27459E-01
9.00000E+00	1.85393E+01	1.25047E-01
9.00000E+00	1.88202E+01	1.22706E-01
9.00000E+00	1.91011E+01	1.20433E-01
9.00000E+00	1.93820E+01	1.18225E-01
9.00000E+00	1.96629E+01	1.16081E-01
9.00000E+00	1.99438E+01	1.13996E-01
9.00000E+00	2.02247E+01	1.11970E-01
9.00000E+00	2.05056E+01	1.09999E-01
9.00000E+00	2.07865E+01	1.08083E-01
9.00000E+00	2.10674E+01	1.06218E-01
9.00000E+00	2.13483E+01	1.04404E-01
9.00000E+00	2.16292E+01	1.02637E-01
9.00000E+00	2.19101E+01	1.00918E-01
9.00000E+00	2.21910E+01	9.92440E-02
9.00000E+00	2.24719E+01	9.76137E-02
9.00000E+00	2.27528E+01	9.60258E-02
9.00000E+00	2.30337E+01	9.44789E-02
9.00000E+00	2.33146E+01	9.29716E-02
9.00000E+00	2.35955E+01	9.15028E-02
9.00000E+00	2.38764E+01	9.00712E-02
9.00000E+00	2.41573E+01	8.86756E-02
9.00000E+00	2.44382E+01	8.73150E-02
9.00000E+00	2.47191E+01	8.59883E-02
9.00000E+00	2.50000E+01	8.46944E-02
1.00000E+01	0.00000E+00	9.71676E-01
1.00000E+01	2.80899E-01	9.63046E-01
1.00000E+01	5.61798E-01	9.52749E-01
1.00000E+01	8.42697E-01	9.40620E-01
1.00000E+01	1.12360E+00	9.26542E-01
1.00000E+01	1.40449E+00	9.10594E-01
1.00000E+01	1.68539E+00	8.93222E-01
1.00000E+01	1.96629E+00	8.75527E-01
1.00000E+01	2.24719E+00	8.57106E-01
1.00000E+01	2.52809E+00	8.36326E-01
1.00000E+01	2.80899E+00	8.12388E-01
1.00000E+01	3.08989E+00	7.85213E-01
1.00000E+01	3.37079E+00	7.55292E-01
1.00000E+01	3.65169E+00	7.23454E-01
1.00000E+01	3.93258E+00	6.90630E-01
1.00000E+01	4.21348E+00	6.57678E-01
1.00000E+01	4.49438E+00	6.25299E-01
1.00000E+01	4.77528E+00	5.94008E-01
1.00000E+01	5.05618E+00	5.64146E-01
1.00000E+01	5.33708E+00	5.35910E-01
1.00000E+01	5.61798E+00	5.09388E-01
1.00000E+01	5.89888E+00	4.84589E-01
1.00000E+01	6.17978E+00	4.61470E-01
1.00000E+01	6.46067E+00	4.39955E-01
1.00000E+01	6.74157E+00	4.19950E-01
1.00000E+01	7.02247E+00	4.01352E-01
1.00000E+01	7.30337E+00	3.84058E-01
1.00000E+01	7.58427E+00	3.67967E-01
1.00000E+01	7.86517E+00	3.52982E-01
1.00000E+01	8.14607E+00	3.39014E-01
1.00000E+01	8.42697E+00	3.25979E-01
1.00000E+01	8.70787E+00	3.13801E-01
1.00000E+01	8.98876E+00	3.02409E-01
1.00000E+01	9.26966E+00	2.91739E-01
1.00000E+01	9.55056E+00	2.81731E-01
1.00000E+01	9.83146E+00	2.72332E-01
1.00000E+01	1.01124E+01	2.63492E-01
1.00000E+01	1.03933E+01	2.55167E-01
1.00000E+01	1.06742E+01	2.47314E-01
1.00000E+01	1.09551E+01	2.39898E-01
1.00000E+01	1.12360E+01	2.32882E-01
1.00000E+01	1.15169E+01	2.26236E-01
1.00000E+01	1.17978E+01	2.19932E-01
1.00000E+01	1.20787E+01	2.13943E-01
1.00000E+01	1.23596E+01	2.08246E-01
1.00000E+01	1.26404E+01	2.02820E-01
1.00000E+01	1.29213E+01	1.97645E-01
1.00000E+01	1.32022E+01	1.92703E-01
1.00000E+01	1.34831E+01	1.87978E-01
1.00000E+01	1.37640E+01	1.83457E-01
1.00000E+01	1.40449E+01	1.79124E-01
1.00000E+01	1.43258E+01	1.74968E-01
1.00000E+01	1.46067E+01	1.70978E-01
1.00000E+01	1.48876E+01	1.67142E-01
1.00000E+01	1.51685E+01	1.63452E-01
1.00000E+01	1.54494E+01	1.59899E-01
1.00000E+01	1.57303E+01	1.56474E-01
1.00000E+01	1.60112E+01	1.53170E-01
1.00000E+01	1.62921E+01	1.49981E-01
1.00000E+01	1.65730E+01	1.46899E-01
1.00000E+01	1.68539E+01	1.43920E-01
1.00000E+01	1.71348E+01	1.41038E-01
1.00000E+01	1.74157E+01	1.38248E-01
1.00000E+01	1.76966E+01	1.35545E-01
1.00000E+01	1.79775E+01	1.32925E-01
1.00000E+01	1.82584E+01	1.30386E-01
1.00000E+01	1.85393E+01	1.27922E-01
1.00000E+01	1.88202E+01	1.25530E-01
1.00000E+01	1.91011E+01	1.23208E-01
1.00000E+01	1.93820E+01	1.20953E-01
1.00000E+01	1.96629E+01	1.18762E-01
1.00000E+01	1.99438E+01	1.16633E-01
1.00000E+01	2.02247E+01	1.14562E-01
1.00000E+01	2.05056E+01	1.12549E-01
1.00000E+01	2.07865E+01	1.10591E-01
1.00000E+01	2.10674E+01	1.08686E-01
1.00000E+01	2.13483E+01	1.06831E-01
1.00000E+01	2.16292E+01	1.05027E-01
1.00000E+01	2.19101E+01	1.03270E-01
1.00000E+01	2.21910E+01	1.01559E-01
1.00000E+01	2.24719E+01	9.98925E-02
1.00000E+01	2.27528E+01	9.82695E-02
1.00000E+01	2.30337E+01	9.66883E-02
1.00000E+01	2.33146E+01	9.51475E-02
1.00000E+01	2.35955E+01	9.36460E-02
1.00000E+01	2.38764E+01	9.21824E-02
1.00000E+01	2.41573E+01	9.07557E-02
1.00000E+01	2.44382E+01	8.93646E-02
1.00000E+01	2.47191E+01	8.80080E-02
1.00000E+01	2.50000E+01	8.66849E-02
