1.00000E-04	0.00000E+00	6.80688E-01
1.00000E-04	2.80899E-01	1.37569E-01
1.00000E-04	5.61798E-01	1.76849E-01
1.00000E-04	8.42697E-01	1.86044E-01
1.00000E-04	1.12360E+00	1.86698E-01
1.00000E-04	1.40449E+00	1.86814E-01
1.00000E-04	1.68539E+00	1.86889E-01
1.00000E-04	1.96629E+00	1.87690E-01
1.00000E-04	2.24719E+00	1.87771E-01
1.00000E-04	2.52809E+00	1.88520E-01
1.00000E-04	2.80899E+00	1.89630E-01
1.00000E-04	3.08989E+00	1.88619E-01
1.00000E-04	3.37079E+00	1.86565E-01
1.00000E-04	3.65169E+00	1.85068E-01
1.00000E-04	3.93258E+00	1.83095E-01
1.00000E-04	4.21348E+00	1.79720E-01
1.00000E-04	4.49438E+00	1.76391E-01
1.00000E-04	4.77528E+00	1.73526E-01
1.00000E-04	5.05618E+00	1.70235E-01
1.00000E-04	5.33708E+00	1.66603E-01
1.00000E-04	5.61798E+00	1.63322E-01
1.00000E-04	5.89888E+00	1.60413E-01
1.00000E-04	6.17978E+00	1.57159E-01
1.00000E-04	6.46067E+00	1.54023E-01
1.00000E-04	6.74157E+00	1.51306E-01
1.00000E-04	7.02247E+00	1.48635E-01
1.00000E-04	7.30337E+00	1.45905E-01
1.00000E-04	7.58427E+00	1.43386E-01
1.00000E-04	7.86517E+00	1.41064E-01
1.00000E-04	8.14607E+00	1.38775E-01
1.00000E-04	8.42697E+00	1.36472E-01
1.00000E-04	8.70787E+00	1.34359E-01
1.00000E-04	8.98876E+00	1.32350E-01
1.00000E-04	9.26966E+00	1.30372E-01
1.00000E-04	9.55056E+00	1.28436E-01
1.00000E-04	9.83146E+00	1.26654E-01
1.00000E-04	1.01124E+01	1.24920E-01
1.00000E-04	1.03933E+01	1.23180E-01
1.00000E-04	1.06742E+01	1.21546E-01
1.00000E-04	1.09551E+01	1.19972E-01
1.00000E-04	1.12360E+01	1.18494E-01
1.00000E-04	1.15169E+01	1.16998E-01
1.00000E-04	1.17978E+01	1.15574E-01
1.00000E-04	1.20787E+01	1.14245E-01
1.00000E-04	1.23596E+01	1.12881E-01
1.00000E-04	1.26404E+01	1.11549E-01
1.00000E-04	1.29213E+01	1.10295E-01
1.00000E-04	1.32022E+01	1.09082E-01
1.00000E-04	1.34831E+01	1.07836E-01
1.00000E-04	1.37640E+01	1.06649E-01
1.00000E-04	1.40449E+01	1.05536E-01
1.00000E-04	1.43258E+01	1.04372E-01
1.00000E-04	1.46067E+01	1.03255E-01
1.00000E-04	1.48876E+01	1.02156E-01
1.00000E-04	1.51685E+01	1.01090E-01
1.00000E-04	1.54494E+01	1.00023E-01
1.00000E-04	1.57303E+01	9.89849E-02
1.00000E-04	1.60112E+01	9.79576E-02
1.00000E-04	1.62921E+01	9.69538E-02
1.00000E-04	1.65730E+01	9.59670E-02
1.00000E-04	1.68539E+01	9.49867E-02
1.00000E-04	1.71348E+01	9.40464E-02
1.00000E-04	1.74157E+01	9.30747E-02
1.00000E-04	1.76966E+01	9.21490E-02
1.00000E-04	1.79775E+01	9.12502E-02
1.00000E-04	1.82584E+01	9.03770E-02
1.00000E-04	1.85393E+01	8.94597E-02
1.00000E-04	1.88202E+01	8.85851E-02
1.00000E-04	1.91011E+01	8.77387E-02
1.00000E-04	1.93820E+01	8.68747E-02
1.00000E-04	1.96629E+01	8.60542E-02
1.00000E-04	1.99438E+01	8.52576E-02
1.00000E-04	2.02247E+01	8.44376E-02
1.00000E-04	2.05056E+01	8.36219E-02
1.00000E-04	2.07865E+01	8.28575E-02
1.00000E-04	2.10674E+01	8.20543E-02
1.00000E-04	2.13483E+01	8.13024E-02
1.00000E-04	2.16292E+01	8.05298E-02
1.00000E-04	2.19101E+01	7.97855E-02
1.00000E-04	2.21910E+01	7.90626E-02
1.00000E-04	2.24719E+01	7.83296E-02
1.00000E-04	2.27528E+01	7.75926E-02
1.00000E-04	2.30337E+01	7.68980E-02
1.00000E-04	2.33146E+01	7.61993E-02
1.00000E-04	2.35955E+01	7.55040E-02
1.00000E-04	2.38764E+01	7.48340E-02
1.00000E-04	2.41573E+01	7.41889E-02
1.00000E-04	2.44382E+01	7.35065E-02
1.00000E-04	2.47191E+01	7.28522E-02
1.00000E-04	2.50000E+01	7.21974E-02
5.00000E-04	0.00000E+00	7.29662E-01
5.00000E-04	2.80899E-01	1.20378E+00
5.00000E-04	5.61798E-01	1.54777E+00
5.00000E-04	8.42697E-01	1.62842E+00
5.00000E-04	1.12360E+00	1.63369E+00
5.00000E-04	1.40449E+00	1.63497E+00
5.00000E-04	1.68539E+00	1.63563E+00
5.00000E-04	1.96629E+00	1.64264E+00
5.00000E-04	2.24719E+00	1.64334E+00
5.00000E-04	2.52809E+00	1.64990E+00
5.00000E-04	2.80899E+00	1.65962E+00
5.00000E-04	3.08989E+00	1.65084E+00
5.00000E-04	3.37079E+00	1.63280E+00
5.00000E-04	3.65169E+00	1.61968E+00
5.00000E-04	3.93258E+00	1.60244E+00
5.00000E-04	4.21348E+00	1.57267E+00
5.00000E-04	4.49438E+00	1.54375E+00
5.00000E-04	4.77528E+00	1.51868E+00
5.00000E-04	5.05618E+00	1.48988E+00
5.00000E-04	5.33708E+00	1.45809E+00
5.00000E-04	5.61798E+00	1.42938E+00
5.00000E-04	5.89888E+00	1.40391E+00
5.00000E-04	6.17978E+00	1.37544E+00
5.00000E-04	6.46067E+00	1.34799E+00
5.00000E-04	6.74157E+00	1.32421E+00
5.00000E-04	7.02247E+00	1.30083E+00
5.00000E-04	7.30337E+00	1.27697E+00
5.00000E-04	7.58427E+00	1.25490E+00
5.00000E-04	7.86517E+00	1.23457E+00
5.00000E-04	8.14607E+00	1.21454E+00
5.00000E-04	8.42697E+00	1.19438E+00
5.00000E-04	8.70787E+00	1.17590E+00
5.00000E-04	8.98876E+00	1.15845E+00
5.00000E-04	9.26966E+00	1.14100E+00
5.00000E-04	9.55056E+00	1.12406E+00
5.00000E-04	9.83146E+00	1.10846E+00
5.00000E-04	1.01124E+01	1.09329E+00
5.00000E-04	1.03933E+01	1.07801E+00
5.00000E-04	1.06742E+01	1.06375E+00
5.00000E-04	1.09551E+01	1.04998E+00
5.00000E-04	1.12360E+01	1.03704E+00
5.00000E-04	1.15169E+01	1.02395E+00
5.00000E-04	1.17978E+01	1.01149E+00
5.00000E-04	1.20787E+01	9.99861E-01
5.00000E-04	1.23596E+01	9.87919E-01
5.00000E-04	1.26404E+01	9.76263E-01
5.00000E-04	1.29213E+01	9.65291E-01
5.00000E-04	1.32022E+01	9.54669E-01
5.00000E-04	1.34831E+01	9.43769E-01
5.00000E-04	1.37640E+01	9.33375E-01
5.00000E-04	1.40449E+01	9.23641E-01
5.00000E-04	1.43258E+01	9.13450E-01
5.00000E-04	1.46067E+01	9.03671E-01
5.00000E-04	1.48876E+01	8.94055E-01
5.00000E-04	1.51685E+01	8.84726E-01
5.00000E-04	1.54494E+01	8.75386E-01
5.00000E-04	1.57303E+01	8.66304E-01
5.00000E-04	1.60112E+01	8.57313E-01
5.00000E-04	1.62921E+01	8.48528E-01
5.00000E-04	1.65730E+01	8.39891E-01
5.00000E-04	1.68539E+01	8.31312E-01
5.00000E-04	1.71348E+01	8.23083E-01
5.00000E-04	1.74157E+01	8.14579E-01
5.00000E-04	1.76966E+01	8.06477E-01
5.00000E-04	1.79775E+01	7.98611E-01
5.00000E-04	1.82584E+01	7.90969E-01
5.00000E-04	1.85393E+01	7.82941E-01
5.00000E-04	1.88202E+01	7.75286E-01
5.00000E-04	1.91011E+01	7.67879E-01
5.00000E-04	1.93820E+01	7.60317E-01
5.00000E-04	1.96629E+01	7.53136E-01
5.00000E-04	1.99438E+01	7.46127E-01
5.00000E-04	2.02247E+01	7.38988E-01
5.00000E-04	2.05056E+01	7.31849E-01
5.00000E-04	2.07865E+01	7.25159E-01
5.00000E-04	2.10674E+01	7.18130E-01
5.00000E-04	2.13483E+01	7.11549E-01
5.00000E-04	2.16292E+01	7.04787E-01
5.00000E-04	2.19101E+01	6.98273E-01
5.00000E-04	2.21910E+01	6.91946E-01
5.00000E-04	2.24719E+01	6.85531E-01
5.00000E-04	2.27528E+01	6.79081E-01
5.00000E-04	2.30337E+01	6.73002E-01
5.00000E-04	2.33146E+01	6.66887E-01
5.00000E-04	2.35955E+01	6.60802E-01
5.00000E-04	2.38764E+01	6.54938E-01
5.00000E-04	2.41573E+01	6.49293E-01
5.00000E-04	2.44382E+01	6.43320E-01
5.00000E-04	2.47191E+01	6.37594E-01
5.00000E-04	2.50000E+01	6.31863E-01
1.00000E-03	0.00000E+00	8.03384E-01
1.00000E-03	2.80899E-01	2.47037E+00
1.00000E-03	5.61798E-01	3.17634E+00
1.00000E-03	8.42697E-01	3.34209E+00
1.00000E-03	1.12360E+00	3.35221E+00
1.00000E-03	1.40449E+00	3.35515E+00
1.00000E-03	1.68539E+00	3.35666E+00
1.00000E-03	1.96629E+00	3.37102E+00
1.00000E-03	2.24719E+00	3.37245E+00
1.00000E-03	2.52809E+00	3.38592E+00
1.00000E-03	2.80899E+00	3.40587E+00
1.00000E-03	3.08989E+00	3.38819E+00
1.00000E-03	3.37079E+00	3.35087E+00
1.00000E-03	3.65169E+00	3.32367E+00
1.00000E-03	3.93258E+00	3.28875E+00
1.00000E-03	4.21348E+00	3.22724E+00
1.00000E-03	4.49438E+00	3.16799E+00
1.00000E-03	4.77528E+00	3.11657E+00
1.00000E-03	5.05618E+00	3.05763E+00
1.00000E-03	5.33708E+00	2.99229E+00
1.00000E-03	5.61798E+00	2.93337E+00
1.00000E-03	5.89888E+00	2.88099E+00
1.00000E-03	6.17978E+00	2.82267E+00
1.00000E-03	6.46067E+00	2.76634E+00
1.00000E-03	6.74157E+00	2.71750E+00
1.00000E-03	7.02247E+00	2.66956E+00
1.00000E-03	7.30337E+00	2.62060E+00
1.00000E-03	7.58427E+00	2.57530E+00
1.00000E-03	7.86517E+00	2.53359E+00
1.00000E-03	8.14607E+00	2.49248E+00
1.00000E-03	8.42697E+00	2.45111E+00
1.00000E-03	8.70787E+00	2.41318E+00
1.00000E-03	8.98876E+00	2.37741E+00
1.00000E-03	9.26966E+00	2.34156E+00
1.00000E-03	9.55056E+00	2.30679E+00
1.00000E-03	9.83146E+00	2.27479E+00
1.00000E-03	1.01124E+01	2.24364E+00
1.00000E-03	1.03933E+01	2.21229E+00
1.00000E-03	1.06742E+01	2.18304E+00
1.00000E-03	1.09551E+01	2.15476E+00
1.00000E-03	1.12360E+01	2.12822E+00
1.00000E-03	1.15169E+01	2.10135E+00
1.00000E-03	1.17978E+01	2.07578E+00
1.00000E-03	1.20787E+01	2.05191E+00
1.00000E-03	1.23596E+01	2.02741E+00
1.00000E-03	1.26404E+01	2.00349E+00
1.00000E-03	1.29213E+01	1.98097E+00
1.00000E-03	1.32022E+01	1.95917E+00
1.00000E-03	1.34831E+01	1.93680E+00
1.00000E-03	1.37640E+01	1.91547E+00
1.00000E-03	1.40449E+01	1.89550E+00
1.00000E-03	1.43258E+01	1.87458E+00
1.00000E-03	1.46067E+01	1.85451E+00
1.00000E-03	1.48876E+01	1.83478E+00
1.00000E-03	1.51685E+01	1.81563E+00
1.00000E-03	1.54494E+01	1.79647E+00
1.00000E-03	1.57303E+01	1.77783E+00
1.00000E-03	1.60112E+01	1.75938E+00
1.00000E-03	1.62921E+01	1.74135E+00
1.00000E-03	1.65730E+01	1.72362E+00
1.00000E-03	1.68539E+01	1.70602E+00
1.00000E-03	1.71348E+01	1.68913E+00
1.00000E-03	1.74157E+01	1.67169E+00
1.00000E-03	1.76966E+01	1.65505E+00
1.00000E-03	1.79775E+01	1.63891E+00
1.00000E-03	1.82584E+01	1.62323E+00
1.00000E-03	1.85393E+01	1.60675E+00
1.00000E-03	1.88202E+01	1.59104E+00
1.00000E-03	1.91011E+01	1.57585E+00
1.00000E-03	1.93820E+01	1.56032E+00
1.00000E-03	1.96629E+01	1.54559E+00
1.00000E-03	1.99438E+01	1.53108E+00
1.00000E-03	2.02247E+01	1.51655E+00
1.00000E-03	2.05056E+01	1.50190E+00
1.00000E-03	2.07865E+01	1.48817E+00
1.00000E-03	2.10674E+01	1.47375E+00
1.00000E-03	2.13483E+01	1.46024E+00
1.00000E-03	2.16292E+01	1.44636E+00
1.00000E-03	2.19101E+01	1.43300E+00
1.00000E-03	2.21910E+01	1.42001E+00
1.00000E-03	2.24719E+01	1.40685E+00
1.00000E-03	2.27528E+01	1.39361E+00
1.00000E-03	2.30337E+01	1.38114E+00
1.00000E-03	2.33146E+01	1.36859E+00
1.00000E-03	2.35955E+01	1.35610E+00
1.00000E-03	2.38764E+01	1.34406E+00
1.00000E-03	2.41573E+01	1.33248E+00
1.00000E-03	2.44382E+01	1.32022E+00
1.00000E-03	2.47191E+01	1.30847E+00
1.00000E-03	2.50000E+01	1.29671E+00
5.00000E-03	0.00000E+00	9.69379E-01
5.00000E-03	2.80899E-01	5.16543E+00
5.00000E-03	5.61798E-01	6.64153E+00
5.00000E-03	8.42697E-01	6.98820E+00
5.00000E-03	1.12360E+00	7.00862E+00
5.00000E-03	1.40449E+00	7.01472E+00
5.00000E-03	1.68539E+00	7.01866E+00
5.00000E-03	1.96629E+00	7.04830E+00
5.00000E-03	2.24719E+00	7.05099E+00
5.00000E-03	2.52809E+00	7.07966E+00
5.00000E-03	2.80899E+00	7.12138E+00
5.00000E-03	3.08989E+00	7.08546E+00
5.00000E-03	3.37079E+00	7.00673E+00
5.00000E-03	3.65169E+00	6.94809E+00
5.00000E-03	3.93258E+00	6.87800E+00
5.00000E-03	4.21348E+00	6.74765E+00
5.00000E-03	4.49438E+00	6.62250E+00
5.00000E-03	4.77528E+00	6.51545E+00
5.00000E-03	5.05618E+00	6.39422E+00
5.00000E-03	5.33708E+00	6.25627E+00
5.00000E-03	5.61798E+00	6.13387E+00
5.00000E-03	5.89888E+00	6.02307E+00
5.00000E-03	6.17978E+00	5.90156E+00
5.00000E-03	6.46067E+00	5.78430E+00
5.00000E-03	6.74157E+00	5.68111E+00
5.00000E-03	7.02247E+00	5.58136E+00
5.00000E-03	7.30337E+00	5.47950E+00
5.00000E-03	7.58427E+00	5.38473E+00
5.00000E-03	7.86517E+00	5.29777E+00
5.00000E-03	8.14607E+00	5.21116E+00
5.00000E-03	8.42697E+00	5.12507E+00
5.00000E-03	8.70787E+00	5.04581E+00
5.00000E-03	8.98876E+00	4.97109E+00
5.00000E-03	9.26966E+00	4.89584E+00
5.00000E-03	9.55056E+00	4.82336E+00
5.00000E-03	9.83146E+00	4.75634E+00
5.00000E-03	1.01124E+01	4.69124E+00
5.00000E-03	1.03933E+01	4.62573E+00
5.00000E-03	1.06742E+01	4.56459E+00
5.00000E-03	1.09551E+01	4.50549E+00
5.00000E-03	1.12360E+01	4.44949E+00
5.00000E-03	1.15169E+01	4.39352E+00
5.00000E-03	1.17978E+01	4.34033E+00
5.00000E-03	1.20787E+01	4.28992E+00
5.00000E-03	1.23596E+01	4.23917E+00
5.00000E-03	1.26404E+01	4.18919E+00
5.00000E-03	1.29213E+01	4.14254E+00
5.00000E-03	1.32022E+01	4.09650E+00
5.00000E-03	1.34831E+01	4.04994E+00
5.00000E-03	1.37640E+01	4.00548E+00
5.00000E-03	1.40449E+01	3.96336E+00
5.00000E-03	1.43258E+01	3.91964E+00
5.00000E-03	1.46067E+01	3.87767E+00
5.00000E-03	1.48876E+01	3.83645E+00
5.00000E-03	1.51685E+01	3.79638E+00
5.00000E-03	1.54494E+01	3.75630E+00
5.00000E-03	1.57303E+01	3.71732E+00
5.00000E-03	1.60112E+01	3.67876E+00
5.00000E-03	1.62921E+01	3.64110E+00
5.00000E-03	1.65730E+01	3.60394E+00
5.00000E-03	1.68539E+01	3.56718E+00
5.00000E-03	1.71348E+01	3.53187E+00
5.00000E-03	1.74157E+01	3.49570E+00
5.00000E-03	1.76966E+01	3.46069E+00
5.00000E-03	1.79775E+01	3.42686E+00
5.00000E-03	1.82584E+01	3.39403E+00
5.00000E-03	1.85393E+01	3.35962E+00
5.00000E-03	1.88202E+01	3.32679E+00
5.00000E-03	1.91011E+01	3.29507E+00
5.00000E-03	1.93820E+01	3.26254E+00
5.00000E-03	1.96629E+01	3.23173E+00
5.00000E-03	1.99438E+01	3.20108E+00
5.00000E-03	2.02247E+01	3.17101E+00
5.00000E-03	2.05056E+01	3.14041E+00
5.00000E-03	2.07865E+01	3.11161E+00
5.00000E-03	2.10674E+01	3.08151E+00
5.00000E-03	2.13483E+01	3.05327E+00
5.00000E-03	2.16292E+01	3.02426E+00
5.00000E-03	2.19101E+01	2.99630E+00
5.00000E-03	2.21910E+01	2.96916E+00
5.00000E-03	2.24719E+01	2.94163E+00
5.00000E-03	2.27528E+01	2.91395E+00
5.00000E-03	2.30337E+01	2.88785E+00
5.00000E-03	2.33146E+01	2.86158E+00
5.00000E-03	2.35955E+01	2.83552E+00
5.00000E-03	2.38764E+01	2.81037E+00
5.00000E-03	2.41573E+01	2.78604E+00
5.00000E-03	2.44382E+01	2.76050E+00
5.00000E-03	2.47191E+01	2.73593E+00
5.00000E-03	2.50000E+01	2.71134E+00
1.00000E-02	0.00000E+00	9.97736E-01
1.00000E-02	2.80899E-01	5.39978E+00
1.00000E-02	5.61798E-01	6.94274E+00
1.00000E-02	8.42697E-01	7.30512E+00
1.00000E-02	1.12360E+00	7.32647E+00
1.00000E-02	1.40449E+00	7.33283E+00
1.00000E-02	1.68539E+00	7.33696E+00
1.00000E-02	1.96629E+00	7.36794E+00
1.00000E-02	2.24719E+00	7.37075E+00
1.00000E-02	2.52809E+00	7.40073E+00
1.00000E-02	2.80899E+00	7.44434E+00
1.00000E-02	3.08989E+00	7.40681E+00
1.00000E-02	3.37079E+00	7.32449E+00
1.00000E-02	3.65169E+00	7.26309E+00
1.00000E-02	3.93258E+00	7.19005E+00
1.00000E-02	4.21348E+00	7.05366E+00
1.00000E-02	4.49438E+00	6.92253E+00
1.00000E-02	4.77528E+00	6.81078E+00
1.00000E-02	5.05618E+00	6.68428E+00
1.00000E-02	5.33708E+00	6.53984E+00
1.00000E-02	5.61798E+00	6.41222E+00
1.00000E-02	5.89888E+00	6.29610E+00
1.00000E-02	6.17978E+00	6.16890E+00
1.00000E-02	6.46067E+00	6.04666E+00
1.00000E-02	6.74157E+00	5.93850E+00
1.00000E-02	7.02247E+00	5.83432E+00
1.00000E-02	7.30337E+00	5.72798E+00
1.00000E-02	7.58427E+00	5.62892E+00
1.00000E-02	7.86517E+00	5.53811E+00
1.00000E-02	8.14607E+00	5.44702E+00
1.00000E-02	8.42697E+00	5.35730E+00
1.00000E-02	8.70787E+00	5.27472E+00
1.00000E-02	8.98876E+00	5.19655E+00
1.00000E-02	9.26966E+00	5.11762E+00
1.00000E-02	9.55056E+00	5.04208E+00
1.00000E-02	9.83146E+00	4.97176E+00
1.00000E-02	1.01124E+01	4.90374E+00
1.00000E-02	1.03933E+01	4.83552E+00
1.00000E-02	1.06742E+01	4.77147E+00
1.00000E-02	1.09551E+01	4.70998E+00
1.00000E-02	1.12360E+01	4.65087E+00
1.00000E-02	1.15169E+01	4.59245E+00
1.00000E-02	1.17978E+01	4.53715E+00
1.00000E-02	1.20787E+01	4.48420E+00
1.00000E-02	1.23596E+01	4.43123E+00
1.00000E-02	1.26404E+01	4.37935E+00
1.00000E-02	1.29213E+01	4.33065E+00
1.00000E-02	1.32022E+01	4.28229E+00
1.00000E-02	1.34831E+01	4.23384E+00
1.00000E-02	1.37640E+01	4.18743E+00
1.00000E-02	1.40449E+01	4.14299E+00
1.00000E-02	1.43258E+01	4.09747E+00
1.00000E-02	1.46067E+01	4.05353E+00
1.00000E-02	1.48876E+01	4.01057E+00
1.00000E-02	1.51685E+01	3.96857E+00
1.00000E-02	1.54494E+01	3.92665E+00
1.00000E-02	1.57303E+01	3.88578E+00
1.00000E-02	1.60112E+01	3.84569E+00
1.00000E-02	1.62921E+01	3.80632E+00
1.00000E-02	1.65730E+01	3.76721E+00
1.00000E-02	1.68539E+01	3.72896E+00
1.00000E-02	1.71348E+01	3.69203E+00
1.00000E-02	1.74157E+01	3.65430E+00
1.00000E-02	1.76966E+01	3.61772E+00
1.00000E-02	1.79775E+01	3.58227E+00
1.00000E-02	1.82584E+01	3.54773E+00
1.00000E-02	1.85393E+01	3.51199E+00
1.00000E-02	1.88202E+01	3.47776E+00
1.00000E-02	1.91011E+01	3.44450E+00
1.00000E-02	1.93820E+01	3.41055E+00
1.00000E-02	1.96629E+01	3.37828E+00
1.00000E-02	1.99438E+01	3.34620E+00
1.00000E-02	2.02247E+01	3.31477E+00
1.00000E-02	2.05056E+01	3.28291E+00
1.00000E-02	2.07865E+01	3.25248E+00
1.00000E-02	2.10674E+01	3.22130E+00
1.00000E-02	2.13483E+01	3.19173E+00
1.00000E-02	2.16292E+01	3.16145E+00
1.00000E-02	2.19101E+01	3.13219E+00
1.00000E-02	2.21910E+01	3.10381E+00
1.00000E-02	2.24719E+01	3.07502E+00
1.00000E-02	2.27528E+01	3.04612E+00
1.00000E-02	2.30337E+01	3.01870E+00
1.00000E-02	2.33146E+01	2.99125E+00
1.00000E-02	2.35955E+01	2.96412E+00
1.00000E-02	2.38764E+01	2.93791E+00
1.00000E-02	2.41573E+01	2.91223E+00
1.00000E-02	2.44382E+01	2.88569E+00
1.00000E-02	2.47191E+01	2.86000E+00
1.00000E-02	2.50000E+01	2.83430E+00
5.00000E-02	0.00000E+00	1.02979E+00
5.00000E-02	2.80899E-01	4.68490E+00
5.00000E-02	5.61798E-01	6.02092E+00
5.00000E-02	8.42697E-01	6.33507E+00
5.00000E-02	1.12360E+00	6.35360E+00
5.00000E-02	1.40449E+00	6.35881E+00
5.00000E-02	1.68539E+00	6.36268E+00
5.00000E-02	1.96629E+00	6.38951E+00
5.00000E-02	2.24719E+00	6.39194E+00
5.00000E-02	2.52809E+00	6.41794E+00
5.00000E-02	2.80899E+00	6.45573E+00
5.00000E-02	3.08989E+00	6.42318E+00
5.00000E-02	3.37079E+00	6.35180E+00
5.00000E-02	3.65169E+00	6.29854E+00
5.00000E-02	3.93258E+00	6.23505E+00
5.00000E-02	4.21348E+00	6.11693E+00
5.00000E-02	4.49438E+00	6.00318E+00
5.00000E-02	4.77528E+00	5.90626E+00
5.00000E-02	5.05618E+00	5.79660E+00
5.00000E-02	5.33708E+00	5.67134E+00
5.00000E-02	5.61798E+00	5.56068E+00
5.00000E-02	5.89888E+00	5.45997E+00
5.00000E-02	6.17978E+00	5.34963E+00
5.00000E-02	6.46067E+00	5.24365E+00
5.00000E-02	6.74157E+00	5.14981E+00
5.00000E-02	7.02247E+00	5.05950E+00
5.00000E-02	7.30337E+00	4.96730E+00
5.00000E-02	7.58427E+00	4.88140E+00
5.00000E-02	7.86517E+00	4.80264E+00
5.00000E-02	8.14607E+00	4.72347E+00
5.00000E-02	8.42697E+00	4.64576E+00
5.00000E-02	8.70787E+00	4.57429E+00
5.00000E-02	8.98876E+00	4.50645E+00
5.00000E-02	9.26966E+00	4.43794E+00
5.00000E-02	9.55056E+00	4.37247E+00
5.00000E-02	9.83146E+00	4.31138E+00
5.00000E-02	1.01124E+01	4.25239E+00
5.00000E-02	1.03933E+01	4.19338E+00
5.00000E-02	1.06742E+01	4.13760E+00
5.00000E-02	1.09551E+01	4.08483E+00
5.00000E-02	1.12360E+01	4.03298E+00
5.00000E-02	1.15169E+01	3.98241E+00
5.00000E-02	1.17978E+01	3.93461E+00
5.00000E-02	1.20787E+01	3.88858E+00
5.00000E-02	1.23596E+01	3.84245E+00
5.00000E-02	1.26404E+01	3.79806E+00
5.00000E-02	1.29213E+01	3.75563E+00
5.00000E-02	1.32022E+01	3.71360E+00
5.00000E-02	1.34831E+01	3.67171E+00
5.00000E-02	1.37640E+01	3.63151E+00
5.00000E-02	1.40449E+01	3.59257E+00
5.00000E-02	1.43258E+01	3.55345E+00
5.00000E-02	1.46067E+01	3.51506E+00
5.00000E-02	1.48876E+01	3.47803E+00
5.00000E-02	1.51685E+01	3.44158E+00
5.00000E-02	1.54494E+01	3.40507E+00
5.00000E-02	1.57303E+01	3.36958E+00
5.00000E-02	1.60112E+01	3.33514E+00
5.00000E-02	1.62921E+01	3.30086E+00
5.00000E-02	1.65730E+01	3.26677E+00
5.00000E-02	1.68539E+01	3.23378E+00
5.00000E-02	1.71348E+01	3.20147E+00
5.00000E-02	1.74157E+01	3.16903E+00
5.00000E-02	1.76966E+01	3.13730E+00
5.00000E-02	1.79775E+01	3.10650E+00
5.00000E-02	1.82584E+01	3.07610E+00
5.00000E-02	1.85393E+01	3.04564E+00
5.00000E-02	1.88202E+01	3.01600E+00
5.00000E-02	1.91011E+01	2.98706E+00
5.00000E-02	1.93820E+01	2.95810E+00
5.00000E-02	1.96629E+01	2.92958E+00
5.00000E-02	1.99438E+01	2.90178E+00
5.00000E-02	2.02247E+01	2.87438E+00
5.00000E-02	2.05056E+01	2.84697E+00
5.00000E-02	2.07865E+01	2.82017E+00
5.00000E-02	2.10674E+01	2.79387E+00
5.00000E-02	2.13483E+01	2.76770E+00
5.00000E-02	2.16292E+01	2.74181E+00
5.00000E-02	2.19101E+01	2.71647E+00
5.00000E-02	2.21910E+01	2.69149E+00
5.00000E-02	2.24719E+01	2.66654E+00
5.00000E-02	2.27528E+01	2.64181E+00
5.00000E-02	2.30337E+01	2.61760E+00
5.00000E-02	2.33146E+01	2.59391E+00
5.00000E-02	2.35955E+01	2.57070E+00
5.00000E-02	2.38764E+01	2.54791E+00
5.00000E-02	2.41573E+01	2.52532E+00
5.00000E-02	2.44382E+01	2.50251E+00
5.00000E-02	2.47191E+01	2.47998E+00
5.00000E-02	2.50000E+01	2.45790E+00
1.00000E-01	0.00000E+00	1.04864E+00
1.00000E-01	2.80899E-01	3.91379E+00
1.00000E-01	5.61798E-01	5.02382E+00
1.00000E-01	8.42697E-01	5.28579E+00
1.00000E-01	1.12360E+00	5.30134E+00
1.00000E-01	1.40449E+00	5.30527E+00
1.00000E-01	1.68539E+00	5.30888E+00
1.00000E-01	1.96629E+00	5.33119E+00
1.00000E-01	2.24719E+00	5.33320E+00
1.00000E-01	2.52809E+00	5.35491E+00
1.00000E-01	2.80899E+00	5.38636E+00
1.00000E-01	3.08989E+00	5.35911E+00
1.00000E-01	3.37079E+00	5.29965E+00
1.00000E-01	3.65169E+00	5.25517E+00
1.00000E-01	3.93258E+00	5.20192E+00
1.00000E-01	4.21348E+00	5.10367E+00
1.00000E-01	4.49438E+00	5.00877E+00
1.00000E-01	4.77528E+00	4.92782E+00
1.00000E-01	5.05618E+00	4.83640E+00
1.00000E-01	5.33708E+00	4.73189E+00
1.00000E-01	5.61798E+00	4.63955E+00
1.00000E-01	5.89888E+00	4.55551E+00
1.00000E-01	6.17978E+00	4.46346E+00
1.00000E-01	6.46067E+00	4.37504E+00
1.00000E-01	6.74157E+00	4.29674E+00
1.00000E-01	7.02247E+00	4.22140E+00
1.00000E-01	7.30337E+00	4.14446E+00
1.00000E-01	7.58427E+00	4.07280E+00
1.00000E-01	7.86517E+00	4.00708E+00
1.00000E-01	8.14607E+00	3.94102E+00
1.00000E-01	8.42697E+00	3.87619E+00
1.00000E-01	8.70787E+00	3.81656E+00
1.00000E-01	8.98876E+00	3.75994E+00
1.00000E-01	9.26966E+00	3.70279E+00
1.00000E-01	9.55056E+00	3.64817E+00
1.00000E-01	9.83146E+00	3.59720E+00
1.00000E-01	1.01124E+01	3.54798E+00
1.00000E-01	1.03933E+01	3.49874E+00
1.00000E-01	1.06742E+01	3.45221E+00
1.00000E-01	1.09551E+01	3.40817E+00
1.00000E-01	1.12360E+01	3.36492E+00
1.00000E-01	1.15169E+01	3.32272E+00
1.00000E-01	1.17978E+01	3.28284E+00
1.00000E-01	1.20787E+01	3.24443E+00
1.00000E-01	1.23596E+01	3.20595E+00
1.00000E-01	1.26404E+01	3.16891E+00
1.00000E-01	1.29213E+01	3.13351E+00
1.00000E-01	1.32022E+01	3.09844E+00
1.00000E-01	1.34831E+01	3.06349E+00
1.00000E-01	1.37640E+01	3.02995E+00
1.00000E-01	1.40449E+01	2.99745E+00
1.00000E-01	1.43258E+01	2.96482E+00
1.00000E-01	1.46067E+01	2.93278E+00
1.00000E-01	1.48876E+01	2.90189E+00
1.00000E-01	1.51685E+01	2.87148E+00
1.00000E-01	1.54494E+01	2.84102E+00
1.00000E-01	1.57303E+01	2.81141E+00
1.00000E-01	1.60112E+01	2.78267E+00
1.00000E-01	1.62921E+01	2.75407E+00
1.00000E-01	1.65730E+01	2.72563E+00
1.00000E-01	1.68539E+01	2.69810E+00
1.00000E-01	1.71348E+01	2.67113E+00
1.00000E-01	1.74157E+01	2.64408E+00
1.00000E-01	1.76966E+01	2.61760E+00
1.00000E-01	1.79775E+01	2.59191E+00
1.00000E-01	1.82584E+01	2.56653E+00
1.00000E-01	1.85393E+01	2.54113E+00
1.00000E-01	1.88202E+01	2.51640E+00
1.00000E-01	1.91011E+01	2.49225E+00
1.00000E-01	1.93820E+01	2.46810E+00
1.00000E-01	1.96629E+01	2.44429E+00
1.00000E-01	1.99438E+01	2.42110E+00
1.00000E-01	2.02247E+01	2.39823E+00
1.00000E-01	2.05056E+01	2.37537E+00
1.00000E-01	2.07865E+01	2.35300E+00
1.00000E-01	2.10674E+01	2.33108E+00
1.00000E-01	2.13483E+01	2.30923E+00
1.00000E-01	2.16292E+01	2.28763E+00
1.00000E-01	2.19101E+01	2.26650E+00
1.00000E-01	2.21910E+01	2.24563E+00
1.00000E-01	2.24719E+01	2.22483E+00
1.00000E-01	2.27528E+01	2.20420E+00
1.00000E-01	2.30337E+01	2.18399E+00
1.00000E-01	2.33146E+01	2.16423E+00
1.00000E-01	2.35955E+01	2.14487E+00
1.00000E-01	2.38764E+01	2.12585E+00
1.00000E-01	2.41573E+01	2.10700E+00
1.00000E-01	2.44382E+01	2.08797E+00
1.00000E-01	2.47191E+01	2.06916E+00
1.00000E-01	2.50000E+01	2.05075E+00
2.00000E-01	0.00000E+00	1.06929E+00
2.00000E-01	2.80899E-01	2.96869E+00
2.00000E-01	5.61798E-01	3.79643E+00
2.00000E-01	8.42697E-01	3.99430E+00
2.00000E-01	1.12360E+00	4.00647E+00
2.00000E-01	1.40449E+00	4.00880E+00
2.00000E-01	1.68539E+00	4.01213E+00
2.00000E-01	1.96629E+00	4.02874E+00
2.00000E-01	2.24719E+00	4.03026E+00
2.00000E-01	2.52809E+00	4.04669E+00
2.00000E-01	2.80899E+00	4.07021E+00
2.00000E-01	3.08989E+00	4.04940E+00
2.00000E-01	3.37079E+00	4.00475E+00
2.00000E-01	3.65169E+00	3.97104E+00
2.00000E-01	3.93258E+00	3.93028E+00
2.00000E-01	4.21348E+00	3.85659E+00
2.00000E-01	4.49438E+00	3.78491E+00
2.00000E-01	4.77528E+00	3.72357E+00
2.00000E-01	5.05618E+00	3.65460E+00
2.00000E-01	5.33708E+00	3.57566E+00
2.00000E-01	5.61798E+00	3.50588E+00
2.00000E-01	5.89888E+00	3.44228E+00
2.00000E-01	6.17978E+00	3.37280E+00
2.00000E-01	6.46067E+00	3.30600E+00
2.00000E-01	6.74157E+00	3.24682E+00
2.00000E-01	7.02247E+00	3.18989E+00
2.00000E-01	7.30337E+00	3.13176E+00
2.00000E-01	7.58427E+00	3.07761E+00
2.00000E-01	7.86517E+00	3.02793E+00
2.00000E-01	8.14607E+00	2.97800E+00
2.00000E-01	8.42697E+00	2.92904E+00
2.00000E-01	8.70787E+00	2.88397E+00
2.00000E-01	8.98876E+00	2.84116E+00
2.00000E-01	9.26966E+00	2.79801E+00
2.00000E-01	9.55056E+00	2.75673E+00
2.00000E-01	9.83146E+00	2.71821E+00
2.00000E-01	1.01124E+01	2.68101E+00
2.00000E-01	1.03933E+01	2.64382E+00
2.00000E-01	1.06742E+01	2.60865E+00
2.00000E-01	1.09551E+01	2.57538E+00
2.00000E-01	1.12360E+01	2.54269E+00
2.00000E-01	1.15169E+01	2.51081E+00
2.00000E-01	1.17978E+01	2.48067E+00
2.00000E-01	1.20787E+01	2.45164E+00
2.00000E-01	1.23596E+01	2.42257E+00
2.00000E-01	1.26404E+01	2.39458E+00
2.00000E-01	1.29213E+01	2.36783E+00
2.00000E-01	1.32022E+01	2.34133E+00
2.00000E-01	1.34831E+01	2.31492E+00
2.00000E-01	1.37640E+01	2.28957E+00
2.00000E-01	1.40449E+01	2.26501E+00
2.00000E-01	1.43258E+01	2.24036E+00
2.00000E-01	1.46067E+01	2.21615E+00
2.00000E-01	1.48876E+01	2.19281E+00
2.00000E-01	1.51685E+01	2.16982E+00
2.00000E-01	1.54494E+01	2.14681E+00
2.00000E-01	1.57303E+01	2.12443E+00
2.00000E-01	1.60112E+01	2.10272E+00
2.00000E-01	1.62921E+01	2.08110E+00
2.00000E-01	1.65730E+01	2.05961E+00
2.00000E-01	1.68539E+01	2.03881E+00
2.00000E-01	1.71348E+01	2.01843E+00
2.00000E-01	1.74157E+01	1.99799E+00
2.00000E-01	1.76966E+01	1.97799E+00
2.00000E-01	1.79775E+01	1.95857E+00
2.00000E-01	1.82584E+01	1.93939E+00
2.00000E-01	1.85393E+01	1.92020E+00
2.00000E-01	1.88202E+01	1.90151E+00
2.00000E-01	1.91011E+01	1.88326E+00
2.00000E-01	1.93820E+01	1.86502E+00
2.00000E-01	1.96629E+01	1.84702E+00
2.00000E-01	1.99438E+01	1.82950E+00
2.00000E-01	2.02247E+01	1.81222E+00
2.00000E-01	2.05056E+01	1.79494E+00
2.00000E-01	2.07865E+01	1.77804E+00
2.00000E-01	2.10674E+01	1.76147E+00
2.00000E-01	2.13483E+01	1.74496E+00
2.00000E-01	2.16292E+01	1.72864E+00
2.00000E-01	2.19101E+01	1.71267E+00
2.00000E-01	2.21910E+01	1.69691E+00
2.00000E-01	2.24719E+01	1.68118E+00
2.00000E-01	2.27528E+01	1.66560E+00
2.00000E-01	2.30337E+01	1.65033E+00
2.00000E-01	2.33146E+01	1.63539E+00
2.00000E-01	2.35955E+01	1.62077E+00
2.00000E-01	2.38764E+01	1.60639E+00
2.00000E-01	2.41573E+01	1.59214E+00
2.00000E-01	2.44382E+01	1.57777E+00
2.00000E-01	2.47191E+01	1.56356E+00
2.00000E-01	2.50000E+01	1.54964E+00
2.50000E-01	0.00000E+00	1.07518E+00
2.50000E-01	2.80899E-01	2.66510E+00
2.50000E-01	5.61798E-01	3.40096E+00
2.50000E-01	8.42697E-01	3.57828E+00
2.50000E-01	1.12360E+00	3.58953E+00
2.50000E-01	1.40449E+00	3.59137E+00
2.50000E-01	1.68539E+00	3.59462E+00
2.50000E-01	1.96629E+00	3.60933E+00
2.50000E-01	2.24719E+00	3.61072E+00
2.50000E-01	2.52809E+00	3.62546E+00
2.50000E-01	2.80899E+00	3.64634E+00
2.50000E-01	3.08989E+00	3.62760E+00
2.50000E-01	3.37079E+00	3.58777E+00
2.50000E-01	3.65169E+00	3.55750E+00
2.50000E-01	3.93258E+00	3.52075E+00
2.50000E-01	4.21348E+00	3.45500E+00
2.50000E-01	4.49438E+00	3.39079E+00
2.50000E-01	4.77528E+00	3.33575E+00
2.50000E-01	5.05618E+00	3.27400E+00
2.50000E-01	5.33708E+00	3.20333E+00
2.50000E-01	5.61798E+00	3.14081E+00
2.50000E-01	5.89888E+00	3.08376E+00
2.50000E-01	6.17978E+00	3.02157E+00
2.50000E-01	6.46067E+00	2.96174E+00
2.50000E-01	6.74157E+00	2.90871E+00
2.50000E-01	7.02247E+00	2.85770E+00
2.50000E-01	7.30337E+00	2.80563E+00
2.50000E-01	7.58427E+00	2.75713E+00
2.50000E-01	7.86517E+00	2.71260E+00
2.50000E-01	8.14607E+00	2.66787E+00
2.50000E-01	8.42697E+00	2.62403E+00
2.50000E-01	8.70787E+00	2.58365E+00
2.50000E-01	8.98876E+00	2.54528E+00
2.50000E-01	9.26966E+00	2.50664E+00
2.50000E-01	9.55056E+00	2.46967E+00
2.50000E-01	9.83146E+00	2.43515E+00
2.50000E-01	1.01124E+01	2.40181E+00
2.50000E-01	1.03933E+01	2.36851E+00
2.50000E-01	1.06742E+01	2.33700E+00
2.50000E-01	1.09551E+01	2.30719E+00
2.50000E-01	1.12360E+01	2.27791E+00
2.50000E-01	1.15169E+01	2.24935E+00
2.50000E-01	1.17978E+01	2.22234E+00
2.50000E-01	1.20787E+01	2.19633E+00
2.50000E-01	1.23596E+01	2.17030E+00
2.50000E-01	1.26404E+01	2.14522E+00
2.50000E-01	1.29213E+01	2.12126E+00
2.50000E-01	1.32022E+01	2.09751E+00
2.50000E-01	1.34831E+01	2.07386E+00
2.50000E-01	1.37640E+01	2.05115E+00
2.50000E-01	1.40449E+01	2.02914E+00
2.50000E-01	1.43258E+01	2.00706E+00
2.50000E-01	1.46067E+01	1.98537E+00
2.50000E-01	1.48876E+01	1.96446E+00
2.50000E-01	1.51685E+01	1.94387E+00
2.50000E-01	1.54494E+01	1.92325E+00
2.50000E-01	1.57303E+01	1.90321E+00
2.50000E-01	1.60112E+01	1.88375E+00
2.50000E-01	1.62921E+01	1.86439E+00
2.50000E-01	1.65730E+01	1.84514E+00
2.50000E-01	1.68539E+01	1.82650E+00
2.50000E-01	1.71348E+01	1.80824E+00
2.50000E-01	1.74157E+01	1.78993E+00
2.50000E-01	1.76966E+01	1.77201E+00
2.50000E-01	1.79775E+01	1.75461E+00
2.50000E-01	1.82584E+01	1.73743E+00
2.50000E-01	1.85393E+01	1.72024E+00
2.50000E-01	1.88202E+01	1.70349E+00
2.50000E-01	1.91011E+01	1.68715E+00
2.50000E-01	1.93820E+01	1.67080E+00
2.50000E-01	1.96629E+01	1.65468E+00
2.50000E-01	1.99438E+01	1.63898E+00
2.50000E-01	2.02247E+01	1.62350E+00
2.50000E-01	2.05056E+01	1.60803E+00
2.50000E-01	2.07865E+01	1.59288E+00
2.50000E-01	2.10674E+01	1.57804E+00
2.50000E-01	2.13483E+01	1.56325E+00
2.50000E-01	2.16292E+01	1.54863E+00
2.50000E-01	2.19101E+01	1.53432E+00
2.50000E-01	2.21910E+01	1.52020E+00
2.50000E-01	2.24719E+01	1.50611E+00
2.50000E-01	2.27528E+01	1.49215E+00
2.50000E-01	2.30337E+01	1.47847E+00
2.50000E-01	2.33146E+01	1.46509E+00
2.50000E-01	2.35955E+01	1.45199E+00
2.50000E-01	2.38764E+01	1.43911E+00
2.50000E-01	2.41573E+01	1.42635E+00
2.50000E-01	2.44382E+01	1.41347E+00
2.50000E-01	2.47191E+01	1.40074E+00
2.50000E-01	2.50000E+01	1.38827E+00
3.00000E-01	0.00000E+00	1.07940E+00
3.00000E-01	2.80899E-01	2.42765E+00
3.00000E-01	5.61798E-01	3.09092E+00
3.00000E-01	8.42697E-01	3.25223E+00
3.00000E-01	1.12360E+00	3.26287E+00
3.00000E-01	1.40449E+00	3.26434E+00
3.00000E-01	1.68539E+00	3.26752E+00
3.00000E-01	1.96629E+00	3.28071E+00
3.00000E-01	2.24719E+00	3.28204E+00
3.00000E-01	2.52809E+00	3.29544E+00
3.00000E-01	2.80899E+00	3.31420E+00
3.00000E-01	3.08989E+00	3.29711E+00
3.00000E-01	3.37079E+00	3.26107E+00
3.00000E-01	3.65169E+00	3.23349E+00
3.00000E-01	3.93258E+00	3.19986E+00
3.00000E-01	4.21348E+00	3.14035E+00
3.00000E-01	4.49438E+00	3.08200E+00
3.00000E-01	4.77528E+00	3.03189E+00
3.00000E-01	5.05618E+00	2.97578E+00
3.00000E-01	5.33708E+00	2.91160E+00
3.00000E-01	5.61798E+00	2.85477E+00
3.00000E-01	5.89888E+00	2.80285E+00
3.00000E-01	6.17978E+00	2.74638E+00
3.00000E-01	6.46067E+00	2.69201E+00
3.00000E-01	6.74157E+00	2.64379E+00
3.00000E-01	7.02247E+00	2.59742E+00
3.00000E-01	7.30337E+00	2.55011E+00
3.00000E-01	7.58427E+00	2.50603E+00
3.00000E-01	7.86517E+00	2.46554E+00
3.00000E-01	8.14607E+00	2.42489E+00
3.00000E-01	8.42697E+00	2.38505E+00
3.00000E-01	8.70787E+00	2.34834E+00
3.00000E-01	8.98876E+00	2.31346E+00
3.00000E-01	9.26966E+00	2.27835E+00
3.00000E-01	9.55056E+00	2.24475E+00
3.00000E-01	9.83146E+00	2.21337E+00
3.00000E-01	1.01124E+01	2.18306E+00
3.00000E-01	1.03933E+01	2.15280E+00
3.00000E-01	1.06742E+01	2.12416E+00
3.00000E-01	1.09551E+01	2.09706E+00
3.00000E-01	1.12360E+01	2.07045E+00
3.00000E-01	1.15169E+01	2.04449E+00
3.00000E-01	1.17978E+01	2.01995E+00
3.00000E-01	1.20787E+01	1.99630E+00
3.00000E-01	1.23596E+01	1.97264E+00
3.00000E-01	1.26404E+01	1.94985E+00
3.00000E-01	1.29213E+01	1.92806E+00
3.00000E-01	1.32022E+01	1.90648E+00
3.00000E-01	1.34831E+01	1.88498E+00
3.00000E-01	1.37640E+01	1.86434E+00
3.00000E-01	1.40449E+01	1.84433E+00
3.00000E-01	1.43258E+01	1.82427E+00
3.00000E-01	1.46067E+01	1.80456E+00
3.00000E-01	1.48876E+01	1.78555E+00
3.00000E-01	1.51685E+01	1.76683E+00
3.00000E-01	1.54494E+01	1.74810E+00
3.00000E-01	1.57303E+01	1.72987E+00
3.00000E-01	1.60112E+01	1.71219E+00
3.00000E-01	1.62921E+01	1.69459E+00
3.00000E-01	1.65730E+01	1.67709E+00
3.00000E-01	1.68539E+01	1.66015E+00
3.00000E-01	1.71348E+01	1.64355E+00
3.00000E-01	1.74157E+01	1.62691E+00
3.00000E-01	1.76966E+01	1.61063E+00
3.00000E-01	1.79775E+01	1.59481E+00
3.00000E-01	1.82584E+01	1.57919E+00
3.00000E-01	1.85393E+01	1.56357E+00
3.00000E-01	1.88202E+01	1.54835E+00
3.00000E-01	1.91011E+01	1.53349E+00
3.00000E-01	1.93820E+01	1.51864E+00
3.00000E-01	1.96629E+01	1.50399E+00
3.00000E-01	1.99438E+01	1.48971E+00
3.00000E-01	2.02247E+01	1.47564E+00
3.00000E-01	2.05056E+01	1.46158E+00
3.00000E-01	2.07865E+01	1.44781E+00
3.00000E-01	2.10674E+01	1.43432E+00
3.00000E-01	2.13483E+01	1.42088E+00
3.00000E-01	2.16292E+01	1.40759E+00
3.00000E-01	2.19101E+01	1.39458E+00
3.00000E-01	2.21910E+01	1.38175E+00
3.00000E-01	2.24719E+01	1.36895E+00
3.00000E-01	2.27528E+01	1.35626E+00
3.00000E-01	2.30337E+01	1.34382E+00
3.00000E-01	2.33146E+01	1.33166E+00
3.00000E-01	2.35955E+01	1.31975E+00
3.00000E-01	2.38764E+01	1.30804E+00
3.00000E-01	2.41573E+01	1.29644E+00
3.00000E-01	2.44382E+01	1.28474E+00
3.00000E-01	2.47191E+01	1.27317E+00
3.00000E-01	2.50000E+01	1.26184E+00
4.00000E-01	0.00000E+00	1.08456E+00
4.00000E-01	2.80899E-01	2.08561E+00
4.00000E-01	5.61798E-01	2.63797E+00
4.00000E-01	8.42697E-01	2.77629E+00
4.00000E-01	1.12360E+00	2.78635E+00
4.00000E-01	1.40449E+00	2.78737E+00
4.00000E-01	1.68539E+00	2.79047E+00
4.00000E-01	1.96629E+00	2.80134E+00
4.00000E-01	2.24719E+00	2.80267E+00
4.00000E-01	2.52809E+00	2.81411E+00
4.00000E-01	2.80899E+00	2.82963E+00
4.00000E-01	3.08989E+00	2.81502E+00
4.00000E-01	3.37079E+00	2.78455E+00
4.00000E-01	3.65169E+00	2.76085E+00
4.00000E-01	3.93258E+00	2.73175E+00
4.00000E-01	4.21348E+00	2.68136E+00
4.00000E-01	4.49438E+00	2.63159E+00
4.00000E-01	4.77528E+00	2.58864E+00
4.00000E-01	5.05618E+00	2.54072E+00
4.00000E-01	5.33708E+00	2.48608E+00
4.00000E-01	5.61798E+00	2.43753E+00
4.00000E-01	5.89888E+00	2.39307E+00
4.00000E-01	6.17978E+00	2.34495E+00
4.00000E-01	6.46067E+00	2.29857E+00
4.00000E-01	6.74157E+00	2.25736E+00
4.00000E-01	7.02247E+00	2.21775E+00
4.00000E-01	7.30337E+00	2.17740E+00
4.00000E-01	7.58427E+00	2.13977E+00
4.00000E-01	7.86517E+00	2.10515E+00
4.00000E-01	8.14607E+00	2.07045E+00
4.00000E-01	8.42697E+00	2.03647E+00
4.00000E-01	8.70787E+00	2.00511E+00
4.00000E-01	8.98876E+00	1.97529E+00
4.00000E-01	9.26966E+00	1.94535E+00
4.00000E-01	9.55056E+00	1.91666E+00
4.00000E-01	9.83146E+00	1.88987E+00
4.00000E-01	1.01124E+01	1.86397E+00
4.00000E-01	1.03933E+01	1.83815E+00
4.00000E-01	1.06742E+01	1.81370E+00
4.00000E-01	1.09551E+01	1.79055E+00
4.00000E-01	1.12360E+01	1.76783E+00
4.00000E-01	1.15169E+01	1.74568E+00
4.00000E-01	1.17978E+01	1.72471E+00
4.00000E-01	1.20787E+01	1.70451E+00
4.00000E-01	1.23596E+01	1.68432E+00
4.00000E-01	1.26404E+01	1.66487E+00
4.00000E-01	1.29213E+01	1.64626E+00
4.00000E-01	1.32022E+01	1.62782E+00
4.00000E-01	1.34831E+01	1.60948E+00
4.00000E-01	1.37640E+01	1.59185E+00
4.00000E-01	1.40449E+01	1.57475E+00
4.00000E-01	1.43258E+01	1.55763E+00
4.00000E-01	1.46067E+01	1.54081E+00
4.00000E-01	1.48876E+01	1.52457E+00
4.00000E-01	1.51685E+01	1.50859E+00
4.00000E-01	1.54494E+01	1.49260E+00
4.00000E-01	1.57303E+01	1.47704E+00
4.00000E-01	1.60112E+01	1.46193E+00
4.00000E-01	1.62921E+01	1.44690E+00
4.00000E-01	1.65730E+01	1.43197E+00
4.00000E-01	1.68539E+01	1.41751E+00
4.00000E-01	1.71348E+01	1.40333E+00
4.00000E-01	1.74157E+01	1.38913E+00
4.00000E-01	1.76966E+01	1.37522E+00
4.00000E-01	1.79775E+01	1.36172E+00
4.00000E-01	1.82584E+01	1.34838E+00
4.00000E-01	1.85393E+01	1.33504E+00
4.00000E-01	1.88202E+01	1.32205E+00
4.00000E-01	1.91011E+01	1.30935E+00
4.00000E-01	1.93820E+01	1.29667E+00
4.00000E-01	1.96629E+01	1.28417E+00
4.00000E-01	1.99438E+01	1.27198E+00
4.00000E-01	2.02247E+01	1.25996E+00
4.00000E-01	2.05056E+01	1.24795E+00
4.00000E-01	2.07865E+01	1.23620E+00
4.00000E-01	2.10674E+01	1.22468E+00
4.00000E-01	2.13483E+01	1.21320E+00
4.00000E-01	2.16292E+01	1.20186E+00
4.00000E-01	2.19101E+01	1.19075E+00
4.00000E-01	2.21910E+01	1.17979E+00
4.00000E-01	2.24719E+01	1.16886E+00
4.00000E-01	2.27528E+01	1.15803E+00
4.00000E-01	2.30337E+01	1.14741E+00
4.00000E-01	2.33146E+01	1.13703E+00
4.00000E-01	2.35955E+01	1.12686E+00
4.00000E-01	2.38764E+01	1.11686E+00
4.00000E-01	2.41573E+01	1.10695E+00
4.00000E-01	2.44382E+01	1.09696E+00
4.00000E-01	2.47191E+01	1.08708E+00
4.00000E-01	2.50000E+01	1.07741E+00
5.00000E-01	0.00000E+00	1.08696E+00
5.00000E-01	2.80899E-01	1.85975E+00
5.00000E-01	5.61798E-01	2.32456E+00
5.00000E-01	8.42697E-01	2.44759E+00
5.00000E-01	1.12360E+00	2.45769E+00
5.00000E-01	1.40449E+00	2.45851E+00
5.00000E-01	1.68539E+00	2.46158E+00
5.00000E-01	1.96629E+00	2.47076E+00
5.00000E-01	2.24719E+00	2.47219E+00
5.00000E-01	2.52809E+00	2.48226E+00
5.00000E-01	2.80899E+00	2.49537E+00
5.00000E-01	3.08989E+00	2.48255E+00
5.00000E-01	3.37079E+00	2.45598E+00
5.00000E-01	3.65169E+00	2.43492E+00
5.00000E-01	3.93258E+00	2.40889E+00
5.00000E-01	4.21348E+00	2.36484E+00
5.00000E-01	4.49438E+00	2.32102E+00
5.00000E-01	4.77528E+00	2.28297E+00
5.00000E-01	5.05618E+00	2.24066E+00
5.00000E-01	5.33708E+00	2.19266E+00
5.00000E-01	5.61798E+00	2.14982E+00
5.00000E-01	5.89888E+00	2.11046E+00
5.00000E-01	6.17978E+00	2.06813E+00
5.00000E-01	6.46067E+00	2.02728E+00
5.00000E-01	6.74157E+00	1.99089E+00
5.00000E-01	7.02247E+00	1.95592E+00
5.00000E-01	7.30337E+00	1.92038E+00
5.00000E-01	7.58427E+00	1.88721E+00
5.00000E-01	7.86517E+00	1.85663E+00
5.00000E-01	8.14607E+00	1.82604E+00
5.00000E-01	8.42697E+00	1.79610E+00
5.00000E-01	8.70787E+00	1.76843E+00
5.00000E-01	8.98876E+00	1.74210E+00
5.00000E-01	9.26966E+00	1.71572E+00
5.00000E-01	9.55056E+00	1.69043E+00
5.00000E-01	9.83146E+00	1.66679E+00
5.00000E-01	1.01124E+01	1.64393E+00
5.00000E-01	1.03933E+01	1.62118E+00
5.00000E-01	1.06742E+01	1.59962E+00
5.00000E-01	1.09551E+01	1.57919E+00
5.00000E-01	1.12360E+01	1.55916E+00
5.00000E-01	1.15169E+01	1.53963E+00
5.00000E-01	1.17978E+01	1.52113E+00
5.00000E-01	1.20787E+01	1.50330E+00
5.00000E-01	1.23596E+01	1.48551E+00
5.00000E-01	1.26404E+01	1.46835E+00
5.00000E-01	1.29213E+01	1.45193E+00
5.00000E-01	1.32022E+01	1.43567E+00
5.00000E-01	1.34831E+01	1.41950E+00
5.00000E-01	1.37640E+01	1.40395E+00
5.00000E-01	1.40449E+01	1.38886E+00
5.00000E-01	1.43258E+01	1.37377E+00
5.00000E-01	1.46067E+01	1.35893E+00
5.00000E-01	1.48876E+01	1.34461E+00
5.00000E-01	1.51685E+01	1.33051E+00
5.00000E-01	1.54494E+01	1.31641E+00
5.00000E-01	1.57303E+01	1.30269E+00
5.00000E-01	1.60112E+01	1.28936E+00
5.00000E-01	1.62921E+01	1.27611E+00
5.00000E-01	1.65730E+01	1.26295E+00
5.00000E-01	1.68539E+01	1.25019E+00
5.00000E-01	1.71348E+01	1.23768E+00
5.00000E-01	1.74157E+01	1.22516E+00
5.00000E-01	1.76966E+01	1.21289E+00
5.00000E-01	1.79775E+01	1.20098E+00
5.00000E-01	1.82584E+01	1.18921E+00
5.00000E-01	1.85393E+01	1.17746E+00
5.00000E-01	1.88202E+01	1.16599E+00
5.00000E-01	1.91011E+01	1.15480E+00
5.00000E-01	1.93820E+01	1.14362E+00
5.00000E-01	1.96629E+01	1.13259E+00
5.00000E-01	1.99438E+01	1.12184E+00
5.00000E-01	2.02247E+01	1.11123E+00
5.00000E-01	2.05056E+01	1.10065E+00
5.00000E-01	2.07865E+01	1.09028E+00
5.00000E-01	2.10674E+01	1.08012E+00
5.00000E-01	2.13483E+01	1.07000E+00
5.00000E-01	2.16292E+01	1.06000E+00
5.00000E-01	2.19101E+01	1.05020E+00
5.00000E-01	2.21910E+01	1.04053E+00
5.00000E-01	2.24719E+01	1.03089E+00
5.00000E-01	2.27528E+01	1.02134E+00
5.00000E-01	2.30337E+01	1.01197E+00
5.00000E-01	2.33146E+01	1.00281E+00
5.00000E-01	2.35955E+01	9.93846E-01
5.00000E-01	2.38764E+01	9.85029E-01
5.00000E-01	2.41573E+01	9.76285E-01
5.00000E-01	2.44382E+01	9.67477E-01
5.00000E-01	2.47191E+01	9.58766E-01
5.00000E-01	2.50000E+01	9.50233E-01
6.00000E-01	0.00000E+00	1.08772E+00
6.00000E-01	2.80899E-01	1.70507E+00
6.00000E-01	5.61798E-01	2.09595E+00
6.00000E-01	8.42697E-01	2.20813E+00
6.00000E-01	1.12360E+00	2.21873E+00
6.00000E-01	1.40449E+00	2.21957E+00
6.00000E-01	1.68539E+00	2.22263E+00
6.00000E-01	1.96629E+00	2.23055E+00
6.00000E-01	2.24719E+00	2.23212E+00
6.00000E-01	2.52809E+00	2.24118E+00
6.00000E-01	2.80899E+00	2.25241E+00
6.00000E-01	3.08989E+00	2.24093E+00
6.00000E-01	3.37079E+00	2.21726E+00
6.00000E-01	3.65169E+00	2.19807E+00
6.00000E-01	3.93258E+00	2.17424E+00
6.00000E-01	4.21348E+00	2.13484E+00
6.00000E-01	4.49438E+00	2.09536E+00
6.00000E-01	4.77528E+00	2.06084E+00
6.00000E-01	5.05618E+00	2.02260E+00
6.00000E-01	5.33708E+00	1.97946E+00
6.00000E-01	5.61798E+00	1.94077E+00
6.00000E-01	5.89888E+00	1.90511E+00
6.00000E-01	6.17978E+00	1.86698E+00
6.00000E-01	6.46067E+00	1.83016E+00
6.00000E-01	6.74157E+00	1.79727E+00
6.00000E-01	7.02247E+00	1.76567E+00
6.00000E-01	7.30337E+00	1.73364E+00
6.00000E-01	7.58427E+00	1.70370E+00
6.00000E-01	7.86517E+00	1.67605E+00
6.00000E-01	8.14607E+00	1.64844E+00
6.00000E-01	8.42697E+00	1.62145E+00
6.00000E-01	8.70787E+00	1.59646E+00
6.00000E-01	8.98876E+00	1.57267E+00
6.00000E-01	9.26966E+00	1.54887E+00
6.00000E-01	9.55056E+00	1.52606E+00
6.00000E-01	9.83146E+00	1.50470E+00
6.00000E-01	1.01124E+01	1.48405E+00
6.00000E-01	1.03933E+01	1.46354E+00
6.00000E-01	1.06742E+01	1.44407E+00
6.00000E-01	1.09551E+01	1.42562E+00
6.00000E-01	1.12360E+01	1.40753E+00
6.00000E-01	1.15169E+01	1.38991E+00
6.00000E-01	1.17978E+01	1.37321E+00
6.00000E-01	1.20787E+01	1.35710E+00
6.00000E-01	1.23596E+01	1.34105E+00
6.00000E-01	1.26404E+01	1.32557E+00
6.00000E-01	1.29213E+01	1.31074E+00
6.00000E-01	1.32022E+01	1.29606E+00
6.00000E-01	1.34831E+01	1.28146E+00
6.00000E-01	1.37640E+01	1.26742E+00
6.00000E-01	1.40449E+01	1.25380E+00
6.00000E-01	1.43258E+01	1.24018E+00
6.00000E-01	1.46067E+01	1.22679E+00
6.00000E-01	1.48876E+01	1.21386E+00
6.00000E-01	1.51685E+01	1.20112E+00
6.00000E-01	1.54494E+01	1.18840E+00
6.00000E-01	1.57303E+01	1.17601E+00
6.00000E-01	1.60112E+01	1.16398E+00
6.00000E-01	1.62921E+01	1.15201E+00
6.00000E-01	1.65730E+01	1.14013E+00
6.00000E-01	1.68539E+01	1.12861E+00
6.00000E-01	1.71348E+01	1.11731E+00
6.00000E-01	1.74157E+01	1.10602E+00
6.00000E-01	1.76966E+01	1.09495E+00
6.00000E-01	1.79775E+01	1.08419E+00
6.00000E-01	1.82584E+01	1.07357E+00
6.00000E-01	1.85393E+01	1.06296E+00
6.00000E-01	1.88202E+01	1.05261E+00
6.00000E-01	1.91011E+01	1.04249E+00
6.00000E-01	1.93820E+01	1.03241E+00
6.00000E-01	1.96629E+01	1.02245E+00
6.00000E-01	1.99438E+01	1.01274E+00
6.00000E-01	2.02247E+01	1.00317E+00
6.00000E-01	2.05056E+01	9.93619E-01
6.00000E-01	2.07865E+01	9.84260E-01
6.00000E-01	2.10674E+01	9.75081E-01
6.00000E-01	2.13483E+01	9.65948E-01
6.00000E-01	2.16292E+01	9.56919E-01
6.00000E-01	2.19101E+01	9.48072E-01
6.00000E-01	2.21910E+01	9.39340E-01
6.00000E-01	2.24719E+01	9.30641E-01
6.00000E-01	2.27528E+01	9.22019E-01
6.00000E-01	2.30337E+01	9.13565E-01
6.00000E-01	2.33146E+01	9.05298E-01
6.00000E-01	2.35955E+01	8.97201E-01
6.00000E-01	2.38764E+01	8.89240E-01
6.00000E-01	2.41573E+01	8.81344E-01
6.00000E-01	2.44382E+01	8.73396E-01
6.00000E-01	2.47191E+01	8.65533E-01
6.00000E-01	2.50000E+01	8.57830E-01
7.00000E-01	0.00000E+00	1.08745E+00
7.00000E-01	2.80899E-01	1.59319E+00
7.00000E-01	5.61798E-01	1.92301E+00
7.00000E-01	8.42697E-01	2.02646E+00
7.00000E-01	1.12360E+00	2.03792E+00
7.00000E-01	1.40449E+00	2.03895E+00
7.00000E-01	1.68539E+00	2.04204E+00
7.00000E-01	1.96629E+00	2.04898E+00
7.00000E-01	2.24719E+00	2.05073E+00
7.00000E-01	2.52809E+00	2.05900E+00
7.00000E-01	2.80899E+00	2.06870E+00
7.00000E-01	3.08989E+00	2.05827E+00
7.00000E-01	3.37079E+00	2.03684E+00
7.00000E-01	3.65169E+00	2.01904E+00
7.00000E-01	3.93258E+00	1.99683E+00
7.00000E-01	4.21348E+00	1.96098E+00
7.00000E-01	4.49438E+00	1.92481E+00
7.00000E-01	4.77528E+00	1.89293E+00
7.00000E-01	5.05618E+00	1.85775E+00
7.00000E-01	5.33708E+00	1.81834E+00
7.00000E-01	5.61798E+00	1.78277E+00
7.00000E-01	5.89888E+00	1.74988E+00
7.00000E-01	6.17978E+00	1.71495E+00
7.00000E-01	6.46067E+00	1.68119E+00
7.00000E-01	6.74157E+00	1.65094E+00
7.00000E-01	7.02247E+00	1.62186E+00
7.00000E-01	7.30337E+00	1.59250E+00
7.00000E-01	7.58427E+00	1.56501E+00
7.00000E-01	7.86517E+00	1.53956E+00
7.00000E-01	8.14607E+00	1.51422E+00
7.00000E-01	8.42697E+00	1.48945E+00
7.00000E-01	8.70787E+00	1.46649E+00
7.00000E-01	8.98876E+00	1.44461E+00
7.00000E-01	9.26966E+00	1.42277E+00
7.00000E-01	9.55056E+00	1.40183E+00
7.00000E-01	9.83146E+00	1.38219E+00
7.00000E-01	1.01124E+01	1.36321E+00
7.00000E-01	1.03933E+01	1.34439E+00
7.00000E-01	1.06742E+01	1.32651E+00
7.00000E-01	1.09551E+01	1.30955E+00
7.00000E-01	1.12360E+01	1.29294E+00
7.00000E-01	1.15169E+01	1.27676E+00
7.00000E-01	1.17978E+01	1.26142E+00
7.00000E-01	1.20787E+01	1.24660E+00
7.00000E-01	1.23596E+01	1.23188E+00
7.00000E-01	1.26404E+01	1.21765E+00
7.00000E-01	1.29213E+01	1.20402E+00
7.00000E-01	1.32022E+01	1.19053E+00
7.00000E-01	1.34831E+01	1.17714E+00
7.00000E-01	1.37640E+01	1.16424E+00
7.00000E-01	1.40449E+01	1.15171E+00
7.00000E-01	1.43258E+01	1.13921E+00
7.00000E-01	1.46067E+01	1.12692E+00
7.00000E-01	1.48876E+01	1.11503E+00
7.00000E-01	1.51685E+01	1.10333E+00
7.00000E-01	1.54494E+01	1.09165E+00
7.00000E-01	1.57303E+01	1.08027E+00
7.00000E-01	1.60112E+01	1.06921E+00
7.00000E-01	1.62921E+01	1.05822E+00
7.00000E-01	1.65730E+01	1.04732E+00
7.00000E-01	1.68539E+01	1.03673E+00
7.00000E-01	1.71348E+01	1.02635E+00
7.00000E-01	1.74157E+01	1.01598E+00
7.00000E-01	1.76966E+01	1.00581E+00
7.00000E-01	1.79775E+01	9.95926E-01
7.00000E-01	1.82584E+01	9.86161E-01
7.00000E-01	1.85393E+01	9.76423E-01
7.00000E-01	1.88202E+01	9.66916E-01
7.00000E-01	1.91011E+01	9.57620E-01
7.00000E-01	1.93820E+01	9.48356E-01
7.00000E-01	1.96629E+01	9.39213E-01
7.00000E-01	1.99438E+01	9.30294E-01
7.00000E-01	2.02247E+01	9.21497E-01
7.00000E-01	2.05056E+01	9.12728E-01
7.00000E-01	2.07865E+01	9.04131E-01
7.00000E-01	2.10674E+01	8.95696E-01
7.00000E-01	2.13483E+01	8.87308E-01
7.00000E-01	2.16292E+01	8.79016E-01
7.00000E-01	2.19101E+01	8.70888E-01
7.00000E-01	2.21910E+01	8.62865E-01
7.00000E-01	2.24719E+01	8.54875E-01
7.00000E-01	2.27528E+01	8.46957E-01
7.00000E-01	2.30337E+01	8.39192E-01
7.00000E-01	2.33146E+01	8.31598E-01
7.00000E-01	2.35955E+01	8.24160E-01
7.00000E-01	2.38764E+01	8.16846E-01
7.00000E-01	2.41573E+01	8.09589E-01
7.00000E-01	2.44382E+01	8.02291E-01
7.00000E-01	2.47191E+01	7.95070E-01
7.00000E-01	2.50000E+01	7.87995E-01
8.00000E-01	0.00000E+00	1.08651E+00
8.00000E-01	2.80899E-01	1.50720E+00
8.00000E-01	5.61798E-01	1.78901E+00
8.00000E-01	8.42697E-01	1.88418E+00
8.00000E-01	1.12360E+00	1.89672E+00
8.00000E-01	1.40449E+00	1.89812E+00
8.00000E-01	1.68539E+00	1.90127E+00
8.00000E-01	1.96629E+00	1.90746E+00
8.00000E-01	2.24719E+00	1.90939E+00
8.00000E-01	2.52809E+00	1.91704E+00
8.00000E-01	2.80899E+00	1.92545E+00
8.00000E-01	3.08989E+00	1.91586E+00
8.00000E-01	3.37079E+00	1.89623E+00
8.00000E-01	3.65169E+00	1.87948E+00
8.00000E-01	3.93258E+00	1.85850E+00
8.00000E-01	4.21348E+00	1.82545E+00
8.00000E-01	4.49438E+00	1.79189E+00
8.00000E-01	4.77528E+00	1.76203E+00
8.00000E-01	5.05618E+00	1.72923E+00
8.00000E-01	5.33708E+00	1.69275E+00
8.00000E-01	5.61798E+00	1.65963E+00
8.00000E-01	5.89888E+00	1.62888E+00
8.00000E-01	6.17978E+00	1.59646E+00
8.00000E-01	6.46067E+00	1.56509E+00
8.00000E-01	6.74157E+00	1.53688E+00
8.00000E-01	7.02247E+00	1.50978E+00
8.00000E-01	7.30337E+00	1.48250E+00
8.00000E-01	7.58427E+00	1.45692E+00
8.00000E-01	7.86517E+00	1.43318E+00
8.00000E-01	8.14607E+00	1.40961E+00
8.00000E-01	8.42697E+00	1.38658E+00
8.00000E-01	8.70787E+00	1.36519E+00
8.00000E-01	8.98876E+00	1.34479E+00
8.00000E-01	9.26966E+00	1.32449E+00
8.00000E-01	9.55056E+00	1.30500E+00
8.00000E-01	9.83146E+00	1.28672E+00
8.00000E-01	1.01124E+01	1.26903E+00
8.00000E-01	1.03933E+01	1.25154E+00
8.00000E-01	1.06742E+01	1.23489E+00
8.00000E-01	1.09551E+01	1.21909E+00
8.00000E-01	1.12360E+01	1.20363E+00
8.00000E-01	1.15169E+01	1.18858E+00
8.00000E-01	1.17978E+01	1.17429E+00
8.00000E-01	1.20787E+01	1.16048E+00
8.00000E-01	1.23596E+01	1.14679E+00
8.00000E-01	1.26404E+01	1.13355E+00
8.00000E-01	1.29213E+01	1.12085E+00
8.00000E-01	1.32022E+01	1.10829E+00
8.00000E-01	1.34831E+01	1.09583E+00
8.00000E-01	1.37640E+01	1.08382E+00
8.00000E-01	1.40449E+01	1.07215E+00
8.00000E-01	1.43258E+01	1.06052E+00
8.00000E-01	1.46067E+01	1.04908E+00
8.00000E-01	1.48876E+01	1.03801E+00
8.00000E-01	1.51685E+01	1.02711E+00
8.00000E-01	1.54494E+01	1.01625E+00
8.00000E-01	1.57303E+01	1.00566E+00
8.00000E-01	1.60112E+01	9.95354E-01
8.00000E-01	1.62921E+01	9.85123E-01
8.00000E-01	1.65730E+01	9.74977E-01
8.00000E-01	1.68539E+01	9.65120E-01
8.00000E-01	1.71348E+01	9.55448E-01
8.00000E-01	1.74157E+01	9.45799E-01
8.00000E-01	1.76966E+01	9.36336E-01
8.00000E-01	1.79775E+01	9.27133E-01
8.00000E-01	1.82584E+01	9.18040E-01
8.00000E-01	1.85393E+01	9.08980E-01
8.00000E-01	1.88202E+01	9.00129E-01
8.00000E-01	1.91011E+01	8.91471E-01
8.00000E-01	1.93820E+01	8.82849E-01
8.00000E-01	1.96629E+01	8.74340E-01
8.00000E-01	1.99438E+01	8.66036E-01
8.00000E-01	2.02247E+01	8.57844E-01
8.00000E-01	2.05056E+01	8.49684E-01
8.00000E-01	2.07865E+01	8.41680E-01
8.00000E-01	2.10674E+01	8.33826E-01
8.00000E-01	2.13483E+01	8.26019E-01
8.00000E-01	2.16292E+01	8.18301E-01
8.00000E-01	2.19101E+01	8.10733E-01
8.00000E-01	2.21910E+01	8.03263E-01
8.00000E-01	2.24719E+01	7.95826E-01
8.00000E-01	2.27528E+01	7.88456E-01
8.00000E-01	2.30337E+01	7.81228E-01
8.00000E-01	2.33146E+01	7.74158E-01
8.00000E-01	2.35955E+01	7.67233E-01
8.00000E-01	2.38764E+01	7.60424E-01
8.00000E-01	2.41573E+01	7.53665E-01
8.00000E-01	2.44382E+01	7.46875E-01
8.00000E-01	2.47191E+01	7.40154E-01
8.00000E-01	2.50000E+01	7.33567E-01
9.00000E-01	0.00000E+00	1.08516E+00
9.00000E-01	2.80899E-01	1.43805E+00
9.00000E-01	5.61798E-01	1.68346E+00
9.00000E-01	8.42697E-01	1.76998E+00
9.00000E-01	1.12360E+00	1.78362E+00
9.00000E-01	1.40449E+00	1.78553E+00
9.00000E-01	1.68539E+00	1.78879E+00
9.00000E-01	1.96629E+00	1.79440E+00
9.00000E-01	2.24719E+00	1.79652E+00
9.00000E-01	2.52809E+00	1.80364E+00
9.00000E-01	2.80899E+00	1.81096E+00
9.00000E-01	3.08989E+00	1.80206E+00
9.00000E-01	3.37079E+00	1.78391E+00
9.00000E-01	3.65169E+00	1.76796E+00
9.00000E-01	3.93258E+00	1.74795E+00
9.00000E-01	4.21348E+00	1.71716E+00
9.00000E-01	4.49438E+00	1.68570E+00
9.00000E-01	4.77528E+00	1.65745E+00
9.00000E-01	5.05618E+00	1.62655E+00
9.00000E-01	5.33708E+00	1.59243E+00
9.00000E-01	5.61798E+00	1.56125E+00
9.00000E-01	5.89888E+00	1.53222E+00
9.00000E-01	6.17978E+00	1.50180E+00
9.00000E-01	6.46067E+00	1.47235E+00
9.00000E-01	6.74157E+00	1.44577E+00
9.00000E-01	7.02247E+00	1.42024E+00
9.00000E-01	7.30337E+00	1.39463E+00
9.00000E-01	7.58427E+00	1.37058E+00
9.00000E-01	7.86517E+00	1.34821E+00
9.00000E-01	8.14607E+00	1.32604E+00
9.00000E-01	8.42697E+00	1.30441E+00
9.00000E-01	8.70787E+00	1.28428E+00
9.00000E-01	8.98876E+00	1.26506E+00
9.00000E-01	9.26966E+00	1.24599E+00
9.00000E-01	9.55056E+00	1.22767E+00
9.00000E-01	9.83146E+00	1.21045E+00
9.00000E-01	1.01124E+01	1.19380E+00
9.00000E-01	1.03933E+01	1.17736E+00
9.00000E-01	1.06742E+01	1.16170E+00
9.00000E-01	1.09551E+01	1.14683E+00
9.00000E-01	1.12360E+01	1.13229E+00
9.00000E-01	1.15169E+01	1.11814E+00
9.00000E-01	1.17978E+01	1.10469E+00
9.00000E-01	1.20787E+01	1.09170E+00
9.00000E-01	1.23596E+01	1.07882E+00
9.00000E-01	1.26404E+01	1.06637E+00
9.00000E-01	1.29213E+01	1.05442E+00
9.00000E-01	1.32022E+01	1.04260E+00
9.00000E-01	1.34831E+01	1.03089E+00
9.00000E-01	1.37640E+01	1.01959E+00
9.00000E-01	1.40449E+01	1.00860E+00
9.00000E-01	1.43258E+01	9.97660E-01
9.00000E-01	1.46067E+01	9.86905E-01
9.00000E-01	1.48876E+01	9.76490E-01
9.00000E-01	1.51685E+01	9.66234E-01
9.00000E-01	1.54494E+01	9.56021E-01
9.00000E-01	1.57303E+01	9.46057E-01
9.00000E-01	1.60112E+01	9.36358E-01
9.00000E-01	1.62921E+01	9.26734E-01
9.00000E-01	1.65730E+01	9.17196E-01
9.00000E-01	1.68539E+01	9.07921E-01
9.00000E-01	1.71348E+01	8.98817E-01
9.00000E-01	1.74157E+01	8.89745E-01
9.00000E-01	1.76966E+01	8.80845E-01
9.00000E-01	1.79775E+01	8.72184E-01
9.00000E-01	1.82584E+01	8.63627E-01
9.00000E-01	1.85393E+01	8.55109E-01
9.00000E-01	1.88202E+01	8.46783E-01
9.00000E-01	1.91011E+01	8.38634E-01
9.00000E-01	1.93820E+01	8.30525E-01
9.00000E-01	1.96629E+01	8.22523E-01
9.00000E-01	1.99438E+01	8.14709E-01
9.00000E-01	2.02247E+01	8.07000E-01
9.00000E-01	2.05056E+01	7.99327E-01
9.00000E-01	2.07865E+01	7.91798E-01
9.00000E-01	2.10674E+01	7.84406E-01
9.00000E-01	2.13483E+01	7.77063E-01
9.00000E-01	2.16292E+01	7.69805E-01
9.00000E-01	2.19101E+01	7.62684E-01
9.00000E-01	2.21910E+01	7.55655E-01
9.00000E-01	2.24719E+01	7.48659E-01
9.00000E-01	2.27528E+01	7.41729E-01
9.00000E-01	2.30337E+01	7.34929E-01
9.00000E-01	2.33146E+01	7.28278E-01
9.00000E-01	2.35955E+01	7.21763E-01
9.00000E-01	2.38764E+01	7.15356E-01
9.00000E-01	2.41573E+01	7.08996E-01
9.00000E-01	2.44382E+01	7.02610E-01
9.00000E-01	2.47191E+01	6.96289E-01
9.00000E-01	2.50000E+01	6.90093E-01
1.00000E+00	0.00000E+00	1.08353E+00
1.00000E+00	2.80899E-01	1.38114E+00
1.00000E+00	5.61798E-01	1.59917E+00
1.00000E+00	8.42697E-01	1.67660E+00
1.00000E+00	1.12360E+00	1.69112E+00
1.00000E+00	1.40449E+00	1.69366E+00
1.00000E+00	1.68539E+00	1.69707E+00
1.00000E+00	1.96629E+00	1.70224E+00
1.00000E+00	2.24719E+00	1.70456E+00
1.00000E+00	2.52809E+00	1.71123E+00
1.00000E+00	2.80899E+00	1.71760E+00
1.00000E+00	3.08989E+00	1.70927E+00
1.00000E+00	3.37079E+00	1.69236E+00
1.00000E+00	3.65169E+00	1.67706E+00
1.00000E+00	3.93258E+00	1.65781E+00
1.00000E+00	4.21348E+00	1.62889E+00
1.00000E+00	4.49438E+00	1.59916E+00
1.00000E+00	4.77528E+00	1.57219E+00
1.00000E+00	5.05618E+00	1.54285E+00
1.00000E+00	5.33708E+00	1.51067E+00
1.00000E+00	5.61798E+00	1.48108E+00
1.00000E+00	5.89888E+00	1.45343E+00
1.00000E+00	6.17978E+00	1.42465E+00
1.00000E+00	6.46067E+00	1.39678E+00
1.00000E+00	6.74157E+00	1.37152E+00
1.00000E+00	7.02247E+00	1.34727E+00
1.00000E+00	7.30337E+00	1.32303E+00
1.00000E+00	7.58427E+00	1.30022E+00
1.00000E+00	7.86517E+00	1.27895E+00
1.00000E+00	8.14607E+00	1.25794E+00
1.00000E+00	8.42697E+00	1.23745E+00
1.00000E+00	8.70787E+00	1.21834E+00
1.00000E+00	8.98876E+00	1.20009E+00
1.00000E+00	9.26966E+00	1.18201E+00
1.00000E+00	9.55056E+00	1.16465E+00
1.00000E+00	9.83146E+00	1.14830E+00
1.00000E+00	1.01124E+01	1.13250E+00
1.00000E+00	1.03933E+01	1.11692E+00
1.00000E+00	1.06742E+01	1.10207E+00
1.00000E+00	1.09551E+01	1.08795E+00
1.00000E+00	1.12360E+01	1.07415E+00
1.00000E+00	1.15169E+01	1.06074E+00
1.00000E+00	1.17978E+01	1.04798E+00
1.00000E+00	1.20787E+01	1.03564E+00
1.00000E+00	1.23596E+01	1.02344E+00
1.00000E+00	1.26404E+01	1.01163E+00
1.00000E+00	1.29213E+01	1.00028E+00
1.00000E+00	1.32022E+01	9.89070E-01
1.00000E+00	1.34831E+01	9.77970E-01
1.00000E+00	1.37640E+01	9.67247E-01
1.00000E+00	1.40449E+01	9.56815E-01
1.00000E+00	1.43258E+01	9.46440E-01
1.00000E+00	1.46067E+01	9.36242E-01
1.00000E+00	1.48876E+01	9.26358E-01
1.00000E+00	1.51685E+01	9.16625E-01
1.00000E+00	1.54494E+01	9.06942E-01
1.00000E+00	1.57303E+01	8.97490E-01
1.00000E+00	1.60112E+01	8.88285E-01
1.00000E+00	1.62921E+01	8.79155E-01
1.00000E+00	1.65730E+01	8.70112E-01
1.00000E+00	1.68539E+01	8.61310E-01
1.00000E+00	1.71348E+01	8.52670E-01
1.00000E+00	1.74157E+01	8.44068E-01
1.00000E+00	1.76966E+01	8.35627E-01
1.00000E+00	1.79775E+01	8.27407E-01
1.00000E+00	1.82584E+01	8.19288E-01
1.00000E+00	1.85393E+01	8.11212E-01
1.00000E+00	1.88202E+01	8.03313E-01
1.00000E+00	1.91011E+01	7.95578E-01
1.00000E+00	1.93820E+01	7.87888E-01
1.00000E+00	1.96629E+01	7.80299E-01
1.00000E+00	1.99438E+01	7.72884E-01
1.00000E+00	2.02247E+01	7.65568E-01
1.00000E+00	2.05056E+01	7.58294E-01
1.00000E+00	2.07865E+01	7.51151E-01
1.00000E+00	2.10674E+01	7.44136E-01
1.00000E+00	2.13483E+01	7.37171E-01
1.00000E+00	2.16292E+01	7.30287E-01
1.00000E+00	2.19101E+01	7.23530E-01
1.00000E+00	2.21910E+01	7.16860E-01
1.00000E+00	2.24719E+01	7.10225E-01
1.00000E+00	2.27528E+01	7.03652E-01
1.00000E+00	2.30337E+01	6.97202E-01
1.00000E+00	2.33146E+01	6.90893E-01
1.00000E+00	2.35955E+01	6.84711E-01
1.00000E+00	2.38764E+01	6.78631E-01
1.00000E+00	2.41573E+01	6.72595E-01
1.00000E+00	2.44382E+01	6.66541E-01
1.00000E+00	2.47191E+01	6.60546E-01
1.00000E+00	2.50000E+01	6.54668E-01
1.50000E+00	0.00000E+00	1.07383E+00
1.50000E+00	2.80899E-01	1.21251E+00
1.50000E+00	5.61798E-01	1.35277E+00
1.50000E+00	8.42697E-01	1.39386E+00
1.50000E+00	1.12360E+00	1.40537E+00
1.50000E+00	1.40449E+00	1.41044E+00
1.50000E+00	1.68539E+00	1.41505E+00
1.50000E+00	1.96629E+00	1.41954E+00
1.50000E+00	2.24719E+00	1.42280E+00
1.50000E+00	2.52809E+00	1.42789E+00
1.50000E+00	2.80899E+00	1.43101E+00
1.50000E+00	3.08989E+00	1.42448E+00
1.50000E+00	3.37079E+00	1.41165E+00
1.50000E+00	3.65169E+00	1.39816E+00
1.50000E+00	3.93258E+00	1.38119E+00
1.50000E+00	4.21348E+00	1.35817E+00
1.50000E+00	4.49438E+00	1.33392E+00
1.50000E+00	4.77528E+00	1.31080E+00
1.50000E+00	5.05618E+00	1.28623E+00
1.50000E+00	5.33708E+00	1.26015E+00
1.50000E+00	5.61798E+00	1.23546E+00
1.50000E+00	5.89888E+00	1.21202E+00
1.50000E+00	6.17978E+00	1.18830E+00
1.50000E+00	6.46067E+00	1.16532E+00
1.50000E+00	6.74157E+00	1.14409E+00
1.50000E+00	7.02247E+00	1.12374E+00
1.50000E+00	7.30337E+00	1.10373E+00
1.50000E+00	7.58427E+00	1.08475E+00
1.50000E+00	7.86517E+00	1.06685E+00
1.50000E+00	8.14607E+00	1.04937E+00
1.50000E+00	8.42697E+00	1.03241E+00
1.50000E+00	8.70787E+00	1.01642E+00
1.50000E+00	8.98876E+00	1.00111E+00
1.50000E+00	9.26966E+00	9.86111E-01
1.50000E+00	9.55056E+00	9.71679E-01
1.50000E+00	9.83146E+00	9.57990E-01
1.50000E+00	1.01124E+01	9.44768E-01
1.50000E+00	1.03933E+01	9.31849E-01
1.50000E+00	1.06742E+01	9.19467E-01
1.50000E+00	1.09551E+01	9.07639E-01
1.50000E+00	1.12360E+01	8.96145E-01
1.50000E+00	1.15169E+01	8.84997E-01
1.50000E+00	1.17978E+01	8.74325E-01
1.50000E+00	1.20787E+01	8.63996E-01
1.50000E+00	1.23596E+01	8.53853E-01
1.50000E+00	1.26404E+01	8.44014E-01
1.50000E+00	1.29213E+01	8.34505E-01
1.50000E+00	1.32022E+01	8.25150E-01
1.50000E+00	1.34831E+01	8.15928E-01
1.50000E+00	1.37640E+01	8.06974E-01
1.50000E+00	1.40449E+01	7.98241E-01
1.50000E+00	1.43258E+01	7.89603E-01
1.50000E+00	1.46067E+01	7.81115E-01
1.50000E+00	1.48876E+01	7.72849E-01
1.50000E+00	1.51685E+01	7.64717E-01
1.50000E+00	1.54494E+01	7.56664E-01
1.50000E+00	1.57303E+01	7.48782E-01
1.50000E+00	1.60112E+01	7.41081E-01
1.50000E+00	1.62921E+01	7.33466E-01
1.50000E+00	1.65730E+01	7.25943E-01
1.50000E+00	1.68539E+01	7.18592E-01
1.50000E+00	1.71348E+01	7.11368E-01
1.50000E+00	1.74157E+01	7.04208E-01
1.50000E+00	1.76966E+01	6.97175E-01
1.50000E+00	1.79775E+01	6.90303E-01
1.50000E+00	1.82584E+01	6.83522E-01
1.50000E+00	1.85393E+01	6.76802E-01
1.50000E+00	1.88202E+01	6.70212E-01
1.50000E+00	1.91011E+01	6.63744E-01
1.50000E+00	1.93820E+01	6.57336E-01
1.50000E+00	1.96629E+01	6.51015E-01
1.50000E+00	1.99438E+01	6.44820E-01
1.50000E+00	2.02247E+01	6.38709E-01
1.50000E+00	2.05056E+01	6.32652E-01
1.50000E+00	2.07865E+01	6.26693E-01
1.50000E+00	2.10674E+01	6.20831E-01
1.50000E+00	2.13483E+01	6.15024E-01
1.50000E+00	2.16292E+01	6.09288E-01
1.50000E+00	2.19101E+01	6.03646E-01
1.50000E+00	2.21910E+01	5.98074E-01
1.50000E+00	2.24719E+01	5.92543E-01
1.50000E+00	2.27528E+01	5.87068E-01
1.50000E+00	2.30337E+01	5.81691E-01
1.50000E+00	2.33146E+01	5.76426E-01
1.50000E+00	2.35955E+01	5.71265E-01
1.50000E+00	2.38764E+01	5.66184E-01
1.50000E+00	2.41573E+01	5.61140E-01
1.50000E+00	2.44382E+01	5.56099E-01
1.50000E+00	2.47191E+01	5.51107E-01
1.50000E+00	2.50000E+01	5.46205E-01
2.00000E+00	0.00000E+00	1.06409E+00
2.00000E+00	2.80899E-01	1.14202E+00
2.00000E+00	5.61798E-01	1.22777E+00
2.00000E+00	8.42697E-01	1.26247E+00
2.00000E+00	1.12360E+00	1.26618E+00
2.00000E+00	1.40449E+00	1.26891E+00
2.00000E+00	1.68539E+00	1.27351E+00
2.00000E+00	1.96629E+00	1.27826E+00
2.00000E+00	2.24719E+00	1.28230E+00
2.00000E+00	2.52809E+00	1.28647E+00
2.00000E+00	2.80899E+00	1.28787E+00
2.00000E+00	3.08989E+00	1.28231E+00
2.00000E+00	3.37079E+00	1.27165E+00
2.00000E+00	3.65169E+00	1.25906E+00
2.00000E+00	3.93258E+00	1.24328E+00
2.00000E+00	4.21348E+00	1.22332E+00
2.00000E+00	4.49438E+00	1.20196E+00
2.00000E+00	4.77528E+00	1.18079E+00
2.00000E+00	5.05618E+00	1.15867E+00
2.00000E+00	5.33708E+00	1.13570E+00
2.00000E+00	5.61798E+00	1.11352E+00
2.00000E+00	5.89888E+00	1.09221E+00
2.00000E+00	6.17978E+00	1.07104E+00
2.00000E+00	6.46067E+00	1.05055E+00
2.00000E+00	6.74157E+00	1.03133E+00
2.00000E+00	7.02247E+00	1.01292E+00
2.00000E+00	7.30337E+00	9.95022E-01
2.00000E+00	7.58427E+00	9.77954E-01
2.00000E+00	7.86517E+00	9.61739E-01
2.00000E+00	8.14607E+00	9.46015E-01
2.00000E+00	8.42697E+00	9.30820E-01
2.00000E+00	8.70787E+00	9.16377E-01
2.00000E+00	8.98876E+00	9.02528E-01
2.00000E+00	9.26966E+00	8.89059E-01
2.00000E+00	9.55056E+00	8.76093E-01
2.00000E+00	9.83146E+00	8.63719E-01
2.00000E+00	1.01124E+01	8.51781E-01
2.00000E+00	1.03933E+01	8.40181E-01
2.00000E+00	1.06742E+01	8.29032E-01
2.00000E+00	1.09551E+01	8.18341E-01
2.00000E+00	1.12360E+01	8.07986E-01
2.00000E+00	1.15169E+01	7.97962E-01
2.00000E+00	1.17978E+01	7.88324E-01
2.00000E+00	1.20787E+01	7.78989E-01
2.00000E+00	1.23596E+01	7.69867E-01
2.00000E+00	1.26404E+01	7.61003E-01
2.00000E+00	1.29213E+01	7.52404E-01
2.00000E+00	1.32022E+01	7.43968E-01
2.00000E+00	1.34831E+01	7.35678E-01
2.00000E+00	1.37640E+01	7.27601E-01
2.00000E+00	1.40449E+01	7.19708E-01
2.00000E+00	1.43258E+01	7.11931E-01
2.00000E+00	1.46067E+01	7.04292E-01
2.00000E+00	1.48876E+01	6.96827E-01
2.00000E+00	1.51685E+01	6.89488E-01
2.00000E+00	1.54494E+01	6.82244E-01
2.00000E+00	1.57303E+01	6.75141E-01
2.00000E+00	1.60112E+01	6.68184E-01
2.00000E+00	1.62921E+01	6.61320E-01
2.00000E+00	1.65730E+01	6.54552E-01
2.00000E+00	1.68539E+01	6.47918E-01
2.00000E+00	1.71348E+01	6.41396E-01
2.00000E+00	1.74157E+01	6.34952E-01
2.00000E+00	1.76966E+01	6.28618E-01
2.00000E+00	1.79775E+01	6.22411E-01
2.00000E+00	1.82584E+01	6.16293E-01
2.00000E+00	1.85393E+01	6.10246E-01
2.00000E+00	1.88202E+01	6.04304E-01
2.00000E+00	1.91011E+01	5.98463E-01
2.00000E+00	1.93820E+01	5.92691E-01
2.00000E+00	1.96629E+01	5.86999E-01
2.00000E+00	1.99438E+01	5.81407E-01
2.00000E+00	2.02247E+01	5.75893E-01
2.00000E+00	2.05056E+01	5.70439E-01
2.00000E+00	2.07865E+01	5.65067E-01
2.00000E+00	2.10674E+01	5.59775E-01
2.00000E+00	2.13483E+01	5.54543E-01
2.00000E+00	2.16292E+01	5.49375E-01
2.00000E+00	2.19101E+01	5.44284E-01
2.00000E+00	2.21910E+01	5.39256E-01
2.00000E+00	2.24719E+01	5.34272E-01
2.00000E+00	2.27528E+01	5.29345E-01
2.00000E+00	2.30337E+01	5.24501E-01
2.00000E+00	2.33146E+01	5.19753E-01
2.00000E+00	2.35955E+01	5.15094E-01
2.00000E+00	2.38764E+01	5.10505E-01
2.00000E+00	2.41573E+01	5.05951E-01
2.00000E+00	2.44382E+01	5.01415E-01
2.00000E+00	2.47191E+01	4.96922E-01
2.00000E+00	2.50000E+01	4.92506E-01
2.50000E+00	0.00000E+00	1.05537E+00
2.50000E+00	2.80899E-01	1.10388E+00
2.50000E+00	5.61798E-01	1.15241E+00
2.50000E+00	8.42697E-01	1.18761E+00
2.50000E+00	1.12360E+00	1.19147E+00
2.50000E+00	1.40449E+00	1.19018E+00
2.50000E+00	1.68539E+00	1.19222E+00
2.50000E+00	1.96629E+00	1.19617E+00
2.50000E+00	2.24719E+00	1.20027E+00
2.50000E+00	2.52809E+00	1.20377E+00
2.50000E+00	2.80899E+00	1.20425E+00
2.50000E+00	3.08989E+00	1.19931E+00
2.50000E+00	3.37079E+00	1.18997E+00
2.50000E+00	3.65169E+00	1.17802E+00
2.50000E+00	3.93258E+00	1.16310E+00
2.50000E+00	4.21348E+00	1.14499E+00
2.50000E+00	4.49438E+00	1.12543E+00
2.50000E+00	4.77528E+00	1.10552E+00
2.50000E+00	5.05618E+00	1.08491E+00
2.50000E+00	5.33708E+00	1.06380E+00
2.50000E+00	5.61798E+00	1.04316E+00
2.50000E+00	5.89888E+00	1.02314E+00
2.50000E+00	6.17978E+00	1.00348E+00
2.50000E+00	6.46067E+00	9.84468E-01
2.50000E+00	6.74157E+00	9.66437E-01
2.50000E+00	7.02247E+00	9.49174E-01
2.50000E+00	7.30337E+00	9.32497E-01
2.50000E+00	7.58427E+00	9.16544E-01
2.50000E+00	7.86517E+00	9.01313E-01
2.50000E+00	8.14607E+00	8.86609E-01
2.50000E+00	8.42697E+00	8.72435E-01
2.50000E+00	8.70787E+00	8.58894E-01
2.50000E+00	8.98876E+00	8.45893E-01
2.50000E+00	9.26966E+00	8.33309E-01
2.50000E+00	9.55056E+00	8.21191E-01
2.50000E+00	9.83146E+00	8.09580E-01
2.50000E+00	1.01124E+01	7.98384E-01
2.50000E+00	1.03933E+01	7.87545E-01
2.50000E+00	1.06742E+01	7.77109E-01
2.50000E+00	1.09551E+01	7.67076E-01
2.50000E+00	1.12360E+01	7.57377E-01
2.50000E+00	1.15169E+01	7.47998E-01
2.50000E+00	1.17978E+01	7.38955E-01
2.50000E+00	1.20787E+01	7.30192E-01
2.50000E+00	1.23596E+01	7.21653E-01
2.50000E+00	1.26404E+01	7.13350E-01
2.50000E+00	1.29213E+01	7.05274E-01
2.50000E+00	1.32022E+01	6.97366E-01
2.50000E+00	1.34831E+01	6.89611E-01
2.50000E+00	1.37640E+01	6.82038E-01
2.50000E+00	1.40449E+01	6.74630E-01
2.50000E+00	1.43258E+01	6.67346E-01
2.50000E+00	1.46067E+01	6.60195E-01
2.50000E+00	1.48876E+01	6.53191E-01
2.50000E+00	1.51685E+01	6.46308E-01
2.50000E+00	1.54494E+01	6.39528E-01
2.50000E+00	1.57303E+01	6.32874E-01
2.50000E+00	1.60112E+01	6.26344E-01
2.50000E+00	1.62921E+01	6.19912E-01
2.50000E+00	1.65730E+01	6.13577E-01
2.50000E+00	1.68539E+01	6.07356E-01
2.50000E+00	1.71348E+01	6.01238E-01
2.50000E+00	1.74157E+01	5.95205E-01
2.50000E+00	1.76966E+01	5.89273E-01
2.50000E+00	1.79775E+01	5.83449E-01
2.50000E+00	1.82584E+01	5.77712E-01
2.50000E+00	1.85393E+01	5.72051E-01
2.50000E+00	1.88202E+01	5.66482E-01
2.50000E+00	1.91011E+01	5.61002E-01
2.50000E+00	1.93820E+01	5.55594E-01
2.50000E+00	1.96629E+01	5.50263E-01
2.50000E+00	1.99438E+01	5.45018E-01
2.50000E+00	2.02247E+01	5.39847E-01
2.50000E+00	2.05056E+01	5.34739E-01
2.50000E+00	2.07865E+01	5.29704E-01
2.50000E+00	2.10674E+01	5.24740E-01
2.50000E+00	2.13483E+01	5.19837E-01
2.50000E+00	2.16292E+01	5.14996E-01
2.50000E+00	2.19101E+01	5.10221E-01
2.50000E+00	2.21910E+01	5.05505E-01
2.50000E+00	2.24719E+01	5.00837E-01
2.50000E+00	2.27528E+01	4.96225E-01
2.50000E+00	2.30337E+01	4.91689E-01
2.50000E+00	2.33146E+01	4.87237E-01
2.50000E+00	2.35955E+01	4.82865E-01
2.50000E+00	2.38764E+01	4.78555E-01
2.50000E+00	2.41573E+01	4.74283E-01
2.50000E+00	2.44382E+01	4.70037E-01
2.50000E+00	2.47191E+01	4.65835E-01
2.50000E+00	2.50000E+01	4.61699E-01
3.00000E+00	0.00000E+00	1.04788E+00
3.00000E+00	2.80899E-01	1.07986E+00
3.00000E+00	5.61798E-01	1.10716E+00
3.00000E+00	8.42697E-01	1.13678E+00
3.00000E+00	1.12360E+00	1.14614E+00
3.00000E+00	1.40449E+00	1.14422E+00
3.00000E+00	1.68539E+00	1.14318E+00
3.00000E+00	1.96629E+00	1.14488E+00
3.00000E+00	2.24719E+00	1.14783E+00
3.00000E+00	2.52809E+00	1.15032E+00
3.00000E+00	2.80899E+00	1.15011E+00
3.00000E+00	3.08989E+00	1.14554E+00
3.00000E+00	3.37079E+00	1.13705E+00
3.00000E+00	3.65169E+00	1.12569E+00
3.00000E+00	3.93258E+00	1.11150E+00
3.00000E+00	4.21348E+00	1.09468E+00
3.00000E+00	4.49438E+00	1.07638E+00
3.00000E+00	4.77528E+00	1.05744E+00
3.00000E+00	5.05618E+00	1.03790E+00
3.00000E+00	5.33708E+00	1.01803E+00
3.00000E+00	5.61798E+00	9.98449E-01
3.00000E+00	5.89888E+00	9.79356E-01
3.00000E+00	6.17978E+00	9.60690E-01
3.00000E+00	6.46067E+00	9.42646E-01
3.00000E+00	6.74157E+00	9.25418E-01
3.00000E+00	7.02247E+00	9.08910E-01
3.00000E+00	7.30337E+00	8.93014E-01
3.00000E+00	7.58427E+00	8.77782E-01
3.00000E+00	7.86517E+00	8.63196E-01
3.00000E+00	8.14607E+00	8.49148E-01
3.00000E+00	8.42697E+00	8.35625E-01
3.00000E+00	8.70787E+00	8.22665E-01
3.00000E+00	8.98876E+00	8.10212E-01
3.00000E+00	9.26966E+00	7.98189E-01
3.00000E+00	9.55056E+00	7.86611E-01
3.00000E+00	9.83146E+00	7.75490E-01
3.00000E+00	1.01124E+01	7.64770E-01
3.00000E+00	1.03933E+01	7.54411E-01
3.00000E+00	1.06742E+01	7.44429E-01
3.00000E+00	1.09551E+01	7.34817E-01
3.00000E+00	1.12360E+01	7.25533E-01
3.00000E+00	1.15169E+01	7.16559E-01
3.00000E+00	1.17978E+01	7.07892E-01
3.00000E+00	1.20787E+01	6.99492E-01
3.00000E+00	1.23596E+01	6.91318E-01
3.00000E+00	1.26404E+01	6.83367E-01
3.00000E+00	1.29213E+01	6.75622E-01
3.00000E+00	1.32022E+01	6.68047E-01
3.00000E+00	1.34831E+01	6.60628E-01
3.00000E+00	1.37640E+01	6.53373E-01
3.00000E+00	1.40449E+01	6.46272E-01
3.00000E+00	1.43258E+01	6.39299E-01
3.00000E+00	1.46067E+01	6.32454E-01
3.00000E+00	1.48876E+01	6.25742E-01
3.00000E+00	1.51685E+01	6.19148E-01
3.00000E+00	1.54494E+01	6.12660E-01
3.00000E+00	1.57303E+01	6.06288E-01
3.00000E+00	1.60112E+01	6.00030E-01
3.00000E+00	1.62921E+01	5.93870E-01
3.00000E+00	1.65730E+01	5.87807E-01
3.00000E+00	1.68539E+01	5.81848E-01
3.00000E+00	1.71348E+01	5.75985E-01
3.00000E+00	1.74157E+01	5.70211E-01
3.00000E+00	1.76966E+01	5.64531E-01
3.00000E+00	1.79775E+01	5.58949E-01
3.00000E+00	1.82584E+01	5.53452E-01
3.00000E+00	1.85393E+01	5.48033E-01
3.00000E+00	1.88202E+01	5.42699E-01
3.00000E+00	1.91011E+01	5.37447E-01
3.00000E+00	1.93820E+01	5.32269E-01
3.00000E+00	1.96629E+01	5.27165E-01
3.00000E+00	1.99438E+01	5.22139E-01
3.00000E+00	2.02247E+01	5.17183E-01
3.00000E+00	2.05056E+01	5.12293E-01
3.00000E+00	2.07865E+01	5.07470E-01
3.00000E+00	2.10674E+01	5.02714E-01
3.00000E+00	2.13483E+01	4.98017E-01
3.00000E+00	2.16292E+01	4.93381E-01
3.00000E+00	2.19101E+01	4.88806E-01
3.00000E+00	2.21910E+01	4.84287E-01
3.00000E+00	2.24719E+01	4.79818E-01
3.00000E+00	2.27528E+01	4.75406E-01
3.00000E+00	2.30337E+01	4.71064E-01
3.00000E+00	2.33146E+01	4.66799E-01
3.00000E+00	2.35955E+01	4.62606E-01
3.00000E+00	2.38764E+01	4.58471E-01
3.00000E+00	2.41573E+01	4.54375E-01
3.00000E+00	2.44382E+01	4.50313E-01
3.00000E+00	2.47191E+01	4.46294E-01
3.00000E+00	2.50000E+01	4.42337E-01
3.50000E+00	0.00000E+00	1.04159E+00
3.50000E+00	2.80899E-01	1.06358E+00
3.50000E+00	5.61798E-01	1.08046E+00
3.50000E+00	8.42697E-01	1.10054E+00
3.50000E+00	1.12360E+00	1.11408E+00
3.50000E+00	1.40449E+00	1.11512E+00
3.50000E+00	1.68539E+00	1.11276E+00
3.50000E+00	1.96629E+00	1.11195E+00
3.50000E+00	2.24719E+00	1.11278E+00
3.50000E+00	2.52809E+00	1.11366E+00
3.50000E+00	2.80899E+00	1.11252E+00
3.50000E+00	3.08989E+00	1.10795E+00
3.50000E+00	3.37079E+00	1.09997E+00
3.50000E+00	3.65169E+00	1.08911E+00
3.50000E+00	3.93258E+00	1.07560E+00
3.50000E+00	4.21348E+00	1.05976E+00
3.50000E+00	4.49438E+00	1.04245E+00
3.50000E+00	4.77528E+00	1.02434E+00
3.50000E+00	5.05618E+00	1.00566E+00
3.50000E+00	5.33708E+00	9.86713E-01
3.50000E+00	5.61798E+00	9.67949E-01
3.50000E+00	5.89888E+00	9.49575E-01
3.50000E+00	6.17978E+00	9.31642E-01
3.50000E+00	6.46067E+00	9.14295E-01
3.50000E+00	6.74157E+00	8.97659E-01
3.50000E+00	7.02247E+00	8.81697E-01
3.50000E+00	7.30337E+00	8.66348E-01
3.50000E+00	7.58427E+00	8.51621E-01
3.50000E+00	7.86517E+00	8.37495E-01
3.50000E+00	8.14607E+00	8.23903E-01
3.50000E+00	8.42697E+00	8.10827E-01
3.50000E+00	8.70787E+00	7.98274E-01
3.50000E+00	8.98876E+00	7.86203E-01
3.50000E+00	9.26966E+00	7.74565E-01
3.50000E+00	9.55056E+00	7.63357E-01
3.50000E+00	9.83146E+00	7.52575E-01
3.50000E+00	1.01124E+01	7.42182E-01
3.50000E+00	1.03933E+01	7.32150E-01
3.50000E+00	1.06742E+01	7.22477E-01
3.50000E+00	1.09551E+01	7.13154E-01
3.50000E+00	1.12360E+01	7.04152E-01
3.50000E+00	1.15169E+01	6.95451E-01
3.50000E+00	1.17978E+01	6.87039E-01
3.50000E+00	1.20787E+01	6.78884E-01
3.50000E+00	1.23596E+01	6.70955E-01
3.50000E+00	1.26404E+01	6.63239E-01
3.50000E+00	1.29213E+01	6.55719E-01
3.50000E+00	1.32022E+01	6.48369E-01
3.50000E+00	1.34831E+01	6.41174E-01
3.50000E+00	1.37640E+01	6.34135E-01
3.50000E+00	1.40449E+01	6.27241E-01
3.50000E+00	1.43258E+01	6.20477E-01
3.50000E+00	1.46067E+01	6.13838E-01
3.50000E+00	1.48876E+01	6.07324E-01
3.50000E+00	1.51685E+01	6.00925E-01
3.50000E+00	1.54494E+01	5.94633E-01
3.50000E+00	1.57303E+01	5.88451E-01
3.50000E+00	1.60112E+01	5.82377E-01
3.50000E+00	1.62921E+01	5.76401E-01
3.50000E+00	1.65730E+01	5.70520E-01
3.50000E+00	1.68539E+01	5.64738E-01
3.50000E+00	1.71348E+01	5.59048E-01
3.50000E+00	1.74157E+01	5.53448E-01
3.50000E+00	1.76966E+01	5.47938E-01
3.50000E+00	1.79775E+01	5.42519E-01
3.50000E+00	1.82584E+01	5.37184E-01
3.50000E+00	1.85393E+01	5.31928E-01
3.50000E+00	1.88202E+01	5.26752E-01
3.50000E+00	1.91011E+01	5.21654E-01
3.50000E+00	1.93820E+01	5.16629E-01
3.50000E+00	1.96629E+01	5.11677E-01
3.50000E+00	1.99438E+01	5.06799E-01
3.50000E+00	2.02247E+01	5.01989E-01
3.50000E+00	2.05056E+01	4.97244E-01
3.50000E+00	2.07865E+01	4.92564E-01
3.50000E+00	2.10674E+01	4.87947E-01
3.50000E+00	2.13483E+01	4.83389E-01
3.50000E+00	2.16292E+01	4.78890E-01
3.50000E+00	2.19101E+01	4.74450E-01
3.50000E+00	2.21910E+01	4.70064E-01
3.50000E+00	2.24719E+01	4.65730E-01
3.50000E+00	2.27528E+01	4.61453E-01
3.50000E+00	2.30337E+01	4.57241E-01
3.50000E+00	2.33146E+01	4.53101E-01
3.50000E+00	2.35955E+01	4.49027E-01
3.50000E+00	2.38764E+01	4.45009E-01
3.50000E+00	2.41573E+01	4.41032E-01
3.50000E+00	2.44382E+01	4.37093E-01
3.50000E+00	2.47191E+01	4.33199E-01
3.50000E+00	2.50000E+01	4.29362E-01
4.00000E+00	0.00000E+00	1.03636E+00
4.00000E+00	2.80899E-01	1.05198E+00
4.00000E+00	5.61798E-01	1.06335E+00
4.00000E+00	8.42697E-01	1.07506E+00
4.00000E+00	1.12360E+00	1.08917E+00
4.00000E+00	1.40449E+00	1.09414E+00
4.00000E+00	1.68539E+00	1.09274E+00
4.00000E+00	1.96629E+00	1.09037E+00
4.00000E+00	2.24719E+00	1.08894E+00
4.00000E+00	2.52809E+00	1.08779E+00
4.00000E+00	2.80899E+00	1.08533E+00
4.00000E+00	3.08989E+00	1.08032E+00
4.00000E+00	3.37079E+00	1.07246E+00
4.00000E+00	3.65169E+00	1.06195E+00
4.00000E+00	3.93258E+00	1.04900E+00
4.00000E+00	4.21348E+00	1.03396E+00
4.00000E+00	4.49438E+00	1.01748E+00
4.00000E+00	4.77528E+00	1.00011E+00
4.00000E+00	5.05618E+00	9.82174E-01
4.00000E+00	5.33708E+00	9.63989E-01
4.00000E+00	5.61798E+00	9.45906E-01
4.00000E+00	5.89888E+00	9.28141E-01
4.00000E+00	6.17978E+00	9.10797E-01
4.00000E+00	6.46067E+00	8.93996E-01
4.00000E+00	6.74157E+00	8.77833E-01
4.00000E+00	7.02247E+00	8.62300E-01
4.00000E+00	7.30337E+00	8.47365E-01
4.00000E+00	7.58427E+00	8.33021E-01
4.00000E+00	7.86517E+00	8.19246E-01
4.00000E+00	8.14607E+00	8.05995E-01
4.00000E+00	8.42697E+00	7.93248E-01
4.00000E+00	8.70787E+00	7.80998E-01
4.00000E+00	8.98876E+00	7.69211E-01
4.00000E+00	9.26966E+00	7.57855E-01
4.00000E+00	9.55056E+00	7.46916E-01
4.00000E+00	9.83146E+00	7.36383E-01
4.00000E+00	1.01124E+01	7.26230E-01
4.00000E+00	1.03933E+01	7.16434E-01
4.00000E+00	1.06742E+01	7.06985E-01
4.00000E+00	1.09551E+01	6.97872E-01
4.00000E+00	1.12360E+01	6.89072E-01
4.00000E+00	1.15169E+01	6.80566E-01
4.00000E+00	1.17978E+01	6.72336E-01
4.00000E+00	1.20787E+01	6.64355E-01
4.00000E+00	1.23596E+01	6.56599E-01
4.00000E+00	1.26404E+01	6.49050E-01
4.00000E+00	1.29213E+01	6.41690E-01
4.00000E+00	1.32022E+01	6.34499E-01
4.00000E+00	1.34831E+01	6.27463E-01
4.00000E+00	1.37640E+01	6.20577E-01
4.00000E+00	1.40449E+01	6.13831E-01
4.00000E+00	1.43258E+01	6.07215E-01
4.00000E+00	1.46067E+01	6.00722E-01
4.00000E+00	1.48876E+01	5.94349E-01
4.00000E+00	1.51685E+01	5.88089E-01
4.00000E+00	1.54494E+01	5.81935E-01
4.00000E+00	1.57303E+01	5.75889E-01
4.00000E+00	1.60112E+01	5.69945E-01
4.00000E+00	1.62921E+01	5.64099E-01
4.00000E+00	1.65730E+01	5.58348E-01
4.00000E+00	1.68539E+01	5.52691E-01
4.00000E+00	1.71348E+01	5.47125E-01
4.00000E+00	1.74157E+01	5.41647E-01
4.00000E+00	1.76966E+01	5.36257E-01
4.00000E+00	1.79775E+01	5.30955E-01
4.00000E+00	1.82584E+01	5.25734E-01
4.00000E+00	1.85393E+01	5.20592E-01
4.00000E+00	1.88202E+01	5.15528E-01
4.00000E+00	1.91011E+01	5.10540E-01
4.00000E+00	1.93820E+01	5.05624E-01
4.00000E+00	1.96629E+01	5.00779E-01
4.00000E+00	1.99438E+01	4.96005E-01
4.00000E+00	2.02247E+01	4.91298E-01
4.00000E+00	2.05056E+01	4.86655E-01
4.00000E+00	2.07865E+01	4.82076E-01
4.00000E+00	2.10674E+01	4.77558E-01
4.00000E+00	2.13483E+01	4.73098E-01
4.00000E+00	2.16292E+01	4.68696E-01
4.00000E+00	2.19101E+01	4.64350E-01
4.00000E+00	2.21910E+01	4.60059E-01
4.00000E+00	2.24719E+01	4.55821E-01
4.00000E+00	2.27528E+01	4.51639E-01
4.00000E+00	2.30337E+01	4.47520E-01
4.00000E+00	2.33146E+01	4.43468E-01
4.00000E+00	2.35955E+01	4.39478E-01
4.00000E+00	2.38764E+01	4.35542E-01
4.00000E+00	2.41573E+01	4.31649E-01
4.00000E+00	2.44382E+01	4.27798E-01
4.00000E+00	2.47191E+01	4.23991E-01
4.00000E+00	2.50000E+01	4.20240E-01
5.00000E+00	0.00000E+00	1.02839E+00
5.00000E+00	2.80899E-01	1.03690E+00
5.00000E+00	5.61798E-01	1.04275E+00
5.00000E+00	8.42697E-01	1.04599E+00
5.00000E+00	1.12360E+00	1.05402E+00
5.00000E+00	1.40449E+00	1.06263E+00
5.00000E+00	1.68539E+00	1.06583E+00
5.00000E+00	1.96629E+00	1.06429E+00
5.00000E+00	2.24719E+00	1.06051E+00
5.00000E+00	2.52809E+00	1.05584E+00
5.00000E+00	2.80899E+00	1.05028E+00
5.00000E+00	3.08989E+00	1.04334E+00
5.00000E+00	3.37079E+00	1.03467E+00
5.00000E+00	3.65169E+00	1.02413E+00
5.00000E+00	3.93258E+00	1.01177E+00
5.00000E+00	4.21348E+00	9.97792E-01
5.00000E+00	4.49438E+00	9.82562E-01
5.00000E+00	4.77528E+00	9.66459E-01
5.00000E+00	5.05618E+00	9.49800E-01
5.00000E+00	5.33708E+00	9.32875E-01
5.00000E+00	5.61798E+00	9.15953E-01
5.00000E+00	5.89888E+00	8.99236E-01
5.00000E+00	6.17978E+00	8.82862E-01
5.00000E+00	6.46067E+00	8.66941E-01
5.00000E+00	6.74157E+00	8.51544E-01
5.00000E+00	7.02247E+00	8.36696E-01
5.00000E+00	7.30337E+00	8.22393E-01
5.00000E+00	7.58427E+00	8.08628E-01
5.00000E+00	7.86517E+00	7.95382E-01
5.00000E+00	8.14607E+00	7.82632E-01
5.00000E+00	8.42697E+00	7.70359E-01
5.00000E+00	8.70787E+00	7.58546E-01
5.00000E+00	8.98876E+00	7.47170E-01
5.00000E+00	9.26966E+00	7.36209E-01
5.00000E+00	9.55056E+00	7.25645E-01
5.00000E+00	9.83146E+00	7.15464E-01
5.00000E+00	1.01124E+01	7.05645E-01
5.00000E+00	1.03933E+01	6.96171E-01
5.00000E+00	1.06742E+01	6.87028E-01
5.00000E+00	1.09551E+01	6.78201E-01
5.00000E+00	1.12360E+01	6.69672E-01
5.00000E+00	1.15169E+01	6.61423E-01
5.00000E+00	1.17978E+01	6.53436E-01
5.00000E+00	1.20787E+01	6.45687E-01
5.00000E+00	1.23596E+01	6.38155E-01
5.00000E+00	1.26404E+01	6.30824E-01
5.00000E+00	1.29213E+01	6.23674E-01
5.00000E+00	1.32022E+01	6.16690E-01
5.00000E+00	1.34831E+01	6.09860E-01
5.00000E+00	1.37640E+01	6.03174E-01
5.00000E+00	1.40449E+01	5.96624E-01
5.00000E+00	1.43258E+01	5.90200E-01
5.00000E+00	1.46067E+01	5.83897E-01
5.00000E+00	1.48876E+01	5.77710E-01
5.00000E+00	1.51685E+01	5.71631E-01
5.00000E+00	1.54494E+01	5.65659E-01
5.00000E+00	1.57303E+01	5.59788E-01
5.00000E+00	1.60112E+01	5.54017E-01
5.00000E+00	1.62921E+01	5.48341E-01
5.00000E+00	1.65730E+01	5.42757E-01
5.00000E+00	1.68539E+01	5.37264E-01
5.00000E+00	1.71348E+01	5.31859E-01
5.00000E+00	1.74157E+01	5.26541E-01
5.00000E+00	1.76966E+01	5.21307E-01
5.00000E+00	1.79775E+01	5.16156E-01
5.00000E+00	1.82584E+01	5.11084E-01
5.00000E+00	1.85393E+01	5.06090E-01
5.00000E+00	1.88202E+01	5.01171E-01
5.00000E+00	1.91011E+01	4.96324E-01
5.00000E+00	1.93820E+01	4.91549E-01
5.00000E+00	1.96629E+01	4.86842E-01
5.00000E+00	1.99438E+01	4.82204E-01
5.00000E+00	2.02247E+01	4.77630E-01
5.00000E+00	2.05056E+01	4.73119E-01
5.00000E+00	2.07865E+01	4.68669E-01
5.00000E+00	2.10674E+01	4.64278E-01
5.00000E+00	2.13483E+01	4.59945E-01
5.00000E+00	2.16292E+01	4.55668E-01
5.00000E+00	2.19101E+01	4.51446E-01
5.00000E+00	2.21910E+01	4.47278E-01
5.00000E+00	2.24719E+01	4.43163E-01
5.00000E+00	2.27528E+01	4.39105E-01
5.00000E+00	2.30337E+01	4.35106E-01
5.00000E+00	2.33146E+01	4.31166E-01
5.00000E+00	2.35955E+01	4.27284E-01
5.00000E+00	2.38764E+01	4.23453E-01
5.00000E+00	2.41573E+01	4.19670E-01
5.00000E+00	2.44382E+01	4.15930E-01
5.00000E+00	2.47191E+01	4.12238E-01
5.00000E+00	2.50000E+01	4.08597E-01
6.00000E+00	0.00000E+00	1.02275E+00
6.00000E+00	2.80899E-01	1.02769E+00
6.00000E+00	5.61798E-01	1.03091E+00
6.00000E+00	8.42697E-01	1.03185E+00
6.00000E+00	1.12360E+00	1.03335E+00
6.00000E+00	1.40449E+00	1.03951E+00
6.00000E+00	1.68539E+00	1.04484E+00
6.00000E+00	1.96629E+00	1.04612E+00
6.00000E+00	2.24719E+00	1.04331E+00
6.00000E+00	2.52809E+00	1.03763E+00
6.00000E+00	2.80899E+00	1.03011E+00
6.00000E+00	3.08989E+00	1.02120E+00
6.00000E+00	3.37079E+00	1.01106E+00
6.00000E+00	3.65169E+00	9.99688E-01
6.00000E+00	3.93258E+00	9.87124E-01
6.00000E+00	4.21348E+00	9.73465E-01
6.00000E+00	4.49438E+00	9.58899E-01
6.00000E+00	4.77528E+00	9.43653E-01
6.00000E+00	5.05618E+00	9.27954E-01
6.00000E+00	5.33708E+00	9.12024E-01
6.00000E+00	5.61798E+00	8.96067E-01
6.00000E+00	5.89888E+00	8.80251E-01
6.00000E+00	6.17978E+00	8.64707E-01
6.00000E+00	6.46067E+00	8.49534E-01
6.00000E+00	6.74157E+00	8.34798E-01
6.00000E+00	7.02247E+00	8.20534E-01
6.00000E+00	7.30337E+00	8.06755E-01
6.00000E+00	7.58427E+00	7.93460E-01
6.00000E+00	7.86517E+00	7.80640E-01
6.00000E+00	8.14607E+00	7.68281E-01
6.00000E+00	8.42697E+00	7.56368E-01
6.00000E+00	8.70787E+00	7.44886E-01
6.00000E+00	8.98876E+00	7.33817E-01
6.00000E+00	9.26966E+00	7.23143E-01
6.00000E+00	9.55056E+00	7.12848E-01
6.00000E+00	9.83146E+00	7.02917E-01
6.00000E+00	1.01124E+01	6.93332E-01
6.00000E+00	1.03933E+01	6.84080E-01
6.00000E+00	1.06742E+01	6.75143E-01
6.00000E+00	1.09551E+01	6.66509E-01
6.00000E+00	1.12360E+01	6.58160E-01
6.00000E+00	1.15169E+01	6.50078E-01
6.00000E+00	1.17978E+01	6.42246E-01
6.00000E+00	1.20787E+01	6.34644E-01
6.00000E+00	1.23596E+01	6.27254E-01
6.00000E+00	1.26404E+01	6.20058E-01
6.00000E+00	1.29213E+01	6.13039E-01
6.00000E+00	1.32022E+01	6.06184E-01
6.00000E+00	1.34831E+01	5.99481E-01
6.00000E+00	1.37640E+01	5.92919E-01
6.00000E+00	1.40449E+01	5.86489E-01
6.00000E+00	1.43258E+01	5.80185E-01
6.00000E+00	1.46067E+01	5.73998E-01
6.00000E+00	1.48876E+01	5.67925E-01
6.00000E+00	1.51685E+01	5.61960E-01
6.00000E+00	1.54494E+01	5.56098E-01
6.00000E+00	1.57303E+01	5.50336E-01
6.00000E+00	1.60112E+01	5.44670E-01
6.00000E+00	1.62921E+01	5.39098E-01
6.00000E+00	1.65730E+01	5.33618E-01
6.00000E+00	1.68539E+01	5.28225E-01
6.00000E+00	1.71348E+01	5.22919E-01
6.00000E+00	1.74157E+01	5.17697E-01
6.00000E+00	1.76966E+01	5.12558E-01
6.00000E+00	1.79775E+01	5.07499E-01
6.00000E+00	1.82584E+01	5.02518E-01
6.00000E+00	1.85393E+01	4.97612E-01
6.00000E+00	1.88202E+01	4.92780E-01
6.00000E+00	1.91011E+01	4.88020E-01
6.00000E+00	1.93820E+01	4.83329E-01
6.00000E+00	1.96629E+01	4.78705E-01
6.00000E+00	1.99438E+01	4.74147E-01
6.00000E+00	2.02247E+01	4.69653E-01
6.00000E+00	2.05056E+01	4.65220E-01
6.00000E+00	2.07865E+01	4.60848E-01
6.00000E+00	2.10674E+01	4.56534E-01
6.00000E+00	2.13483E+01	4.52276E-01
6.00000E+00	2.16292E+01	4.48074E-01
6.00000E+00	2.19101E+01	4.43926E-01
6.00000E+00	2.21910E+01	4.39833E-01
6.00000E+00	2.24719E+01	4.35793E-01
6.00000E+00	2.27528E+01	4.31808E-01
6.00000E+00	2.30337E+01	4.27879E-01
6.00000E+00	2.33146E+01	4.24007E-01
6.00000E+00	2.35955E+01	4.20189E-01
6.00000E+00	2.38764E+01	4.16422E-01
6.00000E+00	2.41573E+01	4.12703E-01
6.00000E+00	2.44382E+01	4.09031E-01
6.00000E+00	2.47191E+01	4.05406E-01
6.00000E+00	2.50000E+01	4.01831E-01
7.00000E+00	0.00000E+00	1.01851E+00
7.00000E+00	2.80899E-01	1.02143E+00
7.00000E+00	5.61798E-01	1.02312E+00
7.00000E+00	8.42697E-01	1.02306E+00
7.00000E+00	1.12360E+00	1.02201E+00
7.00000E+00	1.40449E+00	1.02335E+00
7.00000E+00	1.68539E+00	1.02733E+00
7.00000E+00	1.96629E+00	1.02982E+00
7.00000E+00	2.24719E+00	1.02883E+00
7.00000E+00	2.52809E+00	1.02420E+00
7.00000E+00	2.80899E+00	1.01663E+00
7.00000E+00	3.08989E+00	1.00697E+00
7.00000E+00	3.37079E+00	9.95817E-01
7.00000E+00	3.65169E+00	9.83566E-01
7.00000E+00	3.93258E+00	9.70436E-01
7.00000E+00	4.21348E+00	9.56583E-01
7.00000E+00	4.49438E+00	9.42155E-01
7.00000E+00	4.77528E+00	9.27302E-01
7.00000E+00	5.05618E+00	9.12175E-01
7.00000E+00	5.33708E+00	8.96924E-01
7.00000E+00	5.61798E+00	8.81690E-01
7.00000E+00	5.89888E+00	8.66597E-01
7.00000E+00	6.17978E+00	8.51747E-01
7.00000E+00	6.46067E+00	8.37220E-01
7.00000E+00	6.74157E+00	8.23072E-01
7.00000E+00	7.02247E+00	8.09337E-01
7.00000E+00	7.30337E+00	7.96033E-01
7.00000E+00	7.58427E+00	7.83164E-01
7.00000E+00	7.86517E+00	7.70729E-01
7.00000E+00	8.14607E+00	7.58719E-01
7.00000E+00	8.42697E+00	7.47123E-01
7.00000E+00	8.70787E+00	7.35929E-01
7.00000E+00	8.98876E+00	7.25123E-01
7.00000E+00	9.26966E+00	7.14692E-01
7.00000E+00	9.55056E+00	7.04620E-01
7.00000E+00	9.83146E+00	6.94893E-01
7.00000E+00	1.01124E+01	6.85498E-01
7.00000E+00	1.03933E+01	6.76419E-01
7.00000E+00	1.06742E+01	6.67644E-01
7.00000E+00	1.09551E+01	6.59157E-01
7.00000E+00	1.12360E+01	6.50942E-01
7.00000E+00	1.15169E+01	6.42984E-01
7.00000E+00	1.17978E+01	6.35265E-01
7.00000E+00	1.20787E+01	6.27769E-01
7.00000E+00	1.23596E+01	6.20478E-01
7.00000E+00	1.26404E+01	6.13375E-01
7.00000E+00	1.29213E+01	6.06448E-01
7.00000E+00	1.32022E+01	5.99681E-01
7.00000E+00	1.34831E+01	5.93063E-01
7.00000E+00	1.37640E+01	5.86585E-01
7.00000E+00	1.40449E+01	5.80237E-01
7.00000E+00	1.43258E+01	5.74013E-01
7.00000E+00	1.46067E+01	5.67905E-01
7.00000E+00	1.48876E+01	5.61909E-01
7.00000E+00	1.51685E+01	5.56019E-01
7.00000E+00	1.54494E+01	5.50231E-01
7.00000E+00	1.57303E+01	5.44541E-01
7.00000E+00	1.60112E+01	5.38947E-01
7.00000E+00	1.62921E+01	5.33444E-01
7.00000E+00	1.65730E+01	5.28031E-01
7.00000E+00	1.68539E+01	5.22705E-01
7.00000E+00	1.71348E+01	5.17464E-01
7.00000E+00	1.74157E+01	5.12306E-01
7.00000E+00	1.76966E+01	5.07228E-01
7.00000E+00	1.79775E+01	5.02229E-01
7.00000E+00	1.82584E+01	4.97307E-01
7.00000E+00	1.85393E+01	4.92459E-01
7.00000E+00	1.88202E+01	4.87683E-01
7.00000E+00	1.91011E+01	4.82978E-01
7.00000E+00	1.93820E+01	4.78340E-01
7.00000E+00	1.96629E+01	4.73769E-01
7.00000E+00	1.99438E+01	4.69263E-01
7.00000E+00	2.02247E+01	4.64820E-01
7.00000E+00	2.05056E+01	4.60437E-01
7.00000E+00	2.07865E+01	4.56114E-01
7.00000E+00	2.10674E+01	4.51848E-01
7.00000E+00	2.13483E+01	4.47639E-01
7.00000E+00	2.16292E+01	4.43484E-01
7.00000E+00	2.19101E+01	4.39384E-01
7.00000E+00	2.21910E+01	4.35338E-01
7.00000E+00	2.24719E+01	4.31345E-01
7.00000E+00	2.27528E+01	4.27407E-01
7.00000E+00	2.30337E+01	4.23523E-01
7.00000E+00	2.33146E+01	4.19693E-01
7.00000E+00	2.35955E+01	4.15916E-01
7.00000E+00	2.38764E+01	4.12189E-01
7.00000E+00	2.41573E+01	4.08511E-01
7.00000E+00	2.44382E+01	4.04881E-01
7.00000E+00	2.47191E+01	4.01298E-01
7.00000E+00	2.50000E+01	3.97765E-01
8.00000E+00	0.00000E+00	1.01510E+00
8.00000E+00	2.80899E-01	1.01672E+00
8.00000E+00	5.61798E-01	1.01737E+00
8.00000E+00	8.42697E-01	1.01663E+00
8.00000E+00	1.12360E+00	1.01466E+00
8.00000E+00	1.40449E+00	1.01275E+00
8.00000E+00	1.68539E+00	1.01355E+00
8.00000E+00	1.96629E+00	1.01518E+00
8.00000E+00	2.24719E+00	1.01501E+00
8.00000E+00	2.52809E+00	1.01177E+00
8.00000E+00	2.80899E+00	1.00533E+00
8.00000E+00	3.08989E+00	9.96198E-01
8.00000E+00	3.37079E+00	9.85058E-01
8.00000E+00	3.65169E+00	9.72520E-01
8.00000E+00	3.93258E+00	9.59035E-01
8.00000E+00	4.21348E+00	9.44919E-01
8.00000E+00	4.49438E+00	9.30392E-01
8.00000E+00	4.77528E+00	9.15619E-01
8.00000E+00	5.05618E+00	9.00735E-01
8.00000E+00	5.33708E+00	8.85853E-01
8.00000E+00	5.61798E+00	8.71073E-01
8.00000E+00	5.89888E+00	8.56482E-01
8.00000E+00	6.17978E+00	8.42150E-01
8.00000E+00	6.46067E+00	8.28132E-01
8.00000E+00	6.74157E+00	8.14470E-01
8.00000E+00	7.02247E+00	8.01190E-01
8.00000E+00	7.30337E+00	7.88306E-01
8.00000E+00	7.58427E+00	7.75823E-01
8.00000E+00	7.86517E+00	7.63740E-01
8.00000E+00	8.14607E+00	7.52051E-01
8.00000E+00	8.42697E+00	7.40748E-01
8.00000E+00	8.70787E+00	7.29821E-01
8.00000E+00	8.98876E+00	7.19258E-01
8.00000E+00	9.26966E+00	7.09048E-01
8.00000E+00	9.55056E+00	6.99178E-01
8.00000E+00	9.83146E+00	6.89635E-01
8.00000E+00	1.01124E+01	6.80408E-01
8.00000E+00	1.03933E+01	6.71482E-01
8.00000E+00	1.06742E+01	6.62844E-01
8.00000E+00	1.09551E+01	6.54481E-01
8.00000E+00	1.12360E+01	6.46379E-01
8.00000E+00	1.15169E+01	6.38522E-01
8.00000E+00	1.17978E+01	6.30895E-01
8.00000E+00	1.20787E+01	6.23482E-01
8.00000E+00	1.23596E+01	6.16268E-01
8.00000E+00	1.26404E+01	6.09238E-01
8.00000E+00	1.29213E+01	6.02378E-01
8.00000E+00	1.32022E+01	5.95676E-01
8.00000E+00	1.34831E+01	5.89122E-01
8.00000E+00	1.37640E+01	5.82705E-01
8.00000E+00	1.40449E+01	5.76416E-01
8.00000E+00	1.43258E+01	5.70250E-01
8.00000E+00	1.46067E+01	5.64198E-01
8.00000E+00	1.48876E+01	5.58257E-01
8.00000E+00	1.51685E+01	5.52421E-01
8.00000E+00	1.54494E+01	5.46685E-01
8.00000E+00	1.57303E+01	5.41046E-01
8.00000E+00	1.60112E+01	5.35501E-01
8.00000E+00	1.62921E+01	5.30047E-01
8.00000E+00	1.65730E+01	5.24681E-01
8.00000E+00	1.68539E+01	5.19401E-01
8.00000E+00	1.71348E+01	5.14205E-01
8.00000E+00	1.74157E+01	5.09090E-01
8.00000E+00	1.76966E+01	5.04054E-01
8.00000E+00	1.79775E+01	4.99096E-01
8.00000E+00	1.82584E+01	4.94213E-01
8.00000E+00	1.85393E+01	4.89403E-01
8.00000E+00	1.88202E+01	4.84664E-01
8.00000E+00	1.91011E+01	4.79995E-01
8.00000E+00	1.93820E+01	4.75393E-01
8.00000E+00	1.96629E+01	4.70857E-01
8.00000E+00	1.99438E+01	4.66384E-01
8.00000E+00	2.02247E+01	4.61973E-01
8.00000E+00	2.05056E+01	4.57623E-01
8.00000E+00	2.07865E+01	4.53332E-01
8.00000E+00	2.10674E+01	4.49097E-01
8.00000E+00	2.13483E+01	4.44919E-01
8.00000E+00	2.16292E+01	4.40796E-01
8.00000E+00	2.19101E+01	4.36726E-01
8.00000E+00	2.21910E+01	4.32711E-01
8.00000E+00	2.24719E+01	4.28749E-01
8.00000E+00	2.27528E+01	4.24840E-01
8.00000E+00	2.30337E+01	4.20984E-01
8.00000E+00	2.33146E+01	4.17182E-01
8.00000E+00	2.35955E+01	4.13430E-01
8.00000E+00	2.38764E+01	4.09729E-01
8.00000E+00	2.41573E+01	4.06077E-01
8.00000E+00	2.44382E+01	4.02473E-01
8.00000E+00	2.47191E+01	3.98918E-01
8.00000E+00	2.50000E+01	3.95410E-01
9.00000E+00	0.00000E+00	1.01214E+00
9.00000E+00	2.80899E-01	1.01283E+00
9.00000E+00	5.61798E-01	1.01269E+00
9.00000E+00	8.42697E-01	1.01140E+00
9.00000E+00	1.12360E+00	1.00890E+00
9.00000E+00	1.40449E+00	1.00568E+00
9.00000E+00	1.68539E+00	1.00326E+00
9.00000E+00	1.96629E+00	1.00284E+00
9.00000E+00	2.24719E+00	1.00219E+00
9.00000E+00	2.52809E+00	9.99648E-01
9.00000E+00	2.80899E+00	9.94432E-01
9.00000E+00	3.08989E+00	9.86483E-01
9.00000E+00	3.37079E+00	9.76195E-01
9.00000E+00	3.65169E+00	9.64132E-01
9.00000E+00	3.93258E+00	9.50838E-01
9.00000E+00	4.21348E+00	9.36757E-01
9.00000E+00	4.49438E+00	9.22222E-01
9.00000E+00	4.77528E+00	9.07473E-01
9.00000E+00	5.05618E+00	8.92680E-01
9.00000E+00	5.33708E+00	8.77968E-01
9.00000E+00	5.61798E+00	8.63430E-01
9.00000E+00	5.89888E+00	8.49136E-01
9.00000E+00	6.17978E+00	8.35138E-01
9.00000E+00	6.46067E+00	8.21474E-01
9.00000E+00	6.74157E+00	8.08171E-01
9.00000E+00	7.02247E+00	7.95244E-01
9.00000E+00	7.30337E+00	7.82700E-01
9.00000E+00	7.58427E+00	7.70541E-01
9.00000E+00	7.86517E+00	7.58762E-01
9.00000E+00	8.14607E+00	7.47358E-01
9.00000E+00	8.42697E+00	7.36318E-01
9.00000E+00	8.70787E+00	7.25635E-01
9.00000E+00	8.98876E+00	7.15296E-01
9.00000E+00	9.26966E+00	7.05291E-01
9.00000E+00	9.55056E+00	6.95609E-01
9.00000E+00	9.83146E+00	6.86237E-01
9.00000E+00	1.01124E+01	6.77164E-01
9.00000E+00	1.03933E+01	6.68378E-01
9.00000E+00	1.06742E+01	6.59866E-01
9.00000E+00	1.09551E+01	6.51616E-01
9.00000E+00	1.12360E+01	6.43615E-01
9.00000E+00	1.15169E+01	6.35847E-01
9.00000E+00	1.17978E+01	6.28300E-01
9.00000E+00	1.20787E+01	6.20960E-01
9.00000E+00	1.23596E+01	6.13811E-01
9.00000E+00	1.26404E+01	6.06841E-01
9.00000E+00	1.29213E+01	6.00037E-01
9.00000E+00	1.32022E+01	5.93387E-01
9.00000E+00	1.34831E+01	5.86882E-01
9.00000E+00	1.37640E+01	5.80513E-01
9.00000E+00	1.40449E+01	5.74270E-01
9.00000E+00	1.43258E+01	5.68147E-01
9.00000E+00	1.46067E+01	5.62139E-01
9.00000E+00	1.48876E+01	5.56238E-01
9.00000E+00	1.51685E+01	5.50442E-01
9.00000E+00	1.54494E+01	5.44744E-01
9.00000E+00	1.57303E+01	5.39143E-01
9.00000E+00	1.60112E+01	5.33634E-01
9.00000E+00	1.62921E+01	5.28215E-01
9.00000E+00	1.65730E+01	5.22883E-01
9.00000E+00	1.68539E+01	5.17635E-01
9.00000E+00	1.71348E+01	5.12470E-01
9.00000E+00	1.74157E+01	5.07385E-01
9.00000E+00	1.76966E+01	5.02378E-01
9.00000E+00	1.79775E+01	4.97447E-01
9.00000E+00	1.82584E+01	4.92591E-01
9.00000E+00	1.85393E+01	4.87807E-01
9.00000E+00	1.88202E+01	4.83093E-01
9.00000E+00	1.91011E+01	4.78447E-01
9.00000E+00	1.93820E+01	4.73868E-01
9.00000E+00	1.96629E+01	4.69354E-01
9.00000E+00	1.99438E+01	4.64903E-01
9.00000E+00	2.02247E+01	4.60513E-01
9.00000E+00	2.05056E+01	4.56184E-01
9.00000E+00	2.07865E+01	4.51912E-01
9.00000E+00	2.10674E+01	4.47698E-01
9.00000E+00	2.13483E+01	4.43539E-01
9.00000E+00	2.16292E+01	4.39435E-01
9.00000E+00	2.19101E+01	4.35385E-01
9.00000E+00	2.21910E+01	4.31389E-01
9.00000E+00	2.24719E+01	4.27446E-01
9.00000E+00	2.27528E+01	4.23556E-01
9.00000E+00	2.30337E+01	4.19718E-01
9.00000E+00	2.33146E+01	4.15932E-01
9.00000E+00	2.35955E+01	4.12196E-01
9.00000E+00	2.38764E+01	4.08511E-01
9.00000E+00	2.41573E+01	4.04875E-01
9.00000E+00	2.44382E+01	4.01287E-01
9.00000E+00	2.47191E+01	3.97747E-01
9.00000E+00	2.50000E+01	3.94255E-01
1.00000E+01	0.00000E+00	1.00941E+00
1.00000E+01	2.80899E-01	1.00938E+00
1.00000E+01	5.61798E-01	1.00861E+00
1.00000E+01	8.42697E-01	1.00684E+00
1.00000E+01	1.12360E+00	1.00394E+00
1.00000E+01	1.40449E+00	1.00008E+00
1.00000E+01	1.68539E+00	9.95923E-01
1.00000E+01	1.96629E+00	9.92953E-01
1.00000E+01	2.24719E+00	9.90990E-01
1.00000E+01	2.52809E+00	9.88286E-01
1.00000E+01	2.80899E+00	9.83776E-01
1.00000E+01	3.08989E+00	9.76974E-01
1.00000E+01	3.37079E+00	9.67883E-01
1.00000E+01	3.65169E+00	9.56826E-01
1.00000E+01	3.93258E+00	9.44265E-01
1.00000E+01	4.21348E+00	9.30663E-01
1.00000E+01	4.49438E+00	9.16422E-01
1.00000E+01	4.77528E+00	9.01856E-01
1.00000E+01	5.05618E+00	8.87197E-01
1.00000E+01	5.33708E+00	8.72612E-01
1.00000E+01	5.61798E+00	8.58218E-01
1.00000E+01	5.89888E+00	8.44094E-01
1.00000E+01	6.17978E+00	8.30292E-01
1.00000E+01	6.46067E+00	8.16847E-01
1.00000E+01	6.74157E+00	8.03778E-01
1.00000E+01	7.02247E+00	7.91094E-01
1.00000E+01	7.30337E+00	7.78797E-01
1.00000E+01	7.58427E+00	7.66883E-01
1.00000E+01	7.86517E+00	7.55344E-01
1.00000E+01	8.14607E+00	7.44170E-01
1.00000E+01	8.42697E+00	7.33352E-01
1.00000E+01	8.70787E+00	7.22878E-01
1.00000E+01	8.98876E+00	7.12736E-01
1.00000E+01	9.26966E+00	7.02914E-01
1.00000E+01	9.55056E+00	6.93401E-01
1.00000E+01	9.83146E+00	6.84185E-01
1.00000E+01	1.01124E+01	6.75254E-01
1.00000E+01	1.03933E+01	6.66598E-01
1.00000E+01	1.06742E+01	6.58203E-01
1.00000E+01	1.09551E+01	6.50057E-01
1.00000E+01	1.12360E+01	6.42149E-01
1.00000E+01	1.15169E+01	6.34464E-01
1.00000E+01	1.17978E+01	6.26991E-01
1.00000E+01	1.20787E+01	6.19716E-01
1.00000E+01	1.23596E+01	6.12626E-01
1.00000E+01	1.26404E+01	6.05709E-01
1.00000E+01	1.29213E+01	5.98954E-01
1.00000E+01	1.32022E+01	5.92350E-01
1.00000E+01	1.34831E+01	5.85887E-01
1.00000E+01	1.37640E+01	5.79556E-01
1.00000E+01	1.40449E+01	5.73351E-01
1.00000E+01	1.43258E+01	5.67264E-01
1.00000E+01	1.46067E+01	5.61289E-01
1.00000E+01	1.48876E+01	5.55421E-01
1.00000E+01	1.51685E+01	5.49655E-01
1.00000E+01	1.54494E+01	5.43987E-01
1.00000E+01	1.57303E+01	5.38414E-01
1.00000E+01	1.60112E+01	5.32932E-01
1.00000E+01	1.62921E+01	5.27538E-01
1.00000E+01	1.65730E+01	5.22231E-01
1.00000E+01	1.68539E+01	5.17007E-01
1.00000E+01	1.71348E+01	5.11863E-01
1.00000E+01	1.74157E+01	5.06799E-01
1.00000E+01	1.76966E+01	5.01813E-01
1.00000E+01	1.79775E+01	4.96901E-01
1.00000E+01	1.82584E+01	4.92062E-01
1.00000E+01	1.85393E+01	4.87295E-01
1.00000E+01	1.88202E+01	4.82597E-01
1.00000E+01	1.91011E+01	4.77966E-01
1.00000E+01	1.93820E+01	4.73402E-01
1.00000E+01	1.96629E+01	4.68901E-01
1.00000E+01	1.99438E+01	4.64463E-01
1.00000E+01	2.02247E+01	4.60086E-01
1.00000E+01	2.05056E+01	4.55769E-01
1.00000E+01	2.07865E+01	4.51509E-01
1.00000E+01	2.10674E+01	4.47306E-01
1.00000E+01	2.13483E+01	4.43159E-01
1.00000E+01	2.16292E+01	4.39067E-01
1.00000E+01	2.19101E+01	4.35028E-01
1.00000E+01	2.21910E+01	4.31043E-01
1.00000E+01	2.24719E+01	4.27110E-01
1.00000E+01	2.27528E+01	4.23230E-01
1.00000E+01	2.30337E+01	4.19402E-01
1.00000E+01	2.33146E+01	4.15625E-01
1.00000E+01	2.35955E+01	4.11898E-01
1.00000E+01	2.38764E+01	4.08222E-01
1.00000E+01	2.41573E+01	4.04594E-01
1.00000E+01	2.44382E+01	4.01014E-01
1.00000E+01	2.47191E+01	3.97483E-01
1.00000E+01	2.50000E+01	3.93998E-01
