1.00000E-04	0.00000E+00	6.69293E+08
1.00000E-04	2.80899E-01	1.04724E+08
1.00000E-04	5.61798E-01	8.28075E+07
1.00000E-04	8.42697E-01	7.57037E+07
1.00000E-04	1.12360E+00	6.97289E+07
1.00000E-04	1.40449E+00	6.28929E+07
1.00000E-04	1.68539E+00	5.57412E+07
1.00000E-04	1.96629E+00	4.89468E+07
1.00000E-04	2.24719E+00	4.30637E+07
1.00000E-04	2.52809E+00	3.81715E+07
1.00000E-04	2.80899E+00	3.41230E+07
1.00000E-04	3.08989E+00	3.07408E+07
1.00000E-04	3.37079E+00	2.78929E+07
1.00000E-04	3.65169E+00	2.54739E+07
1.00000E-04	3.93258E+00	2.33992E+07
1.00000E-04	4.21348E+00	2.16245E+07
1.00000E-04	4.49438E+00	2.00853E+07
1.00000E-04	4.77528E+00	1.87468E+07
1.00000E-04	5.05618E+00	1.75728E+07
1.00000E-04	5.33708E+00	1.65453E+07
1.00000E-04	5.61798E+00	1.56352E+07
1.00000E-04	5.89888E+00	1.48288E+07
1.00000E-04	6.17978E+00	1.41100E+07
1.00000E-04	6.46067E+00	1.34654E+07
1.00000E-04	6.74157E+00	1.28926E+07
1.00000E-04	7.02247E+00	1.23741E+07
1.00000E-04	7.30337E+00	1.19094E+07
1.00000E-04	7.58427E+00	1.14894E+07
1.00000E-04	7.86517E+00	1.11108E+07
1.00000E-04	8.14607E+00	1.07694E+07
1.00000E-04	8.42697E+00	1.04564E+07
1.00000E-04	8.70787E+00	1.01726E+07
1.00000E-04	8.98876E+00	9.91111E+06
1.00000E-04	9.26966E+00	9.67546E+06
1.00000E-04	9.55056E+00	9.45467E+06
1.00000E-04	9.83146E+00	9.25377E+06
1.00000E-04	1.01124E+01	9.06580E+06
1.00000E-04	1.03933E+01	8.89175E+06
1.00000E-04	1.06742E+01	8.73031E+06
1.00000E-04	1.09551E+01	8.57759E+06
1.00000E-04	1.12360E+01	8.43880E+06
1.00000E-04	1.15169E+01	8.30387E+06
1.00000E-04	1.17978E+01	8.17642E+06
1.00000E-04	1.20787E+01	8.05645E+06
1.00000E-04	1.23596E+01	7.94028E+06
1.00000E-04	1.26404E+01	7.82666E+06
1.00000E-04	1.29213E+01	7.71877E+06
1.00000E-04	1.32022E+01	7.61605E+06
1.00000E-04	1.34831E+01	7.51387E+06
1.00000E-04	1.37640E+01	7.41509E+06
1.00000E-04	1.40449E+01	7.31870E+06
1.00000E-04	1.43258E+01	7.22193E+06
1.00000E-04	1.46067E+01	7.12916E+06
1.00000E-04	1.48876E+01	7.03563E+06
1.00000E-04	1.51685E+01	6.94452E+06
1.00000E-04	1.54494E+01	6.85548E+06
1.00000E-04	1.57303E+01	6.76744E+06
1.00000E-04	1.60112E+01	6.67848E+06
1.00000E-04	1.62921E+01	6.59181E+06
1.00000E-04	1.65730E+01	6.50787E+06
1.00000E-04	1.68539E+01	6.42341E+06
1.00000E-04	1.71348E+01	6.34108E+06
1.00000E-04	1.74157E+01	6.25903E+06
1.00000E-04	1.76966E+01	6.17977E+06
1.00000E-04	1.79775E+01	6.10122E+06
1.00000E-04	1.82584E+01	6.02494E+06
1.00000E-04	1.85393E+01	5.94795E+06
1.00000E-04	1.88202E+01	5.87275E+06
1.00000E-04	1.91011E+01	5.79901E+06
1.00000E-04	1.93820E+01	5.72616E+06
1.00000E-04	1.96629E+01	5.65621E+06
1.00000E-04	1.99438E+01	5.58684E+06
1.00000E-04	2.02247E+01	5.51676E+06
1.00000E-04	2.05056E+01	5.44833E+06
1.00000E-04	2.07865E+01	5.38236E+06
1.00000E-04	2.10674E+01	5.31436E+06
1.00000E-04	2.13483E+01	5.25000E+06
1.00000E-04	2.16292E+01	5.18561E+06
1.00000E-04	2.19101E+01	5.12266E+06
1.00000E-04	2.21910E+01	5.06125E+06
1.00000E-04	2.24719E+01	5.00073E+06
1.00000E-04	2.27528E+01	4.94062E+06
1.00000E-04	2.30337E+01	4.88228E+06
1.00000E-04	2.33146E+01	4.82406E+06
1.00000E-04	2.35955E+01	4.76661E+06
1.00000E-04	2.38764E+01	4.71054E+06
1.00000E-04	2.41573E+01	4.65617E+06
1.00000E-04	2.44382E+01	4.60190E+06
1.00000E-04	2.47191E+01	4.54972E+06
1.00000E-04	2.50000E+01	4.49787E+06
5.00000E-04	0.00000E+00	5.56814E+08
5.00000E-04	2.80899E-01	1.04713E+08
5.00000E-04	5.61798E-01	8.28078E+07
5.00000E-04	8.42697E-01	7.57107E+07
5.00000E-04	1.12360E+00	6.97202E+07
5.00000E-04	1.40449E+00	6.28928E+07
5.00000E-04	1.68539E+00	5.57412E+07
5.00000E-04	1.96629E+00	4.89468E+07
5.00000E-04	2.24719E+00	4.30637E+07
5.00000E-04	2.52809E+00	3.81715E+07
5.00000E-04	2.80899E+00	3.41230E+07
5.00000E-04	3.08989E+00	3.07412E+07
5.00000E-04	3.37079E+00	2.78929E+07
5.00000E-04	3.65169E+00	2.54738E+07
5.00000E-04	3.93258E+00	2.33993E+07
5.00000E-04	4.21348E+00	2.16236E+07
5.00000E-04	4.49438E+00	2.00853E+07
5.00000E-04	4.77528E+00	1.87468E+07
5.00000E-04	5.05618E+00	1.75728E+07
5.00000E-04	5.33708E+00	1.65453E+07
5.00000E-04	5.61798E+00	1.56352E+07
5.00000E-04	5.89888E+00	1.48288E+07
5.00000E-04	6.17978E+00	1.41100E+07
5.00000E-04	6.46067E+00	1.34654E+07
5.00000E-04	6.74157E+00	1.28926E+07
5.00000E-04	7.02247E+00	1.23741E+07
5.00000E-04	7.30337E+00	1.19095E+07
5.00000E-04	7.58427E+00	1.14894E+07
5.00000E-04	7.86517E+00	1.11108E+07
5.00000E-04	8.14607E+00	1.07694E+07
5.00000E-04	8.42697E+00	1.04564E+07
5.00000E-04	8.70787E+00	1.01726E+07
5.00000E-04	8.98876E+00	9.91189E+06
5.00000E-04	9.26966E+00	9.67546E+06
5.00000E-04	9.55056E+00	9.45467E+06
5.00000E-04	9.83146E+00	9.25377E+06
5.00000E-04	1.01124E+01	9.06580E+06
5.00000E-04	1.03933E+01	8.89145E+06
5.00000E-04	1.06742E+01	8.73031E+06
5.00000E-04	1.09551E+01	8.57759E+06
5.00000E-04	1.12360E+01	8.43880E+06
5.00000E-04	1.15169E+01	8.30387E+06
5.00000E-04	1.17978E+01	8.17642E+06
5.00000E-04	1.20787E+01	8.05645E+06
5.00000E-04	1.23596E+01	7.94028E+06
5.00000E-04	1.26404E+01	7.82666E+06
5.00000E-04	1.29213E+01	7.71877E+06
5.00000E-04	1.32022E+01	7.61605E+06
5.00000E-04	1.34831E+01	7.51387E+06
5.00000E-04	1.37640E+01	7.41509E+06
5.00000E-04	1.40449E+01	7.31870E+06
5.00000E-04	1.43258E+01	7.22193E+06
5.00000E-04	1.46067E+01	7.12916E+06
5.00000E-04	1.48876E+01	7.03563E+06
5.00000E-04	1.51685E+01	6.94452E+06
5.00000E-04	1.54494E+01	6.85548E+06
5.00000E-04	1.57303E+01	6.76744E+06
5.00000E-04	1.60112E+01	6.67848E+06
5.00000E-04	1.62921E+01	6.59181E+06
5.00000E-04	1.65730E+01	6.50787E+06
5.00000E-04	1.68539E+01	6.42341E+06
5.00000E-04	1.71348E+01	6.34108E+06
5.00000E-04	1.74157E+01	6.25903E+06
5.00000E-04	1.76966E+01	6.17977E+06
5.00000E-04	1.79775E+01	6.10122E+06
5.00000E-04	1.82584E+01	6.02494E+06
5.00000E-04	1.85393E+01	5.94795E+06
5.00000E-04	1.88202E+01	5.87275E+06
5.00000E-04	1.91011E+01	5.79901E+06
5.00000E-04	1.93820E+01	5.72616E+06
5.00000E-04	1.96629E+01	5.65621E+06
5.00000E-04	1.99438E+01	5.58664E+06
5.00000E-04	2.02247E+01	5.51676E+06
5.00000E-04	2.05056E+01	5.44833E+06
5.00000E-04	2.07865E+01	5.38236E+06
5.00000E-04	2.10674E+01	5.31436E+06
5.00000E-04	2.13483E+01	5.25000E+06
5.00000E-04	2.16292E+01	5.18561E+06
5.00000E-04	2.19101E+01	5.12266E+06
5.00000E-04	2.21910E+01	5.06125E+06
5.00000E-04	2.24719E+01	5.00073E+06
5.00000E-04	2.27528E+01	4.94062E+06
5.00000E-04	2.30337E+01	4.88228E+06
5.00000E-04	2.33146E+01	4.82406E+06
5.00000E-04	2.35955E+01	4.76661E+06
5.00000E-04	2.38764E+01	4.71054E+06
5.00000E-04	2.41573E+01	4.65617E+06
5.00000E-04	2.44382E+01	4.60190E+06
5.00000E-04	2.47191E+01	4.54972E+06
5.00000E-04	2.50000E+01	4.49787E+06
1.00000E-03	0.00000E+00	5.01937E+08
1.00000E-03	2.80899E-01	1.04713E+08
1.00000E-03	5.61798E-01	8.28079E+07
1.00000E-03	8.42697E-01	7.57154E+07
1.00000E-03	1.12360E+00	6.97132E+07
1.00000E-03	1.40449E+00	6.28912E+07
1.00000E-03	1.68539E+00	5.57413E+07
1.00000E-03	1.96629E+00	4.89468E+07
1.00000E-03	2.24719E+00	4.30636E+07
1.00000E-03	2.52809E+00	3.81714E+07
1.00000E-03	2.80899E+00	3.41230E+07
1.00000E-03	3.08989E+00	3.07421E+07
1.00000E-03	3.37079E+00	2.78930E+07
1.00000E-03	3.65169E+00	2.54734E+07
1.00000E-03	3.93258E+00	2.33997E+07
1.00000E-03	4.21348E+00	2.16233E+07
1.00000E-03	4.49438E+00	2.00851E+07
1.00000E-03	4.77528E+00	1.87467E+07
1.00000E-03	5.05618E+00	1.75730E+07
1.00000E-03	5.33708E+00	1.65453E+07
1.00000E-03	5.61798E+00	1.56352E+07
1.00000E-03	5.89888E+00	1.48286E+07
1.00000E-03	6.17978E+00	1.41100E+07
1.00000E-03	6.46067E+00	1.34654E+07
1.00000E-03	6.74157E+00	1.28925E+07
1.00000E-03	7.02247E+00	1.23741E+07
1.00000E-03	7.30337E+00	1.19095E+07
1.00000E-03	7.58427E+00	1.14894E+07
1.00000E-03	7.86517E+00	1.11109E+07
1.00000E-03	8.14607E+00	1.07694E+07
1.00000E-03	8.42697E+00	1.04564E+07
1.00000E-03	8.70787E+00	1.01726E+07
1.00000E-03	8.98876E+00	9.91202E+06
1.00000E-03	9.26966E+00	9.67546E+06
1.00000E-03	9.55056E+00	9.45467E+06
1.00000E-03	9.83146E+00	9.25377E+06
1.00000E-03	1.01124E+01	9.06580E+06
1.00000E-03	1.03933E+01	8.89141E+06
1.00000E-03	1.06742E+01	8.73031E+06
1.00000E-03	1.09551E+01	8.57759E+06
1.00000E-03	1.12360E+01	8.43879E+06
1.00000E-03	1.15169E+01	8.30387E+06
1.00000E-03	1.17978E+01	8.17642E+06
1.00000E-03	1.20787E+01	8.05644E+06
1.00000E-03	1.23596E+01	7.94028E+06
1.00000E-03	1.26404E+01	7.82666E+06
1.00000E-03	1.29213E+01	7.71878E+06
1.00000E-03	1.32022E+01	7.61605E+06
1.00000E-03	1.34831E+01	7.51387E+06
1.00000E-03	1.37640E+01	7.41509E+06
1.00000E-03	1.40449E+01	7.31870E+06
1.00000E-03	1.43258E+01	7.22193E+06
1.00000E-03	1.46067E+01	7.12916E+06
1.00000E-03	1.48876E+01	7.03563E+06
1.00000E-03	1.51685E+01	6.94452E+06
1.00000E-03	1.54494E+01	6.85548E+06
1.00000E-03	1.57303E+01	6.76744E+06
1.00000E-03	1.60112E+01	6.67848E+06
1.00000E-03	1.62921E+01	6.59181E+06
1.00000E-03	1.65730E+01	6.50787E+06
1.00000E-03	1.68539E+01	6.42341E+06
1.00000E-03	1.71348E+01	6.34108E+06
1.00000E-03	1.74157E+01	6.25908E+06
1.00000E-03	1.76966E+01	6.17977E+06
1.00000E-03	1.79775E+01	6.10122E+06
1.00000E-03	1.82584E+01	6.02494E+06
1.00000E-03	1.85393E+01	5.94795E+06
1.00000E-03	1.88202E+01	5.87275E+06
1.00000E-03	1.91011E+01	5.79904E+06
1.00000E-03	1.93820E+01	5.72616E+06
1.00000E-03	1.96629E+01	5.65621E+06
1.00000E-03	1.99438E+01	5.58632E+06
1.00000E-03	2.02247E+01	5.51676E+06
1.00000E-03	2.05056E+01	5.44833E+06
1.00000E-03	2.07865E+01	5.38236E+06
1.00000E-03	2.10674E+01	5.31436E+06
1.00000E-03	2.13483E+01	5.25000E+06
1.00000E-03	2.16292E+01	5.18561E+06
1.00000E-03	2.19101E+01	5.12266E+06
1.00000E-03	2.21910E+01	5.06125E+06
1.00000E-03	2.24719E+01	5.00073E+06
1.00000E-03	2.27528E+01	4.94062E+06
1.00000E-03	2.30337E+01	4.88228E+06
1.00000E-03	2.33146E+01	4.82406E+06
1.00000E-03	2.35955E+01	4.76661E+06
1.00000E-03	2.38764E+01	4.71054E+06
1.00000E-03	2.41573E+01	4.65617E+06
1.00000E-03	2.44382E+01	4.60190E+06
1.00000E-03	2.47191E+01	4.54972E+06
1.00000E-03	2.50000E+01	4.49787E+06
5.00000E-03	0.00000E+00	3.63320E+08
5.00000E-03	2.80899E-01	1.04713E+08
5.00000E-03	5.61798E-01	8.28079E+07
5.00000E-03	8.42697E-01	7.57163E+07
5.00000E-03	1.12360E+00	6.97083E+07
5.00000E-03	1.40449E+00	6.28874E+07
5.00000E-03	1.68539E+00	5.57416E+07
5.00000E-03	1.96629E+00	4.89460E+07
5.00000E-03	2.24719E+00	4.30624E+07
5.00000E-03	2.52809E+00	3.81713E+07
5.00000E-03	2.80899E+00	3.41229E+07
5.00000E-03	3.08989E+00	3.07433E+07
5.00000E-03	3.37079E+00	2.78933E+07
5.00000E-03	3.65169E+00	2.54719E+07
5.00000E-03	3.93258E+00	2.34011E+07
5.00000E-03	4.21348E+00	2.16230E+07
5.00000E-03	4.49438E+00	2.00837E+07
5.00000E-03	4.77528E+00	1.87457E+07
5.00000E-03	5.05618E+00	1.75739E+07
5.00000E-03	5.33708E+00	1.65449E+07
5.00000E-03	5.61798E+00	1.56355E+07
5.00000E-03	5.89888E+00	1.48277E+07
5.00000E-03	6.17978E+00	1.41095E+07
5.00000E-03	6.46067E+00	1.34654E+07
5.00000E-03	6.74157E+00	1.28914E+07
5.00000E-03	7.02247E+00	1.23735E+07
5.00000E-03	7.30337E+00	1.19095E+07
5.00000E-03	7.58427E+00	1.14894E+07
5.00000E-03	7.86517E+00	1.11111E+07
5.00000E-03	8.14607E+00	1.07688E+07
5.00000E-03	8.42697E+00	1.04564E+07
5.00000E-03	8.70787E+00	1.01726E+07
5.00000E-03	8.98876E+00	9.91213E+06
5.00000E-03	9.26966E+00	9.67514E+06
5.00000E-03	9.55056E+00	9.45466E+06
5.00000E-03	9.83146E+00	9.25361E+06
5.00000E-03	1.01124E+01	9.06567E+06
5.00000E-03	1.03933E+01	8.89138E+06
5.00000E-03	1.06742E+01	8.73030E+06
5.00000E-03	1.09551E+01	8.57761E+06
5.00000E-03	1.12360E+01	8.43801E+06
5.00000E-03	1.15169E+01	8.30344E+06
5.00000E-03	1.17978E+01	8.17644E+06
5.00000E-03	1.20787E+01	8.05561E+06
5.00000E-03	1.23596E+01	7.94025E+06
5.00000E-03	1.26404E+01	7.82669E+06
5.00000E-03	1.29213E+01	7.71951E+06
5.00000E-03	1.32022E+01	7.61604E+06
5.00000E-03	1.34831E+01	7.51421E+06
5.00000E-03	1.37640E+01	7.41565E+06
5.00000E-03	1.40449E+01	7.31868E+06
5.00000E-03	1.43258E+01	7.22194E+06
5.00000E-03	1.46067E+01	7.12916E+06
5.00000E-03	1.48876E+01	7.03569E+06
5.00000E-03	1.51685E+01	6.94452E+06
5.00000E-03	1.54494E+01	6.85548E+06
5.00000E-03	1.57303E+01	6.76742E+06
5.00000E-03	1.60112E+01	6.67849E+06
5.00000E-03	1.62921E+01	6.59189E+06
5.00000E-03	1.65730E+01	6.50779E+06
5.00000E-03	1.68539E+01	6.42341E+06
5.00000E-03	1.71348E+01	6.34108E+06
5.00000E-03	1.74157E+01	6.25950E+06
5.00000E-03	1.76966E+01	6.17989E+06
5.00000E-03	1.79775E+01	6.10122E+06
5.00000E-03	1.82584E+01	6.02489E+06
5.00000E-03	1.85393E+01	5.94795E+06
5.00000E-03	1.88202E+01	5.87277E+06
5.00000E-03	1.91011E+01	5.79912E+06
5.00000E-03	1.93820E+01	5.72616E+06
5.00000E-03	1.96629E+01	5.65621E+06
5.00000E-03	1.99438E+01	5.58590E+06
5.00000E-03	2.02247E+01	5.51676E+06
5.00000E-03	2.05056E+01	5.44837E+06
5.00000E-03	2.07865E+01	5.38228E+06
5.00000E-03	2.10674E+01	5.31436E+06
5.00000E-03	2.13483E+01	5.25000E+06
5.00000E-03	2.16292E+01	5.18562E+06
5.00000E-03	2.19101E+01	5.12266E+06
5.00000E-03	2.21910E+01	5.06125E+06
5.00000E-03	2.24719E+01	5.00072E+06
5.00000E-03	2.27528E+01	4.94062E+06
5.00000E-03	2.30337E+01	4.88225E+06
5.00000E-03	2.33146E+01	4.82401E+06
5.00000E-03	2.35955E+01	4.76661E+06
5.00000E-03	2.38764E+01	4.71055E+06
5.00000E-03	2.41573E+01	4.65607E+06
5.00000E-03	2.44382E+01	4.60190E+06
5.00000E-03	2.47191E+01	4.54972E+06
5.00000E-03	2.50000E+01	4.49787E+06
1.00000E-02	0.00000E+00	3.11338E+08
1.00000E-02	2.80899E-01	1.04713E+08
1.00000E-02	5.61798E-01	8.28080E+07
1.00000E-02	8.42697E-01	7.57163E+07
1.00000E-02	1.12360E+00	6.97083E+07
1.00000E-02	1.40449E+00	6.28873E+07
1.00000E-02	1.68539E+00	5.57416E+07
1.00000E-02	1.96629E+00	4.89460E+07
1.00000E-02	2.24719E+00	4.30624E+07
1.00000E-02	2.52809E+00	3.81713E+07
1.00000E-02	2.80899E+00	3.41229E+07
1.00000E-02	3.08989E+00	3.07433E+07
1.00000E-02	3.37079E+00	2.78933E+07
1.00000E-02	3.65169E+00	2.54718E+07
1.00000E-02	3.93258E+00	2.34012E+07
1.00000E-02	4.21348E+00	2.16230E+07
1.00000E-02	4.49438E+00	2.00835E+07
1.00000E-02	4.77528E+00	1.87456E+07
1.00000E-02	5.05618E+00	1.75739E+07
1.00000E-02	5.33708E+00	1.65447E+07
1.00000E-02	5.61798E+00	1.56357E+07
1.00000E-02	5.89888E+00	1.48276E+07
1.00000E-02	6.17978E+00	1.41092E+07
1.00000E-02	6.46067E+00	1.34655E+07
1.00000E-02	6.74157E+00	1.28912E+07
1.00000E-02	7.02247E+00	1.23733E+07
1.00000E-02	7.30337E+00	1.19095E+07
1.00000E-02	7.58427E+00	1.14894E+07
1.00000E-02	7.86517E+00	1.11112E+07
1.00000E-02	8.14607E+00	1.07682E+07
1.00000E-02	8.42697E+00	1.04561E+07
1.00000E-02	8.70787E+00	1.01727E+07
1.00000E-02	8.98876E+00	9.91215E+06
1.00000E-02	9.26966E+00	9.67480E+06
1.00000E-02	9.55056E+00	9.45463E+06
1.00000E-02	9.83146E+00	9.25322E+06
1.00000E-02	1.01124E+01	9.06530E+06
1.00000E-02	1.03933E+01	8.89140E+06
1.00000E-02	1.06742E+01	8.73011E+06
1.00000E-02	1.09551E+01	8.57786E+06
1.00000E-02	1.12360E+01	8.43737E+06
1.00000E-02	1.15169E+01	8.30294E+06
1.00000E-02	1.17978E+01	8.17641E+06
1.00000E-02	1.20787E+01	8.05517E+06
1.00000E-02	1.23596E+01	7.93996E+06
1.00000E-02	1.26404E+01	7.82697E+06
1.00000E-02	1.29213E+01	7.71990E+06
1.00000E-02	1.32022E+01	7.61607E+06
1.00000E-02	1.34831E+01	7.51459E+06
1.00000E-02	1.37640E+01	7.41611E+06
1.00000E-02	1.40449E+01	7.31852E+06
1.00000E-02	1.43258E+01	7.22206E+06
1.00000E-02	1.46067E+01	7.12916E+06
1.00000E-02	1.48876E+01	7.03589E+06
1.00000E-02	1.51685E+01	6.94456E+06
1.00000E-02	1.54494E+01	6.85547E+06
1.00000E-02	1.57303E+01	6.76725E+06
1.00000E-02	1.60112E+01	6.67863E+06
1.00000E-02	1.62921E+01	6.59202E+06
1.00000E-02	1.65730E+01	6.50754E+06
1.00000E-02	1.68539E+01	6.42342E+06
1.00000E-02	1.71348E+01	6.34108E+06
1.00000E-02	1.74157E+01	6.25961E+06
1.00000E-02	1.76966E+01	6.18000E+06
1.00000E-02	1.79775E+01	6.10122E+06
1.00000E-02	1.82584E+01	6.02460E+06
1.00000E-02	1.85393E+01	5.94798E+06
1.00000E-02	1.88202E+01	5.87290E+06
1.00000E-02	1.91011E+01	5.79911E+06
1.00000E-02	1.93820E+01	5.72624E+06
1.00000E-02	1.96629E+01	5.65620E+06
1.00000E-02	1.99438E+01	5.58584E+06
1.00000E-02	2.02247E+01	5.51670E+06
1.00000E-02	2.05056E+01	5.44846E+06
1.00000E-02	2.07865E+01	5.38200E+06
1.00000E-02	2.10674E+01	5.31441E+06
1.00000E-02	2.13483E+01	5.24999E+06
1.00000E-02	2.16292E+01	5.18567E+06
1.00000E-02	2.19101E+01	5.12267E+06
1.00000E-02	2.21910E+01	5.06125E+06
1.00000E-02	2.24719E+01	5.00071E+06
1.00000E-02	2.27528E+01	4.94065E+06
1.00000E-02	2.30337E+01	4.88212E+06
1.00000E-02	2.33146E+01	4.82389E+06
1.00000E-02	2.35955E+01	4.76662E+06
1.00000E-02	2.38764E+01	4.71065E+06
1.00000E-02	2.41573E+01	4.65589E+06
1.00000E-02	2.44382E+01	4.60190E+06
1.00000E-02	2.47191E+01	4.54971E+06
1.00000E-02	2.50000E+01	4.49787E+06
5.00000E-02	0.00000E+00	2.04657E+08
5.00000E-02	2.80899E-01	1.04706E+08
5.00000E-02	5.61798E-01	8.28107E+07
5.00000E-02	8.42697E-01	7.57144E+07
5.00000E-02	1.12360E+00	6.97069E+07
5.00000E-02	1.40449E+00	6.28862E+07
5.00000E-02	1.68539E+00	5.57407E+07
5.00000E-02	1.96629E+00	4.89455E+07
5.00000E-02	2.24719E+00	4.30622E+07
5.00000E-02	2.52809E+00	3.81712E+07
5.00000E-02	2.80899E+00	3.41228E+07
5.00000E-02	3.08989E+00	3.07433E+07
5.00000E-02	3.37079E+00	2.78932E+07
5.00000E-02	3.65169E+00	2.54718E+07
5.00000E-02	3.93258E+00	2.34012E+07
5.00000E-02	4.21348E+00	2.16230E+07
5.00000E-02	4.49438E+00	2.00834E+07
5.00000E-02	4.77528E+00	1.87456E+07
5.00000E-02	5.05618E+00	1.75739E+07
5.00000E-02	5.33708E+00	1.65447E+07
5.00000E-02	5.61798E+00	1.56357E+07
5.00000E-02	5.89888E+00	1.48276E+07
5.00000E-02	6.17978E+00	1.41091E+07
5.00000E-02	6.46067E+00	1.34655E+07
5.00000E-02	6.74157E+00	1.28911E+07
5.00000E-02	7.02247E+00	1.23733E+07
5.00000E-02	7.30337E+00	1.19094E+07
5.00000E-02	7.58427E+00	1.14894E+07
5.00000E-02	7.86517E+00	1.11112E+07
5.00000E-02	8.14607E+00	1.07680E+07
5.00000E-02	8.42697E+00	1.04560E+07
5.00000E-02	8.70787E+00	1.01728E+07
5.00000E-02	8.98876E+00	9.91218E+06
5.00000E-02	9.26966E+00	9.67472E+06
5.00000E-02	9.55056E+00	9.45461E+06
5.00000E-02	9.83146E+00	9.25303E+06
5.00000E-02	1.01124E+01	9.06509E+06
5.00000E-02	1.03933E+01	8.89143E+06
5.00000E-02	1.06742E+01	8.72975E+06
5.00000E-02	1.09551E+01	8.57845E+06
5.00000E-02	1.12360E+01	8.43693E+06
5.00000E-02	1.15169E+01	8.30265E+06
5.00000E-02	1.17978E+01	8.17640E+06
5.00000E-02	1.20787E+01	8.05498E+06
5.00000E-02	1.23596E+01	7.93941E+06
5.00000E-02	1.26404E+01	7.82751E+06
5.00000E-02	1.29213E+01	7.72007E+06
5.00000E-02	1.32022E+01	7.61607E+06
5.00000E-02	1.34831E+01	7.51481E+06
5.00000E-02	1.37640E+01	7.41642E+06
5.00000E-02	1.40449E+01	7.31812E+06
5.00000E-02	1.43258E+01	7.22228E+06
5.00000E-02	1.46067E+01	7.12889E+06
5.00000E-02	1.48876E+01	7.03600E+06
5.00000E-02	1.51685E+01	6.94462E+06
5.00000E-02	1.54494E+01	6.85528E+06
5.00000E-02	1.57303E+01	6.76698E+06
5.00000E-02	1.60112E+01	6.67890E+06
5.00000E-02	1.62921E+01	6.59207E+06
5.00000E-02	1.65730E+01	6.50730E+06
5.00000E-02	1.68539E+01	6.42347E+06
5.00000E-02	1.71348E+01	6.34066E+06
5.00000E-02	1.74157E+01	6.25964E+06
5.00000E-02	1.76966E+01	6.18003E+06
5.00000E-02	1.79775E+01	6.10117E+06
5.00000E-02	1.82584E+01	6.02384E+06
5.00000E-02	1.85393E+01	5.94805E+06
5.00000E-02	1.88202E+01	5.87303E+06
5.00000E-02	1.91011E+01	5.79911E+06
5.00000E-02	1.93820E+01	5.72694E+06
5.00000E-02	1.96629E+01	5.65611E+06
5.00000E-02	1.99438E+01	5.58579E+06
5.00000E-02	2.02247E+01	5.51643E+06
5.00000E-02	2.05056E+01	5.44852E+06
5.00000E-02	2.07865E+01	5.38147E+06
5.00000E-02	2.10674E+01	5.31490E+06
5.00000E-02	2.13483E+01	5.24977E+06
5.00000E-02	2.16292E+01	5.18595E+06
5.00000E-02	2.19101E+01	5.12298E+06
5.00000E-02	2.21910E+01	5.06107E+06
5.00000E-02	2.24719E+01	5.00056E+06
5.00000E-02	2.27528E+01	4.94094E+06
5.00000E-02	2.30337E+01	4.88185E+06
5.00000E-02	2.33146E+01	4.82377E+06
5.00000E-02	2.35955E+01	4.76690E+06
5.00000E-02	2.38764E+01	4.71084E+06
5.00000E-02	2.41573E+01	4.65569E+06
5.00000E-02	2.44382E+01	4.60195E+06
5.00000E-02	2.47191E+01	4.54945E+06
5.00000E-02	2.50000E+01	4.49787E+06
1.00000E-01	0.00000E+00	1.70887E+08
1.00000E-01	2.80899E-01	1.04656E+08
1.00000E-01	5.61798E-01	8.28162E+07
1.00000E-01	8.42697E-01	7.57074E+07
1.00000E-01	1.12360E+00	6.97023E+07
1.00000E-01	1.40449E+00	6.28824E+07
1.00000E-01	1.68539E+00	5.57379E+07
1.00000E-01	1.96629E+00	4.89441E+07
1.00000E-01	2.24719E+00	4.30614E+07
1.00000E-01	2.52809E+00	3.81708E+07
1.00000E-01	2.80899E+00	3.41225E+07
1.00000E-01	3.08989E+00	3.07431E+07
1.00000E-01	3.37079E+00	2.78931E+07
1.00000E-01	3.65169E+00	2.54717E+07
1.00000E-01	3.93258E+00	2.34011E+07
1.00000E-01	4.21348E+00	2.16229E+07
1.00000E-01	4.49438E+00	2.00834E+07
1.00000E-01	4.77528E+00	1.87456E+07
1.00000E-01	5.05618E+00	1.75739E+07
1.00000E-01	5.33708E+00	1.65447E+07
1.00000E-01	5.61798E+00	1.56357E+07
1.00000E-01	5.89888E+00	1.48277E+07
1.00000E-01	6.17978E+00	1.41091E+07
1.00000E-01	6.46067E+00	1.34655E+07
1.00000E-01	6.74157E+00	1.28911E+07
1.00000E-01	7.02247E+00	1.23733E+07
1.00000E-01	7.30337E+00	1.19095E+07
1.00000E-01	7.58427E+00	1.14894E+07
1.00000E-01	7.86517E+00	1.11112E+07
1.00000E-01	8.14607E+00	1.07680E+07
1.00000E-01	8.42697E+00	1.04560E+07
1.00000E-01	8.70787E+00	1.01728E+07
1.00000E-01	8.98876E+00	9.91219E+06
1.00000E-01	9.26966E+00	9.67472E+06
1.00000E-01	9.55056E+00	9.45462E+06
1.00000E-01	9.83146E+00	9.25303E+06
1.00000E-01	1.01124E+01	9.06509E+06
1.00000E-01	1.03933E+01	8.89143E+06
1.00000E-01	1.06742E+01	8.72975E+06
1.00000E-01	1.09551E+01	8.57845E+06
1.00000E-01	1.12360E+01	8.43693E+06
1.00000E-01	1.15169E+01	8.30266E+06
1.00000E-01	1.17978E+01	8.17640E+06
1.00000E-01	1.20787E+01	8.05499E+06
1.00000E-01	1.23596E+01	7.93940E+06
1.00000E-01	1.26404E+01	7.82751E+06
1.00000E-01	1.29213E+01	7.72007E+06
1.00000E-01	1.32022E+01	7.61607E+06
1.00000E-01	1.34831E+01	7.51481E+06
1.00000E-01	1.37640E+01	7.41642E+06
1.00000E-01	1.40449E+01	7.31812E+06
1.00000E-01	1.43258E+01	7.22229E+06
1.00000E-01	1.46067E+01	7.12886E+06
1.00000E-01	1.48876E+01	7.03600E+06
1.00000E-01	1.51685E+01	6.94462E+06
1.00000E-01	1.54494E+01	6.85527E+06
1.00000E-01	1.57303E+01	6.76698E+06
1.00000E-01	1.60112E+01	6.67890E+06
1.00000E-01	1.62921E+01	6.59207E+06
1.00000E-01	1.65730E+01	6.50730E+06
1.00000E-01	1.68539E+01	6.42346E+06
1.00000E-01	1.71348E+01	6.34064E+06
1.00000E-01	1.74157E+01	6.25963E+06
1.00000E-01	1.76966E+01	6.18003E+06
1.00000E-01	1.79775E+01	6.10117E+06
1.00000E-01	1.82584E+01	6.02382E+06
1.00000E-01	1.85393E+01	5.94805E+06
1.00000E-01	1.88202E+01	5.87303E+06
1.00000E-01	1.91011E+01	5.79911E+06
1.00000E-01	1.93820E+01	5.72697E+06
1.00000E-01	1.96629E+01	5.65610E+06
1.00000E-01	1.99438E+01	5.58578E+06
1.00000E-01	2.02247E+01	5.51643E+06
1.00000E-01	2.05056E+01	5.44852E+06
1.00000E-01	2.07865E+01	5.38145E+06
1.00000E-01	2.10674E+01	5.31492E+06
1.00000E-01	2.13483E+01	5.24976E+06
1.00000E-01	2.16292E+01	5.18595E+06
1.00000E-01	2.19101E+01	5.12300E+06
1.00000E-01	2.21910E+01	5.06106E+06
1.00000E-01	2.24719E+01	5.00056E+06
1.00000E-01	2.27528E+01	4.94094E+06
1.00000E-01	2.30337E+01	4.88185E+06
1.00000E-01	2.33146E+01	4.82377E+06
1.00000E-01	2.35955E+01	4.76691E+06
1.00000E-01	2.38764E+01	4.71084E+06
1.00000E-01	2.41573E+01	4.65569E+06
1.00000E-01	2.44382E+01	4.60195E+06
1.00000E-01	2.47191E+01	4.54943E+06
1.00000E-01	2.50000E+01	4.49787E+06
2.00000E-01	0.00000E+00	1.47865E+08
2.00000E-01	2.80899E-01	1.04300E+08
2.00000E-01	5.61798E-01	8.28229E+07
2.00000E-01	8.42697E-01	7.56800E+07
2.00000E-01	1.12360E+00	6.96819E+07
2.00000E-01	1.40449E+00	6.28662E+07
2.00000E-01	1.68539E+00	5.57262E+07
2.00000E-01	1.96629E+00	4.89381E+07
2.00000E-01	2.24719E+00	4.30583E+07
2.00000E-01	2.52809E+00	3.81689E+07
2.00000E-01	2.80899E+00	3.41212E+07
2.00000E-01	3.08989E+00	3.07422E+07
2.00000E-01	3.37079E+00	2.78925E+07
2.00000E-01	3.65169E+00	2.54713E+07
2.00000E-01	3.93258E+00	2.34009E+07
2.00000E-01	4.21348E+00	2.16227E+07
2.00000E-01	4.49438E+00	2.00833E+07
2.00000E-01	4.77528E+00	1.87455E+07
2.00000E-01	5.05618E+00	1.75739E+07
2.00000E-01	5.33708E+00	1.65447E+07
2.00000E-01	5.61798E+00	1.56357E+07
2.00000E-01	5.89888E+00	1.48277E+07
2.00000E-01	6.17978E+00	1.41091E+07
2.00000E-01	6.46067E+00	1.34655E+07
2.00000E-01	6.74157E+00	1.28911E+07
2.00000E-01	7.02247E+00	1.23734E+07
2.00000E-01	7.30337E+00	1.19095E+07
2.00000E-01	7.58427E+00	1.14894E+07
2.00000E-01	7.86517E+00	1.11112E+07
2.00000E-01	8.14607E+00	1.07680E+07
2.00000E-01	8.42697E+00	1.04560E+07
2.00000E-01	8.70787E+00	1.01728E+07
2.00000E-01	8.98876E+00	9.91223E+06
2.00000E-01	9.26966E+00	9.67472E+06
2.00000E-01	9.55056E+00	9.45467E+06
2.00000E-01	9.83146E+00	9.25303E+06
2.00000E-01	1.01124E+01	9.06511E+06
2.00000E-01	1.03933E+01	8.89144E+06
2.00000E-01	1.06742E+01	8.72975E+06
2.00000E-01	1.09551E+01	8.57845E+06
2.00000E-01	1.12360E+01	8.43692E+06
2.00000E-01	1.15169E+01	8.30269E+06
2.00000E-01	1.17978E+01	8.17639E+06
2.00000E-01	1.20787E+01	8.05500E+06
2.00000E-01	1.23596E+01	7.93939E+06
2.00000E-01	1.26404E+01	7.82751E+06
2.00000E-01	1.29213E+01	7.72006E+06
2.00000E-01	1.32022E+01	7.61605E+06
2.00000E-01	1.34831E+01	7.51481E+06
2.00000E-01	1.37640E+01	7.41639E+06
2.00000E-01	1.40449E+01	7.31813E+06
2.00000E-01	1.43258E+01	7.22229E+06
2.00000E-01	1.46067E+01	7.12885E+06
2.00000E-01	1.48876E+01	7.03599E+06
2.00000E-01	1.51685E+01	6.94461E+06
2.00000E-01	1.54494E+01	6.85526E+06
2.00000E-01	1.57303E+01	6.76696E+06
2.00000E-01	1.60112E+01	6.67889E+06
2.00000E-01	1.62921E+01	6.59206E+06
2.00000E-01	1.65730E+01	6.50729E+06
2.00000E-01	1.68539E+01	6.42345E+06
2.00000E-01	1.71348E+01	6.34063E+06
2.00000E-01	1.74157E+01	6.25963E+06
2.00000E-01	1.76966E+01	6.18002E+06
2.00000E-01	1.79775E+01	6.10117E+06
2.00000E-01	1.82584E+01	6.02382E+06
2.00000E-01	1.85393E+01	5.94804E+06
2.00000E-01	1.88202E+01	5.87302E+06
2.00000E-01	1.91011E+01	5.79911E+06
2.00000E-01	1.93820E+01	5.72696E+06
2.00000E-01	1.96629E+01	5.65609E+06
2.00000E-01	1.99438E+01	5.58578E+06
2.00000E-01	2.02247E+01	5.51643E+06
2.00000E-01	2.05056E+01	5.44851E+06
2.00000E-01	2.07865E+01	5.38145E+06
2.00000E-01	2.10674E+01	5.31492E+06
2.00000E-01	2.13483E+01	5.24976E+06
2.00000E-01	2.16292E+01	5.18594E+06
2.00000E-01	2.19101E+01	5.12300E+06
2.00000E-01	2.21910E+01	5.06106E+06
2.00000E-01	2.24719E+01	5.00056E+06
2.00000E-01	2.27528E+01	4.94094E+06
2.00000E-01	2.30337E+01	4.88184E+06
2.00000E-01	2.33146E+01	4.82376E+06
2.00000E-01	2.35955E+01	4.76691E+06
2.00000E-01	2.38764E+01	4.71084E+06
2.00000E-01	2.41573E+01	4.65569E+06
2.00000E-01	2.44382E+01	4.60195E+06
2.00000E-01	2.47191E+01	4.54943E+06
2.00000E-01	2.50000E+01	4.49786E+06
2.50000E-01	0.00000E+00	1.42371E+08
2.50000E-01	2.80899E-01	1.03953E+08
2.50000E-01	5.61798E-01	8.28189E+07
2.50000E-01	8.42697E-01	7.56595E+07
2.50000E-01	1.12360E+00	6.96657E+07
2.50000E-01	1.40449E+00	6.28536E+07
2.50000E-01	1.68539E+00	5.57170E+07
2.50000E-01	1.96629E+00	4.89333E+07
2.50000E-01	2.24719E+00	4.30558E+07
2.50000E-01	2.52809E+00	3.81674E+07
2.50000E-01	2.80899E+00	3.41202E+07
2.50000E-01	3.08989E+00	3.07415E+07
2.50000E-01	3.37079E+00	2.78920E+07
2.50000E-01	3.65169E+00	2.54710E+07
2.50000E-01	3.93258E+00	2.34007E+07
2.50000E-01	4.21348E+00	2.16225E+07
2.50000E-01	4.49438E+00	2.00832E+07
2.50000E-01	4.77528E+00	1.87454E+07
2.50000E-01	5.05618E+00	1.75739E+07
2.50000E-01	5.33708E+00	1.65447E+07
2.50000E-01	5.61798E+00	1.56356E+07
2.50000E-01	5.89888E+00	1.48277E+07
2.50000E-01	6.17978E+00	1.41091E+07
2.50000E-01	6.46067E+00	1.34655E+07
2.50000E-01	6.74157E+00	1.28911E+07
2.50000E-01	7.02247E+00	1.23734E+07
2.50000E-01	7.30337E+00	1.19095E+07
2.50000E-01	7.58427E+00	1.14895E+07
2.50000E-01	7.86517E+00	1.11112E+07
2.50000E-01	8.14607E+00	1.07680E+07
2.50000E-01	8.42697E+00	1.04561E+07
2.50000E-01	8.70787E+00	1.01728E+07
2.50000E-01	8.98876E+00	9.91226E+06
2.50000E-01	9.26966E+00	9.67472E+06
2.50000E-01	9.55056E+00	9.45470E+06
2.50000E-01	9.83146E+00	9.25303E+06
2.50000E-01	1.01124E+01	9.06512E+06
2.50000E-01	1.03933E+01	8.89145E+06
2.50000E-01	1.06742E+01	8.72975E+06
2.50000E-01	1.09551E+01	8.57846E+06
2.50000E-01	1.12360E+01	8.43691E+06
2.50000E-01	1.15169E+01	8.30270E+06
2.50000E-01	1.17978E+01	8.17638E+06
2.50000E-01	1.20787E+01	8.05501E+06
2.50000E-01	1.23596E+01	7.93939E+06
2.50000E-01	1.26404E+01	7.82750E+06
2.50000E-01	1.29213E+01	7.72006E+06
2.50000E-01	1.32022E+01	7.61604E+06
2.50000E-01	1.34831E+01	7.51480E+06
2.50000E-01	1.37640E+01	7.41636E+06
2.50000E-01	1.40449E+01	7.31813E+06
2.50000E-01	1.43258E+01	7.22229E+06
2.50000E-01	1.46067E+01	7.12884E+06
2.50000E-01	1.48876E+01	7.03598E+06
2.50000E-01	1.51685E+01	6.94460E+06
2.50000E-01	1.54494E+01	6.85525E+06
2.50000E-01	1.57303E+01	6.76695E+06
2.50000E-01	1.60112E+01	6.67888E+06
2.50000E-01	1.62921E+01	6.59206E+06
2.50000E-01	1.65730E+01	6.50728E+06
2.50000E-01	1.68539E+01	6.42345E+06
2.50000E-01	1.71348E+01	6.34063E+06
2.50000E-01	1.74157E+01	6.25962E+06
2.50000E-01	1.76966E+01	6.18001E+06
2.50000E-01	1.79775E+01	6.10116E+06
2.50000E-01	1.82584E+01	6.02381E+06
2.50000E-01	1.85393E+01	5.94803E+06
2.50000E-01	1.88202E+01	5.87301E+06
2.50000E-01	1.91011E+01	5.79911E+06
2.50000E-01	1.93820E+01	5.72696E+06
2.50000E-01	1.96629E+01	5.65609E+06
2.50000E-01	1.99438E+01	5.58577E+06
2.50000E-01	2.02247E+01	5.51642E+06
2.50000E-01	2.05056E+01	5.44851E+06
2.50000E-01	2.07865E+01	5.38144E+06
2.50000E-01	2.10674E+01	5.31492E+06
2.50000E-01	2.13483E+01	5.24975E+06
2.50000E-01	2.16292E+01	5.18594E+06
2.50000E-01	2.19101E+01	5.12299E+06
2.50000E-01	2.21910E+01	5.06106E+06
2.50000E-01	2.24719E+01	5.00055E+06
2.50000E-01	2.27528E+01	4.94093E+06
2.50000E-01	2.30337E+01	4.88184E+06
2.50000E-01	2.33146E+01	4.82376E+06
2.50000E-01	2.35955E+01	4.76690E+06
2.50000E-01	2.38764E+01	4.71083E+06
2.50000E-01	2.41573E+01	4.65569E+06
2.50000E-01	2.44382E+01	4.60195E+06
2.50000E-01	2.47191E+01	4.54943E+06
2.50000E-01	2.50000E+01	4.49786E+06
3.00000E-01	0.00000E+00	1.38302E+08
3.00000E-01	2.80899E-01	1.03498E+08
3.00000E-01	5.61798E-01	8.28065E+07
3.00000E-01	8.42697E-01	7.56342E+07
3.00000E-01	1.12360E+00	6.96451E+07
3.00000E-01	1.40449E+00	6.28376E+07
3.00000E-01	1.68539E+00	5.57057E+07
3.00000E-01	1.96629E+00	4.89273E+07
3.00000E-01	2.24719E+00	4.30527E+07
3.00000E-01	2.52809E+00	3.81656E+07
3.00000E-01	2.80899E+00	3.41190E+07
3.00000E-01	3.08989E+00	3.07407E+07
3.00000E-01	3.37079E+00	2.78914E+07
3.00000E-01	3.65169E+00	2.54705E+07
3.00000E-01	3.93258E+00	2.34005E+07
3.00000E-01	4.21348E+00	2.16223E+07
3.00000E-01	4.49438E+00	2.00830E+07
3.00000E-01	4.77528E+00	1.87453E+07
3.00000E-01	5.05618E+00	1.75738E+07
3.00000E-01	5.33708E+00	1.65447E+07
3.00000E-01	5.61798E+00	1.56356E+07
3.00000E-01	5.89888E+00	1.48277E+07
3.00000E-01	6.17978E+00	1.41090E+07
3.00000E-01	6.46067E+00	1.34655E+07
3.00000E-01	6.74157E+00	1.28911E+07
3.00000E-01	7.02247E+00	1.23734E+07
3.00000E-01	7.30337E+00	1.19095E+07
3.00000E-01	7.58427E+00	1.14895E+07
3.00000E-01	7.86517E+00	1.11112E+07
3.00000E-01	8.14607E+00	1.07680E+07
3.00000E-01	8.42697E+00	1.04561E+07
3.00000E-01	8.70787E+00	1.01728E+07
3.00000E-01	8.98876E+00	9.91229E+06
3.00000E-01	9.26966E+00	9.67471E+06
3.00000E-01	9.55056E+00	9.45474E+06
3.00000E-01	9.83146E+00	9.25303E+06
3.00000E-01	1.01124E+01	9.06514E+06
3.00000E-01	1.03933E+01	8.89145E+06
3.00000E-01	1.06742E+01	8.72975E+06
3.00000E-01	1.09551E+01	8.57847E+06
3.00000E-01	1.12360E+01	8.43690E+06
3.00000E-01	1.15169E+01	8.30272E+06
3.00000E-01	1.17978E+01	8.17637E+06
3.00000E-01	1.20787E+01	8.05502E+06
3.00000E-01	1.23596E+01	7.93938E+06
3.00000E-01	1.26404E+01	7.82750E+06
3.00000E-01	1.29213E+01	7.72005E+06
3.00000E-01	1.32022E+01	7.61603E+06
3.00000E-01	1.34831E+01	7.51480E+06
3.00000E-01	1.37640E+01	7.41634E+06
3.00000E-01	1.40449E+01	7.31813E+06
3.00000E-01	1.43258E+01	7.22228E+06
3.00000E-01	1.46067E+01	7.12882E+06
3.00000E-01	1.48876E+01	7.03597E+06
3.00000E-01	1.51685E+01	6.94459E+06
3.00000E-01	1.54494E+01	6.85524E+06
3.00000E-01	1.57303E+01	6.76693E+06
3.00000E-01	1.60112E+01	6.67887E+06
3.00000E-01	1.62921E+01	6.59206E+06
3.00000E-01	1.65730E+01	6.50728E+06
3.00000E-01	1.68539E+01	6.42344E+06
3.00000E-01	1.71348E+01	6.34062E+06
3.00000E-01	1.74157E+01	6.25961E+06
3.00000E-01	1.76966E+01	6.18000E+06
3.00000E-01	1.79775E+01	6.10116E+06
3.00000E-01	1.82584E+01	6.02381E+06
3.00000E-01	1.85393E+01	5.94802E+06
3.00000E-01	1.88202E+01	5.87301E+06
3.00000E-01	1.91011E+01	5.79910E+06
3.00000E-01	1.93820E+01	5.72696E+06
3.00000E-01	1.96629E+01	5.65608E+06
3.00000E-01	1.99438E+01	5.58577E+06
3.00000E-01	2.02247E+01	5.51642E+06
3.00000E-01	2.05056E+01	5.44850E+06
3.00000E-01	2.07865E+01	5.38143E+06
3.00000E-01	2.10674E+01	5.31492E+06
3.00000E-01	2.13483E+01	5.24975E+06
3.00000E-01	2.16292E+01	5.18593E+06
3.00000E-01	2.19101E+01	5.12299E+06
3.00000E-01	2.21910E+01	5.06106E+06
3.00000E-01	2.24719E+01	5.00055E+06
3.00000E-01	2.27528E+01	4.94093E+06
3.00000E-01	2.30337E+01	4.88184E+06
3.00000E-01	2.33146E+01	4.82376E+06
3.00000E-01	2.35955E+01	4.76690E+06
3.00000E-01	2.38764E+01	4.71083E+06
3.00000E-01	2.41573E+01	4.65569E+06
3.00000E-01	2.44382E+01	4.60195E+06
3.00000E-01	2.47191E+01	4.54943E+06
3.00000E-01	2.50000E+01	4.49786E+06
4.00000E-01	0.00000E+00	1.32310E+08
4.00000E-01	2.80899E-01	1.02454E+08
4.00000E-01	5.61798E-01	8.27458E+07
4.00000E-01	8.42697E-01	7.55683E+07
4.00000E-01	1.12360E+00	6.95902E+07
4.00000E-01	1.40449E+00	6.27954E+07
4.00000E-01	1.68539E+00	5.56761E+07
4.00000E-01	1.96629E+00	4.89116E+07
4.00000E-01	2.24719E+00	4.30444E+07
4.00000E-01	2.52809E+00	3.81606E+07
4.00000E-01	2.80899E+00	3.41156E+07
4.00000E-01	3.08989E+00	3.07383E+07
4.00000E-01	3.37079E+00	2.78898E+07
4.00000E-01	3.65169E+00	2.54694E+07
4.00000E-01	3.93258E+00	2.33998E+07
4.00000E-01	4.21348E+00	2.16217E+07
4.00000E-01	4.49438E+00	2.00827E+07
4.00000E-01	4.77528E+00	1.87450E+07
4.00000E-01	5.05618E+00	1.75737E+07
4.00000E-01	5.33708E+00	1.65446E+07
4.00000E-01	5.61798E+00	1.56355E+07
4.00000E-01	5.89888E+00	1.48277E+07
4.00000E-01	6.17978E+00	1.41090E+07
4.00000E-01	6.46067E+00	1.34656E+07
4.00000E-01	6.74157E+00	1.28910E+07
4.00000E-01	7.02247E+00	1.23735E+07
4.00000E-01	7.30337E+00	1.19095E+07
4.00000E-01	7.58427E+00	1.14896E+07
4.00000E-01	7.86517E+00	1.11113E+07
4.00000E-01	8.14607E+00	1.07680E+07
4.00000E-01	8.42697E+00	1.04561E+07
4.00000E-01	8.70787E+00	1.01728E+07
4.00000E-01	8.98876E+00	9.91237E+06
4.00000E-01	9.26966E+00	9.67471E+06
4.00000E-01	9.55056E+00	9.45482E+06
4.00000E-01	9.83146E+00	9.25303E+06
4.00000E-01	1.01124E+01	9.06518E+06
4.00000E-01	1.03933E+01	8.89147E+06
4.00000E-01	1.06742E+01	8.72975E+06
4.00000E-01	1.09551E+01	8.57848E+06
4.00000E-01	1.12360E+01	8.43689E+06
4.00000E-01	1.15169E+01	8.30275E+06
4.00000E-01	1.17978E+01	8.17634E+06
4.00000E-01	1.20787E+01	8.05504E+06
4.00000E-01	1.23596E+01	7.93935E+06
4.00000E-01	1.26404E+01	7.82750E+06
4.00000E-01	1.29213E+01	7.72003E+06
4.00000E-01	1.32022E+01	7.61600E+06
4.00000E-01	1.34831E+01	7.51479E+06
4.00000E-01	1.37640E+01	7.41628E+06
4.00000E-01	1.40449E+01	7.31812E+06
4.00000E-01	1.43258E+01	7.22228E+06
4.00000E-01	1.46067E+01	7.12879E+06
4.00000E-01	1.48876E+01	7.03594E+06
4.00000E-01	1.51685E+01	6.94456E+06
4.00000E-01	1.54494E+01	6.85521E+06
4.00000E-01	1.57303E+01	6.76690E+06
4.00000E-01	1.60112E+01	6.67885E+06
4.00000E-01	1.62921E+01	6.59205E+06
4.00000E-01	1.65730E+01	6.50725E+06
4.00000E-01	1.68539E+01	6.42342E+06
4.00000E-01	1.71348E+01	6.34061E+06
4.00000E-01	1.74157E+01	6.25960E+06
4.00000E-01	1.76966E+01	6.17997E+06
4.00000E-01	1.79775E+01	6.10115E+06
4.00000E-01	1.82584E+01	6.02380E+06
4.00000E-01	1.85393E+01	5.94800E+06
4.00000E-01	1.88202E+01	5.87299E+06
4.00000E-01	1.91011E+01	5.79910E+06
4.00000E-01	1.93820E+01	5.72694E+06
4.00000E-01	1.96629E+01	5.65606E+06
4.00000E-01	1.99438E+01	5.58575E+06
4.00000E-01	2.02247E+01	5.51641E+06
4.00000E-01	2.05056E+01	5.44849E+06
4.00000E-01	2.07865E+01	5.38142E+06
4.00000E-01	2.10674E+01	5.31491E+06
4.00000E-01	2.13483E+01	5.24974E+06
4.00000E-01	2.16292E+01	5.18592E+06
4.00000E-01	2.19101E+01	5.12298E+06
4.00000E-01	2.21910E+01	5.06106E+06
4.00000E-01	2.24719E+01	5.00054E+06
4.00000E-01	2.27528E+01	4.94091E+06
4.00000E-01	2.30337E+01	4.88183E+06
4.00000E-01	2.33146E+01	4.82376E+06
4.00000E-01	2.35955E+01	4.76689E+06
4.00000E-01	2.38764E+01	4.71082E+06
4.00000E-01	2.41573E+01	4.65568E+06
4.00000E-01	2.44382E+01	4.60195E+06
4.00000E-01	2.47191E+01	4.54942E+06
4.00000E-01	2.50000E+01	4.49786E+06
5.00000E-01	0.00000E+00	1.27753E+08
5.00000E-01	2.80899E-01	1.01543E+08
5.00000E-01	5.61798E-01	8.26223E+07
5.00000E-01	8.42697E-01	7.54790E+07
5.00000E-01	1.12360E+00	6.95157E+07
5.00000E-01	1.40449E+00	6.27389E+07
5.00000E-01	1.68539E+00	5.56370E+07
5.00000E-01	1.96629E+00	4.88905E+07
5.00000E-01	2.24719E+00	4.30331E+07
5.00000E-01	2.52809E+00	3.81539E+07
5.00000E-01	2.80899E+00	3.41112E+07
5.00000E-01	3.08989E+00	3.07352E+07
5.00000E-01	3.37079E+00	2.78876E+07
5.00000E-01	3.65169E+00	2.54679E+07
5.00000E-01	3.93258E+00	2.33988E+07
5.00000E-01	4.21348E+00	2.16210E+07
5.00000E-01	4.49438E+00	2.00822E+07
5.00000E-01	4.77528E+00	1.87446E+07
5.00000E-01	5.05618E+00	1.75735E+07
5.00000E-01	5.33708E+00	1.65444E+07
5.00000E-01	5.61798E+00	1.56354E+07
5.00000E-01	5.89888E+00	1.48276E+07
5.00000E-01	6.17978E+00	1.41089E+07
5.00000E-01	6.46067E+00	1.34656E+07
5.00000E-01	6.74157E+00	1.28910E+07
5.00000E-01	7.02247E+00	1.23736E+07
5.00000E-01	7.30337E+00	1.19095E+07
5.00000E-01	7.58427E+00	1.14897E+07
5.00000E-01	7.86517E+00	1.11113E+07
5.00000E-01	8.14607E+00	1.07681E+07
5.00000E-01	8.42697E+00	1.04562E+07
5.00000E-01	8.70787E+00	1.01728E+07
5.00000E-01	8.98876E+00	9.91246E+06
5.00000E-01	9.26966E+00	9.67471E+06
5.00000E-01	9.55056E+00	9.45491E+06
5.00000E-01	9.83146E+00	9.25304E+06
5.00000E-01	1.01124E+01	9.06523E+06
5.00000E-01	1.03933E+01	8.89149E+06
5.00000E-01	1.06742E+01	8.72976E+06
5.00000E-01	1.09551E+01	8.57851E+06
5.00000E-01	1.12360E+01	8.43687E+06
5.00000E-01	1.15169E+01	8.30279E+06
5.00000E-01	1.17978E+01	8.17631E+06
5.00000E-01	1.20787E+01	8.05506E+06
5.00000E-01	1.23596E+01	7.93932E+06
5.00000E-01	1.26404E+01	7.82749E+06
5.00000E-01	1.29213E+01	7.72000E+06
5.00000E-01	1.32022E+01	7.61597E+06
5.00000E-01	1.34831E+01	7.51477E+06
5.00000E-01	1.37640E+01	7.41621E+06
5.00000E-01	1.40449E+01	7.31810E+06
5.00000E-01	1.43258E+01	7.22226E+06
5.00000E-01	1.46067E+01	7.12874E+06
5.00000E-01	1.48876E+01	7.03591E+06
5.00000E-01	1.51685E+01	6.94454E+06
5.00000E-01	1.54494E+01	6.85518E+06
5.00000E-01	1.57303E+01	6.76685E+06
5.00000E-01	1.60112E+01	6.67882E+06
5.00000E-01	1.62921E+01	6.59204E+06
5.00000E-01	1.65730E+01	6.50722E+06
5.00000E-01	1.68539E+01	6.42339E+06
5.00000E-01	1.71348E+01	6.34059E+06
5.00000E-01	1.74157E+01	6.25957E+06
5.00000E-01	1.76966E+01	6.17994E+06
5.00000E-01	1.79775E+01	6.10113E+06
5.00000E-01	1.82584E+01	6.02379E+06
5.00000E-01	1.85393E+01	5.94797E+06
5.00000E-01	1.88202E+01	5.87297E+06
5.00000E-01	1.91011E+01	5.79909E+06
5.00000E-01	1.93820E+01	5.72693E+06
5.00000E-01	1.96629E+01	5.65603E+06
5.00000E-01	1.99438E+01	5.58573E+06
5.00000E-01	2.02247E+01	5.51640E+06
5.00000E-01	2.05056E+01	5.44847E+06
5.00000E-01	2.07865E+01	5.38139E+06
5.00000E-01	2.10674E+01	5.31491E+06
5.00000E-01	2.13483E+01	5.24973E+06
5.00000E-01	2.16292E+01	5.18590E+06
5.00000E-01	2.19101E+01	5.12297E+06
5.00000E-01	2.21910E+01	5.06105E+06
5.00000E-01	2.24719E+01	5.00053E+06
5.00000E-01	2.27528E+01	4.94089E+06
5.00000E-01	2.30337E+01	4.88182E+06
5.00000E-01	2.33146E+01	4.82375E+06
5.00000E-01	2.35955E+01	4.76688E+06
5.00000E-01	2.38764E+01	4.71081E+06
5.00000E-01	2.41573E+01	4.65568E+06
5.00000E-01	2.44382E+01	4.60194E+06
5.00000E-01	2.47191E+01	4.54941E+06
5.00000E-01	2.50000E+01	4.49786E+06
6.00000E-01	0.00000E+00	1.23915E+08
6.00000E-01	2.80899E-01	1.00814E+08
6.00000E-01	5.61798E-01	8.24354E+07
6.00000E-01	8.42697E-01	7.53620E+07
6.00000E-01	1.12360E+00	6.94200E+07
6.00000E-01	1.40449E+00	6.26671E+07
6.00000E-01	1.68539E+00	5.55880E+07
6.00000E-01	1.96629E+00	4.88638E+07
6.00000E-01	2.24719E+00	4.30187E+07
6.00000E-01	2.52809E+00	3.81453E+07
6.00000E-01	2.80899E+00	3.41054E+07
6.00000E-01	3.08989E+00	3.07311E+07
6.00000E-01	3.37079E+00	2.78848E+07
6.00000E-01	3.65169E+00	2.54660E+07
6.00000E-01	3.93258E+00	2.33976E+07
6.00000E-01	4.21348E+00	2.16200E+07
6.00000E-01	4.49438E+00	2.00816E+07
6.00000E-01	4.77528E+00	1.87441E+07
6.00000E-01	5.05618E+00	1.75732E+07
6.00000E-01	5.33708E+00	1.65442E+07
6.00000E-01	5.61798E+00	1.56352E+07
6.00000E-01	5.89888E+00	1.48276E+07
6.00000E-01	6.17978E+00	1.41088E+07
6.00000E-01	6.46067E+00	1.34657E+07
6.00000E-01	6.74157E+00	1.28910E+07
6.00000E-01	7.02247E+00	1.23737E+07
6.00000E-01	7.30337E+00	1.19095E+07
6.00000E-01	7.58427E+00	1.14898E+07
6.00000E-01	7.86517E+00	1.11114E+07
6.00000E-01	8.14607E+00	1.07681E+07
6.00000E-01	8.42697E+00	1.04563E+07
6.00000E-01	8.70787E+00	1.01728E+07
6.00000E-01	8.98876E+00	9.91256E+06
6.00000E-01	9.26966E+00	9.67471E+06
6.00000E-01	9.55056E+00	9.45500E+06
6.00000E-01	9.83146E+00	9.25304E+06
6.00000E-01	1.01124E+01	9.06529E+06
6.00000E-01	1.03933E+01	8.89151E+06
6.00000E-01	1.06742E+01	8.72977E+06
6.00000E-01	1.09551E+01	8.57854E+06
6.00000E-01	1.12360E+01	8.43685E+06
6.00000E-01	1.15169E+01	8.30282E+06
6.00000E-01	1.17978E+01	8.17628E+06
6.00000E-01	1.20787E+01	8.05506E+06
6.00000E-01	1.23596E+01	7.93928E+06
6.00000E-01	1.26404E+01	7.82747E+06
6.00000E-01	1.29213E+01	7.71998E+06
6.00000E-01	1.32022E+01	7.61593E+06
6.00000E-01	1.34831E+01	7.51475E+06
6.00000E-01	1.37640E+01	7.41613E+06
6.00000E-01	1.40449E+01	7.31807E+06
6.00000E-01	1.43258E+01	7.22224E+06
6.00000E-01	1.46067E+01	7.12869E+06
6.00000E-01	1.48876E+01	7.03586E+06
6.00000E-01	1.51685E+01	6.94450E+06
6.00000E-01	1.54494E+01	6.85513E+06
6.00000E-01	1.57303E+01	6.76679E+06
6.00000E-01	1.60112E+01	6.67878E+06
6.00000E-01	1.62921E+01	6.59202E+06
6.00000E-01	1.65730E+01	6.50718E+06
6.00000E-01	1.68539E+01	6.42335E+06
6.00000E-01	1.71348E+01	6.34057E+06
6.00000E-01	1.74157E+01	6.25955E+06
6.00000E-01	1.76966E+01	6.17991E+06
6.00000E-01	1.79775E+01	6.10111E+06
6.00000E-01	1.82584E+01	6.02377E+06
6.00000E-01	1.85393E+01	5.94794E+06
6.00000E-01	1.88202E+01	5.87294E+06
6.00000E-01	1.91011E+01	5.79908E+06
6.00000E-01	1.93820E+01	5.72691E+06
6.00000E-01	1.96629E+01	5.65600E+06
6.00000E-01	1.99438E+01	5.58571E+06
6.00000E-01	2.02247E+01	5.51639E+06
6.00000E-01	2.05056E+01	5.44844E+06
6.00000E-01	2.07865E+01	5.38137E+06
6.00000E-01	2.10674E+01	5.31490E+06
6.00000E-01	2.13483E+01	5.24972E+06
6.00000E-01	2.16292E+01	5.18589E+06
6.00000E-01	2.19101E+01	5.12295E+06
6.00000E-01	2.21910E+01	5.06105E+06
6.00000E-01	2.24719E+01	5.00051E+06
6.00000E-01	2.27528E+01	4.94087E+06
6.00000E-01	2.30337E+01	4.88181E+06
6.00000E-01	2.33146E+01	4.82374E+06
6.00000E-01	2.35955E+01	4.76686E+06
6.00000E-01	2.38764E+01	4.71080E+06
6.00000E-01	2.41573E+01	4.65568E+06
6.00000E-01	2.44382E+01	4.60194E+06
6.00000E-01	2.47191E+01	4.54941E+06
6.00000E-01	2.50000E+01	4.49785E+06
7.00000E-01	0.00000E+00	1.20502E+08
7.00000E-01	2.80899E-01	1.00063E+08
7.00000E-01	5.61798E-01	8.22115E+07
7.00000E-01	8.42697E-01	7.52134E+07
7.00000E-01	1.12360E+00	6.93016E+07
7.00000E-01	1.40449E+00	6.25793E+07
7.00000E-01	1.68539E+00	5.55288E+07
7.00000E-01	1.96629E+00	4.88312E+07
7.00000E-01	2.24719E+00	4.30010E+07
7.00000E-01	2.52809E+00	3.81346E+07
7.00000E-01	2.80899E+00	3.40984E+07
7.00000E-01	3.08989E+00	3.07262E+07
7.00000E-01	3.37079E+00	2.78814E+07
7.00000E-01	3.65169E+00	2.54637E+07
7.00000E-01	3.93258E+00	2.33960E+07
7.00000E-01	4.21348E+00	2.16188E+07
7.00000E-01	4.49438E+00	2.00808E+07
7.00000E-01	4.77528E+00	1.87434E+07
7.00000E-01	5.05618E+00	1.75728E+07
7.00000E-01	5.33708E+00	1.65439E+07
7.00000E-01	5.61798E+00	1.56349E+07
7.00000E-01	5.89888E+00	1.48275E+07
7.00000E-01	6.17978E+00	1.41087E+07
7.00000E-01	6.46067E+00	1.34657E+07
7.00000E-01	6.74157E+00	1.28909E+07
7.00000E-01	7.02247E+00	1.23738E+07
7.00000E-01	7.30337E+00	1.19095E+07
7.00000E-01	7.58427E+00	1.14899E+07
7.00000E-01	7.86517E+00	1.11114E+07
7.00000E-01	8.14607E+00	1.07682E+07
7.00000E-01	8.42697E+00	1.04564E+07
7.00000E-01	8.70787E+00	1.01728E+07
7.00000E-01	8.98876E+00	9.91265E+06
7.00000E-01	9.26966E+00	9.67472E+06
7.00000E-01	9.55056E+00	9.45508E+06
7.00000E-01	9.83146E+00	9.25305E+06
7.00000E-01	1.01124E+01	9.06534E+06
7.00000E-01	1.03933E+01	8.89154E+06
7.00000E-01	1.06742E+01	8.72979E+06
7.00000E-01	1.09551E+01	8.57856E+06
7.00000E-01	1.12360E+01	8.43684E+06
7.00000E-01	1.15169E+01	8.30285E+06
7.00000E-01	1.17978E+01	8.17624E+06
7.00000E-01	1.20787E+01	8.05506E+06
7.00000E-01	1.23596E+01	7.93924E+06
7.00000E-01	1.26404E+01	7.82746E+06
7.00000E-01	1.29213E+01	7.71994E+06
7.00000E-01	1.32022E+01	7.61588E+06
7.00000E-01	1.34831E+01	7.51472E+06
7.00000E-01	1.37640E+01	7.41604E+06
7.00000E-01	1.40449E+01	7.31804E+06
7.00000E-01	1.43258E+01	7.22221E+06
7.00000E-01	1.46067E+01	7.12862E+06
7.00000E-01	1.48876E+01	7.03581E+06
7.00000E-01	1.51685E+01	6.94447E+06
7.00000E-01	1.54494E+01	6.85508E+06
7.00000E-01	1.57303E+01	6.76673E+06
7.00000E-01	1.60112E+01	6.67873E+06
7.00000E-01	1.62921E+01	6.59200E+06
7.00000E-01	1.65730E+01	6.50713E+06
7.00000E-01	1.68539E+01	6.42330E+06
7.00000E-01	1.71348E+01	6.34054E+06
7.00000E-01	1.74157E+01	6.25951E+06
7.00000E-01	1.76966E+01	6.17986E+06
7.00000E-01	1.79775E+01	6.10109E+06
7.00000E-01	1.82584E+01	6.02375E+06
7.00000E-01	1.85393E+01	5.94790E+06
7.00000E-01	1.88202E+01	5.87291E+06
7.00000E-01	1.91011E+01	5.79906E+06
7.00000E-01	1.93820E+01	5.72688E+06
7.00000E-01	1.96629E+01	5.65596E+06
7.00000E-01	1.99438E+01	5.58568E+06
7.00000E-01	2.02247E+01	5.51638E+06
7.00000E-01	2.05056E+01	5.44842E+06
7.00000E-01	2.07865E+01	5.38133E+06
7.00000E-01	2.10674E+01	5.31488E+06
7.00000E-01	2.13483E+01	5.24971E+06
7.00000E-01	2.16292E+01	5.18586E+06
7.00000E-01	2.19101E+01	5.12293E+06
7.00000E-01	2.21910E+01	5.06104E+06
7.00000E-01	2.24719E+01	5.00049E+06
7.00000E-01	2.27528E+01	4.94085E+06
7.00000E-01	2.30337E+01	4.88180E+06
7.00000E-01	2.33146E+01	4.82374E+06
7.00000E-01	2.35955E+01	4.76684E+06
7.00000E-01	2.38764E+01	4.71079E+06
7.00000E-01	2.41573E+01	4.65568E+06
7.00000E-01	2.44382E+01	4.60193E+06
7.00000E-01	2.47191E+01	4.54940E+06
7.00000E-01	2.50000E+01	4.49784E+06
8.00000E-01	0.00000E+00	1.17386E+08
8.00000E-01	2.80899E-01	9.91191E+07
8.00000E-01	5.61798E-01	8.19897E+07
8.00000E-01	8.42697E-01	7.50326E+07
8.00000E-01	1.12360E+00	6.91590E+07
8.00000E-01	1.40449E+00	6.24750E+07
8.00000E-01	1.68539E+00	5.54592E+07
8.00000E-01	1.96629E+00	4.87923E+07
8.00000E-01	2.24719E+00	4.29798E+07
8.00000E-01	2.52809E+00	3.81219E+07
8.00000E-01	2.80899E+00	3.40899E+07
8.00000E-01	3.08989E+00	3.07203E+07
8.00000E-01	3.37079E+00	2.78773E+07
8.00000E-01	3.65169E+00	2.54608E+07
8.00000E-01	3.93258E+00	2.33941E+07
8.00000E-01	4.21348E+00	2.16173E+07
8.00000E-01	4.49438E+00	2.00799E+07
8.00000E-01	4.77528E+00	1.87427E+07
8.00000E-01	5.05618E+00	1.75723E+07
8.00000E-01	5.33708E+00	1.65435E+07
8.00000E-01	5.61798E+00	1.56347E+07
8.00000E-01	5.89888E+00	1.48273E+07
8.00000E-01	6.17978E+00	1.41085E+07
8.00000E-01	6.46067E+00	1.34657E+07
8.00000E-01	6.74157E+00	1.28908E+07
8.00000E-01	7.02247E+00	1.23739E+07
8.00000E-01	7.30337E+00	1.19095E+07
8.00000E-01	7.58427E+00	1.14900E+07
8.00000E-01	7.86517E+00	1.11115E+07
8.00000E-01	8.14607E+00	1.07683E+07
8.00000E-01	8.42697E+00	1.04565E+07
8.00000E-01	8.70787E+00	1.01728E+07
8.00000E-01	8.98876E+00	9.91275E+06
8.00000E-01	9.26966E+00	9.67473E+06
8.00000E-01	9.55056E+00	9.45517E+06
8.00000E-01	9.83146E+00	9.25306E+06
8.00000E-01	1.01124E+01	9.06540E+06
8.00000E-01	1.03933E+01	8.89157E+06
8.00000E-01	1.06742E+01	8.72981E+06
8.00000E-01	1.09551E+01	8.57859E+06
8.00000E-01	1.12360E+01	8.43682E+06
8.00000E-01	1.15169E+01	8.30286E+06
8.00000E-01	1.17978E+01	8.17620E+06
8.00000E-01	1.20787E+01	8.05506E+06
8.00000E-01	1.23596E+01	7.93919E+06
8.00000E-01	1.26404E+01	7.82743E+06
8.00000E-01	1.29213E+01	7.71990E+06
8.00000E-01	1.32022E+01	7.61583E+06
8.00000E-01	1.34831E+01	7.51468E+06
8.00000E-01	1.37640E+01	7.41594E+06
8.00000E-01	1.40449E+01	7.31799E+06
8.00000E-01	1.43258E+01	7.22217E+06
8.00000E-01	1.46067E+01	7.12854E+06
8.00000E-01	1.48876E+01	7.03576E+06
8.00000E-01	1.51685E+01	6.94442E+06
8.00000E-01	1.54494E+01	6.85502E+06
8.00000E-01	1.57303E+01	6.76665E+06
8.00000E-01	1.60112E+01	6.67868E+06
8.00000E-01	1.62921E+01	6.59196E+06
8.00000E-01	1.65730E+01	6.50708E+06
8.00000E-01	1.68539E+01	6.42325E+06
8.00000E-01	1.71348E+01	6.34051E+06
8.00000E-01	1.74157E+01	6.25948E+06
8.00000E-01	1.76966E+01	6.17981E+06
8.00000E-01	1.79775E+01	6.10105E+06
8.00000E-01	1.82584E+01	6.02372E+06
8.00000E-01	1.85393E+01	5.94785E+06
8.00000E-01	1.88202E+01	5.87288E+06
8.00000E-01	1.91011E+01	5.79904E+06
8.00000E-01	1.93820E+01	5.72686E+06
8.00000E-01	1.96629E+01	5.65592E+06
8.00000E-01	1.99438E+01	5.58565E+06
8.00000E-01	2.02247E+01	5.51635E+06
8.00000E-01	2.05056E+01	5.44838E+06
8.00000E-01	2.07865E+01	5.38130E+06
8.00000E-01	2.10674E+01	5.31486E+06
8.00000E-01	2.13483E+01	5.24969E+06
8.00000E-01	2.16292E+01	5.18584E+06
8.00000E-01	2.19101E+01	5.12291E+06
8.00000E-01	2.21910E+01	5.06103E+06
8.00000E-01	2.24719E+01	5.00047E+06
8.00000E-01	2.27528E+01	4.94082E+06
8.00000E-01	2.30337E+01	4.88178E+06
8.00000E-01	2.33146E+01	4.82372E+06
8.00000E-01	2.35955E+01	4.76682E+06
8.00000E-01	2.38764E+01	4.71077E+06
8.00000E-01	2.41573E+01	4.65568E+06
8.00000E-01	2.44382E+01	4.60193E+06
8.00000E-01	2.47191E+01	4.54939E+06
8.00000E-01	2.50000E+01	4.49784E+06
9.00000E-01	0.00000E+00	1.14508E+08
9.00000E-01	2.80899E-01	9.79544E+07
9.00000E-01	5.61798E-01	8.18006E+07
9.00000E-01	8.42697E-01	7.48235E+07
9.00000E-01	1.12360E+00	6.89913E+07
9.00000E-01	1.40449E+00	6.23536E+07
9.00000E-01	1.68539E+00	5.53788E+07
9.00000E-01	1.96629E+00	4.87469E+07
9.00000E-01	2.24719E+00	4.29549E+07
9.00000E-01	2.52809E+00	3.81069E+07
9.00000E-01	2.80899E+00	3.40800E+07
9.00000E-01	3.08989E+00	3.07134E+07
9.00000E-01	3.37079E+00	2.78725E+07
9.00000E-01	3.65169E+00	2.54575E+07
9.00000E-01	3.93258E+00	2.33918E+07
9.00000E-01	4.21348E+00	2.16157E+07
9.00000E-01	4.49438E+00	2.00787E+07
9.00000E-01	4.77528E+00	1.87418E+07
9.00000E-01	5.05618E+00	1.75717E+07
9.00000E-01	5.33708E+00	1.65431E+07
9.00000E-01	5.61798E+00	1.56343E+07
9.00000E-01	5.89888E+00	1.48271E+07
9.00000E-01	6.17978E+00	1.41083E+07
9.00000E-01	6.46067E+00	1.34657E+07
9.00000E-01	6.74157E+00	1.28908E+07
9.00000E-01	7.02247E+00	1.23739E+07
9.00000E-01	7.30337E+00	1.19095E+07
9.00000E-01	7.58427E+00	1.14901E+07
9.00000E-01	7.86517E+00	1.11115E+07
9.00000E-01	8.14607E+00	1.07683E+07
9.00000E-01	8.42697E+00	1.04566E+07
9.00000E-01	8.70787E+00	1.01728E+07
9.00000E-01	8.98876E+00	9.91284E+06
9.00000E-01	9.26966E+00	9.67476E+06
9.00000E-01	9.55056E+00	9.45525E+06
9.00000E-01	9.83146E+00	9.25308E+06
9.00000E-01	1.01124E+01	9.06545E+06
9.00000E-01	1.03933E+01	8.89160E+06
9.00000E-01	1.06742E+01	8.72983E+06
9.00000E-01	1.09551E+01	8.57862E+06
9.00000E-01	1.12360E+01	8.43681E+06
9.00000E-01	1.15169E+01	8.30288E+06
9.00000E-01	1.17978E+01	8.17616E+06
9.00000E-01	1.20787E+01	8.05504E+06
9.00000E-01	1.23596E+01	7.93914E+06
9.00000E-01	1.26404E+01	7.82740E+06
9.00000E-01	1.29213E+01	7.71986E+06
9.00000E-01	1.32022E+01	7.61578E+06
9.00000E-01	1.34831E+01	7.51462E+06
9.00000E-01	1.37640E+01	7.41583E+06
9.00000E-01	1.40449E+01	7.31794E+06
9.00000E-01	1.43258E+01	7.22212E+06
9.00000E-01	1.46067E+01	7.12846E+06
9.00000E-01	1.48876E+01	7.03569E+06
9.00000E-01	1.51685E+01	6.94437E+06
9.00000E-01	1.54494E+01	6.85495E+06
9.00000E-01	1.57303E+01	6.76656E+06
9.00000E-01	1.60112E+01	6.67862E+06
9.00000E-01	1.62921E+01	6.59192E+06
9.00000E-01	1.65730E+01	6.50702E+06
9.00000E-01	1.68539E+01	6.42320E+06
9.00000E-01	1.71348E+01	6.34048E+06
9.00000E-01	1.74157E+01	6.25943E+06
9.00000E-01	1.76966E+01	6.17976E+06
9.00000E-01	1.79775E+01	6.10102E+06
9.00000E-01	1.82584E+01	6.02369E+06
9.00000E-01	1.85393E+01	5.94780E+06
9.00000E-01	1.88202E+01	5.87284E+06
9.00000E-01	1.91011E+01	5.79902E+06
9.00000E-01	1.93820E+01	5.72682E+06
9.00000E-01	1.96629E+01	5.65587E+06
9.00000E-01	1.99438E+01	5.58561E+06
9.00000E-01	2.02247E+01	5.51633E+06
9.00000E-01	2.05056E+01	5.44835E+06
9.00000E-01	2.07865E+01	5.38126E+06
9.00000E-01	2.10674E+01	5.31484E+06
9.00000E-01	2.13483E+01	5.24967E+06
9.00000E-01	2.16292E+01	5.18581E+06
9.00000E-01	2.19101E+01	5.12289E+06
9.00000E-01	2.21910E+01	5.06101E+06
9.00000E-01	2.24719E+01	5.00045E+06
9.00000E-01	2.27528E+01	4.94079E+06
9.00000E-01	2.30337E+01	4.88176E+06
9.00000E-01	2.33146E+01	4.82371E+06
9.00000E-01	2.35955E+01	4.76680E+06
9.00000E-01	2.38764E+01	4.71075E+06
9.00000E-01	2.41573E+01	4.65567E+06
9.00000E-01	2.44382E+01	4.60192E+06
9.00000E-01	2.47191E+01	4.54937E+06
9.00000E-01	2.50000E+01	4.49783E+06
1.00000E+00	0.00000E+00	1.11838E+08
1.00000E+00	2.80899E-01	9.66419E+07
1.00000E+00	5.61798E-01	8.16539E+07
1.00000E+00	8.42697E-01	7.45952E+07
1.00000E+00	1.12360E+00	6.87987E+07
1.00000E+00	1.40449E+00	6.22146E+07
1.00000E+00	1.68539E+00	5.52874E+07
1.00000E+00	1.96629E+00	4.86948E+07
1.00000E+00	2.24719E+00	4.29260E+07
1.00000E+00	2.52809E+00	3.80895E+07
1.00000E+00	2.80899E+00	3.40685E+07
1.00000E+00	3.08989E+00	3.07054E+07
1.00000E+00	3.37079E+00	2.78670E+07
1.00000E+00	3.65169E+00	2.54537E+07
1.00000E+00	3.93258E+00	2.33891E+07
1.00000E+00	4.21348E+00	2.16137E+07
1.00000E+00	4.49438E+00	2.00774E+07
1.00000E+00	4.77528E+00	1.87408E+07
1.00000E+00	5.05618E+00	1.75710E+07
1.00000E+00	5.33708E+00	1.65425E+07
1.00000E+00	5.61798E+00	1.56339E+07
1.00000E+00	5.89888E+00	1.48269E+07
1.00000E+00	6.17978E+00	1.41081E+07
1.00000E+00	6.46067E+00	1.34656E+07
1.00000E+00	6.74157E+00	1.28907E+07
1.00000E+00	7.02247E+00	1.23740E+07
1.00000E+00	7.30337E+00	1.19095E+07
1.00000E+00	7.58427E+00	1.14902E+07
1.00000E+00	7.86517E+00	1.11116E+07
1.00000E+00	8.14607E+00	1.07684E+07
1.00000E+00	8.42697E+00	1.04567E+07
1.00000E+00	8.70787E+00	1.01729E+07
1.00000E+00	8.98876E+00	9.91293E+06
1.00000E+00	9.26966E+00	9.67479E+06
1.00000E+00	9.55056E+00	9.45533E+06
1.00000E+00	9.83146E+00	9.25311E+06
1.00000E+00	1.01124E+01	9.06551E+06
1.00000E+00	1.03933E+01	8.89164E+06
1.00000E+00	1.06742E+01	8.72985E+06
1.00000E+00	1.09551E+01	8.57864E+06
1.00000E+00	1.12360E+01	8.43680E+06
1.00000E+00	1.15169E+01	8.30288E+06
1.00000E+00	1.17978E+01	8.17612E+06
1.00000E+00	1.20787E+01	8.05502E+06
1.00000E+00	1.23596E+01	7.93909E+06
1.00000E+00	1.26404E+01	7.82737E+06
1.00000E+00	1.29213E+01	7.71981E+06
1.00000E+00	1.32022E+01	7.61571E+06
1.00000E+00	1.34831E+01	7.51456E+06
1.00000E+00	1.37640E+01	7.41572E+06
1.00000E+00	1.40449E+01	7.31787E+06
1.00000E+00	1.43258E+01	7.22206E+06
1.00000E+00	1.46067E+01	7.12836E+06
1.00000E+00	1.48876E+01	7.03561E+06
1.00000E+00	1.51685E+01	6.94431E+06
1.00000E+00	1.54494E+01	6.85487E+06
1.00000E+00	1.57303E+01	6.76647E+06
1.00000E+00	1.60112E+01	6.67855E+06
1.00000E+00	1.62921E+01	6.59188E+06
1.00000E+00	1.65730E+01	6.50695E+06
1.00000E+00	1.68539E+01	6.42313E+06
1.00000E+00	1.71348E+01	6.34043E+06
1.00000E+00	1.74157E+01	6.25938E+06
1.00000E+00	1.76966E+01	6.17970E+06
1.00000E+00	1.79775E+01	6.10097E+06
1.00000E+00	1.82584E+01	6.02365E+06
1.00000E+00	1.85393E+01	5.94775E+06
1.00000E+00	1.88202E+01	5.87279E+06
1.00000E+00	1.91011E+01	5.79899E+06
1.00000E+00	1.93820E+01	5.72679E+06
1.00000E+00	1.96629E+01	5.65582E+06
1.00000E+00	1.99438E+01	5.58557E+06
1.00000E+00	2.02247E+01	5.51630E+06
1.00000E+00	2.05056E+01	5.44831E+06
1.00000E+00	2.07865E+01	5.38121E+06
1.00000E+00	2.10674E+01	5.31482E+06
1.00000E+00	2.13483E+01	5.24965E+06
1.00000E+00	2.16292E+01	5.18578E+06
1.00000E+00	2.19101E+01	5.12286E+06
1.00000E+00	2.21910E+01	5.06100E+06
1.00000E+00	2.24719E+01	5.00042E+06
1.00000E+00	2.27528E+01	4.94075E+06
1.00000E+00	2.30337E+01	4.88174E+06
1.00000E+00	2.33146E+01	4.82369E+06
1.00000E+00	2.35955E+01	4.76678E+06
1.00000E+00	2.38764E+01	4.71073E+06
1.00000E+00	2.41573E+01	4.65567E+06
1.00000E+00	2.44382E+01	4.60191E+06
1.00000E+00	2.47191E+01	4.54936E+06
1.00000E+00	2.50000E+01	4.49782E+06
1.50000E+00	0.00000E+00	1.01046E+08
1.50000E+00	2.80899E-01	9.03798E+07
1.50000E+00	5.61798E-01	8.09114E+07
1.50000E+00	8.42697E-01	7.34897E+07
1.50000E+00	1.12360E+00	6.75666E+07
1.50000E+00	1.40449E+00	6.12678E+07
1.50000E+00	1.68539E+00	5.46593E+07
1.50000E+00	1.96629E+00	4.83259E+07
1.50000E+00	2.24719E+00	4.27165E+07
1.50000E+00	2.52809E+00	3.79629E+07
1.50000E+00	2.80899E+00	3.39857E+07
1.50000E+00	3.08989E+00	3.06484E+07
1.50000E+00	3.37079E+00	2.78272E+07
1.50000E+00	3.65169E+00	2.54258E+07
1.50000E+00	3.93258E+00	2.33696E+07
1.50000E+00	4.21348E+00	2.15996E+07
1.50000E+00	4.49438E+00	2.00672E+07
1.50000E+00	4.77528E+00	1.87332E+07
1.50000E+00	5.05618E+00	1.75655E+07
1.50000E+00	5.33708E+00	1.65384E+07
1.50000E+00	5.61798E+00	1.56307E+07
1.50000E+00	5.89888E+00	1.48247E+07
1.50000E+00	6.17978E+00	1.41066E+07
1.50000E+00	6.46067E+00	1.34648E+07
1.50000E+00	6.74157E+00	1.28901E+07
1.50000E+00	7.02247E+00	1.23739E+07
1.50000E+00	7.30337E+00	1.19095E+07
1.50000E+00	7.58427E+00	1.14905E+07
1.50000E+00	7.86517E+00	1.11119E+07
1.50000E+00	8.14607E+00	1.07688E+07
1.50000E+00	8.42697E+00	1.04571E+07
1.50000E+00	8.70787E+00	1.01732E+07
1.50000E+00	8.98876E+00	9.91332E+06
1.50000E+00	9.26966E+00	9.67502E+06
1.50000E+00	9.55056E+00	9.45566E+06
1.50000E+00	9.83146E+00	9.25327E+06
1.50000E+00	1.01124E+01	9.06577E+06
1.50000E+00	1.03933E+01	8.89184E+06
1.50000E+00	1.06742E+01	8.72997E+06
1.50000E+00	1.09551E+01	8.57871E+06
1.50000E+00	1.12360E+01	8.43674E+06
1.50000E+00	1.15169E+01	8.30281E+06
1.50000E+00	1.17978E+01	8.17588E+06
1.50000E+00	1.20787E+01	8.05477E+06
1.50000E+00	1.23596E+01	7.93874E+06
1.50000E+00	1.26404E+01	7.82707E+06
1.50000E+00	1.29213E+01	7.71945E+06
1.50000E+00	1.32022E+01	7.61529E+06
1.50000E+00	1.34831E+01	7.51407E+06
1.50000E+00	1.37640E+01	7.41503E+06
1.50000E+00	1.40449E+01	7.31738E+06
1.50000E+00	1.43258E+01	7.22161E+06
1.50000E+00	1.46067E+01	7.12775E+06
1.50000E+00	1.48876E+01	7.03510E+06
1.50000E+00	1.51685E+01	6.94389E+06
1.50000E+00	1.54494E+01	6.85434E+06
1.50000E+00	1.57303E+01	6.76586E+06
1.50000E+00	1.60112E+01	6.67808E+06
1.50000E+00	1.62921E+01	6.59152E+06
1.50000E+00	1.65730E+01	6.50651E+06
1.50000E+00	1.68539E+01	6.42271E+06
1.50000E+00	1.71348E+01	6.34011E+06
1.50000E+00	1.74157E+01	6.25904E+06
1.50000E+00	1.76966E+01	6.17931E+06
1.50000E+00	1.79775E+01	6.10067E+06
1.50000E+00	1.82584E+01	6.02336E+06
1.50000E+00	1.85393E+01	5.94740E+06
1.50000E+00	1.88202E+01	5.87250E+06
1.50000E+00	1.91011E+01	5.79878E+06
1.50000E+00	1.93820E+01	5.72653E+06
1.50000E+00	1.96629E+01	5.65549E+06
1.50000E+00	1.99438E+01	5.58530E+06
1.50000E+00	2.02247E+01	5.51609E+06
1.50000E+00	2.05056E+01	5.44804E+06
1.50000E+00	2.07865E+01	5.38093E+06
1.50000E+00	2.10674E+01	5.31463E+06
1.50000E+00	2.13483E+01	5.24949E+06
1.50000E+00	2.16292E+01	5.18557E+06
1.50000E+00	2.19101E+01	5.12268E+06
1.50000E+00	2.21910E+01	5.06086E+06
1.50000E+00	2.24719E+01	5.00024E+06
1.50000E+00	2.27528E+01	4.94054E+06
1.50000E+00	2.30337E+01	4.88158E+06
1.50000E+00	2.33146E+01	4.82357E+06
1.50000E+00	2.35955E+01	4.76663E+06
1.50000E+00	2.38764E+01	4.71061E+06
1.50000E+00	2.41573E+01	4.65561E+06
1.50000E+00	2.44382E+01	4.60185E+06
1.50000E+00	2.47191E+01	4.54927E+06
1.50000E+00	2.50000E+01	4.49776E+06
2.00000E+00	0.00000E+00	9.33920E+07
2.00000E+00	2.80899E-01	8.59142E+07
2.00000E+00	5.61798E-01	7.88919E+07
2.00000E+00	8.42697E-01	7.24956E+07
2.00000E+00	1.12360E+00	6.62609E+07
2.00000E+00	1.40449E+00	6.00576E+07
2.00000E+00	1.68539E+00	5.37799E+07
2.00000E+00	1.96629E+00	4.77709E+07
2.00000E+00	2.24719E+00	4.23847E+07
2.00000E+00	2.52809E+00	3.77593E+07
2.00000E+00	2.80899E+00	3.38533E+07
2.00000E+00	3.08989E+00	3.05581E+07
2.00000E+00	3.37079E+00	2.77643E+07
2.00000E+00	3.65169E+00	2.53815E+07
2.00000E+00	3.93258E+00	2.33382E+07
2.00000E+00	4.21348E+00	2.15769E+07
2.00000E+00	4.49438E+00	2.00506E+07
2.00000E+00	4.77528E+00	1.87208E+07
2.00000E+00	5.05618E+00	1.75563E+07
2.00000E+00	5.33708E+00	1.65315E+07
2.00000E+00	5.61798E+00	1.56255E+07
2.00000E+00	5.89888E+00	1.48209E+07
2.00000E+00	6.17978E+00	1.41039E+07
2.00000E+00	6.46067E+00	1.34630E+07
2.00000E+00	6.74157E+00	1.28889E+07
2.00000E+00	7.02247E+00	1.23733E+07
2.00000E+00	7.30337E+00	1.19092E+07
2.00000E+00	7.58427E+00	1.14906E+07
2.00000E+00	7.86517E+00	1.11121E+07
2.00000E+00	8.14607E+00	1.07691E+07
2.00000E+00	8.42697E+00	1.04575E+07
2.00000E+00	8.70787E+00	1.01734E+07
2.00000E+00	8.98876E+00	9.91362E+06
2.00000E+00	9.26966E+00	9.67527E+06
2.00000E+00	9.55056E+00	9.45591E+06
2.00000E+00	9.83146E+00	9.25345E+06
2.00000E+00	1.01124E+01	9.06598E+06
2.00000E+00	1.03933E+01	8.89200E+06
2.00000E+00	1.06742E+01	8.73005E+06
2.00000E+00	1.09551E+01	8.57870E+06
2.00000E+00	1.12360E+01	8.43661E+06
2.00000E+00	1.15169E+01	8.30259E+06
2.00000E+00	1.17978E+01	8.17551E+06
2.00000E+00	1.20787E+01	8.05434E+06
2.00000E+00	1.23596E+01	7.93824E+06
2.00000E+00	1.26404E+01	7.82656E+06
2.00000E+00	1.29213E+01	7.71888E+06
2.00000E+00	1.32022E+01	7.61465E+06
2.00000E+00	1.34831E+01	7.51331E+06
2.00000E+00	1.37640E+01	7.41415E+06
2.00000E+00	1.40449E+01	7.31662E+06
2.00000E+00	1.43258E+01	7.22089E+06
2.00000E+00	1.46067E+01	7.12694E+06
2.00000E+00	1.48876E+01	7.03435E+06
2.00000E+00	1.51685E+01	6.94320E+06
2.00000E+00	1.54494E+01	6.85357E+06
2.00000E+00	1.57303E+01	6.76505E+06
2.00000E+00	1.60112E+01	6.67739E+06
2.00000E+00	1.62921E+01	6.59093E+06
2.00000E+00	1.65730E+01	6.50590E+06
2.00000E+00	1.68539E+01	6.42213E+06
2.00000E+00	1.71348E+01	6.33961E+06
2.00000E+00	1.74157E+01	6.25853E+06
2.00000E+00	1.76966E+01	6.17878E+06
2.00000E+00	1.79775E+01	6.10021E+06
2.00000E+00	1.82584E+01	6.02293E+06
2.00000E+00	1.85393E+01	5.94694E+06
2.00000E+00	1.88202E+01	5.87208E+06
2.00000E+00	1.91011E+01	5.79843E+06
2.00000E+00	1.93820E+01	5.72615E+06
2.00000E+00	1.96629E+01	5.65506E+06
2.00000E+00	1.99438E+01	5.58490E+06
2.00000E+00	2.02247E+01	5.51574E+06
2.00000E+00	2.05056E+01	5.44767E+06
2.00000E+00	2.07865E+01	5.38055E+06
2.00000E+00	2.10674E+01	5.31434E+06
2.00000E+00	2.13483E+01	5.24923E+06
2.00000E+00	2.16292E+01	5.18530E+06
2.00000E+00	2.19101E+01	5.12243E+06
2.00000E+00	2.21910E+01	5.06064E+06
2.00000E+00	2.24719E+01	4.99998E+06
2.00000E+00	2.27528E+01	4.94025E+06
2.00000E+00	2.30337E+01	4.88135E+06
2.00000E+00	2.33146E+01	4.82338E+06
2.00000E+00	2.35955E+01	4.76643E+06
2.00000E+00	2.38764E+01	4.71044E+06
2.00000E+00	2.41573E+01	4.65550E+06
2.00000E+00	2.44382E+01	4.60174E+06
2.00000E+00	2.47191E+01	4.54916E+06
2.00000E+00	2.50000E+01	4.49766E+06
2.50000E+00	0.00000E+00	8.76397E+07
2.50000E+00	2.80899E-01	8.21207E+07
2.50000E+00	5.61798E-01	7.61295E+07
2.50000E+00	8.42697E-01	7.09945E+07
2.50000E+00	1.12360E+00	6.50050E+07
2.50000E+00	1.40449E+00	5.88329E+07
2.50000E+00	1.68539E+00	5.27814E+07
2.50000E+00	1.96629E+00	4.70728E+07
2.50000E+00	2.24719E+00	4.19335E+07
2.50000E+00	2.52809E+00	3.74705E+07
2.50000E+00	2.80899E+00	3.36631E+07
2.50000E+00	3.08989E+00	3.04287E+07
2.50000E+00	3.37079E+00	2.76741E+07
2.50000E+00	3.65169E+00	2.53177E+07
2.50000E+00	3.93258E+00	2.32926E+07
2.50000E+00	4.21348E+00	2.15438E+07
2.50000E+00	4.49438E+00	2.00262E+07
2.50000E+00	4.77528E+00	1.87027E+07
2.50000E+00	5.05618E+00	1.75427E+07
2.50000E+00	5.33708E+00	1.65212E+07
2.50000E+00	5.61798E+00	1.56176E+07
2.50000E+00	5.89888E+00	1.48150E+07
2.50000E+00	6.17978E+00	1.40996E+07
2.50000E+00	6.46067E+00	1.34600E+07
2.50000E+00	6.74157E+00	1.28869E+07
2.50000E+00	7.02247E+00	1.23720E+07
2.50000E+00	7.30337E+00	1.19085E+07
2.50000E+00	7.58427E+00	1.14902E+07
2.50000E+00	7.86517E+00	1.11120E+07
2.50000E+00	8.14607E+00	1.07692E+07
2.50000E+00	8.42697E+00	1.04576E+07
2.50000E+00	8.70787E+00	1.01736E+07
2.50000E+00	8.98876E+00	9.91379E+06
2.50000E+00	9.26966E+00	9.67542E+06
2.50000E+00	9.55056E+00	9.45606E+06
2.50000E+00	9.83146E+00	9.25357E+06
2.50000E+00	1.01124E+01	9.06609E+06
2.50000E+00	1.03933E+01	8.89206E+06
2.50000E+00	1.06742E+01	8.73002E+06
2.50000E+00	1.09551E+01	8.57856E+06
2.50000E+00	1.12360E+01	8.43636E+06
2.50000E+00	1.15169E+01	8.30220E+06
2.50000E+00	1.17978E+01	8.17499E+06
2.50000E+00	1.20787E+01	8.05371E+06
2.50000E+00	1.23596E+01	7.93754E+06
2.50000E+00	1.26404E+01	7.82583E+06
2.50000E+00	1.29213E+01	7.71808E+06
2.50000E+00	1.32022E+01	7.61376E+06
2.50000E+00	1.34831E+01	7.51229E+06
2.50000E+00	1.37640E+01	7.41304E+06
2.50000E+00	1.40449E+01	7.31557E+06
2.50000E+00	1.43258E+01	7.21988E+06
2.50000E+00	1.46067E+01	7.12589E+06
2.50000E+00	1.48876E+01	7.03335E+06
2.50000E+00	1.51685E+01	6.94225E+06
2.50000E+00	1.54494E+01	6.85256E+06
2.50000E+00	1.57303E+01	6.76402E+06
2.50000E+00	1.60112E+01	6.67648E+06
2.50000E+00	1.62921E+01	6.59011E+06
2.50000E+00	1.65730E+01	6.50509E+06
2.50000E+00	1.68539E+01	6.42136E+06
2.50000E+00	1.71348E+01	6.33892E+06
2.50000E+00	1.74157E+01	6.25785E+06
2.50000E+00	1.76966E+01	6.17810E+06
2.50000E+00	1.79775E+01	6.09958E+06
2.50000E+00	1.82584E+01	6.02233E+06
2.50000E+00	1.85393E+01	5.94634E+06
2.50000E+00	1.88202E+01	5.87153E+06
2.50000E+00	1.91011E+01	5.79794E+06
2.50000E+00	1.93820E+01	5.72564E+06
2.50000E+00	1.96629E+01	5.65452E+06
2.50000E+00	1.99438E+01	5.58439E+06
2.50000E+00	2.02247E+01	5.51526E+06
2.50000E+00	2.05056E+01	5.44719E+06
2.50000E+00	2.07865E+01	5.38009E+06
2.50000E+00	2.10674E+01	5.31394E+06
2.50000E+00	2.13483E+01	5.24887E+06
2.50000E+00	2.16292E+01	5.18494E+06
2.50000E+00	2.19101E+01	5.12209E+06
2.50000E+00	2.21910E+01	5.06033E+06
2.50000E+00	2.24719E+01	4.99964E+06
2.50000E+00	2.27528E+01	4.93990E+06
2.50000E+00	2.30337E+01	4.88104E+06
2.50000E+00	2.33146E+01	4.82311E+06
2.50000E+00	2.35955E+01	4.76617E+06
2.50000E+00	2.38764E+01	4.71023E+06
2.50000E+00	2.41573E+01	4.65534E+06
2.50000E+00	2.44382E+01	4.60160E+06
2.50000E+00	2.47191E+01	4.54901E+06
2.50000E+00	2.50000E+01	4.49752E+06
3.00000E+00	0.00000E+00	8.29935E+07
3.00000E+00	2.80899E-01	7.86515E+07
3.00000E+00	5.61798E-01	7.33704E+07
3.00000E+00	8.42697E-01	6.88763E+07
3.00000E+00	1.12360E+00	6.35598E+07
3.00000E+00	1.40449E+00	5.76380E+07
3.00000E+00	1.68539E+00	5.17820E+07
3.00000E+00	1.96629E+00	4.63139E+07
3.00000E+00	2.24719E+00	4.14002E+07
3.00000E+00	2.52809E+00	3.71073E+07
3.00000E+00	2.80899E+00	3.34153E+07
3.00000E+00	3.08989E+00	3.02569E+07
3.00000E+00	3.37079E+00	2.75533E+07
3.00000E+00	3.65169E+00	2.52317E+07
3.00000E+00	3.93258E+00	2.32306E+07
3.00000E+00	4.21348E+00	2.14986E+07
3.00000E+00	4.49438E+00	1.99928E+07
3.00000E+00	4.77528E+00	1.86777E+07
3.00000E+00	5.05618E+00	1.75238E+07
3.00000E+00	5.33708E+00	1.65068E+07
3.00000E+00	5.61798E+00	1.56066E+07
3.00000E+00	5.89888E+00	1.48067E+07
3.00000E+00	6.17978E+00	1.40934E+07
3.00000E+00	6.46067E+00	1.34555E+07
3.00000E+00	6.74157E+00	1.28836E+07
3.00000E+00	7.02247E+00	1.23698E+07
3.00000E+00	7.30337E+00	1.19070E+07
3.00000E+00	7.58427E+00	1.14893E+07
3.00000E+00	7.86517E+00	1.11115E+07
3.00000E+00	8.14607E+00	1.07689E+07
3.00000E+00	8.42697E+00	1.04575E+07
3.00000E+00	8.70787E+00	1.01735E+07
3.00000E+00	8.98876E+00	9.91376E+06
3.00000E+00	9.26966E+00	9.67541E+06
3.00000E+00	9.55056E+00	9.45605E+06
3.00000E+00	9.83146E+00	9.25354E+06
3.00000E+00	1.01124E+01	9.06605E+06
3.00000E+00	1.03933E+01	8.89198E+06
3.00000E+00	1.06742E+01	8.72985E+06
3.00000E+00	1.09551E+01	8.57827E+06
3.00000E+00	1.12360E+01	8.43593E+06
3.00000E+00	1.15169E+01	8.30163E+06
3.00000E+00	1.17978E+01	8.17427E+06
3.00000E+00	1.20787E+01	8.05288E+06
3.00000E+00	1.23596E+01	7.93662E+06
3.00000E+00	1.26404E+01	7.82485E+06
3.00000E+00	1.29213E+01	7.71702E+06
3.00000E+00	1.32022E+01	7.61259E+06
3.00000E+00	1.34831E+01	7.51100E+06
3.00000E+00	1.37640E+01	7.41168E+06
3.00000E+00	1.40449E+01	7.31424E+06
3.00000E+00	1.43258E+01	7.21858E+06
3.00000E+00	1.46067E+01	7.12459E+06
3.00000E+00	1.48876E+01	7.03209E+06
3.00000E+00	1.51685E+01	6.94102E+06
3.00000E+00	1.54494E+01	6.85131E+06
3.00000E+00	1.57303E+01	6.76278E+06
3.00000E+00	1.60112E+01	6.67533E+06
3.00000E+00	1.62921E+01	6.58906E+06
3.00000E+00	1.65730E+01	6.50409E+06
3.00000E+00	1.68539E+01	6.42041E+06
3.00000E+00	1.71348E+01	6.33803E+06
3.00000E+00	1.74157E+01	6.25700E+06
3.00000E+00	1.76966E+01	6.17727E+06
3.00000E+00	1.79775E+01	6.09879E+06
3.00000E+00	1.82584E+01	6.02157E+06
3.00000E+00	1.85393E+01	5.94560E+06
3.00000E+00	1.88202E+01	5.87084E+06
3.00000E+00	1.91011E+01	5.79729E+06
3.00000E+00	1.93820E+01	5.72499E+06
3.00000E+00	1.96629E+01	5.65385E+06
3.00000E+00	1.99438E+01	5.58374E+06
3.00000E+00	2.02247E+01	5.51466E+06
3.00000E+00	2.05056E+01	5.44659E+06
3.00000E+00	2.07865E+01	5.37952E+06
3.00000E+00	2.10674E+01	5.31343E+06
3.00000E+00	2.13483E+01	5.24841E+06
3.00000E+00	2.16292E+01	5.18449E+06
3.00000E+00	2.19101E+01	5.12167E+06
3.00000E+00	2.21910E+01	5.05992E+06
3.00000E+00	2.24719E+01	4.99922E+06
3.00000E+00	2.27528E+01	4.93948E+06
3.00000E+00	2.30337E+01	4.88065E+06
3.00000E+00	2.33146E+01	4.82276E+06
3.00000E+00	2.35955E+01	4.76586E+06
3.00000E+00	2.38764E+01	4.70996E+06
3.00000E+00	2.41573E+01	4.65512E+06
3.00000E+00	2.44382E+01	4.60140E+06
3.00000E+00	2.47191E+01	4.54882E+06
3.00000E+00	2.50000E+01	4.49734E+06
3.50000E+00	0.00000E+00	7.90044E+07
3.50000E+00	2.80899E-01	7.53972E+07
3.50000E+00	5.61798E-01	7.07843E+07
3.50000E+00	8.42697E-01	6.64642E+07
3.50000E+00	1.12360E+00	6.18020E+07
3.50000E+00	1.40449E+00	5.63700E+07
3.50000E+00	1.68539E+00	5.07964E+07
3.50000E+00	1.96629E+00	4.55503E+07
3.50000E+00	2.24719E+00	4.08320E+07
3.50000E+00	2.52809E+00	3.66968E+07
3.50000E+00	2.80899E+00	3.31218E+07
3.50000E+00	3.08989E+00	3.00468E+07
3.50000E+00	3.37079E+00	2.74021E+07
3.50000E+00	3.65169E+00	2.51223E+07
3.50000E+00	3.93258E+00	2.31509E+07
3.50000E+00	4.21348E+00	2.14399E+07
3.50000E+00	4.49438E+00	1.99492E+07
3.50000E+00	4.77528E+00	1.86449E+07
3.50000E+00	5.05618E+00	1.74989E+07
3.50000E+00	5.33708E+00	1.64877E+07
3.50000E+00	5.61798E+00	1.55920E+07
3.50000E+00	5.89888E+00	1.47955E+07
3.50000E+00	6.17978E+00	1.40849E+07
3.50000E+00	6.46067E+00	1.34492E+07
3.50000E+00	6.74157E+00	1.28790E+07
3.50000E+00	7.02247E+00	1.23665E+07
3.50000E+00	7.30337E+00	1.19047E+07
3.50000E+00	7.58427E+00	1.14877E+07
3.50000E+00	7.86517E+00	1.11104E+07
3.50000E+00	8.14607E+00	1.07682E+07
3.50000E+00	8.42697E+00	1.04570E+07
3.50000E+00	8.70787E+00	1.01731E+07
3.50000E+00	8.98876E+00	9.91346E+06
3.50000E+00	9.26966E+00	9.67516E+06
3.50000E+00	9.55056E+00	9.45582E+06
3.50000E+00	9.83146E+00	9.25332E+06
3.50000E+00	1.01124E+01	9.06582E+06
3.50000E+00	1.03933E+01	8.89171E+06
3.50000E+00	1.06742E+01	8.72949E+06
3.50000E+00	1.09551E+01	8.57778E+06
3.50000E+00	1.12360E+01	8.43529E+06
3.50000E+00	1.15169E+01	8.30084E+06
3.50000E+00	1.17978E+01	8.17333E+06
3.50000E+00	1.20787E+01	8.05181E+06
3.50000E+00	1.23596E+01	7.93546E+06
3.50000E+00	1.26404E+01	7.82361E+06
3.50000E+00	1.29213E+01	7.71569E+06
3.50000E+00	1.32022E+01	7.61115E+06
3.50000E+00	1.34831E+01	7.50944E+06
3.50000E+00	1.37640E+01	7.41005E+06
3.50000E+00	1.40449E+01	7.31263E+06
3.50000E+00	1.43258E+01	7.21699E+06
3.50000E+00	1.46067E+01	7.12301E+06
3.50000E+00	1.48876E+01	7.03055E+06
3.50000E+00	1.51685E+01	6.93951E+06
3.50000E+00	1.54494E+01	6.84981E+06
3.50000E+00	1.57303E+01	6.76131E+06
3.50000E+00	1.60112E+01	6.67394E+06
3.50000E+00	1.62921E+01	6.58777E+06
3.50000E+00	1.65730E+01	6.50287E+06
3.50000E+00	1.68539E+01	6.41925E+06
3.50000E+00	1.71348E+01	6.33694E+06
3.50000E+00	1.74157E+01	6.25595E+06
3.50000E+00	1.76966E+01	6.17626E+06
3.50000E+00	1.79775E+01	6.09783E+06
3.50000E+00	1.82584E+01	6.02065E+06
3.50000E+00	1.85393E+01	5.94472E+06
3.50000E+00	1.88202E+01	5.87000E+06
3.50000E+00	1.91011E+01	5.79649E+06
3.50000E+00	1.93820E+01	5.72420E+06
3.50000E+00	1.96629E+01	5.65306E+06
3.50000E+00	1.99438E+01	5.58298E+06
3.50000E+00	2.02247E+01	5.51392E+06
3.50000E+00	2.05056E+01	5.44588E+06
3.50000E+00	2.07865E+01	5.37884E+06
3.50000E+00	2.10674E+01	5.31281E+06
3.50000E+00	2.13483E+01	5.24784E+06
3.50000E+00	2.16292E+01	5.18395E+06
3.50000E+00	2.19101E+01	5.12115E+06
3.50000E+00	2.21910E+01	5.05942E+06
3.50000E+00	2.24719E+01	4.99872E+06
3.50000E+00	2.27528E+01	4.93899E+06
3.50000E+00	2.30337E+01	4.88020E+06
3.50000E+00	2.33146E+01	4.82235E+06
3.50000E+00	2.35955E+01	4.76548E+06
3.50000E+00	2.38764E+01	4.70963E+06
3.50000E+00	2.41573E+01	4.65484E+06
3.50000E+00	2.44382E+01	4.60115E+06
3.50000E+00	2.47191E+01	4.54859E+06
3.50000E+00	2.50000E+01	4.49711E+06
4.00000E+00	0.00000E+00	7.54318E+07
4.00000E+00	2.80899E-01	7.23071E+07
4.00000E+00	5.61798E-01	6.82479E+07
4.00000E+00	8.42697E-01	6.40244E+07
4.00000E+00	1.12360E+00	5.98118E+07
4.00000E+00	1.40449E+00	5.49500E+07
4.00000E+00	1.68539E+00	4.97748E+07
4.00000E+00	1.96629E+00	4.47869E+07
4.00000E+00	2.24719E+00	4.02563E+07
4.00000E+00	2.52809E+00	3.62654E+07
4.00000E+00	2.80899E+00	3.28005E+07
4.00000E+00	3.08989E+00	2.98083E+07
4.00000E+00	3.37079E+00	2.72253E+07
4.00000E+00	3.65169E+00	2.49913E+07
4.00000E+00	3.93258E+00	2.30536E+07
4.00000E+00	4.21348E+00	2.13673E+07
4.00000E+00	4.49438E+00	1.98945E+07
4.00000E+00	4.77528E+00	1.86035E+07
4.00000E+00	5.05618E+00	1.74673E+07
4.00000E+00	5.33708E+00	1.64634E+07
4.00000E+00	5.61798E+00	1.55733E+07
4.00000E+00	5.89888E+00	1.47811E+07
4.00000E+00	6.17978E+00	1.40739E+07
4.00000E+00	6.46067E+00	1.34408E+07
4.00000E+00	6.74157E+00	1.28728E+07
4.00000E+00	7.02247E+00	1.23618E+07
4.00000E+00	7.30337E+00	1.19013E+07
4.00000E+00	7.58427E+00	1.14853E+07
4.00000E+00	7.86517E+00	1.11087E+07
4.00000E+00	8.14607E+00	1.07669E+07
4.00000E+00	8.42697E+00	1.04560E+07
4.00000E+00	8.70787E+00	1.01724E+07
4.00000E+00	8.98876E+00	9.91282E+06
4.00000E+00	9.26966E+00	9.67461E+06
4.00000E+00	9.55056E+00	9.45532E+06
4.00000E+00	9.83146E+00	9.25285E+06
4.00000E+00	1.01124E+01	9.06535E+06
4.00000E+00	1.03933E+01	8.89119E+06
4.00000E+00	1.06742E+01	8.72888E+06
4.00000E+00	1.09551E+01	8.57705E+06
4.00000E+00	1.12360E+01	8.43442E+06
4.00000E+00	1.15169E+01	8.29980E+06
4.00000E+00	1.17978E+01	8.17214E+06
4.00000E+00	1.20787E+01	8.05049E+06
4.00000E+00	1.23596E+01	7.93403E+06
4.00000E+00	1.26404E+01	7.82208E+06
4.00000E+00	1.29213E+01	7.71406E+06
4.00000E+00	1.32022E+01	7.60940E+06
4.00000E+00	1.34831E+01	7.50759E+06
4.00000E+00	1.37640E+01	7.40815E+06
4.00000E+00	1.40449E+01	7.31073E+06
4.00000E+00	1.43258E+01	7.21511E+06
4.00000E+00	1.46067E+01	7.12115E+06
4.00000E+00	1.48876E+01	7.02872E+06
4.00000E+00	1.51685E+01	6.93772E+06
4.00000E+00	1.54494E+01	6.84805E+06
4.00000E+00	1.57303E+01	6.75960E+06
4.00000E+00	1.60112E+01	6.67232E+06
4.00000E+00	1.62921E+01	6.58624E+06
4.00000E+00	1.65730E+01	6.50142E+06
4.00000E+00	1.68539E+01	6.41788E+06
4.00000E+00	1.71348E+01	6.33564E+06
4.00000E+00	1.74157E+01	6.25471E+06
4.00000E+00	1.76966E+01	6.17507E+06
4.00000E+00	1.79775E+01	6.09669E+06
4.00000E+00	1.82584E+01	6.01956E+06
4.00000E+00	1.85393E+01	5.94367E+06
4.00000E+00	1.88202E+01	5.86900E+06
4.00000E+00	1.91011E+01	5.79554E+06
4.00000E+00	1.93820E+01	5.72327E+06
4.00000E+00	1.96629E+01	5.65214E+06
4.00000E+00	1.99438E+01	5.58208E+06
4.00000E+00	2.02247E+01	5.51305E+06
4.00000E+00	2.05056E+01	5.44505E+06
4.00000E+00	2.07865E+01	5.37806E+06
4.00000E+00	2.10674E+01	5.31208E+06
4.00000E+00	2.13483E+01	5.24716E+06
4.00000E+00	2.16292E+01	5.18331E+06
4.00000E+00	2.19101E+01	5.12054E+06
4.00000E+00	2.21910E+01	5.05882E+06
4.00000E+00	2.24719E+01	4.99813E+06
4.00000E+00	2.27528E+01	4.93842E+06
4.00000E+00	2.30337E+01	4.87966E+06
4.00000E+00	2.33146E+01	4.82186E+06
4.00000E+00	2.35955E+01	4.76504E+06
4.00000E+00	2.38764E+01	4.70924E+06
4.00000E+00	2.41573E+01	4.65450E+06
4.00000E+00	2.44382E+01	4.60085E+06
4.00000E+00	2.47191E+01	4.54830E+06
4.00000E+00	2.50000E+01	4.49682E+06
5.00000E+00	0.00000E+00	6.90908E+07
5.00000E+00	2.80899E-01	6.65485E+07
5.00000E+00	5.61798E-01	6.32649E+07
5.00000E+00	8.42697E-01	5.94602E+07
5.00000E+00	1.12360E+00	5.56734E+07
5.00000E+00	1.40449E+00	5.17278E+07
5.00000E+00	1.68539E+00	4.74725E+07
5.00000E+00	1.96629E+00	4.31570E+07
5.00000E+00	2.24719E+00	3.90718E+07
5.00000E+00	2.52809E+00	3.53801E+07
5.00000E+00	2.80899E+00	3.21264E+07
5.00000E+00	3.08989E+00	2.92903E+07
5.00000E+00	3.37079E+00	2.68260E+07
5.00000E+00	3.65169E+00	2.46837E+07
5.00000E+00	3.93258E+00	2.28168E+07
5.00000E+00	4.21348E+00	2.11850E+07
5.00000E+00	4.49438E+00	1.97540E+07
5.00000E+00	4.77528E+00	1.84948E+07
5.00000E+00	5.05618E+00	1.73829E+07
5.00000E+00	5.33708E+00	1.63978E+07
5.00000E+00	5.61798E+00	1.55220E+07
5.00000E+00	5.89888E+00	1.47412E+07
5.00000E+00	6.17978E+00	1.40429E+07
5.00000E+00	6.46067E+00	1.34169E+07
5.00000E+00	6.74157E+00	1.28543E+07
5.00000E+00	7.02247E+00	1.23477E+07
5.00000E+00	7.30337E+00	1.18905E+07
5.00000E+00	7.58427E+00	1.14771E+07
5.00000E+00	7.86517E+00	1.11024E+07
5.00000E+00	8.14607E+00	1.07621E+07
5.00000E+00	8.42697E+00	1.04522E+07
5.00000E+00	8.70787E+00	1.01692E+07
5.00000E+00	8.98876E+00	9.91017E+06
5.00000E+00	9.26966E+00	9.67229E+06
5.00000E+00	9.55056E+00	9.45323E+06
5.00000E+00	9.83146E+00	9.25090E+06
5.00000E+00	1.01124E+01	9.06344E+06
5.00000E+00	1.03933E+01	8.88923E+06
5.00000E+00	1.06742E+01	8.72678E+06
5.00000E+00	1.09551E+01	8.57472E+06
5.00000E+00	1.12360E+01	8.43181E+06
5.00000E+00	1.15169E+01	8.29688E+06
5.00000E+00	1.17978E+01	8.16891E+06
5.00000E+00	1.20787E+01	8.04698E+06
5.00000E+00	1.23596E+01	7.93027E+06
5.00000E+00	1.26404E+01	7.81811E+06
5.00000E+00	1.29213E+01	7.70986E+06
5.00000E+00	1.32022E+01	7.60500E+06
5.00000E+00	1.34831E+01	7.50301E+06
5.00000E+00	1.37640E+01	7.40346E+06
5.00000E+00	1.40449E+01	7.30601E+06
5.00000E+00	1.43258E+01	7.21043E+06
5.00000E+00	1.46067E+01	7.11654E+06
5.00000E+00	1.48876E+01	7.02420E+06
5.00000E+00	1.51685E+01	6.93329E+06
5.00000E+00	1.54494E+01	6.84372E+06
5.00000E+00	1.57303E+01	6.75541E+06
5.00000E+00	1.60112E+01	6.66832E+06
5.00000E+00	1.62921E+01	6.58245E+06
5.00000E+00	1.65730E+01	6.49783E+06
5.00000E+00	1.68539E+01	6.41448E+06
5.00000E+00	1.71348E+01	6.33241E+06
5.00000E+00	1.74157E+01	6.25163E+06
5.00000E+00	1.76966E+01	6.17212E+06
5.00000E+00	1.79775E+01	6.09387E+06
5.00000E+00	1.82584E+01	6.01686E+06
5.00000E+00	1.85393E+01	5.94109E+06
5.00000E+00	1.88202E+01	5.86652E+06
5.00000E+00	1.91011E+01	5.79315E+06
5.00000E+00	1.93820E+01	5.72095E+06
5.00000E+00	1.96629E+01	5.64987E+06
5.00000E+00	1.99438E+01	5.57988E+06
5.00000E+00	2.02247E+01	5.51094E+06
5.00000E+00	2.05056E+01	5.44302E+06
5.00000E+00	2.07865E+01	5.37613E+06
5.00000E+00	2.10674E+01	5.31027E+06
5.00000E+00	2.13483E+01	5.24546E+06
5.00000E+00	2.16292E+01	5.18170E+06
5.00000E+00	2.19101E+01	5.11900E+06
5.00000E+00	2.21910E+01	5.05734E+06
5.00000E+00	2.24719E+01	4.99670E+06
5.00000E+00	2.27528E+01	4.93705E+06
5.00000E+00	2.30337E+01	4.87837E+06
5.00000E+00	2.33146E+01	4.82067E+06
5.00000E+00	2.35955E+01	4.76396E+06
5.00000E+00	2.38764E+01	4.70827E+06
5.00000E+00	2.41573E+01	4.65363E+06
5.00000E+00	2.44382E+01	4.60005E+06
5.00000E+00	2.47191E+01	4.54755E+06
5.00000E+00	2.50000E+01	4.49609E+06
6.00000E+00	0.00000E+00	6.35148E+07
6.00000E+00	2.80899E-01	6.13230E+07
6.00000E+00	5.61798E-01	5.85551E+07
6.00000E+00	8.42697E-01	5.52965E+07
6.00000E+00	1.12360E+00	5.18153E+07
6.00000E+00	1.40449E+00	4.84020E+07
6.00000E+00	1.68539E+00	4.48901E+07
6.00000E+00	1.96629E+00	4.12876E+07
6.00000E+00	2.24719E+00	3.77476E+07
6.00000E+00	2.52809E+00	3.44277E+07
6.00000E+00	2.80899E+00	3.14196E+07
6.00000E+00	3.08989E+00	2.87493E+07
6.00000E+00	3.37079E+00	2.64028E+07
6.00000E+00	3.65169E+00	2.43483E+07
6.00000E+00	3.93258E+00	2.25495E+07
6.00000E+00	4.21348E+00	2.09715E+07
6.00000E+00	4.49438E+00	1.95834E+07
6.00000E+00	4.77528E+00	1.83584E+07
6.00000E+00	5.05618E+00	1.72740E+07
6.00000E+00	5.33708E+00	1.63108E+07
6.00000E+00	5.61798E+00	1.54526E+07
6.00000E+00	5.89888E+00	1.46859E+07
6.00000E+00	6.17978E+00	1.39989E+07
6.00000E+00	6.46067E+00	1.33821E+07
6.00000E+00	6.74157E+00	1.28268E+07
6.00000E+00	7.02247E+00	1.23260E+07
6.00000E+00	7.30337E+00	1.18735E+07
6.00000E+00	7.58427E+00	1.14636E+07
6.00000E+00	7.86517E+00	1.10917E+07
6.00000E+00	8.14607E+00	1.07535E+07
6.00000E+00	8.42697E+00	1.04451E+07
6.00000E+00	8.70787E+00	1.01633E+07
6.00000E+00	8.98876E+00	9.90513E+06
6.00000E+00	9.26966E+00	9.66788E+06
6.00000E+00	9.55056E+00	9.44926E+06
6.00000E+00	9.83146E+00	9.24721E+06
6.00000E+00	1.01124E+01	9.05991E+06
6.00000E+00	1.03933E+01	8.88574E+06
6.00000E+00	1.06742E+01	8.72321E+06
6.00000E+00	1.09551E+01	8.57098E+06
6.00000E+00	1.12360E+01	8.42782E+06
6.00000E+00	1.15169E+01	8.29262E+06
6.00000E+00	1.17978E+01	8.16437E+06
6.00000E+00	1.20787E+01	8.04216E+06
6.00000E+00	1.23596E+01	7.92521E+06
6.00000E+00	1.26404E+01	7.81281E+06
6.00000E+00	1.29213E+01	7.70435E+06
6.00000E+00	1.32022E+01	7.59929E+06
6.00000E+00	1.34831E+01	7.49715E+06
6.00000E+00	1.37640E+01	7.39751E+06
6.00000E+00	1.40449E+01	7.30005E+06
6.00000E+00	1.43258E+01	7.20451E+06
6.00000E+00	1.46067E+01	7.11070E+06
6.00000E+00	1.48876E+01	7.01847E+06
6.00000E+00	1.51685E+01	6.92769E+06
6.00000E+00	1.54494E+01	6.83828E+06
6.00000E+00	1.57303E+01	6.75015E+06
6.00000E+00	1.60112E+01	6.66328E+06
6.00000E+00	1.62921E+01	6.57765E+06
6.00000E+00	1.65730E+01	6.49327E+06
6.00000E+00	1.68539E+01	6.41014E+06
6.00000E+00	1.71348E+01	6.32828E+06
6.00000E+00	1.74157E+01	6.24769E+06
6.00000E+00	1.76966E+01	6.16836E+06
6.00000E+00	1.79775E+01	6.09027E+06
6.00000E+00	1.82584E+01	6.01342E+06
6.00000E+00	1.85393E+01	5.93779E+06
6.00000E+00	1.88202E+01	5.86335E+06
6.00000E+00	1.91011E+01	5.79010E+06
6.00000E+00	1.93820E+01	5.71800E+06
6.00000E+00	1.96629E+01	5.64702E+06
6.00000E+00	1.99438E+01	5.57712E+06
6.00000E+00	2.02247E+01	5.50828E+06
6.00000E+00	2.05056E+01	5.44048E+06
6.00000E+00	2.07865E+01	5.37372E+06
6.00000E+00	2.10674E+01	5.30799E+06
6.00000E+00	2.13483E+01	5.24329E+06
6.00000E+00	2.16292E+01	5.17965E+06
6.00000E+00	2.19101E+01	5.11704E+06
6.00000E+00	2.21910E+01	5.05547E+06
6.00000E+00	2.24719E+01	4.99491E+06
6.00000E+00	2.27528E+01	4.93534E+06
6.00000E+00	2.30337E+01	4.87677E+06
6.00000E+00	2.33146E+01	4.81918E+06
6.00000E+00	2.35955E+01	4.76259E+06
6.00000E+00	2.38764E+01	4.70702E+06
6.00000E+00	2.41573E+01	4.65248E+06
6.00000E+00	2.44382E+01	4.59899E+06
6.00000E+00	2.47191E+01	4.54654E+06
6.00000E+00	2.50000E+01	4.49512E+06
7.00000E+00	0.00000E+00	5.85554E+07
7.00000E+00	2.80899E-01	5.66168E+07
7.00000E+00	5.61798E-01	5.42296E+07
7.00000E+00	8.42697E-01	5.14393E+07
7.00000E+00	1.12360E+00	4.83779E+07
7.00000E+00	1.40449E+00	4.52962E+07
7.00000E+00	1.68539E+00	4.22828E+07
7.00000E+00	1.96629E+00	3.92559E+07
7.00000E+00	2.24719E+00	3.62476E+07
7.00000E+00	2.52809E+00	3.33459E+07
7.00000E+00	2.80899E+00	3.06355E+07
7.00000E+00	3.08989E+00	2.81680E+07
7.00000E+00	3.37079E+00	2.59592E+07
7.00000E+00	3.65169E+00	2.40007E+07
7.00000E+00	3.93258E+00	2.22715E+07
7.00000E+00	4.21348E+00	2.07462E+07
7.00000E+00	4.49438E+00	1.93994E+07
7.00000E+00	4.77528E+00	1.82076E+07
7.00000E+00	5.05618E+00	1.71501E+07
7.00000E+00	5.33708E+00	1.62091E+07
7.00000E+00	5.61798E+00	1.53693E+07
7.00000E+00	5.89888E+00	1.46178E+07
7.00000E+00	6.17978E+00	1.39434E+07
7.00000E+00	6.46067E+00	1.33369E+07
7.00000E+00	6.74157E+00	1.27902E+07
7.00000E+00	7.02247E+00	1.22964E+07
7.00000E+00	7.30337E+00	1.18494E+07
7.00000E+00	7.58427E+00	1.14441E+07
7.00000E+00	7.86517E+00	1.10757E+07
7.00000E+00	8.14607E+00	1.07403E+07
7.00000E+00	8.42697E+00	1.04341E+07
7.00000E+00	8.70787E+00	1.01540E+07
7.00000E+00	8.98876E+00	9.89707E+06
7.00000E+00	9.26966E+00	9.66078E+06
7.00000E+00	9.55056E+00	9.44286E+06
7.00000E+00	9.83146E+00	9.24131E+06
7.00000E+00	1.01124E+01	9.05433E+06
7.00000E+00	1.03933E+01	8.88032E+06
7.00000E+00	1.06742E+01	8.71781E+06
7.00000E+00	1.09551E+01	8.56551E+06
7.00000E+00	1.12360E+01	8.42220E+06
7.00000E+00	1.15169E+01	8.28679E+06
7.00000E+00	1.17978E+01	8.15830E+06
7.00000E+00	1.20787E+01	8.03585E+06
7.00000E+00	1.23596E+01	7.91867E+06
7.00000E+00	1.26404E+01	7.80606E+06
7.00000E+00	1.29213E+01	7.69741E+06
7.00000E+00	1.32022E+01	7.59219E+06
7.00000E+00	1.34831E+01	7.48993E+06
7.00000E+00	1.37640E+01	7.39024E+06
7.00000E+00	1.40449E+01	7.29279E+06
7.00000E+00	1.43258E+01	7.19731E+06
7.00000E+00	1.46067E+01	7.10360E+06
7.00000E+00	1.48876E+01	7.01151E+06
7.00000E+00	1.51685E+01	6.92090E+06
7.00000E+00	1.54494E+01	6.83169E+06
7.00000E+00	1.57303E+01	6.74379E+06
7.00000E+00	1.60112E+01	6.65717E+06
7.00000E+00	1.62921E+01	6.57181E+06
7.00000E+00	1.65730E+01	6.48769E+06
7.00000E+00	1.68539E+01	6.40483E+06
7.00000E+00	1.71348E+01	6.32322E+06
7.00000E+00	1.74157E+01	6.24286E+06
7.00000E+00	1.76966E+01	6.16375E+06
7.00000E+00	1.79775E+01	6.08586E+06
7.00000E+00	1.82584E+01	6.00920E+06
7.00000E+00	1.85393E+01	5.93374E+06
7.00000E+00	1.88202E+01	5.85947E+06
7.00000E+00	1.91011E+01	5.78636E+06
7.00000E+00	1.93820E+01	5.71440E+06
7.00000E+00	1.96629E+01	5.64354E+06
7.00000E+00	1.99438E+01	5.57378E+06
7.00000E+00	2.02247E+01	5.50507E+06
7.00000E+00	2.05056E+01	5.43741E+06
7.00000E+00	2.07865E+01	5.37079E+06
7.00000E+00	2.10674E+01	5.30520E+06
7.00000E+00	2.13483E+01	5.24065E+06
7.00000E+00	2.16292E+01	5.17713E+06
7.00000E+00	2.19101E+01	5.11465E+06
7.00000E+00	2.21910E+01	5.05319E+06
7.00000E+00	2.24719E+01	4.99274E+06
7.00000E+00	2.27528E+01	4.93329E+06
7.00000E+00	2.30337E+01	4.87483E+06
7.00000E+00	2.33146E+01	4.81737E+06
7.00000E+00	2.35955E+01	4.76091E+06
7.00000E+00	2.38764E+01	4.70546E+06
7.00000E+00	2.41573E+01	4.65104E+06
7.00000E+00	2.44382E+01	4.59764E+06
7.00000E+00	2.47191E+01	4.54527E+06
7.00000E+00	2.50000E+01	4.49390E+06
8.00000E+00	0.00000E+00	5.41376E+07
8.00000E+00	2.80899E-01	5.24030E+07
8.00000E+00	5.61798E-01	5.03168E+07
8.00000E+00	8.42697E-01	4.79092E+07
8.00000E+00	1.12360E+00	4.52584E+07
8.00000E+00	1.40449E+00	4.25032E+07
8.00000E+00	1.68539E+00	3.98268E+07
8.00000E+00	1.96629E+00	3.72170E+07
8.00000E+00	2.24719E+00	3.46455E+07
8.00000E+00	2.52809E+00	3.21386E+07
8.00000E+00	2.80899E+00	2.97458E+07
8.00000E+00	3.08989E+00	2.75138E+07
8.00000E+00	3.37079E+00	2.54717E+07
8.00000E+00	3.65169E+00	2.36291E+07
8.00000E+00	3.93258E+00	2.19812E+07
8.00000E+00	4.21348E+00	2.05142E+07
8.00000E+00	4.49438E+00	1.92106E+07
8.00000E+00	4.77528E+00	1.80519E+07
8.00000E+00	5.05618E+00	1.70207E+07
8.00000E+00	5.33708E+00	1.61010E+07
8.00000E+00	5.61798E+00	1.52789E+07
8.00000E+00	5.89888E+00	1.45421E+07
8.00000E+00	6.17978E+00	1.38802E+07
8.00000E+00	6.46067E+00	1.32842E+07
8.00000E+00	6.74157E+00	1.27463E+07
8.00000E+00	7.02247E+00	1.22599E+07
8.00000E+00	7.30337E+00	1.18190E+07
8.00000E+00	7.58427E+00	1.14187E+07
8.00000E+00	7.86517E+00	1.10545E+07
8.00000E+00	8.14607E+00	1.07224E+07
8.00000E+00	8.42697E+00	1.04188E+07
8.00000E+00	8.70787E+00	1.01408E+07
8.00000E+00	8.98876E+00	9.88555E+06
8.00000E+00	9.26966E+00	9.65054E+06
8.00000E+00	9.55056E+00	9.43360E+06
8.00000E+00	9.83146E+00	9.23278E+06
8.00000E+00	1.01124E+01	9.04631E+06
8.00000E+00	1.03933E+01	8.87262E+06
8.00000E+00	1.06742E+01	8.71029E+06
8.00000E+00	1.09551E+01	8.55802E+06
8.00000E+00	1.12360E+01	8.41466E+06
8.00000E+00	1.15169E+01	8.27913E+06
8.00000E+00	1.17978E+01	8.15049E+06
8.00000E+00	1.20787E+01	8.02787E+06
8.00000E+00	1.23596E+01	7.91051E+06
8.00000E+00	1.26404E+01	7.79773E+06
8.00000E+00	1.29213E+01	7.68894E+06
8.00000E+00	1.32022E+01	7.58361E+06
8.00000E+00	1.34831E+01	7.48128E+06
8.00000E+00	1.37640E+01	7.38158E+06
8.00000E+00	1.40449E+01	7.28416E+06
8.00000E+00	1.43258E+01	7.18877E+06
8.00000E+00	1.46067E+01	7.09520E+06
8.00000E+00	1.48876E+01	7.00328E+06
8.00000E+00	1.51685E+01	6.91289E+06
8.00000E+00	1.54494E+01	6.82391E+06
8.00000E+00	1.57303E+01	6.73628E+06
8.00000E+00	1.60112E+01	6.64995E+06
8.00000E+00	1.62921E+01	6.56488E+06
8.00000E+00	1.65730E+01	6.48107E+06
8.00000E+00	1.68539E+01	6.39851E+06
8.00000E+00	1.71348E+01	6.31719E+06
8.00000E+00	1.74157E+01	6.23710E+06
8.00000E+00	1.76966E+01	6.15824E+06
8.00000E+00	1.79775E+01	6.08060E+06
8.00000E+00	1.82584E+01	6.00416E+06
8.00000E+00	1.85393E+01	5.92891E+06
8.00000E+00	1.88202E+01	5.85483E+06
8.00000E+00	1.91011E+01	5.78191E+06
8.00000E+00	1.93820E+01	5.71011E+06
8.00000E+00	1.96629E+01	5.63942E+06
8.00000E+00	1.99438E+01	5.56982E+06
8.00000E+00	2.02247E+01	5.50127E+06
8.00000E+00	2.05056E+01	5.43378E+06
8.00000E+00	2.07865E+01	5.36732E+06
8.00000E+00	2.10674E+01	5.30190E+06
8.00000E+00	2.13483E+01	5.23751E+06
8.00000E+00	2.16292E+01	5.17415E+06
8.00000E+00	2.19101E+01	5.11181E+06
8.00000E+00	2.21910E+01	5.05048E+06
8.00000E+00	2.24719E+01	4.99017E+06
8.00000E+00	2.27528E+01	4.93086E+06
8.00000E+00	2.30337E+01	4.87254E+06
8.00000E+00	2.33146E+01	4.81522E+06
8.00000E+00	2.35955E+01	4.75890E+06
8.00000E+00	2.38764E+01	4.70359E+06
8.00000E+00	2.41573E+01	4.64928E+06
8.00000E+00	2.44382E+01	4.59599E+06
8.00000E+00	2.47191E+01	4.54370E+06
8.00000E+00	2.50000E+01	4.49240E+06
9.00000E+00	0.00000E+00	5.02027E+07
9.00000E+00	2.80899E-01	4.86418E+07
9.00000E+00	5.61798E-01	4.68027E+07
9.00000E+00	8.42697E-01	4.47084E+07
9.00000E+00	1.12360E+00	4.24104E+07
9.00000E+00	1.40449E+00	3.99944E+07
9.00000E+00	1.68539E+00	3.75841E+07
9.00000E+00	1.96629E+00	3.52771E+07
9.00000E+00	2.24719E+00	3.30391E+07
9.00000E+00	2.52809E+00	3.08630E+07
9.00000E+00	2.80899E+00	2.87663E+07
9.00000E+00	3.08989E+00	2.67769E+07
9.00000E+00	3.37079E+00	2.49209E+07
9.00000E+00	3.65169E+00	2.32149E+07
9.00000E+00	3.93258E+00	2.16650E+07
9.00000E+00	4.21348E+00	2.02678E+07
9.00000E+00	4.49438E+00	1.90144E+07
9.00000E+00	4.77528E+00	1.78927E+07
9.00000E+00	5.05618E+00	1.68893E+07
9.00000E+00	5.33708E+00	1.59912E+07
9.00000E+00	5.61798E+00	1.51864E+07
9.00000E+00	5.89888E+00	1.44638E+07
9.00000E+00	6.17978E+00	1.38137E+07
9.00000E+00	6.46067E+00	1.32277E+07
9.00000E+00	6.74157E+00	1.26982E+07
9.00000E+00	7.02247E+00	1.22189E+07
9.00000E+00	7.30337E+00	1.17841E+07
9.00000E+00	7.58427E+00	1.13889E+07
9.00000E+00	7.86517E+00	1.10289E+07
9.00000E+00	8.14607E+00	1.07003E+07
9.00000E+00	8.42697E+00	1.03996E+07
9.00000E+00	8.70787E+00	1.01240E+07
9.00000E+00	8.98876E+00	9.87058E+06
9.00000E+00	9.26966E+00	9.63708E+06
9.00000E+00	9.55056E+00	9.42133E+06
9.00000E+00	9.83146E+00	9.22142E+06
9.00000E+00	1.01124E+01	9.03562E+06
9.00000E+00	1.03933E+01	8.86241E+06
9.00000E+00	1.06742E+01	8.70039E+06
9.00000E+00	1.09551E+01	8.54831E+06
9.00000E+00	1.12360E+01	8.40501E+06
9.00000E+00	1.15169E+01	8.26948E+06
9.00000E+00	1.17978E+01	8.14077E+06
9.00000E+00	1.20787E+01	8.01806E+06
9.00000E+00	1.23596E+01	7.90060E+06
9.00000E+00	1.26404E+01	7.78772E+06
9.00000E+00	1.29213E+01	7.67885E+06
9.00000E+00	1.32022E+01	7.57347E+06
9.00000E+00	1.34831E+01	7.47113E+06
9.00000E+00	1.37640E+01	7.37145E+06
9.00000E+00	1.40449E+01	7.27411E+06
9.00000E+00	1.43258E+01	7.17886E+06
9.00000E+00	1.46067E+01	7.08546E+06
9.00000E+00	1.48876E+01	6.99376E+06
9.00000E+00	1.51685E+01	6.90361E+06
9.00000E+00	1.54494E+01	6.81491E+06
9.00000E+00	1.57303E+01	6.72759E+06
9.00000E+00	1.60112E+01	6.64158E+06
9.00000E+00	1.62921E+01	6.55685E+06
9.00000E+00	1.65730E+01	6.47338E+06
9.00000E+00	1.68539E+01	6.39114E+06
9.00000E+00	1.71348E+01	6.31015E+06
9.00000E+00	1.74157E+01	6.23037E+06
9.00000E+00	1.76966E+01	6.15180E+06
9.00000E+00	1.79775E+01	6.07444E+06
9.00000E+00	1.82584E+01	5.99827E+06
9.00000E+00	1.85393E+01	5.92326E+06
9.00000E+00	1.88202E+01	5.84942E+06
9.00000E+00	1.91011E+01	5.77671E+06
9.00000E+00	1.93820E+01	5.70513E+06
9.00000E+00	1.96629E+01	5.63463E+06
9.00000E+00	1.99438E+01	5.56522E+06
9.00000E+00	2.02247E+01	5.49687E+06
9.00000E+00	2.05056E+01	5.42957E+06
9.00000E+00	2.07865E+01	5.36330E+06
9.00000E+00	2.10674E+01	5.29807E+06
9.00000E+00	2.13483E+01	5.23386E+06
9.00000E+00	2.16292E+01	5.17067E+06
9.00000E+00	2.19101E+01	5.10850E+06
9.00000E+00	2.21910E+01	5.04734E+06
9.00000E+00	2.24719E+01	4.98719E+06
9.00000E+00	2.27528E+01	4.92803E+06
9.00000E+00	2.30337E+01	4.86988E+06
9.00000E+00	2.33146E+01	4.81271E+06
9.00000E+00	2.35955E+01	4.75654E+06
9.00000E+00	2.38764E+01	4.70137E+06
9.00000E+00	2.41573E+01	4.64720E+06
9.00000E+00	2.44382E+01	4.59403E+06
9.00000E+00	2.47191E+01	4.54184E+06
9.00000E+00	2.50000E+01	4.49062E+06
1.00000E+01	0.00000E+00	4.66966E+07
1.00000E+01	2.80899E-01	4.52871E+07
1.00000E+01	5.61798E-01	4.36554E+07
1.00000E+01	8.42697E-01	4.18200E+07
1.00000E+01	1.12360E+00	3.98175E+07
1.00000E+01	1.40449E+00	3.77049E+07
1.00000E+01	1.68539E+00	3.55598E+07
1.00000E+01	1.96629E+00	3.34807E+07
1.00000E+01	2.24719E+00	3.14966E+07
1.00000E+01	2.52809E+00	2.95833E+07
1.00000E+01	2.80899E+00	2.77391E+07
1.00000E+01	3.08989E+00	2.59748E+07
1.00000E+01	3.37079E+00	2.43062E+07
1.00000E+01	3.65169E+00	2.27481E+07
1.00000E+01	3.93258E+00	2.13100E+07
1.00000E+01	4.21348E+00	1.99955E+07
1.00000E+01	4.49438E+00	1.88025E+07
1.00000E+01	4.77528E+00	1.77246E+07
1.00000E+01	5.05618E+00	1.67535E+07
1.00000E+01	5.33708E+00	1.58797E+07
1.00000E+01	5.61798E+00	1.50933E+07
1.00000E+01	5.89888E+00	1.43852E+07
1.00000E+01	6.17978E+00	1.37468E+07
1.00000E+01	6.46067E+00	1.31703E+07
1.00000E+01	6.74157E+00	1.26488E+07
1.00000E+01	7.02247E+00	1.21761E+07
1.00000E+01	7.30337E+00	1.17470E+07
1.00000E+01	7.58427E+00	1.13565E+07
1.00000E+01	7.86517E+00	1.10005E+07
1.00000E+01	8.14607E+00	1.06753E+07
1.00000E+01	8.42697E+00	1.03774E+07
1.00000E+01	8.70787E+00	1.01041E+07
1.00000E+01	8.98876E+00	9.85266E+06
1.00000E+01	9.26966E+00	9.62074E+06
1.00000E+01	9.55056E+00	9.40625E+06
1.00000E+01	9.83146E+00	9.20734E+06
1.00000E+01	1.01124E+01	9.02232E+06
1.00000E+01	1.03933E+01	8.84969E+06
1.00000E+01	1.06742E+01	8.68809E+06
1.00000E+01	1.09551E+01	8.53628E+06
1.00000E+01	1.12360E+01	8.39315E+06
1.00000E+01	1.15169E+01	8.25771E+06
1.00000E+01	1.17978E+01	8.12903E+06
1.00000E+01	1.20787E+01	8.00632E+06
1.00000E+01	1.23596E+01	7.88883E+06
1.00000E+01	1.26404E+01	7.77594E+06
1.00000E+01	1.29213E+01	7.66706E+06
1.00000E+01	1.32022E+01	7.56169E+06
1.00000E+01	1.34831E+01	7.45940E+06
1.00000E+01	1.37640E+01	7.35981E+06
1.00000E+01	1.40449E+01	7.26261E+06
1.00000E+01	1.43258E+01	7.16753E+06
1.00000E+01	1.46067E+01	7.07435E+06
1.00000E+01	1.48876E+01	6.98290E+06
1.00000E+01	1.51685E+01	6.89304E+06
1.00000E+01	1.54494E+01	6.80466E+06
1.00000E+01	1.57303E+01	6.71768E+06
1.00000E+01	1.60112E+01	6.63203E+06
1.00000E+01	1.62921E+01	6.54767E+06
1.00000E+01	1.65730E+01	6.46457E+06
1.00000E+01	1.68539E+01	6.38271E+06
1.00000E+01	1.71348E+01	6.30207E+06
1.00000E+01	1.74157E+01	6.22264E+06
1.00000E+01	1.76966E+01	6.14441E+06
1.00000E+01	1.79775E+01	6.06736E+06
1.00000E+01	1.82584E+01	5.99149E+06
1.00000E+01	1.85393E+01	5.91677E+06
1.00000E+01	1.88202E+01	5.84320E+06
1.00000E+01	1.91011E+01	5.77075E+06
1.00000E+01	1.93820E+01	5.69940E+06
1.00000E+01	1.96629E+01	5.62915E+06
1.00000E+01	1.99438E+01	5.55996E+06
1.00000E+01	2.02247E+01	5.49184E+06
1.00000E+01	2.05056E+01	5.42475E+06
1.00000E+01	2.07865E+01	5.35870E+06
1.00000E+01	2.10674E+01	5.29368E+06
1.00000E+01	2.13483E+01	5.22968E+06
1.00000E+01	2.16292E+01	5.16669E+06
1.00000E+01	2.19101E+01	5.10472E+06
1.00000E+01	2.21910E+01	5.04375E+06
1.00000E+01	2.24719E+01	4.98378E+06
1.00000E+01	2.27528E+01	4.92480E+06
1.00000E+01	2.30337E+01	4.86682E+06
1.00000E+01	2.33146E+01	4.80983E+06
1.00000E+01	2.35955E+01	4.75382E+06
1.00000E+01	2.38764E+01	4.69881E+06
1.00000E+01	2.41573E+01	4.64478E+06
1.00000E+01	2.44382E+01	4.59174E+06
1.00000E+01	2.47191E+01	4.53966E+06
1.00000E+01	2.50000E+01	4.48854E+06
