1.00000E-04	0.00000E+00	9.78884E-01
1.00000E-04	2.80899E-01	7.73036E-02
1.00000E-04	5.61798E-01	5.15566E-02
1.00000E-04	8.42697E-01	4.46176E-02
1.00000E-04	1.12360E+00	4.08460E-02
1.00000E-04	1.40449E+00	3.71152E-02
1.00000E-04	1.68539E+00	3.46199E-02
1.00000E-04	1.96629E+00	3.33504E-02
1.00000E-04	2.24719E+00	3.30249E-02
1.00000E-04	2.52809E+00	3.40029E-02
1.00000E-04	2.80899E+00	3.61697E-02
1.00000E-04	3.08989E+00	3.91594E-02
1.00000E-04	3.37079E+00	4.35141E-02
1.00000E-04	3.65169E+00	5.16235E-02
1.00000E-04	3.93258E+00	6.26009E-02
1.00000E-04	4.21348E+00	7.88437E-02
1.00000E-04	4.49438E+00	9.89913E-02
1.00000E-04	4.77528E+00	1.23864E-01
1.00000E-04	5.05618E+00	1.55044E-01
1.00000E-04	5.33708E+00	1.92916E-01
1.00000E-04	5.61798E+00	2.45549E-01
1.00000E-04	5.89888E+00	3.14012E-01
1.00000E-04	6.17978E+00	4.16899E-01
1.00000E-04	6.46067E+00	5.44064E-01
1.00000E-04	6.74157E+00	7.11561E-01
1.00000E-04	7.02247E+00	9.13940E-01
1.00000E-04	7.30337E+00	1.15413E+00
1.00000E-04	7.58427E+00	1.43467E+00
1.00000E-04	7.86517E+00	1.71594E+00
1.00000E-04	8.14607E+00	2.03692E+00
1.00000E-04	8.42697E+00	2.37113E+00
1.00000E-04	8.70787E+00	2.73918E+00
1.00000E-04	8.98876E+00	3.12175E+00
1.00000E-04	9.26966E+00	3.55301E+00
1.00000E-04	9.55056E+00	3.96013E+00
1.00000E-04	9.83146E+00	4.39556E+00
1.00000E-04	1.01124E+01	4.86170E+00
1.00000E-04	1.03933E+01	5.33999E+00
1.00000E-04	1.06742E+01	5.85287E+00
1.00000E-04	1.09551E+01	6.35246E+00
1.00000E-04	1.12360E+01	6.85979E+00
1.00000E-04	1.15169E+01	7.31832E+00
1.00000E-04	1.17978E+01	7.76257E+00
1.00000E-04	1.20787E+01	8.12264E+00
1.00000E-04	1.23596E+01	8.38644E+00
1.00000E-04	1.26404E+01	8.62192E+00
1.00000E-04	1.29213E+01	8.84409E+00
1.00000E-04	1.32022E+01	9.05844E+00
1.00000E-04	1.34831E+01	9.24601E+00
1.00000E-04	1.37640E+01	9.42756E+00
1.00000E-04	1.40449E+01	9.59978E+00
1.00000E-04	1.43258E+01	9.75980E+00
1.00000E-04	1.46067E+01	9.90913E+00
1.00000E-04	1.48876E+01	1.00524E+01
1.00000E-04	1.51685E+01	1.01755E+01
1.00000E-04	1.54494E+01	1.02839E+01
1.00000E-04	1.57303E+01	1.03795E+01
1.00000E-04	1.60112E+01	1.04594E+01
1.00000E-04	1.62921E+01	1.05348E+01
1.00000E-04	1.65730E+01	1.05359E+01
1.00000E-04	1.68539E+01	1.05161E+01
1.00000E-04	1.71348E+01	1.04894E+01
1.00000E-04	1.74157E+01	1.04607E+01
1.00000E-04	1.76966E+01	1.04268E+01
1.00000E-04	1.79775E+01	1.03947E+01
1.00000E-04	1.82584E+01	1.03569E+01
1.00000E-04	1.85393E+01	1.03078E+01
1.00000E-04	1.88202E+01	1.02583E+01
1.00000E-04	1.91011E+01	1.01980E+01
1.00000E-04	1.93820E+01	1.01262E+01
1.00000E-04	1.96629E+01	1.00529E+01
1.00000E-04	1.99438E+01	9.98291E+00
1.00000E-04	2.02247E+01	9.90453E+00
1.00000E-04	2.05056E+01	9.83440E+00
1.00000E-04	2.07865E+01	9.75656E+00
1.00000E-04	2.10674E+01	9.67762E+00
1.00000E-04	2.13483E+01	9.60817E+00
1.00000E-04	2.16292E+01	9.53640E+00
1.00000E-04	2.19101E+01	9.46754E+00
1.00000E-04	2.21910E+01	9.39879E+00
1.00000E-04	2.24719E+01	9.33420E+00
1.00000E-04	2.27528E+01	9.26740E+00
1.00000E-04	2.30337E+01	9.20665E+00
1.00000E-04	2.33146E+01	9.13744E+00
1.00000E-04	2.35955E+01	9.06804E+00
1.00000E-04	2.38764E+01	8.99522E+00
1.00000E-04	2.41573E+01	8.92782E+00
1.00000E-04	2.44382E+01	8.85822E+00
1.00000E-04	2.47191E+01	8.79212E+00
1.00000E-04	2.50000E+01	8.72648E+00
5.00000E-04	0.00000E+00	9.84801E-01
5.00000E-04	2.80899E-01	9.25606E-02
5.00000E-04	5.61798E-01	6.17363E-02
5.00000E-04	8.42697E-01	5.34316E-02
5.00000E-04	1.12360E+00	4.89044E-02
5.00000E-04	1.40449E+00	4.44433E-02
5.00000E-04	1.68539E+00	4.14553E-02
5.00000E-04	1.96629E+00	3.99352E-02
5.00000E-04	2.24719E+00	3.95455E-02
5.00000E-04	2.52809E+00	4.07165E-02
5.00000E-04	2.80899E+00	4.33112E-02
5.00000E-04	3.08989E+00	4.68950E-02
5.00000E-04	3.37079E+00	5.21058E-02
5.00000E-04	3.65169E+00	6.18146E-02
5.00000E-04	3.93258E+00	7.49639E-02
5.00000E-04	4.21348E+00	9.43592E-02
5.00000E-04	4.49438E+00	1.18536E-01
5.00000E-04	4.77528E+00	1.48320E-01
5.00000E-04	5.05618E+00	1.85658E-01
5.00000E-04	5.33708E+00	2.31006E-01
5.00000E-04	5.61798E+00	2.94031E-01
5.00000E-04	5.89888E+00	3.76002E-01
5.00000E-04	6.17978E+00	4.99212E-01
5.00000E-04	6.46067E+00	6.51486E-01
5.00000E-04	6.74157E+00	8.52051E-01
5.00000E-04	7.02247E+00	1.09439E+00
5.00000E-04	7.30337E+00	1.38216E+00
5.00000E-04	7.58427E+00	1.71793E+00
5.00000E-04	7.86517E+00	2.05474E+00
5.00000E-04	8.14607E+00	2.43910E+00
5.00000E-04	8.42697E+00	2.83929E+00
5.00000E-04	8.70787E+00	3.28002E+00
5.00000E-04	8.98876E+00	3.74055E+00
5.00000E-04	9.26966E+00	4.25453E+00
5.00000E-04	9.55056E+00	4.74203E+00
5.00000E-04	9.83146E+00	5.26343E+00
5.00000E-04	1.01124E+01	5.82160E+00
5.00000E-04	1.03933E+01	6.39301E+00
5.00000E-04	1.06742E+01	7.00847E+00
5.00000E-04	1.09551E+01	7.60671E+00
5.00000E-04	1.12360E+01	8.21421E+00
5.00000E-04	1.15169E+01	8.76327E+00
5.00000E-04	1.17978E+01	9.29524E+00
5.00000E-04	1.20787E+01	9.72640E+00
5.00000E-04	1.23596E+01	1.00423E+01
5.00000E-04	1.26404E+01	1.03243E+01
5.00000E-04	1.29213E+01	1.05903E+01
5.00000E-04	1.32022E+01	1.08470E+01
5.00000E-04	1.34831E+01	1.10716E+01
5.00000E-04	1.37640E+01	1.12890E+01
5.00000E-04	1.40449E+01	1.14952E+01
5.00000E-04	1.43258E+01	1.16868E+01
5.00000E-04	1.46067E+01	1.18656E+01
5.00000E-04	1.48876E+01	1.20371E+01
5.00000E-04	1.51685E+01	1.21846E+01
5.00000E-04	1.54494E+01	1.23143E+01
5.00000E-04	1.57303E+01	1.24289E+01
5.00000E-04	1.60112E+01	1.25245E+01
5.00000E-04	1.62921E+01	1.26149E+01
5.00000E-04	1.65730E+01	1.26161E+01
5.00000E-04	1.68539E+01	1.25924E+01
5.00000E-04	1.71348E+01	1.25604E+01
5.00000E-04	1.74157E+01	1.25261E+01
5.00000E-04	1.76966E+01	1.24854E+01
5.00000E-04	1.79775E+01	1.24471E+01
5.00000E-04	1.82584E+01	1.24018E+01
5.00000E-04	1.85393E+01	1.23430E+01
5.00000E-04	1.88202E+01	1.22838E+01
5.00000E-04	1.91011E+01	1.22115E+01
5.00000E-04	1.93820E+01	1.21256E+01
5.00000E-04	1.96629E+01	1.20378E+01
5.00000E-04	1.99438E+01	1.19533E+01
5.00000E-04	2.02247E+01	1.18601E+01
5.00000E-04	2.05056E+01	1.17761E+01
5.00000E-04	2.07865E+01	1.16829E+01
5.00000E-04	2.10674E+01	1.15884E+01
5.00000E-04	2.13483E+01	1.15052E+01
5.00000E-04	2.16292E+01	1.14193E+01
5.00000E-04	2.19101E+01	1.13368E+01
5.00000E-04	2.21910E+01	1.12545E+01
5.00000E-04	2.24719E+01	1.11772E+01
5.00000E-04	2.27528E+01	1.10972E+01
5.00000E-04	2.30337E+01	1.10244E+01
5.00000E-04	2.33146E+01	1.09416E+01
5.00000E-04	2.35955E+01	1.08585E+01
5.00000E-04	2.38764E+01	1.07713E+01
5.00000E-04	2.41573E+01	1.06906E+01
5.00000E-04	2.44382E+01	1.06072E+01
5.00000E-04	2.47191E+01	1.05281E+01
5.00000E-04	2.50000E+01	1.04495E+01
1.00000E-03	0.00000E+00	9.76090E-01
1.00000E-03	2.80899E-01	1.02739E-01
1.00000E-03	5.61798E-01	6.85257E-02
1.00000E-03	8.42697E-01	5.93111E-02
1.00000E-03	1.12360E+00	5.42769E-02
1.00000E-03	1.40449E+00	4.93295E-02
1.00000E-03	1.68539E+00	4.60145E-02
1.00000E-03	1.96629E+00	4.43270E-02
1.00000E-03	2.24719E+00	4.38941E-02
1.00000E-03	2.52809E+00	4.51939E-02
1.00000E-03	2.80899E+00	4.80743E-02
1.00000E-03	3.08989E+00	5.20615E-02
1.00000E-03	3.37079E+00	5.78378E-02
1.00000E-03	3.65169E+00	6.86001E-02
1.00000E-03	3.93258E+00	8.32284E-02
1.00000E-03	4.21348E+00	1.04713E-01
1.00000E-03	4.49438E+00	1.31554E-01
1.00000E-03	4.77528E+00	1.64617E-01
1.00000E-03	5.05618E+00	2.06106E-01
1.00000E-03	5.33708E+00	2.56410E-01
1.00000E-03	5.61798E+00	3.26367E-01
1.00000E-03	5.89888E+00	4.17252E-01
1.00000E-03	6.17978E+00	5.54112E-01
1.00000E-03	6.46067E+00	7.23133E-01
1.00000E-03	6.74157E+00	9.45636E-01
1.00000E-03	7.02247E+00	1.21473E+00
1.00000E-03	7.30337E+00	1.53418E+00
1.00000E-03	7.58427E+00	1.90686E+00
1.00000E-03	7.86517E+00	2.28071E+00
1.00000E-03	8.14607E+00	2.70733E+00
1.00000E-03	8.42697E+00	3.15154E+00
1.00000E-03	8.70787E+00	3.64073E+00
1.00000E-03	8.98876E+00	4.15235E+00
1.00000E-03	9.26966E+00	4.72242E+00
1.00000E-03	9.55056E+00	5.26353E+00
1.00000E-03	9.83146E+00	5.84227E+00
1.00000E-03	1.01124E+01	6.46183E+00
1.00000E-03	1.03933E+01	7.09588E+00
1.00000E-03	1.06742E+01	7.77922E+00
1.00000E-03	1.09551E+01	8.44325E+00
1.00000E-03	1.12360E+01	9.11755E+00
1.00000E-03	1.15169E+01	9.72700E+00
1.00000E-03	1.17978E+01	1.03175E+01
1.00000E-03	1.20787E+01	1.07960E+01
1.00000E-03	1.23596E+01	1.11467E+01
1.00000E-03	1.26404E+01	1.14597E+01
1.00000E-03	1.29213E+01	1.17550E+01
1.00000E-03	1.32022E+01	1.20399E+01
1.00000E-03	1.34831E+01	1.22892E+01
1.00000E-03	1.37640E+01	1.25305E+01
1.00000E-03	1.40449E+01	1.27594E+01
1.00000E-03	1.43258E+01	1.29721E+01
1.00000E-03	1.46067E+01	1.31705E+01
1.00000E-03	1.48876E+01	1.33609E+01
1.00000E-03	1.51685E+01	1.35246E+01
1.00000E-03	1.54494E+01	1.36686E+01
1.00000E-03	1.57303E+01	1.37958E+01
1.00000E-03	1.60112E+01	1.39019E+01
1.00000E-03	1.62921E+01	1.40022E+01
1.00000E-03	1.65730E+01	1.40035E+01
1.00000E-03	1.68539E+01	1.39773E+01
1.00000E-03	1.71348E+01	1.39417E+01
1.00000E-03	1.74157E+01	1.39039E+01
1.00000E-03	1.76966E+01	1.38585E+01
1.00000E-03	1.79775E+01	1.38159E+01
1.00000E-03	1.82584E+01	1.37656E+01
1.00000E-03	1.85393E+01	1.37004E+01
1.00000E-03	1.88202E+01	1.36347E+01
1.00000E-03	1.91011E+01	1.35546E+01
1.00000E-03	1.93820E+01	1.34591E+01
1.00000E-03	1.96629E+01	1.33617E+01
1.00000E-03	1.99438E+01	1.32666E+01
1.00000E-03	2.02247E+01	1.31644E+01
1.00000E-03	2.05056E+01	1.30712E+01
1.00000E-03	2.07865E+01	1.29677E+01
1.00000E-03	2.10674E+01	1.28628E+01
1.00000E-03	2.13483E+01	1.27705E+01
1.00000E-03	2.16292E+01	1.26751E+01
1.00000E-03	2.19101E+01	1.25836E+01
1.00000E-03	2.21910E+01	1.24922E+01
1.00000E-03	2.24719E+01	1.24064E+01
1.00000E-03	2.27528E+01	1.23176E+01
1.00000E-03	2.30337E+01	1.22368E+01
1.00000E-03	2.33146E+01	1.21449E+01
1.00000E-03	2.35955E+01	1.20526E+01
1.00000E-03	2.38764E+01	1.19558E+01
1.00000E-03	2.41573E+01	1.18662E+01
1.00000E-03	2.44382E+01	1.17737E+01
1.00000E-03	2.47191E+01	1.16859E+01
1.00000E-03	2.50000E+01	1.15986E+01
5.00000E-03	0.00000E+00	9.51847E-01
5.00000E-03	2.80899E-01	1.55105E-01
5.00000E-03	5.61798E-01	1.03453E-01
5.00000E-03	8.42697E-01	8.95429E-02
5.00000E-03	1.12360E+00	8.19357E-02
5.00000E-03	1.40449E+00	7.44676E-02
5.00000E-03	1.68539E+00	6.94687E-02
5.00000E-03	1.96629E+00	6.69180E-02
5.00000E-03	2.24719E+00	6.62610E-02
5.00000E-03	2.52809E+00	6.82282E-02
5.00000E-03	2.80899E+00	7.25764E-02
5.00000E-03	3.08989E+00	7.86167E-02
5.00000E-03	3.37079E+00	8.73251E-02
5.00000E-03	3.65169E+00	1.03508E-01
5.00000E-03	3.93258E+00	1.25744E-01
5.00000E-03	4.21348E+00	1.58057E-01
5.00000E-03	4.49438E+00	1.98401E-01
5.00000E-03	4.77528E+00	2.48343E-01
5.00000E-03	5.05618E+00	3.11386E-01
5.00000E-03	5.33708E+00	3.86955E-01
5.00000E-03	5.61798E+00	4.92878E-01
5.00000E-03	5.89888E+00	6.29307E-01
5.00000E-03	6.17978E+00	8.36072E-01
5.00000E-03	6.46067E+00	1.09178E+00
5.00000E-03	6.74157E+00	1.42584E+00
5.00000E-03	7.02247E+00	1.83256E+00
5.00000E-03	7.30337E+00	2.31614E+00
5.00000E-03	7.58427E+00	2.87856E+00
5.00000E-03	7.86517E+00	3.44392E+00
5.00000E-03	8.14607E+00	4.08503E+00
5.00000E-03	8.42697E+00	4.75759E+00
5.00000E-03	8.70787E+00	5.49646E+00
5.00000E-03	8.98876E+00	6.26933E+00
5.00000E-03	9.26966E+00	7.12760E+00
5.00000E-03	9.55056E+00	7.94631E+00
5.00000E-03	9.83146E+00	8.81906E+00
5.00000E-03	1.01124E+01	9.75454E+00
5.00000E-03	1.03933E+01	1.07124E+01
5.00000E-03	1.06742E+01	1.17442E+01
5.00000E-03	1.09551E+01	1.27469E+01
5.00000E-03	1.12360E+01	1.37583E+01
5.00000E-03	1.15169E+01	1.46812E+01
5.00000E-03	1.17978E+01	1.55764E+01
5.00000E-03	1.20787E+01	1.62929E+01
5.00000E-03	1.23596E+01	1.68279E+01
5.00000E-03	1.26404E+01	1.73008E+01
5.00000E-03	1.29213E+01	1.77515E+01
5.00000E-03	1.32022E+01	1.81764E+01
5.00000E-03	1.34831E+01	1.85553E+01
5.00000E-03	1.37640E+01	1.89213E+01
5.00000E-03	1.40449E+01	1.92627E+01
5.00000E-03	1.43258E+01	1.95839E+01
5.00000E-03	1.46067E+01	1.98835E+01
5.00000E-03	1.48876E+01	2.01714E+01
5.00000E-03	1.51685E+01	2.04180E+01
5.00000E-03	1.54494E+01	2.06354E+01
5.00000E-03	1.57303E+01	2.08272E+01
5.00000E-03	1.60112E+01	2.09877E+01
5.00000E-03	1.62921E+01	2.11397E+01
5.00000E-03	1.65730E+01	2.11406E+01
5.00000E-03	1.68539E+01	2.11014E+01
5.00000E-03	1.71348E+01	2.10478E+01
5.00000E-03	1.74157E+01	2.09933E+01
5.00000E-03	1.76966E+01	2.09229E+01
5.00000E-03	1.79775E+01	2.08579E+01
5.00000E-03	1.82584E+01	2.07816E+01
5.00000E-03	1.85393E+01	2.06834E+01
5.00000E-03	1.88202E+01	2.05844E+01
5.00000E-03	1.91011E+01	2.04637E+01
5.00000E-03	1.93820E+01	2.03191E+01
5.00000E-03	1.96629E+01	2.01720E+01
5.00000E-03	1.99438E+01	2.00262E+01
5.00000E-03	2.02247E+01	1.98743E+01
5.00000E-03	2.05056E+01	1.97337E+01
5.00000E-03	2.07865E+01	1.95769E+01
5.00000E-03	2.10674E+01	1.94190E+01
5.00000E-03	2.13483E+01	1.92796E+01
5.00000E-03	2.16292E+01	1.91356E+01
5.00000E-03	2.19101E+01	1.89974E+01
5.00000E-03	2.21910E+01	1.88595E+01
5.00000E-03	2.24719E+01	1.87299E+01
5.00000E-03	2.27528E+01	1.85958E+01
5.00000E-03	2.30337E+01	1.84737E+01
5.00000E-03	2.33146E+01	1.83347E+01
5.00000E-03	2.35955E+01	1.81958E+01
5.00000E-03	2.38764E+01	1.80498E+01
5.00000E-03	2.41573E+01	1.79138E+01
5.00000E-03	2.44382E+01	1.77748E+01
5.00000E-03	2.47191E+01	1.76421E+01
5.00000E-03	2.50000E+01	1.75104E+01
1.00000E-02	0.00000E+00	9.55859E-01
1.00000E-02	2.80899E-01	1.87462E-01
1.00000E-02	5.61798E-01	1.25034E-01
1.00000E-02	8.42697E-01	1.08222E-01
1.00000E-02	1.12360E+00	9.90279E-02
1.00000E-02	1.40449E+00	9.00020E-02
1.00000E-02	1.68539E+00	8.39603E-02
1.00000E-02	1.96629E+00	8.08773E-02
1.00000E-02	2.24719E+00	8.00833E-02
1.00000E-02	2.52809E+00	8.24609E-02
1.00000E-02	2.80899E+00	8.77162E-02
1.00000E-02	3.08989E+00	9.50172E-02
1.00000E-02	3.37079E+00	1.05542E-01
1.00000E-02	3.65169E+00	1.25096E-01
1.00000E-02	3.93258E+00	1.51985E-01
1.00000E-02	4.21348E+00	1.91029E-01
1.00000E-02	4.49438E+00	2.39743E-01
1.00000E-02	4.77528E+00	3.00121E-01
1.00000E-02	5.05618E+00	3.76366E-01
1.00000E-02	5.33708E+00	4.67617E-01
1.00000E-02	5.61798E+00	5.95785E-01
1.00000E-02	5.89888E+00	7.60494E-01
1.00000E-02	6.17978E+00	1.01014E+00
1.00000E-02	6.46067E+00	1.31959E+00
1.00000E-02	6.74157E+00	1.72277E+00
1.00000E-02	7.02247E+00	2.21437E+00
1.00000E-02	7.30337E+00	2.79924E+00
1.00000E-02	7.58427E+00	3.47901E+00
1.00000E-02	7.86517E+00	4.16273E+00
1.00000E-02	8.14607E+00	4.93459E+00
1.00000E-02	8.42697E+00	5.74881E+00
1.00000E-02	8.70787E+00	6.64357E+00
1.00000E-02	8.98876E+00	7.57729E+00
1.00000E-02	9.26966E+00	8.61215E+00
1.00000E-02	9.55056E+00	9.60372E+00
1.00000E-02	9.83146E+00	1.06558E+01
1.00000E-02	1.01124E+01	1.17862E+01
1.00000E-02	1.03933E+01	1.29472E+01
1.00000E-02	1.06742E+01	1.41923E+01
1.00000E-02	1.09551E+01	1.54084E+01
1.00000E-02	1.12360E+01	1.66220E+01
1.00000E-02	1.15169E+01	1.77387E+01
1.00000E-02	1.17978E+01	1.88254E+01
1.00000E-02	1.20787E+01	1.96880E+01
1.00000E-02	1.23596E+01	2.03359E+01
1.00000E-02	1.26404E+01	2.09122E+01
1.00000E-02	1.29213E+01	2.14577E+01
1.00000E-02	1.32022E+01	2.19683E+01
1.00000E-02	1.34831E+01	2.24292E+01
1.00000E-02	1.37640E+01	2.28724E+01
1.00000E-02	1.40449E+01	2.32794E+01
1.00000E-02	1.43258E+01	2.36703E+01
1.00000E-02	1.46067E+01	2.40313E+01
1.00000E-02	1.48876E+01	2.43812E+01
1.00000E-02	1.51685E+01	2.46776E+01
1.00000E-02	1.54494E+01	2.49400E+01
1.00000E-02	1.57303E+01	2.51703E+01
1.00000E-02	1.60112E+01	2.53671E+01
1.00000E-02	1.62921E+01	2.55509E+01
1.00000E-02	1.65730E+01	2.55488E+01
1.00000E-02	1.68539E+01	2.55034E+01
1.00000E-02	1.71348E+01	2.54384E+01
1.00000E-02	1.74157E+01	2.53734E+01
1.00000E-02	1.76966E+01	2.52883E+01
1.00000E-02	1.79775E+01	2.52089E+01
1.00000E-02	1.82584E+01	2.51146E+01
1.00000E-02	1.85393E+01	2.49982E+01
1.00000E-02	1.88202E+01	2.48793E+01
1.00000E-02	1.91011E+01	2.47325E+01
1.00000E-02	1.93820E+01	2.45583E+01
1.00000E-02	1.96629E+01	2.43800E+01
1.00000E-02	1.99438E+01	2.42033E+01
1.00000E-02	2.02247E+01	2.40197E+01
1.00000E-02	2.05056E+01	2.38510E+01
1.00000E-02	2.07865E+01	2.36588E+01
1.00000E-02	2.10674E+01	2.34702E+01
1.00000E-02	2.13483E+01	2.33013E+01
1.00000E-02	2.16292E+01	2.31277E+01
1.00000E-02	2.19101E+01	2.29604E+01
1.00000E-02	2.21910E+01	2.27936E+01
1.00000E-02	2.24719E+01	2.26369E+01
1.00000E-02	2.27528E+01	2.24752E+01
1.00000E-02	2.30337E+01	2.23264E+01
1.00000E-02	2.33146E+01	2.21585E+01
1.00000E-02	2.35955E+01	2.19916E+01
1.00000E-02	2.38764E+01	2.18158E+01
1.00000E-02	2.41573E+01	2.16494E+01
1.00000E-02	2.44382E+01	2.14827E+01
1.00000E-02	2.47191E+01	2.13223E+01
1.00000E-02	2.50000E+01	2.11632E+01
5.00000E-02	0.00000E+00	9.60972E-01
5.00000E-02	2.80899E-01	2.76999E-01
5.00000E-02	5.61798E-01	1.84760E-01
5.00000E-02	8.42697E-01	1.59917E-01
5.00000E-02	1.12360E+00	1.46326E-01
5.00000E-02	1.40449E+00	1.32996E-01
5.00000E-02	1.68539E+00	1.24065E-01
5.00000E-02	1.96629E+00	1.19508E-01
5.00000E-02	2.24719E+00	1.18336E-01
5.00000E-02	2.52809E+00	1.21846E-01
5.00000E-02	2.80899E+00	1.29614E-01
5.00000E-02	3.08989E+00	1.40399E-01
5.00000E-02	3.37079E+00	1.55958E-01
5.00000E-02	3.65169E+00	1.84842E-01
5.00000E-02	3.93258E+00	2.24590E-01
5.00000E-02	4.21348E+00	2.82295E-01
5.00000E-02	4.49438E+00	3.54259E-01
5.00000E-02	4.77528E+00	4.43492E-01
5.00000E-02	5.05618E+00	5.56138E-01
5.00000E-02	5.33708E+00	6.90987E-01
5.00000E-02	5.61798E+00	8.80353E-01
5.00000E-02	5.89888E+00	1.12378E+00
5.00000E-02	6.17978E+00	1.49255E+00
5.00000E-02	6.46067E+00	1.94995E+00
5.00000E-02	6.74157E+00	2.54550E+00
5.00000E-02	7.02247E+00	3.27211E+00
5.00000E-02	7.30337E+00	4.13630E+00
5.00000E-02	7.58427E+00	5.14052E+00
5.00000E-02	7.86517E+00	6.15103E+00
5.00000E-02	8.14607E+00	7.28979E+00
5.00000E-02	8.42697E+00	8.49381E+00
5.00000E-02	8.70787E+00	9.81753E+00
5.00000E-02	8.98876E+00	1.11968E+01
5.00000E-02	9.26966E+00	1.27249E+01
5.00000E-02	9.55056E+00	1.41906E+01
5.00000E-02	9.83146E+00	1.57432E+01
5.00000E-02	1.01124E+01	1.74127E+01
5.00000E-02	1.03933E+01	1.91316E+01
5.00000E-02	1.06742E+01	2.09656E+01
5.00000E-02	1.09551E+01	2.27764E+01
5.00000E-02	1.12360E+01	2.45547E+01
5.00000E-02	1.15169E+01	2.62069E+01
5.00000E-02	1.17978E+01	2.78167E+01
5.00000E-02	1.20787E+01	2.90889E+01
5.00000E-02	1.23596E+01	3.00419E+01
5.00000E-02	1.26404E+01	3.09071E+01
5.00000E-02	1.29213E+01	3.17085E+01
5.00000E-02	1.32022E+01	3.24609E+01
5.00000E-02	1.34831E+01	3.31447E+01
5.00000E-02	1.37640E+01	3.38008E+01
5.00000E-02	1.40449E+01	3.43931E+01
5.00000E-02	1.43258E+01	3.49788E+01
5.00000E-02	1.46067E+01	3.55055E+01
5.00000E-02	1.48876E+01	3.60278E+01
5.00000E-02	1.51685E+01	3.64650E+01
5.00000E-02	1.54494E+01	3.68493E+01
5.00000E-02	1.57303E+01	3.71883E+01
5.00000E-02	1.60112E+01	3.74868E+01
5.00000E-02	1.62921E+01	3.77552E+01
5.00000E-02	1.65730E+01	3.77489E+01
5.00000E-02	1.68539E+01	3.76847E+01
5.00000E-02	1.71348E+01	3.75838E+01
5.00000E-02	1.74157E+01	3.74925E+01
5.00000E-02	1.76966E+01	3.73669E+01
5.00000E-02	1.79775E+01	3.72486E+01
5.00000E-02	1.82584E+01	3.71012E+01
5.00000E-02	1.85393E+01	3.69387E+01
5.00000E-02	1.88202E+01	3.67637E+01
5.00000E-02	1.91011E+01	3.65453E+01
5.00000E-02	1.93820E+01	3.62950E+01
5.00000E-02	1.96629E+01	3.60235E+01
5.00000E-02	1.99438E+01	3.57628E+01
5.00000E-02	2.02247E+01	3.54893E+01
5.00000E-02	2.05056E+01	3.52433E+01
5.00000E-02	2.07865E+01	3.49536E+01
5.00000E-02	2.10674E+01	3.46853E+01
5.00000E-02	2.13483E+01	3.44281E+01
5.00000E-02	2.16292E+01	3.41770E+01
5.00000E-02	2.19101E+01	3.39303E+01
5.00000E-02	2.21910E+01	3.36784E+01
5.00000E-02	2.24719E+01	3.34470E+01
5.00000E-02	2.27528E+01	3.32133E+01
5.00000E-02	2.30337E+01	3.29867E+01
5.00000E-02	2.33146E+01	3.27404E+01
5.00000E-02	2.35955E+01	3.24984E+01
5.00000E-02	2.38764E+01	3.22378E+01
5.00000E-02	2.41573E+01	3.19872E+01
5.00000E-02	2.44382E+01	3.17438E+01
5.00000E-02	2.47191E+01	3.15032E+01
5.00000E-02	2.50000E+01	3.12711E+01
1.00000E-01	0.00000E+00	9.63341E-01
1.00000E-01	2.80899E-01	3.25327E-01
1.00000E-01	5.61798E-01	2.17061E-01
1.00000E-01	8.42697E-01	1.87879E-01
1.00000E-01	1.12360E+00	1.71898E-01
1.00000E-01	1.40449E+00	1.56255E-01
1.00000E-01	1.68539E+00	1.45760E-01
1.00000E-01	1.96629E+00	1.40398E-01
1.00000E-01	2.24719E+00	1.39028E-01
1.00000E-01	2.52809E+00	1.43143E-01
1.00000E-01	2.80899E+00	1.52274E-01
1.00000E-01	3.08989E+00	1.64937E-01
1.00000E-01	3.37079E+00	1.83241E-01
1.00000E-01	3.65169E+00	2.17144E-01
1.00000E-01	3.93258E+00	2.63891E-01
1.00000E-01	4.21348E+00	3.31709E-01
1.00000E-01	4.49438E+00	4.16242E-01
1.00000E-01	4.77528E+00	5.21096E-01
1.00000E-01	5.05618E+00	6.53387E-01
1.00000E-01	5.33708E+00	8.11861E-01
1.00000E-01	5.61798E+00	1.03421E+00
1.00000E-01	5.89888E+00	1.32042E+00
1.00000E-01	6.17978E+00	1.75350E+00
1.00000E-01	6.46067E+00	2.29113E+00
1.00000E-01	6.74157E+00	2.99061E+00
1.00000E-01	7.02247E+00	3.84453E+00
1.00000E-01	7.30337E+00	4.85955E+00
1.00000E-01	7.58427E+00	6.03857E+00
1.00000E-01	7.86517E+00	7.22636E+00
1.00000E-01	8.14607E+00	8.56367E+00
1.00000E-01	8.42697E+00	9.97879E+00
1.00000E-01	8.70787E+00	1.15338E+01
1.00000E-01	8.98876E+00	1.31543E+01
1.00000E-01	9.26966E+00	1.49493E+01
1.00000E-01	9.55056E+00	1.66714E+01
1.00000E-01	9.83146E+00	1.84950E+01
1.00000E-01	1.01124E+01	2.04558E+01
1.00000E-01	1.03933E+01	2.24756E+01
1.00000E-01	1.06742E+01	2.46294E+01
1.00000E-01	1.09551E+01	2.67572E+01
1.00000E-01	1.12360E+01	2.88463E+01
1.00000E-01	1.15169E+01	3.07875E+01
1.00000E-01	1.17978E+01	3.26783E+01
1.00000E-01	1.20787E+01	3.41731E+01
1.00000E-01	1.23596E+01	3.52923E+01
1.00000E-01	1.26404E+01	3.63086E+01
1.00000E-01	1.29213E+01	3.72503E+01
1.00000E-01	1.32022E+01	3.81341E+01
1.00000E-01	1.34831E+01	3.89375E+01
1.00000E-01	1.37640E+01	3.97082E+01
1.00000E-01	1.40449E+01	4.04042E+01
1.00000E-01	1.43258E+01	4.10920E+01
1.00000E-01	1.46067E+01	4.17105E+01
1.00000E-01	1.48876E+01	4.23243E+01
1.00000E-01	1.51685E+01	4.28380E+01
1.00000E-01	1.54494E+01	4.32895E+01
1.00000E-01	1.57303E+01	4.36879E+01
1.00000E-01	1.60112E+01	4.40385E+01
1.00000E-01	1.62921E+01	4.43535E+01
1.00000E-01	1.65730E+01	4.43465E+01
1.00000E-01	1.68539E+01	4.42708E+01
1.00000E-01	1.71348E+01	4.41521E+01
1.00000E-01	1.74157E+01	4.40451E+01
1.00000E-01	1.76966E+01	4.38977E+01
1.00000E-01	1.79775E+01	4.37586E+01
1.00000E-01	1.82584E+01	4.35852E+01
1.00000E-01	1.85393E+01	4.33946E+01
1.00000E-01	1.88202E+01	4.31888E+01
1.00000E-01	1.91011E+01	4.29323E+01
1.00000E-01	1.93820E+01	4.26386E+01
1.00000E-01	1.96629E+01	4.23195E+01
1.00000E-01	1.99438E+01	4.20130E+01
1.00000E-01	2.02247E+01	4.16919E+01
1.00000E-01	2.05056E+01	4.14027E+01
1.00000E-01	2.07865E+01	4.10624E+01
1.00000E-01	2.10674E+01	4.07476E+01
1.00000E-01	2.13483E+01	4.04451E+01
1.00000E-01	2.16292E+01	4.01503E+01
1.00000E-01	2.19101E+01	3.98606E+01
1.00000E-01	2.21910E+01	3.95643E+01
1.00000E-01	2.24719E+01	3.92925E+01
1.00000E-01	2.27528E+01	3.90183E+01
1.00000E-01	2.30337E+01	3.87518E+01
1.00000E-01	2.33146E+01	3.84625E+01
1.00000E-01	2.35955E+01	3.81783E+01
1.00000E-01	2.38764E+01	3.78722E+01
1.00000E-01	2.41573E+01	3.75777E+01
1.00000E-01	2.44382E+01	3.72917E+01
1.00000E-01	2.47191E+01	3.70089E+01
1.00000E-01	2.50000E+01	3.67363E+01
2.00000E-01	0.00000E+00	9.71000E-01
2.00000E-01	2.80899E-01	3.71668E-01
2.00000E-01	5.61798E-01	2.48567E-01
2.00000E-01	8.42697E-01	2.15177E-01
2.00000E-01	1.12360E+00	1.96833E-01
2.00000E-01	1.40449E+00	1.78977E-01
2.00000E-01	1.68539E+00	1.66950E-01
2.00000E-01	1.96629E+00	1.60786E-01
2.00000E-01	2.24719E+00	1.59255E-01
2.00000E-01	2.52809E+00	1.63944E-01
2.00000E-01	2.80899E+00	1.74407E-01
2.00000E-01	3.08989E+00	1.88891E-01
2.00000E-01	3.37079E+00	2.09962E-01
2.00000E-01	3.65169E+00	2.48678E-01
2.00000E-01	3.93258E+00	3.02424E-01
2.00000E-01	4.21348E+00	3.80124E-01
2.00000E-01	4.49438E+00	4.76970E-01
2.00000E-01	4.77528E+00	5.97116E-01
2.00000E-01	5.05618E+00	7.48482E-01
2.00000E-01	5.33708E+00	9.30221E-01
2.00000E-01	5.61798E+00	1.18436E+00
2.00000E-01	5.89888E+00	1.51320E+00
2.00000E-01	6.17978E+00	2.00873E+00
2.00000E-01	6.46067E+00	2.62547E+00
2.00000E-01	6.74157E+00	3.42605E+00
2.00000E-01	7.02247E+00	4.40497E+00
2.00000E-01	7.30337E+00	5.56655E+00
2.00000E-01	7.58427E+00	6.91416E+00
2.00000E-01	7.86517E+00	8.27687E+00
2.00000E-01	8.14607E+00	9.80657E+00
2.00000E-01	8.42697E+00	1.14296E+01
2.00000E-01	8.70787E+00	1.32100E+01
2.00000E-01	8.98876E+00	1.50669E+01
2.00000E-01	9.26966E+00	1.71208E+01
2.00000E-01	9.55056E+00	1.90944E+01
2.00000E-01	9.83146E+00	2.11816E+01
2.00000E-01	1.01124E+01	2.34253E+01
2.00000E-01	1.03933E+01	2.57398E+01
2.00000E-01	1.06742E+01	2.82038E+01
2.00000E-01	1.09551E+01	3.06417E+01
2.00000E-01	1.12360E+01	3.30344E+01
2.00000E-01	1.15169E+01	3.52587E+01
2.00000E-01	1.17978E+01	3.74221E+01
2.00000E-01	1.20787E+01	3.91345E+01
2.00000E-01	1.23596E+01	4.04152E+01
2.00000E-01	1.26404E+01	4.15790E+01
2.00000E-01	1.29213E+01	4.26581E+01
2.00000E-01	1.32022E+01	4.36698E+01
2.00000E-01	1.34831E+01	4.45905E+01
2.00000E-01	1.37640E+01	4.54728E+01
2.00000E-01	1.40449E+01	4.62707E+01
2.00000E-01	1.43258E+01	4.70569E+01
2.00000E-01	1.46067E+01	4.77660E+01
2.00000E-01	1.48876E+01	4.84678E+01
2.00000E-01	1.51685E+01	4.90564E+01
2.00000E-01	1.54494E+01	4.95739E+01
2.00000E-01	1.57303E+01	5.00305E+01
2.00000E-01	1.60112E+01	5.04317E+01
2.00000E-01	1.62921E+01	5.07904E+01
2.00000E-01	1.65730E+01	5.07848E+01
2.00000E-01	1.68539E+01	5.06971E+01
2.00000E-01	1.71348E+01	5.05618E+01
2.00000E-01	1.74157E+01	5.04387E+01
2.00000E-01	1.76966E+01	5.02706E+01
2.00000E-01	1.79775E+01	5.01109E+01
2.00000E-01	1.82584E+01	4.99126E+01
2.00000E-01	1.85393E+01	4.96944E+01
2.00000E-01	1.88202E+01	4.94582E+01
2.00000E-01	1.91011E+01	4.91646E+01
2.00000E-01	1.93820E+01	4.88283E+01
2.00000E-01	1.96629E+01	4.84634E+01
2.00000E-01	1.99438E+01	4.81119E+01
2.00000E-01	2.02247E+01	4.77447E+01
2.00000E-01	2.05056E+01	4.74127E+01
2.00000E-01	2.07865E+01	4.70239E+01
2.00000E-01	2.10674E+01	4.66630E+01
2.00000E-01	2.13483E+01	4.63166E+01
2.00000E-01	2.16292E+01	4.59792E+01
2.00000E-01	2.19101E+01	4.56470E+01
2.00000E-01	2.21910E+01	4.53081E+01
2.00000E-01	2.24719E+01	4.49967E+01
2.00000E-01	2.27528E+01	4.46828E+01
2.00000E-01	2.30337E+01	4.43773E+01
2.00000E-01	2.33146E+01	4.40462E+01
2.00000E-01	2.35955E+01	4.37203E+01
2.00000E-01	2.38764E+01	4.33703E+01
2.00000E-01	2.41573E+01	4.30329E+01
2.00000E-01	2.44382E+01	4.27053E+01
2.00000E-01	2.47191E+01	4.23817E+01
2.00000E-01	2.50000E+01	4.20687E+01
2.50000E-01	0.00000E+00	9.71842E-01
2.50000E-01	2.80899E-01	3.86548E-01
2.50000E-01	5.61798E-01	2.59160E-01
2.50000E-01	8.42697E-01	2.24373E-01
2.50000E-01	1.12360E+00	2.05225E-01
2.50000E-01	1.40449E+00	1.86647E-01
2.50000E-01	1.68539E+00	1.74099E-01
2.50000E-01	1.96629E+00	1.67661E-01
2.50000E-01	2.24719E+00	1.66092E-01
2.50000E-01	2.52809E+00	1.70972E-01
2.50000E-01	2.80899E+00	1.81880E-01
2.50000E-01	3.08989E+00	1.96975E-01
2.50000E-01	3.37079E+00	2.19030E-01
2.50000E-01	3.65169E+00	2.59335E-01
2.50000E-01	3.93258E+00	3.15519E-01
2.50000E-01	4.21348E+00	3.96537E-01
2.50000E-01	4.49438E+00	4.97577E-01
2.50000E-01	4.77528E+00	6.22902E-01
2.50000E-01	5.05618E+00	7.80644E-01
2.50000E-01	5.33708E+00	9.70365E-01
2.50000E-01	5.61798E+00	1.23503E+00
2.50000E-01	5.89888E+00	1.57872E+00
2.50000E-01	6.17978E+00	2.09514E+00
2.50000E-01	6.46067E+00	2.73899E+00
2.50000E-01	6.74157E+00	3.57354E+00
2.50000E-01	7.02247E+00	4.59485E+00
2.50000E-01	7.30337E+00	5.80564E+00
2.50000E-01	7.58427E+00	7.20910E+00
2.50000E-01	7.86517E+00	8.63171E+00
2.50000E-01	8.14607E+00	1.02257E+01
2.50000E-01	8.42697E+00	1.19195E+01
2.50000E-01	8.70787E+00	1.37756E+01
2.50000E-01	8.98876E+00	1.57130E+01
2.50000E-01	9.26966E+00	1.78530E+01
2.50000E-01	9.55056E+00	1.99123E+01
2.50000E-01	9.83146E+00	2.20880E+01
2.50000E-01	1.01124E+01	2.44264E+01
2.50000E-01	1.03933E+01	2.68409E+01
2.50000E-01	1.06742E+01	2.94084E+01
2.50000E-01	1.09551E+01	3.19514E+01
2.50000E-01	1.12360E+01	3.44461E+01
2.50000E-01	1.15169E+01	3.67665E+01
2.50000E-01	1.17978E+01	3.90210E+01
2.50000E-01	1.20787E+01	4.08068E+01
2.50000E-01	1.23596E+01	4.21417E+01
2.50000E-01	1.26404E+01	4.33553E+01
2.50000E-01	1.29213E+01	4.44809E+01
2.50000E-01	1.32022E+01	4.55355E+01
2.50000E-01	1.34831E+01	4.64962E+01
2.50000E-01	1.37640E+01	4.74158E+01
2.50000E-01	1.40449E+01	4.82485E+01
2.50000E-01	1.43258E+01	4.90673E+01
2.50000E-01	1.46067E+01	4.98073E+01
2.50000E-01	1.48876E+01	5.05383E+01
2.50000E-01	1.51685E+01	5.11523E+01
2.50000E-01	1.54494E+01	5.16922E+01
2.50000E-01	1.57303E+01	5.21685E+01
2.50000E-01	1.60112E+01	5.25866E+01
2.50000E-01	1.62921E+01	5.29589E+01
2.50000E-01	1.65730E+01	5.29551E+01
2.50000E-01	1.68539E+01	5.28629E+01
2.50000E-01	1.71348E+01	5.27224E+01
2.50000E-01	1.74157E+01	5.25936E+01
2.50000E-01	1.76966E+01	5.24188E+01
2.50000E-01	1.79775E+01	5.22520E+01
2.50000E-01	1.82584E+01	5.20453E+01
2.50000E-01	1.85393E+01	5.18178E+01
2.50000E-01	1.88202E+01	5.15713E+01
2.50000E-01	1.91011E+01	5.12652E+01
2.50000E-01	1.93820E+01	5.09145E+01
2.50000E-01	1.96629E+01	5.05345E+01
2.50000E-01	1.99438E+01	5.01676E+01
2.50000E-01	2.02247E+01	4.97850E+01
2.50000E-01	2.05056E+01	4.94382E+01
2.50000E-01	2.07865E+01	4.90335E+01
2.50000E-01	2.10674E+01	4.86569E+01
2.50000E-01	2.13483E+01	4.82957E+01
2.50000E-01	2.16292E+01	4.79439E+01
2.50000E-01	2.19101E+01	4.75973E+01
2.50000E-01	2.21910E+01	4.72442E+01
2.50000E-01	2.24719E+01	4.69193E+01
2.50000E-01	2.27528E+01	4.65922E+01
2.50000E-01	2.30337E+01	4.62734E+01
2.50000E-01	2.33146E+01	4.59283E+01
2.50000E-01	2.35955E+01	4.55882E+01
2.50000E-01	2.38764E+01	4.52236E+01
2.50000E-01	2.41573E+01	4.48716E+01
2.50000E-01	2.44382E+01	4.45300E+01
2.50000E-01	2.47191E+01	4.41927E+01
2.50000E-01	2.50000E+01	4.38657E+01
3.00000E-01	0.00000E+00	9.70500E-01
3.00000E-01	2.80899E-01	3.99974E-01
3.00000E-01	5.61798E-01	2.69073E-01
3.00000E-01	8.42697E-01	2.32996E-01
3.00000E-01	1.12360E+00	2.13094E-01
3.00000E-01	1.40449E+00	1.93852E-01
3.00000E-01	1.68539E+00	1.80815E-01
3.00000E-01	1.96629E+00	1.74120E-01
3.00000E-01	2.24719E+00	1.72522E-01
3.00000E-01	2.52809E+00	1.77584E-01
3.00000E-01	2.80899E+00	1.88904E-01
3.00000E-01	3.08989E+00	2.04576E-01
3.00000E-01	3.37079E+00	2.27583E-01
3.00000E-01	3.65169E+00	2.69368E-01
3.00000E-01	3.93258E+00	3.27878E-01
3.00000E-01	4.21348E+00	4.11996E-01
3.00000E-01	4.49438E+00	5.16998E-01
3.00000E-01	4.77528E+00	6.47202E-01
3.00000E-01	5.05618E+00	8.10906E-01
3.00000E-01	5.33708E+00	1.00822E+00
3.00000E-01	5.61798E+00	1.28271E+00
3.00000E-01	5.89888E+00	1.64057E+00
3.00000E-01	6.17978E+00	2.17653E+00
3.00000E-01	6.46067E+00	2.84605E+00
3.00000E-01	6.74157E+00	3.71246E+00
3.00000E-01	7.02247E+00	4.77364E+00
3.00000E-01	7.30337E+00	6.03063E+00
3.00000E-01	7.58427E+00	7.48612E+00
3.00000E-01	7.86517E+00	8.96537E+00
3.00000E-01	8.14607E+00	1.06195E+01
3.00000E-01	8.42697E+00	1.23802E+01
3.00000E-01	8.70787E+00	1.43070E+01
3.00000E-01	8.98876E+00	1.63205E+01
3.00000E-01	9.26966E+00	1.85405E+01
3.00000E-01	9.55056E+00	2.06809E+01
3.00000E-01	9.83146E+00	2.29396E+01
3.00000E-01	1.01124E+01	2.53668E+01
3.00000E-01	1.03933E+01	2.78753E+01
3.00000E-01	1.06742E+01	3.05396E+01
3.00000E-01	1.09551E+01	3.31814E+01
3.00000E-01	1.12360E+01	3.57716E+01
3.00000E-01	1.15169E+01	3.81827E+01
3.00000E-01	1.17978E+01	4.05222E+01
3.00000E-01	1.20787E+01	4.23769E+01
3.00000E-01	1.23596E+01	4.37629E+01
3.00000E-01	1.26404E+01	4.50234E+01
3.00000E-01	1.29213E+01	4.61925E+01
3.00000E-01	1.32022E+01	4.72874E+01
3.00000E-01	1.34831E+01	4.82857E+01
3.00000E-01	1.37640E+01	4.92403E+01
3.00000E-01	1.40449E+01	5.01058E+01
3.00000E-01	1.43258E+01	5.09551E+01
3.00000E-01	1.46067E+01	5.17242E+01
3.00000E-01	1.48876E+01	5.24823E+01
3.00000E-01	1.51685E+01	5.31204E+01
3.00000E-01	1.54494E+01	5.36813E+01
3.00000E-01	1.57303E+01	5.41762E+01
3.00000E-01	1.60112E+01	5.46101E+01
3.00000E-01	1.62921E+01	5.49946E+01
3.00000E-01	1.65730E+01	5.49931E+01
3.00000E-01	1.68539E+01	5.48965E+01
3.00000E-01	1.71348E+01	5.47513E+01
3.00000E-01	1.74157E+01	5.46169E+01
3.00000E-01	1.76966E+01	5.44361E+01
3.00000E-01	1.79775E+01	5.42625E+01
3.00000E-01	1.82584E+01	5.40480E+01
3.00000E-01	1.85393E+01	5.38117E+01
3.00000E-01	1.88202E+01	5.35554E+01
3.00000E-01	1.91011E+01	5.32376E+01
3.00000E-01	1.93820E+01	5.28735E+01
3.00000E-01	1.96629E+01	5.24793E+01
3.00000E-01	1.99438E+01	5.20978E+01
3.00000E-01	2.02247E+01	5.17010E+01
3.00000E-01	2.05056E+01	5.13401E+01
3.00000E-01	2.07865E+01	5.09207E+01
3.00000E-01	2.10674E+01	5.05292E+01
3.00000E-01	2.13483E+01	5.01541E+01
3.00000E-01	2.16292E+01	4.97889E+01
3.00000E-01	2.19101E+01	4.94287E+01
3.00000E-01	2.21910E+01	4.90623E+01
3.00000E-01	2.24719E+01	4.87247E+01
3.00000E-01	2.27528E+01	4.83853E+01
3.00000E-01	2.30337E+01	4.80538E+01
3.00000E-01	2.33146E+01	4.76957E+01
3.00000E-01	2.35955E+01	4.73421E+01
3.00000E-01	2.38764E+01	4.69639E+01
3.00000E-01	2.41573E+01	4.65983E+01
3.00000E-01	2.44382E+01	4.62434E+01
3.00000E-01	2.47191E+01	4.58934E+01
3.00000E-01	2.50000E+01	4.55530E+01
4.00000E-01	0.00000E+00	9.62881E-01
4.00000E-01	2.80899E-01	4.26507E-01
4.00000E-01	5.61798E-01	2.89274E-01
4.00000E-01	8.42697E-01	2.50638E-01
4.00000E-01	1.12360E+00	2.29198E-01
4.00000E-01	1.40449E+00	2.08635E-01
4.00000E-01	1.68539E+00	1.94603E-01
4.00000E-01	1.96629E+00	1.87389E-01
4.00000E-01	2.24719E+00	1.85741E-01
4.00000E-01	2.52809E+00	1.91186E-01
4.00000E-01	2.80899E+00	2.03343E-01
4.00000E-01	3.08989E+00	2.20210E-01
4.00000E-01	3.37079E+00	2.45234E-01
4.00000E-01	3.65169E+00	2.90052E-01
4.00000E-01	3.93258E+00	3.53389E-01
4.00000E-01	4.21348E+00	4.43828E-01
4.00000E-01	4.49438E+00	5.57010E-01
4.00000E-01	4.77528E+00	6.97268E-01
4.00000E-01	5.05618E+00	8.73170E-01
4.00000E-01	5.33708E+00	1.08631E+00
4.00000E-01	5.61798E+00	1.38094E+00
4.00000E-01	5.89888E+00	1.76836E+00
4.00000E-01	6.17978E+00	2.34419E+00
4.00000E-01	6.46067E+00	3.06680E+00
4.00000E-01	6.74157E+00	3.99857E+00
4.00000E-01	7.02247E+00	5.14155E+00
4.00000E-01	7.30337E+00	6.49359E+00
4.00000E-01	7.58427E+00	8.05516E+00
4.00000E-01	7.86517E+00	9.65140E+00
4.00000E-01	8.14607E+00	1.14286E+01
4.00000E-01	8.42697E+00	1.33268E+01
4.00000E-01	8.70787E+00	1.53983E+01
4.00000E-01	8.98876E+00	1.75686E+01
4.00000E-01	9.26966E+00	1.99515E+01
4.00000E-01	9.55056E+00	2.22592E+01
4.00000E-01	9.83146E+00	2.46886E+01
4.00000E-01	1.01124E+01	2.72974E+01
4.00000E-01	1.03933E+01	2.99994E+01
4.00000E-01	1.06742E+01	3.28617E+01
4.00000E-01	1.09551E+01	3.57062E+01
4.00000E-01	1.12360E+01	3.84916E+01
4.00000E-01	1.15169E+01	4.10894E+01
4.00000E-01	1.17978E+01	4.36020E+01
4.00000E-01	1.20787E+01	4.55978E+01
4.00000E-01	1.23596E+01	4.70898E+01
4.00000E-01	1.26404E+01	4.84465E+01
4.00000E-01	1.29213E+01	4.97051E+01
4.00000E-01	1.32022E+01	5.08825E+01
4.00000E-01	1.34831E+01	5.19584E+01
4.00000E-01	1.37640E+01	5.29842E+01
4.00000E-01	1.40449E+01	5.39174E+01
4.00000E-01	1.43258E+01	5.48291E+01
4.00000E-01	1.46067E+01	5.56582E+01
4.00000E-01	1.48876E+01	5.64714E+01
4.00000E-01	1.51685E+01	5.71593E+01
4.00000E-01	1.54494E+01	5.77631E+01
4.00000E-01	1.57303E+01	5.82961E+01
4.00000E-01	1.60112E+01	5.87626E+01
4.00000E-01	1.62921E+01	5.91704E+01
4.00000E-01	1.65730E+01	5.91755E+01
4.00000E-01	1.68539E+01	5.90697E+01
4.00000E-01	1.71348E+01	5.89150E+01
4.00000E-01	1.74157E+01	5.87688E+01
4.00000E-01	1.76966E+01	5.85760E+01
4.00000E-01	1.79775E+01	5.83881E+01
4.00000E-01	1.82584E+01	5.81578E+01
4.00000E-01	1.85393E+01	5.79034E+01
4.00000E-01	1.88202E+01	5.76270E+01
4.00000E-01	1.91011E+01	5.72852E+01
4.00000E-01	1.93820E+01	5.68934E+01
4.00000E-01	1.96629E+01	5.64705E+01
4.00000E-01	1.99438E+01	5.60588E+01
4.00000E-01	2.02247E+01	5.56331E+01
4.00000E-01	2.05056E+01	5.52427E+01
4.00000E-01	2.07865E+01	5.47937E+01
4.00000E-01	2.10674E+01	5.43715E+01
4.00000E-01	2.13483E+01	5.39679E+01
4.00000E-01	2.16292E+01	5.35750E+01
4.00000E-01	2.19101E+01	5.31868E+01
4.00000E-01	2.21910E+01	5.27935E+01
4.00000E-01	2.24719E+01	5.24295E+01
4.00000E-01	2.27528E+01	5.20649E+01
4.00000E-01	2.30337E+01	5.17074E+01
4.00000E-01	2.33146E+01	5.13227E+01
4.00000E-01	2.35955E+01	5.09411E+01
4.00000E-01	2.38764E+01	5.05353E+01
4.00000E-01	2.41573E+01	5.01417E+01
4.00000E-01	2.44382E+01	4.97595E+01
4.00000E-01	2.47191E+01	4.93835E+01
4.00000E-01	2.50000E+01	4.90150E+01
5.00000E-01	0.00000E+00	9.51834E-01
5.00000E-01	2.80899E-01	4.54803E-01
5.00000E-01	5.61798E-01	3.10789E-01
5.00000E-01	8.42697E-01	2.69564E-01
5.00000E-01	1.12360E+00	2.46484E-01
5.00000E-01	1.40449E+00	2.24554E-01
5.00000E-01	1.68539E+00	2.09472E-01
5.00000E-01	1.96629E+00	2.01713E-01
5.00000E-01	2.24719E+00	2.00021E-01
5.00000E-01	2.52809E+00	2.05897E-01
5.00000E-01	2.80899E+00	2.18948E-01
5.00000E-01	3.08989E+00	2.37126E-01
5.00000E-01	3.37079E+00	2.64393E-01
5.00000E-01	3.65169E+00	3.12492E-01
5.00000E-01	3.93258E+00	3.81078E-01
5.00000E-01	4.21348E+00	4.78298E-01
5.00000E-01	4.49438E+00	6.00336E-01
5.00000E-01	4.77528E+00	7.51486E-01
5.00000E-01	5.05618E+00	9.40546E-01
5.00000E-01	5.33708E+00	1.17105E+00
5.00000E-01	5.61798E+00	1.48751E+00
5.00000E-01	5.89888E+00	1.90725E+00
5.00000E-01	6.17978E+00	2.52589E+00
5.00000E-01	6.46067E+00	3.30606E+00
5.00000E-01	6.74157E+00	4.30835E+00
5.00000E-01	7.02247E+00	5.53945E+00
5.00000E-01	7.30337E+00	6.99429E+00
5.00000E-01	7.58427E+00	8.66966E+00
5.00000E-01	7.86517E+00	1.03926E+01
5.00000E-01	8.14607E+00	1.23023E+01
5.00000E-01	8.42697E+00	1.43488E+01
5.00000E-01	8.70787E+00	1.65757E+01
5.00000E-01	8.98876E+00	1.89157E+01
5.00000E-01	9.26966E+00	2.14726E+01
5.00000E-01	9.55056E+00	2.39618E+01
5.00000E-01	9.83146E+00	2.65757E+01
5.00000E-01	1.01124E+01	2.93802E+01
5.00000E-01	1.03933E+01	3.22910E+01
5.00000E-01	1.06742E+01	3.53660E+01
5.00000E-01	1.09551E+01	3.84289E+01
5.00000E-01	1.12360E+01	4.14236E+01
5.00000E-01	1.15169E+01	4.42233E+01
5.00000E-01	1.17978E+01	4.69204E+01
5.00000E-01	1.20787E+01	4.90679E+01
5.00000E-01	1.23596E+01	5.06762E+01
5.00000E-01	1.26404E+01	5.21367E+01
5.00000E-01	1.29213E+01	5.34918E+01
5.00000E-01	1.32022E+01	5.47578E+01
5.00000E-01	1.34831E+01	5.59177E+01
5.00000E-01	1.37640E+01	5.70199E+01
5.00000E-01	1.40449E+01	5.80264E+01
5.00000E-01	1.43258E+01	5.90052E+01
5.00000E-01	1.46067E+01	5.98992E+01
5.00000E-01	1.48876E+01	6.07714E+01
5.00000E-01	1.51685E+01	6.15131E+01
5.00000E-01	1.54494E+01	6.21630E+01
5.00000E-01	1.57303E+01	6.27371E+01
5.00000E-01	1.60112E+01	6.32389E+01
5.00000E-01	1.62921E+01	6.36701E+01
5.00000E-01	1.65730E+01	6.36838E+01
5.00000E-01	1.68539E+01	6.35682E+01
5.00000E-01	1.71348E+01	6.34037E+01
5.00000E-01	1.74157E+01	6.32444E+01
5.00000E-01	1.76966E+01	6.30389E+01
5.00000E-01	1.79775E+01	6.28353E+01
5.00000E-01	1.82584E+01	6.25880E+01
5.00000E-01	1.85393E+01	6.23141E+01
5.00000E-01	1.88202E+01	6.20157E+01
5.00000E-01	1.91011E+01	6.16482E+01
5.00000E-01	1.93820E+01	6.12267E+01
5.00000E-01	1.96629E+01	6.07729E+01
5.00000E-01	1.99438E+01	6.03285E+01
5.00000E-01	2.02247E+01	5.98719E+01
5.00000E-01	2.05056E+01	5.94494E+01
5.00000E-01	2.07865E+01	5.89688E+01
5.00000E-01	2.10674E+01	5.85134E+01
5.00000E-01	2.13483E+01	5.80792E+01
5.00000E-01	2.16292E+01	5.76563E+01
5.00000E-01	2.19101E+01	5.72379E+01
5.00000E-01	2.21910E+01	5.68157E+01
5.00000E-01	2.24719E+01	5.64232E+01
5.00000E-01	2.27528E+01	5.60315E+01
5.00000E-01	2.30337E+01	5.56457E+01
5.00000E-01	2.33146E+01	5.52325E+01
5.00000E-01	2.35955E+01	5.48207E+01
5.00000E-01	2.38764E+01	5.43852E+01
5.00000E-01	2.41573E+01	5.39615E+01
5.00000E-01	2.44382E+01	5.35499E+01
5.00000E-01	2.47191E+01	5.31458E+01
5.00000E-01	2.50000E+01	5.27464E+01
6.00000E-01	0.00000E+00	9.40123E-01
6.00000E-01	2.80899E-01	4.84484E-01
6.00000E-01	5.61798E-01	3.33324E-01
6.00000E-01	8.42697E-01	2.89525E-01
6.00000E-01	1.12360E+00	2.64734E-01
6.00000E-01	1.40449E+00	2.41421E-01
6.00000E-01	1.68539E+00	2.25259E-01
6.00000E-01	1.96629E+00	2.16940E-01
6.00000E-01	2.24719E+00	2.15214E-01
6.00000E-01	2.52809E+00	2.21562E-01
6.00000E-01	2.80899E+00	2.35559E-01
6.00000E-01	3.08989E+00	2.55159E-01
6.00000E-01	3.37079E+00	2.84873E-01
6.00000E-01	3.65169E+00	3.36483E-01
6.00000E-01	3.93258E+00	4.10672E-01
6.00000E-01	4.21348E+00	5.15081E-01
6.00000E-01	4.49438E+00	6.46544E-01
6.00000E-01	4.77528E+00	8.09316E-01
6.00000E-01	5.05618E+00	1.01240E+00
6.00000E-01	5.33708E+00	1.26160E+00
6.00000E-01	5.61798E+00	1.60146E+00
6.00000E-01	5.89888E+00	2.05595E+00
6.00000E-01	6.17978E+00	2.71992E+00
6.00000E-01	6.46067E+00	3.56144E+00
6.00000E-01	6.74157E+00	4.63875E+00
6.00000E-01	7.02247E+00	5.96330E+00
6.00000E-01	7.30337E+00	7.52754E+00
6.00000E-01	7.58427E+00	9.32327E+00
6.00000E-01	7.86517E+00	1.11812E+01
6.00000E-01	8.14607E+00	1.32314E+01
6.00000E-01	8.42697E+00	1.54352E+01
6.00000E-01	8.70787E+00	1.78267E+01
6.00000E-01	8.98876E+00	2.03472E+01
6.00000E-01	9.26966E+00	2.30876E+01
6.00000E-01	9.55056E+00	2.57702E+01
6.00000E-01	9.83146E+00	2.85804E+01
6.00000E-01	1.01124E+01	3.15925E+01
6.00000E-01	1.03933E+01	3.47252E+01
6.00000E-01	1.06742E+01	3.80254E+01
6.00000E-01	1.09551E+01	4.13194E+01
6.00000E-01	1.12360E+01	4.45354E+01
6.00000E-01	1.15169E+01	4.75494E+01
6.00000E-01	1.17978E+01	5.04402E+01
6.00000E-01	1.20787E+01	5.27485E+01
6.00000E-01	1.23596E+01	5.44823E+01
6.00000E-01	1.26404E+01	5.60533E+01
6.00000E-01	1.29213E+01	5.75106E+01
6.00000E-01	1.32022E+01	5.88706E+01
6.00000E-01	1.34831E+01	6.01198E+01
6.00000E-01	1.37640E+01	6.13028E+01
6.00000E-01	1.40449E+01	6.23874E+01
6.00000E-01	1.43258E+01	6.34372E+01
6.00000E-01	1.46067E+01	6.44004E+01
6.00000E-01	1.48876E+01	6.53346E+01
6.00000E-01	1.51685E+01	6.61337E+01
6.00000E-01	1.54494E+01	6.68324E+01
6.00000E-01	1.57303E+01	6.74501E+01
6.00000E-01	1.60112E+01	6.79893E+01
6.00000E-01	1.62921E+01	6.84439E+01
6.00000E-01	1.65730E+01	6.84679E+01
6.00000E-01	1.68539E+01	6.83422E+01
6.00000E-01	1.71348E+01	6.81674E+01
6.00000E-01	1.74157E+01	6.79941E+01
6.00000E-01	1.76966E+01	6.77752E+01
6.00000E-01	1.79775E+01	6.75548E+01
6.00000E-01	1.82584E+01	6.72896E+01
6.00000E-01	1.85393E+01	6.69950E+01
6.00000E-01	1.88202E+01	6.66732E+01
6.00000E-01	1.91011E+01	6.62783E+01
6.00000E-01	1.93820E+01	6.58255E+01
6.00000E-01	1.96629E+01	6.53390E+01
6.00000E-01	1.99438E+01	6.48599E+01
6.00000E-01	2.02247E+01	6.43707E+01
6.00000E-01	2.05056E+01	6.39136E+01
6.00000E-01	2.07865E+01	6.33998E+01
6.00000E-01	2.10674E+01	6.29093E+01
6.00000E-01	2.13483E+01	6.24426E+01
6.00000E-01	2.16292E+01	6.19877E+01
6.00000E-01	2.19101E+01	6.15373E+01
6.00000E-01	2.21910E+01	6.10846E+01
6.00000E-01	2.24719E+01	6.06616E+01
6.00000E-01	2.27528E+01	6.02411E+01
6.00000E-01	2.30337E+01	5.98253E+01
6.00000E-01	2.33146E+01	5.93819E+01
6.00000E-01	2.35955E+01	5.89380E+01
6.00000E-01	2.38764E+01	5.84711E+01
6.00000E-01	2.41573E+01	5.80155E+01
6.00000E-01	2.44382E+01	5.75726E+01
6.00000E-01	2.47191E+01	5.71387E+01
6.00000E-01	2.50000E+01	5.67058E+01
7.00000E-01	0.00000E+00	9.29193E-01
7.00000E-01	2.80899E-01	5.13776E-01
7.00000E-01	5.61798E-01	3.56443E-01
7.00000E-01	8.42697E-01	3.10057E-01
7.00000E-01	1.12360E+00	2.83538E-01
7.00000E-01	1.40449E+00	2.58865E-01
7.00000E-01	1.68539E+00	2.41631E-01
7.00000E-01	1.96629E+00	2.32752E-01
7.00000E-01	2.24719E+00	2.31010E-01
7.00000E-01	2.52809E+00	2.37863E-01
7.00000E-01	2.80899E+00	2.52841E-01
7.00000E-01	3.08989E+00	2.73954E-01
7.00000E-01	3.37079E+00	3.06269E-01
7.00000E-01	3.65169E+00	3.61568E-01
7.00000E-01	3.93258E+00	4.41595E-01
7.00000E-01	4.21348E+00	5.53470E-01
7.00000E-01	4.49438E+00	6.94732E-01
7.00000E-01	4.77528E+00	8.69620E-01
7.00000E-01	5.05618E+00	1.08734E+00
7.00000E-01	5.33708E+00	1.35618E+00
7.00000E-01	5.61798E+00	1.72063E+00
7.00000E-01	5.89888E+00	2.21157E+00
7.00000E-01	6.17978E+00	2.92258E+00
7.00000E-01	6.46067E+00	3.82793E+00
7.00000E-01	6.74157E+00	4.98328E+00
7.00000E-01	7.02247E+00	6.40467E+00
7.00000E-01	7.30337E+00	8.08250E+00
7.00000E-01	7.58427E+00	1.00026E+01
7.00000E-01	7.86517E+00	1.20007E+01
7.00000E-01	8.14607E+00	1.41968E+01
7.00000E-01	8.42697E+00	1.65634E+01
7.00000E-01	8.70787E+00	1.91255E+01
7.00000E-01	8.98876E+00	2.18333E+01
7.00000E-01	9.26966E+00	2.47628E+01
7.00000E-01	9.55056E+00	2.76466E+01
7.00000E-01	9.83146E+00	3.06610E+01
7.00000E-01	1.01124E+01	3.38882E+01
7.00000E-01	1.03933E+01	3.72508E+01
7.00000E-01	1.06742E+01	4.07840E+01
7.00000E-01	1.09551E+01	4.43169E+01
7.00000E-01	1.12360E+01	4.77614E+01
7.00000E-01	1.15169E+01	5.09976E+01
7.00000E-01	1.17978E+01	5.40867E+01
7.00000E-01	1.20787E+01	5.65614E+01
7.00000E-01	1.23596E+01	5.84278E+01
7.00000E-01	1.26404E+01	6.01135E+01
7.00000E-01	1.29213E+01	6.16768E+01
7.00000E-01	1.32022E+01	6.31342E+01
7.00000E-01	1.34831E+01	6.44758E+01
7.00000E-01	1.37640E+01	6.57426E+01
7.00000E-01	1.40449E+01	6.69082E+01
7.00000E-01	1.43258E+01	6.80316E+01
7.00000E-01	1.46067E+01	6.90667E+01
7.00000E-01	1.48876E+01	7.00649E+01
7.00000E-01	1.51685E+01	7.09234E+01
7.00000E-01	1.54494E+01	7.16728E+01
7.00000E-01	1.57303E+01	7.23355E+01
7.00000E-01	1.60112E+01	7.29135E+01
7.00000E-01	1.62921E+01	7.33908E+01
7.00000E-01	1.65730E+01	7.34263E+01
7.00000E-01	1.68539E+01	7.32911E+01
7.00000E-01	1.71348E+01	7.31058E+01
7.00000E-01	1.74157E+01	7.29177E+01
7.00000E-01	1.76966E+01	7.26851E+01
7.00000E-01	1.79775E+01	7.24471E+01
7.00000E-01	1.82584E+01	7.21633E+01
7.00000E-01	1.85393E+01	7.18473E+01
7.00000E-01	1.88202E+01	7.15009E+01
7.00000E-01	1.91011E+01	7.10778E+01
7.00000E-01	1.93820E+01	7.05925E+01
7.00000E-01	1.96629E+01	7.00723E+01
7.00000E-01	1.99438E+01	6.95573E+01
7.00000E-01	2.02247E+01	6.90344E+01
7.00000E-01	2.05056E+01	6.85411E+01
7.00000E-01	2.07865E+01	6.79931E+01
7.00000E-01	2.10674E+01	6.74663E+01
7.00000E-01	2.13483E+01	6.69658E+01
7.00000E-01	2.16292E+01	6.64779E+01
7.00000E-01	2.19101E+01	6.59943E+01
7.00000E-01	2.21910E+01	6.55100E+01
7.00000E-01	2.24719E+01	6.50554E+01
7.00000E-01	2.27528E+01	6.46050E+01
7.00000E-01	2.30337E+01	6.41579E+01
7.00000E-01	2.33146E+01	6.36833E+01
7.00000E-01	2.35955E+01	6.32061E+01
7.00000E-01	2.38764E+01	6.27067E+01
7.00000E-01	2.41573E+01	6.22180E+01
7.00000E-01	2.44382E+01	6.17428E+01
7.00000E-01	2.47191E+01	6.12778E+01
7.00000E-01	2.50000E+01	6.08096E+01
8.00000E-01	0.00000E+00	9.19627E-01
8.00000E-01	2.80899E-01	5.41093E-01
8.00000E-01	5.61798E-01	3.79877E-01
8.00000E-01	8.42697E-01	3.30771E-01
8.00000E-01	1.12360E+00	3.02549E-01
8.00000E-01	1.40449E+00	2.76575E-01
8.00000E-01	1.68539E+00	2.58307E-01
8.00000E-01	1.96629E+00	2.48882E-01
8.00000E-01	2.24719E+00	2.47148E-01
8.00000E-01	2.52809E+00	2.54528E-01
8.00000E-01	2.80899E+00	2.70510E-01
8.00000E-01	3.08989E+00	2.93212E-01
8.00000E-01	3.37079E+00	3.28241E-01
8.00000E-01	3.65169E+00	3.87361E-01
8.00000E-01	3.93258E+00	4.73363E-01
8.00000E-01	4.21348E+00	5.92872E-01
8.00000E-01	4.49438E+00	7.44141E-01
8.00000E-01	4.77528E+00	9.31441E-01
8.00000E-01	5.05618E+00	1.16421E+00
8.00000E-01	5.33708E+00	1.45329E+00
8.00000E-01	5.61798E+00	1.84320E+00
8.00000E-01	5.89888E+00	2.37169E+00
8.00000E-01	6.17978E+00	3.13074E+00
8.00000E-01	6.46067E+00	4.10131E+00
8.00000E-01	6.74157E+00	5.33650E+00
8.00000E-01	7.02247E+00	6.85646E+00
8.00000E-01	7.30337E+00	8.65000E+00
8.00000E-01	7.58427E+00	1.06964E+01
8.00000E-01	7.86517E+00	1.28375E+01
8.00000E-01	8.14607E+00	1.51822E+01
8.00000E-01	8.42697E+00	1.77145E+01
8.00000E-01	8.70787E+00	2.04502E+01
8.00000E-01	8.98876E+00	2.33486E+01
8.00000E-01	9.26966E+00	2.64698E+01
8.00000E-01	9.55056E+00	2.95589E+01
8.00000E-01	9.83146E+00	3.27820E+01
8.00000E-01	1.01124E+01	3.62281E+01
8.00000E-01	1.03933E+01	3.98247E+01
8.00000E-01	1.06742E+01	4.35945E+01
8.00000E-01	1.09551E+01	4.73697E+01
8.00000E-01	1.12360E+01	5.10464E+01
8.00000E-01	1.15169E+01	5.45085E+01
8.00000E-01	1.17978E+01	5.77967E+01
8.00000E-01	1.20787E+01	6.04407E+01
8.00000E-01	1.23596E+01	6.24444E+01
8.00000E-01	1.26404E+01	6.42473E+01
8.00000E-01	1.29213E+01	6.59185E+01
8.00000E-01	1.32022E+01	6.74750E+01
8.00000E-01	1.34831E+01	6.89107E+01
8.00000E-01	1.37640E+01	7.02627E+01
8.00000E-01	1.40449E+01	7.15109E+01
8.00000E-01	1.43258E+01	7.27093E+01
8.00000E-01	1.46067E+01	7.38176E+01
8.00000E-01	1.48876E+01	7.48805E+01
8.00000E-01	1.51685E+01	7.57995E+01
8.00000E-01	1.54494E+01	7.66006E+01
8.00000E-01	1.57303E+01	7.73091E+01
8.00000E-01	1.60112E+01	7.79264E+01
8.00000E-01	1.62921E+01	7.84254E+01
8.00000E-01	1.65730E+01	7.84733E+01
8.00000E-01	1.68539E+01	7.83295E+01
8.00000E-01	1.71348E+01	7.81335E+01
8.00000E-01	1.74157E+01	7.79304E+01
8.00000E-01	1.76966E+01	7.76837E+01
8.00000E-01	1.79775E+01	7.74277E+01
8.00000E-01	1.82584E+01	7.71250E+01
8.00000E-01	1.85393E+01	7.67872E+01
8.00000E-01	1.88202E+01	7.64157E+01
8.00000E-01	1.91011E+01	7.59638E+01
8.00000E-01	1.93820E+01	7.54456E+01
8.00000E-01	1.96629E+01	7.48911E+01
8.00000E-01	1.99438E+01	7.43396E+01
8.00000E-01	2.02247E+01	7.37826E+01
8.00000E-01	2.05056E+01	7.32522E+01
8.00000E-01	2.07865E+01	7.26695E+01
8.00000E-01	2.10674E+01	7.21060E+01
8.00000E-01	2.13483E+01	7.15709E+01
8.00000E-01	2.16292E+01	7.10493E+01
8.00000E-01	2.19101E+01	7.05319E+01
8.00000E-01	2.21910E+01	7.00156E+01
8.00000E-01	2.24719E+01	6.95287E+01
8.00000E-01	2.27528E+01	6.90478E+01
8.00000E-01	2.30337E+01	6.85687E+01
8.00000E-01	2.33146E+01	6.80625E+01
8.00000E-01	2.35955E+01	6.75514E+01
8.00000E-01	2.38764E+01	6.70190E+01
8.00000E-01	2.41573E+01	6.64966E+01
8.00000E-01	2.44382E+01	6.59885E+01
8.00000E-01	2.47191E+01	6.54917E+01
8.00000E-01	2.50000E+01	6.49868E+01
9.00000E-01	0.00000E+00	9.11562E-01
9.00000E-01	2.80899E-01	5.65716E-01
9.00000E-01	5.61798E-01	4.03459E-01
9.00000E-01	8.42697E-01	3.51391E-01
9.00000E-01	1.12360E+00	3.21505E-01
9.00000E-01	1.40449E+00	2.94317E-01
9.00000E-01	1.68539E+00	2.75072E-01
9.00000E-01	1.96629E+00	2.65130E-01
9.00000E-01	2.24719E+00	2.63430E-01
9.00000E-01	2.52809E+00	2.71356E-01
9.00000E-01	2.80899E+00	2.88356E-01
9.00000E-01	3.08989E+00	3.12712E-01
9.00000E-01	3.37079E+00	3.50540E-01
9.00000E-01	3.65169E+00	4.13581E-01
9.00000E-01	3.93258E+00	5.05621E-01
9.00000E-01	4.21348E+00	6.32851E-01
9.00000E-01	4.49438E+00	7.94220E-01
9.00000E-01	4.77528E+00	9.94080E-01
9.00000E-01	5.05618E+00	1.24216E+00
9.00000E-01	5.33708E+00	1.55183E+00
9.00000E-01	5.61798E+00	1.96783E+00
9.00000E-01	5.89888E+00	2.53454E+00
9.00000E-01	6.17978E+00	3.34214E+00
9.00000E-01	6.46067E+00	4.37852E+00
9.00000E-01	6.74157E+00	5.69438E+00
9.00000E-01	7.02247E+00	7.31345E+00
9.00000E-01	7.30337E+00	9.22325E+00
9.00000E-01	7.58427E+00	1.13962E+01
9.00000E-01	7.86517E+00	1.36811E+01
9.00000E-01	8.14607E+00	1.61758E+01
9.00000E-01	8.42697E+00	1.88743E+01
9.00000E-01	8.70787E+00	2.17847E+01
9.00000E-01	8.98876E+00	2.48744E+01
9.00000E-01	9.26966E+00	2.81878E+01
9.00000E-01	9.55056E+00	3.14835E+01
9.00000E-01	9.83146E+00	3.49170E+01
9.00000E-01	1.01124E+01	3.85832E+01
9.00000E-01	1.03933E+01	4.24147E+01
9.00000E-01	1.06742E+01	4.64219E+01
9.00000E-01	1.09551E+01	5.04395E+01
9.00000E-01	1.12360E+01	5.43489E+01
9.00000E-01	1.15169E+01	5.80375E+01
9.00000E-01	1.17978E+01	6.15235E+01
9.00000E-01	1.20787E+01	6.43372E+01
9.00000E-01	1.23596E+01	6.64815E+01
9.00000E-01	1.26404E+01	6.84026E+01
9.00000E-01	1.29213E+01	7.01822E+01
9.00000E-01	1.32022E+01	7.18384E+01
9.00000E-01	1.34831E+01	7.33686E+01
9.00000E-01	1.37640E+01	7.48064E+01
9.00000E-01	1.40449E+01	7.61376E+01
9.00000E-01	1.43258E+01	7.74113E+01
9.00000E-01	1.46067E+01	7.85931E+01
9.00000E-01	1.48876E+01	7.97209E+01
9.00000E-01	1.51685E+01	8.07006E+01
9.00000E-01	1.54494E+01	8.15538E+01
9.00000E-01	1.57303E+01	8.23081E+01
9.00000E-01	1.60112E+01	8.29646E+01
9.00000E-01	1.62921E+01	8.34841E+01
9.00000E-01	1.65730E+01	8.35449E+01
9.00000E-01	1.68539E+01	8.33937E+01
9.00000E-01	1.71348E+01	8.31871E+01
9.00000E-01	1.74157E+01	8.29690E+01
9.00000E-01	1.76966E+01	8.27080E+01
9.00000E-01	1.79775E+01	8.24339E+01
9.00000E-01	1.82584E+01	8.21121E+01
9.00000E-01	1.85393E+01	8.17524E+01
9.00000E-01	1.88202E+01	8.13554E+01
9.00000E-01	1.91011E+01	8.08746E+01
9.00000E-01	1.93820E+01	8.03236E+01
9.00000E-01	1.96629E+01	7.97348E+01
9.00000E-01	1.99438E+01	7.91468E+01
9.00000E-01	2.02247E+01	7.85553E+01
9.00000E-01	2.05056E+01	7.79875E+01
9.00000E-01	2.07865E+01	7.73701E+01
9.00000E-01	2.10674E+01	7.67697E+01
9.00000E-01	2.13483E+01	7.61999E+01
9.00000E-01	2.16292E+01	7.56443E+01
9.00000E-01	2.19101E+01	7.50931E+01
9.00000E-01	2.21910E+01	7.45446E+01
9.00000E-01	2.24719E+01	7.40252E+01
9.00000E-01	2.27528E+01	7.35135E+01
9.00000E-01	2.30337E+01	7.30022E+01
9.00000E-01	2.33146E+01	7.24643E+01
9.00000E-01	2.35955E+01	7.19190E+01
9.00000E-01	2.38764E+01	7.13536E+01
9.00000E-01	2.41573E+01	7.07975E+01
9.00000E-01	2.44382E+01	7.02563E+01
9.00000E-01	2.47191E+01	6.97272E+01
9.00000E-01	2.50000E+01	6.91848E+01
1.00000E+00	0.00000E+00	9.04932E-01
1.00000E+00	2.80899E-01	5.87694E-01
1.00000E+00	5.61798E-01	4.27039E-01
1.00000E+00	8.42697E-01	3.71747E-01
1.00000E+00	1.12360E+00	3.40219E-01
1.00000E+00	1.40449E+00	3.11919E-01
1.00000E+00	1.68539E+00	2.91774E-01
1.00000E+00	1.96629E+00	2.81352E-01
1.00000E+00	2.24719E+00	2.79718E-01
1.00000E+00	2.52809E+00	2.88205E-01
1.00000E+00	2.80899E+00	3.06233E-01
1.00000E+00	3.08989E+00	3.32299E-01
1.00000E+00	3.37079E+00	3.72990E-01
1.00000E+00	3.65169E+00	4.40029E-01
1.00000E+00	3.93258E+00	5.38123E-01
1.00000E+00	4.21348E+00	6.73102E-01
1.00000E+00	4.49438E+00	8.44581E-01
1.00000E+00	4.77528E+00	1.05705E+00
1.00000E+00	5.05618E+00	1.32058E+00
1.00000E+00	5.33708E+00	1.65104E+00
1.00000E+00	5.61798E+00	2.09361E+00
1.00000E+00	5.89888E+00	2.69884E+00
1.00000E+00	6.17978E+00	3.55519E+00
1.00000E+00	6.46067E+00	4.65739E+00
1.00000E+00	6.74157E+00	6.05408E+00
1.00000E+00	7.02247E+00	7.77190E+00
1.00000E+00	7.30337E+00	9.79738E+00
1.00000E+00	7.58427E+00	1.20962E+01
1.00000E+00	7.86517E+00	1.45244E+01
1.00000E+00	8.14607E+00	1.71689E+01
1.00000E+00	8.42697E+00	2.00326E+01
1.00000E+00	8.70787E+00	2.31172E+01
1.00000E+00	8.98876E+00	2.63973E+01
1.00000E+00	9.26966E+00	2.99015E+01
1.00000E+00	9.55056E+00	3.34032E+01
1.00000E+00	9.83146E+00	3.70471E+01
1.00000E+00	1.01124E+01	4.09325E+01
1.00000E+00	1.03933E+01	4.49977E+01
1.00000E+00	1.06742E+01	4.92408E+01
1.00000E+00	1.09551E+01	5.34986E+01
1.00000E+00	1.12360E+01	5.76394E+01
1.00000E+00	1.15169E+01	6.15526E+01
1.00000E+00	1.17978E+01	6.52330E+01
1.00000E+00	1.20787E+01	6.82156E+01
1.00000E+00	1.23596E+01	7.05021E+01
1.00000E+00	1.26404E+01	7.25415E+01
1.00000E+00	1.29213E+01	7.44292E+01
1.00000E+00	1.32022E+01	7.61848E+01
1.00000E+00	1.34831E+01	7.78090E+01
1.00000E+00	1.37640E+01	7.93324E+01
1.00000E+00	1.40449E+01	8.07462E+01
1.00000E+00	1.43258E+01	8.20950E+01
1.00000E+00	1.46067E+01	8.33500E+01
1.00000E+00	1.48876E+01	8.45421E+01
1.00000E+00	1.51685E+01	8.55821E+01
1.00000E+00	1.54494E+01	8.64873E+01
1.00000E+00	1.57303E+01	8.72872E+01
1.00000E+00	1.60112E+01	8.79823E+01
1.00000E+00	1.62921E+01	8.85209E+01
1.00000E+00	1.65730E+01	8.85952E+01
1.00000E+00	1.68539E+01	8.84378E+01
1.00000E+00	1.71348E+01	8.82208E+01
1.00000E+00	1.74157E+01	8.79877E+01
1.00000E+00	1.76966E+01	8.77126E+01
1.00000E+00	1.79775E+01	8.74202E+01
1.00000E+00	1.82584E+01	8.70795E+01
1.00000E+00	1.85393E+01	8.66979E+01
1.00000E+00	1.88202E+01	8.62752E+01
1.00000E+00	1.91011E+01	8.57658E+01
1.00000E+00	1.93820E+01	8.51823E+01
1.00000E+00	1.96629E+01	8.45594E+01
1.00000E+00	1.99438E+01	8.39351E+01
1.00000E+00	2.02247E+01	8.33093E+01
1.00000E+00	2.05056E+01	8.27041E+01
1.00000E+00	2.07865E+01	8.20521E+01
1.00000E+00	2.10674E+01	8.14154E+01
1.00000E+00	2.13483E+01	8.08109E+01
1.00000E+00	2.16292E+01	8.02213E+01
1.00000E+00	2.19101E+01	7.96365E+01
1.00000E+00	2.21910E+01	7.90559E+01
1.00000E+00	2.24719E+01	7.85042E+01
1.00000E+00	2.27528E+01	7.79617E+01
1.00000E+00	2.30337E+01	7.74183E+01
1.00000E+00	2.33146E+01	7.68486E+01
1.00000E+00	2.35955E+01	7.62696E+01
1.00000E+00	2.38764E+01	7.56712E+01
1.00000E+00	2.41573E+01	7.50815E+01
1.00000E+00	2.44382E+01	7.45073E+01
1.00000E+00	2.47191E+01	7.39458E+01
1.00000E+00	2.50000E+01	7.33655E+01
1.50000E+00	0.00000E+00	8.87833E-01
1.50000E+00	2.80899E-01	6.72080E-01
1.50000E+00	5.61798E-01	5.37405E-01
1.50000E+00	8.42697E-01	4.67613E-01
1.50000E+00	1.12360E+00	4.27151E-01
1.50000E+00	1.40449E+00	3.94594E-01
1.50000E+00	1.68539E+00	3.71331E-01
1.50000E+00	1.96629E+00	3.59353E-01
1.50000E+00	2.24719E+00	3.58581E-01
1.50000E+00	2.52809E+00	3.70087E-01
1.50000E+00	2.80899E+00	3.93444E-01
1.50000E+00	3.08989E+00	4.28810E-01
1.50000E+00	3.37079E+00	4.84431E-01
1.50000E+00	3.65169E+00	5.72154E-01
1.50000E+00	3.93258E+00	6.99923E-01
1.50000E+00	4.21348E+00	8.73010E-01
1.50000E+00	4.49438E+00	1.09379E+00
1.50000E+00	4.77528E+00	1.36825E+00
1.50000E+00	5.05618E+00	1.70952E+00
1.50000E+00	5.33708E+00	2.14424E+00
1.50000E+00	5.61798E+00	2.72353E+00
1.50000E+00	5.89888E+00	3.52022E+00
1.50000E+00	6.17978E+00	4.61693E+00
1.50000E+00	6.46067E+00	6.03827E+00
1.50000E+00	6.74157E+00	7.82778E+00
1.50000E+00	7.02247E+00	1.00178E+01
1.50000E+00	7.30337E+00	1.25913E+01
1.50000E+00	7.58427E+00	1.54880E+01
1.50000E+00	7.86517E+00	1.85984E+01
1.50000E+00	8.14607E+00	2.19648E+01
1.50000E+00	8.42697E+00	2.56137E+01
1.50000E+00	8.70787E+00	2.95329E+01
1.50000E+00	8.98876E+00	3.37129E+01
1.50000E+00	9.26966E+00	3.81232E+01
1.50000E+00	9.55056E+00	4.26090E+01
1.50000E+00	9.83146E+00	4.72665E+01
1.50000E+00	1.01124E+01	5.21984E+01
1.50000E+00	1.03933E+01	5.73691E+01
1.50000E+00	1.06742E+01	6.27272E+01
1.50000E+00	1.09551E+01	6.81111E+01
1.50000E+00	1.12360E+01	7.33450E+01
1.50000E+00	1.15169E+01	7.83085E+01
1.50000E+00	1.17978E+01	8.28842E+01
1.50000E+00	1.20787E+01	8.66669E+01
1.50000E+00	1.23596E+01	8.96594E+01
1.50000E+00	1.26404E+01	9.22770E+01
1.50000E+00	1.29213E+01	9.46821E+01
1.50000E+00	1.32022E+01	9.69131E+01
1.50000E+00	1.34831E+01	9.89846E+01
1.50000E+00	1.37640E+01	1.00918E+02
1.50000E+00	1.40449E+01	1.02725E+02
1.50000E+00	1.43258E+01	1.04433E+02
1.50000E+00	1.46067E+01	1.06034E+02
1.50000E+00	1.48876E+01	1.07529E+02
1.50000E+00	1.51685E+01	1.08854E+02
1.50000E+00	1.54494E+01	1.10009E+02
1.50000E+00	1.57303E+01	1.11024E+02
1.50000E+00	1.60112E+01	1.11891E+02
1.50000E+00	1.62921E+01	1.12509E+02
1.50000E+00	1.65730E+01	1.12651E+02
1.50000E+00	1.68539E+01	1.12485E+02
1.50000E+00	1.71348E+01	1.12221E+02
1.50000E+00	1.74157E+01	1.11919E+02
1.50000E+00	1.76966E+01	1.11574E+02
1.50000E+00	1.79775E+01	1.11195E+02
1.50000E+00	1.82584E+01	1.10763E+02
1.50000E+00	1.85393E+01	1.10276E+02
1.50000E+00	1.88202E+01	1.09728E+02
1.50000E+00	1.91011E+01	1.09082E+02
1.50000E+00	1.93820E+01	1.08347E+02
1.50000E+00	1.96629E+01	1.07564E+02
1.50000E+00	1.99438E+01	1.06769E+02
1.50000E+00	2.02247E+01	1.05978E+02
1.50000E+00	2.05056E+01	1.05194E+02
1.50000E+00	2.07865E+01	1.04378E+02
1.50000E+00	2.10674E+01	1.03572E+02
1.50000E+00	2.13483E+01	1.02800E+02
1.50000E+00	2.16292E+01	1.02048E+02
1.50000E+00	2.19101E+01	1.01304E+02
1.50000E+00	2.21910E+01	1.00570E+02
1.50000E+00	2.24719E+01	9.98643E+01
1.50000E+00	2.27528E+01	9.91722E+01
1.50000E+00	2.30337E+01	9.84750E+01
1.50000E+00	2.33146E+01	9.77537E+01
1.50000E+00	2.35955E+01	9.70148E+01
1.50000E+00	2.38764E+01	9.62601E+01
1.50000E+00	2.41573E+01	9.55116E+01
1.50000E+00	2.44382E+01	9.47798E+01
1.50000E+00	2.47191E+01	9.40573E+01
1.50000E+00	2.50000E+01	9.32890E+01
2.00000E+00	0.00000E+00	8.85642E-01
2.00000E+00	2.80899E-01	7.33444E-01
2.00000E+00	5.61798E-01	6.21304E-01
2.00000E+00	8.42697E-01	5.51301E-01
2.00000E+00	1.12360E+00	5.02341E-01
2.00000E+00	1.40449E+00	4.66128E-01
2.00000E+00	1.68539E+00	4.41537E-01
2.00000E+00	1.96629E+00	4.29579E-01
2.00000E+00	2.24719E+00	4.30673E-01
2.00000E+00	2.52809E+00	4.45769E-01
2.00000E+00	2.80899E+00	4.75152E-01
2.00000E+00	3.08989E+00	5.20993E-01
2.00000E+00	3.37079E+00	5.92389E-01
2.00000E+00	3.65169E+00	7.01376E-01
2.00000E+00	3.93258E+00	8.57462E-01
2.00000E+00	4.21348E+00	1.06677E+00
2.00000E+00	4.49438E+00	1.33406E+00
2.00000E+00	4.77528E+00	1.66806E+00
2.00000E+00	5.05618E+00	2.08674E+00
2.00000E+00	5.33708E+00	2.62550E+00
2.00000E+00	5.61798E+00	3.34401E+00
2.00000E+00	5.89888E+00	4.32545E+00
2.00000E+00	6.17978E+00	5.65154E+00
2.00000E+00	6.46067E+00	7.36686E+00
2.00000E+00	6.74157E+00	9.51524E+00
2.00000E+00	7.02247E+00	1.21257E+01
2.00000E+00	7.30337E+00	1.51777E+01
2.00000E+00	7.58427E+00	1.86017E+01
2.00000E+00	7.86517E+00	2.23133E+01
2.00000E+00	8.14607E+00	2.63273E+01
2.00000E+00	8.42697E+00	3.06695E+01
2.00000E+00	8.70787E+00	3.53293E+01
2.00000E+00	8.98876E+00	4.02923E+01
2.00000E+00	9.26966E+00	4.55030E+01
2.00000E+00	9.55056E+00	5.08597E+01
2.00000E+00	9.83146E+00	5.64249E+01
2.00000E+00	1.01124E+01	6.22842E+01
2.00000E+00	1.03933E+01	6.84157E+01
2.00000E+00	1.06742E+01	7.47381E+01
2.00000E+00	1.09551E+01	8.10833E+01
2.00000E+00	1.12360E+01	8.72560E+01
2.00000E+00	1.15169E+01	9.31019E+01
2.00000E+00	1.17978E+01	9.84291E+01
2.00000E+00	1.20787E+01	1.02911E+02
2.00000E+00	1.23596E+01	1.06558E+02
2.00000E+00	1.26404E+01	1.09715E+02
2.00000E+00	1.29213E+01	1.12587E+02
2.00000E+00	1.32022E+01	1.15243E+02
2.00000E+00	1.34831E+01	1.17709E+02
2.00000E+00	1.37640E+01	1.20009E+02
2.00000E+00	1.40449E+01	1.22162E+02
2.00000E+00	1.43258E+01	1.24188E+02
2.00000E+00	1.46067E+01	1.26088E+02
2.00000E+00	1.48876E+01	1.27847E+02
2.00000E+00	1.51685E+01	1.29418E+02
2.00000E+00	1.54494E+01	1.30794E+02
2.00000E+00	1.57303E+01	1.31992E+02
2.00000E+00	1.60112E+01	1.32989E+02
2.00000E+00	1.62921E+01	1.33667E+02
2.00000E+00	1.65730E+01	1.33870E+02
2.00000E+00	1.68539E+01	1.33724E+02
2.00000E+00	1.71348E+01	1.33432E+02
2.00000E+00	1.74157E+01	1.33074E+02
2.00000E+00	1.76966E+01	1.32665E+02
2.00000E+00	1.79775E+01	1.32209E+02
2.00000E+00	1.82584E+01	1.31693E+02
2.00000E+00	1.85393E+01	1.31110E+02
2.00000E+00	1.88202E+01	1.30450E+02
2.00000E+00	1.91011E+01	1.29683E+02
2.00000E+00	1.93820E+01	1.28819E+02
2.00000E+00	1.96629E+01	1.27898E+02
2.00000E+00	1.99438E+01	1.26957E+02
2.00000E+00	2.02247E+01	1.26018E+02
2.00000E+00	2.05056E+01	1.25078E+02
2.00000E+00	2.07865E+01	1.24117E+02
2.00000E+00	2.10674E+01	1.23164E+02
2.00000E+00	2.13483E+01	1.22244E+02
2.00000E+00	2.16292E+01	1.21347E+02
2.00000E+00	2.19101E+01	1.20463E+02
2.00000E+00	2.21910E+01	1.19595E+02
2.00000E+00	2.24719E+01	1.18752E+02
2.00000E+00	2.27528E+01	1.17924E+02
2.00000E+00	2.30337E+01	1.17089E+02
2.00000E+00	2.33146E+01	1.16233E+02
2.00000E+00	2.35955E+01	1.15355E+02
2.00000E+00	2.38764E+01	1.14463E+02
2.00000E+00	2.41573E+01	1.13576E+02
2.00000E+00	2.44382E+01	1.12701E+02
2.00000E+00	2.47191E+01	1.11826E+02
2.00000E+00	2.50000E+01	1.10884E+02
2.50000E+00	0.00000E+00	8.89179E-01
2.50000E+00	2.80899E-01	7.76984E-01
2.50000E+00	5.61798E-01	6.80740E-01
2.50000E+00	8.42697E-01	6.18703E-01
2.50000E+00	1.12360E+00	5.67621E-01
2.50000E+00	1.40449E+00	5.28601E-01
2.50000E+00	1.68539E+00	5.03344E-01
2.50000E+00	1.96629E+00	4.92456E-01
2.50000E+00	2.24719E+00	4.96349E-01
2.50000E+00	2.52809E+00	5.15976E-01
2.50000E+00	2.80899E+00	5.52616E-01
2.50000E+00	3.08989E+00	6.10223E-01
2.50000E+00	3.37079E+00	6.98365E-01
2.50000E+00	3.65169E+00	8.29119E-01
2.50000E+00	3.93258E+00	1.01285E+00
2.50000E+00	4.21348E+00	1.25718E+00
2.50000E+00	4.49438E+00	1.56959E+00
2.50000E+00	4.77528E+00	1.96254E+00
2.50000E+00	5.05618E+00	2.45984E+00
2.50000E+00	5.33708E+00	3.10449E+00
2.50000E+00	5.61798E+00	3.96346E+00
2.50000E+00	5.89888E+00	5.12387E+00
2.50000E+00	6.17978E+00	6.66839E+00
2.50000E+00	6.46067E+00	8.65336E+00
2.50000E+00	6.74157E+00	1.11235E+01
2.50000E+00	7.02247E+00	1.41022E+01
2.50000E+00	7.30337E+00	1.75660E+01
2.50000E+00	7.58427E+00	2.14477E+01
2.50000E+00	7.86517E+00	2.56794E+01
2.50000E+00	8.14607E+00	3.02596E+01
2.50000E+00	8.42697E+00	3.52045E+01
2.50000E+00	8.70787E+00	4.05050E+01
2.50000E+00	8.98876E+00	4.61382E+01
2.50000E+00	9.26966E+00	5.20446E+01
2.50000E+00	9.55056E+00	5.81563E+01
2.50000E+00	9.83146E+00	6.45127E+01
2.50000E+00	1.01124E+01	7.11747E+01
2.50000E+00	1.03933E+01	7.81202E+01
2.50000E+00	1.06742E+01	8.52515E+01
2.50000E+00	1.09551E+01	9.23932E+01
2.50000E+00	1.12360E+01	9.93394E+01
2.50000E+00	1.15169E+01	1.05900E+02
2.50000E+00	1.17978E+01	1.11850E+02
2.50000E+00	1.20787E+01	1.16931E+02
2.50000E+00	1.23596E+01	1.21159E+02
2.50000E+00	1.26404E+01	1.24811E+02
2.50000E+00	1.29213E+01	1.28104E+02
2.50000E+00	1.32022E+01	1.31134E+02
2.50000E+00	1.34831E+01	1.33945E+02
2.50000E+00	1.37640E+01	1.36565E+02
2.50000E+00	1.40449E+01	1.39017E+02
2.50000E+00	1.43258E+01	1.41318E+02
2.50000E+00	1.46067E+01	1.43470E+02
2.50000E+00	1.48876E+01	1.45454E+02
2.50000E+00	1.51685E+01	1.47233E+02
2.50000E+00	1.54494E+01	1.48794E+02
2.50000E+00	1.57303E+01	1.50139E+02
2.50000E+00	1.60112E+01	1.51231E+02
2.50000E+00	1.62921E+01	1.51957E+02
2.50000E+00	1.65730E+01	1.52216E+02
2.50000E+00	1.68539E+01	1.52106E+02
2.50000E+00	1.71348E+01	1.51803E+02
2.50000E+00	1.74157E+01	1.51405E+02
2.50000E+00	1.76966E+01	1.50941E+02
2.50000E+00	1.79775E+01	1.50418E+02
2.50000E+00	1.82584E+01	1.49827E+02
2.50000E+00	1.85393E+01	1.49158E+02
2.50000E+00	1.88202E+01	1.48397E+02
2.50000E+00	1.91011E+01	1.47526E+02
2.50000E+00	1.93820E+01	1.46555E+02
2.50000E+00	1.96629E+01	1.45519E+02
2.50000E+00	1.99438E+01	1.44456E+02
2.50000E+00	2.02247E+01	1.43388E+02
2.50000E+00	2.05056E+01	1.42315E+02
2.50000E+00	2.07865E+01	1.41229E+02
2.50000E+00	2.10674E+01	1.40152E+02
2.50000E+00	2.13483E+01	1.39104E+02
2.50000E+00	2.16292E+01	1.38081E+02
2.50000E+00	2.19101E+01	1.37076E+02
2.50000E+00	2.21910E+01	1.36090E+02
2.50000E+00	2.24719E+01	1.35128E+02
2.50000E+00	2.27528E+01	1.34179E+02
2.50000E+00	2.30337E+01	1.33224E+02
2.50000E+00	2.33146E+01	1.32249E+02
2.50000E+00	2.35955E+01	1.31252E+02
2.50000E+00	2.38764E+01	1.30243E+02
2.50000E+00	2.41573E+01	1.29234E+02
2.50000E+00	2.44382E+01	1.28232E+02
2.50000E+00	2.47191E+01	1.27214E+02
2.50000E+00	2.50000E+01	1.26118E+02
3.00000E+00	0.00000E+00	8.94558E-01
3.00000E+00	2.80899E-01	8.08259E-01
3.00000E+00	5.61798E-01	7.25442E-01
3.00000E+00	8.42697E-01	6.70020E-01
3.00000E+00	1.12360E+00	6.23298E-01
3.00000E+00	1.40449E+00	5.84711E-01
3.00000E+00	1.68539E+00	5.59753E-01
3.00000E+00	1.96629E+00	5.50586E-01
3.00000E+00	2.24719E+00	5.58041E-01
3.00000E+00	2.52809E+00	5.83324E-01
3.00000E+00	2.80899E+00	6.28726E-01
3.00000E+00	3.08989E+00	6.99551E-01
3.00000E+00	3.37079E+00	8.05656E-01
3.00000E+00	3.65169E+00	9.59097E-01
3.00000E+00	3.93258E+00	1.17098E+00
3.00000E+00	4.21348E+00	1.45082E+00
3.00000E+00	4.49438E+00	1.80930E+00
3.00000E+00	4.77528E+00	2.26342E+00
3.00000E+00	5.05618E+00	2.84301E+00
3.00000E+00	5.33708E+00	3.59754E+00
3.00000E+00	5.61798E+00	4.59899E+00
3.00000E+00	5.89888E+00	5.93534E+00
3.00000E+00	6.17978E+00	7.68975E+00
3.00000E+00	6.46067E+00	9.92456E+00
3.00000E+00	6.74157E+00	1.26843E+01
3.00000E+00	7.02247E+00	1.59872E+01
3.00000E+00	7.30337E+00	1.98088E+01
3.00000E+00	7.58427E+00	2.40892E+01
3.00000E+00	7.86517E+00	2.87718E+01
3.00000E+00	8.14607E+00	3.38449E+01
3.00000E+00	8.42697E+00	3.93138E+01
3.00000E+00	8.70787E+00	4.51678E+01
3.00000E+00	8.98876E+00	5.13780E+01
3.00000E+00	9.26966E+00	5.78896E+01
3.00000E+00	9.55056E+00	6.46548E+01
3.00000E+00	9.83146E+00	7.16953E+01
3.00000E+00	1.01124E+01	7.90462E+01
3.00000E+00	1.03933E+01	8.66772E+01
3.00000E+00	1.06742E+01	9.44794E+01
3.00000E+00	1.09551E+01	1.02273E+02
3.00000E+00	1.12360E+01	1.09844E+02
3.00000E+00	1.15169E+01	1.16979E+02
3.00000E+00	1.17978E+01	1.23445E+02
3.00000E+00	1.20787E+01	1.29038E+02
3.00000E+00	1.23596E+01	1.33774E+02
3.00000E+00	1.26404E+01	1.37876E+02
3.00000E+00	1.29213E+01	1.41551E+02
3.00000E+00	1.32022E+01	1.44917E+02
3.00000E+00	1.34831E+01	1.48031E+02
3.00000E+00	1.37640E+01	1.50931E+02
3.00000E+00	1.40449E+01	1.53641E+02
3.00000E+00	1.43258E+01	1.56179E+02
3.00000E+00	1.46067E+01	1.58544E+02
3.00000E+00	1.48876E+01	1.60718E+02
3.00000E+00	1.51685E+01	1.62669E+02
3.00000E+00	1.54494E+01	1.64382E+02
3.00000E+00	1.57303E+01	1.65842E+02
3.00000E+00	1.60112E+01	1.67004E+02
3.00000E+00	1.62921E+01	1.67772E+02
3.00000E+00	1.65730E+01	1.68081E+02
3.00000E+00	1.68539E+01	1.68012E+02
3.00000E+00	1.71348E+01	1.67715E+02
3.00000E+00	1.74157E+01	1.67291E+02
3.00000E+00	1.76966E+01	1.66783E+02
3.00000E+00	1.79775E+01	1.66201E+02
3.00000E+00	1.82584E+01	1.65543E+02
3.00000E+00	1.85393E+01	1.64796E+02
3.00000E+00	1.88202E+01	1.63950E+02
3.00000E+00	1.91011E+01	1.62990E+02
3.00000E+00	1.93820E+01	1.61928E+02
3.00000E+00	1.96629E+01	1.60796E+02
3.00000E+00	1.99438E+01	1.59630E+02
3.00000E+00	2.02247E+01	1.58452E+02
3.00000E+00	2.05056E+01	1.57267E+02
3.00000E+00	2.07865E+01	1.56074E+02
3.00000E+00	2.10674E+01	1.54891E+02
3.00000E+00	2.13483E+01	1.53733E+02
3.00000E+00	2.16292E+01	1.52602E+02
3.00000E+00	2.19101E+01	1.51491E+02
3.00000E+00	2.21910E+01	1.50402E+02
3.00000E+00	2.24719E+01	1.49334E+02
3.00000E+00	2.27528E+01	1.48279E+02
3.00000E+00	2.30337E+01	1.47219E+02
3.00000E+00	2.33146E+01	1.46140E+02
3.00000E+00	2.35955E+01	1.45041E+02
3.00000E+00	2.38764E+01	1.43928E+02
3.00000E+00	2.41573E+01	1.42813E+02
3.00000E+00	2.44382E+01	1.41695E+02
3.00000E+00	2.47191E+01	1.40548E+02
3.00000E+00	2.50000E+01	1.39317E+02
3.50000E+00	0.00000E+00	9.00293E-01
3.50000E+00	2.80899E-01	8.31633E-01
3.50000E+00	5.61798E-01	7.61526E-01
3.50000E+00	8.42697E-01	7.09943E-01
3.50000E+00	1.12360E+00	6.69931E-01
3.50000E+00	1.40449E+00	6.35751E-01
3.50000E+00	1.68539E+00	6.13262E-01
3.50000E+00	1.96629E+00	6.06912E-01
3.50000E+00	2.24719E+00	6.18839E-01
3.50000E+00	2.52809E+00	6.51020E-01
3.50000E+00	2.80899E+00	7.06767E-01
3.50000E+00	3.08989E+00	7.92394E-01
3.50000E+00	3.37079E+00	9.17988E-01
3.50000E+00	3.65169E+00	1.09569E+00
3.50000E+00	3.93258E+00	1.33749E+00
3.50000E+00	4.21348E+00	1.65515E+00
3.50000E+00	4.49438E+00	2.06298E+00
3.50000E+00	4.77528E+00	2.58284E+00
3.50000E+00	5.05618E+00	3.25029E+00
3.50000E+00	5.33708E+00	4.11999E+00
3.50000E+00	5.61798E+00	5.26671E+00
3.50000E+00	5.89888E+00	6.77765E+00
3.50000E+00	6.17978E+00	8.73524E+00
3.50000E+00	6.46067E+00	1.12038E+01
3.50000E+00	6.74157E+00	1.42265E+01
3.50000E+00	7.02247E+00	1.78179E+01
3.50000E+00	7.30337E+00	2.19547E+01
3.50000E+00	7.58427E+00	2.65852E+01
3.50000E+00	7.86517E+00	3.16611E+01
3.50000E+00	8.14607E+00	3.71640E+01
3.50000E+00	8.42697E+00	4.30898E+01
3.50000E+00	8.70787E+00	4.94238E+01
3.50000E+00	8.98876E+00	5.61347E+01
3.50000E+00	9.26966E+00	6.31739E+01
3.50000E+00	9.55056E+00	7.05047E+01
3.50000E+00	9.83146E+00	7.81336E+01
3.50000E+00	1.01124E+01	8.60721E+01
3.50000E+00	1.03933E+01	9.42770E+01
3.50000E+00	1.06742E+01	1.02631E+02
3.50000E+00	1.09551E+01	1.10952E+02
3.50000E+00	1.12360E+01	1.19022E+02
3.50000E+00	1.15169E+01	1.26617E+02
3.50000E+00	1.17978E+01	1.33512E+02
3.50000E+00	1.20787E+01	1.39542E+02
3.50000E+00	1.23596E+01	1.44720E+02
3.50000E+00	1.26404E+01	1.49226E+02
3.50000E+00	1.29213E+01	1.53251E+02
3.50000E+00	1.32022E+01	1.56919E+02
3.50000E+00	1.34831E+01	1.60305E+02
3.50000E+00	1.37640E+01	1.63451E+02
3.50000E+00	1.40449E+01	1.66386E+02
3.50000E+00	1.43258E+01	1.69127E+02
3.50000E+00	1.46067E+01	1.71673E+02
3.50000E+00	1.48876E+01	1.74006E+02
3.50000E+00	1.51685E+01	1.76100E+02
3.50000E+00	1.54494E+01	1.77933E+02
3.50000E+00	1.57303E+01	1.79482E+02
3.50000E+00	1.60112E+01	1.80697E+02
3.50000E+00	1.62921E+01	1.81502E+02
3.50000E+00	1.65730E+01	1.81858E+02
3.50000E+00	1.68539E+01	1.81832E+02
3.50000E+00	1.71348E+01	1.81550E+02
3.50000E+00	1.74157E+01	1.81113E+02
3.50000E+00	1.76966E+01	1.80570E+02
3.50000E+00	1.79775E+01	1.79940E+02
3.50000E+00	1.82584E+01	1.79221E+02
3.50000E+00	1.85393E+01	1.78407E+02
3.50000E+00	1.88202E+01	1.77485E+02
3.50000E+00	1.91011E+01	1.76449E+02
3.50000E+00	1.93820E+01	1.75311E+02
3.50000E+00	1.96629E+01	1.74099E+02
3.50000E+00	1.99438E+01	1.72847E+02
3.50000E+00	2.02247E+01	1.71576E+02
3.50000E+00	2.05056E+01	1.70295E+02
3.50000E+00	2.07865E+01	1.69011E+02
3.50000E+00	2.10674E+01	1.67736E+02
3.50000E+00	2.13483E+01	1.66484E+02
3.50000E+00	2.16292E+01	1.65259E+02
3.50000E+00	2.19101E+01	1.64056E+02
3.50000E+00	2.21910E+01	1.62875E+02
3.50000E+00	2.24719E+01	1.61715E+02
3.50000E+00	2.27528E+01	1.60566E+02
3.50000E+00	2.30337E+01	1.59412E+02
3.50000E+00	2.33146E+01	1.58242E+02
3.50000E+00	2.35955E+01	1.57053E+02
3.50000E+00	2.38764E+01	1.55850E+02
3.50000E+00	2.41573E+01	1.54639E+02
3.50000E+00	2.44382E+01	1.53415E+02
3.50000E+00	2.47191E+01	1.52152E+02
3.50000E+00	2.50000E+01	1.50804E+02
4.00000E+00	0.00000E+00	9.05996E-01
4.00000E+00	2.80899E-01	8.50067E-01
4.00000E+00	5.61798E-01	7.91210E-01
4.00000E+00	8.42697E-01	7.43332E-01
4.00000E+00	1.12360E+00	7.09702E-01
4.00000E+00	1.40449E+00	6.82605E-01
4.00000E+00	1.68539E+00	6.65441E-01
4.00000E+00	1.96629E+00	6.63847E-01
4.00000E+00	2.24719E+00	6.81713E-01
4.00000E+00	2.52809E+00	7.22317E-01
4.00000E+00	2.80899E+00	7.90125E-01
4.00000E+00	3.08989E+00	8.92326E-01
4.00000E+00	3.37079E+00	1.03932E+00
4.00000E+00	3.65169E+00	1.24357E+00
4.00000E+00	3.93258E+00	1.51824E+00
4.00000E+00	4.21348E+00	1.87758E+00
4.00000E+00	4.49438E+00	2.33975E+00
4.00000E+00	4.77528E+00	2.93144E+00
4.00000E+00	5.05618E+00	3.69322E+00
4.00000E+00	5.33708E+00	4.68355E+00
4.00000E+00	5.61798E+00	5.97828E+00
4.00000E+00	5.89888E+00	7.66266E+00
4.00000E+00	6.17978E+00	9.81707E+00
4.00000E+00	6.46067E+00	1.25052E+01
4.00000E+00	6.74157E+00	1.57682E+01
4.00000E+00	7.02247E+00	1.96184E+01
4.00000E+00	7.30337E+00	2.40350E+01
4.00000E+00	7.58427E+00	2.89741E+01
4.00000E+00	7.86517E+00	3.43934E+01
4.00000E+00	8.14607E+00	4.02706E+01
4.00000E+00	8.42697E+00	4.65937E+01
4.00000E+00	8.70787E+00	5.33442E+01
4.00000E+00	8.98876E+00	6.04894E+01
4.00000E+00	9.26966E+00	6.79865E+01
4.00000E+00	9.55056E+00	7.58032E+01
4.00000E+00	9.83146E+00	8.39328E+01
4.00000E+00	1.01124E+01	9.23656E+01
4.00000E+00	1.03933E+01	1.01044E+02
4.00000E+00	1.06742E+01	1.09845E+02
4.00000E+00	1.09551E+01	1.18586E+02
4.00000E+00	1.12360E+01	1.27049E+02
4.00000E+00	1.15169E+01	1.35009E+02
4.00000E+00	1.17978E+01	1.42257E+02
4.00000E+00	1.20787E+01	1.48655E+02
4.00000E+00	1.23596E+01	1.54215E+02
4.00000E+00	1.26404E+01	1.59081E+02
4.00000E+00	1.29213E+01	1.63422E+02
4.00000E+00	1.32022E+01	1.67366E+02
4.00000E+00	1.34831E+01	1.70994E+02
4.00000E+00	1.37640E+01	1.74358E+02
4.00000E+00	1.40449E+01	1.77489E+02
4.00000E+00	1.43258E+01	1.80403E+02
4.00000E+00	1.46067E+01	1.83101E+02
4.00000E+00	1.48876E+01	1.85568E+02
4.00000E+00	1.51685E+01	1.87777E+02
4.00000E+00	1.54494E+01	1.89704E+02
4.00000E+00	1.57303E+01	1.91321E+02
4.00000E+00	1.60112E+01	1.92577E+02
4.00000E+00	1.62921E+01	1.93415E+02
4.00000E+00	1.65730E+01	1.93813E+02
4.00000E+00	1.68539E+01	1.93829E+02
4.00000E+00	1.71348E+01	1.93570E+02
4.00000E+00	1.74157E+01	1.93130E+02
4.00000E+00	1.76966E+01	1.92562E+02
4.00000E+00	1.79775E+01	1.91891E+02
4.00000E+00	1.82584E+01	1.91121E+02
4.00000E+00	1.85393E+01	1.90247E+02
4.00000E+00	1.88202E+01	1.89261E+02
4.00000E+00	1.91011E+01	1.88160E+02
4.00000E+00	1.93820E+01	1.86958E+02
4.00000E+00	1.96629E+01	1.85679E+02
4.00000E+00	1.99438E+01	1.84355E+02
4.00000E+00	2.02247E+01	1.83007E+02
4.00000E+00	2.05056E+01	1.81647E+02
4.00000E+00	2.07865E+01	1.80283E+02
4.00000E+00	2.10674E+01	1.78930E+02
4.00000E+00	2.13483E+01	1.77598E+02
4.00000E+00	2.16292E+01	1.76291E+02
4.00000E+00	2.19101E+01	1.75007E+02
4.00000E+00	2.21910E+01	1.73746E+02
4.00000E+00	2.24719E+01	1.72504E+02
4.00000E+00	2.27528E+01	1.71271E+02
4.00000E+00	2.30337E+01	1.70035E+02
4.00000E+00	2.33146E+01	1.68784E+02
4.00000E+00	2.35955E+01	1.67516E+02
4.00000E+00	2.38764E+01	1.66232E+02
4.00000E+00	2.41573E+01	1.64935E+02
4.00000E+00	2.44382E+01	1.63616E+02
4.00000E+00	2.47191E+01	1.62249E+02
4.00000E+00	2.50000E+01	1.60798E+02
5.00000E+00	0.00000E+00	9.18033E-01
5.00000E+00	2.80899E-01	8.80023E-01
5.00000E+00	5.61798E-01	8.39703E-01
5.00000E+00	8.42697E-01	8.03435E-01
5.00000E+00	1.12360E+00	7.80555E-01
5.00000E+00	1.40449E+00	7.70176E-01
5.00000E+00	1.68539E+00	7.70884E-01
5.00000E+00	1.96629E+00	7.86701E-01
5.00000E+00	2.24719E+00	8.23522E-01
5.00000E+00	2.52809E+00	8.87593E-01
5.00000E+00	2.80899E+00	9.86095E-01
5.00000E+00	3.08989E+00	1.12821E+00
5.00000E+00	3.37079E+00	1.32566E+00
5.00000E+00	3.65169E+00	1.59245E+00
5.00000E+00	3.93258E+00	1.94492E+00
5.00000E+00	4.21348E+00	2.40268E+00
5.00000E+00	4.49438E+00	2.99123E+00
5.00000E+00	4.77528E+00	3.74548E+00
5.00000E+00	5.05618E+00	4.71315E+00
5.00000E+00	5.33708E+00	5.95632E+00
5.00000E+00	5.61798E+00	7.54904E+00
5.00000E+00	5.89888E+00	9.57017E+00
5.00000E+00	6.17978E+00	1.20930E+01
5.00000E+00	6.46067E+00	1.51756E+01
5.00000E+00	6.74157E+00	1.88545E+01
5.00000E+00	7.02247E+00	2.31403E+01
5.00000E+00	7.30337E+00	2.80185E+01
5.00000E+00	7.58427E+00	3.34579E+01
5.00000E+00	7.86517E+00	3.94251E+01
5.00000E+00	8.14607E+00	4.58938E+01
5.00000E+00	8.42697E+00	5.28420E+01
5.00000E+00	8.70787E+00	6.02443E+01
5.00000E+00	8.98876E+00	6.80674E+01
5.00000E+00	9.26966E+00	7.62736E+01
5.00000E+00	9.55056E+00	8.48286E+01
5.00000E+00	9.83146E+00	9.37025E+01
5.00000E+00	1.01124E+01	1.02852E+02
5.00000E+00	1.03933E+01	1.12196E+02
5.00000E+00	1.06742E+01	1.21602E+02
5.00000E+00	1.09551E+01	1.30893E+02
5.00000E+00	1.12360E+01	1.39863E+02
5.00000E+00	1.15169E+01	1.48308E+02
5.00000E+00	1.17978E+01	1.56053E+02
5.00000E+00	1.20787E+01	1.62997E+02
5.00000E+00	1.23596E+01	1.69144E+02
5.00000E+00	1.26404E+01	1.74585E+02
5.00000E+00	1.29213E+01	1.79450E+02
5.00000E+00	1.32022E+01	1.83854E+02
5.00000E+00	1.34831E+01	1.87886E+02
5.00000E+00	1.37640E+01	1.91603E+02
5.00000E+00	1.40449E+01	1.95043E+02
5.00000E+00	1.43258E+01	1.98225E+02
5.00000E+00	1.46067E+01	2.01150E+02
5.00000E+00	1.48876E+01	2.03806E+02
5.00000E+00	1.51685E+01	2.06173E+02
5.00000E+00	1.54494E+01	2.08222E+02
5.00000E+00	1.57303E+01	2.09922E+02
5.00000E+00	1.60112E+01	2.11233E+02
5.00000E+00	1.62921E+01	2.12125E+02
5.00000E+00	1.65730E+01	2.12594E+02
5.00000E+00	1.68539E+01	2.12688E+02
5.00000E+00	1.71348E+01	2.12484E+02
5.00000E+00	1.74157E+01	2.12059E+02
5.00000E+00	1.76966E+01	2.11469E+02
5.00000E+00	1.79775E+01	2.10744E+02
5.00000E+00	1.82584E+01	2.09897E+02
5.00000E+00	1.85393E+01	2.08932E+02
5.00000E+00	1.88202E+01	2.07849E+02
5.00000E+00	1.91011E+01	2.06653E+02
5.00000E+00	1.93820E+01	2.05356E+02
5.00000E+00	1.96629E+01	2.03980E+02
5.00000E+00	1.99438E+01	2.02551E+02
5.00000E+00	2.02247E+01	2.01090E+02
5.00000E+00	2.05056E+01	1.99612E+02
5.00000E+00	2.07865E+01	1.98130E+02
5.00000E+00	2.10674E+01	1.96657E+02
5.00000E+00	2.13483E+01	1.95200E+02
5.00000E+00	2.16292E+01	1.93766E+02
5.00000E+00	2.19101E+01	1.92354E+02
5.00000E+00	2.21910E+01	1.90963E+02
5.00000E+00	2.24719E+01	1.89588E+02
5.00000E+00	2.27528E+01	1.88220E+02
5.00000E+00	2.30337E+01	1.86849E+02
5.00000E+00	2.33146E+01	1.85467E+02
5.00000E+00	2.35955E+01	1.84067E+02
5.00000E+00	2.38764E+01	1.82649E+02
5.00000E+00	2.41573E+01	1.81206E+02
5.00000E+00	2.44382E+01	1.79729E+02
5.00000E+00	2.47191E+01	1.78196E+02
5.00000E+00	2.50000E+01	1.76585E+02
6.00000E+00	0.00000E+00	9.34056E-01
6.00000E+00	2.80899E-01	9.10116E-01
6.00000E+00	5.61798E-01	8.86195E-01
6.00000E+00	8.42697E-01	8.66274E-01
6.00000E+00	1.12360E+00	8.56661E-01
6.00000E+00	1.40449E+00	8.64326E-01
6.00000E+00	1.68539E+00	8.88802E-01
6.00000E+00	1.96629E+00	9.32111E-01
6.00000E+00	2.24719E+00	9.99624E-01
6.00000E+00	2.52809E+00	1.09903E+00
6.00000E+00	2.80899E+00	1.23983E+00
6.00000E+00	3.08989E+00	1.43350E+00
6.00000E+00	3.37079E+00	1.69388E+00
6.00000E+00	3.65169E+00	2.03752E+00
6.00000E+00	3.93258E+00	2.48432E+00
6.00000E+00	4.21348E+00	3.05873E+00
6.00000E+00	4.49438E+00	3.79183E+00
6.00000E+00	4.77528E+00	4.72356E+00
6.00000E+00	5.05618E+00	5.90445E+00
6.00000E+00	5.33708E+00	7.39544E+00
6.00000E+00	5.61798E+00	9.26495E+00
6.00000E+00	5.89888E+00	1.15829E+01
6.00000E+00	6.17978E+00	1.44130E+01
6.00000E+00	6.46067E+00	1.78055E+01
6.00000E+00	6.74157E+00	2.17920E+01
6.00000E+00	7.02247E+00	2.63828E+01
6.00000E+00	7.30337E+00	3.15691E+01
6.00000E+00	7.58427E+00	3.73286E+01
6.00000E+00	7.86517E+00	4.36339E+01
6.00000E+00	8.14607E+00	5.04581E+01
6.00000E+00	8.42697E+00	5.77745E+01
6.00000E+00	8.70787E+00	6.55532E+01
6.00000E+00	8.98876E+00	7.37593E+01
6.00000E+00	9.26966E+00	8.23537E+01
6.00000E+00	9.55056E+00	9.12946E+01
6.00000E+00	9.83146E+00	1.00534E+02
6.00000E+00	1.01124E+01	1.10007E+02
6.00000E+00	1.03933E+01	1.19618E+02
6.00000E+00	1.06742E+01	1.29233E+02
6.00000E+00	1.09551E+01	1.38689E+02
6.00000E+00	1.12360E+01	1.47804E+02
6.00000E+00	1.15169E+01	1.56405E+02
6.00000E+00	1.17978E+01	1.64351E+02
6.00000E+00	1.20787E+01	1.71561E+02
6.00000E+00	1.23596E+01	1.78031E+02
6.00000E+00	1.26404E+01	1.83820E+02
6.00000E+00	1.29213E+01	1.89021E+02
6.00000E+00	1.32022E+01	1.93729E+02
6.00000E+00	1.34831E+01	1.98024E+02
6.00000E+00	1.37640E+01	2.01965E+02
6.00000E+00	1.40449E+01	2.05590E+02
6.00000E+00	1.43258E+01	2.08921E+02
6.00000E+00	1.46067E+01	2.11961E+02
6.00000E+00	1.48876E+01	2.14703E+02
6.00000E+00	1.51685E+01	2.17130E+02
6.00000E+00	1.54494E+01	2.19218E+02
6.00000E+00	1.57303E+01	2.20939E+02
6.00000E+00	1.60112E+01	2.22268E+02
6.00000E+00	1.62921E+01	2.23189E+02
6.00000E+00	1.65730E+01	2.23709E+02
6.00000E+00	1.68539E+01	2.23867E+02
6.00000E+00	1.71348E+01	2.23722E+02
6.00000E+00	1.74157E+01	2.23333E+02
6.00000E+00	1.76966E+01	2.22752E+02
6.00000E+00	1.79775E+01	2.22011E+02
6.00000E+00	1.82584E+01	2.21131E+02
6.00000E+00	1.85393E+01	2.20121E+02
6.00000E+00	1.88202E+01	2.18990E+02
6.00000E+00	1.91011E+01	2.17746E+02
6.00000E+00	1.93820E+01	2.16404E+02
6.00000E+00	1.96629E+01	2.14983E+02
6.00000E+00	1.99438E+01	2.13505E+02
6.00000E+00	2.02247E+01	2.11990E+02
6.00000E+00	2.05056E+01	2.10454E+02
6.00000E+00	2.07865E+01	2.08911E+02
6.00000E+00	2.10674E+01	2.07372E+02
6.00000E+00	2.13483E+01	2.05846E+02
6.00000E+00	2.16292E+01	2.04337E+02
6.00000E+00	2.19101E+01	2.02847E+02
6.00000E+00	2.21910E+01	2.01374E+02
6.00000E+00	2.24719E+01	1.99914E+02
6.00000E+00	2.27528E+01	1.98459E+02
6.00000E+00	2.30337E+01	1.97000E+02
6.00000E+00	2.33146E+01	1.95531E+02
6.00000E+00	2.35955E+01	1.94044E+02
6.00000E+00	2.38764E+01	1.92534E+02
6.00000E+00	2.41573E+01	1.90994E+02
6.00000E+00	2.44382E+01	1.89413E+02
6.00000E+00	2.47191E+01	1.87775E+02
6.00000E+00	2.50000E+01	1.86068E+02
7.00000E+00	0.00000E+00	9.58831E-01
7.00000E+00	2.80899E-01	9.48887E-01
7.00000E+00	5.61798E-01	9.41992E-01
7.00000E+00	8.42697E-01	9.41391E-01
7.00000E+00	1.12360E+00	9.51700E-01
7.00000E+00	1.40449E+00	9.80273E-01
7.00000E+00	1.68539E+00	1.03245E+00
7.00000E+00	1.96629E+00	1.11022E+00
7.00000E+00	2.24719E+00	1.21835E+00
7.00000E+00	2.52809E+00	1.36448E+00
7.00000E+00	2.80899E+00	1.55903E+00
7.00000E+00	3.08989E+00	1.81505E+00
7.00000E+00	3.37079E+00	2.14831E+00
7.00000E+00	3.65169E+00	2.57767E+00
7.00000E+00	3.93258E+00	3.12578E+00
7.00000E+00	4.21348E+00	3.82015E+00
7.00000E+00	4.49438E+00	4.69448E+00
7.00000E+00	4.77528E+00	5.78989E+00
7.00000E+00	5.05618E+00	7.15534E+00
7.00000E+00	5.33708E+00	8.84670E+00
7.00000E+00	5.61798E+00	1.09238E+01
7.00000E+00	5.89888E+00	1.34460E+01
7.00000E+00	6.17978E+00	1.64660E+01
7.00000E+00	6.46067E+00	2.00255E+01
7.00000E+00	6.74157E+00	2.41509E+01
7.00000E+00	7.02247E+00	2.88522E+01
7.00000E+00	7.30337E+00	3.41241E+01
7.00000E+00	7.58427E+00	3.99504E+01
7.00000E+00	7.86517E+00	4.63084E+01
7.00000E+00	8.14607E+00	5.31722E+01
7.00000E+00	8.42697E+00	6.05133E+01
7.00000E+00	8.70787E+00	6.82997E+01
7.00000E+00	8.98876E+00	7.64944E+01
7.00000E+00	9.26966E+00	8.50552E+01
7.00000E+00	9.55056E+00	9.39333E+01
7.00000E+00	9.83146E+00	1.03070E+02
7.00000E+00	1.01124E+01	1.12390E+02
7.00000E+00	1.03933E+01	1.21793E+02
7.00000E+00	1.06742E+01	1.31156E+02
7.00000E+00	1.09551E+01	1.40335E+02
7.00000E+00	1.12360E+01	1.49178E+02
7.00000E+00	1.15169E+01	1.57544E+02
7.00000E+00	1.17978E+01	1.65322E+02
7.00000E+00	1.20787E+01	1.72449E+02
7.00000E+00	1.23596E+01	1.78912E+02
7.00000E+00	1.26404E+01	1.84749E+02
7.00000E+00	1.29213E+01	1.90022E+02
7.00000E+00	1.32022E+01	1.94804E+02
7.00000E+00	1.34831E+01	1.99159E+02
7.00000E+00	1.37640E+01	2.03140E+02
7.00000E+00	1.40449E+01	2.06783E+02
7.00000E+00	1.43258E+01	2.10108E+02
7.00000E+00	1.46067E+01	2.13124E+02
7.00000E+00	1.48876E+01	2.15827E+02
7.00000E+00	1.51685E+01	2.18204E+02
7.00000E+00	1.54494E+01	2.20238E+02
7.00000E+00	1.57303E+01	2.21911E+02
7.00000E+00	1.60112E+01	2.23206E+02
7.00000E+00	1.62921E+01	2.24120E+02
7.00000E+00	1.65730E+01	2.24664E+02
7.00000E+00	1.68539E+01	2.24869E+02
7.00000E+00	1.71348E+01	2.24780E+02
7.00000E+00	1.74157E+01	2.24443E+02
7.00000E+00	1.76966E+01	2.23901E+02
7.00000E+00	1.79775E+01	2.23187E+02
7.00000E+00	1.82584E+01	2.22324E+02
7.00000E+00	1.85393E+01	2.21326E+02
7.00000E+00	1.88202E+01	2.20206E+02
7.00000E+00	1.91011E+01	2.18977E+02
7.00000E+00	1.93820E+01	2.17654E+02
7.00000E+00	1.96629E+01	2.16255E+02
7.00000E+00	1.99438E+01	2.14797E+02
7.00000E+00	2.02247E+01	2.13300E+02
7.00000E+00	2.05056E+01	2.11778E+02
7.00000E+00	2.07865E+01	2.10246E+02
7.00000E+00	2.10674E+01	2.08713E+02
7.00000E+00	2.13483E+01	2.07187E+02
7.00000E+00	2.16292E+01	2.05673E+02
7.00000E+00	2.19101E+01	2.04173E+02
7.00000E+00	2.21910E+01	2.02685E+02
7.00000E+00	2.24719E+01	2.01206E+02
7.00000E+00	2.27528E+01	1.99729E+02
7.00000E+00	2.30337E+01	1.98248E+02
7.00000E+00	2.33146E+01	1.96755E+02
7.00000E+00	2.35955E+01	1.95244E+02
7.00000E+00	2.38764E+01	1.93709E+02
7.00000E+00	2.41573E+01	1.92141E+02
7.00000E+00	2.44382E+01	1.90531E+02
7.00000E+00	2.47191E+01	1.88870E+02
7.00000E+00	2.50000E+01	1.87149E+02
8.00000E+00	0.00000E+00	9.95905E-01
8.00000E+00	2.80899E-01	1.00115E+00
8.00000E+00	5.61798E-01	1.01271E+00
8.00000E+00	8.42697E-01	1.03366E+00
8.00000E+00	1.12360E+00	1.06806E+00
8.00000E+00	1.40449E+00	1.12176E+00
8.00000E+00	1.68539E+00	1.20326E+00
8.00000E+00	1.96629E+00	1.31747E+00
8.00000E+00	2.24719E+00	1.46918E+00
8.00000E+00	2.52809E+00	1.66569E+00
8.00000E+00	2.80899E+00	1.91711E+00
8.00000E+00	3.08989E+00	2.23655E+00
8.00000E+00	3.37079E+00	2.64023E+00
8.00000E+00	3.65169E+00	3.14771E+00
8.00000E+00	3.93258E+00	3.78234E+00
8.00000E+00	4.21348E+00	4.57185E+00
8.00000E+00	4.49438E+00	5.54911E+00
8.00000E+00	4.77528E+00	6.75246E+00
8.00000E+00	5.05618E+00	8.22554E+00
8.00000E+00	5.33708E+00	1.00160E+01
8.00000E+00	5.61798E+00	1.21731E+01
8.00000E+00	5.89888E+00	1.47442E+01
8.00000E+00	6.17978E+00	1.77711E+01
8.00000E+00	6.46067E+00	2.12863E+01
8.00000E+00	6.74157E+00	2.53108E+01
8.00000E+00	7.02247E+00	2.98531E+01
8.00000E+00	7.30337E+00	3.49101E+01
8.00000E+00	7.58427E+00	4.04696E+01
8.00000E+00	7.86517E+00	4.65124E+01
8.00000E+00	8.14607E+00	5.30150E+01
8.00000E+00	8.42697E+00	5.99494E+01
8.00000E+00	8.70787E+00	6.72835E+01
8.00000E+00	8.98876E+00	7.49799E+01
8.00000E+00	9.26966E+00	8.29952E+01
8.00000E+00	9.55056E+00	9.12782E+01
8.00000E+00	9.83146E+00	9.97675E+01
8.00000E+00	1.01124E+01	1.08388E+02
8.00000E+00	1.03933E+01	1.17047E+02
8.00000E+00	1.06742E+01	1.25638E+02
8.00000E+00	1.09551E+01	1.34042E+02
8.00000E+00	1.12360E+01	1.42138E+02
8.00000E+00	1.15169E+01	1.49820E+02
8.00000E+00	1.17978E+01	1.57001E+02
8.00000E+00	1.20787E+01	1.63631E+02
8.00000E+00	1.23596E+01	1.69696E+02
8.00000E+00	1.26404E+01	1.75214E+02
8.00000E+00	1.29213E+01	1.80227E+02
8.00000E+00	1.32022E+01	1.84784E+02
8.00000E+00	1.34831E+01	1.88933E+02
8.00000E+00	1.37640E+01	1.92716E+02
8.00000E+00	1.40449E+01	1.96164E+02
8.00000E+00	1.43258E+01	1.99295E+02
8.00000E+00	1.46067E+01	2.02119E+02
8.00000E+00	1.48876E+01	2.04634E+02
8.00000E+00	1.51685E+01	2.06835E+02
8.00000E+00	1.54494E+01	2.08712E+02
8.00000E+00	1.57303E+01	2.10254E+02
8.00000E+00	1.60112E+01	2.11453E+02
8.00000E+00	1.62921E+01	2.12313E+02
8.00000E+00	1.65730E+01	2.12845E+02
8.00000E+00	1.68539E+01	2.13074E+02
8.00000E+00	1.71348E+01	2.13034E+02
8.00000E+00	1.74157E+01	2.12760E+02
8.00000E+00	1.76966E+01	2.12287E+02
8.00000E+00	1.79775E+01	2.11644E+02
8.00000E+00	1.82584E+01	2.10852E+02
8.00000E+00	1.85393E+01	2.09929E+02
8.00000E+00	1.88202E+01	2.08891E+02
8.00000E+00	1.91011E+01	2.07751E+02
8.00000E+00	1.93820E+01	2.06523E+02
8.00000E+00	1.96629E+01	2.05224E+02
8.00000E+00	1.99438E+01	2.03870E+02
8.00000E+00	2.02247E+01	2.02475E+02
8.00000E+00	2.05056E+01	2.01055E+02
8.00000E+00	2.07865E+01	1.99619E+02
8.00000E+00	2.10674E+01	1.98179E+02
8.00000E+00	2.13483E+01	1.96741E+02
8.00000E+00	2.16292E+01	1.95309E+02
8.00000E+00	2.19101E+01	1.93885E+02
8.00000E+00	2.21910E+01	1.92467E+02
8.00000E+00	2.24719E+01	1.91054E+02
8.00000E+00	2.27528E+01	1.89641E+02
8.00000E+00	2.30337E+01	1.88222E+02
8.00000E+00	2.33146E+01	1.86791E+02
8.00000E+00	2.35955E+01	1.85342E+02
8.00000E+00	2.38764E+01	1.83870E+02
8.00000E+00	2.41573E+01	1.82366E+02
8.00000E+00	2.44382E+01	1.80825E+02
8.00000E+00	2.47191E+01	1.79239E+02
8.00000E+00	2.50000E+01	1.77606E+02
9.00000E+00	0.00000E+00	1.04412E+00
9.00000E+00	2.80899E-01	1.06480E+00
9.00000E+00	5.61798E-01	1.09472E+00
9.00000E+00	8.42697E-01	1.13688E+00
9.00000E+00	1.12360E+00	1.19510E+00
9.00000E+00	1.40449E+00	1.27443E+00
9.00000E+00	1.68539E+00	1.38227E+00
9.00000E+00	1.96629E+00	1.52744E+00
9.00000E+00	2.24719E+00	1.71538E+00
9.00000E+00	2.52809E+00	1.95304E+00
9.00000E+00	2.80899E+00	2.24960E+00
9.00000E+00	3.08989E+00	2.61686E+00
9.00000E+00	3.37079E+00	3.06963E+00
9.00000E+00	3.65169E+00	3.62590E+00
9.00000E+00	3.93258E+00	4.30708E+00
9.00000E+00	4.21348E+00	5.13819E+00
9.00000E+00	4.49438E+00	6.14807E+00
9.00000E+00	4.77528E+00	7.36924E+00
9.00000E+00	5.05618E+00	8.83741E+00
9.00000E+00	5.33708E+00	1.05903E+01
9.00000E+00	5.61798E+00	1.26656E+01
9.00000E+00	5.89888E+00	1.50991E+01
9.00000E+00	6.17978E+00	1.79216E+01
9.00000E+00	6.46067E+00	2.11571E+01
9.00000E+00	6.74157E+00	2.48209E+01
9.00000E+00	7.02247E+00	2.89196E+01
9.00000E+00	7.30337E+00	3.34509E+01
9.00000E+00	7.58427E+00	3.84052E+01
9.00000E+00	7.86517E+00	4.37667E+01
9.00000E+00	8.14607E+00	4.95147E+01
9.00000E+00	8.42697E+00	5.56241E+01
9.00000E+00	8.70787E+00	6.20649E+01
9.00000E+00	8.98876E+00	6.88022E+01
9.00000E+00	9.26966E+00	7.57951E+01
9.00000E+00	9.55056E+00	8.29957E+01
9.00000E+00	9.83146E+00	9.03474E+01
9.00000E+00	1.01124E+01	9.77836E+01
9.00000E+00	1.03933E+01	1.05227E+02
9.00000E+00	1.06742E+01	1.12592E+02
9.00000E+00	1.09551E+01	1.19787E+02
9.00000E+00	1.12360E+01	1.26722E+02
9.00000E+00	1.15169E+01	1.33319E+02
9.00000E+00	1.17978E+01	1.39514E+02
9.00000E+00	1.20787E+01	1.45270E+02
9.00000E+00	1.23596E+01	1.50571E+02
9.00000E+00	1.26404E+01	1.55426E+02
9.00000E+00	1.29213E+01	1.59857E+02
9.00000E+00	1.32022E+01	1.63896E+02
9.00000E+00	1.34831E+01	1.67577E+02
9.00000E+00	1.37640E+01	1.70928E+02
9.00000E+00	1.40449E+01	1.73973E+02
9.00000E+00	1.43258E+01	1.76727E+02
9.00000E+00	1.46067E+01	1.79199E+02
9.00000E+00	1.48876E+01	1.81392E+02
9.00000E+00	1.51685E+01	1.83303E+02
9.00000E+00	1.54494E+01	1.84928E+02
9.00000E+00	1.57303E+01	1.86263E+02
9.00000E+00	1.60112E+01	1.87308E+02
9.00000E+00	1.62921E+01	1.88066E+02
9.00000E+00	1.65730E+01	1.88550E+02
9.00000E+00	1.68539E+01	1.88779E+02
9.00000E+00	1.71348E+01	1.88777E+02
9.00000E+00	1.74157E+01	1.88571E+02
9.00000E+00	1.76966E+01	1.88187E+02
9.00000E+00	1.79775E+01	1.87648E+02
9.00000E+00	1.82584E+01	1.86975E+02
9.00000E+00	1.85393E+01	1.86183E+02
9.00000E+00	1.88202E+01	1.85288E+02
9.00000E+00	1.91011E+01	1.84302E+02
9.00000E+00	1.93820E+01	1.83240E+02
9.00000E+00	1.96629E+01	1.82114E+02
9.00000E+00	1.99438E+01	1.80938E+02
9.00000E+00	2.02247E+01	1.79725E+02
9.00000E+00	2.05056E+01	1.78486E+02
9.00000E+00	2.07865E+01	1.77230E+02
9.00000E+00	2.10674E+01	1.75965E+02
9.00000E+00	2.13483E+01	1.74698E+02
9.00000E+00	2.16292E+01	1.73432E+02
9.00000E+00	2.19101E+01	1.72168E+02
9.00000E+00	2.21910E+01	1.70907E+02
9.00000E+00	2.24719E+01	1.69646E+02
9.00000E+00	2.27528E+01	1.68382E+02
9.00000E+00	2.30337E+01	1.67112E+02
9.00000E+00	2.33146E+01	1.65830E+02
9.00000E+00	2.35955E+01	1.64532E+02
9.00000E+00	2.38764E+01	1.63212E+02
9.00000E+00	2.41573E+01	1.61866E+02
9.00000E+00	2.44382E+01	1.60489E+02
9.00000E+00	2.47191E+01	1.59078E+02
9.00000E+00	2.50000E+01	1.57631E+02
1.00000E+01	0.00000E+00	1.09664E+00
1.00000E+01	2.80899E-01	1.13080E+00
1.00000E+01	5.61798E-01	1.17616E+00
1.00000E+01	8.42697E-01	1.23563E+00
1.00000E+01	1.12360E+00	1.31271E+00
1.00000E+01	1.40449E+00	1.41182E+00
1.00000E+01	1.68539E+00	1.53895E+00
1.00000E+01	1.96629E+00	1.70275E+00
1.00000E+01	2.24719E+00	1.91114E+00
1.00000E+01	2.52809E+00	2.17036E+00
1.00000E+01	2.80899E+00	2.48834E+00
1.00000E+01	3.08989E+00	2.87496E+00
1.00000E+01	3.37079E+00	3.34240E+00
1.00000E+01	3.65169E+00	3.90542E+00
1.00000E+01	3.93258E+00	4.58156E+00
1.00000E+01	4.21348E+00	5.39110E+00
1.00000E+01	4.49438E+00	6.35698E+00
1.00000E+01	4.77528E+00	7.50447E+00
1.00000E+01	5.05618E+00	8.86056E+00
1.00000E+01	5.33708E+00	1.04530E+01
1.00000E+01	5.61798E+00	1.23090E+01
1.00000E+01	5.89888E+00	1.44537E+01
1.00000E+01	6.17978E+00	1.69086E+01
1.00000E+01	6.46067E+00	1.96901E+01
1.00000E+01	6.74157E+00	2.28090E+01
1.00000E+01	7.02247E+00	2.62692E+01
1.00000E+01	7.30337E+00	3.00689E+01
1.00000E+01	7.58427E+00	3.42002E+01
1.00000E+01	7.86517E+00	3.86506E+01
1.00000E+01	8.14607E+00	4.34029E+01
1.00000E+01	8.42697E+00	4.84357E+01
1.00000E+01	8.70787E+00	5.37234E+01
1.00000E+01	8.98876E+00	5.92360E+01
1.00000E+01	9.26966E+00	6.49385E+01
1.00000E+01	9.55056E+00	7.07901E+01
1.00000E+01	9.83146E+00	7.67440E+01
1.00000E+01	1.01124E+01	8.27467E+01
1.00000E+01	1.03933E+01	8.87385E+01
1.00000E+01	1.06742E+01	9.46552E+01
1.00000E+01	1.09551E+01	1.00431E+02
1.00000E+01	1.12360E+01	1.06003E+02
1.00000E+01	1.15169E+01	1.11314E+02
1.00000E+01	1.17978E+01	1.16323E+02
1.00000E+01	1.20787E+01	1.20999E+02
1.00000E+01	1.23596E+01	1.25331E+02
1.00000E+01	1.26404E+01	1.29318E+02
1.00000E+01	1.29213E+01	1.32974E+02
1.00000E+01	1.32022E+01	1.36316E+02
1.00000E+01	1.34831E+01	1.39364E+02
1.00000E+01	1.37640E+01	1.42138E+02
1.00000E+01	1.40449E+01	1.44654E+02
1.00000E+01	1.43258E+01	1.46923E+02
1.00000E+01	1.46067E+01	1.48952E+02
1.00000E+01	1.48876E+01	1.50747E+02
1.00000E+01	1.51685E+01	1.52306E+02
1.00000E+01	1.54494E+01	1.53630E+02
1.00000E+01	1.57303E+01	1.54720E+02
1.00000E+01	1.60112E+01	1.55576E+02
1.00000E+01	1.62921E+01	1.56205E+02
1.00000E+01	1.65730E+01	1.56617E+02
1.00000E+01	1.68539E+01	1.56826E+02
1.00000E+01	1.71348E+01	1.56849E+02
1.00000E+01	1.74157E+01	1.56706E+02
1.00000E+01	1.76966E+01	1.56415E+02
1.00000E+01	1.79775E+01	1.55995E+02
1.00000E+01	1.82584E+01	1.55461E+02
1.00000E+01	1.85393E+01	1.54827E+02
1.00000E+01	1.88202E+01	1.54107E+02
1.00000E+01	1.91011E+01	1.53311E+02
1.00000E+01	1.93820E+01	1.52451E+02
1.00000E+01	1.96629E+01	1.51537E+02
1.00000E+01	1.99438E+01	1.50581E+02
1.00000E+01	2.02247E+01	1.49592E+02
1.00000E+01	2.05056E+01	1.48579E+02
1.00000E+01	2.07865E+01	1.47549E+02
1.00000E+01	2.10674E+01	1.46508E+02
1.00000E+01	2.13483E+01	1.45462E+02
1.00000E+01	2.16292E+01	1.44413E+02
1.00000E+01	2.19101E+01	1.43362E+02
1.00000E+01	2.21910E+01	1.42310E+02
1.00000E+01	2.24719E+01	1.41256E+02
1.00000E+01	2.27528E+01	1.40198E+02
1.00000E+01	2.30337E+01	1.39133E+02
1.00000E+01	2.33146E+01	1.38057E+02
1.00000E+01	2.35955E+01	1.36967E+02
1.00000E+01	2.38764E+01	1.35860E+02
1.00000E+01	2.41573E+01	1.34733E+02
1.00000E+01	2.44382E+01	1.33582E+02
1.00000E+01	2.47191E+01	1.32406E+02
1.00000E+01	2.50000E+01	1.31204E+02
