1.00000E-04	0.00000E+00	5.32044E+07
1.00000E-04	2.80899E-01	3.97179E+06
1.00000E-04	5.61798E-01	3.75421E+06
1.00000E-04	8.42697E-01	3.71655E+06
1.00000E-04	1.12360E+00	3.84925E+06
1.00000E-04	1.40449E+00	4.10671E+06
1.00000E-04	1.68539E+00	4.44981E+06
1.00000E-04	1.96629E+00	4.83812E+06
1.00000E-04	2.24719E+00	5.23187E+06
1.00000E-04	2.52809E+00	5.36269E+06
1.00000E-04	2.80899E+00	5.44368E+06
1.00000E-04	3.08989E+00	5.54763E+06
1.00000E-04	3.37079E+00	5.53071E+06
1.00000E-04	3.65169E+00	5.28177E+06
1.00000E-04	3.93258E+00	4.93000E+06
1.00000E-04	4.21348E+00	4.57032E+06
1.00000E-04	4.49438E+00	4.23668E+06
1.00000E-04	4.77528E+00	3.93952E+06
1.00000E-04	5.05618E+00	3.67736E+06
1.00000E-04	5.33708E+00	3.44963E+06
1.00000E-04	5.61798E+00	3.24950E+06
1.00000E-04	5.89888E+00	3.07760E+06
1.00000E-04	6.17978E+00	2.92791E+06
1.00000E-04	6.46067E+00	2.79967E+06
1.00000E-04	6.74157E+00	2.69118E+06
1.00000E-04	7.02247E+00	2.59977E+06
1.00000E-04	7.30337E+00	2.52510E+06
1.00000E-04	7.58427E+00	2.46492E+06
1.00000E-04	7.86517E+00	2.42052E+06
1.00000E-04	8.14607E+00	2.38853E+06
1.00000E-04	8.42697E+00	2.37001E+06
1.00000E-04	8.70787E+00	2.36030E+06
1.00000E-04	8.98876E+00	2.36183E+06
1.00000E-04	9.26966E+00	2.37181E+06
1.00000E-04	9.55056E+00	2.38944E+06
1.00000E-04	9.83146E+00	2.41410E+06
1.00000E-04	1.01124E+01	2.44560E+06
1.00000E-04	1.03933E+01	2.48119E+06
1.00000E-04	1.06742E+01	2.52258E+06
1.00000E-04	1.09551E+01	2.56655E+06
1.00000E-04	1.12360E+01	2.61753E+06
1.00000E-04	1.15169E+01	2.66917E+06
1.00000E-04	1.17978E+01	2.72198E+06
1.00000E-04	1.20787E+01	2.78052E+06
1.00000E-04	1.23596E+01	2.83806E+06
1.00000E-04	1.26404E+01	2.89606E+06
1.00000E-04	1.29213E+01	2.95514E+06
1.00000E-04	1.32022E+01	3.01757E+06
1.00000E-04	1.34831E+01	3.07634E+06
1.00000E-04	1.37640E+01	3.13483E+06
1.00000E-04	1.40449E+01	3.19690E+06
1.00000E-04	1.43258E+01	3.25182E+06
1.00000E-04	1.46067E+01	3.30390E+06
1.00000E-04	1.48876E+01	3.35433E+06
1.00000E-04	1.51685E+01	3.40236E+06
1.00000E-04	1.54494E+01	3.44569E+06
1.00000E-04	1.57303E+01	3.48707E+06
1.00000E-04	1.60112E+01	3.52388E+06
1.00000E-04	1.62921E+01	3.55521E+06
1.00000E-04	1.65730E+01	3.58190E+06
1.00000E-04	1.68539E+01	3.60428E+06
1.00000E-04	1.71348E+01	3.62432E+06
1.00000E-04	1.74157E+01	3.63771E+06
1.00000E-04	1.76966E+01	3.65028E+06
1.00000E-04	1.79775E+01	3.66078E+06
1.00000E-04	1.82584E+01	3.66722E+06
1.00000E-04	1.85393E+01	3.66578E+06
1.00000E-04	1.88202E+01	3.66342E+06
1.00000E-04	1.91011E+01	3.65925E+06
1.00000E-04	1.93820E+01	3.65076E+06
1.00000E-04	1.96629E+01	3.64218E+06
1.00000E-04	1.99438E+01	3.63240E+06
1.00000E-04	2.02247E+01	3.61816E+06
1.00000E-04	2.05056E+01	3.60242E+06
1.00000E-04	2.07865E+01	3.58735E+06
1.00000E-04	2.10674E+01	3.56554E+06
1.00000E-04	2.13483E+01	3.54431E+06
1.00000E-04	2.16292E+01	3.52008E+06
1.00000E-04	2.19101E+01	3.49553E+06
1.00000E-04	2.21910E+01	3.47053E+06
1.00000E-04	2.24719E+01	3.44414E+06
1.00000E-04	2.27528E+01	3.41663E+06
1.00000E-04	2.30337E+01	3.39025E+06
1.00000E-04	2.33146E+01	3.36243E+06
1.00000E-04	2.35955E+01	3.33395E+06
1.00000E-04	2.38764E+01	3.30613E+06
1.00000E-04	2.41573E+01	3.27891E+06
1.00000E-04	2.44382E+01	3.24918E+06
1.00000E-04	2.47191E+01	3.22009E+06
1.00000E-04	2.50000E+01	3.19047E+06
5.00000E-04	0.00000E+00	3.04523E+07
5.00000E-04	2.80899E-01	3.97132E+06
5.00000E-04	5.61798E-01	3.75423E+06
5.00000E-04	8.42697E-01	3.71696E+06
5.00000E-04	1.12360E+00	3.84854E+06
5.00000E-04	1.40449E+00	4.10669E+06
5.00000E-04	1.68539E+00	4.44981E+06
5.00000E-04	1.96629E+00	4.83812E+06
5.00000E-04	2.24719E+00	5.23187E+06
5.00000E-04	2.52809E+00	5.36268E+06
5.00000E-04	2.80899E+00	5.44368E+06
5.00000E-04	3.08989E+00	5.54795E+06
5.00000E-04	3.37079E+00	5.53071E+06
5.00000E-04	3.65169E+00	5.28174E+06
5.00000E-04	3.93258E+00	4.93002E+06
5.00000E-04	4.21348E+00	4.57013E+06
5.00000E-04	4.49438E+00	4.23668E+06
5.00000E-04	4.77528E+00	3.93952E+06
5.00000E-04	5.05618E+00	3.67737E+06
5.00000E-04	5.33708E+00	3.44963E+06
5.00000E-04	5.61798E+00	3.24950E+06
5.00000E-04	5.89888E+00	3.07760E+06
5.00000E-04	6.17978E+00	2.92791E+06
5.00000E-04	6.46067E+00	2.79967E+06
5.00000E-04	6.74157E+00	2.69118E+06
5.00000E-04	7.02247E+00	2.59977E+06
5.00000E-04	7.30337E+00	2.52513E+06
5.00000E-04	7.58427E+00	2.46492E+06
5.00000E-04	7.86517E+00	2.42052E+06
5.00000E-04	8.14607E+00	2.38853E+06
5.00000E-04	8.42697E+00	2.37001E+06
5.00000E-04	8.70787E+00	2.36030E+06
5.00000E-04	8.98876E+00	2.36225E+06
5.00000E-04	9.26966E+00	2.37181E+06
5.00000E-04	9.55056E+00	2.38944E+06
5.00000E-04	9.83146E+00	2.41410E+06
5.00000E-04	1.01124E+01	2.44560E+06
5.00000E-04	1.03933E+01	2.48097E+06
5.00000E-04	1.06742E+01	2.52258E+06
5.00000E-04	1.09551E+01	2.56655E+06
5.00000E-04	1.12360E+01	2.61753E+06
5.00000E-04	1.15169E+01	2.66917E+06
5.00000E-04	1.17978E+01	2.72198E+06
5.00000E-04	1.20787E+01	2.78052E+06
5.00000E-04	1.23596E+01	2.83806E+06
5.00000E-04	1.26404E+01	2.89606E+06
5.00000E-04	1.29213E+01	2.95514E+06
5.00000E-04	1.32022E+01	3.01757E+06
5.00000E-04	1.34831E+01	3.07634E+06
5.00000E-04	1.37640E+01	3.13483E+06
5.00000E-04	1.40449E+01	3.19690E+06
5.00000E-04	1.43258E+01	3.25182E+06
5.00000E-04	1.46067E+01	3.30390E+06
5.00000E-04	1.48876E+01	3.35433E+06
5.00000E-04	1.51685E+01	3.40236E+06
5.00000E-04	1.54494E+01	3.44569E+06
5.00000E-04	1.57303E+01	3.48707E+06
5.00000E-04	1.60112E+01	3.52388E+06
5.00000E-04	1.62921E+01	3.55521E+06
5.00000E-04	1.65730E+01	3.58190E+06
5.00000E-04	1.68539E+01	3.60428E+06
5.00000E-04	1.71348E+01	3.62432E+06
5.00000E-04	1.74157E+01	3.63772E+06
5.00000E-04	1.76966E+01	3.65028E+06
5.00000E-04	1.79775E+01	3.66078E+06
5.00000E-04	1.82584E+01	3.66722E+06
5.00000E-04	1.85393E+01	3.66578E+06
5.00000E-04	1.88202E+01	3.66342E+06
5.00000E-04	1.91011E+01	3.65926E+06
5.00000E-04	1.93820E+01	3.65076E+06
5.00000E-04	1.96629E+01	3.64218E+06
5.00000E-04	1.99438E+01	3.63212E+06
5.00000E-04	2.02247E+01	3.61816E+06
5.00000E-04	2.05056E+01	3.60242E+06
5.00000E-04	2.07865E+01	3.58735E+06
5.00000E-04	2.10674E+01	3.56554E+06
5.00000E-04	2.13483E+01	3.54431E+06
5.00000E-04	2.16292E+01	3.52008E+06
5.00000E-04	2.19101E+01	3.49553E+06
5.00000E-04	2.21910E+01	3.47053E+06
5.00000E-04	2.24719E+01	3.44414E+06
5.00000E-04	2.27528E+01	3.41663E+06
5.00000E-04	2.30337E+01	3.39025E+06
5.00000E-04	2.33146E+01	3.36243E+06
5.00000E-04	2.35955E+01	3.33395E+06
5.00000E-04	2.38764E+01	3.30613E+06
5.00000E-04	2.41573E+01	3.27891E+06
5.00000E-04	2.44382E+01	3.24918E+06
5.00000E-04	2.47191E+01	3.22009E+06
5.00000E-04	2.50000E+01	3.19047E+06
1.00000E-03	0.00000E+00	2.37163E+07
1.00000E-03	2.80899E-01	3.97129E+06
1.00000E-03	5.61798E-01	3.75423E+06
1.00000E-03	8.42697E-01	3.71724E+06
1.00000E-03	1.12360E+00	3.84795E+06
1.00000E-03	1.40449E+00	4.10648E+06
1.00000E-03	1.68539E+00	4.44983E+06
1.00000E-03	1.96629E+00	4.83812E+06
1.00000E-03	2.24719E+00	5.23182E+06
1.00000E-03	2.52809E+00	5.36266E+06
1.00000E-03	2.80899E+00	5.44368E+06
1.00000E-03	3.08989E+00	5.54861E+06
1.00000E-03	3.37079E+00	5.53077E+06
1.00000E-03	3.65169E+00	5.28155E+06
1.00000E-03	3.93258E+00	4.93014E+06
1.00000E-03	4.21348E+00	4.57006E+06
1.00000E-03	4.49438E+00	4.23665E+06
1.00000E-03	4.77528E+00	3.93950E+06
1.00000E-03	5.05618E+00	3.67739E+06
1.00000E-03	5.33708E+00	3.44963E+06
1.00000E-03	5.61798E+00	3.24950E+06
1.00000E-03	5.89888E+00	3.07756E+06
1.00000E-03	6.17978E+00	2.92791E+06
1.00000E-03	6.46067E+00	2.79967E+06
1.00000E-03	6.74157E+00	2.69115E+06
1.00000E-03	7.02247E+00	2.59977E+06
1.00000E-03	7.30337E+00	2.52513E+06
1.00000E-03	7.58427E+00	2.46492E+06
1.00000E-03	7.86517E+00	2.42052E+06
1.00000E-03	8.14607E+00	2.38853E+06
1.00000E-03	8.42697E+00	2.37001E+06
1.00000E-03	8.70787E+00	2.36030E+06
1.00000E-03	8.98876E+00	2.36232E+06
1.00000E-03	9.26966E+00	2.37181E+06
1.00000E-03	9.55056E+00	2.38944E+06
1.00000E-03	9.83146E+00	2.41410E+06
1.00000E-03	1.01124E+01	2.44560E+06
1.00000E-03	1.03933E+01	2.48094E+06
1.00000E-03	1.06742E+01	2.52258E+06
1.00000E-03	1.09551E+01	2.56655E+06
1.00000E-03	1.12360E+01	2.61753E+06
1.00000E-03	1.15169E+01	2.66917E+06
1.00000E-03	1.17978E+01	2.72198E+06
1.00000E-03	1.20787E+01	2.78051E+06
1.00000E-03	1.23596E+01	2.83806E+06
1.00000E-03	1.26404E+01	2.89606E+06
1.00000E-03	1.29213E+01	2.95515E+06
1.00000E-03	1.32022E+01	3.01757E+06
1.00000E-03	1.34831E+01	3.07634E+06
1.00000E-03	1.37640E+01	3.13484E+06
1.00000E-03	1.40449E+01	3.19690E+06
1.00000E-03	1.43258E+01	3.25182E+06
1.00000E-03	1.46067E+01	3.30390E+06
1.00000E-03	1.48876E+01	3.35433E+06
1.00000E-03	1.51685E+01	3.40236E+06
1.00000E-03	1.54494E+01	3.44569E+06
1.00000E-03	1.57303E+01	3.48707E+06
1.00000E-03	1.60112E+01	3.52388E+06
1.00000E-03	1.62921E+01	3.55521E+06
1.00000E-03	1.65730E+01	3.58190E+06
1.00000E-03	1.68539E+01	3.60428E+06
1.00000E-03	1.71348E+01	3.62432E+06
1.00000E-03	1.74157E+01	3.63777E+06
1.00000E-03	1.76966E+01	3.65028E+06
1.00000E-03	1.79775E+01	3.66078E+06
1.00000E-03	1.82584E+01	3.66722E+06
1.00000E-03	1.85393E+01	3.66578E+06
1.00000E-03	1.88202E+01	3.66342E+06
1.00000E-03	1.91011E+01	3.65930E+06
1.00000E-03	1.93820E+01	3.65076E+06
1.00000E-03	1.96629E+01	3.64218E+06
1.00000E-03	1.99438E+01	3.63170E+06
1.00000E-03	2.02247E+01	3.61816E+06
1.00000E-03	2.05056E+01	3.60242E+06
1.00000E-03	2.07865E+01	3.58735E+06
1.00000E-03	2.10674E+01	3.56554E+06
1.00000E-03	2.13483E+01	3.54431E+06
1.00000E-03	2.16292E+01	3.52008E+06
1.00000E-03	2.19101E+01	3.49553E+06
1.00000E-03	2.21910E+01	3.47053E+06
1.00000E-03	2.24719E+01	3.44414E+06
1.00000E-03	2.27528E+01	3.41663E+06
1.00000E-03	2.30337E+01	3.39025E+06
1.00000E-03	2.33146E+01	3.36243E+06
1.00000E-03	2.35955E+01	3.33395E+06
1.00000E-03	2.38764E+01	3.30613E+06
1.00000E-03	2.41573E+01	3.27891E+06
1.00000E-03	2.44382E+01	3.24918E+06
1.00000E-03	2.47191E+01	3.22009E+06
1.00000E-03	2.50000E+01	3.19047E+06
5.00000E-03	0.00000E+00	1.36175E+07
5.00000E-03	2.80899E-01	3.97130E+06
5.00000E-03	5.61798E-01	3.75423E+06
5.00000E-03	8.42697E-01	3.71730E+06
5.00000E-03	1.12360E+00	3.84755E+06
5.00000E-03	1.40449E+00	4.10599E+06
5.00000E-03	1.68539E+00	4.44991E+06
5.00000E-03	1.96629E+00	4.83784E+06
5.00000E-03	2.24719E+00	5.23127E+06
5.00000E-03	2.52809E+00	5.36259E+06
5.00000E-03	2.80899E+00	5.44361E+06
5.00000E-03	3.08989E+00	5.54955E+06
5.00000E-03	3.37079E+00	5.53094E+06
5.00000E-03	3.65169E+00	5.28097E+06
5.00000E-03	3.93258E+00	4.93051E+06
5.00000E-03	4.21348E+00	4.56999E+06
5.00000E-03	4.49438E+00	4.23640E+06
5.00000E-03	4.77528E+00	3.93934E+06
5.00000E-03	5.05618E+00	3.67753E+06
5.00000E-03	5.33708E+00	3.44956E+06
5.00000E-03	5.61798E+00	3.24957E+06
5.00000E-03	5.89888E+00	3.07739E+06
5.00000E-03	6.17978E+00	2.92780E+06
5.00000E-03	6.46067E+00	2.79969E+06
5.00000E-03	6.74157E+00	2.69087E+06
5.00000E-03	7.02247E+00	2.59961E+06
5.00000E-03	7.30337E+00	2.52513E+06
5.00000E-03	7.58427E+00	2.46489E+06
5.00000E-03	7.86517E+00	2.42061E+06
5.00000E-03	8.14607E+00	2.38827E+06
5.00000E-03	8.42697E+00	2.36998E+06
5.00000E-03	8.70787E+00	2.36030E+06
5.00000E-03	8.98876E+00	2.36237E+06
5.00000E-03	9.26966E+00	2.37162E+06
5.00000E-03	9.55056E+00	2.38944E+06
5.00000E-03	9.83146E+00	2.41399E+06
5.00000E-03	1.01124E+01	2.44552E+06
5.00000E-03	1.03933E+01	2.48092E+06
5.00000E-03	1.06742E+01	2.52257E+06
5.00000E-03	1.09551E+01	2.56657E+06
5.00000E-03	1.12360E+01	2.61688E+06
5.00000E-03	1.15169E+01	2.66879E+06
5.00000E-03	1.17978E+01	2.72200E+06
5.00000E-03	1.20787E+01	2.77973E+06
5.00000E-03	1.23596E+01	2.83803E+06
5.00000E-03	1.26404E+01	2.89609E+06
5.00000E-03	1.29213E+01	2.95595E+06
5.00000E-03	1.32022E+01	3.01756E+06
5.00000E-03	1.34831E+01	3.07673E+06
5.00000E-03	1.37640E+01	3.13551E+06
5.00000E-03	1.40449E+01	3.19689E+06
5.00000E-03	1.43258E+01	3.25183E+06
5.00000E-03	1.46067E+01	3.30390E+06
5.00000E-03	1.48876E+01	3.35442E+06
5.00000E-03	1.51685E+01	3.40236E+06
5.00000E-03	1.54494E+01	3.44569E+06
5.00000E-03	1.57303E+01	3.48704E+06
5.00000E-03	1.60112E+01	3.52389E+06
5.00000E-03	1.62921E+01	3.55532E+06
5.00000E-03	1.65730E+01	3.58178E+06
5.00000E-03	1.68539E+01	3.60428E+06
5.00000E-03	1.71348E+01	3.62432E+06
5.00000E-03	1.74157E+01	3.63837E+06
5.00000E-03	1.76966E+01	3.65044E+06
5.00000E-03	1.79775E+01	3.66078E+06
5.00000E-03	1.82584E+01	3.66715E+06
5.00000E-03	1.85393E+01	3.66578E+06
5.00000E-03	1.88202E+01	3.66346E+06
5.00000E-03	1.91011E+01	3.65940E+06
5.00000E-03	1.93820E+01	3.65076E+06
5.00000E-03	1.96629E+01	3.64218E+06
5.00000E-03	1.99438E+01	3.63114E+06
5.00000E-03	2.02247E+01	3.61815E+06
5.00000E-03	2.05056E+01	3.60247E+06
5.00000E-03	2.07865E+01	3.58725E+06
5.00000E-03	2.10674E+01	3.56554E+06
5.00000E-03	2.13483E+01	3.54431E+06
5.00000E-03	2.16292E+01	3.52008E+06
5.00000E-03	2.19101E+01	3.49553E+06
5.00000E-03	2.21910E+01	3.47053E+06
5.00000E-03	2.24719E+01	3.44414E+06
5.00000E-03	2.27528E+01	3.41663E+06
5.00000E-03	2.30337E+01	3.39022E+06
5.00000E-03	2.33146E+01	3.36237E+06
5.00000E-03	2.35955E+01	3.33395E+06
5.00000E-03	2.38764E+01	3.30615E+06
5.00000E-03	2.41573E+01	3.27880E+06
5.00000E-03	2.44382E+01	3.24918E+06
5.00000E-03	2.47191E+01	3.22009E+06
5.00000E-03	2.50000E+01	3.19047E+06
1.00000E-02	0.00000E+00	1.14559E+07
1.00000E-02	2.80899E-01	3.97132E+06
1.00000E-02	5.61798E-01	3.75424E+06
1.00000E-02	8.42697E-01	3.71730E+06
1.00000E-02	1.12360E+00	3.84755E+06
1.00000E-02	1.40449E+00	4.10599E+06
1.00000E-02	1.68539E+00	4.44992E+06
1.00000E-02	1.96629E+00	4.83784E+06
1.00000E-02	2.24719E+00	5.23126E+06
1.00000E-02	2.52809E+00	5.36259E+06
1.00000E-02	2.80899E+00	5.44361E+06
1.00000E-02	3.08989E+00	5.54957E+06
1.00000E-02	3.37079E+00	5.53094E+06
1.00000E-02	3.65169E+00	5.28093E+06
1.00000E-02	3.93258E+00	4.93054E+06
1.00000E-02	4.21348E+00	4.56999E+06
1.00000E-02	4.49438E+00	4.23635E+06
1.00000E-02	4.77528E+00	3.93932E+06
1.00000E-02	5.05618E+00	3.67754E+06
1.00000E-02	5.33708E+00	3.44954E+06
1.00000E-02	5.61798E+00	3.24960E+06
1.00000E-02	5.89888E+00	3.07737E+06
1.00000E-02	6.17978E+00	2.92773E+06
1.00000E-02	6.46067E+00	2.79970E+06
1.00000E-02	6.74157E+00	2.69081E+06
1.00000E-02	7.02247E+00	2.59956E+06
1.00000E-02	7.30337E+00	2.52512E+06
1.00000E-02	7.58427E+00	2.46489E+06
1.00000E-02	7.86517E+00	2.42065E+06
1.00000E-02	8.14607E+00	2.38803E+06
1.00000E-02	8.42697E+00	2.36987E+06
1.00000E-02	8.70787E+00	2.36035E+06
1.00000E-02	8.98876E+00	2.36239E+06
1.00000E-02	9.26966E+00	2.37143E+06
1.00000E-02	9.55056E+00	2.38942E+06
1.00000E-02	9.83146E+00	2.41374E+06
1.00000E-02	1.01124E+01	2.44527E+06
1.00000E-02	1.03933E+01	2.48093E+06
1.00000E-02	1.06742E+01	2.52243E+06
1.00000E-02	1.09551E+01	2.56677E+06
1.00000E-02	1.12360E+01	2.61636E+06
1.00000E-02	1.15169E+01	2.66836E+06
1.00000E-02	1.17978E+01	2.72197E+06
1.00000E-02	1.20787E+01	2.77932E+06
1.00000E-02	1.23596E+01	2.83774E+06
1.00000E-02	1.26404E+01	2.89637E+06
1.00000E-02	1.29213E+01	2.95637E+06
1.00000E-02	1.32022E+01	3.01758E+06
1.00000E-02	1.34831E+01	3.07718E+06
1.00000E-02	1.37640E+01	3.13607E+06
1.00000E-02	1.40449E+01	3.19667E+06
1.00000E-02	1.43258E+01	3.25197E+06
1.00000E-02	1.46067E+01	3.30390E+06
1.00000E-02	1.48876E+01	3.35469E+06
1.00000E-02	1.51685E+01	3.40241E+06
1.00000E-02	1.54494E+01	3.44569E+06
1.00000E-02	1.57303E+01	3.48680E+06
1.00000E-02	1.60112E+01	3.52409E+06
1.00000E-02	1.62921E+01	3.55551E+06
1.00000E-02	1.65730E+01	3.58143E+06
1.00000E-02	1.68539E+01	3.60430E+06
1.00000E-02	1.71348E+01	3.62431E+06
1.00000E-02	1.74157E+01	3.63852E+06
1.00000E-02	1.76966E+01	3.65060E+06
1.00000E-02	1.79775E+01	3.66077E+06
1.00000E-02	1.82584E+01	3.66674E+06
1.00000E-02	1.85393E+01	3.66581E+06
1.00000E-02	1.88202E+01	3.66364E+06
1.00000E-02	1.91011E+01	3.65939E+06
1.00000E-02	1.93820E+01	3.65086E+06
1.00000E-02	1.96629E+01	3.64218E+06
1.00000E-02	1.99438E+01	3.63106E+06
1.00000E-02	2.02247E+01	3.61808E+06
1.00000E-02	2.05056E+01	3.60260E+06
1.00000E-02	2.07865E+01	3.58688E+06
1.00000E-02	2.10674E+01	3.56560E+06
1.00000E-02	2.13483E+01	3.54430E+06
1.00000E-02	2.16292E+01	3.52014E+06
1.00000E-02	2.19101E+01	3.49554E+06
1.00000E-02	2.21910E+01	3.47053E+06
1.00000E-02	2.24719E+01	3.44412E+06
1.00000E-02	2.27528E+01	3.41666E+06
1.00000E-02	2.30337E+01	3.39008E+06
1.00000E-02	2.33146E+01	3.36224E+06
1.00000E-02	2.35955E+01	3.33396E+06
1.00000E-02	2.38764E+01	3.30625E+06
1.00000E-02	2.41573E+01	3.27862E+06
1.00000E-02	2.44382E+01	3.24918E+06
1.00000E-02	2.47191E+01	3.22008E+06
1.00000E-02	2.50000E+01	3.19047E+06
5.00000E-02	0.00000E+00	8.20377E+06
5.00000E-02	2.80899E-01	3.97171E+06
5.00000E-02	5.61798E-01	3.75447E+06
5.00000E-02	8.42697E-01	3.71747E+06
5.00000E-02	1.12360E+00	3.84771E+06
5.00000E-02	1.40449E+00	4.10613E+06
5.00000E-02	1.68539E+00	4.45003E+06
5.00000E-02	1.96629E+00	4.83796E+06
5.00000E-02	2.24719E+00	5.23114E+06
5.00000E-02	2.52809E+00	5.36261E+06
5.00000E-02	2.80899E+00	5.44365E+06
5.00000E-02	3.08989E+00	5.54956E+06
5.00000E-02	3.37079E+00	5.53085E+06
5.00000E-02	3.65169E+00	5.28087E+06
5.00000E-02	3.93258E+00	4.93052E+06
5.00000E-02	4.21348E+00	4.56998E+06
5.00000E-02	4.49438E+00	4.23634E+06
5.00000E-02	4.77528E+00	3.93931E+06
5.00000E-02	5.05618E+00	3.67754E+06
5.00000E-02	5.33708E+00	3.44954E+06
5.00000E-02	5.61798E+00	3.24961E+06
5.00000E-02	5.89888E+00	3.07737E+06
5.00000E-02	6.17978E+00	2.92773E+06
5.00000E-02	6.46067E+00	2.79970E+06
5.00000E-02	6.74157E+00	2.69079E+06
5.00000E-02	7.02247E+00	2.59956E+06
5.00000E-02	7.30337E+00	2.52513E+06
5.00000E-02	7.58427E+00	2.46490E+06
5.00000E-02	7.86517E+00	2.42065E+06
5.00000E-02	8.14607E+00	2.38794E+06
5.00000E-02	8.42697E+00	2.36981E+06
5.00000E-02	8.70787E+00	2.36040E+06
5.00000E-02	8.98876E+00	2.36240E+06
5.00000E-02	9.26966E+00	2.37138E+06
5.00000E-02	9.55056E+00	2.38941E+06
5.00000E-02	9.83146E+00	2.41361E+06
5.00000E-02	1.01124E+01	2.44512E+06
5.00000E-02	1.03933E+01	2.48096E+06
5.00000E-02	1.06742E+01	2.52216E+06
5.00000E-02	1.09551E+01	2.56725E+06
5.00000E-02	1.12360E+01	2.61600E+06
5.00000E-02	1.15169E+01	2.66811E+06
5.00000E-02	1.17978E+01	2.72197E+06
5.00000E-02	1.20787E+01	2.77914E+06
5.00000E-02	1.23596E+01	2.83719E+06
5.00000E-02	1.26404E+01	2.89693E+06
5.00000E-02	1.29213E+01	2.95656E+06
5.00000E-02	1.32022E+01	3.01759E+06
5.00000E-02	1.34831E+01	3.07744E+06
5.00000E-02	1.37640E+01	3.13645E+06
5.00000E-02	1.40449E+01	3.19617E+06
5.00000E-02	1.43258E+01	3.25226E+06
5.00000E-02	1.46067E+01	3.30355E+06
5.00000E-02	1.48876E+01	3.35484E+06
5.00000E-02	1.51685E+01	3.40250E+06
5.00000E-02	1.54494E+01	3.44542E+06
5.00000E-02	1.57303E+01	3.48640E+06
5.00000E-02	1.60112E+01	3.52448E+06
5.00000E-02	1.62921E+01	3.55556E+06
5.00000E-02	1.65730E+01	3.58109E+06
5.00000E-02	1.68539E+01	3.60436E+06
5.00000E-02	1.71348E+01	3.62371E+06
5.00000E-02	1.74157E+01	3.63857E+06
5.00000E-02	1.76966E+01	3.65064E+06
5.00000E-02	1.79775E+01	3.66070E+06
5.00000E-02	1.82584E+01	3.66569E+06
5.00000E-02	1.85393E+01	3.66591E+06
5.00000E-02	1.88202E+01	3.66382E+06
5.00000E-02	1.91011E+01	3.65939E+06
5.00000E-02	1.93820E+01	3.65179E+06
5.00000E-02	1.96629E+01	3.64205E+06
5.00000E-02	1.99438E+01	3.63098E+06
5.00000E-02	2.02247E+01	3.61772E+06
5.00000E-02	2.05056E+01	3.60267E+06
5.00000E-02	2.07865E+01	3.58620E+06
5.00000E-02	2.10674E+01	3.56621E+06
5.00000E-02	2.13483E+01	3.54404E+06
5.00000E-02	2.16292E+01	3.52047E+06
5.00000E-02	2.19101E+01	3.49591E+06
5.00000E-02	2.21910E+01	3.47033E+06
5.00000E-02	2.24719E+01	3.44395E+06
5.00000E-02	2.27528E+01	3.41699E+06
5.00000E-02	2.30337E+01	3.38977E+06
5.00000E-02	2.33146E+01	3.36210E+06
5.00000E-02	2.35955E+01	3.33427E+06
5.00000E-02	2.38764E+01	3.30646E+06
5.00000E-02	2.41573E+01	3.27840E+06
5.00000E-02	2.44382E+01	3.24923E+06
5.00000E-02	2.47191E+01	3.21982E+06
5.00000E-02	2.50000E+01	3.19047E+06
1.00000E-01	0.00000E+00	6.95703E+06
1.00000E-01	2.80899E-01	3.97211E+06
1.00000E-01	5.61798E-01	3.75500E+06
1.00000E-01	8.42697E-01	3.71795E+06
1.00000E-01	1.12360E+00	3.84816E+06
1.00000E-01	1.40449E+00	4.10654E+06
1.00000E-01	1.68539E+00	4.45036E+06
1.00000E-01	1.96629E+00	4.83832E+06
1.00000E-01	2.24719E+00	5.23076E+06
1.00000E-01	2.52809E+00	5.36265E+06
1.00000E-01	2.80899E+00	5.44377E+06
1.00000E-01	3.08989E+00	5.54950E+06
1.00000E-01	3.37079E+00	5.53056E+06
1.00000E-01	3.65169E+00	5.28069E+06
1.00000E-01	3.93258E+00	4.93043E+06
1.00000E-01	4.21348E+00	4.56995E+06
1.00000E-01	4.49438E+00	4.23632E+06
1.00000E-01	4.77528E+00	3.93930E+06
1.00000E-01	5.05618E+00	3.67754E+06
1.00000E-01	5.33708E+00	3.44953E+06
1.00000E-01	5.61798E+00	3.24963E+06
1.00000E-01	5.89888E+00	3.07738E+06
1.00000E-01	6.17978E+00	2.92773E+06
1.00000E-01	6.46067E+00	2.79970E+06
1.00000E-01	6.74157E+00	2.69080E+06
1.00000E-01	7.02247E+00	2.59956E+06
1.00000E-01	7.30337E+00	2.52513E+06
1.00000E-01	7.58427E+00	2.46492E+06
1.00000E-01	7.86517E+00	2.42066E+06
1.00000E-01	8.14607E+00	2.38798E+06
1.00000E-01	8.42697E+00	2.36982E+06
1.00000E-01	8.70787E+00	2.36041E+06
1.00000E-01	8.98876E+00	2.36241E+06
1.00000E-01	9.26966E+00	2.37139E+06
1.00000E-01	9.55056E+00	2.38942E+06
1.00000E-01	9.83146E+00	2.41363E+06
1.00000E-01	1.01124E+01	2.44513E+06
1.00000E-01	1.03933E+01	2.48098E+06
1.00000E-01	1.06742E+01	2.52216E+06
1.00000E-01	1.09551E+01	2.56726E+06
1.00000E-01	1.12360E+01	2.61601E+06
1.00000E-01	1.15169E+01	2.66811E+06
1.00000E-01	1.17978E+01	2.72198E+06
1.00000E-01	1.20787E+01	2.77914E+06
1.00000E-01	1.23596E+01	2.83720E+06
1.00000E-01	1.26404E+01	2.89694E+06
1.00000E-01	1.29213E+01	2.95657E+06
1.00000E-01	1.32022E+01	3.01759E+06
1.00000E-01	1.34831E+01	3.07744E+06
1.00000E-01	1.37640E+01	3.13645E+06
1.00000E-01	1.40449E+01	3.19617E+06
1.00000E-01	1.43258E+01	3.25226E+06
1.00000E-01	1.46067E+01	3.30353E+06
1.00000E-01	1.48876E+01	3.35484E+06
1.00000E-01	1.51685E+01	3.40251E+06
1.00000E-01	1.54494E+01	3.44542E+06
1.00000E-01	1.57303E+01	3.48640E+06
1.00000E-01	1.60112E+01	3.52447E+06
1.00000E-01	1.62921E+01	3.55555E+06
1.00000E-01	1.65730E+01	3.58109E+06
1.00000E-01	1.68539E+01	3.60435E+06
1.00000E-01	1.71348E+01	3.62367E+06
1.00000E-01	1.74157E+01	3.63857E+06
1.00000E-01	1.76966E+01	3.65064E+06
1.00000E-01	1.79775E+01	3.66069E+06
1.00000E-01	1.82584E+01	3.66565E+06
1.00000E-01	1.85393E+01	3.66591E+06
1.00000E-01	1.88202E+01	3.66381E+06
1.00000E-01	1.91011E+01	3.65939E+06
1.00000E-01	1.93820E+01	3.65183E+06
1.00000E-01	1.96629E+01	3.64205E+06
1.00000E-01	1.99438E+01	3.63097E+06
1.00000E-01	2.02247E+01	3.61772E+06
1.00000E-01	2.05056E+01	3.60267E+06
1.00000E-01	2.07865E+01	3.58618E+06
1.00000E-01	2.10674E+01	3.56623E+06
1.00000E-01	2.13483E+01	3.54403E+06
1.00000E-01	2.16292E+01	3.52047E+06
1.00000E-01	2.19101E+01	3.49593E+06
1.00000E-01	2.21910E+01	3.47031E+06
1.00000E-01	2.24719E+01	3.44395E+06
1.00000E-01	2.27528E+01	3.41699E+06
1.00000E-01	2.30337E+01	3.38976E+06
1.00000E-01	2.33146E+01	3.36210E+06
1.00000E-01	2.35955E+01	3.33429E+06
1.00000E-01	2.38764E+01	3.30647E+06
1.00000E-01	2.41573E+01	3.27839E+06
1.00000E-01	2.44382E+01	3.24923E+06
1.00000E-01	2.47191E+01	3.21981E+06
1.00000E-01	2.50000E+01	3.19047E+06
2.00000E-01	0.00000E+00	5.85877E+06
2.00000E-01	2.80899E-01	3.96886E+06
2.00000E-01	5.61798E-01	3.75592E+06
2.00000E-01	8.42697E-01	3.71959E+06
2.00000E-01	1.12360E+00	3.84985E+06
2.00000E-01	1.40449E+00	4.10813E+06
2.00000E-01	1.68539E+00	4.45165E+06
2.00000E-01	1.96629E+00	4.83969E+06
2.00000E-01	2.24719E+00	5.22921E+06
2.00000E-01	2.52809E+00	5.36282E+06
2.00000E-01	2.80899E+00	5.44426E+06
2.00000E-01	3.08989E+00	5.54923E+06
2.00000E-01	3.37079E+00	5.52938E+06
2.00000E-01	3.65169E+00	5.27994E+06
2.00000E-01	3.93258E+00	4.93009E+06
2.00000E-01	4.21348E+00	4.56980E+06
2.00000E-01	4.49438E+00	4.23623E+06
2.00000E-01	4.77528E+00	3.93926E+06
2.00000E-01	5.05618E+00	3.67753E+06
2.00000E-01	5.33708E+00	3.44953E+06
2.00000E-01	5.61798E+00	3.24971E+06
2.00000E-01	5.89888E+00	3.07742E+06
2.00000E-01	6.17978E+00	2.92774E+06
2.00000E-01	6.46067E+00	2.79972E+06
2.00000E-01	6.74157E+00	2.69082E+06
2.00000E-01	7.02247E+00	2.59957E+06
2.00000E-01	7.30337E+00	2.52516E+06
2.00000E-01	7.58427E+00	2.46498E+06
2.00000E-01	7.86517E+00	2.42071E+06
2.00000E-01	8.14607E+00	2.38812E+06
2.00000E-01	8.42697E+00	2.36985E+06
2.00000E-01	8.70787E+00	2.36045E+06
2.00000E-01	8.98876E+00	2.36245E+06
2.00000E-01	9.26966E+00	2.37144E+06
2.00000E-01	9.55056E+00	2.38946E+06
2.00000E-01	9.83146E+00	2.41370E+06
2.00000E-01	1.01124E+01	2.44516E+06
2.00000E-01	1.03933E+01	2.48103E+06
2.00000E-01	1.06742E+01	2.52220E+06
2.00000E-01	1.09551E+01	2.56729E+06
2.00000E-01	1.12360E+01	2.61605E+06
2.00000E-01	1.15169E+01	2.66813E+06
2.00000E-01	1.17978E+01	2.72202E+06
2.00000E-01	1.20787E+01	2.77915E+06
2.00000E-01	1.23596E+01	2.83724E+06
2.00000E-01	1.26404E+01	2.89696E+06
2.00000E-01	1.29213E+01	2.95660E+06
2.00000E-01	1.32022E+01	3.01761E+06
2.00000E-01	1.34831E+01	3.07746E+06
2.00000E-01	1.37640E+01	3.13648E+06
2.00000E-01	1.40449E+01	3.19616E+06
2.00000E-01	1.43258E+01	3.25227E+06
2.00000E-01	1.46067E+01	3.30355E+06
2.00000E-01	1.48876E+01	3.35483E+06
2.00000E-01	1.51685E+01	3.40251E+06
2.00000E-01	1.54494E+01	3.44543E+06
2.00000E-01	1.57303E+01	3.48641E+06
2.00000E-01	1.60112E+01	3.52446E+06
2.00000E-01	1.62921E+01	3.55553E+06
2.00000E-01	1.65730E+01	3.58108E+06
2.00000E-01	1.68539E+01	3.60433E+06
2.00000E-01	1.71348E+01	3.62366E+06
2.00000E-01	1.74157E+01	3.63856E+06
2.00000E-01	1.76966E+01	3.65064E+06
2.00000E-01	1.79775E+01	3.66067E+06
2.00000E-01	1.82584E+01	3.66563E+06
2.00000E-01	1.85393E+01	3.66589E+06
2.00000E-01	1.88202E+01	3.66380E+06
2.00000E-01	1.91011E+01	3.65938E+06
2.00000E-01	1.93820E+01	3.65182E+06
2.00000E-01	1.96629E+01	3.64204E+06
2.00000E-01	1.99438E+01	3.63096E+06
2.00000E-01	2.02247E+01	3.61771E+06
2.00000E-01	2.05056E+01	3.60266E+06
2.00000E-01	2.07865E+01	3.58615E+06
2.00000E-01	2.10674E+01	3.56622E+06
2.00000E-01	2.13483E+01	3.54402E+06
2.00000E-01	2.16292E+01	3.52046E+06
2.00000E-01	2.19101E+01	3.49592E+06
2.00000E-01	2.21910E+01	3.47031E+06
2.00000E-01	2.24719E+01	3.44394E+06
2.00000E-01	2.27528E+01	3.41699E+06
2.00000E-01	2.30337E+01	3.38976E+06
2.00000E-01	2.33146E+01	3.36209E+06
2.00000E-01	2.35955E+01	3.33429E+06
2.00000E-01	2.38764E+01	3.30646E+06
2.00000E-01	2.41573E+01	3.27838E+06
2.00000E-01	2.44382E+01	3.24922E+06
2.00000E-01	2.47191E+01	3.21980E+06
2.00000E-01	2.50000E+01	3.19047E+06
2.50000E-01	0.00000E+00	5.55308E+06
2.50000E-01	2.80899E-01	3.96366E+06
2.50000E-01	5.61798E-01	3.75610E+06
2.50000E-01	8.42697E-01	3.72069E+06
2.50000E-01	1.12360E+00	3.85104E+06
2.50000E-01	1.40449E+00	4.10928E+06
2.50000E-01	1.68539E+00	4.45258E+06
2.50000E-01	1.96629E+00	4.84066E+06
2.50000E-01	2.24719E+00	5.22813E+06
2.50000E-01	2.52809E+00	5.36291E+06
2.50000E-01	2.80899E+00	5.44460E+06
2.50000E-01	3.08989E+00	5.54900E+06
2.50000E-01	3.37079E+00	5.52848E+06
2.50000E-01	3.65169E+00	5.27938E+06
2.50000E-01	3.93258E+00	4.92984E+06
2.50000E-01	4.21348E+00	4.56969E+06
2.50000E-01	4.49438E+00	4.23617E+06
2.50000E-01	4.77528E+00	3.93923E+06
2.50000E-01	5.05618E+00	3.67753E+06
2.50000E-01	5.33708E+00	3.44952E+06
2.50000E-01	5.61798E+00	3.24976E+06
2.50000E-01	5.89888E+00	3.07744E+06
2.50000E-01	6.17978E+00	2.92776E+06
2.50000E-01	6.46067E+00	2.79974E+06
2.50000E-01	6.74157E+00	2.69084E+06
2.50000E-01	7.02247E+00	2.59959E+06
2.50000E-01	7.30337E+00	2.52518E+06
2.50000E-01	7.58427E+00	2.46503E+06
2.50000E-01	7.86517E+00	2.42074E+06
2.50000E-01	8.14607E+00	2.38821E+06
2.50000E-01	8.42697E+00	2.36988E+06
2.50000E-01	8.70787E+00	2.36049E+06
2.50000E-01	8.98876E+00	2.36247E+06
2.50000E-01	9.26966E+00	2.37148E+06
2.50000E-01	9.55056E+00	2.38949E+06
2.50000E-01	9.83146E+00	2.41374E+06
2.50000E-01	1.01124E+01	2.44519E+06
2.50000E-01	1.03933E+01	2.48106E+06
2.50000E-01	1.06742E+01	2.52222E+06
2.50000E-01	1.09551E+01	2.56732E+06
2.50000E-01	1.12360E+01	2.61608E+06
2.50000E-01	1.15169E+01	2.66815E+06
2.50000E-01	1.17978E+01	2.72206E+06
2.50000E-01	1.20787E+01	2.77917E+06
2.50000E-01	1.23596E+01	2.83727E+06
2.50000E-01	1.26404E+01	2.89698E+06
2.50000E-01	1.29213E+01	2.95663E+06
2.50000E-01	1.32022E+01	3.01761E+06
2.50000E-01	1.34831E+01	3.07747E+06
2.50000E-01	1.37640E+01	3.13649E+06
2.50000E-01	1.40449E+01	3.19615E+06
2.50000E-01	1.43258E+01	3.25227E+06
2.50000E-01	1.46067E+01	3.30357E+06
2.50000E-01	1.48876E+01	3.35483E+06
2.50000E-01	1.51685E+01	3.40251E+06
2.50000E-01	1.54494E+01	3.44544E+06
2.50000E-01	1.57303E+01	3.48642E+06
2.50000E-01	1.60112E+01	3.52444E+06
2.50000E-01	1.62921E+01	3.55551E+06
2.50000E-01	1.65730E+01	3.58108E+06
2.50000E-01	1.68539E+01	3.60432E+06
2.50000E-01	1.71348E+01	3.62365E+06
2.50000E-01	1.74157E+01	3.63856E+06
2.50000E-01	1.76966E+01	3.65064E+06
2.50000E-01	1.79775E+01	3.66065E+06
2.50000E-01	1.82584E+01	3.66562E+06
2.50000E-01	1.85393E+01	3.66589E+06
2.50000E-01	1.88202E+01	3.66380E+06
2.50000E-01	1.91011E+01	3.65937E+06
2.50000E-01	1.93820E+01	3.65181E+06
2.50000E-01	1.96629E+01	3.64204E+06
2.50000E-01	1.99438E+01	3.63095E+06
2.50000E-01	2.02247E+01	3.61770E+06
2.50000E-01	2.05056E+01	3.60266E+06
2.50000E-01	2.07865E+01	3.58614E+06
2.50000E-01	2.10674E+01	3.56621E+06
2.50000E-01	2.13483E+01	3.54401E+06
2.50000E-01	2.16292E+01	3.52046E+06
2.50000E-01	2.19101E+01	3.49591E+06
2.50000E-01	2.21910E+01	3.47030E+06
2.50000E-01	2.24719E+01	3.44394E+06
2.50000E-01	2.27528E+01	3.41699E+06
2.50000E-01	2.30337E+01	3.38975E+06
2.50000E-01	2.33146E+01	3.36209E+06
2.50000E-01	2.35955E+01	3.33428E+06
2.50000E-01	2.38764E+01	3.30646E+06
2.50000E-01	2.41573E+01	3.27838E+06
2.50000E-01	2.44382E+01	3.24922E+06
2.50000E-01	2.47191E+01	3.21980E+06
2.50000E-01	2.50000E+01	3.19046E+06
3.00000E-01	0.00000E+00	5.32272E+06
3.00000E-01	2.80899E-01	3.95607E+06
3.00000E-01	5.61798E-01	3.75598E+06
3.00000E-01	8.42697E-01	3.72194E+06
3.00000E-01	1.12360E+00	3.85246E+06
3.00000E-01	1.40449E+00	4.11066E+06
3.00000E-01	1.68539E+00	4.45369E+06
3.00000E-01	1.96629E+00	4.84181E+06
3.00000E-01	2.24719E+00	5.22690E+06
3.00000E-01	2.52809E+00	5.36301E+06
3.00000E-01	2.80899E+00	5.44501E+06
3.00000E-01	3.08989E+00	5.54870E+06
3.00000E-01	3.37079E+00	5.52738E+06
3.00000E-01	3.65169E+00	5.27870E+06
3.00000E-01	3.93258E+00	4.92952E+06
3.00000E-01	4.21348E+00	4.56955E+06
3.00000E-01	4.49438E+00	4.23609E+06
3.00000E-01	4.77528E+00	3.93920E+06
3.00000E-01	5.05618E+00	3.67753E+06
3.00000E-01	5.33708E+00	3.44952E+06
3.00000E-01	5.61798E+00	3.24980E+06
3.00000E-01	5.89888E+00	3.07746E+06
3.00000E-01	6.17978E+00	2.92778E+06
3.00000E-01	6.46067E+00	2.79976E+06
3.00000E-01	6.74157E+00	2.69086E+06
3.00000E-01	7.02247E+00	2.59961E+06
3.00000E-01	7.30337E+00	2.52520E+06
3.00000E-01	7.58427E+00	2.46509E+06
3.00000E-01	7.86517E+00	2.42077E+06
3.00000E-01	8.14607E+00	2.38831E+06
3.00000E-01	8.42697E+00	2.36991E+06
3.00000E-01	8.70787E+00	2.36054E+06
3.00000E-01	8.98876E+00	2.36250E+06
3.00000E-01	9.26966E+00	2.37153E+06
3.00000E-01	9.55056E+00	2.38952E+06
3.00000E-01	9.83146E+00	2.41380E+06
3.00000E-01	1.01124E+01	2.44522E+06
3.00000E-01	1.03933E+01	2.48111E+06
3.00000E-01	1.06742E+01	2.52225E+06
3.00000E-01	1.09551E+01	2.56735E+06
3.00000E-01	1.12360E+01	2.61612E+06
3.00000E-01	1.15169E+01	2.66817E+06
3.00000E-01	1.17978E+01	2.72210E+06
3.00000E-01	1.20787E+01	2.77918E+06
3.00000E-01	1.23596E+01	2.83731E+06
3.00000E-01	1.26404E+01	2.89699E+06
3.00000E-01	1.29213E+01	2.95666E+06
3.00000E-01	1.32022E+01	3.01762E+06
3.00000E-01	1.34831E+01	3.07748E+06
3.00000E-01	1.37640E+01	3.13652E+06
3.00000E-01	1.40449E+01	3.19615E+06
3.00000E-01	1.43258E+01	3.25227E+06
3.00000E-01	1.46067E+01	3.30360E+06
3.00000E-01	1.48876E+01	3.35482E+06
3.00000E-01	1.51685E+01	3.40250E+06
3.00000E-01	1.54494E+01	3.44545E+06
3.00000E-01	1.57303E+01	3.48643E+06
3.00000E-01	1.60112E+01	3.52443E+06
3.00000E-01	1.62921E+01	3.55549E+06
3.00000E-01	1.65730E+01	3.58108E+06
3.00000E-01	1.68539E+01	3.60430E+06
3.00000E-01	1.71348E+01	3.62364E+06
3.00000E-01	1.74157E+01	3.63856E+06
3.00000E-01	1.76966E+01	3.65064E+06
3.00000E-01	1.79775E+01	3.66063E+06
3.00000E-01	1.82584E+01	3.66560E+06
3.00000E-01	1.85393E+01	3.66588E+06
3.00000E-01	1.88202E+01	3.66379E+06
3.00000E-01	1.91011E+01	3.65935E+06
3.00000E-01	1.93820E+01	3.65181E+06
3.00000E-01	1.96629E+01	3.64204E+06
3.00000E-01	1.99438E+01	3.63094E+06
3.00000E-01	2.02247E+01	3.61770E+06
3.00000E-01	2.05056E+01	3.60265E+06
3.00000E-01	2.07865E+01	3.58612E+06
3.00000E-01	2.10674E+01	3.56620E+06
3.00000E-01	2.13483E+01	3.54400E+06
3.00000E-01	2.16292E+01	3.52045E+06
3.00000E-01	2.19101E+01	3.49591E+06
3.00000E-01	2.21910E+01	3.47030E+06
3.00000E-01	2.24719E+01	3.44393E+06
3.00000E-01	2.27528E+01	3.41698E+06
3.00000E-01	2.30337E+01	3.38975E+06
3.00000E-01	2.33146E+01	3.36209E+06
3.00000E-01	2.35955E+01	3.33428E+06
3.00000E-01	2.38764E+01	3.30646E+06
3.00000E-01	2.41573E+01	3.27837E+06
3.00000E-01	2.44382E+01	3.24922E+06
3.00000E-01	2.47191E+01	3.21980E+06
3.00000E-01	2.50000E+01	3.19046E+06
4.00000E-01	0.00000E+00	4.99541E+06
4.00000E-01	2.80899E-01	3.94020E+06
4.00000E-01	5.61798E-01	3.75453E+06
4.00000E-01	8.42697E-01	3.72475E+06
4.00000E-01	1.12360E+00	3.85590E+06
4.00000E-01	1.40449E+00	4.11404E+06
4.00000E-01	1.68539E+00	4.45645E+06
4.00000E-01	1.96629E+00	4.84459E+06
4.00000E-01	2.24719E+00	5.22410E+06
4.00000E-01	2.52809E+00	5.36320E+06
4.00000E-01	2.80899E+00	5.44598E+06
4.00000E-01	3.08989E+00	5.54787E+06
4.00000E-01	3.37079E+00	5.52456E+06
4.00000E-01	3.65169E+00	5.27698E+06
4.00000E-01	3.93258E+00	4.92870E+06
4.00000E-01	4.21348E+00	4.56918E+06
4.00000E-01	4.49438E+00	4.23591E+06
4.00000E-01	4.77528E+00	3.93910E+06
4.00000E-01	5.05618E+00	3.67753E+06
4.00000E-01	5.33708E+00	3.44950E+06
4.00000E-01	5.61798E+00	3.24989E+06
4.00000E-01	5.89888E+00	3.07749E+06
4.00000E-01	6.17978E+00	2.92785E+06
4.00000E-01	6.46067E+00	2.79982E+06
4.00000E-01	6.74157E+00	2.69092E+06
4.00000E-01	7.02247E+00	2.59968E+06
4.00000E-01	7.30337E+00	2.52526E+06
4.00000E-01	7.58427E+00	2.46524E+06
4.00000E-01	7.86517E+00	2.42087E+06
4.00000E-01	8.14607E+00	2.38852E+06
4.00000E-01	8.42697E+00	2.36998E+06
4.00000E-01	8.70787E+00	2.36069E+06
4.00000E-01	8.98876E+00	2.36258E+06
4.00000E-01	9.26966E+00	2.37165E+06
4.00000E-01	9.55056E+00	2.38962E+06
4.00000E-01	9.83146E+00	2.41393E+06
4.00000E-01	1.01124E+01	2.44529E+06
4.00000E-01	1.03933E+01	2.48122E+06
4.00000E-01	1.06742E+01	2.52233E+06
4.00000E-01	1.09551E+01	2.56744E+06
4.00000E-01	1.12360E+01	2.61621E+06
4.00000E-01	1.15169E+01	2.66822E+06
4.00000E-01	1.17978E+01	2.72220E+06
4.00000E-01	1.20787E+01	2.77923E+06
4.00000E-01	1.23596E+01	2.83739E+06
4.00000E-01	1.26404E+01	2.89704E+06
4.00000E-01	1.29213E+01	2.95673E+06
4.00000E-01	1.32022E+01	3.01765E+06
4.00000E-01	1.34831E+01	3.07751E+06
4.00000E-01	1.37640E+01	3.13657E+06
4.00000E-01	1.40449E+01	3.19615E+06
4.00000E-01	1.43258E+01	3.25225E+06
4.00000E-01	1.46067E+01	3.30365E+06
4.00000E-01	1.48876E+01	3.35481E+06
4.00000E-01	1.51685E+01	3.40249E+06
4.00000E-01	1.54494E+01	3.44547E+06
4.00000E-01	1.57303E+01	3.48644E+06
4.00000E-01	1.60112E+01	3.52438E+06
4.00000E-01	1.62921E+01	3.55543E+06
4.00000E-01	1.65730E+01	3.58107E+06
4.00000E-01	1.68539E+01	3.60427E+06
4.00000E-01	1.71348E+01	3.62361E+06
4.00000E-01	1.74157E+01	3.63855E+06
4.00000E-01	1.76966E+01	3.65064E+06
4.00000E-01	1.79775E+01	3.66058E+06
4.00000E-01	1.82584E+01	3.66556E+06
4.00000E-01	1.85393E+01	3.66586E+06
4.00000E-01	1.88202E+01	3.66377E+06
4.00000E-01	1.91011E+01	3.65932E+06
4.00000E-01	1.93820E+01	3.65179E+06
4.00000E-01	1.96629E+01	3.64203E+06
4.00000E-01	1.99438E+01	3.63092E+06
4.00000E-01	2.02247E+01	3.61768E+06
4.00000E-01	2.05056E+01	3.60263E+06
4.00000E-01	2.07865E+01	3.58607E+06
4.00000E-01	2.10674E+01	3.56618E+06
4.00000E-01	2.13483E+01	3.54398E+06
4.00000E-01	2.16292E+01	3.52044E+06
4.00000E-01	2.19101E+01	3.49589E+06
4.00000E-01	2.21910E+01	3.47029E+06
4.00000E-01	2.24719E+01	3.44392E+06
4.00000E-01	2.27528E+01	3.41697E+06
4.00000E-01	2.30337E+01	3.38974E+06
4.00000E-01	2.33146E+01	3.36208E+06
4.00000E-01	2.35955E+01	3.33427E+06
4.00000E-01	2.38764E+01	3.30645E+06
4.00000E-01	2.41573E+01	3.27835E+06
4.00000E-01	2.44382E+01	3.24921E+06
4.00000E-01	2.47191E+01	3.21979E+06
4.00000E-01	2.50000E+01	3.19045E+06
5.00000E-01	0.00000E+00	4.77183E+06
5.00000E-01	2.80899E-01	3.93410E+06
5.00000E-01	5.61798E-01	3.75107E+06
5.00000E-01	8.42697E-01	3.72775E+06
5.00000E-01	1.12360E+00	3.86007E+06
5.00000E-01	1.40449E+00	4.11819E+06
5.00000E-01	1.68539E+00	4.45991E+06
5.00000E-01	1.96629E+00	4.84790E+06
5.00000E-01	2.24719E+00	5.22103E+06
5.00000E-01	2.52809E+00	5.36337E+06
5.00000E-01	2.80899E+00	5.44711E+06
5.00000E-01	3.08989E+00	5.54670E+06
5.00000E-01	3.37079E+00	5.52096E+06
5.00000E-01	3.65169E+00	5.27477E+06
5.00000E-01	3.93258E+00	4.92764E+06
5.00000E-01	4.21348E+00	4.56871E+06
5.00000E-01	4.49438E+00	4.23567E+06
5.00000E-01	4.77528E+00	3.93897E+06
5.00000E-01	5.05618E+00	3.67752E+06
5.00000E-01	5.33708E+00	3.44948E+06
5.00000E-01	5.61798E+00	3.24998E+06
5.00000E-01	5.89888E+00	3.07753E+06
5.00000E-01	6.17978E+00	2.92794E+06
5.00000E-01	6.46067E+00	2.79989E+06
5.00000E-01	6.74157E+00	2.69100E+06
5.00000E-01	7.02247E+00	2.59978E+06
5.00000E-01	7.30337E+00	2.52536E+06
5.00000E-01	7.58427E+00	2.46542E+06
5.00000E-01	7.86517E+00	2.42098E+06
5.00000E-01	8.14607E+00	2.38876E+06
5.00000E-01	8.42697E+00	2.37009E+06
5.00000E-01	8.70787E+00	2.36087E+06
5.00000E-01	8.98876E+00	2.36268E+06
5.00000E-01	9.26966E+00	2.37182E+06
5.00000E-01	9.55056E+00	2.38974E+06
5.00000E-01	9.83146E+00	2.41409E+06
5.00000E-01	1.01124E+01	2.44539E+06
5.00000E-01	1.03933E+01	2.48136E+06
5.00000E-01	1.06742E+01	2.52244E+06
5.00000E-01	1.09551E+01	2.56755E+06
5.00000E-01	1.12360E+01	2.61632E+06
5.00000E-01	1.15169E+01	2.66830E+06
5.00000E-01	1.17978E+01	2.72232E+06
5.00000E-01	1.20787E+01	2.77929E+06
5.00000E-01	1.23596E+01	2.83750E+06
5.00000E-01	1.26404E+01	2.89710E+06
5.00000E-01	1.29213E+01	2.95682E+06
5.00000E-01	1.32022E+01	3.01769E+06
5.00000E-01	1.34831E+01	3.07756E+06
5.00000E-01	1.37640E+01	3.13665E+06
5.00000E-01	1.40449E+01	3.19615E+06
5.00000E-01	1.43258E+01	3.25224E+06
5.00000E-01	1.46067E+01	3.30371E+06
5.00000E-01	1.48876E+01	3.35480E+06
5.00000E-01	1.51685E+01	3.40247E+06
5.00000E-01	1.54494E+01	3.44549E+06
5.00000E-01	1.57303E+01	3.48645E+06
5.00000E-01	1.60112E+01	3.52432E+06
5.00000E-01	1.62921E+01	3.55537E+06
5.00000E-01	1.65730E+01	3.58106E+06
5.00000E-01	1.68539E+01	3.60423E+06
5.00000E-01	1.71348E+01	3.62357E+06
5.00000E-01	1.74157E+01	3.63853E+06
5.00000E-01	1.76966E+01	3.65063E+06
5.00000E-01	1.79775E+01	3.66052E+06
5.00000E-01	1.82584E+01	3.66550E+06
5.00000E-01	1.85393E+01	3.66583E+06
5.00000E-01	1.88202E+01	3.66374E+06
5.00000E-01	1.91011E+01	3.65928E+06
5.00000E-01	1.93820E+01	3.65176E+06
5.00000E-01	1.96629E+01	3.64201E+06
5.00000E-01	1.99438E+01	3.63088E+06
5.00000E-01	2.02247E+01	3.61765E+06
5.00000E-01	2.05056E+01	3.60261E+06
5.00000E-01	2.07865E+01	3.58601E+06
5.00000E-01	2.10674E+01	3.56614E+06
5.00000E-01	2.13483E+01	3.54396E+06
5.00000E-01	2.16292E+01	3.52042E+06
5.00000E-01	2.19101E+01	3.49586E+06
5.00000E-01	2.21910E+01	3.47027E+06
5.00000E-01	2.24719E+01	3.44390E+06
5.00000E-01	2.27528E+01	3.41696E+06
5.00000E-01	2.30337E+01	3.38972E+06
5.00000E-01	2.33146E+01	3.36207E+06
5.00000E-01	2.35955E+01	3.33426E+06
5.00000E-01	2.38764E+01	3.30644E+06
5.00000E-01	2.41573E+01	3.27832E+06
5.00000E-01	2.44382E+01	3.24919E+06
5.00000E-01	2.47191E+01	3.21978E+06
5.00000E-01	2.50000E+01	3.19044E+06
6.00000E-01	0.00000E+00	4.60833E+06
6.00000E-01	2.80899E-01	3.93826E+06
6.00000E-01	5.61798E-01	3.74586E+06
6.00000E-01	8.42697E-01	3.73068E+06
6.00000E-01	1.12360E+00	3.86484E+06
6.00000E-01	1.40449E+00	4.12304E+06
6.00000E-01	1.68539E+00	4.46405E+06
6.00000E-01	1.96629E+00	4.85157E+06
6.00000E-01	2.24719E+00	5.21780E+06
6.00000E-01	2.52809E+00	5.36346E+06
6.00000E-01	2.80899E+00	5.44835E+06
6.00000E-01	3.08989E+00	5.54517E+06
6.00000E-01	3.37079E+00	5.51661E+06
6.00000E-01	3.65169E+00	5.27206E+06
6.00000E-01	3.93258E+00	4.92632E+06
6.00000E-01	4.21348E+00	4.56812E+06
6.00000E-01	4.49438E+00	4.23539E+06
6.00000E-01	4.77528E+00	3.93882E+06
6.00000E-01	5.05618E+00	3.67749E+06
6.00000E-01	5.33708E+00	3.44945E+06
6.00000E-01	5.61798E+00	3.25006E+06
6.00000E-01	5.89888E+00	3.07757E+06
6.00000E-01	6.17978E+00	2.92804E+06
6.00000E-01	6.46067E+00	2.79999E+06
6.00000E-01	6.74157E+00	2.69111E+06
6.00000E-01	7.02247E+00	2.59991E+06
6.00000E-01	7.30337E+00	2.52548E+06
6.00000E-01	7.58427E+00	2.46564E+06
6.00000E-01	7.86517E+00	2.42113E+06
6.00000E-01	8.14607E+00	2.38902E+06
6.00000E-01	8.42697E+00	2.37022E+06
6.00000E-01	8.70787E+00	2.36110E+06
6.00000E-01	8.98876E+00	2.36282E+06
6.00000E-01	9.26966E+00	2.37202E+06
6.00000E-01	9.55056E+00	2.38989E+06
6.00000E-01	9.83146E+00	2.41428E+06
6.00000E-01	1.01124E+01	2.44552E+06
6.00000E-01	1.03933E+01	2.48152E+06
6.00000E-01	1.06742E+01	2.52257E+06
6.00000E-01	1.09551E+01	2.56769E+06
6.00000E-01	1.12360E+01	2.61646E+06
6.00000E-01	1.15169E+01	2.66840E+06
6.00000E-01	1.17978E+01	2.72246E+06
6.00000E-01	1.20787E+01	2.77938E+06
6.00000E-01	1.23596E+01	2.83762E+06
6.00000E-01	1.26404E+01	2.89718E+06
6.00000E-01	1.29213E+01	2.95693E+06
6.00000E-01	1.32022E+01	3.01774E+06
6.00000E-01	1.34831E+01	3.07762E+06
6.00000E-01	1.37640E+01	3.13673E+06
6.00000E-01	1.40449E+01	3.19616E+06
6.00000E-01	1.43258E+01	3.25221E+06
6.00000E-01	1.46067E+01	3.30378E+06
6.00000E-01	1.48876E+01	3.35478E+06
6.00000E-01	1.51685E+01	3.40244E+06
6.00000E-01	1.54494E+01	3.44551E+06
6.00000E-01	1.57303E+01	3.48646E+06
6.00000E-01	1.60112E+01	3.52425E+06
6.00000E-01	1.62921E+01	3.55530E+06
6.00000E-01	1.65730E+01	3.58105E+06
6.00000E-01	1.68539E+01	3.60418E+06
6.00000E-01	1.71348E+01	3.62352E+06
6.00000E-01	1.74157E+01	3.63851E+06
6.00000E-01	1.76966E+01	3.65062E+06
6.00000E-01	1.79775E+01	3.66045E+06
6.00000E-01	1.82584E+01	3.66543E+06
6.00000E-01	1.85393E+01	3.66580E+06
6.00000E-01	1.88202E+01	3.66370E+06
6.00000E-01	1.91011E+01	3.65923E+06
6.00000E-01	1.93820E+01	3.65172E+06
6.00000E-01	1.96629E+01	3.64199E+06
6.00000E-01	1.99438E+01	3.63084E+06
6.00000E-01	2.02247E+01	3.61761E+06
6.00000E-01	2.05056E+01	3.60259E+06
6.00000E-01	2.07865E+01	3.58594E+06
6.00000E-01	2.10674E+01	3.56609E+06
6.00000E-01	2.13483E+01	3.54392E+06
6.00000E-01	2.16292E+01	3.52039E+06
6.00000E-01	2.19101E+01	3.49583E+06
6.00000E-01	2.21910E+01	3.47024E+06
6.00000E-01	2.24719E+01	3.44388E+06
6.00000E-01	2.27528E+01	3.41695E+06
6.00000E-01	2.30337E+01	3.38970E+06
6.00000E-01	2.33146E+01	3.36205E+06
6.00000E-01	2.35955E+01	3.33425E+06
6.00000E-01	2.38764E+01	3.30642E+06
6.00000E-01	2.41573E+01	3.27829E+06
6.00000E-01	2.44382E+01	3.24918E+06
6.00000E-01	2.47191E+01	3.21977E+06
6.00000E-01	2.50000E+01	3.19043E+06
7.00000E-01	0.00000E+00	4.48314E+06
7.00000E-01	2.80899E-01	3.94360E+06
7.00000E-01	5.61798E-01	3.74038E+06
7.00000E-01	8.42697E-01	3.73332E+06
7.00000E-01	1.12360E+00	3.87007E+06
7.00000E-01	1.40449E+00	4.12852E+06
7.00000E-01	1.68539E+00	4.46883E+06
7.00000E-01	1.96629E+00	4.85545E+06
7.00000E-01	2.24719E+00	5.21450E+06
7.00000E-01	2.52809E+00	5.36346E+06
7.00000E-01	2.80899E+00	5.44965E+06
7.00000E-01	3.08989E+00	5.54324E+06
7.00000E-01	3.37079E+00	5.51156E+06
7.00000E-01	3.65169E+00	5.26884E+06
7.00000E-01	3.93258E+00	4.92475E+06
7.00000E-01	4.21348E+00	4.56740E+06
7.00000E-01	4.49438E+00	4.23505E+06
7.00000E-01	4.77528E+00	3.93863E+06
7.00000E-01	5.05618E+00	3.67744E+06
7.00000E-01	5.33708E+00	3.44941E+06
7.00000E-01	5.61798E+00	3.25013E+06
7.00000E-01	5.89888E+00	3.07762E+06
7.00000E-01	6.17978E+00	2.92815E+06
7.00000E-01	6.46067E+00	2.80010E+06
7.00000E-01	6.74157E+00	2.69125E+06
7.00000E-01	7.02247E+00	2.60008E+06
7.00000E-01	7.30337E+00	2.52563E+06
7.00000E-01	7.58427E+00	2.46588E+06
7.00000E-01	7.86517E+00	2.42131E+06
7.00000E-01	8.14607E+00	2.38930E+06
7.00000E-01	8.42697E+00	2.37039E+06
7.00000E-01	8.70787E+00	2.36135E+06
7.00000E-01	8.98876E+00	2.36298E+06
7.00000E-01	9.26966E+00	2.37225E+06
7.00000E-01	9.55056E+00	2.39007E+06
7.00000E-01	9.83146E+00	2.41450E+06
7.00000E-01	1.01124E+01	2.44568E+06
7.00000E-01	1.03933E+01	2.48171E+06
7.00000E-01	1.06742E+01	2.52273E+06
7.00000E-01	1.09551E+01	2.56785E+06
7.00000E-01	1.12360E+01	2.61662E+06
7.00000E-01	1.15169E+01	2.66852E+06
7.00000E-01	1.17978E+01	2.72263E+06
7.00000E-01	1.20787E+01	2.77949E+06
7.00000E-01	1.23596E+01	2.83775E+06
7.00000E-01	1.26404E+01	2.89727E+06
7.00000E-01	1.29213E+01	2.95706E+06
7.00000E-01	1.32022E+01	3.01781E+06
7.00000E-01	1.34831E+01	3.07769E+06
7.00000E-01	1.37640E+01	3.13683E+06
7.00000E-01	1.40449E+01	3.19617E+06
7.00000E-01	1.43258E+01	3.25219E+06
7.00000E-01	1.46067E+01	3.30386E+06
7.00000E-01	1.48876E+01	3.35478E+06
7.00000E-01	1.51685E+01	3.40240E+06
7.00000E-01	1.54494E+01	3.44553E+06
7.00000E-01	1.57303E+01	3.48646E+06
7.00000E-01	1.60112E+01	3.52416E+06
7.00000E-01	1.62921E+01	3.55523E+06
7.00000E-01	1.65730E+01	3.58103E+06
7.00000E-01	1.68539E+01	3.60413E+06
7.00000E-01	1.71348E+01	3.62346E+06
7.00000E-01	1.74157E+01	3.63848E+06
7.00000E-01	1.76966E+01	3.65060E+06
7.00000E-01	1.79775E+01	3.66036E+06
7.00000E-01	1.82584E+01	3.66535E+06
7.00000E-01	1.85393E+01	3.66576E+06
7.00000E-01	1.88202E+01	3.66366E+06
7.00000E-01	1.91011E+01	3.65917E+06
7.00000E-01	1.93820E+01	3.65168E+06
7.00000E-01	1.96629E+01	3.64197E+06
7.00000E-01	1.99438E+01	3.63079E+06
7.00000E-01	2.02247E+01	3.61757E+06
7.00000E-01	2.05056E+01	3.60255E+06
7.00000E-01	2.07865E+01	3.58586E+06
7.00000E-01	2.10674E+01	3.56604E+06
7.00000E-01	2.13483E+01	3.54389E+06
7.00000E-01	2.16292E+01	3.52036E+06
7.00000E-01	2.19101E+01	3.49580E+06
7.00000E-01	2.21910E+01	3.47022E+06
7.00000E-01	2.24719E+01	3.44385E+06
7.00000E-01	2.27528E+01	3.41693E+06
7.00000E-01	2.30337E+01	3.38967E+06
7.00000E-01	2.33146E+01	3.36204E+06
7.00000E-01	2.35955E+01	3.33424E+06
7.00000E-01	2.38764E+01	3.30640E+06
7.00000E-01	2.41573E+01	3.27825E+06
7.00000E-01	2.44382E+01	3.24916E+06
7.00000E-01	2.47191E+01	3.21976E+06
7.00000E-01	2.50000E+01	3.19041E+06
8.00000E-01	0.00000E+00	4.38406E+06
8.00000E-01	2.80899E-01	3.94239E+06
8.00000E-01	5.61798E-01	3.73662E+06
8.00000E-01	8.42697E-01	3.73564E+06
8.00000E-01	1.12360E+00	3.87566E+06
8.00000E-01	1.40449E+00	4.13456E+06
8.00000E-01	1.68539E+00	4.47421E+06
8.00000E-01	1.96629E+00	4.85944E+06
8.00000E-01	2.24719E+00	5.21121E+06
8.00000E-01	2.52809E+00	5.36333E+06
8.00000E-01	2.80899E+00	5.45094E+06
8.00000E-01	3.08989E+00	5.54091E+06
8.00000E-01	3.37079E+00	5.50588E+06
8.00000E-01	3.65169E+00	5.26513E+06
8.00000E-01	3.93258E+00	4.92289E+06
8.00000E-01	4.21348E+00	4.56655E+06
8.00000E-01	4.49438E+00	4.23465E+06
8.00000E-01	4.77528E+00	3.93842E+06
8.00000E-01	5.05618E+00	3.67737E+06
8.00000E-01	5.33708E+00	3.44937E+06
8.00000E-01	5.61798E+00	3.25020E+06
8.00000E-01	5.89888E+00	3.07768E+06
8.00000E-01	6.17978E+00	2.92828E+06
8.00000E-01	6.46067E+00	2.80023E+06
8.00000E-01	6.74157E+00	2.69141E+06
8.00000E-01	7.02247E+00	2.60027E+06
8.00000E-01	7.30337E+00	2.52581E+06
8.00000E-01	7.58427E+00	2.46615E+06
8.00000E-01	7.86517E+00	2.42152E+06
8.00000E-01	8.14607E+00	2.38961E+06
8.00000E-01	8.42697E+00	2.37059E+06
8.00000E-01	8.70787E+00	2.36163E+06
8.00000E-01	8.98876E+00	2.36318E+06
8.00000E-01	9.26966E+00	2.37251E+06
8.00000E-01	9.55056E+00	2.39028E+06
8.00000E-01	9.83146E+00	2.41475E+06
8.00000E-01	1.01124E+01	2.44587E+06
8.00000E-01	1.03933E+01	2.48192E+06
8.00000E-01	1.06742E+01	2.52292E+06
8.00000E-01	1.09551E+01	2.56804E+06
8.00000E-01	1.12360E+01	2.61681E+06
8.00000E-01	1.15169E+01	2.66867E+06
8.00000E-01	1.17978E+01	2.72281E+06
8.00000E-01	1.20787E+01	2.77962E+06
8.00000E-01	1.23596E+01	2.83790E+06
8.00000E-01	1.26404E+01	2.89738E+06
8.00000E-01	1.29213E+01	2.95719E+06
8.00000E-01	1.32022E+01	3.01789E+06
8.00000E-01	1.34831E+01	3.07777E+06
8.00000E-01	1.37640E+01	3.13694E+06
8.00000E-01	1.40449E+01	3.19618E+06
8.00000E-01	1.43258E+01	3.25217E+06
8.00000E-01	1.46067E+01	3.30394E+06
8.00000E-01	1.48876E+01	3.35477E+06
8.00000E-01	1.51685E+01	3.40237E+06
8.00000E-01	1.54494E+01	3.44556E+06
8.00000E-01	1.57303E+01	3.48646E+06
8.00000E-01	1.60112E+01	3.52406E+06
8.00000E-01	1.62921E+01	3.55514E+06
8.00000E-01	1.65730E+01	3.58101E+06
8.00000E-01	1.68539E+01	3.60407E+06
8.00000E-01	1.71348E+01	3.62339E+06
8.00000E-01	1.74157E+01	3.63844E+06
8.00000E-01	1.76966E+01	3.65057E+06
8.00000E-01	1.79775E+01	3.66026E+06
8.00000E-01	1.82584E+01	3.66525E+06
8.00000E-01	1.85393E+01	3.66571E+06
8.00000E-01	1.88202E+01	3.66361E+06
8.00000E-01	1.91011E+01	3.65911E+06
8.00000E-01	1.93820E+01	3.65163E+06
8.00000E-01	1.96629E+01	3.64194E+06
8.00000E-01	1.99438E+01	3.63074E+06
8.00000E-01	2.02247E+01	3.61753E+06
8.00000E-01	2.05056E+01	3.60251E+06
8.00000E-01	2.07865E+01	3.58577E+06
8.00000E-01	2.10674E+01	3.56597E+06
8.00000E-01	2.13483E+01	3.54384E+06
8.00000E-01	2.16292E+01	3.52032E+06
8.00000E-01	2.19101E+01	3.49576E+06
8.00000E-01	2.21910E+01	3.47018E+06
8.00000E-01	2.24719E+01	3.44382E+06
8.00000E-01	2.27528E+01	3.41690E+06
8.00000E-01	2.30337E+01	3.38965E+06
8.00000E-01	2.33146E+01	3.36202E+06
8.00000E-01	2.35955E+01	3.33422E+06
8.00000E-01	2.38764E+01	3.30638E+06
8.00000E-01	2.41573E+01	3.27821E+06
8.00000E-01	2.44382E+01	3.24913E+06
8.00000E-01	2.47191E+01	3.21974E+06
8.00000E-01	2.50000E+01	3.19040E+06
9.00000E-01	0.00000E+00	4.30369E+06
9.00000E-01	2.80899E-01	3.93268E+06
9.00000E-01	5.61798E-01	3.73610E+06
9.00000E-01	8.42697E-01	3.73788E+06
9.00000E-01	1.12360E+00	3.88150E+06
9.00000E-01	1.40449E+00	4.14110E+06
9.00000E-01	1.68539E+00	4.48012E+06
9.00000E-01	1.96629E+00	4.86343E+06
9.00000E-01	2.24719E+00	5.20795E+06
9.00000E-01	2.52809E+00	5.36306E+06
9.00000E-01	2.80899E+00	5.45215E+06
9.00000E-01	3.08989E+00	5.53817E+06
9.00000E-01	3.37079E+00	5.49961E+06
9.00000E-01	3.65169E+00	5.26090E+06
9.00000E-01	3.93258E+00	4.92076E+06
9.00000E-01	4.21348E+00	4.56556E+06
9.00000E-01	4.49438E+00	4.23418E+06
9.00000E-01	4.77528E+00	3.93816E+06
9.00000E-01	5.05618E+00	3.67728E+06
9.00000E-01	5.33708E+00	3.44932E+06
9.00000E-01	5.61798E+00	3.25026E+06
9.00000E-01	5.89888E+00	3.07774E+06
9.00000E-01	6.17978E+00	2.92841E+06
9.00000E-01	6.46067E+00	2.80038E+06
9.00000E-01	6.74157E+00	2.69159E+06
9.00000E-01	7.02247E+00	2.60049E+06
9.00000E-01	7.30337E+00	2.52603E+06
9.00000E-01	7.58427E+00	2.46644E+06
9.00000E-01	7.86517E+00	2.42176E+06
9.00000E-01	8.14607E+00	2.38993E+06
9.00000E-01	8.42697E+00	2.37083E+06
9.00000E-01	8.70787E+00	2.36194E+06
9.00000E-01	8.98876E+00	2.36341E+06
9.00000E-01	9.26966E+00	2.37280E+06
9.00000E-01	9.55056E+00	2.39052E+06
9.00000E-01	9.83146E+00	2.41502E+06
9.00000E-01	1.01124E+01	2.44608E+06
9.00000E-01	1.03933E+01	2.48216E+06
9.00000E-01	1.06742E+01	2.52314E+06
9.00000E-01	1.09551E+01	2.56825E+06
9.00000E-01	1.12360E+01	2.61701E+06
9.00000E-01	1.15169E+01	2.66884E+06
9.00000E-01	1.17978E+01	2.72302E+06
9.00000E-01	1.20787E+01	2.77977E+06
9.00000E-01	1.23596E+01	2.83806E+06
9.00000E-01	1.26404E+01	2.89751E+06
9.00000E-01	1.29213E+01	2.95734E+06
9.00000E-01	1.32022E+01	3.01798E+06
9.00000E-01	1.34831E+01	3.07786E+06
9.00000E-01	1.37640E+01	3.13706E+06
9.00000E-01	1.40449E+01	3.19620E+06
9.00000E-01	1.43258E+01	3.25215E+06
9.00000E-01	1.46067E+01	3.30402E+06
9.00000E-01	1.48876E+01	3.35477E+06
9.00000E-01	1.51685E+01	3.40233E+06
9.00000E-01	1.54494E+01	3.44558E+06
9.00000E-01	1.57303E+01	3.48645E+06
9.00000E-01	1.60112E+01	3.52395E+06
9.00000E-01	1.62921E+01	3.55505E+06
9.00000E-01	1.65730E+01	3.58099E+06
9.00000E-01	1.68539E+01	3.60401E+06
9.00000E-01	1.71348E+01	3.62331E+06
9.00000E-01	1.74157E+01	3.63840E+06
9.00000E-01	1.76966E+01	3.65054E+06
9.00000E-01	1.79775E+01	3.66016E+06
9.00000E-01	1.82584E+01	3.66515E+06
9.00000E-01	1.85393E+01	3.66566E+06
9.00000E-01	1.88202E+01	3.66356E+06
9.00000E-01	1.91011E+01	3.65903E+06
9.00000E-01	1.93820E+01	3.65157E+06
9.00000E-01	1.96629E+01	3.64190E+06
9.00000E-01	1.99438E+01	3.63068E+06
9.00000E-01	2.02247E+01	3.61748E+06
9.00000E-01	2.05056E+01	3.60246E+06
9.00000E-01	2.07865E+01	3.58567E+06
9.00000E-01	2.10674E+01	3.56590E+06
9.00000E-01	2.13483E+01	3.54379E+06
9.00000E-01	2.16292E+01	3.52028E+06
9.00000E-01	2.19101E+01	3.49571E+06
9.00000E-01	2.21910E+01	3.47014E+06
9.00000E-01	2.24719E+01	3.44379E+06
9.00000E-01	2.27528E+01	3.41688E+06
9.00000E-01	2.30337E+01	3.38962E+06
9.00000E-01	2.33146E+01	3.36199E+06
9.00000E-01	2.35955E+01	3.33420E+06
9.00000E-01	2.38764E+01	3.30635E+06
9.00000E-01	2.41573E+01	3.27816E+06
9.00000E-01	2.44382E+01	3.24910E+06
9.00000E-01	2.47191E+01	3.21972E+06
9.00000E-01	2.50000E+01	3.19038E+06
1.00000E+00	0.00000E+00	4.23727E+06
1.00000E+00	2.80899E-01	3.91673E+06
1.00000E+00	5.61798E-01	3.73937E+06
1.00000E+00	8.42697E-01	3.74049E+06
1.00000E+00	1.12360E+00	3.88755E+06
1.00000E+00	1.40449E+00	4.14805E+06
1.00000E+00	1.68539E+00	4.48647E+06
1.00000E+00	1.96629E+00	4.86735E+06
1.00000E+00	2.24719E+00	5.20476E+06
1.00000E+00	2.52809E+00	5.36264E+06
1.00000E+00	2.80899E+00	5.45320E+06
1.00000E+00	3.08989E+00	5.53501E+06
1.00000E+00	3.37079E+00	5.49280E+06
1.00000E+00	3.65169E+00	5.25618E+06
1.00000E+00	3.93258E+00	4.91833E+06
1.00000E+00	4.21348E+00	4.56441E+06
1.00000E+00	4.49438E+00	4.23363E+06
1.00000E+00	4.77528E+00	3.93787E+06
1.00000E+00	5.05618E+00	3.67717E+06
1.00000E+00	5.33708E+00	3.44927E+06
1.00000E+00	5.61798E+00	3.25031E+06
1.00000E+00	5.89888E+00	3.07781E+06
1.00000E+00	6.17978E+00	2.92855E+06
1.00000E+00	6.46067E+00	2.80054E+06
1.00000E+00	6.74157E+00	2.69179E+06
1.00000E+00	7.02247E+00	2.60074E+06
1.00000E+00	7.30337E+00	2.52627E+06
1.00000E+00	7.58427E+00	2.46676E+06
1.00000E+00	7.86517E+00	2.42205E+06
1.00000E+00	8.14607E+00	2.39028E+06
1.00000E+00	8.42697E+00	2.37110E+06
1.00000E+00	8.70787E+00	2.36227E+06
1.00000E+00	8.98876E+00	2.36368E+06
1.00000E+00	9.26966E+00	2.37311E+06
1.00000E+00	9.55056E+00	2.39080E+06
1.00000E+00	9.83146E+00	2.41531E+06
1.00000E+00	1.01124E+01	2.44633E+06
1.00000E+00	1.03933E+01	2.48243E+06
1.00000E+00	1.06742E+01	2.52338E+06
1.00000E+00	1.09551E+01	2.56849E+06
1.00000E+00	1.12360E+01	2.61724E+06
1.00000E+00	1.15169E+01	2.66904E+06
1.00000E+00	1.17978E+01	2.72324E+06
1.00000E+00	1.20787E+01	2.77995E+06
1.00000E+00	1.23596E+01	2.83824E+06
1.00000E+00	1.26404E+01	2.89765E+06
1.00000E+00	1.29213E+01	2.95751E+06
1.00000E+00	1.32022E+01	3.01808E+06
1.00000E+00	1.34831E+01	3.07797E+06
1.00000E+00	1.37640E+01	3.13719E+06
1.00000E+00	1.40449E+01	3.19623E+06
1.00000E+00	1.43258E+01	3.25214E+06
1.00000E+00	1.46067E+01	3.30410E+06
1.00000E+00	1.48876E+01	3.35477E+06
1.00000E+00	1.51685E+01	3.40229E+06
1.00000E+00	1.54494E+01	3.44559E+06
1.00000E+00	1.57303E+01	3.48643E+06
1.00000E+00	1.60112E+01	3.52383E+06
1.00000E+00	1.62921E+01	3.55496E+06
1.00000E+00	1.65730E+01	3.58096E+06
1.00000E+00	1.68539E+01	3.60395E+06
1.00000E+00	1.71348E+01	3.62323E+06
1.00000E+00	1.74157E+01	3.63834E+06
1.00000E+00	1.76966E+01	3.65050E+06
1.00000E+00	1.79775E+01	3.66004E+06
1.00000E+00	1.82584E+01	3.66503E+06
1.00000E+00	1.85393E+01	3.66559E+06
1.00000E+00	1.88202E+01	3.66350E+06
1.00000E+00	1.91011E+01	3.65895E+06
1.00000E+00	1.93820E+01	3.65151E+06
1.00000E+00	1.96629E+01	3.64185E+06
1.00000E+00	1.99438E+01	3.63062E+06
1.00000E+00	2.02247E+01	3.61742E+06
1.00000E+00	2.05056E+01	3.60240E+06
1.00000E+00	2.07865E+01	3.58557E+06
1.00000E+00	2.10674E+01	3.56582E+06
1.00000E+00	2.13483E+01	3.54373E+06
1.00000E+00	2.16292E+01	3.52023E+06
1.00000E+00	2.19101E+01	3.49566E+06
1.00000E+00	2.21910E+01	3.47010E+06
1.00000E+00	2.24719E+01	3.44375E+06
1.00000E+00	2.27528E+01	3.41684E+06
1.00000E+00	2.30337E+01	3.38959E+06
1.00000E+00	2.33146E+01	3.36197E+06
1.00000E+00	2.35955E+01	3.33418E+06
1.00000E+00	2.38764E+01	3.30632E+06
1.00000E+00	2.41573E+01	3.27811E+06
1.00000E+00	2.44382E+01	3.24907E+06
1.00000E+00	2.47191E+01	3.21970E+06
1.00000E+00	2.50000E+01	3.19035E+06
1.50000E+00	0.00000E+00	4.02958E+06
1.50000E+00	2.80899E-01	3.83849E+06
1.50000E+00	5.61798E-01	3.78398E+06
1.50000E+00	8.42697E-01	3.77683E+06
1.50000E+00	1.12360E+00	3.92478E+06
1.50000E+00	1.40449E+00	4.18773E+06
1.50000E+00	1.68539E+00	4.52204E+06
1.50000E+00	1.96629E+00	4.88472E+06
1.50000E+00	2.24719E+00	5.19007E+06
1.50000E+00	2.52809E+00	5.35773E+06
1.50000E+00	2.80899E+00	5.45389E+06
1.50000E+00	3.08989E+00	5.51286E+06
1.50000E+00	3.37079E+00	5.45210E+06
1.50000E+00	3.65169E+00	5.22553E+06
1.50000E+00	3.93258E+00	4.90148E+06
1.50000E+00	4.21348E+00	4.55611E+06
1.50000E+00	4.49438E+00	4.22955E+06
1.50000E+00	4.77528E+00	3.93571E+06
1.50000E+00	5.05618E+00	3.67616E+06
1.50000E+00	5.33708E+00	3.44883E+06
1.50000E+00	5.61798E+00	3.25047E+06
1.50000E+00	5.89888E+00	3.07825E+06
1.50000E+00	6.17978E+00	2.92935E+06
1.50000E+00	6.46067E+00	2.80159E+06
1.50000E+00	6.74157E+00	2.69309E+06
1.50000E+00	7.02247E+00	2.60227E+06
1.50000E+00	7.30337E+00	2.52791E+06
1.50000E+00	7.58427E+00	2.46871E+06
1.50000E+00	7.86517E+00	2.42396E+06
1.50000E+00	8.14607E+00	2.39239E+06
1.50000E+00	8.42697E+00	2.37302E+06
1.50000E+00	8.70787E+00	2.36434E+06
1.50000E+00	8.98876E+00	2.36551E+06
1.50000E+00	9.26966E+00	2.37509E+06
1.50000E+00	9.55056E+00	2.39263E+06
1.50000E+00	9.83146E+00	2.41717E+06
1.50000E+00	1.01124E+01	2.44800E+06
1.50000E+00	1.03933E+01	2.48410E+06
1.50000E+00	1.06742E+01	2.52497E+06
1.50000E+00	1.09551E+01	2.57001E+06
1.50000E+00	1.12360E+01	2.61869E+06
1.50000E+00	1.15169E+01	2.67038E+06
1.50000E+00	1.17978E+01	2.72460E+06
1.50000E+00	1.20787E+01	2.78114E+06
1.50000E+00	1.23596E+01	2.83936E+06
1.50000E+00	1.26404E+01	2.89863E+06
1.50000E+00	1.29213E+01	2.95850E+06
1.50000E+00	1.32022E+01	3.01882E+06
1.50000E+00	1.34831E+01	3.07867E+06
1.50000E+00	1.37640E+01	3.13791E+06
1.50000E+00	1.40449E+01	3.19643E+06
1.50000E+00	1.43258E+01	3.25214E+06
1.50000E+00	1.46067E+01	3.30447E+06
1.50000E+00	1.48876E+01	3.35480E+06
1.50000E+00	1.51685E+01	3.40210E+06
1.50000E+00	1.54494E+01	3.44562E+06
1.50000E+00	1.57303E+01	3.48624E+06
1.50000E+00	1.60112E+01	3.52313E+06
1.50000E+00	1.62921E+01	3.55436E+06
1.50000E+00	1.65730E+01	3.58067E+06
1.50000E+00	1.68539E+01	3.60352E+06
1.50000E+00	1.71348E+01	3.62270E+06
1.50000E+00	1.74157E+01	3.63797E+06
1.50000E+00	1.76966E+01	3.65014E+06
1.50000E+00	1.79775E+01	3.65934E+06
1.50000E+00	1.82584E+01	3.66431E+06
1.50000E+00	1.85393E+01	3.66513E+06
1.50000E+00	1.88202E+01	3.66306E+06
1.50000E+00	1.91011E+01	3.65843E+06
1.50000E+00	1.93820E+01	3.65108E+06
1.50000E+00	1.96629E+01	3.64152E+06
1.50000E+00	1.99438E+01	3.63021E+06
1.50000E+00	2.02247E+01	3.61701E+06
1.50000E+00	2.05056E+01	3.60197E+06
1.50000E+00	2.07865E+01	3.58495E+06
1.50000E+00	2.10674E+01	3.56528E+06
1.50000E+00	2.13483E+01	3.54333E+06
1.50000E+00	2.16292E+01	3.51989E+06
1.50000E+00	2.19101E+01	3.49534E+06
1.50000E+00	2.21910E+01	3.46981E+06
1.50000E+00	2.24719E+01	3.44350E+06
1.50000E+00	2.27528E+01	3.41663E+06
1.50000E+00	2.30337E+01	3.38937E+06
1.50000E+00	2.33146E+01	3.36179E+06
1.50000E+00	2.35955E+01	3.33401E+06
1.50000E+00	2.38764E+01	3.30611E+06
1.50000E+00	2.41573E+01	3.27782E+06
1.50000E+00	2.44382E+01	3.24886E+06
1.50000E+00	2.47191E+01	3.21955E+06
1.50000E+00	2.50000E+01	3.19020E+06
2.00000E+00	0.00000E+00	3.93348E+06
2.00000E+00	2.80899E-01	3.82435E+06
2.00000E+00	5.61798E-01	3.81281E+06
2.00000E+00	8.42697E-01	3.85614E+06
2.00000E+00	1.12360E+00	3.99056E+06
2.00000E+00	1.40449E+00	4.23963E+06
2.00000E+00	1.68539E+00	4.56000E+06
2.00000E+00	1.96629E+00	4.89748E+06
2.00000E+00	2.24719E+00	5.17651E+06
2.00000E+00	2.52809E+00	5.34687E+06
2.00000E+00	2.80899E+00	5.44313E+06
2.00000E+00	3.08989E+00	5.47993E+06
2.00000E+00	3.37079E+00	5.40270E+06
2.00000E+00	3.65169E+00	5.18471E+06
2.00000E+00	3.93258E+00	4.87654E+06
2.00000E+00	4.21348E+00	4.54277E+06
2.00000E+00	4.49438E+00	4.22265E+06
2.00000E+00	4.77528E+00	3.93204E+06
2.00000E+00	5.05618E+00	3.67427E+06
2.00000E+00	5.33708E+00	3.44799E+06
2.00000E+00	5.61798E+00	3.25041E+06
2.00000E+00	5.89888E+00	3.07873E+06
2.00000E+00	6.17978E+00	2.93032E+06
2.00000E+00	6.46067E+00	2.80296E+06
2.00000E+00	6.74157E+00	2.69481E+06
2.00000E+00	7.02247E+00	2.60432E+06
2.00000E+00	7.30337E+00	2.53020E+06
2.00000E+00	7.58427E+00	2.47128E+06
2.00000E+00	7.86517E+00	2.42664E+06
2.00000E+00	8.14607E+00	2.39517E+06
2.00000E+00	8.42697E+00	2.37574E+06
2.00000E+00	8.70787E+00	2.36708E+06
2.00000E+00	8.98876E+00	2.36813E+06
2.00000E+00	9.26966E+00	2.37774E+06
2.00000E+00	9.55056E+00	2.39520E+06
2.00000E+00	9.83146E+00	2.41967E+06
2.00000E+00	1.01124E+01	2.45036E+06
2.00000E+00	1.03933E+01	2.48640E+06
2.00000E+00	1.06742E+01	2.52717E+06
2.00000E+00	1.09551E+01	2.57212E+06
2.00000E+00	1.12360E+01	2.62068E+06
2.00000E+00	1.15169E+01	2.67227E+06
2.00000E+00	1.17978E+01	2.72643E+06
2.00000E+00	1.20787E+01	2.78282E+06
2.00000E+00	1.23596E+01	2.84088E+06
2.00000E+00	1.26404E+01	2.90001E+06
2.00000E+00	1.29213E+01	2.95979E+06
2.00000E+00	1.32022E+01	3.01989E+06
2.00000E+00	1.34831E+01	3.07964E+06
2.00000E+00	1.37640E+01	3.13875E+06
2.00000E+00	1.40449E+01	3.19679E+06
2.00000E+00	1.43258E+01	3.25229E+06
2.00000E+00	1.46067E+01	3.30478E+06
2.00000E+00	1.48876E+01	3.35486E+06
2.00000E+00	1.51685E+01	3.40194E+06
2.00000E+00	1.54494E+01	3.44551E+06
2.00000E+00	1.57303E+01	3.48587E+06
2.00000E+00	1.60112E+01	3.52231E+06
2.00000E+00	1.62921E+01	3.55359E+06
2.00000E+00	1.65730E+01	3.58013E+06
2.00000E+00	1.68539E+01	3.60292E+06
2.00000E+00	1.71348E+01	3.62202E+06
2.00000E+00	1.74157E+01	3.63739E+06
2.00000E+00	1.76966E+01	3.64953E+06
2.00000E+00	1.79775E+01	3.65844E+06
2.00000E+00	1.82584E+01	3.66338E+06
2.00000E+00	1.85393E+01	3.66441E+06
2.00000E+00	1.88202E+01	3.66240E+06
2.00000E+00	1.91011E+01	3.65774E+06
2.00000E+00	1.93820E+01	3.65047E+06
2.00000E+00	1.96629E+01	3.64099E+06
2.00000E+00	1.99438E+01	3.62964E+06
2.00000E+00	2.02247E+01	3.61643E+06
2.00000E+00	2.05056E+01	3.60132E+06
2.00000E+00	2.07865E+01	3.58415E+06
2.00000E+00	2.10674E+01	3.56454E+06
2.00000E+00	2.13483E+01	3.54275E+06
2.00000E+00	2.16292E+01	3.51940E+06
2.00000E+00	2.19101E+01	3.49489E+06
2.00000E+00	2.21910E+01	3.46941E+06
2.00000E+00	2.24719E+01	3.44314E+06
2.00000E+00	2.27528E+01	3.41631E+06
2.00000E+00	2.30337E+01	3.38908E+06
2.00000E+00	2.33146E+01	3.36152E+06
2.00000E+00	2.35955E+01	3.33375E+06
2.00000E+00	2.38764E+01	3.30579E+06
2.00000E+00	2.41573E+01	3.27745E+06
2.00000E+00	2.44382E+01	3.24855E+06
2.00000E+00	2.47191E+01	3.21931E+06
2.00000E+00	2.50000E+01	3.18999E+06
2.50000E+00	0.00000E+00	3.89864E+06
2.50000E+00	2.80899E-01	3.84211E+06
2.50000E+00	5.61798E-01	3.84046E+06
2.50000E+00	8.42697E-01	3.94270E+06
2.50000E+00	1.12360E+00	4.08624E+06
2.50000E+00	1.40449E+00	4.31220E+06
2.50000E+00	1.68539E+00	4.60389E+06
2.50000E+00	1.96629E+00	4.90895E+06
2.50000E+00	2.24719E+00	5.16282E+06
2.50000E+00	2.52809E+00	5.32846E+06
2.50000E+00	2.80899E+00	5.41894E+06
2.50000E+00	3.08989E+00	5.43639E+06
2.50000E+00	3.37079E+00	5.34631E+06
2.50000E+00	3.65169E+00	5.13581E+06
2.50000E+00	3.93258E+00	4.84383E+06
2.50000E+00	4.21348E+00	4.52372E+06
2.50000E+00	4.49438E+00	4.21216E+06
2.50000E+00	4.77528E+00	3.92630E+06
2.50000E+00	5.05618E+00	3.67120E+06
2.50000E+00	5.33708E+00	3.44652E+06
2.50000E+00	5.61798E+00	3.25004E+06
2.50000E+00	5.89888E+00	3.07916E+06
2.50000E+00	6.17978E+00	2.93140E+06
2.50000E+00	6.46067E+00	2.80459E+06
2.50000E+00	6.74157E+00	2.69691E+06
2.50000E+00	7.02247E+00	2.60683E+06
2.50000E+00	7.30337E+00	2.53306E+06
2.50000E+00	7.58427E+00	2.47445E+06
2.50000E+00	7.86517E+00	2.43000E+06
2.50000E+00	8.14607E+00	2.39863E+06
2.50000E+00	8.42697E+00	2.37920E+06
2.50000E+00	8.70787E+00	2.37052E+06
2.50000E+00	8.98876E+00	2.37149E+06
2.50000E+00	9.26966E+00	2.38108E+06
2.50000E+00	9.55056E+00	2.39845E+06
2.50000E+00	9.83146E+00	2.42282E+06
2.50000E+00	1.01124E+01	2.45337E+06
2.50000E+00	1.03933E+01	2.48930E+06
2.50000E+00	1.06742E+01	2.52996E+06
2.50000E+00	1.09551E+01	2.57479E+06
2.50000E+00	1.12360E+01	2.62321E+06
2.50000E+00	1.15169E+01	2.67467E+06
2.50000E+00	1.17978E+01	2.72872E+06
2.50000E+00	1.20787E+01	2.78494E+06
2.50000E+00	1.23596E+01	2.84281E+06
2.50000E+00	1.26404E+01	2.90177E+06
2.50000E+00	1.29213E+01	2.96140E+06
2.50000E+00	1.32022E+01	3.02126E+06
2.50000E+00	1.34831E+01	3.08083E+06
2.50000E+00	1.37640E+01	3.13971E+06
2.50000E+00	1.40449E+01	3.19731E+06
2.50000E+00	1.43258E+01	3.25257E+06
2.50000E+00	1.46067E+01	3.30505E+06
2.50000E+00	1.48876E+01	3.35491E+06
2.50000E+00	1.51685E+01	3.40178E+06
2.50000E+00	1.54494E+01	3.44526E+06
2.50000E+00	1.57303E+01	3.48534E+06
2.50000E+00	1.60112E+01	3.52140E+06
2.50000E+00	1.62921E+01	3.55266E+06
2.50000E+00	1.65730E+01	3.57934E+06
2.50000E+00	1.68539E+01	3.60212E+06
2.50000E+00	1.71348E+01	3.62117E+06
2.50000E+00	1.74157E+01	3.63658E+06
2.50000E+00	1.76966E+01	3.64865E+06
2.50000E+00	1.79775E+01	3.65735E+06
2.50000E+00	1.82584E+01	3.66225E+06
2.50000E+00	1.85393E+01	3.66344E+06
2.50000E+00	1.88202E+01	3.66151E+06
2.50000E+00	1.91011E+01	3.65687E+06
2.50000E+00	1.93820E+01	3.64968E+06
2.50000E+00	1.96629E+01	3.64026E+06
2.50000E+00	1.99438E+01	3.62890E+06
2.50000E+00	2.02247E+01	3.61565E+06
2.50000E+00	2.05056E+01	3.60046E+06
2.50000E+00	2.07865E+01	3.58319E+06
2.50000E+00	2.10674E+01	3.56362E+06
2.50000E+00	2.13483E+01	3.54198E+06
2.50000E+00	2.16292E+01	3.51874E+06
2.50000E+00	2.19101E+01	3.49430E+06
2.50000E+00	2.21910E+01	3.46887E+06
2.50000E+00	2.24719E+01	3.44267E+06
2.50000E+00	2.27528E+01	3.41589E+06
2.50000E+00	2.30337E+01	3.38869E+06
2.50000E+00	2.33146E+01	3.36116E+06
2.50000E+00	2.35955E+01	3.33339E+06
2.50000E+00	2.38764E+01	3.30539E+06
2.50000E+00	2.41573E+01	3.27700E+06
2.50000E+00	2.44382E+01	3.24816E+06
2.50000E+00	2.47191E+01	3.21899E+06
2.50000E+00	2.50000E+01	3.18971E+06
3.00000E+00	0.00000E+00	3.90553E+06
3.00000E+00	2.80899E-01	3.88394E+06
3.00000E+00	5.61798E-01	3.89355E+06
3.00000E+00	8.42697E-01	4.02049E+06
3.00000E+00	1.12360E+00	4.19000E+06
3.00000E+00	1.40449E+00	4.40150E+06
3.00000E+00	1.68539E+00	4.65853E+06
3.00000E+00	1.96629E+00	4.92512E+06
3.00000E+00	2.24719E+00	5.15038E+06
3.00000E+00	2.52809E+00	5.30320E+06
3.00000E+00	2.80899E+00	5.38255E+06
3.00000E+00	3.08989E+00	5.38328E+06
3.00000E+00	3.37079E+00	5.28387E+06
3.00000E+00	3.65169E+00	5.08041E+06
3.00000E+00	3.93258E+00	4.80413E+06
3.00000E+00	4.21348E+00	4.49877E+06
3.00000E+00	4.49438E+00	4.19751E+06
3.00000E+00	4.77528E+00	3.91793E+06
3.00000E+00	5.05618E+00	3.66655E+06
3.00000E+00	5.33708E+00	3.44417E+06
3.00000E+00	5.61798E+00	3.24921E+06
3.00000E+00	5.89888E+00	3.07942E+06
3.00000E+00	6.17978E+00	2.93252E+06
3.00000E+00	6.46067E+00	2.80641E+06
3.00000E+00	6.74157E+00	2.69934E+06
3.00000E+00	7.02247E+00	2.60978E+06
3.00000E+00	7.30337E+00	2.53645E+06
3.00000E+00	7.58427E+00	2.47819E+06
3.00000E+00	7.86517E+00	2.43398E+06
3.00000E+00	8.14607E+00	2.40274E+06
3.00000E+00	8.42697E+00	2.38333E+06
3.00000E+00	8.70787E+00	2.37463E+06
3.00000E+00	8.98876E+00	2.37555E+06
3.00000E+00	9.26966E+00	2.38508E+06
3.00000E+00	9.55056E+00	2.40237E+06
3.00000E+00	9.83146E+00	2.42661E+06
3.00000E+00	1.01124E+01	2.45701E+06
3.00000E+00	1.03933E+01	2.49280E+06
3.00000E+00	1.06742E+01	2.53333E+06
3.00000E+00	1.09551E+01	2.57801E+06
3.00000E+00	1.12360E+01	2.62626E+06
3.00000E+00	1.15169E+01	2.67757E+06
3.00000E+00	1.17978E+01	2.73146E+06
3.00000E+00	1.20787E+01	2.78748E+06
3.00000E+00	1.23596E+01	2.84513E+06
3.00000E+00	1.26404E+01	2.90389E+06
3.00000E+00	1.29213E+01	2.96330E+06
3.00000E+00	1.32022E+01	3.02291E+06
3.00000E+00	1.34831E+01	3.08223E+06
3.00000E+00	1.37640E+01	3.14079E+06
3.00000E+00	1.40449E+01	3.19797E+06
3.00000E+00	1.43258E+01	3.25296E+06
3.00000E+00	1.46067E+01	3.30531E+06
3.00000E+00	1.48876E+01	3.35495E+06
3.00000E+00	1.51685E+01	3.40157E+06
3.00000E+00	1.54494E+01	3.44487E+06
3.00000E+00	1.57303E+01	3.48464E+06
3.00000E+00	1.60112E+01	3.52038E+06
3.00000E+00	1.62921E+01	3.55158E+06
3.00000E+00	1.65730E+01	3.57834E+06
3.00000E+00	1.68539E+01	3.60111E+06
3.00000E+00	1.71348E+01	3.62013E+06
3.00000E+00	1.74157E+01	3.63554E+06
3.00000E+00	1.76966E+01	3.64753E+06
3.00000E+00	1.79775E+01	3.65607E+06
3.00000E+00	1.82584E+01	3.66094E+06
3.00000E+00	1.85393E+01	3.66224E+06
3.00000E+00	1.88202E+01	3.66040E+06
3.00000E+00	1.91011E+01	3.65581E+06
3.00000E+00	1.93820E+01	3.64869E+06
3.00000E+00	1.96629E+01	3.63933E+06
3.00000E+00	1.99438E+01	3.62797E+06
3.00000E+00	2.02247E+01	3.61467E+06
3.00000E+00	2.05056E+01	3.59941E+06
3.00000E+00	2.07865E+01	3.58206E+06
3.00000E+00	2.10674E+01	3.56254E+06
3.00000E+00	2.13483E+01	3.54103E+06
3.00000E+00	2.16292E+01	3.51792E+06
3.00000E+00	2.19101E+01	3.49356E+06
3.00000E+00	2.21910E+01	3.46822E+06
3.00000E+00	2.24719E+01	3.44209E+06
3.00000E+00	2.27528E+01	3.41537E+06
3.00000E+00	2.30337E+01	3.38820E+06
3.00000E+00	2.33146E+01	3.36070E+06
3.00000E+00	2.35955E+01	3.33293E+06
3.00000E+00	2.38764E+01	3.30489E+06
3.00000E+00	2.41573E+01	3.27649E+06
3.00000E+00	2.44382E+01	3.24768E+06
3.00000E+00	2.47191E+01	3.21858E+06
3.00000E+00	2.50000E+01	3.18935E+06
3.50000E+00	0.00000E+00	3.94237E+06
3.50000E+00	2.80899E-01	3.94531E+06
3.50000E+00	5.61798E-01	3.97293E+06
3.50000E+00	8.42697E-01	4.09605E+06
3.50000E+00	1.12360E+00	4.28478E+06
3.50000E+00	1.40449E+00	4.49351E+06
3.50000E+00	1.68539E+00	4.72102E+06
3.50000E+00	1.96629E+00	4.94866E+06
3.50000E+00	2.24719E+00	5.14160E+06
3.50000E+00	2.52809E+00	5.27415E+06
3.50000E+00	2.80899E+00	5.33755E+06
3.50000E+00	3.08989E+00	5.32292E+06
3.50000E+00	3.37079E+00	5.21662E+06
3.50000E+00	3.65169E+00	5.01988E+06
3.50000E+00	3.93258E+00	4.75842E+06
3.50000E+00	4.21348E+00	4.46816E+06
3.50000E+00	4.49438E+00	4.17842E+06
3.50000E+00	4.77528E+00	3.90650E+06
3.50000E+00	5.05618E+00	3.65995E+06
3.50000E+00	5.33708E+00	3.44063E+06
3.50000E+00	5.61798E+00	3.24771E+06
3.50000E+00	5.89888E+00	3.07938E+06
3.50000E+00	6.17978E+00	2.93358E+06
3.50000E+00	6.46067E+00	2.80837E+06
3.50000E+00	6.74157E+00	2.70204E+06
3.50000E+00	7.02247E+00	2.61311E+06
3.50000E+00	7.30337E+00	2.54030E+06
3.50000E+00	7.58427E+00	2.48246E+06
3.50000E+00	7.86517E+00	2.43854E+06
3.50000E+00	8.14607E+00	2.40746E+06
3.50000E+00	8.42697E+00	2.38811E+06
3.50000E+00	8.70787E+00	2.37940E+06
3.50000E+00	8.98876E+00	2.38026E+06
3.50000E+00	9.26966E+00	2.38972E+06
3.50000E+00	9.55056E+00	2.40691E+06
3.50000E+00	9.83146E+00	2.43102E+06
3.50000E+00	1.01124E+01	2.46126E+06
3.50000E+00	1.03933E+01	2.49689E+06
3.50000E+00	1.06742E+01	2.53725E+06
3.50000E+00	1.09551E+01	2.58175E+06
3.50000E+00	1.12360E+01	2.62983E+06
3.50000E+00	1.15169E+01	2.68095E+06
3.50000E+00	1.17978E+01	2.73464E+06
3.50000E+00	1.20787E+01	2.79043E+06
3.50000E+00	1.23596E+01	2.84783E+06
3.50000E+00	1.26404E+01	2.90634E+06
3.50000E+00	1.29213E+01	2.96548E+06
3.50000E+00	1.32022E+01	3.02480E+06
3.50000E+00	1.34831E+01	3.08381E+06
3.50000E+00	1.37640E+01	3.14200E+06
3.50000E+00	1.40449E+01	3.19877E+06
3.50000E+00	1.43258E+01	3.25344E+06
3.50000E+00	1.46067E+01	3.30557E+06
3.50000E+00	1.48876E+01	3.35495E+06
3.50000E+00	1.51685E+01	3.40131E+06
3.50000E+00	1.54494E+01	3.44436E+06
3.50000E+00	1.57303E+01	3.48381E+06
3.50000E+00	1.60112E+01	3.51926E+06
3.50000E+00	1.62921E+01	3.55035E+06
3.50000E+00	1.65730E+01	3.57712E+06
3.50000E+00	1.68539E+01	3.59989E+06
3.50000E+00	1.71348E+01	3.61888E+06
3.50000E+00	1.74157E+01	3.63427E+06
3.50000E+00	1.76966E+01	3.64617E+06
3.50000E+00	1.79775E+01	3.65459E+06
3.50000E+00	1.82584E+01	3.65943E+06
3.50000E+00	1.85393E+01	3.66081E+06
3.50000E+00	1.88202E+01	3.65907E+06
3.50000E+00	1.91011E+01	3.65454E+06
3.50000E+00	1.93820E+01	3.64750E+06
3.50000E+00	1.96629E+01	3.63819E+06
3.50000E+00	1.99438E+01	3.62682E+06
3.50000E+00	2.02247E+01	3.61349E+06
3.50000E+00	2.05056E+01	3.59816E+06
3.50000E+00	2.07865E+01	3.58077E+06
3.50000E+00	2.10674E+01	3.56130E+06
3.50000E+00	2.13483E+01	3.53991E+06
3.50000E+00	2.16292E+01	3.51693E+06
3.50000E+00	2.19101E+01	3.49268E+06
3.50000E+00	2.21910E+01	3.46743E+06
3.50000E+00	2.24719E+01	3.44138E+06
3.50000E+00	2.27528E+01	3.41473E+06
3.50000E+00	2.30337E+01	3.38761E+06
3.50000E+00	2.33146E+01	3.36014E+06
3.50000E+00	2.35955E+01	3.33237E+06
3.50000E+00	2.38764E+01	3.30431E+06
3.50000E+00	2.41573E+01	3.27590E+06
3.50000E+00	2.44382E+01	3.24713E+06
3.50000E+00	2.47191E+01	3.21810E+06
3.50000E+00	2.50000E+01	3.18893E+06
4.00000E+00	0.00000E+00	3.99995E+06
4.00000E+00	2.80899E-01	4.02046E+06
4.00000E+00	5.61798E-01	4.06437E+06
4.00000E+00	8.42697E-01	4.17552E+06
4.00000E+00	1.12360E+00	4.36666E+06
4.00000E+00	1.40449E+00	4.57574E+06
4.00000E+00	1.68539E+00	4.78290E+06
4.00000E+00	1.96629E+00	4.97678E+06
4.00000E+00	2.24719E+00	5.13692E+06
4.00000E+00	2.52809E+00	5.24443E+06
4.00000E+00	2.80899E+00	5.28824E+06
4.00000E+00	3.08989E+00	5.25851E+06
4.00000E+00	3.37079E+00	5.14642E+06
4.00000E+00	3.65169E+00	4.95576E+06
4.00000E+00	3.93258E+00	4.70794E+06
4.00000E+00	4.21348E+00	4.43249E+06
4.00000E+00	4.49438E+00	4.15496E+06
4.00000E+00	4.77528E+00	3.89178E+06
4.00000E+00	5.05618E+00	3.65108E+06
4.00000E+00	5.33708E+00	3.43563E+06
4.00000E+00	5.61798E+00	3.24535E+06
4.00000E+00	5.89888E+00	3.07888E+06
4.00000E+00	6.17978E+00	2.93449E+06
4.00000E+00	6.46067E+00	2.81038E+06
4.00000E+00	6.74157E+00	2.70496E+06
4.00000E+00	7.02247E+00	2.61678E+06
4.00000E+00	7.30337E+00	2.54458E+06
4.00000E+00	7.58427E+00	2.48722E+06
4.00000E+00	7.86517E+00	2.44363E+06
4.00000E+00	8.14607E+00	2.41274E+06
4.00000E+00	8.42697E+00	2.39349E+06
4.00000E+00	8.70787E+00	2.38479E+06
4.00000E+00	8.98876E+00	2.38561E+06
4.00000E+00	9.26966E+00	2.39499E+06
4.00000E+00	9.55056E+00	2.41206E+06
4.00000E+00	9.83146E+00	2.43602E+06
4.00000E+00	1.01124E+01	2.46609E+06
4.00000E+00	1.03933E+01	2.50154E+06
4.00000E+00	1.06742E+01	2.54171E+06
4.00000E+00	1.09551E+01	2.58601E+06
4.00000E+00	1.12360E+01	2.63388E+06
4.00000E+00	1.15169E+01	2.68478E+06
4.00000E+00	1.17978E+01	2.73824E+06
4.00000E+00	1.20787E+01	2.79377E+06
4.00000E+00	1.23596E+01	2.85089E+06
4.00000E+00	1.26404E+01	2.90910E+06
4.00000E+00	1.29213E+01	2.96794E+06
4.00000E+00	1.32022E+01	3.02692E+06
4.00000E+00	1.34831E+01	3.08557E+06
4.00000E+00	1.37640E+01	3.14335E+06
4.00000E+00	1.40449E+01	3.19969E+06
4.00000E+00	1.43258E+01	3.25400E+06
4.00000E+00	1.46067E+01	3.30583E+06
4.00000E+00	1.48876E+01	3.35492E+06
4.00000E+00	1.51685E+01	3.40098E+06
4.00000E+00	1.54494E+01	3.44372E+06
4.00000E+00	1.57303E+01	3.48285E+06
4.00000E+00	1.60112E+01	3.51802E+06
4.00000E+00	1.62921E+01	3.54897E+06
4.00000E+00	1.65730E+01	3.57571E+06
4.00000E+00	1.68539E+01	3.59846E+06
4.00000E+00	1.71348E+01	3.61742E+06
4.00000E+00	1.74157E+01	3.63275E+06
4.00000E+00	1.76966E+01	3.64458E+06
4.00000E+00	1.79775E+01	3.65291E+06
4.00000E+00	1.82584E+01	3.65773E+06
4.00000E+00	1.85393E+01	3.65917E+06
4.00000E+00	1.88202E+01	3.65752E+06
4.00000E+00	1.91011E+01	3.65307E+06
4.00000E+00	1.93820E+01	3.64609E+06
4.00000E+00	1.96629E+01	3.63683E+06
4.00000E+00	1.99438E+01	3.62547E+06
4.00000E+00	2.02247E+01	3.61210E+06
4.00000E+00	2.05056E+01	3.59673E+06
4.00000E+00	2.07865E+01	3.57932E+06
4.00000E+00	2.10674E+01	3.55990E+06
4.00000E+00	2.13483E+01	3.53862E+06
4.00000E+00	2.16292E+01	3.51577E+06
4.00000E+00	2.19101E+01	3.49164E+06
4.00000E+00	2.21910E+01	3.46650E+06
4.00000E+00	2.24719E+01	3.44054E+06
4.00000E+00	2.27528E+01	3.41396E+06
4.00000E+00	2.30337E+01	3.38690E+06
4.00000E+00	2.33146E+01	3.35946E+06
4.00000E+00	2.35955E+01	3.33170E+06
4.00000E+00	2.38764E+01	3.30363E+06
4.00000E+00	2.41573E+01	3.27523E+06
4.00000E+00	2.44382E+01	3.24651E+06
4.00000E+00	2.47191E+01	3.21754E+06
4.00000E+00	2.50000E+01	3.18843E+06
5.00000E+00	0.00000E+00	4.14780E+06
5.00000E+00	2.80899E-01	4.18900E+06
5.00000E+00	5.61798E-01	4.25113E+06
5.00000E+00	8.42697E-01	4.34516E+06
5.00000E+00	1.12360E+00	4.50210E+06
5.00000E+00	1.40449E+00	4.69404E+06
5.00000E+00	1.68539E+00	4.87494E+06
5.00000E+00	1.96629E+00	5.02324E+06
5.00000E+00	2.24719E+00	5.12937E+06
5.00000E+00	2.52809E+00	5.18654E+06
5.00000E+00	2.80899E+00	5.18843E+06
5.00000E+00	3.08989E+00	5.12908E+06
5.00000E+00	3.37079E+00	5.00575E+06
5.00000E+00	3.65169E+00	4.82394E+06
5.00000E+00	3.93258E+00	4.59870E+06
5.00000E+00	4.21348E+00	4.35010E+06
5.00000E+00	4.49438E+00	4.09691E+06
5.00000E+00	4.77528E+00	3.85287E+06
5.00000E+00	5.05618E+00	3.62614E+06
5.00000E+00	5.33708E+00	3.42059E+06
5.00000E+00	5.61798E+00	3.23732E+06
5.00000E+00	5.89888E+00	3.07593E+06
5.00000E+00	6.17978E+00	2.93534E+06
5.00000E+00	6.46067E+00	2.81418E+06
5.00000E+00	6.74157E+00	2.71111E+06
5.00000E+00	7.02247E+00	2.62482E+06
5.00000E+00	7.30337E+00	2.55414E+06
5.00000E+00	7.58427E+00	2.49795E+06
5.00000E+00	7.86517E+00	2.45520E+06
5.00000E+00	8.14607E+00	2.42485E+06
5.00000E+00	8.42697E+00	2.40588E+06
5.00000E+00	8.70787E+00	2.39727E+06
5.00000E+00	8.98876E+00	2.39803E+06
5.00000E+00	9.26966E+00	2.40726E+06
5.00000E+00	9.55056E+00	2.42409E+06
5.00000E+00	9.83146E+00	2.44772E+06
5.00000E+00	1.01124E+01	2.47741E+06
5.00000E+00	1.03933E+01	2.51244E+06
5.00000E+00	1.06742E+01	2.55217E+06
5.00000E+00	1.09551E+01	2.59600E+06
5.00000E+00	1.12360E+01	2.64336E+06
5.00000E+00	1.15169E+01	2.69374E+06
5.00000E+00	1.17978E+01	2.74662E+06
5.00000E+00	1.20787E+01	2.80154E+06
5.00000E+00	1.23596E+01	2.85799E+06
5.00000E+00	1.26404E+01	2.91550E+06
5.00000E+00	1.29213E+01	2.97358E+06
5.00000E+00	1.32022E+01	3.03176E+06
5.00000E+00	1.34831E+01	3.08954E+06
5.00000E+00	1.37640E+01	3.14640E+06
5.00000E+00	1.40449E+01	3.20182E+06
5.00000E+00	1.43258E+01	3.25528E+06
5.00000E+00	1.46067E+01	3.30636E+06
5.00000E+00	1.48876E+01	3.35472E+06
5.00000E+00	1.51685E+01	3.40007E+06
5.00000E+00	1.54494E+01	3.44212E+06
5.00000E+00	1.57303E+01	3.48058E+06
5.00000E+00	1.60112E+01	3.51519E+06
5.00000E+00	1.62921E+01	3.54578E+06
5.00000E+00	1.65730E+01	3.57234E+06
5.00000E+00	1.68539E+01	3.59497E+06
5.00000E+00	1.71348E+01	3.61383E+06
5.00000E+00	1.74157E+01	3.62905E+06
5.00000E+00	1.76966E+01	3.64072E+06
5.00000E+00	1.79775E+01	3.64893E+06
5.00000E+00	1.82584E+01	3.65373E+06
5.00000E+00	1.85393E+01	3.65526E+06
5.00000E+00	1.88202E+01	3.65376E+06
5.00000E+00	1.91011E+01	3.64947E+06
5.00000E+00	1.93820E+01	3.64263E+06
5.00000E+00	1.96629E+01	3.63346E+06
5.00000E+00	1.99438E+01	3.62213E+06
5.00000E+00	2.02247E+01	3.60873E+06
5.00000E+00	2.05056E+01	3.59331E+06
5.00000E+00	2.07865E+01	3.57592E+06
5.00000E+00	2.10674E+01	3.55662E+06
5.00000E+00	2.13483E+01	3.53556E+06
5.00000E+00	2.16292E+01	3.51298E+06
5.00000E+00	2.19101E+01	3.48912E+06
5.00000E+00	2.21910E+01	3.46421E+06
5.00000E+00	2.24719E+01	3.43847E+06
5.00000E+00	2.27528E+01	3.41206E+06
5.00000E+00	2.30337E+01	3.38513E+06
5.00000E+00	2.33146E+01	3.35777E+06
5.00000E+00	2.35955E+01	3.33006E+06
5.00000E+00	2.38764E+01	3.30202E+06
5.00000E+00	2.41573E+01	3.27367E+06
5.00000E+00	2.44382E+01	3.24503E+06
5.00000E+00	2.47191E+01	3.21618E+06
5.00000E+00	2.50000E+01	3.18721E+06
6.00000E+00	0.00000E+00	4.30277E+06
6.00000E+00	2.80899E-01	4.35150E+06
6.00000E+00	5.61798E-01	4.41674E+06
6.00000E+00	8.42697E-01	4.49996E+06
6.00000E+00	1.12360E+00	4.61111E+06
6.00000E+00	1.40449E+00	4.76025E+06
6.00000E+00	1.68539E+00	4.90974E+06
6.00000E+00	1.96629E+00	5.02835E+06
6.00000E+00	2.24719E+00	5.10068E+06
6.00000E+00	2.52809E+00	5.12181E+06
6.00000E+00	2.80899E+00	5.09069E+06
6.00000E+00	3.08989E+00	5.00737E+06
6.00000E+00	3.37079E+00	4.87402E+06
6.00000E+00	3.65169E+00	4.69716E+06
6.00000E+00	3.93258E+00	4.48816E+06
6.00000E+00	4.21348E+00	4.26112E+06
6.00000E+00	4.49438E+00	4.02963E+06
6.00000E+00	4.77528E+00	3.80450E+06
6.00000E+00	5.05618E+00	3.59295E+06
6.00000E+00	5.33708E+00	3.39906E+06
6.00000E+00	5.61798E+00	3.22459E+06
6.00000E+00	5.89888E+00	3.06986E+06
6.00000E+00	6.17978E+00	2.93435E+06
6.00000E+00	6.46067E+00	2.81714E+06
6.00000E+00	6.74157E+00	2.71718E+06
6.00000E+00	7.02247E+00	2.63337E+06
6.00000E+00	7.30337E+00	2.56464E+06
6.00000E+00	7.58427E+00	2.50994E+06
6.00000E+00	7.86517E+00	2.46829E+06
6.00000E+00	8.14607E+00	2.43869E+06
6.00000E+00	8.42697E+00	2.42016E+06
6.00000E+00	8.70787E+00	2.41175E+06
6.00000E+00	8.98876E+00	2.41253E+06
6.00000E+00	9.26966E+00	2.42162E+06
6.00000E+00	9.55056E+00	2.43821E+06
6.00000E+00	9.83146E+00	2.46150E+06
6.00000E+00	1.01124E+01	2.49076E+06
6.00000E+00	1.03933E+01	2.52531E+06
6.00000E+00	1.06742E+01	2.56452E+06
6.00000E+00	1.09551E+01	2.60778E+06
6.00000E+00	1.12360E+01	2.65453E+06
6.00000E+00	1.15169E+01	2.70426E+06
6.00000E+00	1.17978E+01	2.75644E+06
6.00000E+00	1.20787E+01	2.81060E+06
6.00000E+00	1.23596E+01	2.86625E+06
6.00000E+00	1.26404E+01	2.92290E+06
6.00000E+00	1.29213E+01	2.98007E+06
6.00000E+00	1.32022E+01	3.03728E+06
6.00000E+00	1.34831E+01	3.09404E+06
6.00000E+00	1.37640E+01	3.14986E+06
6.00000E+00	1.40449E+01	3.20423E+06
6.00000E+00	1.43258E+01	3.25670E+06
6.00000E+00	1.46067E+01	3.30686E+06
6.00000E+00	1.48876E+01	3.35435E+06
6.00000E+00	1.51685E+01	3.39886E+06
6.00000E+00	1.54494E+01	3.44011E+06
6.00000E+00	1.57303E+01	3.47785E+06
6.00000E+00	1.60112E+01	3.51186E+06
6.00000E+00	1.62921E+01	3.54202E+06
6.00000E+00	1.65730E+01	3.56828E+06
6.00000E+00	1.68539E+01	3.59070E+06
6.00000E+00	1.71348E+01	3.60940E+06
6.00000E+00	1.74157E+01	3.62447E+06
6.00000E+00	1.76966E+01	3.63601E+06
6.00000E+00	1.79775E+01	3.64412E+06
6.00000E+00	1.82584E+01	3.64891E+06
6.00000E+00	1.85393E+01	3.65052E+06
6.00000E+00	1.88202E+01	3.64914E+06
6.00000E+00	1.91011E+01	3.64499E+06
6.00000E+00	1.93820E+01	3.63829E+06
6.00000E+00	1.96629E+01	3.62922E+06
6.00000E+00	1.99438E+01	3.61794E+06
6.00000E+00	2.02247E+01	3.60457E+06
6.00000E+00	2.05056E+01	3.58918E+06
6.00000E+00	2.07865E+01	3.57186E+06
6.00000E+00	2.10674E+01	3.55271E+06
6.00000E+00	2.13483E+01	3.53188E+06
6.00000E+00	2.16292E+01	3.50957E+06
6.00000E+00	2.19101E+01	3.48599E+06
6.00000E+00	2.21910E+01	3.46135E+06
6.00000E+00	2.24719E+01	3.43584E+06
6.00000E+00	2.27528E+01	3.40963E+06
6.00000E+00	2.30337E+01	3.38286E+06
6.00000E+00	2.33146E+01	3.35562E+06
6.00000E+00	2.35955E+01	3.32800E+06
6.00000E+00	2.38764E+01	3.30003E+06
6.00000E+00	2.41573E+01	3.27176E+06
6.00000E+00	2.44382E+01	3.24324E+06
6.00000E+00	2.47191E+01	3.21453E+06
6.00000E+00	2.50000E+01	3.18570E+06
7.00000E+00	0.00000E+00	4.43724E+06
7.00000E+00	2.80899E-01	4.48521E+06
7.00000E+00	5.61798E-01	4.54469E+06
7.00000E+00	8.42697E-01	4.61401E+06
7.00000E+00	1.12360E+00	4.69330E+06
7.00000E+00	1.40449E+00	4.79106E+06
7.00000E+00	1.68539E+00	4.89936E+06
7.00000E+00	1.96629E+00	4.98799E+06
7.00000E+00	2.24719E+00	5.03694E+06
7.00000E+00	2.52809E+00	5.03718E+06
7.00000E+00	2.80899E+00	4.98751E+06
7.00000E+00	3.08989E+00	4.89084E+06
7.00000E+00	3.37079E+00	4.75251E+06
7.00000E+00	3.65169E+00	4.58016E+06
7.00000E+00	3.93258E+00	4.38353E+06
7.00000E+00	4.21348E+00	4.17342E+06
7.00000E+00	4.49438E+00	3.96007E+06
7.00000E+00	4.77528E+00	3.75190E+06
7.00000E+00	5.05618E+00	3.55498E+06
7.00000E+00	5.33708E+00	3.37308E+06
7.00000E+00	5.61798E+00	3.20820E+06
7.00000E+00	5.89888E+00	3.06104E+06
7.00000E+00	6.17978E+00	2.93151E+06
7.00000E+00	6.46067E+00	2.81905E+06
7.00000E+00	6.74157E+00	2.72286E+06
7.00000E+00	7.02247E+00	2.64205E+06
7.00000E+00	7.30337E+00	2.57569E+06
7.00000E+00	7.58427E+00	2.52282E+06
7.00000E+00	7.86517E+00	2.48253E+06
7.00000E+00	8.14607E+00	2.45388E+06
7.00000E+00	8.42697E+00	2.43597E+06
7.00000E+00	8.70787E+00	2.42789E+06
7.00000E+00	8.98876E+00	2.42877E+06
7.00000E+00	9.26966E+00	2.43779E+06
7.00000E+00	9.55056E+00	2.45414E+06
7.00000E+00	9.83146E+00	2.47708E+06
7.00000E+00	1.01124E+01	2.50589E+06
7.00000E+00	1.03933E+01	2.53992E+06
7.00000E+00	1.06742E+01	2.57853E+06
7.00000E+00	1.09551E+01	2.62113E+06
7.00000E+00	1.12360E+01	2.66718E+06
7.00000E+00	1.15169E+01	2.71614E+06
7.00000E+00	1.17978E+01	2.76750E+06
7.00000E+00	1.20787E+01	2.82078E+06
7.00000E+00	1.23596E+01	2.87548E+06
7.00000E+00	1.26404E+01	2.93113E+06
7.00000E+00	1.29213E+01	2.98724E+06
7.00000E+00	1.32022E+01	3.04335E+06
7.00000E+00	1.34831E+01	3.09896E+06
7.00000E+00	1.37640E+01	3.15362E+06
7.00000E+00	1.40449E+01	3.20684E+06
7.00000E+00	1.43258E+01	3.25819E+06
7.00000E+00	1.46067E+01	3.30729E+06
7.00000E+00	1.48876E+01	3.35378E+06
7.00000E+00	1.51685E+01	3.39735E+06
7.00000E+00	1.54494E+01	3.43773E+06
7.00000E+00	1.57303E+01	3.47469E+06
7.00000E+00	1.60112E+01	3.50805E+06
7.00000E+00	1.62921E+01	3.53768E+06
7.00000E+00	1.65730E+01	3.56355E+06
7.00000E+00	1.68539E+01	3.58569E+06
7.00000E+00	1.71348E+01	3.60416E+06
7.00000E+00	1.74157E+01	3.61906E+06
7.00000E+00	1.76966E+01	3.63047E+06
7.00000E+00	1.79775E+01	3.63850E+06
7.00000E+00	1.82584E+01	3.64328E+06
7.00000E+00	1.85393E+01	3.64494E+06
7.00000E+00	1.88202E+01	3.64367E+06
7.00000E+00	1.91011E+01	3.63965E+06
7.00000E+00	1.93820E+01	3.63307E+06
7.00000E+00	1.96629E+01	3.62411E+06
7.00000E+00	1.99438E+01	3.61292E+06
7.00000E+00	2.02247E+01	3.59962E+06
7.00000E+00	2.05056E+01	3.58433E+06
7.00000E+00	2.07865E+01	3.56713E+06
7.00000E+00	2.10674E+01	3.54817E+06
7.00000E+00	2.13483E+01	3.52757E+06
7.00000E+00	2.16292E+01	3.50554E+06
7.00000E+00	2.19101E+01	3.48224E+06
7.00000E+00	2.21910E+01	3.45788E+06
7.00000E+00	2.24719E+01	3.43264E+06
7.00000E+00	2.27528E+01	3.40666E+06
7.00000E+00	2.30337E+01	3.38008E+06
7.00000E+00	2.33146E+01	3.35300E+06
7.00000E+00	2.35955E+01	3.32550E+06
7.00000E+00	2.38764E+01	3.29766E+06
7.00000E+00	2.41573E+01	3.26951E+06
7.00000E+00	2.44382E+01	3.24112E+06
7.00000E+00	2.47191E+01	3.21256E+06
7.00000E+00	2.50000E+01	3.18388E+06
8.00000E+00	0.00000E+00	4.53814E+06
8.00000E+00	2.80899E-01	4.58047E+06
8.00000E+00	5.61798E-01	4.62976E+06
8.00000E+00	8.42697E-01	4.68331E+06
8.00000E+00	1.12360E+00	4.73839E+06
8.00000E+00	1.40449E+00	4.79545E+06
8.00000E+00	1.68539E+00	4.86008E+06
8.00000E+00	1.96629E+00	4.91598E+06
8.00000E+00	2.24719E+00	4.94322E+06
8.00000E+00	2.52809E+00	4.93002E+06
8.00000E+00	2.80899E+00	4.87244E+06
8.00000E+00	3.08989E+00	4.77253E+06
8.00000E+00	3.37079E+00	4.63604E+06
8.00000E+00	3.65169E+00	4.47085E+06
8.00000E+00	3.93258E+00	4.28595E+06
8.00000E+00	4.21348E+00	4.09042E+06
8.00000E+00	4.49438E+00	3.89259E+06
8.00000E+00	4.77528E+00	3.69936E+06
8.00000E+00	5.05618E+00	3.51582E+06
8.00000E+00	5.33708E+00	3.34541E+06
8.00000E+00	5.61798E+00	3.19009E+06
8.00000E+00	5.89888E+00	3.05076E+06
8.00000E+00	6.17978E+00	2.92761E+06
8.00000E+00	6.46067E+00	2.82031E+06
8.00000E+00	6.74157E+00	2.72831E+06
8.00000E+00	7.02247E+00	2.65086E+06
8.00000E+00	7.30337E+00	2.58717E+06
8.00000E+00	7.58427E+00	2.53639E+06
8.00000E+00	7.86517E+00	2.49767E+06
8.00000E+00	8.14607E+00	2.47017E+06
8.00000E+00	8.42697E+00	2.45302E+06
8.00000E+00	8.70787E+00	2.44540E+06
8.00000E+00	8.98876E+00	2.44647E+06
8.00000E+00	9.26966E+00	2.45547E+06
8.00000E+00	9.55056E+00	2.47162E+06
8.00000E+00	9.83146E+00	2.49421E+06
8.00000E+00	1.01124E+01	2.52255E+06
8.00000E+00	1.03933E+01	2.55601E+06
8.00000E+00	1.06742E+01	2.59396E+06
8.00000E+00	1.09551E+01	2.63584E+06
8.00000E+00	1.12360E+01	2.68108E+06
8.00000E+00	1.15169E+01	2.72917E+06
8.00000E+00	1.17978E+01	2.77959E+06
8.00000E+00	1.20787E+01	2.83186E+06
8.00000E+00	1.23596E+01	2.88550E+06
8.00000E+00	1.26404E+01	2.94002E+06
8.00000E+00	1.29213E+01	2.99495E+06
8.00000E+00	1.32022E+01	3.04983E+06
8.00000E+00	1.34831E+01	3.10419E+06
8.00000E+00	1.37640E+01	3.15757E+06
8.00000E+00	1.40449E+01	3.20954E+06
8.00000E+00	1.43258E+01	3.25968E+06
8.00000E+00	1.46067E+01	3.30761E+06
8.00000E+00	1.48876E+01	3.35300E+06
8.00000E+00	1.51685E+01	3.39554E+06
8.00000E+00	1.54494E+01	3.43498E+06
8.00000E+00	1.57303E+01	3.47111E+06
8.00000E+00	1.60112E+01	3.50375E+06
8.00000E+00	1.62921E+01	3.53280E+06
8.00000E+00	1.65730E+01	3.55821E+06
8.00000E+00	1.68539E+01	3.57999E+06
8.00000E+00	1.71348E+01	3.59818E+06
8.00000E+00	1.74157E+01	3.61287E+06
8.00000E+00	1.76966E+01	3.62414E+06
8.00000E+00	1.79775E+01	3.63209E+06
8.00000E+00	1.82584E+01	3.63684E+06
8.00000E+00	1.85393E+01	3.63855E+06
8.00000E+00	1.88202E+01	3.63736E+06
8.00000E+00	1.91011E+01	3.63346E+06
8.00000E+00	1.93820E+01	3.62701E+06
8.00000E+00	1.96629E+01	3.61817E+06
8.00000E+00	1.99438E+01	3.60710E+06
8.00000E+00	2.02247E+01	3.59392E+06
8.00000E+00	2.05056E+01	3.57876E+06
8.00000E+00	2.07865E+01	3.56173E+06
8.00000E+00	2.10674E+01	3.54298E+06
8.00000E+00	2.13483E+01	3.52264E+06
8.00000E+00	2.16292E+01	3.50089E+06
8.00000E+00	2.19101E+01	3.47790E+06
8.00000E+00	2.21910E+01	3.45383E+06
8.00000E+00	2.24719E+01	3.42886E+06
8.00000E+00	2.27528E+01	3.40313E+06
8.00000E+00	2.30337E+01	3.37677E+06
8.00000E+00	2.33146E+01	3.34989E+06
8.00000E+00	2.35955E+01	3.32256E+06
8.00000E+00	2.38764E+01	3.29488E+06
8.00000E+00	2.41573E+01	3.26689E+06
8.00000E+00	2.44382E+01	3.23866E+06
8.00000E+00	2.47191E+01	3.21026E+06
8.00000E+00	2.50000E+01	3.18175E+06
9.00000E+00	0.00000E+00	4.60197E+06
9.00000E+00	2.80899E-01	4.63618E+06
9.00000E+00	5.61798E-01	4.67364E+06
9.00000E+00	8.42697E-01	4.71144E+06
9.00000E+00	1.12360E+00	4.74622E+06
9.00000E+00	1.40449E+00	4.77589E+06
9.00000E+00	1.68539E+00	4.80239E+06
9.00000E+00	1.96629E+00	4.82620E+06
9.00000E+00	2.24719E+00	4.83165E+06
9.00000E+00	2.52809E+00	4.80689E+06
9.00000E+00	2.80899E+00	4.74604E+06
9.00000E+00	3.08989E+00	4.64890E+06
9.00000E+00	3.37079E+00	4.51961E+06
9.00000E+00	3.65169E+00	4.36502E+06
9.00000E+00	3.93258E+00	4.19308E+06
9.00000E+00	4.21348E+00	4.01180E+06
9.00000E+00	4.49438E+00	3.82842E+06
9.00000E+00	4.77528E+00	3.64890E+06
9.00000E+00	5.05618E+00	3.47778E+06
9.00000E+00	5.33708E+00	3.31820E+06
9.00000E+00	5.61798E+00	3.17210E+06
9.00000E+00	5.89888E+00	3.04051E+06
9.00000E+00	6.17978E+00	2.92376E+06
9.00000E+00	6.46067E+00	2.82175E+06
9.00000E+00	6.74157E+00	2.73407E+06
9.00000E+00	7.02247E+00	2.66014E+06
9.00000E+00	7.30337E+00	2.59927E+06
9.00000E+00	7.58427E+00	2.55072E+06
9.00000E+00	7.86517E+00	2.51371E+06
9.00000E+00	8.14607E+00	2.48746E+06
9.00000E+00	8.42697E+00	2.47118E+06
9.00000E+00	8.70787E+00	2.46409E+06
9.00000E+00	8.98876E+00	2.46542E+06
9.00000E+00	9.26966E+00	2.47443E+06
9.00000E+00	9.55056E+00	2.49040E+06
9.00000E+00	9.83146E+00	2.51264E+06
9.00000E+00	1.01124E+01	2.54049E+06
9.00000E+00	1.03933E+01	2.57334E+06
9.00000E+00	1.06742E+01	2.61058E+06
9.00000E+00	1.09551E+01	2.65165E+06
9.00000E+00	1.12360E+01	2.69600E+06
9.00000E+00	1.15169E+01	2.74312E+06
9.00000E+00	1.17978E+01	2.79250E+06
9.00000E+00	1.20787E+01	2.84366E+06
9.00000E+00	1.23596E+01	2.89612E+06
9.00000E+00	1.26404E+01	2.94940E+06
9.00000E+00	1.29213E+01	3.00305E+06
9.00000E+00	1.32022E+01	3.05660E+06
9.00000E+00	1.34831E+01	3.10960E+06
9.00000E+00	1.37640E+01	3.16163E+06
9.00000E+00	1.40449E+01	3.21225E+06
9.00000E+00	1.43258E+01	3.26109E+06
9.00000E+00	1.46067E+01	3.30778E+06
9.00000E+00	1.48876E+01	3.35199E+06
9.00000E+00	1.51685E+01	3.39343E+06
9.00000E+00	1.54494E+01	3.43187E+06
9.00000E+00	1.57303E+01	3.46711E+06
9.00000E+00	1.60112E+01	3.49898E+06
9.00000E+00	1.62921E+01	3.52738E+06
9.00000E+00	1.65730E+01	3.55226E+06
9.00000E+00	1.68539E+01	3.57363E+06
9.00000E+00	1.71348E+01	3.59150E+06
9.00000E+00	1.74157E+01	3.60595E+06
9.00000E+00	1.76966E+01	3.61705E+06
9.00000E+00	1.79775E+01	3.62490E+06
9.00000E+00	1.82584E+01	3.62962E+06
9.00000E+00	1.85393E+01	3.63136E+06
9.00000E+00	1.88202E+01	3.63024E+06
9.00000E+00	1.91011E+01	3.62645E+06
9.00000E+00	1.93820E+01	3.62012E+06
9.00000E+00	1.96629E+01	3.61142E+06
9.00000E+00	1.99438E+01	3.60049E+06
9.00000E+00	2.02247E+01	3.58747E+06
9.00000E+00	2.05056E+01	3.57248E+06
9.00000E+00	2.07865E+01	3.55566E+06
9.00000E+00	2.10674E+01	3.53715E+06
9.00000E+00	2.13483E+01	3.51709E+06
9.00000E+00	2.16292E+01	3.49563E+06
9.00000E+00	2.19101E+01	3.47294E+06
9.00000E+00	2.21910E+01	3.44918E+06
9.00000E+00	2.24719E+01	3.42451E+06
9.00000E+00	2.27528E+01	3.39905E+06
9.00000E+00	2.30337E+01	3.37294E+06
9.00000E+00	2.33146E+01	3.34629E+06
9.00000E+00	2.35955E+01	3.31917E+06
9.00000E+00	2.38764E+01	3.29168E+06
9.00000E+00	2.41573E+01	3.26388E+06
9.00000E+00	2.44382E+01	3.23584E+06
9.00000E+00	2.47191E+01	3.20762E+06
9.00000E+00	2.50000E+01	3.17930E+06
1.00000E+01	0.00000E+00	4.63077E+06
1.00000E+01	2.80899E-01	4.65596E+06
1.00000E+01	5.61798E-01	4.68157E+06
1.00000E+01	8.42697E-01	4.70486E+06
1.00000E+01	1.12360E+00	4.72263E+06
1.00000E+01	1.40449E+00	4.73219E+06
1.00000E+01	1.68539E+00	4.73284E+06
1.00000E+01	1.96629E+00	4.72775E+06
1.00000E+01	2.24719E+00	4.71267E+06
1.00000E+01	2.52809E+00	4.67668E+06
1.00000E+01	2.80899E+00	4.61346E+06
1.00000E+01	3.08989E+00	4.52106E+06
1.00000E+01	3.37079E+00	4.40151E+06
1.00000E+01	3.65169E+00	4.25973E+06
1.00000E+01	3.93258E+00	4.10221E+06
1.00000E+01	4.21348E+00	3.93579E+06
1.00000E+01	4.49438E+00	3.76683E+06
1.00000E+01	4.77528E+00	3.60070E+06
1.00000E+01	5.05618E+00	3.44158E+06
1.00000E+01	5.33708E+00	3.29247E+06
1.00000E+01	5.61798E+00	3.15534E+06
1.00000E+01	5.89888E+00	3.03132E+06
1.00000E+01	6.17978E+00	2.92090E+06
1.00000E+01	6.46067E+00	2.82414E+06
1.00000E+01	6.74157E+00	2.74079E+06
1.00000E+01	7.02247E+00	2.67039E+06
1.00000E+01	7.30337E+00	2.61237E+06
1.00000E+01	7.58427E+00	2.56607E+06
1.00000E+01	7.86517E+00	2.53081E+06
1.00000E+01	8.14607E+00	2.50584E+06
1.00000E+01	8.42697E+00	2.49046E+06
1.00000E+01	8.70787E+00	2.48392E+06
1.00000E+01	8.98876E+00	2.48552E+06
1.00000E+01	9.26966E+00	2.49455E+06
1.00000E+01	9.55056E+00	2.51032E+06
1.00000E+01	9.83146E+00	2.53219E+06
1.00000E+01	1.01124E+01	2.55952E+06
1.00000E+01	1.03933E+01	2.59170E+06
1.00000E+01	1.06742E+01	2.62817E+06
1.00000E+01	1.09551E+01	2.66835E+06
1.00000E+01	1.12360E+01	2.71173E+06
1.00000E+01	1.15169E+01	2.75780E+06
1.00000E+01	1.17978E+01	2.80604E+06
1.00000E+01	1.20787E+01	2.85599E+06
1.00000E+01	1.23596E+01	2.90717E+06
1.00000E+01	1.26404E+01	2.95912E+06
1.00000E+01	1.29213E+01	3.01138E+06
1.00000E+01	1.32022E+01	3.06351E+06
1.00000E+01	1.34831E+01	3.11509E+06
1.00000E+01	1.37640E+01	3.16568E+06
1.00000E+01	1.40449E+01	3.21490E+06
1.00000E+01	1.43258E+01	3.26237E+06
1.00000E+01	1.46067E+01	3.30774E+06
1.00000E+01	1.48876E+01	3.35071E+06
1.00000E+01	1.51685E+01	3.39101E+06
1.00000E+01	1.54494E+01	3.42840E+06
1.00000E+01	1.57303E+01	3.46269E+06
1.00000E+01	1.60112E+01	3.49374E+06
1.00000E+01	1.62921E+01	3.52145E+06
1.00000E+01	1.65730E+01	3.54576E+06
1.00000E+01	1.68539E+01	3.56665E+06
1.00000E+01	1.71348E+01	3.58416E+06
1.00000E+01	1.74157E+01	3.59833E+06
1.00000E+01	1.76966E+01	3.60924E+06
1.00000E+01	1.79775E+01	3.61697E+06
1.00000E+01	1.82584E+01	3.62165E+06
1.00000E+01	1.85393E+01	3.62339E+06
1.00000E+01	1.88202E+01	3.62234E+06
1.00000E+01	1.91011E+01	3.61864E+06
1.00000E+01	1.93820E+01	3.61244E+06
1.00000E+01	1.96629E+01	3.60389E+06
1.00000E+01	1.99438E+01	3.59313E+06
1.00000E+01	2.02247E+01	3.58029E+06
1.00000E+01	2.05056E+01	3.56551E+06
1.00000E+01	2.07865E+01	3.54892E+06
1.00000E+01	2.10674E+01	3.53067E+06
1.00000E+01	2.13483E+01	3.51090E+06
1.00000E+01	2.16292E+01	3.48975E+06
1.00000E+01	2.19101E+01	3.46739E+06
1.00000E+01	2.21910E+01	3.44395E+06
1.00000E+01	2.24719E+01	3.41958E+06
1.00000E+01	2.27528E+01	3.39442E+06
1.00000E+01	2.30337E+01	3.36859E+06
1.00000E+01	2.33146E+01	3.34219E+06
1.00000E+01	2.35955E+01	3.31531E+06
1.00000E+01	2.38764E+01	3.28804E+06
1.00000E+01	2.41573E+01	3.26046E+06
1.00000E+01	2.44382E+01	3.23263E+06
1.00000E+01	2.47191E+01	3.20462E+06
1.00000E+01	2.50000E+01	3.17650E+06
