1.00000E-04	0.00000E+00	9.61533E-01
1.00000E-04	2.80899E-01	5.33022E-01
1.00000E-04	5.61798E-01	5.42294E-01
1.00000E-04	8.42697E-01	6.15945E-01
1.00000E-04	1.12360E+00	7.18116E-01
1.00000E-04	1.40449E+00	8.50237E-01
1.00000E-04	1.68539E+00	9.95416E-01
1.00000E-04	1.96629E+00	1.15061E+00
1.00000E-04	2.24719E+00	1.31167E+00
1.00000E-04	2.52809E+00	1.47021E+00
1.00000E-04	2.80899E+00	1.63682E+00
1.00000E-04	3.08989E+00	1.79856E+00
1.00000E-04	3.37079E+00	1.97401E+00
1.00000E-04	3.65169E+00	2.14885E+00
1.00000E-04	3.93258E+00	2.33343E+00
1.00000E-04	4.21348E+00	2.52667E+00
1.00000E-04	4.49438E+00	2.73197E+00
1.00000E-04	4.77528E+00	2.94377E+00
1.00000E-04	5.05618E+00	3.16119E+00
1.00000E-04	5.33708E+00	3.39521E+00
1.00000E-04	5.61798E+00	3.62640E+00
1.00000E-04	5.89888E+00	3.87327E+00
1.00000E-04	6.17978E+00	4.11248E+00
1.00000E-04	6.46067E+00	4.35686E+00
1.00000E-04	6.74157E+00	4.58974E+00
1.00000E-04	7.02247E+00	4.81832E+00
1.00000E-04	7.30337E+00	5.04608E+00
1.00000E-04	7.58427E+00	5.24737E+00
1.00000E-04	7.86517E+00	5.43069E+00
1.00000E-04	8.14607E+00	5.60850E+00
1.00000E-04	8.42697E+00	5.75630E+00
1.00000E-04	8.70787E+00	5.87421E+00
1.00000E-04	8.98876E+00	5.97611E+00
1.00000E-04	9.26966E+00	6.07145E+00
1.00000E-04	9.55056E+00	6.13385E+00
1.00000E-04	9.83146E+00	6.17753E+00
1.00000E-04	1.01124E+01	6.20737E+00
1.00000E-04	1.03933E+01	6.22286E+00
1.00000E-04	1.06742E+01	6.21743E+00
1.00000E-04	1.09551E+01	6.19843E+00
1.00000E-04	1.12360E+01	6.17764E+00
1.00000E-04	1.15169E+01	6.14152E+00
1.00000E-04	1.17978E+01	6.09469E+00
1.00000E-04	1.20787E+01	6.04558E+00
1.00000E-04	1.23596E+01	5.99260E+00
1.00000E-04	1.26404E+01	5.93120E+00
1.00000E-04	1.29213E+01	5.86716E+00
1.00000E-04	1.32022E+01	5.80361E+00
1.00000E-04	1.34831E+01	5.73731E+00
1.00000E-04	1.37640E+01	5.66820E+00
1.00000E-04	1.40449E+01	5.60023E+00
1.00000E-04	1.43258E+01	5.53105E+00
1.00000E-04	1.46067E+01	5.46205E+00
1.00000E-04	1.48876E+01	5.39047E+00
1.00000E-04	1.51685E+01	5.32025E+00
1.00000E-04	1.54494E+01	5.25126E+00
1.00000E-04	1.57303E+01	5.18134E+00
1.00000E-04	1.60112E+01	5.11041E+00
1.00000E-04	1.62921E+01	5.04172E+00
1.00000E-04	1.65730E+01	4.97432E+00
1.00000E-04	1.68539E+01	4.90564E+00
1.00000E-04	1.71348E+01	4.83850E+00
1.00000E-04	1.74157E+01	4.77208E+00
1.00000E-04	1.76966E+01	4.70736E+00
1.00000E-04	1.79775E+01	4.64308E+00
1.00000E-04	1.82584E+01	4.58068E+00
1.00000E-04	1.85393E+01	4.51835E+00
1.00000E-04	1.88202E+01	4.45750E+00
1.00000E-04	1.91011E+01	4.39768E+00
1.00000E-04	1.93820E+01	4.33878E+00
1.00000E-04	1.96629E+01	4.28219E+00
1.00000E-04	1.99438E+01	4.22636E+00
1.00000E-04	2.02247E+01	4.17034E+00
1.00000E-04	2.05056E+01	4.11596E+00
1.00000E-04	2.07865E+01	4.06367E+00
1.00000E-04	2.10674E+01	4.01030E+00
1.00000E-04	2.13483E+01	3.95955E+00
1.00000E-04	2.16292E+01	3.90896E+00
1.00000E-04	2.19101E+01	3.85960E+00
1.00000E-04	2.21910E+01	3.81124E+00
1.00000E-04	2.24719E+01	3.76352E+00
1.00000E-04	2.27528E+01	3.71633E+00
1.00000E-04	2.30337E+01	3.67061E+00
1.00000E-04	2.33146E+01	3.62487E+00
1.00000E-04	2.35955E+01	3.57975E+00
1.00000E-04	2.38764E+01	3.53574E+00
1.00000E-04	2.41573E+01	3.49287E+00
1.00000E-04	2.44382E+01	3.44979E+00
1.00000E-04	2.47191E+01	3.40808E+00
1.00000E-04	2.50000E+01	3.36663E+00
5.00000E-04	0.00000E+00	9.98159E-01
5.00000E-04	2.80899E-01	6.17082E-01
5.00000E-04	5.61798E-01	6.27896E-01
5.00000E-04	8.42697E-01	7.13268E-01
5.00000E-04	1.12360E+00	8.31271E-01
5.00000E-04	1.40449E+00	9.84440E-01
5.00000E-04	1.68539E+00	1.15254E+00
5.00000E-04	1.96629E+00	1.33223E+00
5.00000E-04	2.24719E+00	1.51871E+00
5.00000E-04	2.52809E+00	1.70227E+00
5.00000E-04	2.80899E+00	1.89519E+00
5.00000E-04	3.08989E+00	2.08263E+00
5.00000E-04	3.37079E+00	2.28561E+00
5.00000E-04	3.65169E+00	2.48799E+00
5.00000E-04	3.93258E+00	2.70181E+00
5.00000E-04	4.21348E+00	2.92457E+00
5.00000E-04	4.49438E+00	3.16320E+00
5.00000E-04	4.77528E+00	3.40843E+00
5.00000E-04	5.05618E+00	3.66020E+00
5.00000E-04	5.33708E+00	3.93113E+00
5.00000E-04	5.61798E+00	4.19881E+00
5.00000E-04	5.89888E+00	4.48462E+00
5.00000E-04	6.17978E+00	4.76162E+00
5.00000E-04	6.46067E+00	5.04458E+00
5.00000E-04	6.74157E+00	5.31421E+00
5.00000E-04	7.02247E+00	5.57888E+00
5.00000E-04	7.30337E+00	5.84283E+00
5.00000E-04	7.58427E+00	6.07566E+00
5.00000E-04	7.86517E+00	6.28791E+00
5.00000E-04	8.14607E+00	6.49379E+00
5.00000E-04	8.42697E+00	6.66492E+00
5.00000E-04	8.70787E+00	6.80144E+00
5.00000E-04	8.98876E+00	6.92102E+00
5.00000E-04	9.26966E+00	7.02981E+00
5.00000E-04	9.55056E+00	7.10207E+00
5.00000E-04	9.83146E+00	7.15263E+00
5.00000E-04	1.01124E+01	7.18719E+00
5.00000E-04	1.03933E+01	7.20465E+00
5.00000E-04	1.06742E+01	7.19883E+00
5.00000E-04	1.09551E+01	7.17684E+00
5.00000E-04	1.12360E+01	7.15277E+00
5.00000E-04	1.15169E+01	7.11094E+00
5.00000E-04	1.17978E+01	7.05673E+00
5.00000E-04	1.20787E+01	6.99986E+00
5.00000E-04	1.23596E+01	6.93851E+00
5.00000E-04	1.26404E+01	6.86742E+00
5.00000E-04	1.29213E+01	6.79328E+00
5.00000E-04	1.32022E+01	6.71969E+00
5.00000E-04	1.34831E+01	6.64293E+00
5.00000E-04	1.37640E+01	6.56291E+00
5.00000E-04	1.40449E+01	6.48421E+00
5.00000E-04	1.43258E+01	6.40412E+00
5.00000E-04	1.46067E+01	6.32422E+00
5.00000E-04	1.48876E+01	6.24134E+00
5.00000E-04	1.51685E+01	6.16004E+00
5.00000E-04	1.54494E+01	6.08016E+00
5.00000E-04	1.57303E+01	5.99920E+00
5.00000E-04	1.60112E+01	5.91708E+00
5.00000E-04	1.62921E+01	5.83755E+00
5.00000E-04	1.65730E+01	5.75950E+00
5.00000E-04	1.68539E+01	5.67998E+00
5.00000E-04	1.71348E+01	5.60224E+00
5.00000E-04	1.74157E+01	5.52535E+00
5.00000E-04	1.76966E+01	5.45041E+00
5.00000E-04	1.79775E+01	5.37597E+00
5.00000E-04	1.82584E+01	5.30373E+00
5.00000E-04	1.85393E+01	5.23156E+00
5.00000E-04	1.88202E+01	5.16110E+00
5.00000E-04	1.91011E+01	5.09185E+00
5.00000E-04	1.93820E+01	5.02364E+00
5.00000E-04	1.96629E+01	4.95812E+00
5.00000E-04	1.99438E+01	4.89332E+00
5.00000E-04	2.02247E+01	4.82862E+00
5.00000E-04	2.05056E+01	4.76565E+00
5.00000E-04	2.07865E+01	4.70511E+00
5.00000E-04	2.10674E+01	4.64331E+00
5.00000E-04	2.13483E+01	4.58456E+00
5.00000E-04	2.16292E+01	4.52598E+00
5.00000E-04	2.19101E+01	4.46883E+00
5.00000E-04	2.21910E+01	4.41283E+00
5.00000E-04	2.24719E+01	4.35758E+00
5.00000E-04	2.27528E+01	4.30295E+00
5.00000E-04	2.30337E+01	4.25000E+00
5.00000E-04	2.33146E+01	4.19705E+00
5.00000E-04	2.35955E+01	4.14481E+00
5.00000E-04	2.38764E+01	4.09384E+00
5.00000E-04	2.41573E+01	4.04421E+00
5.00000E-04	2.44382E+01	3.99433E+00
5.00000E-04	2.47191E+01	3.94604E+00
5.00000E-04	2.50000E+01	3.89804E+00
1.00000E-03	0.00000E+00	1.00236E+00
1.00000E-03	2.80899E-01	6.23067E-01
1.00000E-03	5.61798E-01	6.33992E-01
1.00000E-03	8.42697E-01	7.20256E-01
1.00000E-03	1.12360E+00	8.39177E-01
1.00000E-03	1.40449E+00	9.93933E-01
1.00000E-03	1.68539E+00	1.16373E+00
1.00000E-03	1.96629E+00	1.34516E+00
1.00000E-03	2.24719E+00	1.53343E+00
1.00000E-03	2.52809E+00	1.71878E+00
1.00000E-03	2.80899E+00	1.91358E+00
1.00000E-03	3.08989E+00	2.10321E+00
1.00000E-03	3.37079E+00	2.30785E+00
1.00000E-03	3.65169E+00	2.51181E+00
1.00000E-03	3.93258E+00	2.72840E+00
1.00000E-03	4.21348E+00	2.95258E+00
1.00000E-03	4.49438E+00	3.19368E+00
1.00000E-03	4.77528E+00	3.44136E+00
1.00000E-03	5.05618E+00	3.69599E+00
1.00000E-03	5.33708E+00	3.96929E+00
1.00000E-03	5.61798E+00	4.23957E+00
1.00000E-03	5.89888E+00	4.52772E+00
1.00000E-03	6.17978E+00	4.80784E+00
1.00000E-03	6.46067E+00	5.09354E+00
1.00000E-03	6.74157E+00	5.36556E+00
1.00000E-03	7.02247E+00	5.63301E+00
1.00000E-03	7.30337E+00	5.89957E+00
1.00000E-03	7.58427E+00	6.13463E+00
1.00000E-03	7.86517E+00	6.34895E+00
1.00000E-03	8.14607E+00	6.55682E+00
1.00000E-03	8.42697E+00	6.72961E+00
1.00000E-03	8.70787E+00	6.86745E+00
1.00000E-03	8.98876E+00	6.98846E+00
1.00000E-03	9.26966E+00	7.09805E+00
1.00000E-03	9.55056E+00	7.17100E+00
1.00000E-03	9.83146E+00	7.22206E+00
1.00000E-03	1.01124E+01	7.25695E+00
1.00000E-03	1.03933E+01	7.27452E+00
1.00000E-03	1.06742E+01	7.26871E+00
1.00000E-03	1.09551E+01	7.24650E+00
1.00000E-03	1.12360E+01	7.22219E+00
1.00000E-03	1.15169E+01	7.17996E+00
1.00000E-03	1.17978E+01	7.12522E+00
1.00000E-03	1.20787E+01	7.06779E+00
1.00000E-03	1.23596E+01	7.00586E+00
1.00000E-03	1.26404E+01	6.93408E+00
1.00000E-03	1.29213E+01	6.85923E+00
1.00000E-03	1.32022E+01	6.78491E+00
1.00000E-03	1.34831E+01	6.70741E+00
1.00000E-03	1.37640E+01	6.62662E+00
1.00000E-03	1.40449E+01	6.54715E+00
1.00000E-03	1.43258E+01	6.46628E+00
1.00000E-03	1.46067E+01	6.38560E+00
1.00000E-03	1.48876E+01	6.30192E+00
1.00000E-03	1.51685E+01	6.21983E+00
1.00000E-03	1.54494E+01	6.13917E+00
1.00000E-03	1.57303E+01	6.05743E+00
1.00000E-03	1.60112E+01	5.97451E+00
1.00000E-03	1.62921E+01	5.89421E+00
1.00000E-03	1.65730E+01	5.81540E+00
1.00000E-03	1.68539E+01	5.73512E+00
1.00000E-03	1.71348E+01	5.65662E+00
1.00000E-03	1.74157E+01	5.57901E+00
1.00000E-03	1.76966E+01	5.50331E+00
1.00000E-03	1.79775E+01	5.42815E+00
1.00000E-03	1.82584E+01	5.35521E+00
1.00000E-03	1.85393E+01	5.28234E+00
1.00000E-03	1.88202E+01	5.21120E+00
1.00000E-03	1.91011E+01	5.14130E+00
1.00000E-03	1.93820E+01	5.07240E+00
1.00000E-03	1.96629E+01	5.00625E+00
1.00000E-03	1.99438E+01	4.94056E+00
1.00000E-03	2.02247E+01	4.87549E+00
1.00000E-03	2.05056E+01	4.81191E+00
1.00000E-03	2.07865E+01	4.75078E+00
1.00000E-03	2.10674E+01	4.68838E+00
1.00000E-03	2.13483E+01	4.62906E+00
1.00000E-03	2.16292E+01	4.56992E+00
1.00000E-03	2.19101E+01	4.51220E+00
1.00000E-03	2.21910E+01	4.45566E+00
1.00000E-03	2.24719E+01	4.39987E+00
1.00000E-03	2.27528E+01	4.34471E+00
1.00000E-03	2.30337E+01	4.29125E+00
1.00000E-03	2.33146E+01	4.23779E+00
1.00000E-03	2.35955E+01	4.18504E+00
1.00000E-03	2.38764E+01	4.13358E+00
1.00000E-03	2.41573E+01	4.08347E+00
1.00000E-03	2.44382E+01	4.03310E+00
1.00000E-03	2.47191E+01	3.98434E+00
1.00000E-03	2.50000E+01	3.93588E+00
5.00000E-03	0.00000E+00	1.00224E+00
5.00000E-03	2.80899E-01	6.35299E-01
5.00000E-03	5.61798E-01	6.46438E-01
5.00000E-03	8.42697E-01	7.34409E-01
5.00000E-03	1.12360E+00	8.55538E-01
5.00000E-03	1.40449E+00	1.01330E+00
5.00000E-03	1.68539E+00	1.18661E+00
5.00000E-03	1.96629E+00	1.37148E+00
5.00000E-03	2.24719E+00	1.56331E+00
5.00000E-03	2.52809E+00	1.75249E+00
5.00000E-03	2.80899E+00	1.95111E+00
5.00000E-03	3.08989E+00	2.14504E+00
5.00000E-03	3.37079E+00	2.35331E+00
5.00000E-03	3.65169E+00	2.56009E+00
5.00000E-03	3.93258E+00	2.78311E+00
5.00000E-03	4.21348E+00	3.01022E+00
5.00000E-03	4.49438E+00	3.25468E+00
5.00000E-03	4.77528E+00	3.50753E+00
5.00000E-03	5.05618E+00	3.76987E+00
5.00000E-03	5.33708E+00	4.04649E+00
5.00000E-03	5.61798E+00	4.32344E+00
5.00000E-03	5.89888E+00	4.61483E+00
5.00000E-03	6.17978E+00	4.90114E+00
5.00000E-03	6.46067E+00	5.19364E+00
5.00000E-03	6.74157E+00	5.46845E+00
5.00000E-03	7.02247E+00	5.74216E+00
5.00000E-03	7.30337E+00	6.01537E+00
5.00000E-03	7.58427E+00	6.25489E+00
5.00000E-03	7.86517E+00	6.47411E+00
5.00000E-03	8.14607E+00	6.68411E+00
5.00000E-03	8.42697E+00	6.86157E+00
5.00000E-03	8.70787E+00	7.00229E+00
5.00000E-03	8.98876E+00	7.12587E+00
5.00000E-03	9.26966E+00	7.23673E+00
5.00000E-03	9.55056E+00	7.31176E+00
5.00000E-03	9.83146E+00	7.36355E+00
5.00000E-03	1.01124E+01	7.39920E+00
5.00000E-03	1.03933E+01	7.41727E+00
5.00000E-03	1.06742E+01	7.41138E+00
5.00000E-03	1.09551E+01	7.38878E+00
5.00000E-03	1.12360E+01	7.36290E+00
5.00000E-03	1.15169E+01	7.32036E+00
5.00000E-03	1.17978E+01	7.26511E+00
5.00000E-03	1.20787E+01	7.20557E+00
5.00000E-03	1.23596E+01	7.14335E+00
5.00000E-03	1.26404E+01	7.07023E+00
5.00000E-03	1.29213E+01	6.99463E+00
5.00000E-03	1.32022E+01	6.91809E+00
5.00000E-03	1.34831E+01	6.83941E+00
5.00000E-03	1.37640E+01	6.75724E+00
5.00000E-03	1.40449E+01	6.67566E+00
5.00000E-03	1.43258E+01	6.59322E+00
5.00000E-03	1.46067E+01	6.51096E+00
5.00000E-03	1.48876E+01	6.42568E+00
5.00000E-03	1.51685E+01	6.34193E+00
5.00000E-03	1.54494E+01	6.25969E+00
5.00000E-03	1.57303E+01	6.17632E+00
5.00000E-03	1.60112E+01	6.09180E+00
5.00000E-03	1.62921E+01	6.00998E+00
5.00000E-03	1.65730E+01	5.92949E+00
5.00000E-03	1.68539E+01	5.84770E+00
5.00000E-03	1.71348E+01	5.76766E+00
5.00000E-03	1.74157E+01	5.68888E+00
5.00000E-03	1.76966E+01	5.61144E+00
5.00000E-03	1.79775E+01	5.53471E+00
5.00000E-03	1.82584E+01	5.46029E+00
5.00000E-03	1.85393E+01	5.38603E+00
5.00000E-03	1.88202E+01	5.31351E+00
5.00000E-03	1.91011E+01	5.24228E+00
5.00000E-03	1.93820E+01	5.17198E+00
5.00000E-03	1.96629E+01	5.10452E+00
5.00000E-03	1.99438E+01	5.03720E+00
5.00000E-03	2.02247E+01	4.97120E+00
5.00000E-03	2.05056E+01	4.90639E+00
5.00000E-03	2.07865E+01	4.84397E+00
5.00000E-03	2.10674E+01	4.78042E+00
5.00000E-03	2.13483E+01	4.71993E+00
5.00000E-03	2.16292E+01	4.65963E+00
5.00000E-03	2.19101E+01	4.60078E+00
5.00000E-03	2.21910E+01	4.54313E+00
5.00000E-03	2.24719E+01	4.48624E+00
5.00000E-03	2.27528E+01	4.43000E+00
5.00000E-03	2.30337E+01	4.37547E+00
5.00000E-03	2.33146E+01	4.32093E+00
5.00000E-03	2.35955E+01	4.26719E+00
5.00000E-03	2.38764E+01	4.21474E+00
5.00000E-03	2.41573E+01	4.16355E+00
5.00000E-03	2.44382E+01	4.11227E+00
5.00000E-03	2.47191E+01	4.06255E+00
5.00000E-03	2.50000E+01	4.01314E+00
1.00000E-02	0.00000E+00	1.00213E+00
1.00000E-02	2.80899E-01	6.40329E-01
1.00000E-02	5.61798E-01	6.51555E-01
1.00000E-02	8.42697E-01	7.40221E-01
1.00000E-02	1.12360E+00	8.62309E-01
1.00000E-02	1.40449E+00	1.02131E+00
1.00000E-02	1.68539E+00	1.19600E+00
1.00000E-02	1.96629E+00	1.38233E+00
1.00000E-02	2.24719E+00	1.57568E+00
1.00000E-02	2.52809E+00	1.76636E+00
1.00000E-02	2.80899E+00	1.96655E+00
1.00000E-02	3.08989E+00	2.16202E+00
1.00000E-02	3.37079E+00	2.37193E+00
1.00000E-02	3.65169E+00	2.58028E+00
1.00000E-02	3.93258E+00	2.80523E+00
1.00000E-02	4.21348E+00	3.03404E+00
1.00000E-02	4.49438E+00	3.28012E+00
1.00000E-02	4.77528E+00	3.53510E+00
1.00000E-02	5.05618E+00	3.79980E+00
1.00000E-02	5.33708E+00	4.07826E+00
1.00000E-02	5.61798E+00	4.35794E+00
1.00000E-02	5.89888E+00	4.65113E+00
1.00000E-02	6.17978E+00	4.93928E+00
1.00000E-02	6.46067E+00	5.23482E+00
1.00000E-02	6.74157E+00	5.51113E+00
1.00000E-02	7.02247E+00	5.78717E+00
1.00000E-02	7.30337E+00	6.06292E+00
1.00000E-02	7.58427E+00	6.30437E+00
1.00000E-02	7.86517E+00	6.52557E+00
1.00000E-02	8.14607E+00	6.73562E+00
1.00000E-02	8.42697E+00	6.91531E+00
1.00000E-02	8.70787E+00	7.05790E+00
1.00000E-02	8.98876E+00	7.18229E+00
1.00000E-02	9.26966E+00	7.29330E+00
1.00000E-02	9.55056E+00	7.36955E+00
1.00000E-02	9.83146E+00	7.42111E+00
1.00000E-02	1.01124E+01	7.45711E+00
1.00000E-02	1.03933E+01	7.47598E+00
1.00000E-02	1.06742E+01	7.46974E+00
1.00000E-02	1.09551E+01	7.44759E+00
1.00000E-02	1.12360E+01	7.42028E+00
1.00000E-02	1.15169E+01	7.37765E+00
1.00000E-02	1.17978E+01	7.32255E+00
1.00000E-02	1.20787E+01	7.26207E+00
1.00000E-02	1.23596E+01	7.19954E+00
1.00000E-02	1.26404E+01	7.12646E+00
1.00000E-02	1.29213E+01	7.05038E+00
1.00000E-02	1.32022E+01	6.97285E+00
1.00000E-02	1.34831E+01	6.89390E+00
1.00000E-02	1.37640E+01	6.81115E+00
1.00000E-02	1.40449E+01	6.72832E+00
1.00000E-02	1.43258E+01	6.64549E+00
1.00000E-02	1.46067E+01	6.56247E+00
1.00000E-02	1.48876E+01	6.47671E+00
1.00000E-02	1.51685E+01	6.39213E+00
1.00000E-02	1.54494E+01	6.30921E+00
1.00000E-02	1.57303E+01	6.22503E+00
1.00000E-02	1.60112E+01	6.14012E+00
1.00000E-02	1.62921E+01	6.05765E+00
1.00000E-02	1.65730E+01	5.97619E+00
1.00000E-02	1.68539E+01	5.89397E+00
1.00000E-02	1.71348E+01	5.81329E+00
1.00000E-02	1.74157E+01	5.73398E+00
1.00000E-02	1.76966E+01	5.65593E+00
1.00000E-02	1.79775E+01	5.57850E+00
1.00000E-02	1.82584E+01	5.50324E+00
1.00000E-02	1.85393E+01	5.42866E+00
1.00000E-02	1.88202E+01	5.35566E+00
1.00000E-02	1.91011E+01	5.28375E+00
1.00000E-02	1.93820E+01	5.21295E+00
1.00000E-02	1.96629E+01	5.14491E+00
1.00000E-02	1.99438E+01	5.07701E+00
1.00000E-02	2.02247E+01	5.01048E+00
1.00000E-02	2.05056E+01	4.94529E+00
1.00000E-02	2.07865E+01	4.88205E+00
1.00000E-02	2.10674E+01	4.81828E+00
1.00000E-02	2.13483E+01	4.75726E+00
1.00000E-02	2.16292E+01	4.69653E+00
1.00000E-02	2.19101E+01	4.63718E+00
1.00000E-02	2.21910E+01	4.57907E+00
1.00000E-02	2.24719E+01	4.52173E+00
1.00000E-02	2.27528E+01	4.46507E+00
1.00000E-02	2.30337E+01	4.40998E+00
1.00000E-02	2.33146E+01	4.35502E+00
1.00000E-02	2.35955E+01	4.30096E+00
1.00000E-02	2.38764E+01	4.24816E+00
1.00000E-02	2.41573E+01	4.19635E+00
1.00000E-02	2.44382E+01	4.14481E+00
1.00000E-02	2.47191E+01	4.09469E+00
1.00000E-02	2.50000E+01	4.04489E+00
5.00000E-02	0.00000E+00	9.88459E-01
5.00000E-02	2.80899E-01	7.03423E-01
5.00000E-02	5.61798E-01	7.15783E-01
5.00000E-02	8.42697E-01	8.13153E-01
5.00000E-02	1.12360E+00	9.47257E-01
5.00000E-02	1.40449E+00	1.12189E+00
5.00000E-02	1.68539E+00	1.31378E+00
5.00000E-02	1.96629E+00	1.51843E+00
5.00000E-02	2.24719E+00	1.73078E+00
5.00000E-02	2.52809E+00	1.94025E+00
5.00000E-02	2.80899E+00	2.16012E+00
5.00000E-02	3.08989E+00	2.37486E+00
5.00000E-02	3.37079E+00	2.60541E+00
5.00000E-02	3.65169E+00	2.83428E+00
5.00000E-02	3.93258E+00	3.08138E+00
5.00000E-02	4.21348E+00	3.33273E+00
5.00000E-02	4.49438E+00	3.60296E+00
5.00000E-02	4.77528E+00	3.88306E+00
5.00000E-02	5.05618E+00	4.17383E+00
5.00000E-02	5.33708E+00	4.47967E+00
5.00000E-02	5.61798E+00	4.78693E+00
5.00000E-02	5.89888E+00	5.10892E+00
5.00000E-02	6.17978E+00	5.42537E+00
5.00000E-02	6.46067E+00	5.75007E+00
5.00000E-02	6.74157E+00	6.05345E+00
5.00000E-02	7.02247E+00	6.35677E+00
5.00000E-02	7.30337E+00	6.65966E+00
5.00000E-02	7.58427E+00	6.92490E+00
5.00000E-02	7.86517E+00	7.16788E+00
5.00000E-02	8.14607E+00	7.39795E+00
5.00000E-02	8.42697E+00	7.59567E+00
5.00000E-02	8.70787E+00	7.75278E+00
5.00000E-02	8.98876E+00	7.88928E+00
5.00000E-02	9.26966E+00	8.01096E+00
5.00000E-02	9.55056E+00	8.09485E+00
5.00000E-02	9.83146E+00	8.15116E+00
5.00000E-02	1.01124E+01	8.19068E+00
5.00000E-02	1.03933E+01	8.21187E+00
5.00000E-02	1.06742E+01	8.20436E+00
5.00000E-02	1.09551E+01	8.18155E+00
5.00000E-02	1.12360E+01	8.14996E+00
5.00000E-02	1.15169E+01	8.10340E+00
5.00000E-02	1.17978E+01	8.04328E+00
5.00000E-02	1.20787E+01	7.97660E+00
5.00000E-02	1.23596E+01	7.90746E+00
5.00000E-02	1.26404E+01	7.82853E+00
5.00000E-02	1.29213E+01	7.74452E+00
5.00000E-02	1.32022E+01	7.65917E+00
5.00000E-02	1.34831E+01	7.57269E+00
5.00000E-02	1.37640E+01	7.48188E+00
5.00000E-02	1.40449E+01	7.39014E+00
5.00000E-02	1.43258E+01	7.29983E+00
5.00000E-02	1.46067E+01	7.20811E+00
5.00000E-02	1.48876E+01	7.11430E+00
5.00000E-02	1.51685E+01	7.02136E+00
5.00000E-02	1.54494E+01	6.93001E+00
5.00000E-02	1.57303E+01	6.83748E+00
5.00000E-02	1.60112E+01	6.74473E+00
5.00000E-02	1.62921E+01	6.65392E+00
5.00000E-02	1.65730E+01	6.56418E+00
5.00000E-02	1.68539E+01	6.47413E+00
5.00000E-02	1.71348E+01	6.38508E+00
5.00000E-02	1.74157E+01	6.29839E+00
5.00000E-02	1.76966E+01	6.21265E+00
5.00000E-02	1.79775E+01	6.12752E+00
5.00000E-02	1.82584E+01	6.04421E+00
5.00000E-02	1.85393E+01	5.96306E+00
5.00000E-02	1.88202E+01	5.88291E+00
5.00000E-02	1.91011E+01	5.80381E+00
5.00000E-02	1.93820E+01	5.72669E+00
5.00000E-02	1.96629E+01	5.65121E+00
5.00000E-02	1.99438E+01	5.57667E+00
5.00000E-02	2.02247E+01	5.50340E+00
5.00000E-02	2.05056E+01	5.43209E+00
5.00000E-02	2.07865E+01	5.36209E+00
5.00000E-02	2.10674E+01	5.29298E+00
5.00000E-02	2.13483E+01	5.22530E+00
5.00000E-02	2.16292E+01	5.15906E+00
5.00000E-02	2.19101E+01	5.09389E+00
5.00000E-02	2.21910E+01	5.02961E+00
5.00000E-02	2.24719E+01	4.96665E+00
5.00000E-02	2.27528E+01	4.90482E+00
5.00000E-02	2.30337E+01	4.84379E+00
5.00000E-02	2.33146E+01	4.78356E+00
5.00000E-02	2.35955E+01	4.72454E+00
5.00000E-02	2.38764E+01	4.66646E+00
5.00000E-02	2.41573E+01	4.60920E+00
5.00000E-02	2.44382E+01	4.55281E+00
5.00000E-02	2.47191E+01	4.49749E+00
5.00000E-02	2.50000E+01	4.44301E+00
1.00000E-01	0.00000E+00	9.86072E-01
1.00000E-01	2.80899E-01	7.55214E-01
1.00000E-01	5.61798E-01	7.68756E-01
1.00000E-01	8.42697E-01	8.73258E-01
1.00000E-01	1.12360E+00	1.01722E+00
1.00000E-01	1.40449E+00	1.20461E+00
1.00000E-01	1.68539E+00	1.41067E+00
1.00000E-01	1.96629E+00	1.63033E+00
1.00000E-01	2.24719E+00	1.85820E+00
1.00000E-01	2.52809E+00	2.08314E+00
1.00000E-01	2.80899E+00	2.31913E+00
1.00000E-01	3.08989E+00	2.54972E+00
1.00000E-01	3.37079E+00	2.79719E+00
1.00000E-01	3.65169E+00	3.04296E+00
1.00000E-01	3.93258E+00	3.30824E+00
1.00000E-01	4.21348E+00	3.57818E+00
1.00000E-01	4.49438E+00	3.86820E+00
1.00000E-01	4.77528E+00	4.16888E+00
1.00000E-01	5.05618E+00	4.48107E+00
1.00000E-01	5.33708E+00	4.80934E+00
1.00000E-01	5.61798E+00	5.13928E+00
1.00000E-01	5.89888E+00	5.48491E+00
1.00000E-01	6.17978E+00	5.82470E+00
1.00000E-01	6.46067E+00	6.17322E+00
1.00000E-01	6.74157E+00	6.49897E+00
1.00000E-01	7.02247E+00	6.82464E+00
1.00000E-01	7.30337E+00	7.14974E+00
1.00000E-01	7.58427E+00	7.43451E+00
1.00000E-01	7.86517E+00	7.69539E+00
1.00000E-01	8.14607E+00	7.94234E+00
1.00000E-01	8.42697E+00	8.15463E+00
1.00000E-01	8.70787E+00	8.32329E+00
1.00000E-01	8.98876E+00	8.46985E+00
1.00000E-01	9.26966E+00	8.60042E+00
1.00000E-01	9.55056E+00	8.69051E+00
1.00000E-01	9.83146E+00	8.75097E+00
1.00000E-01	1.01124E+01	8.79340E+00
1.00000E-01	1.03933E+01	8.81612E+00
1.00000E-01	1.06742E+01	8.80809E+00
1.00000E-01	1.09551E+01	8.78360E+00
1.00000E-01	1.12360E+01	8.74968E+00
1.00000E-01	1.15169E+01	8.69970E+00
1.00000E-01	1.17978E+01	8.63515E+00
1.00000E-01	1.20787E+01	8.56358E+00
1.00000E-01	1.23596E+01	8.48933E+00
1.00000E-01	1.26404E+01	8.40461E+00
1.00000E-01	1.29213E+01	8.31442E+00
1.00000E-01	1.32022E+01	8.22278E+00
1.00000E-01	1.34831E+01	8.12994E+00
1.00000E-01	1.37640E+01	8.03245E+00
1.00000E-01	1.40449E+01	7.93396E+00
1.00000E-01	1.43258E+01	7.83700E+00
1.00000E-01	1.46067E+01	7.73851E+00
1.00000E-01	1.48876E+01	7.63782E+00
1.00000E-01	1.51685E+01	7.53804E+00
1.00000E-01	1.54494E+01	7.43997E+00
1.00000E-01	1.57303E+01	7.34063E+00
1.00000E-01	1.60112E+01	7.24106E+00
1.00000E-01	1.62921E+01	7.14357E+00
1.00000E-01	1.65730E+01	7.04722E+00
1.00000E-01	1.68539E+01	6.95055E+00
1.00000E-01	1.71348E+01	6.85492E+00
1.00000E-01	1.74157E+01	6.76187E+00
1.00000E-01	1.76966E+01	6.66982E+00
1.00000E-01	1.79775E+01	6.57843E+00
1.00000E-01	1.82584E+01	6.48897E+00
1.00000E-01	1.85393E+01	6.40186E+00
1.00000E-01	1.88202E+01	6.31582E+00
1.00000E-01	1.91011E+01	6.23090E+00
1.00000E-01	1.93820E+01	6.14813E+00
1.00000E-01	1.96629E+01	6.06707E+00
1.00000E-01	1.99438E+01	5.98704E+00
1.00000E-01	2.02247E+01	5.90838E+00
1.00000E-01	2.05056E+01	5.83183E+00
1.00000E-01	2.07865E+01	5.75666E+00
1.00000E-01	2.10674E+01	5.68250E+00
1.00000E-01	2.13483E+01	5.60981E+00
1.00000E-01	2.16292E+01	5.53870E+00
1.00000E-01	2.19101E+01	5.46876E+00
1.00000E-01	2.21910E+01	5.39972E+00
1.00000E-01	2.24719E+01	5.33213E+00
1.00000E-01	2.27528E+01	5.26576E+00
1.00000E-01	2.30337E+01	5.20023E+00
1.00000E-01	2.33146E+01	5.13557E+00
1.00000E-01	2.35955E+01	5.07222E+00
1.00000E-01	2.38764E+01	5.00986E+00
1.00000E-01	2.41573E+01	4.94838E+00
1.00000E-01	2.44382E+01	4.88784E+00
1.00000E-01	2.47191E+01	4.82844E+00
1.00000E-01	2.50000E+01	4.76996E+00
2.00000E-01	0.00000E+00	9.85859E-01
2.00000E-01	2.80899E-01	8.11812E-01
2.00000E-01	5.61798E-01	8.28145E-01
2.00000E-01	8.42697E-01	9.40415E-01
2.00000E-01	1.12360E+00	1.09543E+00
2.00000E-01	1.40449E+00	1.29662E+00
2.00000E-01	1.68539E+00	1.51839E+00
2.00000E-01	1.96629E+00	1.75447E+00
2.00000E-01	2.24719E+00	1.99921E+00
2.00000E-01	2.52809E+00	2.24140E+00
2.00000E-01	2.80899E+00	2.49499E+00
2.00000E-01	3.08989E+00	2.74331E+00
2.00000E-01	3.37079E+00	3.00932E+00
2.00000E-01	3.65169E+00	3.27396E+00
2.00000E-01	3.93258E+00	3.55919E+00
2.00000E-01	4.21348E+00	3.84991E+00
2.00000E-01	4.49438E+00	4.16160E+00
2.00000E-01	4.77528E+00	4.48500E+00
2.00000E-01	5.05618E+00	4.82089E+00
2.00000E-01	5.33708E+00	5.17375E+00
2.00000E-01	5.61798E+00	5.52893E+00
2.00000E-01	5.89888E+00	5.90049E+00
2.00000E-01	6.17978E+00	6.26626E+00
2.00000E-01	6.46067E+00	6.64089E+00
2.00000E-01	6.74157E+00	6.99144E+00
2.00000E-01	7.02247E+00	7.34189E+00
2.00000E-01	7.30337E+00	7.69127E+00
2.00000E-01	7.58427E+00	7.99769E+00
2.00000E-01	7.86517E+00	8.27839E+00
2.00000E-01	8.14607E+00	8.54386E+00
2.00000E-01	8.42697E+00	8.77225E+00
2.00000E-01	8.70787E+00	8.95368E+00
2.00000E-01	8.98876E+00	9.11141E+00
2.00000E-01	9.26966E+00	9.25162E+00
2.00000E-01	9.55056E+00	9.34866E+00
2.00000E-01	9.83146E+00	9.41374E+00
2.00000E-01	1.01124E+01	9.45939E+00
2.00000E-01	1.03933E+01	9.48372E+00
2.00000E-01	1.06742E+01	9.47518E+00
2.00000E-01	1.09551E+01	9.44885E+00
2.00000E-01	1.12360E+01	9.41230E+00
2.00000E-01	1.15169E+01	9.35856E+00
2.00000E-01	1.17978E+01	9.28916E+00
2.00000E-01	1.20787E+01	9.21220E+00
2.00000E-01	1.23596E+01	9.13225E+00
2.00000E-01	1.26404E+01	9.04116E+00
2.00000E-01	1.29213E+01	8.94415E+00
2.00000E-01	1.32022E+01	8.84558E+00
2.00000E-01	1.34831E+01	8.74567E+00
2.00000E-01	1.37640E+01	8.64082E+00
2.00000E-01	1.40449E+01	8.53489E+00
2.00000E-01	1.43258E+01	8.43056E+00
2.00000E-01	1.46067E+01	8.32461E+00
2.00000E-01	1.48876E+01	8.21631E+00
2.00000E-01	1.51685E+01	8.10898E+00
2.00000E-01	1.54494E+01	8.00346E+00
2.00000E-01	1.57303E+01	7.89660E+00
2.00000E-01	1.60112E+01	7.78951E+00
2.00000E-01	1.62921E+01	7.68463E+00
2.00000E-01	1.65730E+01	7.58097E+00
2.00000E-01	1.68539E+01	7.47699E+00
2.00000E-01	1.71348E+01	7.37413E+00
2.00000E-01	1.74157E+01	7.27402E+00
2.00000E-01	1.76966E+01	7.17499E+00
2.00000E-01	1.79775E+01	7.07669E+00
2.00000E-01	1.82584E+01	6.98046E+00
2.00000E-01	1.85393E+01	6.88674E+00
2.00000E-01	1.88202E+01	6.79419E+00
2.00000E-01	1.91011E+01	6.70284E+00
2.00000E-01	1.93820E+01	6.61380E+00
2.00000E-01	1.96629E+01	6.52660E+00
2.00000E-01	1.99438E+01	6.44050E+00
2.00000E-01	2.02247E+01	6.35589E+00
2.00000E-01	2.05056E+01	6.27354E+00
2.00000E-01	2.07865E+01	6.19267E+00
2.00000E-01	2.10674E+01	6.11290E+00
2.00000E-01	2.13483E+01	6.03471E+00
2.00000E-01	2.16292E+01	5.95821E+00
2.00000E-01	2.19101E+01	5.88297E+00
2.00000E-01	2.21910E+01	5.80871E+00
2.00000E-01	2.24719E+01	5.73599E+00
2.00000E-01	2.27528E+01	5.66460E+00
2.00000E-01	2.30337E+01	5.59411E+00
2.00000E-01	2.33146E+01	5.52455E+00
2.00000E-01	2.35955E+01	5.45640E+00
2.00000E-01	2.38764E+01	5.38932E+00
2.00000E-01	2.41573E+01	5.32318E+00
2.00000E-01	2.44382E+01	5.25806E+00
2.00000E-01	2.47191E+01	5.19415E+00
2.00000E-01	2.50000E+01	5.13125E+00
2.50000E-01	0.00000E+00	9.85620E-01
2.50000E-01	2.80899E-01	8.30707E-01
2.50000E-01	5.61798E-01	8.49174E-01
2.50000E-01	8.42697E-01	9.64068E-01
2.50000E-01	1.12360E+00	1.12304E+00
2.50000E-01	1.40449E+00	1.32884E+00
2.50000E-01	1.68539E+00	1.55605E+00
2.50000E-01	1.96629E+00	1.79774E+00
2.50000E-01	2.24719E+00	2.04823E+00
2.50000E-01	2.52809E+00	2.29645E+00
2.50000E-01	2.80899E+00	2.55602E+00
2.50000E-01	3.08989E+00	2.81059E+00
2.50000E-01	3.37079E+00	3.08295E+00
2.50000E-01	3.65169E+00	3.35424E+00
2.50000E-01	3.93258E+00	3.64628E+00
2.50000E-01	4.21348E+00	3.94430E+00
2.50000E-01	4.49438E+00	4.26343E+00
2.50000E-01	4.77528E+00	4.59469E+00
2.50000E-01	5.05618E+00	4.93880E+00
2.50000E-01	5.33708E+00	5.30009E+00
2.50000E-01	5.61798E+00	5.66411E+00
2.50000E-01	5.89888E+00	6.04454E+00
2.50000E-01	6.17978E+00	6.41941E+00
2.50000E-01	6.46067E+00	6.80296E+00
2.50000E-01	6.74157E+00	7.16217E+00
2.50000E-01	7.02247E+00	7.52125E+00
2.50000E-01	7.30337E+00	7.87889E+00
2.50000E-01	7.58427E+00	8.19284E+00
2.50000E-01	7.86517E+00	8.48043E+00
2.50000E-01	8.14607E+00	8.75225E+00
2.50000E-01	8.42697E+00	8.98620E+00
2.50000E-01	8.70787E+00	9.17209E+00
2.50000E-01	8.98876E+00	9.33369E+00
2.50000E-01	9.26966E+00	9.47715E+00
2.50000E-01	9.55056E+00	9.57665E+00
2.50000E-01	9.83146E+00	9.64335E+00
2.50000E-01	1.01124E+01	9.69011E+00
2.50000E-01	1.03933E+01	9.71495E+00
2.50000E-01	1.06742E+01	9.70627E+00
2.50000E-01	1.09551E+01	9.67931E+00
2.50000E-01	1.12360E+01	9.64183E+00
2.50000E-01	1.15169E+01	9.58681E+00
2.50000E-01	1.17978E+01	9.51573E+00
2.50000E-01	1.20787E+01	9.43692E+00
2.50000E-01	1.23596E+01	9.35496E+00
2.50000E-01	1.26404E+01	9.26169E+00
2.50000E-01	1.29213E+01	9.16232E+00
2.50000E-01	1.32022E+01	9.06134E+00
2.50000E-01	1.34831E+01	8.95898E+00
2.50000E-01	1.37640E+01	8.85159E+00
2.50000E-01	1.40449E+01	8.74309E+00
2.50000E-01	1.43258E+01	8.63620E+00
2.50000E-01	1.46067E+01	8.52766E+00
2.50000E-01	1.48876E+01	8.41673E+00
2.50000E-01	1.51685E+01	8.30679E+00
2.50000E-01	1.54494E+01	8.19868E+00
2.50000E-01	1.57303E+01	8.08922E+00
2.50000E-01	1.60112E+01	7.97953E+00
2.50000E-01	1.62921E+01	7.87208E+00
2.50000E-01	1.65730E+01	7.76589E+00
2.50000E-01	1.68539E+01	7.65938E+00
2.50000E-01	1.71348E+01	7.55401E+00
2.50000E-01	1.74157E+01	7.45145E+00
2.50000E-01	1.76966E+01	7.35001E+00
2.50000E-01	1.79775E+01	7.24932E+00
2.50000E-01	1.82584E+01	7.15074E+00
2.50000E-01	1.85393E+01	7.05474E+00
2.50000E-01	1.88202E+01	6.95992E+00
2.50000E-01	1.91011E+01	6.86635E+00
2.50000E-01	1.93820E+01	6.77513E+00
2.50000E-01	1.96629E+01	6.68580E+00
2.50000E-01	1.99438E+01	6.59761E+00
2.50000E-01	2.02247E+01	6.51094E+00
2.50000E-01	2.05056E+01	6.42657E+00
2.50000E-01	2.07865E+01	6.34373E+00
2.50000E-01	2.10674E+01	6.26202E+00
2.50000E-01	2.13483E+01	6.18192E+00
2.50000E-01	2.16292E+01	6.10355E+00
2.50000E-01	2.19101E+01	6.02648E+00
2.50000E-01	2.21910E+01	5.95041E+00
2.50000E-01	2.24719E+01	5.87592E+00
2.50000E-01	2.27528E+01	5.80278E+00
2.50000E-01	2.30337E+01	5.73057E+00
2.50000E-01	2.33146E+01	5.65931E+00
2.50000E-01	2.35955E+01	5.58950E+00
2.50000E-01	2.38764E+01	5.52078E+00
2.50000E-01	2.41573E+01	5.45303E+00
2.50000E-01	2.44382E+01	5.38632E+00
2.50000E-01	2.47191E+01	5.32086E+00
2.50000E-01	2.50000E+01	5.25642E+00
3.00000E-01	0.00000E+00	9.85375E-01
3.00000E-01	2.80899E-01	8.46108E-01
3.00000E-01	5.61798E-01	8.67235E-01
3.00000E-01	8.42697E-01	9.84317E-01
3.00000E-01	1.12360E+00	1.14669E+00
3.00000E-01	1.40449E+00	1.35632E+00
3.00000E-01	1.68539E+00	1.58810E+00
3.00000E-01	1.96629E+00	1.83449E+00
3.00000E-01	2.24719E+00	2.08979E+00
3.00000E-01	2.52809E+00	2.34313E+00
3.00000E-01	2.80899E+00	2.60768E+00
3.00000E-01	3.08989E+00	2.86760E+00
3.00000E-01	3.37079E+00	3.14525E+00
3.00000E-01	3.65169E+00	3.42225E+00
3.00000E-01	3.93258E+00	3.71998E+00
3.00000E-01	4.21348E+00	4.02422E+00
3.00000E-01	4.49438E+00	4.34959E+00
3.00000E-01	4.77528E+00	4.68751E+00
3.00000E-01	5.05618E+00	5.03856E+00
3.00000E-01	5.33708E+00	5.40693E+00
3.00000E-01	5.61798E+00	5.77846E+00
3.00000E-01	5.89888E+00	6.16633E+00
3.00000E-01	6.17978E+00	6.54895E+00
3.00000E-01	6.46067E+00	6.93996E+00
3.00000E-01	6.74157E+00	7.30651E+00
3.00000E-01	7.02247E+00	7.67290E+00
3.00000E-01	7.30337E+00	8.03744E+00
3.00000E-01	7.58427E+00	8.35778E+00
3.00000E-01	7.86517E+00	8.65119E+00
3.00000E-01	8.14607E+00	8.92834E+00
3.00000E-01	8.42697E+00	9.16698E+00
3.00000E-01	8.70787E+00	9.35666E+00
3.00000E-01	8.98876E+00	9.52154E+00
3.00000E-01	9.26966E+00	9.66768E+00
3.00000E-01	9.55056E+00	9.76928E+00
3.00000E-01	9.83146E+00	9.83736E+00
3.00000E-01	1.01124E+01	9.88507E+00
3.00000E-01	1.03933E+01	9.91031E+00
3.00000E-01	1.06742E+01	9.90154E+00
3.00000E-01	1.09551E+01	9.87406E+00
3.00000E-01	1.12360E+01	9.83577E+00
3.00000E-01	1.15169E+01	9.77966E+00
3.00000E-01	1.17978E+01	9.70718E+00
3.00000E-01	1.20787E+01	9.62682E+00
3.00000E-01	1.23596E+01	9.54314E+00
3.00000E-01	1.26404E+01	9.44803E+00
3.00000E-01	1.29213E+01	9.34667E+00
3.00000E-01	1.32022E+01	9.24367E+00
3.00000E-01	1.34831E+01	9.13923E+00
3.00000E-01	1.37640E+01	9.02969E+00
3.00000E-01	1.40449E+01	8.91902E+00
3.00000E-01	1.43258E+01	8.80996E+00
3.00000E-01	1.46067E+01	8.69924E+00
3.00000E-01	1.48876E+01	8.58609E+00
3.00000E-01	1.51685E+01	8.47395E+00
3.00000E-01	1.54494E+01	8.36364E+00
3.00000E-01	1.57303E+01	8.25199E+00
3.00000E-01	1.60112E+01	8.14010E+00
3.00000E-01	1.62921E+01	8.03049E+00
3.00000E-01	1.65730E+01	7.92215E+00
3.00000E-01	1.68539E+01	7.81350E+00
3.00000E-01	1.71348E+01	7.70602E+00
3.00000E-01	1.74157E+01	7.60139E+00
3.00000E-01	1.76966E+01	7.49791E+00
3.00000E-01	1.79775E+01	7.39520E+00
3.00000E-01	1.82584E+01	7.29464E+00
3.00000E-01	1.85393E+01	7.19669E+00
3.00000E-01	1.88202E+01	7.09997E+00
3.00000E-01	1.91011E+01	7.00453E+00
3.00000E-01	1.93820E+01	6.91147E+00
3.00000E-01	1.96629E+01	6.82034E+00
3.00000E-01	1.99438E+01	6.73038E+00
3.00000E-01	2.02247E+01	6.64197E+00
3.00000E-01	2.05056E+01	6.55589E+00
3.00000E-01	2.07865E+01	6.47139E+00
3.00000E-01	2.10674E+01	6.38803E+00
3.00000E-01	2.13483E+01	6.30632E+00
3.00000E-01	2.16292E+01	6.22638E+00
3.00000E-01	2.19101E+01	6.14774E+00
3.00000E-01	2.21910E+01	6.07015E+00
3.00000E-01	2.24719E+01	5.99416E+00
3.00000E-01	2.27528E+01	5.91955E+00
3.00000E-01	2.30337E+01	5.84588E+00
3.00000E-01	2.33146E+01	5.77320E+00
3.00000E-01	2.35955E+01	5.70198E+00
3.00000E-01	2.38764E+01	5.63188E+00
3.00000E-01	2.41573E+01	5.56276E+00
3.00000E-01	2.44382E+01	5.49471E+00
3.00000E-01	2.47191E+01	5.42793E+00
3.00000E-01	2.50000E+01	5.36220E+00
4.00000E-01	0.00000E+00	9.85169E-01
4.00000E-01	2.80899E-01	8.70607E-01
4.00000E-01	5.61798E-01	8.97144E-01
4.00000E-01	8.42697E-01	1.01777E+00
4.00000E-01	1.12360E+00	1.18582E+00
4.00000E-01	1.40449E+00	1.40141E+00
4.00000E-01	1.68539E+00	1.64051E+00
4.00000E-01	1.96629E+00	1.89439E+00
4.00000E-01	2.24719E+00	2.15733E+00
4.00000E-01	2.52809E+00	2.41899E+00
4.00000E-01	2.80899E+00	2.69138E+00
4.00000E-01	3.08989E+00	2.96015E+00
4.00000E-01	3.37079E+00	3.24615E+00
4.00000E-01	3.65169E+00	3.53256E+00
4.00000E-01	3.93258E+00	3.83930E+00
4.00000E-01	4.21348E+00	4.15371E+00
4.00000E-01	4.49438E+00	4.48908E+00
4.00000E-01	4.77528E+00	4.83774E+00
4.00000E-01	5.05618E+00	5.20004E+00
4.00000E-01	5.33708E+00	5.57970E+00
4.00000E-01	5.61798E+00	5.96351E+00
4.00000E-01	5.89888E+00	6.36318E+00
4.00000E-01	6.17978E+00	6.75848E+00
4.00000E-01	6.46067E+00	7.16126E+00
4.00000E-01	6.74157E+00	7.53981E+00
4.00000E-01	7.02247E+00	7.91803E+00
4.00000E-01	7.30337E+00	8.29344E+00
4.00000E-01	7.58427E+00	8.62419E+00
4.00000E-01	7.86517E+00	8.92702E+00
4.00000E-01	8.14607E+00	9.21266E+00
4.00000E-01	8.42697E+00	9.45879E+00
4.00000E-01	8.70787E+00	9.65469E+00
4.00000E-01	8.98876E+00	9.82488E+00
4.00000E-01	9.26966E+00	9.97516E+00
4.00000E-01	9.55056E+00	1.00803E+01
4.00000E-01	9.83146E+00	1.01506E+01
4.00000E-01	1.01124E+01	1.01998E+01
4.00000E-01	1.03933E+01	1.02256E+01
4.00000E-01	1.06742E+01	1.02168E+01
4.00000E-01	1.09551E+01	1.01885E+01
4.00000E-01	1.12360E+01	1.01488E+01
4.00000E-01	1.15169E+01	1.00910E+01
4.00000E-01	1.17978E+01	1.00163E+01
4.00000E-01	1.20787E+01	9.93343E+00
4.00000E-01	1.23596E+01	9.84692E+00
4.00000E-01	1.26404E+01	9.74889E+00
4.00000E-01	1.29213E+01	9.64433E+00
4.00000E-01	1.32022E+01	9.53806E+00
4.00000E-01	1.34831E+01	9.43023E+00
4.00000E-01	1.37640E+01	9.31726E+00
4.00000E-01	1.40449E+01	9.20310E+00
4.00000E-01	1.43258E+01	9.09052E+00
4.00000E-01	1.46067E+01	8.97626E+00
4.00000E-01	1.48876E+01	8.85955E+00
4.00000E-01	1.51685E+01	8.74385E+00
4.00000E-01	1.54494E+01	8.62998E+00
4.00000E-01	1.57303E+01	8.51479E+00
4.00000E-01	1.60112E+01	8.39937E+00
4.00000E-01	1.62921E+01	8.28626E+00
4.00000E-01	1.65730E+01	8.17445E+00
4.00000E-01	1.68539E+01	8.06236E+00
4.00000E-01	1.71348E+01	7.95148E+00
4.00000E-01	1.74157E+01	7.84349E+00
4.00000E-01	1.76966E+01	7.73671E+00
4.00000E-01	1.79775E+01	7.63075E+00
4.00000E-01	1.82584E+01	7.52699E+00
4.00000E-01	1.85393E+01	7.42591E+00
4.00000E-01	1.88202E+01	7.32611E+00
4.00000E-01	1.91011E+01	7.22764E+00
4.00000E-01	1.93820E+01	7.13161E+00
4.00000E-01	1.96629E+01	7.03757E+00
4.00000E-01	1.99438E+01	6.94475E+00
4.00000E-01	2.02247E+01	6.85353E+00
4.00000E-01	2.05056E+01	6.76471E+00
4.00000E-01	2.07865E+01	6.67750E+00
4.00000E-01	2.10674E+01	6.59150E+00
4.00000E-01	2.13483E+01	6.50719E+00
4.00000E-01	2.16292E+01	6.42470E+00
4.00000E-01	2.19101E+01	6.34356E+00
4.00000E-01	2.21910E+01	6.26350E+00
4.00000E-01	2.24719E+01	6.18509E+00
4.00000E-01	2.27528E+01	6.10809E+00
4.00000E-01	2.30337E+01	6.03208E+00
4.00000E-01	2.33146E+01	5.95709E+00
4.00000E-01	2.35955E+01	5.88360E+00
4.00000E-01	2.38764E+01	5.81126E+00
4.00000E-01	2.41573E+01	5.73995E+00
4.00000E-01	2.44382E+01	5.66973E+00
4.00000E-01	2.47191E+01	5.60082E+00
4.00000E-01	2.50000E+01	5.53299E+00
5.00000E-01	0.00000E+00	9.85424E-01
5.00000E-01	2.80899E-01	8.91730E-01
5.00000E-01	5.61798E-01	9.21093E-01
5.00000E-01	8.42697E-01	1.04468E+00
5.00000E-01	1.12360E+00	1.21730E+00
5.00000E-01	1.40449E+00	1.43729E+00
5.00000E-01	1.68539E+00	1.68193E+00
5.00000E-01	1.96629E+00	1.94150E+00
5.00000E-01	2.24719E+00	2.21020E+00
5.00000E-01	2.52809E+00	2.47836E+00
5.00000E-01	2.80899E+00	2.75660E+00
5.00000E-01	3.08989E+00	3.03241E+00
5.00000E-01	3.37079E+00	3.32463E+00
5.00000E-01	3.65169E+00	3.61854E+00
5.00000E-01	3.93258E+00	3.93207E+00
5.00000E-01	4.21348E+00	4.25446E+00
5.00000E-01	4.49438E+00	4.59750E+00
5.00000E-01	4.77528E+00	4.95447E+00
5.00000E-01	5.05618E+00	5.32549E+00
5.00000E-01	5.33708E+00	5.71376E+00
5.00000E-01	5.61798E+00	6.10718E+00
5.00000E-01	5.89888E+00	6.51576E+00
5.00000E-01	6.17978E+00	6.92102E+00
5.00000E-01	6.46067E+00	7.33262E+00
5.00000E-01	6.74157E+00	7.72061E+00
5.00000E-01	7.02247E+00	8.10798E+00
5.00000E-01	7.30337E+00	8.49146E+00
5.00000E-01	7.58427E+00	8.83037E+00
5.00000E-01	7.86517E+00	9.14051E+00
5.00000E-01	8.14607E+00	9.43257E+00
5.00000E-01	8.42697E+00	9.68437E+00
5.00000E-01	8.70787E+00	9.88522E+00
5.00000E-01	8.98876E+00	1.00595E+01
5.00000E-01	9.26966E+00	1.02128E+01
5.00000E-01	9.55056E+00	1.03207E+01
5.00000E-01	9.83146E+00	1.03928E+01
5.00000E-01	1.01124E+01	1.04432E+01
5.00000E-01	1.03933E+01	1.04693E+01
5.00000E-01	1.06742E+01	1.04605E+01
5.00000E-01	1.09551E+01	1.04316E+01
5.00000E-01	1.12360E+01	1.03909E+01
5.00000E-01	1.15169E+01	1.03317E+01
5.00000E-01	1.17978E+01	1.02553E+01
5.00000E-01	1.20787E+01	1.01706E+01
5.00000E-01	1.23596E+01	1.00818E+01
5.00000E-01	1.26404E+01	9.98156E+00
5.00000E-01	1.29213E+01	9.87454E+00
5.00000E-01	1.32022E+01	9.76575E+00
5.00000E-01	1.34831E+01	9.65527E+00
5.00000E-01	1.37640E+01	9.53966E+00
5.00000E-01	1.40449E+01	9.42283E+00
5.00000E-01	1.43258E+01	9.30751E+00
5.00000E-01	1.46067E+01	9.19050E+00
5.00000E-01	1.48876E+01	9.07106E+00
5.00000E-01	1.51685E+01	8.95263E+00
5.00000E-01	1.54494E+01	8.83597E+00
5.00000E-01	1.57303E+01	8.71806E+00
5.00000E-01	1.60112E+01	8.59992E+00
5.00000E-01	1.62921E+01	8.48409E+00
5.00000E-01	1.65730E+01	8.36959E+00
5.00000E-01	1.68539E+01	8.25484E+00
5.00000E-01	1.71348E+01	8.14135E+00
5.00000E-01	1.74157E+01	8.03074E+00
5.00000E-01	1.76966E+01	7.92142E+00
5.00000E-01	1.79775E+01	7.81295E+00
5.00000E-01	1.82584E+01	7.70672E+00
5.00000E-01	1.85393E+01	7.60320E+00
5.00000E-01	1.88202E+01	7.50102E+00
5.00000E-01	1.91011E+01	7.40022E+00
5.00000E-01	1.93820E+01	7.30189E+00
5.00000E-01	1.96629E+01	7.20560E+00
5.00000E-01	1.99438E+01	7.11056E+00
5.00000E-01	2.02247E+01	7.01719E+00
5.00000E-01	2.05056E+01	6.92623E+00
5.00000E-01	2.07865E+01	6.83694E+00
5.00000E-01	2.10674E+01	6.74889E+00
5.00000E-01	2.13483E+01	6.66257E+00
5.00000E-01	2.16292E+01	6.57810E+00
5.00000E-01	2.19101E+01	6.49502E+00
5.00000E-01	2.21910E+01	6.41306E+00
5.00000E-01	2.24719E+01	6.33277E+00
5.00000E-01	2.27528E+01	6.25393E+00
5.00000E-01	2.30337E+01	6.17611E+00
5.00000E-01	2.33146E+01	6.09934E+00
5.00000E-01	2.35955E+01	6.02408E+00
5.00000E-01	2.38764E+01	5.95002E+00
5.00000E-01	2.41573E+01	5.87700E+00
5.00000E-01	2.44382E+01	5.80512E+00
5.00000E-01	2.47191E+01	5.73455E+00
5.00000E-01	2.50000E+01	5.66511E+00
6.00000E-01	0.00000E+00	9.86010E-01
6.00000E-01	2.80899E-01	9.11648E-01
6.00000E-01	5.61798E-01	9.40859E-01
6.00000E-01	8.42697E-01	1.06705E+00
6.00000E-01	1.12360E+00	1.24350E+00
6.00000E-01	1.40449E+00	1.46680E+00
6.00000E-01	1.68539E+00	1.71573E+00
6.00000E-01	1.96629E+00	1.97970E+00
6.00000E-01	2.24719E+00	2.25284E+00
6.00000E-01	2.52809E+00	2.52616E+00
6.00000E-01	2.80899E+00	2.80889E+00
6.00000E-01	3.08989E+00	3.09041E+00
6.00000E-01	3.37079E+00	3.38738E+00
6.00000E-01	3.65169E+00	3.68738E+00
6.00000E-01	3.93258E+00	4.00617E+00
6.00000E-01	4.21348E+00	4.33497E+00
6.00000E-01	4.49438E+00	4.68403E+00
6.00000E-01	4.77528E+00	5.04759E+00
6.00000E-01	5.05618E+00	5.42557E+00
6.00000E-01	5.33708E+00	5.82055E+00
6.00000E-01	5.61798E+00	6.22169E+00
6.00000E-01	5.89888E+00	6.63716E+00
6.00000E-01	6.17978E+00	7.05041E+00
6.00000E-01	6.46067E+00	7.46872E+00
6.00000E-01	6.74157E+00	7.86434E+00
6.00000E-01	7.02247E+00	8.25895E+00
6.00000E-01	7.30337E+00	8.64852E+00
6.00000E-01	7.58427E+00	8.99398E+00
6.00000E-01	7.86517E+00	9.30996E+00
6.00000E-01	8.14607E+00	9.60694E+00
6.00000E-01	8.42697E+00	9.86312E+00
6.00000E-01	8.70787E+00	1.00680E+01
6.00000E-01	8.98876E+00	1.02456E+01
6.00000E-01	9.26966E+00	1.04011E+01
6.00000E-01	9.55056E+00	1.05112E+01
6.00000E-01	9.83146E+00	1.05849E+01
6.00000E-01	1.01124E+01	1.06361E+01
6.00000E-01	1.03933E+01	1.06624E+01
6.00000E-01	1.06742E+01	1.06537E+01
6.00000E-01	1.09551E+01	1.06244E+01
6.00000E-01	1.12360E+01	1.05828E+01
6.00000E-01	1.15169E+01	1.05225E+01
6.00000E-01	1.17978E+01	1.04448E+01
6.00000E-01	1.20787E+01	1.03586E+01
6.00000E-01	1.23596E+01	1.02680E+01
6.00000E-01	1.26404E+01	1.01660E+01
6.00000E-01	1.29213E+01	1.00571E+01
6.00000E-01	1.32022E+01	9.94630E+00
6.00000E-01	1.34831E+01	9.83369E+00
6.00000E-01	1.37640E+01	9.71602E+00
6.00000E-01	1.40449E+01	9.59708E+00
6.00000E-01	1.43258E+01	9.47956E+00
6.00000E-01	1.46067E+01	9.36038E+00
6.00000E-01	1.48876E+01	9.23879E+00
6.00000E-01	1.51685E+01	9.11819E+00
6.00000E-01	1.54494E+01	8.99930E+00
6.00000E-01	1.57303E+01	8.87923E+00
6.00000E-01	1.60112E+01	8.75896E+00
6.00000E-01	1.62921E+01	8.64098E+00
6.00000E-01	1.65730E+01	8.52433E+00
6.00000E-01	1.68539E+01	8.40748E+00
6.00000E-01	1.71348E+01	8.29193E+00
6.00000E-01	1.74157E+01	8.17924E+00
6.00000E-01	1.76966E+01	8.06789E+00
6.00000E-01	1.79775E+01	7.95744E+00
6.00000E-01	1.82584E+01	7.84927E+00
6.00000E-01	1.85393E+01	7.74380E+00
6.00000E-01	1.88202E+01	7.63974E+00
6.00000E-01	1.91011E+01	7.53709E+00
6.00000E-01	1.93820E+01	7.43694E+00
6.00000E-01	1.96629E+01	7.33885E+00
6.00000E-01	1.99438E+01	7.24207E+00
6.00000E-01	2.02247E+01	7.14699E+00
6.00000E-01	2.05056E+01	7.05432E+00
6.00000E-01	2.07865E+01	6.96338E+00
6.00000E-01	2.10674E+01	6.87371E+00
6.00000E-01	2.13483E+01	6.78580E+00
6.00000E-01	2.16292E+01	6.69976E+00
6.00000E-01	2.19101E+01	6.61513E+00
6.00000E-01	2.21910E+01	6.53168E+00
6.00000E-01	2.24719E+01	6.44990E+00
6.00000E-01	2.27528E+01	6.36960E+00
6.00000E-01	2.30337E+01	6.29033E+00
6.00000E-01	2.33146E+01	6.21215E+00
6.00000E-01	2.35955E+01	6.13549E+00
6.00000E-01	2.38764E+01	6.06006E+00
6.00000E-01	2.41573E+01	5.98570E+00
6.00000E-01	2.44382E+01	5.91249E+00
6.00000E-01	2.47191E+01	5.84062E+00
6.00000E-01	2.50000E+01	5.76988E+00
7.00000E-01	0.00000E+00	9.86796E-01
7.00000E-01	2.80899E-01	9.29486E-01
7.00000E-01	5.61798E-01	9.57827E-01
7.00000E-01	8.42697E-01	1.08611E+00
7.00000E-01	1.12360E+00	1.26582E+00
7.00000E-01	1.40449E+00	1.49165E+00
7.00000E-01	1.68539E+00	1.74390E+00
7.00000E-01	1.96629E+00	2.01131E+00
7.00000E-01	2.24719E+00	2.28789E+00
7.00000E-01	2.52809E+00	2.56538E+00
7.00000E-01	2.80899E+00	2.85158E+00
7.00000E-01	3.08989E+00	3.13779E+00
7.00000E-01	3.37079E+00	3.43844E+00
7.00000E-01	3.65169E+00	3.74344E+00
7.00000E-01	3.93258E+00	4.06637E+00
7.00000E-01	4.21348E+00	4.40040E+00
7.00000E-01	4.49438E+00	4.75426E+00
7.00000E-01	4.77528E+00	5.12311E+00
7.00000E-01	5.05618E+00	5.50670E+00
7.00000E-01	5.33708E+00	5.90700E+00
7.00000E-01	5.61798E+00	6.31439E+00
7.00000E-01	5.89888E+00	6.73527E+00
7.00000E-01	6.17978E+00	7.15499E+00
7.00000E-01	6.46067E+00	7.57849E+00
7.00000E-01	6.74157E+00	7.98037E+00
7.00000E-01	7.02247E+00	8.38076E+00
7.00000E-01	7.30337E+00	8.77491E+00
7.00000E-01	7.58427E+00	9.12571E+00
7.00000E-01	7.86517E+00	9.44642E+00
7.00000E-01	8.14607E+00	9.74720E+00
7.00000E-01	8.42697E+00	1.00068E+01
7.00000E-01	8.70787E+00	1.02151E+01
7.00000E-01	8.98876E+00	1.03954E+01
7.00000E-01	9.26966E+00	1.05524E+01
7.00000E-01	9.55056E+00	1.06644E+01
7.00000E-01	9.83146E+00	1.07393E+01
7.00000E-01	1.01124E+01	1.07912E+01
7.00000E-01	1.03933E+01	1.08175E+01
7.00000E-01	1.06742E+01	1.08091E+01
7.00000E-01	1.09551E+01	1.07794E+01
7.00000E-01	1.12360E+01	1.07370E+01
7.00000E-01	1.15169E+01	1.06759E+01
7.00000E-01	1.17978E+01	1.05972E+01
7.00000E-01	1.20787E+01	1.05099E+01
7.00000E-01	1.23596E+01	1.04177E+01
7.00000E-01	1.26404E+01	1.03144E+01
7.00000E-01	1.29213E+01	1.02039E+01
7.00000E-01	1.32022E+01	1.00915E+01
7.00000E-01	1.34831E+01	9.97717E+00
7.00000E-01	1.37640E+01	9.85787E+00
7.00000E-01	1.40449E+01	9.73726E+00
7.00000E-01	1.43258E+01	9.61795E+00
7.00000E-01	1.46067E+01	9.49701E+00
7.00000E-01	1.48876E+01	9.37372E+00
7.00000E-01	1.51685E+01	9.25138E+00
7.00000E-01	1.54494E+01	9.13068E+00
7.00000E-01	1.57303E+01	9.00888E+00
7.00000E-01	1.60112E+01	8.88691E+00
7.00000E-01	1.62921E+01	8.76719E+00
7.00000E-01	1.65730E+01	8.64880E+00
7.00000E-01	1.68539E+01	8.53028E+00
7.00000E-01	1.71348E+01	8.41308E+00
7.00000E-01	1.74157E+01	8.29870E+00
7.00000E-01	1.76966E+01	8.18572E+00
7.00000E-01	1.79775E+01	8.07369E+00
7.00000E-01	1.82584E+01	7.96395E+00
7.00000E-01	1.85393E+01	7.85691E+00
7.00000E-01	1.88202E+01	7.75133E+00
7.00000E-01	1.91011E+01	7.64722E+00
7.00000E-01	1.93820E+01	7.54559E+00
7.00000E-01	1.96629E+01	7.44605E+00
7.00000E-01	1.99438E+01	7.34787E+00
7.00000E-01	2.02247E+01	7.25142E+00
7.00000E-01	2.05056E+01	7.15738E+00
7.00000E-01	2.07865E+01	7.06510E+00
7.00000E-01	2.10674E+01	6.97414E+00
7.00000E-01	2.13483E+01	6.88494E+00
7.00000E-01	2.16292E+01	6.79764E+00
7.00000E-01	2.19101E+01	6.71177E+00
7.00000E-01	2.21910E+01	6.62711E+00
7.00000E-01	2.24719E+01	6.54413E+00
7.00000E-01	2.27528E+01	6.46265E+00
7.00000E-01	2.30337E+01	6.38223E+00
7.00000E-01	2.33146E+01	6.30292E+00
7.00000E-01	2.35955E+01	6.22513E+00
7.00000E-01	2.38764E+01	6.14860E+00
7.00000E-01	2.41573E+01	6.07315E+00
7.00000E-01	2.44382E+01	5.99887E+00
7.00000E-01	2.47191E+01	5.92595E+00
7.00000E-01	2.50000E+01	5.85418E+00
8.00000E-01	0.00000E+00	9.87717E-01
8.00000E-01	2.80899E-01	9.44085E-01
8.00000E-01	5.61798E-01	9.73147E-01
8.00000E-01	8.42697E-01	1.10264E+00
8.00000E-01	1.12360E+00	1.28512E+00
8.00000E-01	1.40449E+00	1.51292E+00
8.00000E-01	1.68539E+00	1.76771E+00
8.00000E-01	1.96629E+00	2.03779E+00
8.00000E-01	2.24719E+00	2.31702E+00
8.00000E-01	2.52809E+00	2.59785E+00
8.00000E-01	2.80899E+00	2.88676E+00
8.00000E-01	3.08989E+00	3.17679E+00
8.00000E-01	3.37079E+00	3.48033E+00
8.00000E-01	3.65169E+00	3.78942E+00
8.00000E-01	3.93258E+00	4.11564E+00
8.00000E-01	4.21348E+00	4.45393E+00
8.00000E-01	4.49438E+00	4.81165E+00
8.00000E-01	4.77528E+00	5.18476E+00
8.00000E-01	5.05618E+00	5.57288E+00
8.00000E-01	5.33708E+00	5.97741E+00
8.00000E-01	5.61798E+00	6.38987E+00
8.00000E-01	5.89888E+00	6.81501E+00
8.00000E-01	6.17978E+00	7.23995E+00
8.00000E-01	6.46067E+00	7.66744E+00
8.00000E-01	6.74157E+00	8.07449E+00
8.00000E-01	7.02247E+00	8.47948E+00
8.00000E-01	7.30337E+00	8.87705E+00
8.00000E-01	7.58427E+00	9.23220E+00
8.00000E-01	7.86517E+00	9.55678E+00
8.00000E-01	8.14607E+00	9.86044E+00
8.00000E-01	8.42697E+00	1.01226E+01
8.00000E-01	8.70787E+00	1.03339E+01
8.00000E-01	8.98876E+00	1.05163E+01
8.00000E-01	9.26966E+00	1.06744E+01
8.00000E-01	9.55056E+00	1.07879E+01
8.00000E-01	9.83146E+00	1.08639E+01
8.00000E-01	1.01124E+01	1.09164E+01
8.00000E-01	1.03933E+01	1.09426E+01
8.00000E-01	1.06742E+01	1.09344E+01
8.00000E-01	1.09551E+01	1.09046E+01
8.00000E-01	1.12360E+01	1.08614E+01
8.00000E-01	1.15169E+01	1.07996E+01
8.00000E-01	1.17978E+01	1.07202E+01
8.00000E-01	1.20787E+01	1.06320E+01
8.00000E-01	1.23596E+01	1.05385E+01
8.00000E-01	1.26404E+01	1.04341E+01
8.00000E-01	1.29213E+01	1.03225E+01
8.00000E-01	1.32022E+01	1.02088E+01
8.00000E-01	1.34831E+01	1.00930E+01
8.00000E-01	1.37640E+01	9.97241E+00
8.00000E-01	1.40449E+01	9.85047E+00
8.00000E-01	1.43258E+01	9.72968E+00
8.00000E-01	1.46067E+01	9.60732E+00
8.00000E-01	1.48876E+01	9.48268E+00
8.00000E-01	1.51685E+01	9.35894E+00
8.00000E-01	1.54494E+01	9.23676E+00
8.00000E-01	1.57303E+01	9.11357E+00
8.00000E-01	1.60112E+01	8.99025E+00
8.00000E-01	1.62921E+01	8.86911E+00
8.00000E-01	1.65730E+01	8.74930E+00
8.00000E-01	1.68539E+01	8.62944E+00
8.00000E-01	1.71348E+01	8.51093E+00
8.00000E-01	1.74157E+01	8.39518E+00
8.00000E-01	1.76966E+01	8.28088E+00
8.00000E-01	1.79775E+01	8.16758E+00
8.00000E-01	1.82584E+01	8.05658E+00
8.00000E-01	1.85393E+01	7.94827E+00
8.00000E-01	1.88202E+01	7.84146E+00
8.00000E-01	1.91011E+01	7.73616E+00
8.00000E-01	1.93820E+01	7.63335E+00
8.00000E-01	1.96629E+01	7.53264E+00
8.00000E-01	1.99438E+01	7.43332E+00
8.00000E-01	2.02247E+01	7.33577E+00
8.00000E-01	2.05056E+01	7.24062E+00
8.00000E-01	2.07865E+01	7.14726E+00
8.00000E-01	2.10674E+01	7.05525E+00
8.00000E-01	2.13483E+01	6.96502E+00
8.00000E-01	2.16292E+01	6.87670E+00
8.00000E-01	2.19101E+01	6.78982E+00
8.00000E-01	2.21910E+01	6.70420E+00
8.00000E-01	2.24719E+01	6.62025E+00
8.00000E-01	2.27528E+01	6.53781E+00
8.00000E-01	2.30337E+01	6.45645E+00
8.00000E-01	2.33146E+01	6.37623E+00
8.00000E-01	2.35955E+01	6.29753E+00
8.00000E-01	2.38764E+01	6.22011E+00
8.00000E-01	2.41573E+01	6.14378E+00
8.00000E-01	2.44382E+01	6.06865E+00
8.00000E-01	2.47191E+01	5.99488E+00
8.00000E-01	2.50000E+01	5.92227E+00
9.00000E-01	0.00000E+00	9.88753E-01
9.00000E-01	2.80899E-01	9.55315E-01
9.00000E-01	5.61798E-01	9.87646E-01
9.00000E-01	8.42697E-01	1.11718E+00
9.00000E-01	1.12360E+00	1.30195E+00
9.00000E-01	1.40449E+00	1.53126E+00
9.00000E-01	1.68539E+00	1.78795E+00
9.00000E-01	1.96629E+00	2.06004E+00
9.00000E-01	2.24719E+00	2.34127E+00
9.00000E-01	2.52809E+00	2.62475E+00
9.00000E-01	2.80899E+00	2.91574E+00
9.00000E-01	3.08989E+00	3.20887E+00
9.00000E-01	3.37079E+00	3.51466E+00
9.00000E-01	3.65169E+00	3.82706E+00
9.00000E-01	3.93258E+00	4.15589E+00
9.00000E-01	4.21348E+00	4.49762E+00
9.00000E-01	4.49438E+00	4.85840E+00
9.00000E-01	4.77528E+00	5.23492E+00
9.00000E-01	5.05618E+00	5.62667E+00
9.00000E-01	5.33708E+00	6.03454E+00
9.00000E-01	5.61798E+00	6.45106E+00
9.00000E-01	5.89888E+00	6.87952E+00
9.00000E-01	6.17978E+00	7.30861E+00
9.00000E-01	6.46067E+00	7.73913E+00
9.00000E-01	6.74157E+00	8.15042E+00
9.00000E-01	7.02247E+00	8.55901E+00
9.00000E-01	7.30337E+00	8.95905E+00
9.00000E-01	7.58427E+00	9.31772E+00
9.00000E-01	7.86517E+00	9.64543E+00
9.00000E-01	8.14607E+00	9.95121E+00
9.00000E-01	8.42697E+00	1.02154E+01
9.00000E-01	8.70787E+00	1.04291E+01
9.00000E-01	8.98876E+00	1.06133E+01
9.00000E-01	9.26966E+00	1.07720E+01
9.00000E-01	9.55056E+00	1.08868E+01
9.00000E-01	9.83146E+00	1.09638E+01
9.00000E-01	1.01124E+01	1.10166E+01
9.00000E-01	1.03933E+01	1.10427E+01
9.00000E-01	1.06742E+01	1.10348E+01
9.00000E-01	1.09551E+01	1.10048E+01
9.00000E-01	1.12360E+01	1.09611E+01
9.00000E-01	1.15169E+01	1.08987E+01
9.00000E-01	1.17978E+01	1.08188E+01
9.00000E-01	1.20787E+01	1.07299E+01
9.00000E-01	1.23596E+01	1.06353E+01
9.00000E-01	1.26404E+01	1.05300E+01
9.00000E-01	1.29213E+01	1.04175E+01
9.00000E-01	1.32022E+01	1.03028E+01
9.00000E-01	1.34831E+01	1.01858E+01
9.00000E-01	1.37640E+01	1.00642E+01
9.00000E-01	1.40449E+01	9.94123E+00
9.00000E-01	1.43258E+01	9.81926E+00
9.00000E-01	1.46067E+01	9.69574E+00
9.00000E-01	1.48876E+01	9.57004E+00
9.00000E-01	1.51685E+01	9.44519E+00
9.00000E-01	1.54494E+01	9.32180E+00
9.00000E-01	1.57303E+01	9.19751E+00
9.00000E-01	1.60112E+01	9.07311E+00
9.00000E-01	1.62921E+01	8.95084E+00
9.00000E-01	1.65730E+01	8.82989E+00
9.00000E-01	1.68539E+01	8.70896E+00
9.00000E-01	1.71348E+01	8.58940E+00
9.00000E-01	1.74157E+01	8.47255E+00
9.00000E-01	1.76966E+01	8.35718E+00
9.00000E-01	1.79775E+01	8.24288E+00
9.00000E-01	1.82584E+01	8.13087E+00
9.00000E-01	1.85393E+01	8.02153E+00
9.00000E-01	1.88202E+01	7.91374E+00
9.00000E-01	1.91011E+01	7.80750E+00
9.00000E-01	1.93820E+01	7.70373E+00
9.00000E-01	1.96629E+01	7.60207E+00
9.00000E-01	1.99438E+01	7.50185E+00
9.00000E-01	2.02247E+01	7.40342E+00
9.00000E-01	2.05056E+01	7.30738E+00
9.00000E-01	2.07865E+01	7.21315E+00
9.00000E-01	2.10674E+01	7.12031E+00
9.00000E-01	2.13483E+01	7.02925E+00
9.00000E-01	2.16292E+01	6.94010E+00
9.00000E-01	2.19101E+01	6.85242E+00
9.00000E-01	2.21910E+01	6.76602E+00
9.00000E-01	2.24719E+01	6.68129E+00
9.00000E-01	2.27528E+01	6.59808E+00
9.00000E-01	2.30337E+01	6.51598E+00
9.00000E-01	2.33146E+01	6.43503E+00
9.00000E-01	2.35955E+01	6.35560E+00
9.00000E-01	2.38764E+01	6.27746E+00
9.00000E-01	2.41573E+01	6.20044E+00
9.00000E-01	2.44382E+01	6.12462E+00
9.00000E-01	2.47191E+01	6.05016E+00
9.00000E-01	2.50000E+01	5.97688E+00
1.00000E+00	0.00000E+00	9.89905E-01
1.00000E+00	2.80899E-01	9.63901E-01
1.00000E+00	5.61798E-01	1.00176E+00
1.00000E+00	8.42697E-01	1.13020E+00
1.00000E+00	1.12360E+00	1.31667E+00
1.00000E+00	1.40449E+00	1.54709E+00
1.00000E+00	1.68539E+00	1.80512E+00
1.00000E+00	1.96629E+00	2.07867E+00
1.00000E+00	2.24719E+00	2.36135E+00
1.00000E+00	2.52809E+00	2.64685E+00
1.00000E+00	2.80899E+00	2.93941E+00
1.00000E+00	3.08989E+00	3.23498E+00
1.00000E+00	3.37079E+00	3.54248E+00
1.00000E+00	3.65169E+00	3.85751E+00
1.00000E+00	3.93258E+00	4.18839E+00
1.00000E+00	4.21348E+00	4.53283E+00
1.00000E+00	4.49438E+00	4.89600E+00
1.00000E+00	4.77528E+00	5.27520E+00
1.00000E+00	5.05618E+00	5.66979E+00
1.00000E+00	5.33708E+00	6.08023E+00
1.00000E+00	5.61798E+00	6.49993E+00
1.00000E+00	5.89888E+00	6.93091E+00
1.00000E+00	6.17978E+00	7.36321E+00
1.00000E+00	6.46067E+00	7.79594E+00
1.00000E+00	6.74157E+00	8.21064E+00
1.00000E+00	7.02247E+00	8.62199E+00
1.00000E+00	7.30337E+00	9.02367E+00
1.00000E+00	7.58427E+00	9.38513E+00
1.00000E+00	7.86517E+00	9.71533E+00
1.00000E+00	8.14607E+00	1.00226E+01
1.00000E+00	8.42697E+00	1.02882E+01
1.00000E+00	8.70787E+00	1.05039E+01
1.00000E+00	8.98876E+00	1.06895E+01
1.00000E+00	9.26966E+00	1.08487E+01
1.00000E+00	9.55056E+00	1.09644E+01
1.00000E+00	9.83146E+00	1.10422E+01
1.00000E+00	1.01124E+01	1.10953E+01
1.00000E+00	1.03933E+01	1.11213E+01
1.00000E+00	1.06742E+01	1.11136E+01
1.00000E+00	1.09551E+01	1.10836E+01
1.00000E+00	1.12360E+01	1.10394E+01
1.00000E+00	1.15169E+01	1.09765E+01
1.00000E+00	1.17978E+01	1.08963E+01
1.00000E+00	1.20787E+01	1.08068E+01
1.00000E+00	1.23596E+01	1.07114E+01
1.00000E+00	1.26404E+01	1.06055E+01
1.00000E+00	1.29213E+01	1.04922E+01
1.00000E+00	1.32022E+01	1.03767E+01
1.00000E+00	1.34831E+01	1.02588E+01
1.00000E+00	1.37640E+01	1.01364E+01
1.00000E+00	1.40449E+01	1.00126E+01
1.00000E+00	1.43258E+01	9.88969E+00
1.00000E+00	1.46067E+01	9.76527E+00
1.00000E+00	1.48876E+01	9.63875E+00
1.00000E+00	1.51685E+01	9.51303E+00
1.00000E+00	1.54494E+01	9.38868E+00
1.00000E+00	1.57303E+01	9.26352E+00
1.00000E+00	1.60112E+01	9.13830E+00
1.00000E+00	1.62921E+01	9.01512E+00
1.00000E+00	1.65730E+01	8.89327E+00
1.00000E+00	1.68539E+01	8.77151E+00
1.00000E+00	1.71348E+01	8.65114E+00
1.00000E+00	1.74157E+01	8.53341E+00
1.00000E+00	1.76966E+01	8.41720E+00
1.00000E+00	1.79775E+01	8.30212E+00
1.00000E+00	1.82584E+01	8.18932E+00
1.00000E+00	1.85393E+01	8.07916E+00
1.00000E+00	1.88202E+01	7.97060E+00
1.00000E+00	1.91011E+01	7.86363E+00
1.00000E+00	1.93820E+01	7.75910E+00
1.00000E+00	1.96629E+01	7.65670E+00
1.00000E+00	1.99438E+01	7.55577E+00
1.00000E+00	2.02247E+01	7.45666E+00
1.00000E+00	2.05056E+01	7.35991E+00
1.00000E+00	2.07865E+01	7.26499E+00
1.00000E+00	2.10674E+01	7.17150E+00
1.00000E+00	2.13483E+01	7.07979E+00
1.00000E+00	2.16292E+01	6.98999E+00
1.00000E+00	2.19101E+01	6.90167E+00
1.00000E+00	2.21910E+01	6.81467E+00
1.00000E+00	2.24719E+01	6.72933E+00
1.00000E+00	2.27528E+01	6.64551E+00
1.00000E+00	2.30337E+01	6.56282E+00
1.00000E+00	2.33146E+01	6.48130E+00
1.00000E+00	2.35955E+01	6.40129E+00
1.00000E+00	2.38764E+01	6.32259E+00
1.00000E+00	2.41573E+01	6.24501E+00
1.00000E+00	2.44382E+01	6.16865E+00
1.00000E+00	2.47191E+01	6.09365E+00
1.00000E+00	2.50000E+01	6.01985E+00
1.50000E+00	0.00000E+00	9.97554E-01
1.50000E+00	2.80899E-01	9.94191E-01
1.50000E+00	5.61798E-01	1.06430E+00
1.50000E+00	8.42697E-01	1.18371E+00
1.50000E+00	1.12360E+00	1.36750E+00
1.50000E+00	1.40449E+00	1.59723E+00
1.50000E+00	1.68539E+00	1.85539E+00
1.50000E+00	1.96629E+00	2.12960E+00
1.50000E+00	2.24719E+00	2.41303E+00
1.50000E+00	2.52809E+00	2.70141E+00
1.50000E+00	2.80899E+00	2.99573E+00
1.50000E+00	3.08989E+00	3.29580E+00
1.50000E+00	3.37079E+00	3.60577E+00
1.50000E+00	3.65169E+00	3.92592E+00
1.50000E+00	3.93258E+00	4.26025E+00
1.50000E+00	4.21348E+00	4.60988E+00
1.50000E+00	4.49438E+00	4.97705E+00
1.50000E+00	4.77528E+00	5.36081E+00
1.50000E+00	5.05618E+00	5.76033E+00
1.50000E+00	5.33708E+00	6.17457E+00
1.50000E+00	5.61798E+00	6.59970E+00
1.50000E+00	5.89888E+00	7.03394E+00
1.50000E+00	6.17978E+00	7.47108E+00
1.50000E+00	6.46067E+00	7.90560E+00
1.50000E+00	6.74157E+00	8.32710E+00
1.50000E+00	7.02247E+00	8.74198E+00
1.50000E+00	7.30337E+00	9.14284E+00
1.50000E+00	7.58427E+00	9.50916E+00
1.50000E+00	7.86517E+00	9.84391E+00
1.50000E+00	8.14607E+00	1.01512E+01
1.50000E+00	8.42697E+00	1.04179E+01
1.50000E+00	8.70787E+00	1.06386E+01
1.50000E+00	8.98876E+00	1.08266E+01
1.50000E+00	9.26966E+00	1.09843E+01
1.50000E+00	9.55056E+00	1.11017E+01
1.50000E+00	9.83146E+00	1.11821E+01
1.50000E+00	1.01124E+01	1.12351E+01
1.50000E+00	1.03933E+01	1.12600E+01
1.50000E+00	1.06742E+01	1.12537E+01
1.50000E+00	1.09551E+01	1.12244E+01
1.50000E+00	1.12360E+01	1.11788E+01
1.50000E+00	1.15169E+01	1.11151E+01
1.50000E+00	1.17978E+01	1.10351E+01
1.50000E+00	1.20787E+01	1.09449E+01
1.50000E+00	1.23596E+01	1.08475E+01
1.50000E+00	1.26404E+01	1.07407E+01
1.50000E+00	1.29213E+01	1.06267E+01
1.50000E+00	1.32022E+01	1.05097E+01
1.50000E+00	1.34831E+01	1.03900E+01
1.50000E+00	1.37640E+01	1.02665E+01
1.50000E+00	1.40449E+01	1.01415E+01
1.50000E+00	1.43258E+01	1.00166E+01
1.50000E+00	1.46067E+01	9.89048E+00
1.50000E+00	1.48876E+01	9.76280E+00
1.50000E+00	1.51685E+01	9.63558E+00
1.50000E+00	1.54494E+01	9.50929E+00
1.50000E+00	1.57303E+01	9.38264E+00
1.50000E+00	1.60112E+01	9.25616E+00
1.50000E+00	1.62921E+01	9.13131E+00
1.50000E+00	1.65730E+01	9.00770E+00
1.50000E+00	1.68539E+01	8.88460E+00
1.50000E+00	1.71348E+01	8.76290E+00
1.50000E+00	1.74157E+01	8.64350E+00
1.50000E+00	1.76966E+01	8.52575E+00
1.50000E+00	1.79775E+01	8.40939E+00
1.50000E+00	1.82584E+01	8.29521E+00
1.50000E+00	1.85393E+01	8.18348E+00
1.50000E+00	1.88202E+01	8.07353E+00
1.50000E+00	1.91011E+01	7.96534E+00
1.50000E+00	1.93820E+01	7.85943E+00
1.50000E+00	1.96629E+01	7.75561E+00
1.50000E+00	1.99438E+01	7.65345E+00
1.50000E+00	2.02247E+01	7.55316E+00
1.50000E+00	2.05056E+01	7.45509E+00
1.50000E+00	2.07865E+01	7.35890E+00
1.50000E+00	2.10674E+01	7.26426E+00
1.50000E+00	2.13483E+01	7.17141E+00
1.50000E+00	2.16292E+01	7.08039E+00
1.50000E+00	2.19101E+01	6.99091E+00
1.50000E+00	2.21910E+01	6.90285E+00
1.50000E+00	2.24719E+01	6.81639E+00
1.50000E+00	2.27528E+01	6.73143E+00
1.50000E+00	2.30337E+01	6.64769E+00
1.50000E+00	2.33146E+01	6.56518E+00
1.50000E+00	2.35955E+01	6.48411E+00
1.50000E+00	2.38764E+01	6.40437E+00
1.50000E+00	2.41573E+01	6.32581E+00
1.50000E+00	2.44382E+01	6.24850E+00
1.50000E+00	2.47191E+01	6.17251E+00
1.50000E+00	2.50000E+01	6.09776E+00
2.00000E+00	0.00000E+00	1.00793E+00
2.00000E+00	2.80899E-01	1.02425E+00
2.00000E+00	5.61798E-01	1.10218E+00
2.00000E+00	8.42697E-01	1.22728E+00
2.00000E+00	1.12360E+00	1.39773E+00
2.00000E+00	1.40449E+00	1.61480E+00
2.00000E+00	1.68539E+00	1.86314E+00
2.00000E+00	1.96629E+00	2.12937E+00
2.00000E+00	2.24719E+00	2.40571E+00
2.00000E+00	2.52809E+00	2.68834E+00
2.00000E+00	2.80899E+00	2.97702E+00
2.00000E+00	3.08989E+00	3.27255E+00
2.00000E+00	3.37079E+00	3.57742E+00
2.00000E+00	3.65169E+00	3.89324E+00
2.00000E+00	3.93258E+00	4.22264E+00
2.00000E+00	4.21348E+00	4.56741E+00
2.00000E+00	4.49438E+00	4.92883E+00
2.00000E+00	4.77528E+00	5.30655E+00
2.00000E+00	5.05618E+00	5.69965E+00
2.00000E+00	5.33708E+00	6.10662E+00
2.00000E+00	5.61798E+00	6.52452E+00
2.00000E+00	5.89888E+00	6.95034E+00
2.00000E+00	6.17978E+00	7.37896E+00
2.00000E+00	6.46067E+00	7.80413E+00
2.00000E+00	6.74157E+00	8.21925E+00
2.00000E+00	7.02247E+00	8.62529E+00
2.00000E+00	7.30337E+00	9.01498E+00
2.00000E+00	7.58427E+00	9.37473E+00
2.00000E+00	7.86517E+00	9.70378E+00
2.00000E+00	8.14607E+00	1.00028E+01
2.00000E+00	8.42697E+00	1.02633E+01
2.00000E+00	8.70787E+00	1.04820E+01
2.00000E+00	8.98876E+00	1.06668E+01
2.00000E+00	9.26966E+00	1.08195E+01
2.00000E+00	9.55056E+00	1.09349E+01
2.00000E+00	9.83146E+00	1.10152E+01
2.00000E+00	1.01124E+01	1.10669E+01
2.00000E+00	1.03933E+01	1.10904E+01
2.00000E+00	1.06742E+01	1.10853E+01
2.00000E+00	1.09551E+01	1.10575E+01
2.00000E+00	1.12360E+01	1.10121E+01
2.00000E+00	1.15169E+01	1.09496E+01
2.00000E+00	1.17978E+01	1.08718E+01
2.00000E+00	1.20787E+01	1.07835E+01
2.00000E+00	1.23596E+01	1.06871E+01
2.00000E+00	1.26404E+01	1.05822E+01
2.00000E+00	1.29213E+01	1.04708E+01
2.00000E+00	1.32022E+01	1.03556E+01
2.00000E+00	1.34831E+01	1.02374E+01
2.00000E+00	1.37640E+01	1.01162E+01
2.00000E+00	1.40449E+01	9.99332E+00
2.00000E+00	1.43258E+01	9.87003E+00
2.00000E+00	1.46067E+01	9.74570E+00
2.00000E+00	1.48876E+01	9.62027E+00
2.00000E+00	1.51685E+01	9.49503E+00
2.00000E+00	1.54494E+01	9.37037E+00
2.00000E+00	1.57303E+01	9.24569E+00
2.00000E+00	1.60112E+01	9.12135E+00
2.00000E+00	1.62921E+01	8.99829E+00
2.00000E+00	1.65730E+01	8.87638E+00
2.00000E+00	1.68539E+01	8.75526E+00
2.00000E+00	1.71348E+01	8.63554E+00
2.00000E+00	1.74157E+01	8.51780E+00
2.00000E+00	1.76966E+01	8.40174E+00
2.00000E+00	1.79775E+01	8.28725E+00
2.00000E+00	1.82584E+01	8.17482E+00
2.00000E+00	1.85393E+01	8.06462E+00
2.00000E+00	1.88202E+01	7.95629E+00
2.00000E+00	1.91011E+01	7.84978E+00
2.00000E+00	1.93820E+01	7.74541E+00
2.00000E+00	1.96629E+01	7.64304E+00
2.00000E+00	1.99438E+01	7.54242E+00
2.00000E+00	2.02247E+01	7.44368E+00
2.00000E+00	2.05056E+01	7.34699E+00
2.00000E+00	2.07865E+01	7.25215E+00
2.00000E+00	2.10674E+01	7.15894E+00
2.00000E+00	2.13483E+01	7.06746E+00
2.00000E+00	2.16292E+01	6.97772E+00
2.00000E+00	2.19101E+01	6.88953E+00
2.00000E+00	2.21910E+01	6.80279E+00
2.00000E+00	2.24719E+01	6.71758E+00
2.00000E+00	2.27528E+01	6.63381E+00
2.00000E+00	2.30337E+01	6.55129E+00
2.00000E+00	2.33146E+01	6.47003E+00
2.00000E+00	2.35955E+01	6.39014E+00
2.00000E+00	2.38764E+01	6.31154E+00
2.00000E+00	2.41573E+01	6.23414E+00
2.00000E+00	2.44382E+01	6.15797E+00
2.00000E+00	2.47191E+01	6.08308E+00
2.00000E+00	2.50000E+01	6.00942E+00
2.50000E+00	0.00000E+00	1.01978E+00
2.50000E+00	2.80899E-01	1.04929E+00
2.50000E+00	5.61798E-01	1.12381E+00
2.50000E+00	8.42697E-01	1.25581E+00
2.50000E+00	1.12360E+00	1.41787E+00
2.50000E+00	1.40449E+00	1.61649E+00
2.50000E+00	1.68539E+00	1.84675E+00
2.50000E+00	1.96629E+00	2.09768E+00
2.50000E+00	2.24719E+00	2.36096E+00
2.50000E+00	2.52809E+00	2.63221E+00
2.50000E+00	2.80899E+00	2.91028E+00
2.50000E+00	3.08989E+00	3.19582E+00
2.50000E+00	3.37079E+00	3.49059E+00
2.50000E+00	3.65169E+00	3.79638E+00
2.50000E+00	3.93258E+00	4.11526E+00
2.50000E+00	4.21348E+00	4.44894E+00
2.50000E+00	4.49438E+00	4.79834E+00
2.50000E+00	4.77528E+00	5.16325E+00
2.50000E+00	5.05618E+00	5.54275E+00
2.50000E+00	5.33708E+00	5.93519E+00
2.50000E+00	5.61798E+00	6.33792E+00
2.50000E+00	5.89888E+00	6.74762E+00
2.50000E+00	6.17978E+00	7.15959E+00
2.50000E+00	6.46067E+00	7.56808E+00
2.50000E+00	6.74157E+00	7.96805E+00
2.50000E+00	7.02247E+00	8.35748E+00
2.50000E+00	7.30337E+00	8.72976E+00
2.50000E+00	7.58427E+00	9.07544E+00
2.50000E+00	7.86517E+00	9.39188E+00
2.50000E+00	8.14607E+00	9.67771E+00
2.50000E+00	8.42697E+00	9.92746E+00
2.50000E+00	8.70787E+00	1.01392E+01
2.50000E+00	8.98876E+00	1.03172E+01
2.50000E+00	9.26966E+00	1.04629E+01
2.50000E+00	9.55056E+00	1.05741E+01
2.50000E+00	9.83146E+00	1.06523E+01
2.50000E+00	1.01124E+01	1.07018E+01
2.50000E+00	1.03933E+01	1.07241E+01
2.50000E+00	1.06742E+01	1.07200E+01
2.50000E+00	1.09551E+01	1.06940E+01
2.50000E+00	1.12360E+01	1.06502E+01
2.50000E+00	1.15169E+01	1.05900E+01
2.50000E+00	1.17978E+01	1.05157E+01
2.50000E+00	1.20787E+01	1.04308E+01
2.50000E+00	1.23596E+01	1.03375E+01
2.50000E+00	1.26404E+01	1.02365E+01
2.50000E+00	1.29213E+01	1.01293E+01
2.50000E+00	1.32022E+01	1.00181E+01
2.50000E+00	1.34831E+01	9.90385E+00
2.50000E+00	1.37640E+01	9.78689E+00
2.50000E+00	1.40449E+01	9.66830E+00
2.50000E+00	1.43258E+01	9.54895E+00
2.50000E+00	1.46067E+01	9.42869E+00
2.50000E+00	1.48876E+01	9.30762E+00
2.50000E+00	1.51685E+01	9.18658E+00
2.50000E+00	1.54494E+01	9.06590E+00
2.50000E+00	1.57303E+01	8.94538E+00
2.50000E+00	1.60112E+01	8.82530E+00
2.50000E+00	1.62921E+01	8.70626E+00
2.50000E+00	1.65730E+01	8.58829E+00
2.50000E+00	1.68539E+01	8.47127E+00
2.50000E+00	1.71348E+01	8.35560E+00
2.50000E+00	1.74157E+01	8.24167E+00
2.50000E+00	1.76966E+01	8.12940E+00
2.50000E+00	1.79775E+01	8.01876E+00
2.50000E+00	1.82584E+01	7.91006E+00
2.50000E+00	1.85393E+01	7.80340E+00
2.50000E+00	1.88202E+01	7.69860E+00
2.50000E+00	1.91011E+01	7.59563E+00
2.50000E+00	1.93820E+01	7.49464E+00
2.50000E+00	1.96629E+01	7.39557E+00
2.50000E+00	1.99438E+01	7.29826E+00
2.50000E+00	2.02247E+01	7.20278E+00
2.50000E+00	2.05056E+01	7.10920E+00
2.50000E+00	2.07865E+01	7.01741E+00
2.50000E+00	2.10674E+01	6.92725E+00
2.50000E+00	2.13483E+01	6.83875E+00
2.50000E+00	2.16292E+01	6.75190E+00
2.50000E+00	2.19101E+01	6.66656E+00
2.50000E+00	2.21910E+01	6.58265E+00
2.50000E+00	2.24719E+01	6.50020E+00
2.50000E+00	2.27528E+01	6.41911E+00
2.50000E+00	2.30337E+01	6.33928E+00
2.50000E+00	2.33146E+01	6.26069E+00
2.50000E+00	2.35955E+01	6.18338E+00
2.50000E+00	2.38764E+01	6.10732E+00
2.50000E+00	2.41573E+01	6.03245E+00
2.50000E+00	2.44382E+01	5.95877E+00
2.50000E+00	2.47191E+01	5.88631E+00
2.50000E+00	2.50000E+01	5.81505E+00
3.00000E+00	0.00000E+00	1.03199E+00
3.00000E+00	2.80899E-01	1.06947E+00
3.00000E+00	5.61798E-01	1.14044E+00
3.00000E+00	8.42697E-01	1.26871E+00
3.00000E+00	1.12360E+00	1.42718E+00
3.00000E+00	1.40449E+00	1.61014E+00
3.00000E+00	1.68539E+00	1.81954E+00
3.00000E+00	1.96629E+00	2.05034E+00
3.00000E+00	2.24719E+00	2.29590E+00
3.00000E+00	2.52809E+00	2.55164E+00
3.00000E+00	2.80899E+00	2.81562E+00
3.00000E+00	3.08989E+00	3.08783E+00
3.00000E+00	3.37079E+00	3.36941E+00
3.00000E+00	3.65169E+00	3.66188E+00
3.00000E+00	3.93258E+00	3.96691E+00
3.00000E+00	4.21348E+00	4.28591E+00
3.00000E+00	4.49438E+00	4.61958E+00
3.00000E+00	4.77528E+00	4.96773E+00
3.00000E+00	5.05618E+00	5.32944E+00
3.00000E+00	5.33708E+00	5.70303E+00
3.00000E+00	5.61798E+00	6.08599E+00
3.00000E+00	5.89888E+00	6.47501E+00
3.00000E+00	6.17978E+00	6.86573E+00
3.00000E+00	6.46067E+00	7.25310E+00
3.00000E+00	6.74157E+00	7.63268E+00
3.00000E+00	7.02247E+00	8.00107E+00
3.00000E+00	7.30337E+00	8.35239E+00
3.00000E+00	7.58427E+00	8.67963E+00
3.00000E+00	7.86517E+00	8.97936E+00
3.00000E+00	8.14607E+00	9.24929E+00
3.00000E+00	8.42697E+00	9.48571E+00
3.00000E+00	8.70787E+00	9.68735E+00
3.00000E+00	8.98876E+00	9.85646E+00
3.00000E+00	9.26966E+00	9.99411E+00
3.00000E+00	9.55056E+00	1.00996E+01
3.00000E+00	9.83146E+00	1.01745E+01
3.00000E+00	1.01124E+01	1.02215E+01
3.00000E+00	1.03933E+01	1.02426E+01
3.00000E+00	1.06742E+01	1.02394E+01
3.00000E+00	1.09551E+01	1.02153E+01
3.00000E+00	1.12360E+01	1.01738E+01
3.00000E+00	1.15169E+01	1.01168E+01
3.00000E+00	1.17978E+01	1.00466E+01
3.00000E+00	1.20787E+01	9.96608E+00
3.00000E+00	1.23596E+01	9.87721E+00
3.00000E+00	1.26404E+01	9.78111E+00
3.00000E+00	1.29213E+01	9.67924E+00
3.00000E+00	1.32022E+01	9.57331E+00
3.00000E+00	1.34831E+01	9.46432E+00
3.00000E+00	1.37640E+01	9.35285E+00
3.00000E+00	1.40449E+01	9.23978E+00
3.00000E+00	1.43258E+01	9.12576E+00
3.00000E+00	1.46067E+01	9.01090E+00
3.00000E+00	1.48876E+01	8.89542E+00
3.00000E+00	1.51685E+01	8.77987E+00
3.00000E+00	1.54494E+01	8.66456E+00
3.00000E+00	1.57303E+01	8.54949E+00
3.00000E+00	1.60112E+01	8.43491E+00
3.00000E+00	1.62921E+01	8.32121E+00
3.00000E+00	1.65730E+01	8.20850E+00
3.00000E+00	1.68539E+01	8.09680E+00
3.00000E+00	1.71348E+01	7.98639E+00
3.00000E+00	1.74157E+01	7.87755E+00
3.00000E+00	1.76966E+01	7.77029E+00
3.00000E+00	1.79775E+01	7.66466E+00
3.00000E+00	1.82584E+01	7.56083E+00
3.00000E+00	1.85393E+01	7.45889E+00
3.00000E+00	1.88202E+01	7.35875E+00
3.00000E+00	1.91011E+01	7.26040E+00
3.00000E+00	1.93820E+01	7.16389E+00
3.00000E+00	1.96629E+01	7.06920E+00
3.00000E+00	1.99438E+01	6.97623E+00
3.00000E+00	2.02247E+01	6.88501E+00
3.00000E+00	2.05056E+01	6.79556E+00
3.00000E+00	2.07865E+01	6.70781E+00
3.00000E+00	2.10674E+01	6.62166E+00
3.00000E+00	2.13483E+01	6.53708E+00
3.00000E+00	2.16292E+01	6.45405E+00
3.00000E+00	2.19101E+01	6.37247E+00
3.00000E+00	2.21910E+01	6.29228E+00
3.00000E+00	2.24719E+01	6.21346E+00
3.00000E+00	2.27528E+01	6.13595E+00
3.00000E+00	2.30337E+01	6.05965E+00
3.00000E+00	2.33146E+01	5.98455E+00
3.00000E+00	2.35955E+01	5.91066E+00
3.00000E+00	2.38764E+01	5.83796E+00
3.00000E+00	2.41573E+01	5.76641E+00
3.00000E+00	2.44382E+01	5.69600E+00
3.00000E+00	2.47191E+01	5.62676E+00
3.00000E+00	2.50000E+01	5.55865E+00
3.50000E+00	0.00000E+00	1.04380E+00
3.50000E+00	2.80899E-01	1.08589E+00
3.50000E+00	5.61798E-01	1.15550E+00
3.50000E+00	8.42697E-01	1.27225E+00
3.50000E+00	1.12360E+00	1.42530E+00
3.50000E+00	1.40449E+00	1.59721E+00
3.50000E+00	1.68539E+00	1.78812E+00
3.50000E+00	1.96629E+00	1.99794E+00
3.50000E+00	2.24719E+00	2.22337E+00
3.50000E+00	2.52809E+00	2.46088E+00
3.50000E+00	2.80899E+00	2.70831E+00
3.50000E+00	3.08989E+00	2.96505E+00
3.50000E+00	3.37079E+00	3.23157E+00
3.50000E+00	3.65169E+00	3.50892E+00
3.50000E+00	3.93258E+00	3.79832E+00
3.50000E+00	4.21348E+00	4.10083E+00
3.50000E+00	4.49438E+00	4.41693E+00
3.50000E+00	4.77528E+00	4.74637E+00
3.50000E+00	5.05618E+00	5.08822E+00
3.50000E+00	5.33708E+00	5.44082E+00
3.50000E+00	5.61798E+00	5.80177E+00
3.50000E+00	5.89888E+00	6.16789E+00
3.50000E+00	6.17978E+00	6.53519E+00
3.50000E+00	6.46067E+00	6.89921E+00
3.50000E+00	6.74157E+00	7.25580E+00
3.50000E+00	7.02247E+00	7.60108E+00
3.50000E+00	7.30337E+00	7.92984E+00
3.50000E+00	7.58427E+00	8.23653E+00
3.50000E+00	7.86517E+00	8.51757E+00
3.50000E+00	8.14607E+00	8.77035E+00
3.50000E+00	8.42697E+00	8.99219E+00
3.50000E+00	8.70787E+00	9.18210E+00
3.50000E+00	8.98876E+00	9.34122E+00
3.50000E+00	9.26966E+00	9.47037E+00
3.50000E+00	9.55056E+00	9.56969E+00
3.50000E+00	9.83146E+00	9.64046E+00
3.50000E+00	1.01124E+01	9.68493E+00
3.50000E+00	1.03933E+01	9.70494E+00
3.50000E+00	1.06742E+01	9.70245E+00
3.50000E+00	1.09551E+01	9.68032E+00
3.50000E+00	1.12360E+01	9.64145E+00
3.50000E+00	1.15169E+01	9.58804E+00
3.50000E+00	1.17978E+01	9.52227E+00
3.50000E+00	1.20787E+01	9.44653E+00
3.50000E+00	1.23596E+01	9.36271E+00
3.50000E+00	1.26404E+01	9.27209E+00
3.50000E+00	1.29213E+01	9.17605E+00
3.50000E+00	1.32022E+01	9.07601E+00
3.50000E+00	1.34831E+01	8.97296E+00
3.50000E+00	1.37640E+01	8.86759E+00
3.50000E+00	1.40449E+01	8.76062E+00
3.50000E+00	1.43258E+01	8.65263E+00
3.50000E+00	1.46067E+01	8.54386E+00
3.50000E+00	1.48876E+01	8.43456E+00
3.50000E+00	1.51685E+01	8.32514E+00
3.50000E+00	1.54494E+01	8.21588E+00
3.50000E+00	1.57303E+01	8.10690E+00
3.50000E+00	1.60112E+01	7.99841E+00
3.50000E+00	1.62921E+01	7.89069E+00
3.50000E+00	1.65730E+01	7.78390E+00
3.50000E+00	1.68539E+01	7.67811E+00
3.50000E+00	1.71348E+01	7.57355E+00
3.50000E+00	1.74157E+01	7.47042E+00
3.50000E+00	1.76966E+01	7.36879E+00
3.50000E+00	1.79775E+01	7.26872E+00
3.50000E+00	1.82584E+01	7.17033E+00
3.50000E+00	1.85393E+01	7.07369E+00
3.50000E+00	1.88202E+01	6.97877E+00
3.50000E+00	1.91011E+01	6.88555E+00
3.50000E+00	1.93820E+01	6.79407E+00
3.50000E+00	1.96629E+01	6.70428E+00
3.50000E+00	1.99438E+01	6.61615E+00
3.50000E+00	2.02247E+01	6.52968E+00
3.50000E+00	2.05056E+01	6.44487E+00
3.50000E+00	2.07865E+01	6.36165E+00
3.50000E+00	2.10674E+01	6.27996E+00
3.50000E+00	2.13483E+01	6.19976E+00
3.50000E+00	2.16292E+01	6.12102E+00
3.50000E+00	2.19101E+01	6.04365E+00
3.50000E+00	2.21910E+01	5.96761E+00
3.50000E+00	2.24719E+01	5.89286E+00
3.50000E+00	2.27528E+01	5.81934E+00
3.50000E+00	2.30337E+01	5.74699E+00
3.50000E+00	2.33146E+01	5.67579E+00
3.50000E+00	2.35955E+01	5.60573E+00
3.50000E+00	2.38764E+01	5.53679E+00
3.50000E+00	2.41573E+01	5.46895E+00
3.50000E+00	2.44382E+01	5.40220E+00
3.50000E+00	2.47191E+01	5.33654E+00
3.50000E+00	2.50000E+01	5.27197E+00
4.00000E+00	0.00000E+00	1.05479E+00
4.00000E+00	2.80899E-01	1.09928E+00
4.00000E+00	5.61798E-01	1.16763E+00
4.00000E+00	8.42697E-01	1.27186E+00
4.00000E+00	1.12360E+00	1.41532E+00
4.00000E+00	1.40449E+00	1.57811E+00
4.00000E+00	1.68539E+00	1.75460E+00
4.00000E+00	1.96629E+00	1.94571E+00
4.00000E+00	2.24719E+00	2.15127E+00
4.00000E+00	2.52809E+00	2.36962E+00
4.00000E+00	2.80899E+00	2.59919E+00
4.00000E+00	3.08989E+00	2.83916E+00
4.00000E+00	3.37079E+00	3.08951E+00
4.00000E+00	3.65169E+00	3.35079E+00
4.00000E+00	3.93258E+00	3.62376E+00
4.00000E+00	4.21348E+00	3.90906E+00
4.00000E+00	4.49438E+00	4.20693E+00
4.00000E+00	4.77528E+00	4.51702E+00
4.00000E+00	5.05618E+00	4.83836E+00
4.00000E+00	5.33708E+00	5.16932E+00
4.00000E+00	5.61798E+00	5.50760E+00
4.00000E+00	5.89888E+00	5.85021E+00
4.00000E+00	6.17978E+00	6.19352E+00
4.00000E+00	6.46067E+00	6.53352E+00
4.00000E+00	6.74157E+00	6.86633E+00
4.00000E+00	7.02247E+00	7.18799E+00
4.00000E+00	7.30337E+00	7.49393E+00
4.00000E+00	7.58427E+00	7.77950E+00
4.00000E+00	7.86517E+00	8.04129E+00
4.00000E+00	8.14607E+00	8.27671E+00
4.00000E+00	8.42697E+00	8.48363E+00
4.00000E+00	8.70787E+00	8.66121E+00
4.00000E+00	8.98876E+00	8.80999E+00
4.00000E+00	9.26966E+00	8.93061E+00
4.00000E+00	9.55056E+00	9.02356E+00
4.00000E+00	9.83146E+00	9.09004E+00
4.00000E+00	1.01124E+01	9.13187E+00
4.00000E+00	1.03933E+01	9.15087E+00
4.00000E+00	1.06742E+01	9.14901E+00
4.00000E+00	1.09551E+01	9.12879E+00
4.00000E+00	1.12360E+01	9.09274E+00
4.00000E+00	1.15169E+01	9.04302E+00
4.00000E+00	1.17978E+01	8.98172E+00
4.00000E+00	1.20787E+01	8.91092E+00
4.00000E+00	1.23596E+01	8.83236E+00
4.00000E+00	1.26404E+01	8.74740E+00
4.00000E+00	1.29213E+01	8.65732E+00
4.00000E+00	1.32022E+01	8.56336E+00
4.00000E+00	1.34831E+01	8.46647E+00
4.00000E+00	1.37640E+01	8.36736E+00
4.00000E+00	1.40449E+01	8.26668E+00
4.00000E+00	1.43258E+01	8.16495E+00
4.00000E+00	1.46067E+01	8.06247E+00
4.00000E+00	1.48876E+01	7.95951E+00
4.00000E+00	1.51685E+01	7.85641E+00
4.00000E+00	1.54494E+01	7.75343E+00
4.00000E+00	1.57303E+01	7.65072E+00
4.00000E+00	1.60112E+01	7.54848E+00
4.00000E+00	1.62921E+01	7.44695E+00
4.00000E+00	1.65730E+01	7.34628E+00
4.00000E+00	1.68539E+01	7.24658E+00
4.00000E+00	1.71348E+01	7.14803E+00
4.00000E+00	1.74157E+01	7.05080E+00
4.00000E+00	1.76966E+01	6.95497E+00
4.00000E+00	1.79775E+01	6.86062E+00
4.00000E+00	1.82584E+01	6.76784E+00
4.00000E+00	1.85393E+01	6.67668E+00
4.00000E+00	1.88202E+01	6.58714E+00
4.00000E+00	1.91011E+01	6.49921E+00
4.00000E+00	1.93820E+01	6.41289E+00
4.00000E+00	1.96629E+01	6.32818E+00
4.00000E+00	1.99438E+01	6.24504E+00
4.00000E+00	2.02247E+01	6.16345E+00
4.00000E+00	2.05056E+01	6.08341E+00
4.00000E+00	2.07865E+01	6.00488E+00
4.00000E+00	2.10674E+01	5.92779E+00
4.00000E+00	2.13483E+01	5.85210E+00
4.00000E+00	2.16292E+01	5.77777E+00
4.00000E+00	2.19101E+01	5.70475E+00
4.00000E+00	2.21910E+01	5.63299E+00
4.00000E+00	2.24719E+01	5.56243E+00
4.00000E+00	2.27528E+01	5.49304E+00
4.00000E+00	2.30337E+01	5.42476E+00
4.00000E+00	2.33146E+01	5.35757E+00
4.00000E+00	2.35955E+01	5.29145E+00
4.00000E+00	2.38764E+01	5.22639E+00
4.00000E+00	2.41573E+01	5.16237E+00
4.00000E+00	2.44382E+01	5.09939E+00
4.00000E+00	2.47191E+01	5.03744E+00
4.00000E+00	2.50000E+01	4.97651E+00
5.00000E+00	0.00000E+00	1.07367E+00
5.00000E+00	2.80899E-01	1.11913E+00
5.00000E+00	5.61798E-01	1.18318E+00
5.00000E+00	8.42697E-01	1.26910E+00
5.00000E+00	1.12360E+00	1.38639E+00
5.00000E+00	1.40449E+00	1.52860E+00
5.00000E+00	1.68539E+00	1.68357E+00
5.00000E+00	1.96629E+00	1.84728E+00
5.00000E+00	2.24719E+00	2.02032E+00
5.00000E+00	2.52809E+00	2.20395E+00
5.00000E+00	2.80899E+00	2.39873E+00
5.00000E+00	3.08989E+00	2.60474E+00
5.00000E+00	3.37079E+00	2.82193E+00
5.00000E+00	3.65169E+00	3.05032E+00
5.00000E+00	3.93258E+00	3.28997E+00
5.00000E+00	4.21348E+00	3.54085E+00
5.00000E+00	4.49438E+00	3.80269E+00
5.00000E+00	4.77528E+00	4.07483E+00
5.00000E+00	5.05618E+00	4.35616E+00
5.00000E+00	5.33708E+00	4.64510E+00
5.00000E+00	5.61798E+00	4.93953E+00
5.00000E+00	5.89888E+00	5.23684E+00
5.00000E+00	6.17978E+00	5.53400E+00
5.00000E+00	6.46067E+00	5.82770E+00
5.00000E+00	6.74157E+00	6.11456E+00
5.00000E+00	7.02247E+00	6.39106E+00
5.00000E+00	7.30337E+00	6.65359E+00
5.00000E+00	7.58427E+00	6.89869E+00
5.00000E+00	7.86517E+00	7.12350E+00
5.00000E+00	8.14607E+00	7.32581E+00
5.00000E+00	8.42697E+00	7.50407E+00
5.00000E+00	8.70787E+00	7.65756E+00
5.00000E+00	8.98876E+00	7.78630E+00
5.00000E+00	9.26966E+00	7.89072E+00
5.00000E+00	9.55056E+00	7.97145E+00
5.00000E+00	9.83146E+00	8.02952E+00
5.00000E+00	1.01124E+01	8.06633E+00
5.00000E+00	1.03933E+01	8.08346E+00
5.00000E+00	1.06742E+01	8.08270E+00
5.00000E+00	1.09551E+01	8.06602E+00
5.00000E+00	1.12360E+01	8.03543E+00
5.00000E+00	1.15169E+01	7.99285E+00
5.00000E+00	1.17978E+01	7.94007E+00
5.00000E+00	1.20787E+01	7.87880E+00
5.00000E+00	1.23596E+01	7.81051E+00
5.00000E+00	1.26404E+01	7.73648E+00
5.00000E+00	1.29213E+01	7.65786E+00
5.00000E+00	1.32022E+01	7.57565E+00
5.00000E+00	1.34831E+01	7.49070E+00
5.00000E+00	1.37640E+01	7.40367E+00
5.00000E+00	1.40449E+01	7.31515E+00
5.00000E+00	1.43258E+01	7.22556E+00
5.00000E+00	1.46067E+01	7.13526E+00
5.00000E+00	1.48876E+01	7.04452E+00
5.00000E+00	1.51685E+01	6.95361E+00
5.00000E+00	1.54494E+01	6.86276E+00
5.00000E+00	1.57303E+01	6.77215E+00
5.00000E+00	1.60112E+01	6.68197E+00
5.00000E+00	1.62921E+01	6.59237E+00
5.00000E+00	1.65730E+01	6.50352E+00
5.00000E+00	1.68539E+01	6.41553E+00
5.00000E+00	1.71348E+01	6.32855E+00
5.00000E+00	1.74157E+01	6.24270E+00
5.00000E+00	1.76966E+01	6.15807E+00
5.00000E+00	1.79775E+01	6.07474E+00
5.00000E+00	1.82584E+01	5.99276E+00
5.00000E+00	1.85393E+01	5.91217E+00
5.00000E+00	1.88202E+01	5.83301E+00
5.00000E+00	1.91011E+01	5.75525E+00
5.00000E+00	1.93820E+01	5.67891E+00
5.00000E+00	1.96629E+01	5.60398E+00
5.00000E+00	1.99438E+01	5.53043E+00
5.00000E+00	2.02247E+01	5.45825E+00
5.00000E+00	2.05056E+01	5.38742E+00
5.00000E+00	2.07865E+01	5.31791E+00
5.00000E+00	2.10674E+01	5.24967E+00
5.00000E+00	2.13483E+01	5.18267E+00
5.00000E+00	2.16292E+01	5.11687E+00
5.00000E+00	2.19101E+01	5.05222E+00
5.00000E+00	2.21910E+01	4.98868E+00
5.00000E+00	2.24719E+01	4.92621E+00
5.00000E+00	2.27528E+01	4.86477E+00
5.00000E+00	2.30337E+01	4.80433E+00
5.00000E+00	2.33146E+01	4.74486E+00
5.00000E+00	2.35955E+01	4.68634E+00
5.00000E+00	2.38764E+01	4.62876E+00
5.00000E+00	2.41573E+01	4.57210E+00
5.00000E+00	2.44382E+01	4.51637E+00
5.00000E+00	2.47191E+01	4.46154E+00
5.00000E+00	2.50000E+01	4.40763E+00
6.00000E+00	0.00000E+00	1.08852E+00
6.00000E+00	2.80899E-01	1.13244E+00
6.00000E+00	5.61798E-01	1.19105E+00
6.00000E+00	8.42697E-01	1.26555E+00
6.00000E+00	1.12360E+00	1.35961E+00
6.00000E+00	1.40449E+00	1.47830E+00
6.00000E+00	1.68539E+00	1.61329E+00
6.00000E+00	1.96629E+00	1.75755E+00
6.00000E+00	2.24719E+00	1.90849E+00
6.00000E+00	2.52809E+00	2.06657E+00
6.00000E+00	2.80899E+00	2.23318E+00
6.00000E+00	3.08989E+00	2.40948E+00
6.00000E+00	3.37079E+00	2.59614E+00
6.00000E+00	3.65169E+00	2.79344E+00
6.00000E+00	3.93258E+00	3.00134E+00
6.00000E+00	4.21348E+00	3.21957E+00
6.00000E+00	4.49438E+00	3.44757E+00
6.00000E+00	4.77528E+00	3.68445E+00
6.00000E+00	5.05618E+00	3.92900E+00
6.00000E+00	5.33708E+00	4.17964E+00
6.00000E+00	5.61798E+00	4.43442E+00
6.00000E+00	5.89888E+00	4.69103E+00
6.00000E+00	6.17978E+00	4.94689E+00
6.00000E+00	6.46067E+00	5.19921E+00
6.00000E+00	6.74157E+00	5.44511E+00
6.00000E+00	7.02247E+00	5.68165E+00
6.00000E+00	7.30337E+00	5.90593E+00
6.00000E+00	7.58427E+00	6.11526E+00
6.00000E+00	7.86517E+00	6.30734E+00
6.00000E+00	8.14607E+00	6.48039E+00
6.00000E+00	8.42697E+00	6.63317E+00
6.00000E+00	8.70787E+00	6.76504E+00
6.00000E+00	8.98876E+00	6.87587E+00
6.00000E+00	9.26966E+00	6.96593E+00
6.00000E+00	9.55056E+00	7.03580E+00
6.00000E+00	9.83146E+00	7.08634E+00
6.00000E+00	1.01124E+01	7.11869E+00
6.00000E+00	1.03933E+01	7.13418E+00
6.00000E+00	1.06742E+01	7.13431E+00
6.00000E+00	1.09551E+01	7.12069E+00
6.00000E+00	1.12360E+01	7.09495E+00
6.00000E+00	1.15169E+01	7.05872E+00
6.00000E+00	1.17978E+01	7.01350E+00
6.00000E+00	1.20787E+01	6.96072E+00
6.00000E+00	1.23596E+01	6.90166E+00
6.00000E+00	1.26404E+01	6.83743E+00
6.00000E+00	1.29213E+01	6.76903E+00
6.00000E+00	1.32022E+01	6.69733E+00
6.00000E+00	1.34831E+01	6.62307E+00
6.00000E+00	1.37640E+01	6.54685E+00
6.00000E+00	1.40449E+01	6.46920E+00
6.00000E+00	1.43258E+01	6.39050E+00
6.00000E+00	1.46067E+01	6.31111E+00
6.00000E+00	1.48876E+01	6.23128E+00
6.00000E+00	1.51685E+01	6.15126E+00
6.00000E+00	1.54494E+01	6.07125E+00
6.00000E+00	1.57303E+01	5.99144E+00
6.00000E+00	1.60112E+01	5.91198E+00
6.00000E+00	1.62921E+01	5.83302E+00
6.00000E+00	1.65730E+01	5.75470E+00
6.00000E+00	1.68539E+01	5.67714E+00
6.00000E+00	1.71348E+01	5.60046E+00
6.00000E+00	1.74157E+01	5.52474E+00
6.00000E+00	1.76966E+01	5.45008E+00
6.00000E+00	1.79775E+01	5.37653E+00
6.00000E+00	1.82584E+01	5.30417E+00
6.00000E+00	1.85393E+01	5.23300E+00
6.00000E+00	1.88202E+01	5.16307E+00
6.00000E+00	1.91011E+01	5.09437E+00
6.00000E+00	1.93820E+01	5.02691E+00
6.00000E+00	1.96629E+01	4.96068E+00
6.00000E+00	1.99438E+01	4.89566E+00
6.00000E+00	2.02247E+01	4.83184E+00
6.00000E+00	2.05056E+01	4.76920E+00
6.00000E+00	2.07865E+01	4.70772E+00
6.00000E+00	2.10674E+01	4.64735E+00
6.00000E+00	2.13483E+01	4.58807E+00
6.00000E+00	2.16292E+01	4.52985E+00
6.00000E+00	2.19101E+01	4.47264E+00
6.00000E+00	2.21910E+01	4.41641E+00
6.00000E+00	2.24719E+01	4.36113E+00
6.00000E+00	2.27528E+01	4.30677E+00
6.00000E+00	2.30337E+01	4.25329E+00
6.00000E+00	2.33146E+01	4.20067E+00
6.00000E+00	2.35955E+01	4.14891E+00
6.00000E+00	2.38764E+01	4.09797E+00
6.00000E+00	2.41573E+01	4.04786E+00
6.00000E+00	2.44382E+01	3.99856E+00
6.00000E+00	2.47191E+01	3.95007E+00
6.00000E+00	2.50000E+01	3.90239E+00
7.00000E+00	0.00000E+00	1.10008E+00
7.00000E+00	2.80899E-01	1.14153E+00
7.00000E+00	5.61798E-01	1.19477E+00
7.00000E+00	8.42697E-01	1.26040E+00
7.00000E+00	1.12360E+00	1.33956E+00
7.00000E+00	1.40449E+00	1.43641E+00
7.00000E+00	1.68539E+00	1.55139E+00
7.00000E+00	1.96629E+00	1.67808E+00
7.00000E+00	2.24719E+00	1.81221E+00
7.00000E+00	2.52809E+00	1.95215E+00
7.00000E+00	2.80899E+00	2.09820E+00
7.00000E+00	3.08989E+00	2.25145E+00
7.00000E+00	3.37079E+00	2.41298E+00
7.00000E+00	3.65169E+00	2.58348E+00
7.00000E+00	3.93258E+00	2.76320E+00
7.00000E+00	4.21348E+00	2.95199E+00
7.00000E+00	4.49438E+00	3.14933E+00
7.00000E+00	4.77528E+00	3.35435E+00
7.00000E+00	5.05618E+00	3.56586E+00
7.00000E+00	5.33708E+00	3.78236E+00
7.00000E+00	5.61798E+00	4.00208E+00
7.00000E+00	5.89888E+00	4.22298E+00
7.00000E+00	6.17978E+00	4.44281E+00
7.00000E+00	6.46067E+00	4.65921E+00
7.00000E+00	6.74157E+00	4.86973E+00
7.00000E+00	7.02247E+00	5.07195E+00
7.00000E+00	7.30337E+00	5.26351E+00
7.00000E+00	7.58427E+00	5.44225E+00
7.00000E+00	7.86517E+00	5.60635E+00
7.00000E+00	8.14607E+00	5.75436E+00
7.00000E+00	8.42697E+00	5.88526E+00
7.00000E+00	8.70787E+00	5.99849E+00
7.00000E+00	8.98876E+00	6.09388E+00
7.00000E+00	9.26966E+00	6.17160E+00
7.00000E+00	9.55056E+00	6.23213E+00
7.00000E+00	9.83146E+00	6.27617E+00
7.00000E+00	1.01124E+01	6.30466E+00
7.00000E+00	1.03933E+01	6.31871E+00
7.00000E+00	1.06742E+01	6.31954E+00
7.00000E+00	1.09551E+01	6.30848E+00
7.00000E+00	1.12360E+01	6.28688E+00
7.00000E+00	1.15169E+01	6.25609E+00
7.00000E+00	1.17978E+01	6.21736E+00
7.00000E+00	1.20787E+01	6.17191E+00
7.00000E+00	1.23596E+01	6.12081E+00
7.00000E+00	1.26404E+01	6.06505E+00
7.00000E+00	1.29213E+01	6.00548E+00
7.00000E+00	1.32022E+01	5.94287E+00
7.00000E+00	1.34831E+01	5.87787E+00
7.00000E+00	1.37640E+01	5.81101E+00
7.00000E+00	1.40449E+01	5.74277E+00
7.00000E+00	1.43258E+01	5.67351E+00
7.00000E+00	1.46067E+01	5.60355E+00
7.00000E+00	1.48876E+01	5.53315E+00
7.00000E+00	1.51685E+01	5.46254E+00
7.00000E+00	1.54494E+01	5.39189E+00
7.00000E+00	1.57303E+01	5.32139E+00
7.00000E+00	1.60112E+01	5.25117E+00
7.00000E+00	1.62921E+01	5.18139E+00
7.00000E+00	1.65730E+01	5.11214E+00
7.00000E+00	1.68539E+01	5.04355E+00
7.00000E+00	1.71348E+01	4.97572E+00
7.00000E+00	1.74157E+01	4.90872E+00
7.00000E+00	1.76966E+01	4.84263E+00
7.00000E+00	1.79775E+01	4.77750E+00
7.00000E+00	1.82584E+01	4.71340E+00
7.00000E+00	1.85393E+01	4.65034E+00
7.00000E+00	1.88202E+01	4.58835E+00
7.00000E+00	1.91011E+01	4.52744E+00
7.00000E+00	1.93820E+01	4.46761E+00
7.00000E+00	1.96629E+01	4.40885E+00
7.00000E+00	1.99438E+01	4.35116E+00
7.00000E+00	2.02247E+01	4.29452E+00
7.00000E+00	2.05056E+01	4.23892E+00
7.00000E+00	2.07865E+01	4.18433E+00
7.00000E+00	2.10674E+01	4.13072E+00
7.00000E+00	2.13483E+01	4.07808E+00
7.00000E+00	2.16292E+01	4.02636E+00
7.00000E+00	2.19101E+01	3.97554E+00
7.00000E+00	2.21910E+01	3.92560E+00
7.00000E+00	2.24719E+01	3.87649E+00
7.00000E+00	2.27528E+01	3.82820E+00
7.00000E+00	2.30337E+01	3.78070E+00
7.00000E+00	2.33146E+01	3.73397E+00
7.00000E+00	2.35955E+01	3.68799E+00
7.00000E+00	2.38764E+01	3.64276E+00
7.00000E+00	2.41573E+01	3.59827E+00
7.00000E+00	2.44382E+01	3.55449E+00
7.00000E+00	2.47191E+01	3.51144E+00
7.00000E+00	2.50000E+01	3.46909E+00
8.00000E+00	0.00000E+00	1.10914E+00
8.00000E+00	2.80899E-01	1.14793E+00
8.00000E+00	5.61798E-01	1.19632E+00
8.00000E+00	8.42697E-01	1.25472E+00
8.00000E+00	1.12360E+00	1.32356E+00
8.00000E+00	1.40449E+00	1.40439E+00
8.00000E+00	1.68539E+00	1.50091E+00
8.00000E+00	1.96629E+00	1.61075E+00
8.00000E+00	2.24719E+00	1.72968E+00
8.00000E+00	2.52809E+00	1.85498E+00
8.00000E+00	2.80899E+00	1.98552E+00
8.00000E+00	3.08989E+00	2.12145E+00
8.00000E+00	3.37079E+00	2.26346E+00
8.00000E+00	3.65169E+00	2.41229E+00
8.00000E+00	3.93258E+00	2.56842E+00
8.00000E+00	4.21348E+00	2.73192E+00
8.00000E+00	4.49438E+00	2.90250E+00
8.00000E+00	4.77528E+00	3.07947E+00
8.00000E+00	5.05618E+00	3.26182E+00
8.00000E+00	5.33708E+00	3.44826E+00
8.00000E+00	5.61798E+00	3.63722E+00
8.00000E+00	5.89888E+00	3.82695E+00
8.00000E+00	6.17978E+00	4.01551E+00
8.00000E+00	6.46067E+00	4.20090E+00
8.00000E+00	6.74157E+00	4.38106E+00
8.00000E+00	7.02247E+00	4.55396E+00
8.00000E+00	7.30337E+00	4.71767E+00
8.00000E+00	7.58427E+00	4.87046E+00
8.00000E+00	7.86517E+00	5.01082E+00
8.00000E+00	8.14607E+00	5.13757E+00
8.00000E+00	8.42697E+00	5.24986E+00
8.00000E+00	8.70787E+00	5.34721E+00
8.00000E+00	8.98876E+00	5.42943E+00
8.00000E+00	9.26966E+00	5.49664E+00
8.00000E+00	9.55056E+00	5.54919E+00
8.00000E+00	9.83146E+00	5.58767E+00
8.00000E+00	1.01124E+01	5.61283E+00
8.00000E+00	1.03933E+01	5.62559E+00
8.00000E+00	1.06742E+01	5.62695E+00
8.00000E+00	1.09551E+01	5.61801E+00
8.00000E+00	1.12360E+01	5.59988E+00
8.00000E+00	1.15169E+01	5.57367E+00
8.00000E+00	1.17978E+01	5.54044E+00
8.00000E+00	1.20787E+01	5.50122E+00
8.00000E+00	1.23596E+01	5.45692E+00
8.00000E+00	1.26404E+01	5.40839E+00
8.00000E+00	1.29213E+01	5.35638E+00
8.00000E+00	1.32022E+01	5.30155E+00
8.00000E+00	1.34831E+01	5.24448E+00
8.00000E+00	1.37640E+01	5.18565E+00
8.00000E+00	1.40449E+01	5.12547E+00
8.00000E+00	1.43258E+01	5.06431E+00
8.00000E+00	1.46067E+01	5.00244E+00
8.00000E+00	1.48876E+01	4.94011E+00
8.00000E+00	1.51685E+01	4.87754E+00
8.00000E+00	1.54494E+01	4.81490E+00
8.00000E+00	1.57303E+01	4.75235E+00
8.00000E+00	1.60112E+01	4.69003E+00
8.00000E+00	1.62921E+01	4.62806E+00
8.00000E+00	1.65730E+01	4.56655E+00
8.00000E+00	1.68539E+01	4.50561E+00
8.00000E+00	1.71348E+01	4.44531E+00
8.00000E+00	1.74157E+01	4.38573E+00
8.00000E+00	1.76966E+01	4.32694E+00
8.00000E+00	1.79775E+01	4.26899E+00
8.00000E+00	1.82584E+01	4.21191E+00
8.00000E+00	1.85393E+01	4.15575E+00
8.00000E+00	1.88202E+01	4.10052E+00
8.00000E+00	1.91011E+01	4.04624E+00
8.00000E+00	1.93820E+01	3.99289E+00
8.00000E+00	1.96629E+01	3.94050E+00
8.00000E+00	1.99438E+01	3.88904E+00
8.00000E+00	2.02247E+01	3.83850E+00
8.00000E+00	2.05056E+01	3.78888E+00
8.00000E+00	2.07865E+01	3.74015E+00
8.00000E+00	2.10674E+01	3.69230E+00
8.00000E+00	2.13483E+01	3.64529E+00
8.00000E+00	2.16292E+01	3.59911E+00
8.00000E+00	2.19101E+01	3.55372E+00
8.00000E+00	2.21910E+01	3.50911E+00
8.00000E+00	2.24719E+01	3.46525E+00
8.00000E+00	2.27528E+01	3.42212E+00
8.00000E+00	2.30337E+01	3.37970E+00
8.00000E+00	2.33146E+01	3.33797E+00
8.00000E+00	2.35955E+01	3.29692E+00
8.00000E+00	2.38764E+01	3.25653E+00
8.00000E+00	2.41573E+01	3.21680E+00
8.00000E+00	2.44382E+01	3.17771E+00
8.00000E+00	2.47191E+01	3.13927E+00
8.00000E+00	2.50000E+01	3.10146E+00
9.00000E+00	0.00000E+00	1.11635E+00
9.00000E+00	2.80899E-01	1.15255E+00
9.00000E+00	5.61798E-01	1.19672E+00
9.00000E+00	8.42697E-01	1.24914E+00
9.00000E+00	1.12360E+00	1.31004E+00
9.00000E+00	1.40449E+00	1.38004E+00
9.00000E+00	1.68539E+00	1.46118E+00
9.00000E+00	1.96629E+00	1.55553E+00
9.00000E+00	2.24719E+00	1.66005E+00
9.00000E+00	2.52809E+00	1.77196E+00
9.00000E+00	2.80899E+00	1.88940E+00
9.00000E+00	3.08989E+00	2.01153E+00
9.00000E+00	3.37079E+00	2.13827E+00
9.00000E+00	3.65169E+00	2.26997E+00
9.00000E+00	3.93258E+00	2.40702E+00
9.00000E+00	4.21348E+00	2.54959E+00
9.00000E+00	4.49438E+00	2.69758E+00
9.00000E+00	4.77528E+00	2.85054E+00
9.00000E+00	5.05618E+00	3.00773E+00
9.00000E+00	5.33708E+00	3.16809E+00
9.00000E+00	5.61798E+00	3.33035E+00
9.00000E+00	5.89888E+00	3.49304E+00
9.00000E+00	6.17978E+00	3.65455E+00
9.00000E+00	6.46067E+00	3.81320E+00
9.00000E+00	6.74157E+00	3.96726E+00
9.00000E+00	7.02247E+00	4.11506E+00
9.00000E+00	7.30337E+00	4.25501E+00
9.00000E+00	7.58427E+00	4.38568E+00
9.00000E+00	7.86517E+00	4.50583E+00
9.00000E+00	8.14607E+00	4.61449E+00
9.00000E+00	8.42697E+00	4.71093E+00
9.00000E+00	8.70787E+00	4.79472E+00
9.00000E+00	8.98876E+00	4.86569E+00
9.00000E+00	9.26966E+00	4.92389E+00
9.00000E+00	9.55056E+00	4.96960E+00
9.00000E+00	9.83146E+00	5.00328E+00
9.00000E+00	1.01124E+01	5.02554E+00
9.00000E+00	1.03933E+01	5.03712E+00
9.00000E+00	1.06742E+01	5.03885E+00
9.00000E+00	1.09551E+01	5.03163E+00
9.00000E+00	1.12360E+01	5.01637E+00
9.00000E+00	1.15169E+01	4.99400E+00
9.00000E+00	1.17978E+01	4.96541E+00
9.00000E+00	1.20787E+01	4.93146E+00
9.00000E+00	1.23596E+01	4.89294E+00
9.00000E+00	1.26404E+01	4.85057E+00
9.00000E+00	1.29213E+01	4.80501E+00
9.00000E+00	1.32022E+01	4.75682E+00
9.00000E+00	1.34831E+01	4.70653E+00
9.00000E+00	1.37640E+01	4.65457E+00
9.00000E+00	1.40449E+01	4.60131E+00
9.00000E+00	1.43258E+01	4.54708E+00
9.00000E+00	1.46067E+01	4.49214E+00
9.00000E+00	1.48876E+01	4.43673E+00
9.00000E+00	1.51685E+01	4.38104E+00
9.00000E+00	1.54494E+01	4.32525E+00
9.00000E+00	1.57303E+01	4.26949E+00
9.00000E+00	1.60112E+01	4.21391E+00
9.00000E+00	1.62921E+01	4.15861E+00
9.00000E+00	1.65730E+01	4.10370E+00
9.00000E+00	1.68539E+01	4.04926E+00
9.00000E+00	1.71348E+01	3.99538E+00
9.00000E+00	1.74157E+01	3.94212E+00
9.00000E+00	1.76966E+01	3.88954E+00
9.00000E+00	1.79775E+01	3.83768E+00
9.00000E+00	1.82584E+01	3.78660E+00
9.00000E+00	1.85393E+01	3.73630E+00
9.00000E+00	1.88202E+01	3.68683E+00
9.00000E+00	1.91011E+01	3.63817E+00
9.00000E+00	1.93820E+01	3.59035E+00
9.00000E+00	1.96629E+01	3.54336E+00
9.00000E+00	1.99438E+01	3.49720E+00
9.00000E+00	2.02247E+01	3.45185E+00
9.00000E+00	2.05056E+01	3.40731E+00
9.00000E+00	2.07865E+01	3.36357E+00
9.00000E+00	2.10674E+01	3.32059E+00
9.00000E+00	2.13483E+01	3.27837E+00
9.00000E+00	2.16292E+01	3.23689E+00
9.00000E+00	2.19101E+01	3.19612E+00
9.00000E+00	2.21910E+01	3.15604E+00
9.00000E+00	2.24719E+01	3.11664E+00
9.00000E+00	2.27528E+01	3.07789E+00
9.00000E+00	2.30337E+01	3.03978E+00
9.00000E+00	2.33146E+01	3.00229E+00
9.00000E+00	2.35955E+01	2.96541E+00
9.00000E+00	2.38764E+01	2.92914E+00
9.00000E+00	2.41573E+01	2.89345E+00
9.00000E+00	2.44382E+01	2.85834E+00
9.00000E+00	2.47191E+01	2.82381E+00
9.00000E+00	2.50000E+01	2.78984E+00
1.00000E+01	0.00000E+00	1.12215E+00
1.00000E+01	2.80899E-01	1.15595E+00
1.00000E+01	5.61798E-01	1.19644E+00
1.00000E+01	8.42697E-01	1.24388E+00
1.00000E+01	1.12360E+00	1.29837E+00
1.00000E+01	1.40449E+00	1.36022E+00
1.00000E+01	1.68539E+00	1.43030E+00
1.00000E+01	1.96629E+00	1.51086E+00
1.00000E+01	2.24719E+00	1.60203E+00
1.00000E+01	2.52809E+00	1.70128E+00
1.00000E+01	2.80899E+00	1.80664E+00
1.00000E+01	3.08989E+00	1.91673E+00
1.00000E+01	3.37079E+00	2.03082E+00
1.00000E+01	3.65169E+00	2.14867E+00
1.00000E+01	3.93258E+00	2.27032E+00
1.00000E+01	4.21348E+00	2.39586E+00
1.00000E+01	4.49438E+00	2.52521E+00
1.00000E+01	4.77528E+00	2.65811E+00
1.00000E+01	5.05618E+00	2.79404E+00
1.00000E+01	5.33708E+00	2.93220E+00
1.00000E+01	5.61798E+00	3.07161E+00
1.00000E+01	5.89888E+00	3.21110E+00
1.00000E+01	6.17978E+00	3.34937E+00
1.00000E+01	6.46067E+00	3.48504E+00
1.00000E+01	6.74157E+00	3.61671E+00
1.00000E+01	7.02247E+00	3.74299E+00
1.00000E+01	7.30337E+00	3.86260E+00
1.00000E+01	7.58427E+00	3.97433E+00
1.00000E+01	7.86517E+00	4.07719E+00
1.00000E+01	8.14607E+00	4.17034E+00
1.00000E+01	8.42697E+00	4.25319E+00
1.00000E+01	8.70787E+00	4.32533E+00
1.00000E+01	8.98876E+00	4.38660E+00
1.00000E+01	9.26966E+00	4.43702E+00
1.00000E+01	9.55056E+00	4.47679E+00
1.00000E+01	9.83146E+00	4.50626E+00
1.00000E+01	1.01124E+01	4.52593E+00
1.00000E+01	1.03933E+01	4.53639E+00
1.00000E+01	1.06742E+01	4.53833E+00
1.00000E+01	1.09551E+01	4.53246E+00
1.00000E+01	1.12360E+01	4.51956E+00
1.00000E+01	1.15169E+01	4.50038E+00
1.00000E+01	1.17978E+01	4.47569E+00
1.00000E+01	1.20787E+01	4.44619E+00
1.00000E+01	1.23596E+01	4.41256E+00
1.00000E+01	1.26404E+01	4.37543E+00
1.00000E+01	1.29213E+01	4.33537E+00
1.00000E+01	1.32022E+01	4.29287E+00
1.00000E+01	1.34831E+01	4.24839E+00
1.00000E+01	1.37640E+01	4.20232E+00
1.00000E+01	1.40449E+01	4.15500E+00
1.00000E+01	1.43258E+01	4.10672E+00
1.00000E+01	1.46067E+01	4.05773E+00
1.00000E+01	1.48876E+01	4.00826E+00
1.00000E+01	1.51685E+01	3.95848E+00
1.00000E+01	1.54494E+01	3.90856E+00
1.00000E+01	1.57303E+01	3.85863E+00
1.00000E+01	1.60112E+01	3.80881E+00
1.00000E+01	1.62921E+01	3.75922E+00
1.00000E+01	1.65730E+01	3.70995E+00
1.00000E+01	1.68539E+01	3.66108E+00
1.00000E+01	1.71348E+01	3.61268E+00
1.00000E+01	1.74157E+01	3.56482E+00
1.00000E+01	1.76966E+01	3.51754E+00
1.00000E+01	1.79775E+01	3.47089E+00
1.00000E+01	1.82584E+01	3.42491E+00
1.00000E+01	1.85393E+01	3.37963E+00
1.00000E+01	1.88202E+01	3.33506E+00
1.00000E+01	1.91011E+01	3.29121E+00
1.00000E+01	1.93820E+01	3.24810E+00
1.00000E+01	1.96629E+01	3.20572E+00
1.00000E+01	1.99438E+01	3.16407E+00
1.00000E+01	2.02247E+01	3.12315E+00
1.00000E+01	2.05056E+01	3.08294E+00
1.00000E+01	2.07865E+01	3.04344E+00
1.00000E+01	2.10674E+01	3.00463E+00
1.00000E+01	2.13483E+01	2.96649E+00
1.00000E+01	2.16292E+01	2.92902E+00
1.00000E+01	2.19101E+01	2.89218E+00
1.00000E+01	2.21910E+01	2.85596E+00
1.00000E+01	2.24719E+01	2.82035E+00
1.00000E+01	2.27528E+01	2.78534E+00
1.00000E+01	2.30337E+01	2.75089E+00
1.00000E+01	2.33146E+01	2.71702E+00
1.00000E+01	2.35955E+01	2.68369E+00
1.00000E+01	2.38764E+01	2.65091E+00
1.00000E+01	2.41573E+01	2.61866E+00
1.00000E+01	2.44382E+01	2.58693E+00
1.00000E+01	2.47191E+01	2.55573E+00
1.00000E+01	2.50000E+01	2.52504E+00
