1.00000E-04	0.00000E+00	8.19377E-01
1.00000E-04	2.80899E-01	8.10971E-02
1.00000E-04	5.61798E-01	2.75332E-01
1.00000E-04	8.42697E-01	6.30478E-01
1.00000E-04	1.12360E+00	1.20037E+00
1.00000E-04	1.40449E+00	2.09070E+00
1.00000E-04	1.68539E+00	3.40560E+02
1.00000E-04	1.96629E+00	4.20488E+02
1.00000E-04	2.24719E+00	4.70111E+02
1.00000E-04	2.52809E+00	6.16979E+02
1.00000E-04	2.80899E+00	8.59468E+02
1.00000E-04	3.08989E+00	1.20475E+03
1.00000E-04	3.37079E+00	1.49884E+03
1.00000E-04	3.65169E+00	1.60291E+03
1.00000E-04	3.93258E+00	1.61056E+03
1.00000E-04	4.21348E+00	1.56161E+03
1.00000E-04	4.49438E+00	1.49596E+03
1.00000E-04	4.77528E+00	1.42585E+03
1.00000E-04	5.05618E+00	1.36042E+03
1.00000E-04	5.33708E+00	1.31395E+03
1.00000E-04	5.61798E+00	1.27662E+03
1.00000E-04	5.89888E+00	1.23905E+03
1.00000E-04	6.17978E+00	1.20000E+03
1.00000E-04	6.46067E+00	1.15726E+03
1.00000E-04	6.74157E+00	1.11895E+03
1.00000E-04	7.02247E+00	1.08659E+03
1.00000E-04	7.30337E+00	1.06143E+03
1.00000E-04	7.58427E+00	1.04530E+03
1.00000E-04	7.86517E+00	1.04282E+03
1.00000E-04	8.14607E+00	1.04995E+03
1.00000E-04	8.42697E+00	1.06350E+03
1.00000E-04	8.70787E+00	1.07295E+03
1.00000E-04	8.98876E+00	1.07178E+03
1.00000E-04	9.26966E+00	1.06799E+03
1.00000E-04	9.55056E+00	1.06065E+03
1.00000E-04	9.83146E+00	1.05653E+03
1.00000E-04	1.01124E+01	1.05591E+03
1.00000E-04	1.03933E+01	1.06390E+03
1.00000E-04	1.06742E+01	1.07727E+03
1.00000E-04	1.09551E+01	1.09618E+03
1.00000E-04	1.12360E+01	1.11786E+03
1.00000E-04	1.15169E+01	1.13895E+03
1.00000E-04	1.17978E+01	1.16024E+03
1.00000E-04	1.20787E+01	1.18370E+03
1.00000E-04	1.23596E+01	1.20888E+03
1.00000E-04	1.26404E+01	1.23570E+03
1.00000E-04	1.29213E+01	1.26614E+03
1.00000E-04	1.32022E+01	1.29812E+03
1.00000E-04	1.34831E+01	1.32885E+03
1.00000E-04	1.37640E+01	1.35983E+03
1.00000E-04	1.40449E+01	1.39170E+03
1.00000E-04	1.43258E+01	1.42315E+03
1.00000E-04	1.46067E+01	1.45826E+03
1.00000E-04	1.48876E+01	1.49678E+03
1.00000E-04	1.51685E+01	1.54178E+03
1.00000E-04	1.54494E+01	1.59247E+03
1.00000E-04	1.57303E+01	1.64705E+03
1.00000E-04	1.60112E+01	1.70354E+03
1.00000E-04	1.62921E+01	1.76079E+03
1.00000E-04	1.65730E+01	1.81765E+03
1.00000E-04	1.68539E+01	1.86959E+03
1.00000E-04	1.71348E+01	1.91963E+03
1.00000E-04	1.74157E+01	1.96315E+03
1.00000E-04	1.76966E+01	2.00456E+03
1.00000E-04	1.79775E+01	2.04000E+03
1.00000E-04	1.82584E+01	2.07255E+03
1.00000E-04	1.85393E+01	2.09671E+03
1.00000E-04	1.88202E+01	2.11778E+03
1.00000E-04	1.91011E+01	2.13572E+03
1.00000E-04	1.93820E+01	2.14956E+03
1.00000E-04	1.96629E+01	2.16301E+03
1.00000E-04	1.99438E+01	2.17403E+03
1.00000E-04	2.02247E+01	2.18180E+03
1.00000E-04	2.05056E+01	2.18758E+03
1.00000E-04	2.07865E+01	2.19415E+03
1.00000E-04	2.10674E+01	2.19766E+03
1.00000E-04	2.13483E+01	2.20083E+03
1.00000E-04	2.16292E+01	2.19877E+03
1.00000E-04	2.19101E+01	2.19690E+03
1.00000E-04	2.21910E+01	2.19574E+03
1.00000E-04	2.24719E+01	2.19147E+03
1.00000E-04	2.27528E+01	2.18364E+03
1.00000E-04	2.30337E+01	2.17739E+03
1.00000E-04	2.33146E+01	2.16963E+03
1.00000E-04	2.35955E+01	2.15916E+03
1.00000E-04	2.38764E+01	2.14884E+03
1.00000E-04	2.41573E+01	2.13956E+03
1.00000E-04	2.44382E+01	2.12789E+03
1.00000E-04	2.47191E+01	2.11625E+03
1.00000E-04	2.50000E+01	2.10420E+03
5.00000E-04	0.00000E+00	8.82089E-01
5.00000E-04	2.80899E-01	2.58322E-01
5.00000E-04	5.61798E-01	8.77266E-01
5.00000E-04	8.42697E-01	2.00934E+00
5.00000E-04	1.12360E+00	3.82297E+00
5.00000E-04	1.40449E+00	6.66127E+00
5.00000E-04	1.68539E+00	1.08508E+03
5.00000E-04	1.96629E+00	1.33975E+03
5.00000E-04	2.24719E+00	1.49785E+03
5.00000E-04	2.52809E+00	1.96580E+03
5.00000E-04	2.80899E+00	2.73842E+03
5.00000E-04	3.08989E+00	3.83918E+03
5.00000E-04	3.37079E+00	4.77558E+03
5.00000E-04	3.65169E+00	5.10707E+03
5.00000E-04	3.93258E+00	5.13157E+03
5.00000E-04	4.21348E+00	4.97504E+03
5.00000E-04	4.49438E+00	4.76639E+03
5.00000E-04	4.77528E+00	4.54301E+03
5.00000E-04	5.05618E+00	4.33453E+03
5.00000E-04	5.33708E+00	4.18648E+03
5.00000E-04	5.61798E+00	4.06754E+03
5.00000E-04	5.89888E+00	3.94783E+03
5.00000E-04	6.17978E+00	3.82341E+03
5.00000E-04	6.46067E+00	3.68723E+03
5.00000E-04	6.74157E+00	3.56518E+03
5.00000E-04	7.02247E+00	3.46208E+03
5.00000E-04	7.30337E+00	3.38195E+03
5.00000E-04	7.58427E+00	3.33051E+03
5.00000E-04	7.86517E+00	3.32261E+03
5.00000E-04	8.14607E+00	3.34531E+03
5.00000E-04	8.42697E+00	3.38849E+03
5.00000E-04	8.70787E+00	3.41859E+03
5.00000E-04	8.98876E+00	3.41544E+03
5.00000E-04	9.26966E+00	3.40279E+03
5.00000E-04	9.55056E+00	3.37943E+03
5.00000E-04	9.83146E+00	3.36629E+03
5.00000E-04	1.01124E+01	3.36433E+03
5.00000E-04	1.03933E+01	3.38950E+03
5.00000E-04	1.06742E+01	3.43239E+03
5.00000E-04	1.09551E+01	3.49263E+03
5.00000E-04	1.12360E+01	3.56170E+03
5.00000E-04	1.15169E+01	3.62889E+03
5.00000E-04	1.17978E+01	3.69673E+03
5.00000E-04	1.20787E+01	3.77149E+03
5.00000E-04	1.23596E+01	3.85169E+03
5.00000E-04	1.26404E+01	3.93714E+03
5.00000E-04	1.29213E+01	4.03413E+03
5.00000E-04	1.32022E+01	4.13605E+03
5.00000E-04	1.34831E+01	4.23395E+03
5.00000E-04	1.37640E+01	4.33266E+03
5.00000E-04	1.40449E+01	4.43419E+03
5.00000E-04	1.43258E+01	4.53442E+03
5.00000E-04	1.46067E+01	4.64626E+03
5.00000E-04	1.48876E+01	4.76900E+03
5.00000E-04	1.51685E+01	4.91239E+03
5.00000E-04	1.54494E+01	5.07390E+03
5.00000E-04	1.57303E+01	5.24778E+03
5.00000E-04	1.60112E+01	5.42779E+03
5.00000E-04	1.62921E+01	5.61017E+03
5.00000E-04	1.65730E+01	5.79135E+03
5.00000E-04	1.68539E+01	5.95685E+03
5.00000E-04	1.71348E+01	6.11628E+03
5.00000E-04	1.74157E+01	6.25495E+03
5.00000E-04	1.76966E+01	6.38689E+03
5.00000E-04	1.79775E+01	6.49978E+03
5.00000E-04	1.82584E+01	6.60350E+03
5.00000E-04	1.85393E+01	6.68050E+03
5.00000E-04	1.88202E+01	6.74762E+03
5.00000E-04	1.91011E+01	6.80480E+03
5.00000E-04	1.93820E+01	6.84888E+03
5.00000E-04	1.96629E+01	6.89174E+03
5.00000E-04	1.99438E+01	6.92608E+03
5.00000E-04	2.02247E+01	6.95161E+03
5.00000E-04	2.05056E+01	6.97002E+03
5.00000E-04	2.07865E+01	6.99095E+03
5.00000E-04	2.10674E+01	7.00212E+03
5.00000E-04	2.13483E+01	7.01225E+03
5.00000E-04	2.16292E+01	7.00566E+03
5.00000E-04	2.19101E+01	6.99970E+03
5.00000E-04	2.21910E+01	6.99601E+03
5.00000E-04	2.24719E+01	6.98241E+03
5.00000E-04	2.27528E+01	6.95748E+03
5.00000E-04	2.30337E+01	6.93753E+03
5.00000E-04	2.33146E+01	6.91282E+03
5.00000E-04	2.35955E+01	6.87945E+03
5.00000E-04	2.38764E+01	6.84658E+03
5.00000E-04	2.41573E+01	6.81700E+03
5.00000E-04	2.44382E+01	6.77982E+03
5.00000E-04	2.47191E+01	6.74276E+03
5.00000E-04	2.50000E+01	6.70435E+03
1.00000E-03	0.00000E+00	8.96917E-01
1.00000E-03	2.80899E-01	3.84438E-01
1.00000E-03	5.61798E-01	1.30558E+00
1.00000E-03	8.42697E-01	2.99090E+00
1.00000E-03	1.12360E+00	5.68753E+00
1.00000E-03	1.40449E+00	9.91239E+00
1.00000E-03	1.68539E+00	1.61488E+03
1.00000E-03	1.96629E+00	1.99386E+03
1.00000E-03	2.24719E+00	2.22913E+03
1.00000E-03	2.52809E+00	2.92553E+03
1.00000E-03	2.80899E+00	4.07540E+03
1.00000E-03	3.08989E+00	5.71559E+03
1.00000E-03	3.37079E+00	7.10738E+03
1.00000E-03	3.65169E+00	7.59982E+03
1.00000E-03	3.93258E+00	7.63747E+03
1.00000E-03	4.21348E+00	7.40371E+03
1.00000E-03	4.49438E+00	7.09336E+03
1.00000E-03	4.77528E+00	6.76100E+03
1.00000E-03	5.05618E+00	6.45092E+03
1.00000E-03	5.33708E+00	6.23046E+03
1.00000E-03	5.61798E+00	6.05345E+03
1.00000E-03	5.89888E+00	5.87511E+03
1.00000E-03	6.17978E+00	5.69012E+03
1.00000E-03	6.46067E+00	5.48746E+03
1.00000E-03	6.74157E+00	5.30575E+03
1.00000E-03	7.02247E+00	5.15238E+03
1.00000E-03	7.30337E+00	5.03315E+03
1.00000E-03	7.58427E+00	4.95658E+03
1.00000E-03	7.86517E+00	4.94482E+03
1.00000E-03	8.14607E+00	4.97861E+03
1.00000E-03	8.42697E+00	5.04287E+03
1.00000E-03	8.70787E+00	5.08767E+03
1.00000E-03	8.98876E+00	5.08311E+03
1.00000E-03	9.26966E+00	5.06414E+03
1.00000E-03	9.55056E+00	5.02938E+03
1.00000E-03	9.83146E+00	5.00982E+03
1.00000E-03	1.01124E+01	5.00691E+03
1.00000E-03	1.03933E+01	5.04432E+03
1.00000E-03	1.06742E+01	5.10819E+03
1.00000E-03	1.09551E+01	5.19785E+03
1.00000E-03	1.12360E+01	5.30063E+03
1.00000E-03	1.15169E+01	5.40064E+03
1.00000E-03	1.17978E+01	5.50159E+03
1.00000E-03	1.20787E+01	5.61284E+03
1.00000E-03	1.23596E+01	5.73222E+03
1.00000E-03	1.26404E+01	5.85939E+03
1.00000E-03	1.29213E+01	6.00375E+03
1.00000E-03	1.32022E+01	6.15541E+03
1.00000E-03	1.34831E+01	6.30111E+03
1.00000E-03	1.37640E+01	6.44801E+03
1.00000E-03	1.40449E+01	6.59911E+03
1.00000E-03	1.43258E+01	6.74828E+03
1.00000E-03	1.46067E+01	6.91472E+03
1.00000E-03	1.48876E+01	7.09739E+03
1.00000E-03	1.51685E+01	7.31078E+03
1.00000E-03	1.54494E+01	7.55115E+03
1.00000E-03	1.57303E+01	7.80993E+03
1.00000E-03	1.60112E+01	8.07782E+03
1.00000E-03	1.62921E+01	8.34925E+03
1.00000E-03	1.65730E+01	8.61888E+03
1.00000E-03	1.68539E+01	8.86518E+03
1.00000E-03	1.71348E+01	9.10246E+03
1.00000E-03	1.74157E+01	9.30907E+03
1.00000E-03	1.76966E+01	9.50519E+03
1.00000E-03	1.79775E+01	9.67320E+03
1.00000E-03	1.82584E+01	9.82755E+03
1.00000E-03	1.85393E+01	9.94215E+03
1.00000E-03	1.88202E+01	1.00420E+04
1.00000E-03	1.91011E+01	1.01273E+04
1.00000E-03	1.93820E+01	1.01927E+04
1.00000E-03	1.96629E+01	1.02565E+04
1.00000E-03	1.99438E+01	1.03059E+04
1.00000E-03	2.02247E+01	1.03456E+04
1.00000E-03	2.05056E+01	1.03730E+04
1.00000E-03	2.07865E+01	1.04042E+04
1.00000E-03	2.10674E+01	1.04208E+04
1.00000E-03	2.13483E+01	1.04359E+04
1.00000E-03	2.16292E+01	1.04261E+04
1.00000E-03	2.19101E+01	1.04172E+04
1.00000E-03	2.21910E+01	1.04117E+04
1.00000E-03	2.24719E+01	1.03915E+04
1.00000E-03	2.27528E+01	1.03544E+04
1.00000E-03	2.30337E+01	1.03247E+04
1.00000E-03	2.33146E+01	1.02879E+04
1.00000E-03	2.35955E+01	1.02382E+04
1.00000E-03	2.38764E+01	1.01893E+04
1.00000E-03	2.41573E+01	1.01453E+04
1.00000E-03	2.44382E+01	1.00900E+04
1.00000E-03	2.47191E+01	1.00348E+04
1.00000E-03	2.50000E+01	9.97765E+03
5.00000E-03	0.00000E+00	9.08414E-01
5.00000E-03	2.80899E-01	8.94716E-01
5.00000E-03	5.61798E-01	3.03847E+00
5.00000E-03	8.42697E-01	6.96091E+00
5.00000E-03	1.12360E+00	1.32334E+01
5.00000E-03	1.40449E+00	2.30627E+01
5.00000E-03	1.68539E+00	3.75840E+03
5.00000E-03	1.96629E+00	4.64000E+03
5.00000E-03	2.24719E+00	5.18707E+03
5.00000E-03	2.52809E+00	6.80834E+03
5.00000E-03	2.80899E+00	9.48425E+03
5.00000E-03	3.08989E+00	1.33083E+04
5.00000E-03	3.37079E+00	1.65421E+04
5.00000E-03	3.65169E+00	1.76819E+04
5.00000E-03	3.93258E+00	1.77780E+04
5.00000E-03	4.21348E+00	1.72299E+04
5.00000E-03	4.49438E+00	1.65057E+04
5.00000E-03	4.77528E+00	1.57333E+04
5.00000E-03	5.05618E+00	1.50144E+04
5.00000E-03	5.33708E+00	1.44991E+04
5.00000E-03	5.61798E+00	1.40887E+04
5.00000E-03	5.89888E+00	1.36714E+04
5.00000E-03	6.17978E+00	1.32417E+04
5.00000E-03	6.46067E+00	1.27709E+04
5.00000E-03	6.74157E+00	1.23464E+04
5.00000E-03	7.02247E+00	1.19901E+04
5.00000E-03	7.30337E+00	1.17135E+04
5.00000E-03	7.58427E+00	1.15352E+04
5.00000E-03	7.86517E+00	1.15086E+04
5.00000E-03	8.14607E+00	1.15847E+04
5.00000E-03	8.42697E+00	1.17359E+04
5.00000E-03	8.70787E+00	1.18404E+04
5.00000E-03	8.98876E+00	1.18300E+04
5.00000E-03	9.26966E+00	1.17849E+04
5.00000E-03	9.55056E+00	1.17047E+04
5.00000E-03	9.83146E+00	1.16589E+04
5.00000E-03	1.01124E+01	1.16521E+04
5.00000E-03	1.03933E+01	1.17394E+04
5.00000E-03	1.06742E+01	1.18881E+04
5.00000E-03	1.09551E+01	1.20969E+04
5.00000E-03	1.12360E+01	1.23330E+04
5.00000E-03	1.15169E+01	1.25670E+04
5.00000E-03	1.17978E+01	1.28038E+04
5.00000E-03	1.20787E+01	1.30590E+04
5.00000E-03	1.23596E+01	1.33403E+04
5.00000E-03	1.26404E+01	1.36366E+04
5.00000E-03	1.29213E+01	1.39765E+04
5.00000E-03	1.32022E+01	1.43253E+04
5.00000E-03	1.34831E+01	1.46664E+04
5.00000E-03	1.37640E+01	1.50098E+04
5.00000E-03	1.40449E+01	1.53579E+04
5.00000E-03	1.43258E+01	1.57052E+04
5.00000E-03	1.46067E+01	1.60925E+04
5.00000E-03	1.48876E+01	1.65182E+04
5.00000E-03	1.51685E+01	1.70142E+04
5.00000E-03	1.54494E+01	1.75736E+04
5.00000E-03	1.57303E+01	1.81756E+04
5.00000E-03	1.60112E+01	1.87995E+04
5.00000E-03	1.62921E+01	1.94320E+04
5.00000E-03	1.65730E+01	2.00574E+04
5.00000E-03	1.68539E+01	2.06317E+04
5.00000E-03	1.71348E+01	2.11839E+04
5.00000E-03	1.74157E+01	2.16706E+04
5.00000E-03	1.76966E+01	2.21228E+04
5.00000E-03	1.79775E+01	2.25122E+04
5.00000E-03	1.82584E+01	2.28708E+04
5.00000E-03	1.85393E+01	2.31381E+04
5.00000E-03	1.88202E+01	2.33709E+04
5.00000E-03	1.91011E+01	2.35700E+04
5.00000E-03	1.93820E+01	2.37213E+04
5.00000E-03	1.96629E+01	2.38697E+04
5.00000E-03	1.99438E+01	2.39794E+04
5.00000E-03	2.02247E+01	2.40771E+04
5.00000E-03	2.05056E+01	2.41413E+04
5.00000E-03	2.07865E+01	2.42123E+04
5.00000E-03	2.10674E+01	2.42521E+04
5.00000E-03	2.13483E+01	2.42871E+04
5.00000E-03	2.16292E+01	2.42643E+04
5.00000E-03	2.19101E+01	2.42437E+04
5.00000E-03	2.21910E+01	2.42309E+04
5.00000E-03	2.24719E+01	2.41838E+04
5.00000E-03	2.27528E+01	2.40974E+04
5.00000E-03	2.30337E+01	2.40280E+04
5.00000E-03	2.33146E+01	2.39421E+04
5.00000E-03	2.35955E+01	2.38272E+04
5.00000E-03	2.38764E+01	2.37135E+04
5.00000E-03	2.41573E+01	2.36098E+04
5.00000E-03	2.44382E+01	2.34821E+04
5.00000E-03	2.47191E+01	2.33537E+04
5.00000E-03	2.50000E+01	2.32207E+04
1.00000E-02	0.00000E+00	9.15265E-01
1.00000E-02	2.80899E-01	1.24769E+00
1.00000E-02	5.61798E-01	4.23692E+00
1.00000E-02	8.42697E-01	9.70636E+00
1.00000E-02	1.12360E+00	1.84526E+01
1.00000E-02	1.40449E+00	3.21586E+01
1.00000E-02	1.68539E+00	5.24062E+03
1.00000E-02	1.96629E+00	6.47000E+03
1.00000E-02	2.24719E+00	7.23277E+03
1.00000E-02	2.52809E+00	9.49378E+03
1.00000E-02	2.80899E+00	1.32247E+04
1.00000E-02	3.08989E+00	1.85574E+04
1.00000E-02	3.37079E+00	2.30662E+04
1.00000E-02	3.65169E+00	2.46549E+04
1.00000E-02	3.93258E+00	2.47900E+04
1.00000E-02	4.21348E+00	2.40252E+04
1.00000E-02	4.49438E+00	2.30147E+04
1.00000E-02	4.77528E+00	2.19382E+04
1.00000E-02	5.05618E+00	2.09362E+04
1.00000E-02	5.33708E+00	2.02170E+04
1.00000E-02	5.61798E+00	1.96456E+04
1.00000E-02	5.89888E+00	1.90629E+04
1.00000E-02	6.17978E+00	1.84635E+04
1.00000E-02	6.46067E+00	1.78077E+04
1.00000E-02	6.74157E+00	1.72153E+04
1.00000E-02	7.02247E+00	1.67185E+04
1.00000E-02	7.30337E+00	1.63332E+04
1.00000E-02	7.58427E+00	1.60845E+04
1.00000E-02	7.86517E+00	1.60479E+04
1.00000E-02	8.14607E+00	1.61512E+04
1.00000E-02	8.42697E+00	1.63633E+04
1.00000E-02	8.70787E+00	1.65105E+04
1.00000E-02	8.98876E+00	1.64958E+04
1.00000E-02	9.26966E+00	1.64318E+04
1.00000E-02	9.55056E+00	1.63209E+04
1.00000E-02	9.83146E+00	1.62557E+04
1.00000E-02	1.01124E+01	1.62463E+04
1.00000E-02	1.03933E+01	1.63694E+04
1.00000E-02	1.06742E+01	1.65758E+04
1.00000E-02	1.09551E+01	1.68691E+04
1.00000E-02	1.12360E+01	1.71936E+04
1.00000E-02	1.15169E+01	1.75206E+04
1.00000E-02	1.17978E+01	1.78533E+04
1.00000E-02	1.20787E+01	1.82067E+04
1.00000E-02	1.23596E+01	1.85997E+04
1.00000E-02	1.26404E+01	1.90167E+04
1.00000E-02	1.29213E+01	1.94917E+04
1.00000E-02	1.32022E+01	1.99752E+04
1.00000E-02	1.34831E+01	2.04540E+04
1.00000E-02	1.37640E+01	2.09335E+04
1.00000E-02	1.40449E+01	2.14133E+04
1.00000E-02	1.43258E+01	2.19003E+04
1.00000E-02	1.46067E+01	2.24392E+04
1.00000E-02	1.48876E+01	2.30352E+04
1.00000E-02	1.51685E+01	2.37249E+04
1.00000E-02	1.54494E+01	2.45044E+04
1.00000E-02	1.57303E+01	2.53411E+04
1.00000E-02	1.60112E+01	2.62162E+04
1.00000E-02	1.62921E+01	2.70983E+04
1.00000E-02	1.65730E+01	2.79631E+04
1.00000E-02	1.68539E+01	2.87689E+04
1.00000E-02	1.71348E+01	2.95385E+04
1.00000E-02	1.74157E+01	3.02195E+04
1.00000E-02	1.76966E+01	3.08499E+04
1.00000E-02	1.79775E+01	3.13908E+04
1.00000E-02	1.82584E+01	3.18853E+04
1.00000E-02	1.85393E+01	3.22640E+04
1.00000E-02	1.88202E+01	3.25905E+04
1.00000E-02	1.91011E+01	3.28657E+04
1.00000E-02	1.93820E+01	3.30780E+04
1.00000E-02	1.96629E+01	3.32837E+04
1.00000E-02	1.99438E+01	3.34356E+04
1.00000E-02	2.02247E+01	3.35719E+04
1.00000E-02	2.05056E+01	3.36641E+04
1.00000E-02	2.07865E+01	3.37563E+04
1.00000E-02	2.10674E+01	3.38178E+04
1.00000E-02	2.13483E+01	3.38656E+04
1.00000E-02	2.16292E+01	3.38348E+04
1.00000E-02	2.19101E+01	3.38053E+04
1.00000E-02	2.21910E+01	3.37873E+04
1.00000E-02	2.24719E+01	3.37214E+04
1.00000E-02	2.27528E+01	3.36016E+04
1.00000E-02	2.30337E+01	3.35024E+04
1.00000E-02	2.33146E+01	3.33828E+04
1.00000E-02	2.35955E+01	3.32245E+04
1.00000E-02	2.38764E+01	3.30674E+04
1.00000E-02	2.41573E+01	3.29186E+04
1.00000E-02	2.44382E+01	3.27433E+04
1.00000E-02	2.47191E+01	3.25641E+04
1.00000E-02	2.50000E+01	3.23788E+04
5.00000E-02	0.00000E+00	9.28354E-01
5.00000E-02	2.80899E-01	2.52393E+00
5.00000E-02	5.61798E-01	8.55589E+00
5.00000E-02	8.42697E-01	1.95930E+01
5.00000E-02	1.12360E+00	3.72429E+01
5.00000E-02	1.40449E+00	6.49494E+01
5.00000E-02	1.68539E+00	1.05707E+04
5.00000E-02	1.96629E+00	1.30562E+04
5.00000E-02	2.24719E+00	1.45936E+04
5.00000E-02	2.52809E+00	1.91671E+04
5.00000E-02	2.80899E+00	2.66845E+04
5.00000E-02	3.08989E+00	3.74532E+04
5.00000E-02	3.37079E+00	4.65409E+04
5.00000E-02	3.65169E+00	4.97453E+04
5.00000E-02	3.93258E+00	5.00188E+04
5.00000E-02	4.21348E+00	4.84763E+04
5.00000E-02	4.49438E+00	4.64376E+04
5.00000E-02	4.77528E+00	4.42655E+04
5.00000E-02	5.05618E+00	4.22437E+04
5.00000E-02	5.33708E+00	4.07926E+04
5.00000E-02	5.61798E+00	3.96397E+04
5.00000E-02	5.89888E+00	3.84640E+04
5.00000E-02	6.17978E+00	3.72546E+04
5.00000E-02	6.46067E+00	3.59313E+04
5.00000E-02	6.74157E+00	3.47357E+04
5.00000E-02	7.02247E+00	3.37335E+04
5.00000E-02	7.30337E+00	3.29562E+04
5.00000E-02	7.58427E+00	3.24545E+04
5.00000E-02	7.86517E+00	3.23807E+04
5.00000E-02	8.14607E+00	3.25871E+04
5.00000E-02	8.42697E+00	3.30158E+04
5.00000E-02	8.70787E+00	3.33147E+04
5.00000E-02	8.98876E+00	3.32844E+04
5.00000E-02	9.26966E+00	3.31546E+04
5.00000E-02	9.55056E+00	3.29313E+04
5.00000E-02	9.83146E+00	3.27986E+04
5.00000E-02	1.01124E+01	3.27795E+04
5.00000E-02	1.03933E+01	3.30297E+04
5.00000E-02	1.06742E+01	3.34423E+04
5.00000E-02	1.09551E+01	3.40439E+04
5.00000E-02	1.12360E+01	3.46875E+04
5.00000E-02	1.15169E+01	3.53488E+04
5.00000E-02	1.17978E+01	3.60233E+04
5.00000E-02	1.20787E+01	3.67341E+04
5.00000E-02	1.23596E+01	3.75219E+04
5.00000E-02	1.26404E+01	3.83787E+04
5.00000E-02	1.29213E+01	3.93319E+04
5.00000E-02	1.32022E+01	4.03050E+04
5.00000E-02	1.34831E+01	4.12747E+04
5.00000E-02	1.37640E+01	4.22440E+04
5.00000E-02	1.40449E+01	4.31993E+04
5.00000E-02	1.43258E+01	4.41937E+04
5.00000E-02	1.46067E+01	4.52708E+04
5.00000E-02	1.48876E+01	4.64821E+04
5.00000E-02	1.51685E+01	4.78725E+04
5.00000E-02	1.54494E+01	4.94377E+04
5.00000E-02	1.57303E+01	5.11230E+04
5.00000E-02	1.60112E+01	5.29075E+04
5.00000E-02	1.62921E+01	5.46791E+04
5.00000E-02	1.65730E+01	5.64131E+04
5.00000E-02	1.68539E+01	5.80499E+04
5.00000E-02	1.71348E+01	5.95847E+04
5.00000E-02	1.74157E+01	6.09763E+04
5.00000E-02	1.76966E+01	6.22484E+04
5.00000E-02	1.79775E+01	6.33365E+04
5.00000E-02	1.82584E+01	6.43074E+04
5.00000E-02	1.85393E+01	6.51031E+04
5.00000E-02	1.88202E+01	6.57638E+04
5.00000E-02	1.91011E+01	6.63144E+04
5.00000E-02	1.93820E+01	6.67675E+04
5.00000E-02	1.96629E+01	6.71545E+04
5.00000E-02	1.99438E+01	6.74624E+04
5.00000E-02	2.02247E+01	6.77297E+04
5.00000E-02	2.05056E+01	6.79275E+04
5.00000E-02	2.07865E+01	6.80924E+04
5.00000E-02	2.10674E+01	6.82540E+04
5.00000E-02	2.13483E+01	6.83245E+04
5.00000E-02	2.16292E+01	6.82794E+04
5.00000E-02	2.19101E+01	6.82212E+04
5.00000E-02	2.21910E+01	6.81679E+04
5.00000E-02	2.24719E+01	6.80364E+04
5.00000E-02	2.27528E+01	6.78087E+04
5.00000E-02	2.30337E+01	6.75900E+04
5.00000E-02	2.33146E+01	6.73538E+04
5.00000E-02	2.35955E+01	6.70470E+04
5.00000E-02	2.38764E+01	6.67276E+04
5.00000E-02	2.41573E+01	6.64148E+04
5.00000E-02	2.44382E+01	6.60689E+04
5.00000E-02	2.47191E+01	6.56983E+04
5.00000E-02	2.50000E+01	6.53320E+04
1.00000E-01	0.00000E+00	9.47835E-01
1.00000E-01	2.80899E-01	3.20042E+00
1.00000E-01	5.61798E-01	1.07915E+01
1.00000E-01	8.42697E-01	2.46828E+01
1.00000E-01	1.12360E+00	4.68980E+01
1.00000E-01	1.40449E+00	9.25577E+01
1.00000E-01	1.68539E+00	1.32904E+04
1.00000E-01	1.96629E+00	1.64287E+04
1.00000E-01	2.24719E+00	1.83684E+04
1.00000E-01	2.52809E+00	2.41370E+04
1.00000E-01	2.80899E+00	3.35758E+04
1.00000E-01	3.08989E+00	4.71445E+04
1.00000E-01	3.37079E+00	5.85534E+04
1.00000E-01	3.65169E+00	6.25833E+04
1.00000E-01	3.93258E+00	6.29287E+04
1.00000E-01	4.21348E+00	6.09904E+04
1.00000E-01	4.49438E+00	5.84262E+04
1.00000E-01	4.77528E+00	5.56937E+04
1.00000E-01	5.05618E+00	5.31500E+04
1.00000E-01	5.33708E+00	5.13247E+04
1.00000E-01	5.61798E+00	4.98733E+04
1.00000E-01	5.89888E+00	4.83945E+04
1.00000E-01	6.17978E+00	4.68730E+04
1.00000E-01	6.46067E+00	4.52080E+04
1.00000E-01	6.74157E+00	4.37037E+04
1.00000E-01	7.02247E+00	4.24428E+04
1.00000E-01	7.30337E+00	4.14653E+04
1.00000E-01	7.58427E+00	4.08335E+04
1.00000E-01	7.86517E+00	4.07411E+04
1.00000E-01	8.14607E+00	4.10014E+04
1.00000E-01	8.42697E+00	4.15398E+04
1.00000E-01	8.70787E+00	4.19160E+04
1.00000E-01	8.98876E+00	4.18777E+04
1.00000E-01	9.26966E+00	4.17143E+04
1.00000E-01	9.55056E+00	4.14336E+04
1.00000E-01	9.83146E+00	4.12667E+04
1.00000E-01	1.01124E+01	4.12432E+04
1.00000E-01	1.03933E+01	4.15577E+04
1.00000E-01	1.06742E+01	4.20770E+04
1.00000E-01	1.09551E+01	4.28334E+04
1.00000E-01	1.12360E+01	4.36431E+04
1.00000E-01	1.15169E+01	4.44753E+04
1.00000E-01	1.17978E+01	4.53240E+04
1.00000E-01	1.20787E+01	4.62183E+04
1.00000E-01	1.23596E+01	4.72096E+04
1.00000E-01	1.26404E+01	4.82877E+04
1.00000E-01	1.29213E+01	4.94866E+04
1.00000E-01	1.32022E+01	5.07110E+04
1.00000E-01	1.34831E+01	5.19312E+04
1.00000E-01	1.37640E+01	5.31506E+04
1.00000E-01	1.40449E+01	5.43526E+04
1.00000E-01	1.43258E+01	5.56038E+04
1.00000E-01	1.46067E+01	5.69583E+04
1.00000E-01	1.48876E+01	5.84831E+04
1.00000E-01	1.51685E+01	6.02322E+04
1.00000E-01	1.54494E+01	6.22017E+04
1.00000E-01	1.57303E+01	6.43225E+04
1.00000E-01	1.60112E+01	6.65672E+04
1.00000E-01	1.62921E+01	6.87962E+04
1.00000E-01	1.65730E+01	7.09777E+04
1.00000E-01	1.68539E+01	7.30370E+04
1.00000E-01	1.71348E+01	7.49668E+04
1.00000E-01	1.74157E+01	7.67191E+04
1.00000E-01	1.76966E+01	7.83194E+04
1.00000E-01	1.79775E+01	7.96886E+04
1.00000E-01	1.82584E+01	8.09091E+04
1.00000E-01	1.85393E+01	8.19114E+04
1.00000E-01	1.88202E+01	8.27426E+04
1.00000E-01	1.91011E+01	8.34353E+04
1.00000E-01	1.93820E+01	8.40068E+04
1.00000E-01	1.96629E+01	8.44922E+04
1.00000E-01	1.99438E+01	8.48796E+04
1.00000E-01	2.02247E+01	8.52160E+04
1.00000E-01	2.05056E+01	8.54650E+04
1.00000E-01	2.07865E+01	8.56717E+04
1.00000E-01	2.10674E+01	8.58766E+04
1.00000E-01	2.13483E+01	8.59642E+04
1.00000E-01	2.16292E+01	8.59078E+04
1.00000E-01	2.19101E+01	8.58354E+04
1.00000E-01	2.21910E+01	8.57668E+04
1.00000E-01	2.24719E+01	8.56016E+04
1.00000E-01	2.27528E+01	8.53158E+04
1.00000E-01	2.30337E+01	8.50402E+04
1.00000E-01	2.33146E+01	8.47429E+04
1.00000E-01	2.35955E+01	8.43578E+04
1.00000E-01	2.38764E+01	8.39553E+04
1.00000E-01	2.41573E+01	8.35616E+04
1.00000E-01	2.44382E+01	8.31265E+04
1.00000E-01	2.47191E+01	8.26597E+04
1.00000E-01	2.50000E+01	8.21994E+04
2.00000E-01	0.00000E+00	9.89267E-01
2.00000E-01	2.80899E-01	3.60512E+00
2.00000E-01	5.61798E-01	1.19230E+01
2.00000E-01	8.42697E-01	2.71438E+01
2.00000E-01	1.12360E+00	5.14891E+01
2.00000E-01	1.40449E+00	3.05427E+02
2.00000E-01	1.68539E+00	1.45143E+04
2.00000E-01	1.96629E+00	1.79753E+04
2.00000E-01	2.24719E+00	2.01444E+04
2.00000E-01	2.52809E+00	2.64588E+04
2.00000E-01	2.80899E+00	3.67515E+04
2.00000E-01	3.08989E+00	5.16349E+04
2.00000E-01	3.37079E+00	6.40495E+04
2.00000E-01	3.65169E+00	6.84652E+04
2.00000E-01	3.93258E+00	6.88428E+04
2.00000E-01	4.21348E+00	6.67298E+04
2.00000E-01	4.49438E+00	6.39279E+04
2.00000E-01	4.77528E+00	6.09402E+04
2.00000E-01	5.05618E+00	5.81584E+04
2.00000E-01	5.33708E+00	5.61623E+04
2.00000E-01	5.61798E+00	5.45706E+04
2.00000E-01	5.89888E+00	5.29534E+04
2.00000E-01	6.17978E+00	5.12889E+04
2.00000E-01	6.46067E+00	4.94675E+04
2.00000E-01	6.74157E+00	4.78214E+04
2.00000E-01	7.02247E+00	4.64416E+04
2.00000E-01	7.30337E+00	4.53741E+04
2.00000E-01	7.58427E+00	4.46813E+04
2.00000E-01	7.86517E+00	4.45812E+04
2.00000E-01	8.14607E+00	4.48682E+04
2.00000E-01	8.42697E+00	4.54533E+04
2.00000E-01	8.70787E+00	4.58646E+04
2.00000E-01	8.98876E+00	4.58229E+04
2.00000E-01	9.26966E+00	4.56440E+04
2.00000E-01	9.55056E+00	4.53381E+04
2.00000E-01	9.83146E+00	4.51556E+04
2.00000E-01	1.01124E+01	4.51323E+04
2.00000E-01	1.03933E+01	4.54748E+04
2.00000E-01	1.06742E+01	4.60439E+04
2.00000E-01	1.09551E+01	4.68691E+04
2.00000E-01	1.12360E+01	4.77554E+04
2.00000E-01	1.15169E+01	4.86660E+04
2.00000E-01	1.17978E+01	4.95951E+04
2.00000E-01	1.20787E+01	5.05740E+04
2.00000E-01	1.23596E+01	5.16592E+04
2.00000E-01	1.26404E+01	5.28391E+04
2.00000E-01	1.29213E+01	5.41496E+04
2.00000E-01	1.32022E+01	5.54895E+04
2.00000E-01	1.34831E+01	5.68248E+04
2.00000E-01	1.37640E+01	5.81591E+04
2.00000E-01	1.40449E+01	5.94746E+04
2.00000E-01	1.43258E+01	6.08436E+04
2.00000E-01	1.46067E+01	6.23258E+04
2.00000E-01	1.48876E+01	6.39947E+04
2.00000E-01	1.51685E+01	6.59078E+04
2.00000E-01	1.54494E+01	6.80635E+04
2.00000E-01	1.57303E+01	7.03854E+04
2.00000E-01	1.60112E+01	7.28395E+04
2.00000E-01	1.62921E+01	7.52787E+04
2.00000E-01	1.65730E+01	7.76649E+04
2.00000E-01	1.68539E+01	7.99181E+04
2.00000E-01	1.71348E+01	8.20297E+04
2.00000E-01	1.74157E+01	8.39476E+04
2.00000E-01	1.76966E+01	8.56976E+04
2.00000E-01	1.79775E+01	8.71966E+04
2.00000E-01	1.82584E+01	8.85314E+04
2.00000E-01	1.85393E+01	8.96289E+04
2.00000E-01	1.88202E+01	9.05385E+04
2.00000E-01	1.91011E+01	9.12962E+04
2.00000E-01	1.93820E+01	9.19218E+04
2.00000E-01	1.96629E+01	9.24524E+04
2.00000E-01	1.99438E+01	9.28769E+04
2.00000E-01	2.02247E+01	9.32447E+04
2.00000E-01	2.05056E+01	9.35174E+04
2.00000E-01	2.07865E+01	9.37438E+04
2.00000E-01	2.10674E+01	9.39673E+04
2.00000E-01	2.13483E+01	9.40633E+04
2.00000E-01	2.16292E+01	9.40020E+04
2.00000E-01	2.19101E+01	9.39229E+04
2.00000E-01	2.21910E+01	9.38473E+04
2.00000E-01	2.24719E+01	9.36660E+04
2.00000E-01	2.27528E+01	9.33542E+04
2.00000E-01	2.30337E+01	9.30524E+04
2.00000E-01	2.33146E+01	9.27268E+04
2.00000E-01	2.35955E+01	9.23061E+04
2.00000E-01	2.38764E+01	9.18656E+04
2.00000E-01	2.41573E+01	9.14346E+04
2.00000E-01	2.44382E+01	9.09585E+04
2.00000E-01	2.47191E+01	9.04479E+04
2.00000E-01	2.50000E+01	8.99441E+04
2.50000E-01	0.00000E+00	1.00836E+00
2.50000E-01	2.80899E-01	3.60079E+00
2.50000E-01	5.61798E-01	1.17532E+01
2.50000E-01	8.42697E-01	2.66667E+01
2.50000E-01	1.12360E+00	5.05243E+01
2.50000E-01	1.40449E+00	4.84529E+02
2.50000E-01	1.68539E+00	1.41850E+04
2.50000E-01	1.96629E+00	1.75918E+04
2.50000E-01	2.24719E+00	1.97472E+04
2.50000E-01	2.52809E+00	2.59248E+04
2.50000E-01	2.80899E+00	3.59880E+04
2.50000E-01	3.08989E+00	5.05618E+04
2.50000E-01	3.37079E+00	6.26726E+04
2.50000E-01	3.65169E+00	6.70034E+04
2.50000E-01	3.93258E+00	6.73727E+04
2.50000E-01	4.21348E+00	6.53101E+04
2.50000E-01	4.49438E+00	6.25696E+04
2.50000E-01	4.77528E+00	5.96471E+04
2.50000E-01	5.05618E+00	5.69262E+04
2.50000E-01	5.33708E+00	5.49725E+04
2.50000E-01	5.61798E+00	5.34122E+04
2.50000E-01	5.89888E+00	5.18298E+04
2.50000E-01	6.17978E+00	5.02003E+04
2.50000E-01	6.46067E+00	4.84184E+04
2.50000E-01	6.74157E+00	4.68072E+04
2.50000E-01	7.02247E+00	4.54567E+04
2.50000E-01	7.30337E+00	4.44130E+04
2.50000E-01	7.58427E+00	4.37346E+04
2.50000E-01	7.86517E+00	4.36367E+04
2.50000E-01	8.14607E+00	4.39188E+04
2.50000E-01	8.42697E+00	4.44890E+04
2.50000E-01	8.70787E+00	4.48907E+04
2.50000E-01	8.98876E+00	4.48506E+04
2.50000E-01	9.26966E+00	4.46754E+04
2.50000E-01	9.55056E+00	4.43769E+04
2.50000E-01	9.83146E+00	4.41985E+04
2.50000E-01	1.01124E+01	4.41772E+04
2.50000E-01	1.03933E+01	4.45114E+04
2.50000E-01	1.06742E+01	4.50690E+04
2.50000E-01	1.09551E+01	4.58752E+04
2.50000E-01	1.12360E+01	4.67429E+04
2.50000E-01	1.15169E+01	4.76341E+04
2.50000E-01	1.17978E+01	4.85437E+04
2.50000E-01	1.20787E+01	4.95022E+04
2.50000E-01	1.23596E+01	5.05646E+04
2.50000E-01	1.26404E+01	5.17197E+04
2.50000E-01	1.29213E+01	5.30015E+04
2.50000E-01	1.32022E+01	5.43131E+04
2.50000E-01	1.34831E+01	5.56202E+04
2.50000E-01	1.37640E+01	5.69260E+04
2.50000E-01	1.40449E+01	5.82138E+04
2.50000E-01	1.43258E+01	5.95539E+04
2.50000E-01	1.46067E+01	6.10045E+04
2.50000E-01	1.48876E+01	6.26384E+04
2.50000E-01	1.51685E+01	6.45106E+04
2.50000E-01	1.54494E+01	6.66208E+04
2.50000E-01	1.57303E+01	6.88941E+04
2.50000E-01	1.60112E+01	7.12949E+04
2.50000E-01	1.62921E+01	7.36825E+04
2.50000E-01	1.65730E+01	7.60175E+04
2.50000E-01	1.68539E+01	7.82228E+04
2.50000E-01	1.71348E+01	8.02897E+04
2.50000E-01	1.74157E+01	8.21672E+04
2.50000E-01	1.76966E+01	8.38792E+04
2.50000E-01	1.79775E+01	8.53471E+04
2.50000E-01	1.82584E+01	8.66532E+04
2.50000E-01	1.85393E+01	8.77279E+04
2.50000E-01	1.88202E+01	8.86181E+04
2.50000E-01	1.91011E+01	8.93596E+04
2.50000E-01	1.93820E+01	8.99723E+04
2.50000E-01	1.96629E+01	9.04912E+04
2.50000E-01	1.99438E+01	9.09071E+04
2.50000E-01	2.02247E+01	9.12668E+04
2.50000E-01	2.05056E+01	9.15340E+04
2.50000E-01	2.07865E+01	9.17558E+04
2.50000E-01	2.10674E+01	9.19741E+04
2.50000E-01	2.13483E+01	9.20679E+04
2.50000E-01	2.16292E+01	9.20083E+04
2.50000E-01	2.19101E+01	9.19310E+04
2.50000E-01	2.21910E+01	9.18566E+04
2.50000E-01	2.24719E+01	9.16788E+04
2.50000E-01	2.27528E+01	9.13743E+04
2.50000E-01	2.30337E+01	9.10787E+04
2.50000E-01	2.33146E+01	9.07597E+04
2.50000E-01	2.35955E+01	9.03484E+04
2.50000E-01	2.38764E+01	8.99173E+04
2.50000E-01	2.41573E+01	8.94952E+04
2.50000E-01	2.44382E+01	8.90293E+04
2.50000E-01	2.47191E+01	8.85296E+04
2.50000E-01	2.50000E+01	8.80365E+04
3.00000E-01	0.00000E+00	1.02604E+00
3.00000E-01	2.80899E-01	3.53385E+00
3.00000E-01	5.61798E-01	1.13615E+01
3.00000E-01	8.42697E-01	2.56739E+01
3.00000E-01	1.12360E+00	4.85887E+01
3.00000E-01	1.40449E+00	6.72873E+02
3.00000E-01	1.68539E+00	1.35690E+04
3.00000E-01	1.96629E+00	1.68581E+04
3.00000E-01	2.24719E+00	1.89588E+04
3.00000E-01	2.52809E+00	2.48777E+04
3.00000E-01	2.80899E+00	3.45177E+04
3.00000E-01	3.08989E+00	4.84809E+04
3.00000E-01	3.37079E+00	6.00459E+04
3.00000E-01	3.65169E+00	6.42085E+04
3.00000E-01	3.93258E+00	6.45629E+04
3.00000E-01	4.21348E+00	6.25923E+04
3.00000E-01	4.49438E+00	5.99674E+04
3.00000E-01	4.77528E+00	5.71685E+04
3.00000E-01	5.05618E+00	5.45632E+04
3.00000E-01	5.33708E+00	5.26903E+04
3.00000E-01	5.61798E+00	5.11922E+04
3.00000E-01	5.89888E+00	4.96761E+04
3.00000E-01	6.17978E+00	4.81137E+04
3.00000E-01	6.46067E+00	4.64071E+04
3.00000E-01	6.74157E+00	4.48630E+04
3.00000E-01	7.02247E+00	4.35686E+04
3.00000E-01	7.30337E+00	4.25693E+04
3.00000E-01	7.58427E+00	4.19193E+04
3.00000E-01	7.86517E+00	4.18253E+04
3.00000E-01	8.14607E+00	4.20967E+04
3.00000E-01	8.42697E+00	4.26405E+04
3.00000E-01	8.70787E+00	4.30243E+04
3.00000E-01	8.98876E+00	4.29870E+04
3.00000E-01	9.26966E+00	4.28188E+04
3.00000E-01	9.55056E+00	4.25339E+04
3.00000E-01	9.83146E+00	4.23631E+04
3.00000E-01	1.01124E+01	4.23445E+04
3.00000E-01	1.03933E+01	4.26635E+04
3.00000E-01	1.06742E+01	4.31985E+04
3.00000E-01	1.09551E+01	4.39698E+04
3.00000E-01	1.12360E+01	4.48015E+04
3.00000E-01	1.15169E+01	4.56556E+04
3.00000E-01	1.17978E+01	4.65278E+04
3.00000E-01	1.20787E+01	4.74468E+04
3.00000E-01	1.23596E+01	4.84651E+04
3.00000E-01	1.26404E+01	4.95726E+04
3.00000E-01	1.29213E+01	5.08002E+04
3.00000E-01	1.32022E+01	5.20573E+04
3.00000E-01	1.34831E+01	5.33102E+04
3.00000E-01	1.37640E+01	5.45617E+04
3.00000E-01	1.40449E+01	5.57962E+04
3.00000E-01	1.43258E+01	5.70809E+04
3.00000E-01	1.46067E+01	5.84712E+04
3.00000E-01	1.48876E+01	6.00375E+04
3.00000E-01	1.51685E+01	6.18317E+04
3.00000E-01	1.54494E+01	6.38543E+04
3.00000E-01	1.57303E+01	6.60338E+04
3.00000E-01	1.60112E+01	6.83337E+04
3.00000E-01	1.62921E+01	7.06220E+04
3.00000E-01	1.65730E+01	7.28595E+04
3.00000E-01	1.68539E+01	7.49731E+04
3.00000E-01	1.71348E+01	7.69540E+04
3.00000E-01	1.74157E+01	7.87538E+04
3.00000E-01	1.76966E+01	8.03939E+04
3.00000E-01	1.79775E+01	8.18015E+04
3.00000E-01	1.82584E+01	8.30527E+04
3.00000E-01	1.85393E+01	8.40834E+04
3.00000E-01	1.88202E+01	8.49366E+04
3.00000E-01	1.91011E+01	8.56472E+04
3.00000E-01	1.93820E+01	8.62347E+04
3.00000E-01	1.96629E+01	8.67316E+04
3.00000E-01	1.99438E+01	8.71307E+04
3.00000E-01	2.02247E+01	8.74751E+04
3.00000E-01	2.05056E+01	8.77315E+04
3.00000E-01	2.07865E+01	8.79443E+04
3.00000E-01	2.10674E+01	8.81530E+04
3.00000E-01	2.13483E+01	8.82429E+04
3.00000E-01	2.16292E+01	8.81862E+04
3.00000E-01	2.19101E+01	8.81123E+04
3.00000E-01	2.21910E+01	8.80405E+04
3.00000E-01	2.24719E+01	8.78696E+04
3.00000E-01	2.27528E+01	8.75785E+04
3.00000E-01	2.30337E+01	8.72950E+04
3.00000E-01	2.33146E+01	8.69890E+04
3.00000E-01	2.35955E+01	8.65953E+04
3.00000E-01	2.38764E+01	8.61821E+04
3.00000E-01	2.41573E+01	8.57773E+04
3.00000E-01	2.44382E+01	8.53308E+04
3.00000E-01	2.47191E+01	8.48519E+04
3.00000E-01	2.50000E+01	8.43794E+04
4.00000E-01	0.00000E+00	1.05712E+00
4.00000E-01	2.80899E-01	3.31787E+00
4.00000E-01	5.61798E-01	1.02810E+01
4.00000E-01	8.42697E-01	2.30048E+01
4.00000E-01	1.12360E+00	4.37992E+01
4.00000E-01	1.40449E+00	1.00208E+03
4.00000E-01	1.68539E+00	1.19574E+04
4.00000E-01	1.96629E+00	1.49303E+04
4.00000E-01	2.24719E+00	1.68617E+04
4.00000E-01	2.52809E+00	2.21054E+04
4.00000E-01	2.80899E+00	3.06521E+04
4.00000E-01	3.08989E+00	4.29839E+04
4.00000E-01	3.37079E+00	5.31450E+04
4.00000E-01	3.65169E+00	5.68619E+04
4.00000E-01	3.93258E+00	5.71782E+04
4.00000E-01	4.21348E+00	5.54467E+04
4.00000E-01	4.49438E+00	5.31241E+04
4.00000E-01	4.77528E+00	5.06491E+04
4.00000E-01	5.05618E+00	4.83473E+04
4.00000E-01	5.33708E+00	4.66862E+04
4.00000E-01	5.61798E+00	4.53537E+04
4.00000E-01	5.89888E+00	4.40111E+04
4.00000E-01	6.17978E+00	4.26252E+04
4.00000E-01	6.46067E+00	4.11163E+04
4.00000E-01	6.74157E+00	3.97490E+04
4.00000E-01	7.02247E+00	3.86023E+04
4.00000E-01	7.30337E+00	3.77188E+04
4.00000E-01	7.58427E+00	3.71447E+04
4.00000E-01	7.86517E+00	3.70600E+04
4.00000E-01	8.14607E+00	3.73019E+04
4.00000E-01	8.42697E+00	3.77785E+04
4.00000E-01	8.70787E+00	3.81150E+04
4.00000E-01	8.98876E+00	3.80851E+04
4.00000E-01	9.26966E+00	3.79357E+04
4.00000E-01	9.55056E+00	3.76859E+04
4.00000E-01	9.83146E+00	3.75349E+04
4.00000E-01	1.01124E+01	3.75220E+04
4.00000E-01	1.03933E+01	3.78021E+04
4.00000E-01	1.06742E+01	3.82773E+04
4.00000E-01	1.09551E+01	3.89577E+04
4.00000E-01	1.12360E+01	3.96947E+04
4.00000E-01	1.15169E+01	4.04512E+04
4.00000E-01	1.17978E+01	4.12246E+04
4.00000E-01	1.20787E+01	4.20397E+04
4.00000E-01	1.23596E+01	4.29418E+04
4.00000E-01	1.26404E+01	4.39237E+04
4.00000E-01	1.29213E+01	4.50098E+04
4.00000E-01	1.32022E+01	4.61235E+04
4.00000E-01	1.34831E+01	4.72336E+04
4.00000E-01	1.37640E+01	4.83421E+04
4.00000E-01	1.40449E+01	4.94365E+04
4.00000E-01	1.43258E+01	5.05754E+04
4.00000E-01	1.46067E+01	5.18070E+04
4.00000E-01	1.48876E+01	5.31956E+04
4.00000E-01	1.51685E+01	5.47851E+04
4.00000E-01	1.54494E+01	5.65769E+04
4.00000E-01	1.57303E+01	5.85089E+04
4.00000E-01	1.60112E+01	6.05441E+04
4.00000E-01	1.62921E+01	6.25715E+04
4.00000E-01	1.65730E+01	6.45528E+04
4.00000E-01	1.68539E+01	6.64253E+04
4.00000E-01	1.71348E+01	6.81798E+04
4.00000E-01	1.74157E+01	6.97753E+04
4.00000E-01	1.76966E+01	7.12265E+04
4.00000E-01	1.79775E+01	7.24752E+04
4.00000E-01	1.82584E+01	7.35825E+04
4.00000E-01	1.85393E+01	7.44967E+04
4.00000E-01	1.88202E+01	7.52526E+04
4.00000E-01	1.91011E+01	7.58821E+04
4.00000E-01	1.93820E+01	7.64031E+04
4.00000E-01	1.96629E+01	7.68427E+04
4.00000E-01	1.99438E+01	7.71971E+04
4.00000E-01	2.02247E+01	7.75017E+04
4.00000E-01	2.05056E+01	7.77294E+04
4.00000E-01	2.07865E+01	7.79184E+04
4.00000E-01	2.10674E+01	7.81021E+04
4.00000E-01	2.13483E+01	7.81814E+04
4.00000E-01	2.16292E+01	7.81324E+04
4.00000E-01	2.19101E+01	7.80671E+04
4.00000E-01	2.21910E+01	7.80025E+04
4.00000E-01	2.24719E+01	7.78504E+04
4.00000E-01	2.27528E+01	7.75941E+04
4.00000E-01	2.30337E+01	7.73425E+04
4.00000E-01	2.33146E+01	7.70707E+04
4.00000E-01	2.35955E+01	7.67229E+04
4.00000E-01	2.38764E+01	7.63569E+04
4.00000E-01	2.41573E+01	7.59977E+04
4.00000E-01	2.44382E+01	7.56022E+04
4.00000E-01	2.47191E+01	7.51783E+04
4.00000E-01	2.50000E+01	7.47595E+04
5.00000E-01	0.00000E+00	1.08300E+00
5.00000E-01	2.80899E-01	3.08222E+00
5.00000E-01	5.61798E-01	9.11598E+00
5.00000E-01	8.42697E-01	2.01631E+01
5.00000E-01	1.12360E+00	4.07097E+01
5.00000E-01	1.40449E+00	1.22485E+03
5.00000E-01	1.68539E+00	1.02555E+04
5.00000E-01	1.96629E+00	1.28926E+04
5.00000E-01	2.24719E+00	1.46306E+04
5.00000E-01	2.52809E+00	1.91639E+04
5.00000E-01	2.80899E+00	2.65652E+04
5.00000E-01	3.08989E+00	3.71532E+04
5.00000E-01	3.37079E+00	4.58464E+04
5.00000E-01	3.65169E+00	4.90888E+04
5.00000E-01	3.93258E+00	4.93662E+04
5.00000E-01	4.21348E+00	4.78864E+04
5.00000E-01	4.49438E+00	4.58831E+04
5.00000E-01	4.77528E+00	4.37502E+04
5.00000E-01	5.05618E+00	4.17692E+04
5.00000E-01	5.33708E+00	4.03317E+04
5.00000E-01	5.61798E+00	3.91756E+04
5.00000E-01	5.89888E+00	3.80163E+04
5.00000E-01	6.17978E+00	3.68173E+04
5.00000E-01	6.46067E+00	3.55175E+04
5.00000E-01	6.74157E+00	3.43374E+04
5.00000E-01	7.02247E+00	3.33472E+04
5.00000E-01	7.30337E+00	3.25856E+04
5.00000E-01	7.58427E+00	3.20924E+04
5.00000E-01	7.86517E+00	3.20172E+04
5.00000E-01	8.14607E+00	3.22269E+04
5.00000E-01	8.42697E+00	3.26334E+04
5.00000E-01	8.70787E+00	3.29203E+04
5.00000E-01	8.98876E+00	3.28980E+04
5.00000E-01	9.26966E+00	3.27685E+04
5.00000E-01	9.55056E+00	3.25555E+04
5.00000E-01	9.83146E+00	3.24254E+04
5.00000E-01	1.01124E+01	3.24177E+04
5.00000E-01	1.03933E+01	3.26574E+04
5.00000E-01	1.06742E+01	3.30689E+04
5.00000E-01	1.09551E+01	3.36540E+04
5.00000E-01	1.12360E+01	3.42906E+04
5.00000E-01	1.15169E+01	3.49438E+04
5.00000E-01	1.17978E+01	3.56126E+04
5.00000E-01	1.20787E+01	3.63174E+04
5.00000E-01	1.23596E+01	3.70965E+04
5.00000E-01	1.26404E+01	3.79454E+04
5.00000E-01	1.29213E+01	3.88822E+04
5.00000E-01	1.32022E+01	3.98440E+04
5.00000E-01	1.34831E+01	4.08030E+04
5.00000E-01	1.37640E+01	4.17603E+04
5.00000E-01	1.40449E+01	4.27064E+04
5.00000E-01	1.43258E+01	4.36909E+04
5.00000E-01	1.46067E+01	4.47550E+04
5.00000E-01	1.48876E+01	4.59553E+04
5.00000E-01	1.51685E+01	4.73284E+04
5.00000E-01	1.54494E+01	4.88756E+04
5.00000E-01	1.57303E+01	5.05452E+04
5.00000E-01	1.60112E+01	5.23010E+04
5.00000E-01	1.62921E+01	5.40522E+04
5.00000E-01	1.65730E+01	5.57625E+04
5.00000E-01	1.68539E+01	5.73800E+04
5.00000E-01	1.71348E+01	5.88949E+04
5.00000E-01	1.74157E+01	6.02738E+04
5.00000E-01	1.76966E+01	6.15256E+04
5.00000E-01	1.79775E+01	6.26058E+04
5.00000E-01	1.82584E+01	6.35611E+04
5.00000E-01	1.85393E+01	6.43517E+04
5.00000E-01	1.88202E+01	6.50047E+04
5.00000E-01	1.91011E+01	6.55486E+04
5.00000E-01	1.93820E+01	6.59991E+04
5.00000E-01	1.96629E+01	6.63782E+04
5.00000E-01	1.99438E+01	6.66852E+04
5.00000E-01	2.02247E+01	6.69476E+04
5.00000E-01	2.05056E+01	6.71449E+04
5.00000E-01	2.07865E+01	6.73087E+04
5.00000E-01	2.10674E+01	6.74661E+04
5.00000E-01	2.13483E+01	6.75342E+04
5.00000E-01	2.16292E+01	6.74932E+04
5.00000E-01	2.19101E+01	6.74371E+04
5.00000E-01	2.21910E+01	6.73801E+04
5.00000E-01	2.24719E+01	6.72481E+04
5.00000E-01	2.27528E+01	6.70283E+04
5.00000E-01	2.30337E+01	6.68106E+04
5.00000E-01	2.33146E+01	6.65751E+04
5.00000E-01	2.35955E+01	6.62757E+04
5.00000E-01	2.38764E+01	6.59596E+04
5.00000E-01	2.41573E+01	6.56487E+04
5.00000E-01	2.44382E+01	6.53072E+04
5.00000E-01	2.47191E+01	6.49414E+04
5.00000E-01	2.50000E+01	6.45796E+04
6.00000E-01	0.00000E+00	1.10443E+00
6.00000E-01	2.80899E-01	2.86711E+00
6.00000E-01	5.61798E-01	8.03332E+00
6.00000E-01	8.42697E-01	1.75848E+01
6.00000E-01	1.12360E+00	4.25057E+01
6.00000E-01	1.40449E+00	1.34620E+03
6.00000E-01	1.68539E+00	8.68981E+03
6.00000E-01	1.96629E+00	1.10136E+04
6.00000E-01	2.24719E+00	1.25654E+04
6.00000E-01	2.52809E+00	1.64461E+04
6.00000E-01	2.80899E+00	2.27926E+04
6.00000E-01	3.08989E+00	3.17645E+04
6.00000E-01	3.37079E+00	3.91123E+04
6.00000E-01	3.65169E+00	4.19132E+04
6.00000E-01	3.93258E+00	4.21561E+04
6.00000E-01	4.21348E+00	4.09077E+04
6.00000E-01	4.49438E+00	3.91995E+04
6.00000E-01	4.77528E+00	3.73820E+04
6.00000E-01	5.05618E+00	3.56967E+04
6.00000E-01	5.33708E+00	3.44655E+04
6.00000E-01	5.61798E+00	3.34728E+04
6.00000E-01	5.89888E+00	3.24825E+04
6.00000E-01	6.17978E+00	3.14562E+04
6.00000E-01	6.46067E+00	3.03493E+04
6.00000E-01	6.74157E+00	2.93420E+04
6.00000E-01	7.02247E+00	2.84965E+04
6.00000E-01	7.30337E+00	2.78471E+04
6.00000E-01	7.58427E+00	2.74287E+04
6.00000E-01	7.86517E+00	2.73623E+04
6.00000E-01	8.14607E+00	2.75418E+04
6.00000E-01	8.42697E+00	2.78841E+04
6.00000E-01	8.70787E+00	2.81253E+04
6.00000E-01	8.98876E+00	2.81098E+04
6.00000E-01	9.26966E+00	2.79988E+04
6.00000E-01	9.55056E+00	2.78197E+04
6.00000E-01	9.83146E+00	2.77089E+04
6.00000E-01	1.01124E+01	2.77055E+04
6.00000E-01	1.03933E+01	2.79084E+04
6.00000E-01	1.06742E+01	2.82608E+04
6.00000E-01	1.09551E+01	2.87584E+04
6.00000E-01	1.12360E+01	2.93022E+04
6.00000E-01	1.15169E+01	2.98601E+04
6.00000E-01	1.17978E+01	3.04321E+04
6.00000E-01	1.20787E+01	3.10351E+04
6.00000E-01	1.23596E+01	3.17007E+04
6.00000E-01	1.26404E+01	3.24267E+04
6.00000E-01	1.29213E+01	3.32259E+04
6.00000E-01	1.32022E+01	3.40474E+04
6.00000E-01	1.34831E+01	3.48669E+04
6.00000E-01	1.37640E+01	3.56846E+04
6.00000E-01	1.40449E+01	3.64938E+04
6.00000E-01	1.43258E+01	3.73359E+04
6.00000E-01	1.46067E+01	3.82455E+04
6.00000E-01	1.48876E+01	3.92719E+04
6.00000E-01	1.51685E+01	4.04454E+04
6.00000E-01	1.54494E+01	4.17668E+04
6.00000E-01	1.57303E+01	4.31936E+04
6.00000E-01	1.60112E+01	4.46919E+04
6.00000E-01	1.62921E+01	4.61881E+04
6.00000E-01	1.65730E+01	4.76485E+04
6.00000E-01	1.68539E+01	4.90305E+04
6.00000E-01	1.71348E+01	5.03242E+04
6.00000E-01	1.74157E+01	5.15030E+04
6.00000E-01	1.76966E+01	5.25712E+04
6.00000E-01	1.79775E+01	5.34955E+04
6.00000E-01	1.82584E+01	5.43105E+04
6.00000E-01	1.85393E+01	5.49869E+04
6.00000E-01	1.88202E+01	5.55450E+04
6.00000E-01	1.91011E+01	5.60098E+04
6.00000E-01	1.93820E+01	5.63952E+04
6.00000E-01	1.96629E+01	5.67186E+04
6.00000E-01	1.99438E+01	5.69818E+04
6.00000E-01	2.02247E+01	5.72054E+04
6.00000E-01	2.05056E+01	5.73745E+04
6.00000E-01	2.07865E+01	5.75150E+04
6.00000E-01	2.10674E+01	5.76481E+04
6.00000E-01	2.13483E+01	5.77058E+04
6.00000E-01	2.16292E+01	5.76723E+04
6.00000E-01	2.19101E+01	5.76246E+04
6.00000E-01	2.21910E+01	5.75748E+04
6.00000E-01	2.24719E+01	5.74615E+04
6.00000E-01	2.27528E+01	5.72751E+04
6.00000E-01	2.30337E+01	5.70887E+04
6.00000E-01	2.33146E+01	5.68867E+04
6.00000E-01	2.35955E+01	5.66319E+04
6.00000E-01	2.38764E+01	5.63620E+04
6.00000E-01	2.41573E+01	5.60957E+04
6.00000E-01	2.44382E+01	5.58040E+04
6.00000E-01	2.47191E+01	5.54918E+04
6.00000E-01	2.50000E+01	5.51826E+04
7.00000E-01	0.00000E+00	1.12216E+00
7.00000E-01	2.80899E-01	2.67829E+00
7.00000E-01	5.61798E-01	7.09373E+00
7.00000E-01	8.42697E-01	1.55488E+01
7.00000E-01	1.12360E+00	5.09397E+01
7.00000E-01	1.40449E+00	1.39131E+03
7.00000E-01	1.68539E+00	7.33511E+03
7.00000E-01	1.96629E+00	9.37944E+03
7.00000E-01	2.24719E+00	1.07640E+04
7.00000E-01	2.52809E+00	1.40790E+04
7.00000E-01	2.80899E+00	1.95053E+04
7.00000E-01	3.08989E+00	2.70695E+04
7.00000E-01	3.37079E+00	3.32526E+04
7.00000E-01	3.65169E+00	3.56650E+04
7.00000E-01	3.93258E+00	3.58793E+04
7.00000E-01	4.21348E+00	3.48316E+04
7.00000E-01	4.49438E+00	3.33807E+04
7.00000E-01	4.77528E+00	3.18375E+04
7.00000E-01	5.05618E+00	3.04093E+04
7.00000E-01	5.33708E+00	2.93578E+04
7.00000E-01	5.61798E+00	2.85080E+04
7.00000E-01	5.89888E+00	2.76644E+04
7.00000E-01	6.17978E+00	2.67887E+04
7.00000E-01	6.46067E+00	2.58496E+04
7.00000E-01	6.74157E+00	2.49929E+04
7.00000E-01	7.02247E+00	2.42735E+04
7.00000E-01	7.30337E+00	2.37216E+04
7.00000E-01	7.58427E+00	2.33683E+04
7.00000E-01	7.86517E+00	2.33098E+04
7.00000E-01	8.14607E+00	2.34624E+04
7.00000E-01	8.42697E+00	2.37492E+04
7.00000E-01	8.70787E+00	2.39510E+04
7.00000E-01	8.98876E+00	2.39410E+04
7.00000E-01	9.26966E+00	2.38463E+04
7.00000E-01	9.55056E+00	2.36964E+04
7.00000E-01	9.83146E+00	2.36026E+04
7.00000E-01	1.01124E+01	2.36024E+04
7.00000E-01	1.03933E+01	2.37736E+04
7.00000E-01	1.06742E+01	2.40744E+04
7.00000E-01	1.09551E+01	2.44962E+04
7.00000E-01	1.12360E+01	2.49590E+04
7.00000E-01	1.15169E+01	2.54341E+04
7.00000E-01	1.17978E+01	2.59217E+04
7.00000E-01	1.20787E+01	2.64360E+04
7.00000E-01	1.23596E+01	2.70028E+04
7.00000E-01	1.26404E+01	2.76217E+04
7.00000E-01	1.29213E+01	2.83013E+04
7.00000E-01	1.32022E+01	2.90006E+04
7.00000E-01	1.34831E+01	2.96987E+04
7.00000E-01	1.37640E+01	3.03949E+04
7.00000E-01	1.40449E+01	3.10848E+04
7.00000E-01	1.43258E+01	3.18028E+04
7.00000E-01	1.46067E+01	3.25781E+04
7.00000E-01	1.48876E+01	3.34532E+04
7.00000E-01	1.51685E+01	3.44528E+04
7.00000E-01	1.54494E+01	3.55775E+04
7.00000E-01	1.57303E+01	3.67928E+04
7.00000E-01	1.60112E+01	3.80672E+04
7.00000E-01	1.62921E+01	3.93412E+04
7.00000E-01	1.65730E+01	4.05841E+04
7.00000E-01	1.68539E+01	4.17611E+04
7.00000E-01	1.71348E+01	4.28623E+04
7.00000E-01	1.74157E+01	4.38667E+04
7.00000E-01	1.76966E+01	4.47752E+04
7.00000E-01	1.79775E+01	4.55635E+04
7.00000E-01	1.82584E+01	4.62567E+04
7.00000E-01	1.85393E+01	4.68334E+04
7.00000E-01	1.88202E+01	4.73089E+04
7.00000E-01	1.91011E+01	4.77049E+04
7.00000E-01	1.93820E+01	4.80336E+04
7.00000E-01	1.96629E+01	4.83087E+04
7.00000E-01	1.99438E+01	4.85335E+04
7.00000E-01	2.02247E+01	4.87234E+04
7.00000E-01	2.05056E+01	4.88680E+04
7.00000E-01	2.07865E+01	4.89881E+04
7.00000E-01	2.10674E+01	4.91002E+04
7.00000E-01	2.13483E+01	4.91489E+04
7.00000E-01	2.16292E+01	4.91218E+04
7.00000E-01	2.19101E+01	4.90814E+04
7.00000E-01	2.21910E+01	4.90378E+04
7.00000E-01	2.24719E+01	4.89409E+04
7.00000E-01	2.27528E+01	4.87836E+04
7.00000E-01	2.30337E+01	4.86245E+04
7.00000E-01	2.33146E+01	4.84518E+04
7.00000E-01	2.35955E+01	4.82355E+04
7.00000E-01	2.38764E+01	4.80059E+04
7.00000E-01	2.41573E+01	4.77785E+04
7.00000E-01	2.44382E+01	4.75301E+04
7.00000E-01	2.47191E+01	4.72647E+04
7.00000E-01	2.50000E+01	4.70012E+04
8.00000E-01	0.00000E+00	1.13684E+00
8.00000E-01	2.80899E-01	2.51375E+00
8.00000E-01	5.61798E-01	6.32279E+00
8.00000E-01	8.42697E-01	1.43458E+01
8.00000E-01	1.12360E+00	6.58210E+01
8.00000E-01	1.40449E+00	1.38497E+03
8.00000E-01	1.68539E+00	6.19768E+03
8.00000E-01	1.96629E+00	7.99650E+03
8.00000E-01	2.24719E+00	9.23545E+03
8.00000E-01	2.52809E+00	1.20733E+04
8.00000E-01	2.80899E+00	1.67166E+04
8.00000E-01	3.08989E+00	2.30907E+04
8.00000E-01	3.37079E+00	2.82928E+04
8.00000E-01	3.65169E+00	3.03717E+04
8.00000E-01	3.93258E+00	3.05629E+04
8.00000E-01	4.21348E+00	2.96845E+04
8.00000E-01	4.49438E+00	2.84520E+04
8.00000E-01	4.77528E+00	2.71411E+04
8.00000E-01	5.05618E+00	2.59301E+04
8.00000E-01	5.33708E+00	2.50310E+04
8.00000E-01	5.61798E+00	2.43025E+04
8.00000E-01	5.89888E+00	2.35831E+04
8.00000E-01	6.17978E+00	2.28354E+04
8.00000E-01	6.46067E+00	2.20380E+04
8.00000E-01	6.74157E+00	2.13090E+04
8.00000E-01	7.02247E+00	2.06965E+04
8.00000E-01	7.30337E+00	2.02271E+04
8.00000E-01	7.58427E+00	1.99286E+04
8.00000E-01	7.86517E+00	1.98771E+04
8.00000E-01	8.14607E+00	2.00067E+04
8.00000E-01	8.42697E+00	2.02466E+04
8.00000E-01	8.70787E+00	2.04153E+04
8.00000E-01	8.98876E+00	2.04097E+04
8.00000E-01	9.26966E+00	2.03290E+04
8.00000E-01	9.55056E+00	2.02037E+04
8.00000E-01	9.83146E+00	2.01243E+04
8.00000E-01	1.01124E+01	2.01264E+04
8.00000E-01	1.03933E+01	2.02713E+04
8.00000E-01	1.06742E+01	2.05281E+04
8.00000E-01	1.09551E+01	2.08859E+04
8.00000E-01	1.12360E+01	2.12801E+04
8.00000E-01	1.15169E+01	2.16850E+04
8.00000E-01	1.17978E+01	2.21011E+04
8.00000E-01	1.20787E+01	2.25402E+04
8.00000E-01	1.23596E+01	2.30233E+04
8.00000E-01	1.26404E+01	2.35514E+04
8.00000E-01	1.29213E+01	2.41299E+04
8.00000E-01	1.32022E+01	2.47257E+04
8.00000E-01	1.34831E+01	2.53208E+04
8.00000E-01	1.37640E+01	2.59142E+04
8.00000E-01	1.40449E+01	2.65030E+04
8.00000E-01	1.43258E+01	2.71159E+04
8.00000E-01	1.46067E+01	2.77776E+04
8.00000E-01	1.48876E+01	2.85243E+04
8.00000E-01	1.51685E+01	2.93767E+04
8.00000E-01	1.54494E+01	3.03349E+04
8.00000E-01	1.57303E+01	3.13707E+04
8.00000E-01	1.60112E+01	3.24557E+04
8.00000E-01	1.62921E+01	3.35415E+04
8.00000E-01	1.65730E+01	3.46002E+04
8.00000E-01	1.68539E+01	3.56034E+04
8.00000E-01	1.71348E+01	3.65416E+04
8.00000E-01	1.74157E+01	3.73981E+04
8.00000E-01	1.76966E+01	3.81717E+04
8.00000E-01	1.79775E+01	3.88446E+04
8.00000E-01	1.82584E+01	3.94347E+04
8.00000E-01	1.85393E+01	3.99268E+04
8.00000E-01	1.88202E+01	4.03325E+04
8.00000E-01	1.91011E+01	4.06702E+04
8.00000E-01	1.93820E+01	4.09507E+04
8.00000E-01	1.96629E+01	4.11851E+04
8.00000E-01	1.99438E+01	4.13772E+04
8.00000E-01	2.02247E+01	4.15387E+04
8.00000E-01	2.05056E+01	4.16625E+04
8.00000E-01	2.07865E+01	4.17652E+04
8.00000E-01	2.10674E+01	4.18596E+04
8.00000E-01	2.13483E+01	4.19008E+04
8.00000E-01	2.16292E+01	4.18789E+04
8.00000E-01	2.19101E+01	4.18447E+04
8.00000E-01	2.21910E+01	4.18065E+04
8.00000E-01	2.24719E+01	4.17236E+04
8.00000E-01	2.27528E+01	4.15908E+04
8.00000E-01	2.30337E+01	4.14548E+04
8.00000E-01	2.33146E+01	4.13069E+04
8.00000E-01	2.35955E+01	4.11232E+04
8.00000E-01	2.38764E+01	4.09277E+04
8.00000E-01	2.41573E+01	4.07333E+04
8.00000E-01	2.44382E+01	4.05217E+04
8.00000E-01	2.47191E+01	4.02957E+04
8.00000E-01	2.50000E+01	4.00711E+04
9.00000E-01	0.00000E+00	1.14920E+00
9.00000E-01	2.80899E-01	2.37382E+00
9.00000E-01	5.61798E-01	5.74834E+00
9.00000E-01	8.42697E-01	1.42656E+01
9.00000E-01	1.12360E+00	8.55114E+01
9.00000E-01	1.40449E+00	1.34536E+03
9.00000E-01	1.68539E+00	5.25241E+03
9.00000E-01	1.96629E+00	6.83566E+03
9.00000E-01	2.24719E+00	7.94848E+03
9.00000E-01	2.52809E+00	1.03870E+04
9.00000E-01	2.80899E+00	1.43681E+04
9.00000E-01	3.08989E+00	1.97461E+04
9.00000E-01	3.37079E+00	2.41292E+04
9.00000E-01	3.65169E+00	2.59239E+04
9.00000E-01	3.93258E+00	2.60965E+04
9.00000E-01	4.21348E+00	2.53594E+04
9.00000E-01	4.49438E+00	2.43108E+04
9.00000E-01	4.77528E+00	2.31949E+04
9.00000E-01	5.05618E+00	2.21660E+04
9.00000E-01	5.33708E+00	2.13952E+04
9.00000E-01	5.61798E+00	2.07690E+04
9.00000E-01	5.89888E+00	2.01537E+04
9.00000E-01	6.17978E+00	1.95137E+04
9.00000E-01	6.46067E+00	1.88352E+04
9.00000E-01	6.74157E+00	1.82135E+04
9.00000E-01	7.02247E+00	1.76909E+04
9.00000E-01	7.30337E+00	1.72908E+04
9.00000E-01	7.58427E+00	1.70382E+04
9.00000E-01	7.86517E+00	1.69928E+04
9.00000E-01	8.14607E+00	1.71027E+04
9.00000E-01	8.42697E+00	1.73036E+04
9.00000E-01	8.70787E+00	1.74448E+04
9.00000E-01	8.98876E+00	1.74423E+04
9.00000E-01	9.26966E+00	1.73737E+04
9.00000E-01	9.55056E+00	1.72688E+04
9.00000E-01	9.83146E+00	1.72017E+04
9.00000E-01	1.01124E+01	1.72055E+04
9.00000E-01	1.03933E+01	1.73284E+04
9.00000E-01	1.06742E+01	1.75482E+04
9.00000E-01	1.09551E+01	1.78524E+04
9.00000E-01	1.12360E+01	1.81888E+04
9.00000E-01	1.15169E+01	1.85348E+04
9.00000E-01	1.17978E+01	1.88908E+04
9.00000E-01	1.20787E+01	1.92666E+04
9.00000E-01	1.23596E+01	1.96795E+04
9.00000E-01	1.26404E+01	2.01311E+04
9.00000E-01	1.29213E+01	2.06247E+04
9.00000E-01	1.32022E+01	2.11336E+04
9.00000E-01	1.34831E+01	2.16422E+04
9.00000E-01	1.37640E+01	2.21492E+04
9.00000E-01	1.40449E+01	2.26531E+04
9.00000E-01	1.43258E+01	2.31776E+04
9.00000E-01	1.46067E+01	2.37439E+04
9.00000E-01	1.48876E+01	2.43827E+04
9.00000E-01	1.51685E+01	2.51114E+04
9.00000E-01	1.54494E+01	2.59297E+04
9.00000E-01	1.57303E+01	2.68146E+04
9.00000E-01	1.60112E+01	2.77407E+04
9.00000E-01	1.62921E+01	2.86681E+04
9.00000E-01	1.65730E+01	2.95722E+04
9.00000E-01	1.68539E+01	3.04294E+04
9.00000E-01	1.71348E+01	3.12307E+04
9.00000E-01	1.74157E+01	3.19628E+04
9.00000E-01	1.76966E+01	3.26232E+04
9.00000E-01	1.79775E+01	3.31988E+04
9.00000E-01	1.82584E+01	3.37026E+04
9.00000E-01	1.85393E+01	3.41234E+04
9.00000E-01	1.88202E+01	3.44704E+04
9.00000E-01	1.91011E+01	3.47592E+04
9.00000E-01	1.93820E+01	3.49993E+04
9.00000E-01	1.96629E+01	3.51995E+04
9.00000E-01	1.99438E+01	3.53640E+04
9.00000E-01	2.02247E+01	3.55018E+04
9.00000E-01	2.05056E+01	3.56079E+04
9.00000E-01	2.07865E+01	3.56960E+04
9.00000E-01	2.10674E+01	3.57757E+04
9.00000E-01	2.13483E+01	3.58105E+04
9.00000E-01	2.16292E+01	3.57930E+04
9.00000E-01	2.19101E+01	3.57640E+04
9.00000E-01	2.21910E+01	3.57303E+04
9.00000E-01	2.24719E+01	3.56592E+04
9.00000E-01	2.27528E+01	3.55468E+04
9.00000E-01	2.30337E+01	3.54304E+04
9.00000E-01	2.33146E+01	3.53033E+04
9.00000E-01	2.35955E+01	3.51470E+04
9.00000E-01	2.38764E+01	3.49802E+04
9.00000E-01	2.41573E+01	3.48136E+04
9.00000E-01	2.44382E+01	3.46327E+04
9.00000E-01	2.47191E+01	3.44400E+04
9.00000E-01	2.50000E+01	3.42480E+04
1.00000E+00	0.00000E+00	1.16017E+00
1.00000E+00	2.80899E-01	2.26369E+00
1.00000E+00	5.61798E-01	5.41191E+00
1.00000E+00	8.42697E-01	1.54875E+01
1.00000E+00	1.12360E+00	1.07505E+02
1.00000E+00	1.40449E+00	1.28186E+03
1.00000E+00	1.68539E+00	4.45705E+03
1.00000E+00	1.96629E+00	5.84707E+03
1.00000E+00	2.24719E+00	6.84757E+03
1.00000E+00	2.52809E+00	8.94653E+03
1.00000E+00	2.80899E+00	1.23587E+04
1.00000E+00	3.08989E+00	1.68933E+04
1.00000E+00	3.37079E+00	2.05843E+04
1.00000E+00	3.65169E+00	2.21326E+04
1.00000E+00	3.93258E+00	2.22897E+04
1.00000E+00	4.21348E+00	2.16719E+04
1.00000E+00	4.49438E+00	2.07804E+04
1.00000E+00	4.77528E+00	1.98305E+04
1.00000E+00	5.05618E+00	1.89562E+04
1.00000E+00	5.33708E+00	1.82951E+04
1.00000E+00	5.61798E+00	1.77566E+04
1.00000E+00	5.89888E+00	1.72298E+04
1.00000E+00	6.17978E+00	1.66819E+04
1.00000E+00	6.46067E+00	1.61045E+04
1.00000E+00	6.74157E+00	1.55742E+04
1.00000E+00	7.02247E+00	1.51282E+04
1.00000E+00	7.30337E+00	1.47872E+04
1.00000E+00	7.58427E+00	1.45734E+04
1.00000E+00	7.86517E+00	1.45335E+04
1.00000E+00	8.14607E+00	1.46265E+04
1.00000E+00	8.42697E+00	1.47944E+04
1.00000E+00	8.70787E+00	1.49125E+04
1.00000E+00	8.98876E+00	1.49124E+04
1.00000E+00	9.26966E+00	1.48541E+04
1.00000E+00	9.55056E+00	1.47665E+04
1.00000E+00	9.83146E+00	1.47099E+04
1.00000E+00	1.01124E+01	1.47148E+04
1.00000E+00	1.03933E+01	1.48193E+04
1.00000E+00	1.06742E+01	1.50072E+04
1.00000E+00	1.09551E+01	1.52659E+04
1.00000E+00	1.12360E+01	1.55531E+04
1.00000E+00	1.15169E+01	1.58489E+04
1.00000E+00	1.17978E+01	1.61536E+04
1.00000E+00	1.20787E+01	1.64754E+04
1.00000E+00	1.23596E+01	1.68285E+04
1.00000E+00	1.26404E+01	1.72149E+04
1.00000E+00	1.29213E+01	1.76362E+04
1.00000E+00	1.32022E+01	1.80709E+04
1.00000E+00	1.34831E+01	1.85058E+04
1.00000E+00	1.37640E+01	1.89392E+04
1.00000E+00	1.40449E+01	1.93707E+04
1.00000E+00	1.43258E+01	1.98197E+04
1.00000E+00	1.46067E+01	2.03047E+04
1.00000E+00	1.48876E+01	2.08515E+04
1.00000E+00	1.51685E+01	2.14746E+04
1.00000E+00	1.54494E+01	2.21738E+04
1.00000E+00	1.57303E+01	2.29300E+04
1.00000E+00	1.60112E+01	2.37206E+04
1.00000E+00	1.62921E+01	2.45130E+04
1.00000E+00	1.65730E+01	2.52854E+04
1.00000E+00	1.68539E+01	2.60180E+04
1.00000E+00	1.71348E+01	2.67027E+04
1.00000E+00	1.74157E+01	2.73286E+04
1.00000E+00	1.76966E+01	2.78926E+04
1.00000E+00	1.79775E+01	2.83853E+04
1.00000E+00	1.82584E+01	2.88155E+04
1.00000E+00	1.85393E+01	2.91756E+04
1.00000E+00	1.88202E+01	2.94725E+04
1.00000E+00	1.91011E+01	2.97196E+04
1.00000E+00	1.93820E+01	2.99251E+04
1.00000E+00	1.96629E+01	3.00962E+04
1.00000E+00	1.99438E+01	3.02372E+04
1.00000E+00	2.02247E+01	3.03548E+04
1.00000E+00	2.05056E+01	3.04459E+04
1.00000E+00	2.07865E+01	3.05215E+04
1.00000E+00	2.10674E+01	3.05886E+04
1.00000E+00	2.13483E+01	3.06180E+04
1.00000E+00	2.16292E+01	3.06041E+04
1.00000E+00	2.19101E+01	3.05795E+04
1.00000E+00	2.21910E+01	3.05499E+04
1.00000E+00	2.24719E+01	3.04888E+04
1.00000E+00	2.27528E+01	3.03938E+04
1.00000E+00	2.30337E+01	3.02940E+04
1.00000E+00	2.33146E+01	3.01849E+04
1.00000E+00	2.35955E+01	3.00517E+04
1.00000E+00	2.38764E+01	2.99093E+04
1.00000E+00	2.41573E+01	2.97665E+04
1.00000E+00	2.44382E+01	2.96119E+04
1.00000E+00	2.47191E+01	2.94474E+04
1.00000E+00	2.50000E+01	2.92832E+04
1.50000E+00	0.00000E+00	1.24027E+00
1.50000E+00	2.80899E-01	2.25122E+00
1.50000E+00	5.61798E-01	6.38757E+00
1.50000E+00	8.42697E-01	2.49986E+01
1.50000E+00	1.12360E+00	1.24486E+02
1.50000E+00	1.40449E+00	5.64998E+02
1.50000E+00	1.68539E+00	1.32974E+03
1.50000E+00	1.96629E+00	1.79227E+03
1.50000E+00	2.24719E+00	2.17847E+03
1.50000E+00	2.52809E+00	2.84772E+03
1.50000E+00	2.80899E+00	3.88293E+03
1.50000E+00	3.08989E+00	5.15332E+03
1.50000E+00	3.37079E+00	6.18231E+03
1.50000E+00	3.65169E+00	6.66409E+03
1.50000E+00	3.93258E+00	6.73193E+03
1.50000E+00	4.21348E+00	6.56640E+03
1.50000E+00	4.49438E+00	6.30695E+03
1.50000E+00	4.77528E+00	6.02687E+03
1.50000E+00	5.05618E+00	5.76974E+03
1.50000E+00	5.33708E+00	5.56598E+03
1.50000E+00	5.61798E+00	5.39705E+03
1.50000E+00	5.89888E+00	5.23506E+03
1.50000E+00	6.17978E+00	5.06810E+03
1.50000E+00	6.46067E+00	4.89670E+03
1.50000E+00	6.74157E+00	4.73824E+03
1.50000E+00	7.02247E+00	4.60467E+03
1.50000E+00	7.30337E+00	4.50320E+03
1.50000E+00	7.58427E+00	4.44144E+03
1.50000E+00	7.86517E+00	4.42796E+03
1.50000E+00	8.14607E+00	4.45336E+03
1.50000E+00	8.42697E+00	4.49777E+03
1.50000E+00	8.70787E+00	4.52951E+03
1.50000E+00	8.98876E+00	4.53191E+03
1.50000E+00	9.26966E+00	4.51577E+03
1.50000E+00	9.55056E+00	4.49244E+03
1.50000E+00	9.83146E+00	4.47731E+03
1.50000E+00	1.01124E+01	4.48124E+03
1.50000E+00	1.03933E+01	4.51259E+03
1.50000E+00	1.06742E+01	4.56930E+03
1.50000E+00	1.09551E+01	4.64588E+03
1.50000E+00	1.12360E+01	4.73216E+03
1.50000E+00	1.15169E+01	4.82206E+03
1.50000E+00	1.17978E+01	4.91522E+03
1.50000E+00	1.20787E+01	5.01390E+03
1.50000E+00	1.23596E+01	5.12150E+03
1.50000E+00	1.26404E+01	5.23914E+03
1.50000E+00	1.29213E+01	5.36618E+03
1.50000E+00	1.32022E+01	5.49763E+03
1.50000E+00	1.34831E+01	5.62971E+03
1.50000E+00	1.37640E+01	5.76153E+03
1.50000E+00	1.40449E+01	5.89381E+03
1.50000E+00	1.43258E+01	6.03156E+03
1.50000E+00	1.46067E+01	6.18055E+03
1.50000E+00	1.48876E+01	6.34787E+03
1.50000E+00	1.51685E+01	6.53755E+03
1.50000E+00	1.54494E+01	6.74928E+03
1.50000E+00	1.57303E+01	6.97807E+03
1.50000E+00	1.60112E+01	7.21666E+03
1.50000E+00	1.62921E+01	7.45632E+03
1.50000E+00	1.65730E+01	7.68994E+03
1.50000E+00	1.68539E+01	7.91205E+03
1.50000E+00	1.71348E+01	8.11945E+03
1.50000E+00	1.74157E+01	8.30943E+03
1.50000E+00	1.76966E+01	8.48021E+03
1.50000E+00	1.79775E+01	8.63028E+03
1.50000E+00	1.82584E+01	8.76054E+03
1.50000E+00	1.85393E+01	8.87028E+03
1.50000E+00	1.88202E+01	8.96113E+03
1.50000E+00	1.91011E+01	9.03662E+03
1.50000E+00	1.93820E+01	9.09944E+03
1.50000E+00	1.96629E+01	9.15163E+03
1.50000E+00	1.99438E+01	9.19482E+03
1.50000E+00	2.02247E+01	9.23040E+03
1.50000E+00	2.05056E+01	9.25860E+03
1.50000E+00	2.07865E+01	9.28184E+03
1.50000E+00	2.10674E+01	9.30076E+03
1.50000E+00	2.13483E+01	9.30936E+03
1.50000E+00	2.16292E+01	9.30667E+03
1.50000E+00	2.19101E+01	9.29945E+03
1.50000E+00	2.21910E+01	9.28913E+03
1.50000E+00	2.24719E+01	9.27036E+03
1.50000E+00	2.27528E+01	9.24284E+03
1.50000E+00	2.30337E+01	9.21230E+03
1.50000E+00	2.33146E+01	9.17840E+03
1.50000E+00	2.35955E+01	9.13860E+03
1.50000E+00	2.38764E+01	9.09571E+03
1.50000E+00	2.41573E+01	9.05174E+03
1.50000E+00	2.44382E+01	9.00481E+03
1.50000E+00	2.47191E+01	8.95528E+03
1.50000E+00	2.50000E+01	8.90530E+03
2.00000E+00	0.00000E+00	1.29488E+00
2.00000E+00	2.80899E-01	2.11482E+00
2.00000E+00	5.61798E-01	4.82160E+00
2.00000E+00	8.42697E-01	1.35061E+01
2.00000E+00	1.12360E+00	4.13328E+01
2.00000E+00	1.40449E+00	1.13312E+02
2.00000E+00	1.68539E+00	2.14038E+02
2.00000E+00	1.96629E+00	2.90947E+02
2.00000E+00	2.24719E+00	3.64818E+02
2.00000E+00	2.52809E+00	4.76527E+02
2.00000E+00	2.80899E+00	6.36319E+02
2.00000E+00	3.08989E+00	8.19381E+02
2.00000E+00	3.37079E+00	9.67132E+02
2.00000E+00	3.65169E+00	1.04254E+03
2.00000E+00	3.93258E+00	1.05699E+03
2.00000E+00	4.21348E+00	1.03494E+03
2.00000E+00	4.49438E+00	9.96652E+02
2.00000E+00	4.77528E+00	9.54271E+02
2.00000E+00	5.05618E+00	9.14948E+02
2.00000E+00	5.33708E+00	8.82427E+02
2.00000E+00	5.61798E+00	8.54860E+02
2.00000E+00	5.89888E+00	8.28779E+02
2.00000E+00	6.17978E+00	8.02381E+02
2.00000E+00	6.46067E+00	7.75890E+02
2.00000E+00	6.74157E+00	7.51394E+02
2.00000E+00	7.02247E+00	7.30725E+02
2.00000E+00	7.30337E+00	7.15144E+02
2.00000E+00	7.58427E+00	7.05809E+02
2.00000E+00	7.86517E+00	7.03474E+02
2.00000E+00	8.14607E+00	7.06797E+02
2.00000E+00	8.42697E+00	7.12686E+02
2.00000E+00	8.70787E+00	7.17021E+02
2.00000E+00	8.98876E+00	7.17633E+02
2.00000E+00	9.26966E+00	7.15492E+02
2.00000E+00	9.55056E+00	7.12399E+02
2.00000E+00	9.83146E+00	7.10499E+02
2.00000E+00	1.01124E+01	7.11511E+02
2.00000E+00	1.03933E+01	7.16505E+02
2.00000E+00	1.06742E+01	7.25339E+02
2.00000E+00	1.09551E+01	7.37143E+02
2.00000E+00	1.12360E+01	7.50598E+02
2.00000E+00	1.15169E+01	7.64820E+02
2.00000E+00	1.17978E+01	7.79673E+02
2.00000E+00	1.20787E+01	7.95448E+02
2.00000E+00	1.23596E+01	8.12563E+02
2.00000E+00	1.26404E+01	8.31190E+02
2.00000E+00	1.29213E+01	8.51159E+02
2.00000E+00	1.32022E+01	8.71852E+02
2.00000E+00	1.34831E+01	8.92742E+02
2.00000E+00	1.37640E+01	9.13675E+02
2.00000E+00	1.40449E+01	9.34838E+02
2.00000E+00	1.43258E+01	9.56928E+02
2.00000E+00	1.46067E+01	9.80842E+02
2.00000E+00	1.48876E+01	1.00756E+03
2.00000E+00	1.51685E+01	1.03765E+03
2.00000E+00	1.54494E+01	1.07105E+03
2.00000E+00	1.57303E+01	1.10704E+03
2.00000E+00	1.60112E+01	1.14450E+03
2.00000E+00	1.62921E+01	1.18218E+03
2.00000E+00	1.65730E+01	1.21895E+03
2.00000E+00	1.68539E+01	1.25397E+03
2.00000E+00	1.71348E+01	1.28669E+03
2.00000E+00	1.74157E+01	1.31668E+03
2.00000E+00	1.76966E+01	1.34365E+03
2.00000E+00	1.79775E+01	1.36741E+03
2.00000E+00	1.82584E+01	1.38800E+03
2.00000E+00	1.85393E+01	1.40542E+03
2.00000E+00	1.88202E+01	1.41992E+03
2.00000E+00	1.91011E+01	1.43197E+03
2.00000E+00	1.93820E+01	1.44199E+03
2.00000E+00	1.96629E+01	1.45031E+03
2.00000E+00	1.99438E+01	1.45720E+03
2.00000E+00	2.02247E+01	1.46285E+03
2.00000E+00	2.05056E+01	1.46738E+03
2.00000E+00	2.07865E+01	1.47106E+03
2.00000E+00	2.10674E+01	1.47386E+03
2.00000E+00	2.13483E+01	1.47518E+03
2.00000E+00	2.16292E+01	1.47495E+03
2.00000E+00	2.19101E+01	1.47385E+03
2.00000E+00	2.21910E+01	1.47205E+03
2.00000E+00	2.24719E+01	1.46905E+03
2.00000E+00	2.27528E+01	1.46486E+03
2.00000E+00	2.30337E+01	1.46001E+03
2.00000E+00	2.33146E+01	1.45457E+03
2.00000E+00	2.35955E+01	1.44834E+03
2.00000E+00	2.38764E+01	1.44161E+03
2.00000E+00	2.41573E+01	1.43459E+03
2.00000E+00	2.44382E+01	1.42716E+03
2.00000E+00	2.47191E+01	1.41937E+03
2.00000E+00	2.50000E+01	1.41145E+03
2.50000E+00	0.00000E+00	1.30516E+00
2.50000E+00	2.80899E-01	1.90173E+00
2.50000E+00	5.61798E-01	3.46226E+00
2.50000E+00	8.42697E-01	7.40696E+00
2.50000E+00	1.12360E+00	1.65455E+01
2.50000E+00	1.40449E+00	3.39171E+01
2.50000E+00	1.68539E+00	5.58343E+01
2.50000E+00	1.96629E+00	7.55727E+01
2.50000E+00	2.24719E+00	9.64639E+01
2.50000E+00	2.52809E+00	1.25240E+02
2.50000E+00	2.80899E+00	1.63204E+02
2.50000E+00	3.08989E+00	2.04300E+02
2.50000E+00	3.37079E+00	2.37369E+02
2.50000E+00	3.65169E+00	2.55387E+02
2.50000E+00	3.93258E+00	2.59773E+02
2.50000E+00	4.21348E+00	2.55400E+02
2.50000E+00	4.49438E+00	2.46764E+02
2.50000E+00	4.77528E+00	2.36857E+02
2.50000E+00	5.05618E+00	2.27458E+02
2.50000E+00	5.33708E+00	2.19379E+02
2.50000E+00	5.61798E+00	2.12369E+02
2.50000E+00	5.89888E+00	2.05789E+02
2.50000E+00	6.17978E+00	1.99262E+02
2.50000E+00	6.46067E+00	1.92843E+02
2.50000E+00	6.74157E+00	1.86936E+02
2.50000E+00	7.02247E+00	1.81960E+02
2.50000E+00	7.30337E+00	1.78231E+02
2.50000E+00	7.58427E+00	1.76003E+02
2.50000E+00	7.86517E+00	1.75362E+02
2.50000E+00	8.14607E+00	1.75983E+02
2.50000E+00	8.42697E+00	1.77164E+02
2.50000E+00	8.70787E+00	1.78068E+02
2.50000E+00	8.98876E+00	1.78248E+02
2.50000E+00	9.26966E+00	1.77836E+02
2.50000E+00	9.55056E+00	1.77232E+02
2.50000E+00	9.83146E+00	1.76908E+02
2.50000E+00	1.01124E+01	1.77262E+02
2.50000E+00	1.03933E+01	1.78522E+02
2.50000E+00	1.06742E+01	1.80675E+02
2.50000E+00	1.09551E+01	1.83530E+02
2.50000E+00	1.12360E+01	1.86816E+02
2.50000E+00	1.15169E+01	1.90339E+02
2.50000E+00	1.17978E+01	1.94052E+02
2.50000E+00	1.20787E+01	1.98005E+02
2.50000E+00	1.23596E+01	2.02276E+02
2.50000E+00	1.26404E+01	2.06898E+02
2.50000E+00	1.29213E+01	2.11824E+02
2.50000E+00	1.32022E+01	2.16932E+02
2.50000E+00	1.34831E+01	2.22115E+02
2.50000E+00	1.37640E+01	2.27337E+02
2.50000E+00	1.40449E+01	2.32655E+02
2.50000E+00	1.43258E+01	2.38223E+02
2.50000E+00	1.46067E+01	2.44250E+02
2.50000E+00	1.48876E+01	2.50947E+02
2.50000E+00	1.51685E+01	2.58434E+02
2.50000E+00	1.54494E+01	2.66692E+02
2.50000E+00	1.57303E+01	2.75558E+02
2.50000E+00	1.60112E+01	2.84773E+02
2.50000E+00	1.62921E+01	2.94045E+02
2.50000E+00	1.65730E+01	3.03108E+02
2.50000E+00	1.68539E+01	3.11755E+02
2.50000E+00	1.71348E+01	3.19840E+02
2.50000E+00	1.74157E+01	3.27257E+02
2.50000E+00	1.76966E+01	3.33933E+02
2.50000E+00	1.79775E+01	3.39827E+02
2.50000E+00	1.82584E+01	3.44937E+02
2.50000E+00	1.85393E+01	3.49277E+02
2.50000E+00	1.88202E+01	3.52906E+02
2.50000E+00	1.91011E+01	3.55926E+02
2.50000E+00	1.93820E+01	3.58439E+02
2.50000E+00	1.96629E+01	3.60524E+02
2.50000E+00	1.99438E+01	3.62248E+02
2.50000E+00	2.02247E+01	3.63660E+02
2.50000E+00	2.05056E+01	3.64799E+02
2.50000E+00	2.07865E+01	3.65705E+02
2.50000E+00	2.10674E+01	3.66365E+02
2.50000E+00	2.13483E+01	3.66686E+02
2.50000E+00	2.16292E+01	3.66661E+02
2.50000E+00	2.19101E+01	3.66395E+02
2.50000E+00	2.21910E+01	3.65921E+02
2.50000E+00	2.24719E+01	3.65174E+02
2.50000E+00	2.27528E+01	3.64158E+02
2.50000E+00	2.30337E+01	3.62959E+02
2.50000E+00	2.33146E+01	3.61598E+02
2.50000E+00	2.35955E+01	3.60064E+02
2.50000E+00	2.38764E+01	3.58403E+02
2.50000E+00	2.41573E+01	3.56654E+02
2.50000E+00	2.44382E+01	3.54811E+02
2.50000E+00	2.47191E+01	3.52887E+02
2.50000E+00	2.50000E+01	3.50920E+02
3.00000E+00	0.00000E+00	1.30615E+00
3.00000E+00	2.80899E-01	1.75945E+00
3.00000E+00	5.61798E-01	2.75645E+00
3.00000E+00	8.42697E-01	4.89213E+00
3.00000E+00	1.12360E+00	8.94306E+00
3.00000E+00	1.40449E+00	1.53376E+01
3.00000E+00	1.68539E+00	2.30300E+01
3.00000E+00	1.96629E+00	3.07564E+01
3.00000E+00	2.24719E+00	3.93937E+01
3.00000E+00	2.52809E+00	5.05261E+01
3.00000E+00	2.80899E+00	6.42111E+01
3.00000E+00	3.08989E+00	7.83622E+01
3.00000E+00	3.37079E+00	8.97166E+01
3.00000E+00	3.65169E+00	9.62205E+01
3.00000E+00	3.93258E+00	9.81188E+01
3.00000E+00	4.21348E+00	9.68563E+01
3.00000E+00	4.49438E+00	9.39252E+01
3.00000E+00	4.77528E+00	9.04091E+01
3.00000E+00	5.05618E+00	8.69715E+01
3.00000E+00	5.33708E+00	8.39096E+01
3.00000E+00	5.61798E+00	8.11913E+01
3.00000E+00	5.89888E+00	7.86486E+01
3.00000E+00	6.17978E+00	7.61715E+01
3.00000E+00	6.46067E+00	7.37797E+01
3.00000E+00	6.74157E+00	7.15965E+01
3.00000E+00	7.02247E+00	6.97630E+01
3.00000E+00	7.30337E+00	6.83943E+01
3.00000E+00	7.58427E+00	6.75697E+01
3.00000E+00	7.86517E+00	6.72960E+01
3.00000E+00	8.14607E+00	6.74520E+01
3.00000E+00	8.42697E+00	6.78019E+01
3.00000E+00	8.70787E+00	6.80846E+01
3.00000E+00	8.98876E+00	6.81566E+01
3.00000E+00	9.26966E+00	6.80455E+01
3.00000E+00	9.55056E+00	6.78792E+01
3.00000E+00	9.83146E+00	6.78164E+01
3.00000E+00	1.01124E+01	6.79929E+01
3.00000E+00	1.03933E+01	6.84858E+01
3.00000E+00	1.06742E+01	6.92948E+01
3.00000E+00	1.09551E+01	7.03595E+01
3.00000E+00	1.12360E+01	7.15947E+01
3.00000E+00	1.15169E+01	7.29361E+01
3.00000E+00	1.17978E+01	7.43626E+01
3.00000E+00	1.20787E+01	7.58853E+01
3.00000E+00	1.23596E+01	7.75250E+01
3.00000E+00	1.26404E+01	7.92892E+01
3.00000E+00	1.29213E+01	8.11612E+01
3.00000E+00	1.32022E+01	8.31038E+01
3.00000E+00	1.34831E+01	8.50840E+01
3.00000E+00	1.37640E+01	8.70922E+01
3.00000E+00	1.40449E+01	8.91507E+01
3.00000E+00	1.43258E+01	9.13134E+01
3.00000E+00	1.46067E+01	9.36520E+01
3.00000E+00	1.48876E+01	9.62354E+01
3.00000E+00	1.51685E+01	9.91022E+01
3.00000E+00	1.54494E+01	1.02243E+02
3.00000E+00	1.57303E+01	1.05602E+02
3.00000E+00	1.60112E+01	1.09086E+02
3.00000E+00	1.62921E+01	1.12593E+02
3.00000E+00	1.65730E+01	1.16025E+02
3.00000E+00	1.68539E+01	1.19305E+02
3.00000E+00	1.71348E+01	1.22376E+02
3.00000E+00	1.74157E+01	1.25197E+02
3.00000E+00	1.76966E+01	1.27739E+02
3.00000E+00	1.79775E+01	1.29988E+02
3.00000E+00	1.82584E+01	1.31940E+02
3.00000E+00	1.85393E+01	1.33604E+02
3.00000E+00	1.88202E+01	1.35002E+02
3.00000E+00	1.91011E+01	1.36169E+02
3.00000E+00	1.93820E+01	1.37140E+02
3.00000E+00	1.96629E+01	1.37945E+02
3.00000E+00	1.99438E+01	1.38611E+02
3.00000E+00	2.02247E+01	1.39155E+02
3.00000E+00	2.05056E+01	1.39593E+02
3.00000E+00	2.07865E+01	1.39936E+02
3.00000E+00	2.10674E+01	1.40179E+02
3.00000E+00	2.13483E+01	1.40299E+02
3.00000E+00	2.16292E+01	1.40297E+02
3.00000E+00	2.19101E+01	1.40198E+02
3.00000E+00	2.21910E+01	1.40011E+02
3.00000E+00	2.24719E+01	1.39725E+02
3.00000E+00	2.27528E+01	1.39343E+02
3.00000E+00	2.30337E+01	1.38887E+02
3.00000E+00	2.33146E+01	1.38367E+02
3.00000E+00	2.35955E+01	1.37785E+02
3.00000E+00	2.38764E+01	1.37153E+02
3.00000E+00	2.41573E+01	1.36484E+02
3.00000E+00	2.44382E+01	1.35781E+02
3.00000E+00	2.47191E+01	1.35048E+02
3.00000E+00	2.50000E+01	1.34297E+02
3.50000E+00	0.00000E+00	1.30391E+00
3.50000E+00	2.80899E-01	1.66239E+00
3.50000E+00	5.61798E-01	2.35752E+00
3.50000E+00	8.42697E-01	3.66269E+00
3.50000E+00	1.12360E+00	5.85696E+00
3.50000E+00	1.40449E+00	8.96354E+00
3.50000E+00	1.68539E+00	1.26209E+01
3.50000E+00	1.96629E+00	1.65358E+01
3.50000E+00	2.24719E+00	2.10122E+01
3.50000E+00	2.52809E+00	2.64962E+01
3.50000E+00	2.80899E+00	3.28601E+01
3.50000E+00	3.08989E+00	3.92042E+01
3.50000E+00	3.37079E+00	4.42816E+01
3.50000E+00	3.65169E+00	4.73057E+01
3.50000E+00	3.93258E+00	4.83195E+01
3.50000E+00	4.21348E+00	4.78738E+01
3.50000E+00	4.49438E+00	4.65991E+01
3.50000E+00	4.77528E+00	4.49898E+01
3.50000E+00	5.05618E+00	4.33611E+01
3.50000E+00	5.33708E+00	4.18609E+01
3.50000E+00	5.61798E+00	4.04999E+01
3.50000E+00	5.89888E+00	3.92268E+01
3.50000E+00	6.17978E+00	3.80045E+01
3.50000E+00	6.46067E+00	3.68431E+01
3.50000E+00	6.74157E+00	3.57928E+01
3.50000E+00	7.02247E+00	3.49144E+01
3.50000E+00	7.30337E+00	3.42592E+01
3.50000E+00	7.58427E+00	3.38579E+01
3.50000E+00	7.86517E+00	3.37054E+01
3.50000E+00	8.14607E+00	3.37440E+01
3.50000E+00	8.42697E+00	3.38725E+01
3.50000E+00	8.70787E+00	3.39846E+01
3.50000E+00	8.98876E+00	3.40203E+01
3.50000E+00	9.26966E+00	3.39864E+01
3.50000E+00	9.55056E+00	3.39353E+01
3.50000E+00	9.83146E+00	3.39346E+01
3.50000E+00	1.01124E+01	3.40437E+01
3.50000E+00	1.03933E+01	3.42965E+01
3.50000E+00	1.06742E+01	3.46949E+01
3.50000E+00	1.09551E+01	3.52147E+01
3.50000E+00	1.12360E+01	3.58213E+01
3.50000E+00	1.15169E+01	3.64873E+01
3.50000E+00	1.17978E+01	3.72013E+01
3.50000E+00	1.20787E+01	3.79655E+01
3.50000E+00	1.23596E+01	3.87862E+01
3.50000E+00	1.26404E+01	3.96650E+01
3.50000E+00	1.29213E+01	4.05944E+01
3.50000E+00	1.32022E+01	4.15597E+01
3.50000E+00	1.34831E+01	4.25482E+01
3.50000E+00	1.37640E+01	4.35572E+01
3.50000E+00	1.40449E+01	4.45977E+01
3.50000E+00	1.43258E+01	4.56941E+01
3.50000E+00	1.46067E+01	4.68778E+01
3.50000E+00	1.48876E+01	4.81778E+01
3.50000E+00	1.51685E+01	4.96098E+01
3.50000E+00	1.54494E+01	5.11685E+01
3.50000E+00	1.57303E+01	5.28275E+01
3.50000E+00	1.60112E+01	5.45452E+01
3.50000E+00	1.62921E+01	5.62738E+01
3.50000E+00	1.65730E+01	5.79677E+01
3.50000E+00	1.68539E+01	5.95891E+01
3.50000E+00	1.71348E+01	6.11094E+01
3.50000E+00	1.74157E+01	6.25077E+01
3.50000E+00	1.76966E+01	6.37699E+01
3.50000E+00	1.79775E+01	6.48886E+01
3.50000E+00	1.82584E+01	6.58624E+01
3.50000E+00	1.85393E+01	6.66954E+01
3.50000E+00	1.88202E+01	6.73982E+01
3.50000E+00	1.91011E+01	6.79863E+01
3.50000E+00	1.93820E+01	6.84762E+01
3.50000E+00	1.96629E+01	6.88829E+01
3.50000E+00	1.99438E+01	6.92184E+01
3.50000E+00	2.02247E+01	6.94925E+01
3.50000E+00	2.05056E+01	6.97122E+01
3.50000E+00	2.07865E+01	6.98818E+01
3.50000E+00	2.10674E+01	6.99993E+01
3.50000E+00	2.13483E+01	7.00585E+01
3.50000E+00	2.16292E+01	7.00599E+01
3.50000E+00	2.19101E+01	7.00112E+01
3.50000E+00	2.21910E+01	6.99164E+01
3.50000E+00	2.24719E+01	6.97739E+01
3.50000E+00	2.27528E+01	6.95860E+01
3.50000E+00	2.30337E+01	6.93600E+01
3.50000E+00	2.33146E+01	6.91011E+01
3.50000E+00	2.35955E+01	6.88123E+01
3.50000E+00	2.38764E+01	6.84988E+01
3.50000E+00	2.41573E+01	6.81658E+01
3.50000E+00	2.44382E+01	6.78157E+01
3.50000E+00	2.47191E+01	6.74514E+01
3.50000E+00	2.50000E+01	6.70769E+01
4.00000E+00	0.00000E+00	1.29981E+00
4.00000E+00	2.80899E-01	1.59156E+00
4.00000E+00	5.61798E-01	2.10614E+00
4.00000E+00	8.42697E-01	2.97496E+00
4.00000E+00	1.12360E+00	4.32831E+00
4.00000E+00	1.40449E+00	6.13525E+00
4.00000E+00	1.68539E+00	8.24305E+00
4.00000E+00	1.96629E+00	1.05694E+01
4.00000E+00	2.24719E+00	1.32321E+01
4.00000E+00	2.52809E+00	1.63600E+01
4.00000E+00	2.80899E+00	1.98247E+01
4.00000E+00	3.08989E+00	2.31789E+01
4.00000E+00	3.37079E+00	2.58573E+01
4.00000E+00	3.65169E+00	2.75027E+01
4.00000E+00	3.93258E+00	2.81165E+01
4.00000E+00	4.21348E+00	2.79456E+01
4.00000E+00	4.49438E+00	2.72993E+01
4.00000E+00	4.77528E+00	2.64368E+01
4.00000E+00	5.05618E+00	2.55315E+01
4.00000E+00	5.33708E+00	2.46710E+01
4.00000E+00	5.61798E+00	2.38742E+01
4.00000E+00	5.89888E+00	2.31271E+01
4.00000E+00	6.17978E+00	2.24173E+01
4.00000E+00	6.46067E+00	2.17519E+01
4.00000E+00	6.74157E+00	2.11557E+01
4.00000E+00	7.02247E+00	2.06592E+01
4.00000E+00	7.30337E+00	2.02881E+01
4.00000E+00	7.58427E+00	2.00558E+01
4.00000E+00	7.86517E+00	1.99562E+01
4.00000E+00	8.14607E+00	1.99577E+01
4.00000E+00	8.42697E+00	2.00094E+01
4.00000E+00	8.70787E+00	2.00603E+01
4.00000E+00	8.98876E+00	2.00807E+01
4.00000E+00	9.26966E+00	2.00723E+01
4.00000E+00	9.55056E+00	2.00598E+01
4.00000E+00	9.83146E+00	2.00769E+01
4.00000E+00	1.01124E+01	2.01536E+01
4.00000E+00	1.03933E+01	2.03075E+01
4.00000E+00	1.06742E+01	2.05406E+01
4.00000E+00	1.09551E+01	2.08418E+01
4.00000E+00	1.12360E+01	2.11946E+01
4.00000E+00	1.15169E+01	2.15853E+01
4.00000E+00	1.17978E+01	2.20071E+01
4.00000E+00	1.20787E+01	2.24597E+01
4.00000E+00	1.23596E+01	2.29449E+01
4.00000E+00	1.26404E+01	2.34625E+01
4.00000E+00	1.29213E+01	2.40086E+01
4.00000E+00	1.32022E+01	2.45765E+01
4.00000E+00	1.34831E+01	2.51606E+01
4.00000E+00	1.37640E+01	2.57603E+01
4.00000E+00	1.40449E+01	2.63822E+01
4.00000E+00	1.43258E+01	2.70389E+01
4.00000E+00	1.46067E+01	2.77465E+01
4.00000E+00	1.48876E+01	2.85193E+01
4.00000E+00	1.51685E+01	2.93644E+01
4.00000E+00	1.54494E+01	3.02783E+01
4.00000E+00	1.57303E+01	3.12466E+01
4.00000E+00	1.60112E+01	3.22469E+01
4.00000E+00	1.62921E+01	3.32531E+01
4.00000E+00	1.65730E+01	3.42401E+01
4.00000E+00	1.68539E+01	3.51862E+01
4.00000E+00	1.71348E+01	3.60747E+01
4.00000E+00	1.74157E+01	3.68933E+01
4.00000E+00	1.76966E+01	3.76336E+01
4.00000E+00	1.79775E+01	3.82912E+01
4.00000E+00	1.82584E+01	3.88652E+01
4.00000E+00	1.85393E+01	3.93580E+01
4.00000E+00	1.88202E+01	3.97755E+01
4.00000E+00	1.91011E+01	4.01260E+01
4.00000E+00	1.93820E+01	4.04185E+01
4.00000E+00	1.96629E+01	4.06613E+01
4.00000E+00	1.99438E+01	4.08615E+01
4.00000E+00	2.02247E+01	4.10247E+01
4.00000E+00	2.05056E+01	4.11549E+01
4.00000E+00	2.07865E+01	4.12542E+01
4.00000E+00	2.10674E+01	4.13220E+01
4.00000E+00	2.13483E+01	4.13565E+01
4.00000E+00	2.16292E+01	4.13581E+01
4.00000E+00	2.19101E+01	4.13297E+01
4.00000E+00	2.21910E+01	4.12735E+01
4.00000E+00	2.24719E+01	4.11898E+01
4.00000E+00	2.27528E+01	4.10801E+01
4.00000E+00	2.30337E+01	4.09479E+01
4.00000E+00	2.33146E+01	4.07959E+01
4.00000E+00	2.35955E+01	4.06266E+01
4.00000E+00	2.38764E+01	4.04427E+01
4.00000E+00	2.41573E+01	4.02469E+01
4.00000E+00	2.44382E+01	4.00411E+01
4.00000E+00	2.47191E+01	3.98269E+01
4.00000E+00	2.50000E+01	3.96064E+01
5.00000E+00	0.00000E+00	1.28849E+00
5.00000E+00	2.80899E-01	1.49373E+00
5.00000E+00	5.61798E-01	1.81068E+00
5.00000E+00	8.42697E-01	2.27403E+00
5.00000E+00	1.12360E+00	2.92529E+00
5.00000E+00	1.40449E+00	3.75925E+00
5.00000E+00	1.68539E+00	4.73058E+00
5.00000E+00	1.96629E+00	5.81429E+00
5.00000E+00	2.24719E+00	7.01815E+00
5.00000E+00	2.52809E+00	8.33615E+00
5.00000E+00	2.80899E+00	9.69561E+00
5.00000E+00	3.08989E+00	1.09539E+01
5.00000E+00	3.37079E+00	1.19534E+01
5.00000E+00	3.65169E+00	1.25944E+01
5.00000E+00	3.93258E+00	1.28709E+01
5.00000E+00	4.21348E+00	1.28503E+01
5.00000E+00	4.49438E+00	1.26300E+01
5.00000E+00	4.77528E+00	1.23008E+01
5.00000E+00	5.05618E+00	1.19300E+01
5.00000E+00	5.33708E+00	1.15572E+01
5.00000E+00	5.61798E+00	1.11993E+01
5.00000E+00	5.89888E+00	1.08604E+01
5.00000E+00	6.17978E+00	1.05421E+01
5.00000E+00	6.46067E+00	1.02493E+01
5.00000E+00	6.74157E+00	9.99068E+00
5.00000E+00	7.02247E+00	9.77652E+00
5.00000E+00	7.30337E+00	9.61480E+00
5.00000E+00	7.58427E+00	9.50850E+00
5.00000E+00	7.86517E+00	9.45337E+00
5.00000E+00	8.14607E+00	9.43745E+00
5.00000E+00	8.42697E+00	9.44384E+00
5.00000E+00	8.70787E+00	9.45634E+00
5.00000E+00	8.98876E+00	9.46538E+00
5.00000E+00	9.26966E+00	9.47064E+00
5.00000E+00	9.55056E+00	9.47934E+00
5.00000E+00	9.83146E+00	9.50224E+00
5.00000E+00	1.01124E+01	9.54938E+00
5.00000E+00	1.03933E+01	9.62702E+00
5.00000E+00	1.06742E+01	9.73648E+00
5.00000E+00	1.09551E+01	9.87488E+00
5.00000E+00	1.12360E+01	1.00373E+01
5.00000E+00	1.15169E+01	1.02191E+01
5.00000E+00	1.17978E+01	1.04174E+01
5.00000E+00	1.20787E+01	1.06310E+01
5.00000E+00	1.23596E+01	1.08597E+01
5.00000E+00	1.26404E+01	1.11026E+01
5.00000E+00	1.29213E+01	1.13584E+01
5.00000E+00	1.32022E+01	1.16253E+01
5.00000E+00	1.34831E+01	1.19019E+01
5.00000E+00	1.37640E+01	1.21888E+01
5.00000E+00	1.40449E+01	1.24886E+01
5.00000E+00	1.43258E+01	1.28061E+01
5.00000E+00	1.46067E+01	1.31465E+01
5.00000E+00	1.48876E+01	1.35143E+01
5.00000E+00	1.51685E+01	1.39113E+01
5.00000E+00	1.54494E+01	1.43354E+01
5.00000E+00	1.57303E+01	1.47808E+01
5.00000E+00	1.60112E+01	1.52385E+01
5.00000E+00	1.62921E+01	1.56983E+01
5.00000E+00	1.65730E+01	1.61497E+01
5.00000E+00	1.68539E+01	1.65835E+01
5.00000E+00	1.71348E+01	1.69923E+01
5.00000E+00	1.74157E+01	1.73703E+01
5.00000E+00	1.76966E+01	1.77136E+01
5.00000E+00	1.79775E+01	1.80201E+01
5.00000E+00	1.82584E+01	1.82893E+01
5.00000E+00	1.85393E+01	1.85222E+01
5.00000E+00	1.88202E+01	1.87210E+01
5.00000E+00	1.91011E+01	1.88891E+01
5.00000E+00	1.93820E+01	1.90299E+01
5.00000E+00	1.96629E+01	1.91470E+01
5.00000E+00	1.99438E+01	1.92435E+01
5.00000E+00	2.02247E+01	1.93217E+01
5.00000E+00	2.05056E+01	1.93836E+01
5.00000E+00	2.07865E+01	1.94299E+01
5.00000E+00	2.10674E+01	1.94611E+01
5.00000E+00	2.13483E+01	1.94771E+01
5.00000E+00	2.16292E+01	1.94781E+01
5.00000E+00	2.19101E+01	1.94651E+01
5.00000E+00	2.21910E+01	1.94389E+01
5.00000E+00	2.24719E+01	1.94000E+01
5.00000E+00	2.27528E+01	1.93494E+01
5.00000E+00	2.30337E+01	1.92882E+01
5.00000E+00	2.33146E+01	1.92178E+01
5.00000E+00	2.35955E+01	1.91393E+01
5.00000E+00	2.38764E+01	1.90539E+01
5.00000E+00	2.41573E+01	1.89626E+01
5.00000E+00	2.44382E+01	1.88666E+01
5.00000E+00	2.47191E+01	1.87666E+01
5.00000E+00	2.50000E+01	1.86635E+01
6.00000E+00	0.00000E+00	1.27554E+00
6.00000E+00	2.80899E-01	1.42844E+00
6.00000E+00	5.61798E-01	1.64495E+00
6.00000E+00	8.42697E-01	1.93672E+00
6.00000E+00	1.12360E+00	2.31550E+00
6.00000E+00	1.40449E+00	2.79207E+00
6.00000E+00	1.68539E+00	3.34933E+00
6.00000E+00	1.96629E+00	3.96695E+00
6.00000E+00	2.24719E+00	4.62889E+00
6.00000E+00	2.52809E+00	5.31378E+00
6.00000E+00	2.80899E+00	5.98251E+00
6.00000E+00	3.08989E+00	6.57927E+00
6.00000E+00	3.37079E+00	7.04852E+00
6.00000E+00	3.65169E+00	7.35601E+00
6.00000E+00	3.93258E+00	7.49933E+00
6.00000E+00	4.21348E+00	7.50317E+00
6.00000E+00	4.49438E+00	7.40587E+00
6.00000E+00	4.77528E+00	7.24638E+00
6.00000E+00	5.05618E+00	7.05613E+00
6.00000E+00	5.33708E+00	6.85624E+00
6.00000E+00	5.61798E+00	6.65860E+00
6.00000E+00	5.89888E+00	6.46922E+00
6.00000E+00	6.17978E+00	6.29181E+00
6.00000E+00	6.46067E+00	6.13008E+00
6.00000E+00	6.74157E+00	5.98843E+00
6.00000E+00	7.02247E+00	5.87114E+00
6.00000E+00	7.30337E+00	5.78125E+00
6.00000E+00	7.58427E+00	5.71935E+00
6.00000E+00	7.86517E+00	5.68292E+00
6.00000E+00	8.14607E+00	5.66650E+00
6.00000E+00	8.42697E+00	5.66305E+00
6.00000E+00	8.70787E+00	5.66603E+00
6.00000E+00	8.98876E+00	5.67150E+00
6.00000E+00	9.26966E+00	5.67904E+00
6.00000E+00	9.55056E+00	5.69127E+00
6.00000E+00	9.83146E+00	5.71237E+00
6.00000E+00	1.01124E+01	5.74645E+00
6.00000E+00	1.03933E+01	5.79624E+00
6.00000E+00	1.06742E+01	5.86256E+00
6.00000E+00	1.09551E+01	5.94454E+00
6.00000E+00	1.12360E+01	6.04034E+00
6.00000E+00	1.15169E+01	6.14804E+00
6.00000E+00	1.17978E+01	6.26616E+00
6.00000E+00	1.20787E+01	6.39381E+00
6.00000E+00	1.23596E+01	6.53043E+00
6.00000E+00	1.26404E+01	6.67547E+00
6.00000E+00	1.29213E+01	6.82828E+00
6.00000E+00	1.32022E+01	6.98824E+00
6.00000E+00	1.34831E+01	7.15510E+00
6.00000E+00	1.37640E+01	7.32934E+00
6.00000E+00	1.40449E+01	7.51233E+00
6.00000E+00	1.43258E+01	7.70607E+00
6.00000E+00	1.46067E+01	7.91273E+00
6.00000E+00	1.48876E+01	8.13388E+00
6.00000E+00	1.51685E+01	8.36984E+00
6.00000E+00	1.54494E+01	8.61924E+00
6.00000E+00	1.57303E+01	8.87894E+00
6.00000E+00	1.60112E+01	9.14449E+00
6.00000E+00	1.62921E+01	9.41061E+00
6.00000E+00	1.65730E+01	9.67196E+00
6.00000E+00	1.68539E+01	9.92362E+00
6.00000E+00	1.71348E+01	1.01614E+01
6.00000E+00	1.74157E+01	1.03822E+01
6.00000E+00	1.76966E+01	1.05837E+01
6.00000E+00	1.79775E+01	1.07645E+01
6.00000E+00	1.82584E+01	1.09244E+01
6.00000E+00	1.85393E+01	1.10638E+01
6.00000E+00	1.88202E+01	1.11836E+01
6.00000E+00	1.91011E+01	1.12856E+01
6.00000E+00	1.93820E+01	1.13715E+01
6.00000E+00	1.96629E+01	1.14432E+01
6.00000E+00	1.99438E+01	1.15021E+01
6.00000E+00	2.02247E+01	1.15498E+01
6.00000E+00	2.05056E+01	1.15873E+01
6.00000E+00	2.07865E+01	1.16150E+01
6.00000E+00	2.10674E+01	1.16336E+01
6.00000E+00	2.13483E+01	1.16431E+01
6.00000E+00	2.16292E+01	1.16439E+01
6.00000E+00	2.19101E+01	1.16364E+01
6.00000E+00	2.21910E+01	1.16210E+01
6.00000E+00	2.24719E+01	1.15982E+01
6.00000E+00	2.27528E+01	1.15686E+01
6.00000E+00	2.30337E+01	1.15328E+01
6.00000E+00	2.33146E+01	1.14914E+01
6.00000E+00	2.35955E+01	1.14453E+01
6.00000E+00	2.38764E+01	1.13950E+01
6.00000E+00	2.41573E+01	1.13412E+01
6.00000E+00	2.44382E+01	1.12845E+01
6.00000E+00	2.47191E+01	1.12253E+01
6.00000E+00	2.50000E+01	1.11642E+01
7.00000E+00	0.00000E+00	1.26235E+00
7.00000E+00	2.80899E-01	1.38093E+00
7.00000E+00	5.61798E-01	1.53902E+00
7.00000E+00	8.42697E-01	1.74113E+00
7.00000E+00	1.12360E+00	1.99034E+00
7.00000E+00	1.40449E+00	2.29229E+00
7.00000E+00	1.68539E+00	2.64577E+00
7.00000E+00	1.96629E+00	3.03522E+00
7.00000E+00	2.24719E+00	3.44295E+00
7.00000E+00	2.52809E+00	3.84881E+00
7.00000E+00	2.80899E+00	4.22899E+00
7.00000E+00	3.08989E+00	4.55751E+00
7.00000E+00	3.37079E+00	4.81171E+00
7.00000E+00	3.65169E+00	4.97871E+00
7.00000E+00	3.93258E+00	5.05868E+00
7.00000E+00	4.21348E+00	5.06317E+00
7.00000E+00	4.49438E+00	5.01020E+00
7.00000E+00	4.77528E+00	4.91895E+00
7.00000E+00	5.05618E+00	4.80603E+00
7.00000E+00	5.33708E+00	4.68375E+00
7.00000E+00	5.61798E+00	4.56026E+00
7.00000E+00	5.89888E+00	4.44067E+00
7.00000E+00	6.17978E+00	4.32846E+00
7.00000E+00	6.46067E+00	4.22649E+00
7.00000E+00	6.74157E+00	4.13740E+00
7.00000E+00	7.02247E+00	4.06338E+00
7.00000E+00	7.30337E+00	4.00575E+00
7.00000E+00	7.58427E+00	3.96452E+00
7.00000E+00	7.86517E+00	3.93823E+00
7.00000E+00	8.14607E+00	3.92409E+00
7.00000E+00	8.42697E+00	3.91874E+00
7.00000E+00	8.70787E+00	3.91913E+00
7.00000E+00	8.98876E+00	3.92336E+00
7.00000E+00	9.26966E+00	3.93112E+00
7.00000E+00	9.55056E+00	3.94345E+00
7.00000E+00	9.83146E+00	3.96221E+00
7.00000E+00	1.01124E+01	3.98925E+00
7.00000E+00	1.03933E+01	4.02593E+00
7.00000E+00	1.06742E+01	4.07274E+00
7.00000E+00	1.09551E+01	4.12941E+00
7.00000E+00	1.12360E+01	4.19514E+00
7.00000E+00	1.15169E+01	4.26903E+00
7.00000E+00	1.17978E+01	4.35024E+00
7.00000E+00	1.20787E+01	4.43817E+00
7.00000E+00	1.23596E+01	4.53236E+00
7.00000E+00	1.26404E+01	4.63243E+00
7.00000E+00	1.29213E+01	4.73803E+00
7.00000E+00	1.32022E+01	4.84894E+00
7.00000E+00	1.34831E+01	4.96515E+00
7.00000E+00	1.37640E+01	5.08702E+00
7.00000E+00	1.40449E+01	5.21524E+00
7.00000E+00	1.43258E+01	5.35079E+00
7.00000E+00	1.46067E+01	5.49458E+00
7.00000E+00	1.48876E+01	5.64714E+00
7.00000E+00	1.51685E+01	5.80834E+00
7.00000E+00	1.54494E+01	5.97714E+00
7.00000E+00	1.57303E+01	6.15161E+00
7.00000E+00	1.60112E+01	6.32909E+00
7.00000E+00	1.62921E+01	6.50651E+00
7.00000E+00	1.65730E+01	6.68067E+00
7.00000E+00	1.68539E+01	6.84860E+00
7.00000E+00	1.71348E+01	7.00773E+00
7.00000E+00	1.74157E+01	7.15599E+00
7.00000E+00	1.76966E+01	7.29192E+00
7.00000E+00	1.79775E+01	7.41465E+00
7.00000E+00	1.82584E+01	7.52383E+00
7.00000E+00	1.85393E+01	7.61965E+00
7.00000E+00	1.88202E+01	7.70267E+00
7.00000E+00	1.91011E+01	7.77377E+00
7.00000E+00	1.93820E+01	7.83398E+00
7.00000E+00	1.96629E+01	7.88435E+00
7.00000E+00	1.99438E+01	7.92588E+00
7.00000E+00	2.02247E+01	7.95942E+00
7.00000E+00	2.05056E+01	7.98563E+00
7.00000E+00	2.07865E+01	8.00500E+00
7.00000E+00	2.10674E+01	8.01789E+00
7.00000E+00	2.13483E+01	8.02456E+00
7.00000E+00	2.16292E+01	8.02527E+00
7.00000E+00	2.19101E+01	8.02032E+00
7.00000E+00	2.21910E+01	8.01001E+00
7.00000E+00	2.24719E+01	7.99471E+00
7.00000E+00	2.27528E+01	7.97478E+00
7.00000E+00	2.30337E+01	7.95065E+00
7.00000E+00	2.33146E+01	7.92276E+00
7.00000E+00	2.35955E+01	7.89157E+00
7.00000E+00	2.38764E+01	7.85751E+00
7.00000E+00	2.41573E+01	7.82100E+00
7.00000E+00	2.44382E+01	7.78242E+00
7.00000E+00	2.47191E+01	7.74213E+00
7.00000E+00	2.50000E+01	7.70043E+00
8.00000E+00	0.00000E+00	1.24928E+00
8.00000E+00	2.80899E-01	1.34384E+00
8.00000E+00	5.61798E-01	1.46439E+00
8.00000E+00	8.42697E-01	1.61269E+00
8.00000E+00	1.12360E+00	1.78917E+00
8.00000E+00	1.40449E+00	1.99436E+00
8.00000E+00	1.68539E+00	2.23071E+00
8.00000E+00	1.96629E+00	2.49025E+00
8.00000E+00	2.24719E+00	2.75879E+00
8.00000E+00	2.52809E+00	3.02059E+00
8.00000E+00	2.80899E+00	3.25955E+00
8.00000E+00	3.08989E+00	3.46105E+00
8.00000E+00	3.37079E+00	3.61421E+00
8.00000E+00	3.65169E+00	3.71382E+00
8.00000E+00	3.93258E+00	3.76111E+00
8.00000E+00	4.21348E+00	3.76273E+00
8.00000E+00	4.49438E+00	3.72856E+00
8.00000E+00	4.77528E+00	3.66934E+00
8.00000E+00	5.05618E+00	3.59476E+00
8.00000E+00	5.33708E+00	3.51259E+00
8.00000E+00	5.61798E+00	3.42848E+00
8.00000E+00	5.89888E+00	3.34637E+00
8.00000E+00	6.17978E+00	3.26913E+00
8.00000E+00	6.46067E+00	3.19895E+00
8.00000E+00	6.74157E+00	3.13758E+00
8.00000E+00	7.02247E+00	3.08633E+00
8.00000E+00	7.30337E+00	3.04586E+00
8.00000E+00	7.58427E+00	3.01610E+00
8.00000E+00	7.86517E+00	2.99616E+00
8.00000E+00	8.14607E+00	2.98454E+00
8.00000E+00	8.42697E+00	2.97946E+00
8.00000E+00	8.70787E+00	2.97937E+00
8.00000E+00	8.98876E+00	2.98324E+00
8.00000E+00	9.26966E+00	2.99085E+00
8.00000E+00	9.55056E+00	3.00265E+00
8.00000E+00	9.83146E+00	3.01951E+00
8.00000E+00	1.01124E+01	3.04234E+00
8.00000E+00	1.03933E+01	3.07184E+00
8.00000E+00	1.06742E+01	3.10832E+00
8.00000E+00	1.09551E+01	3.15169E+00
8.00000E+00	1.12360E+01	3.20158E+00
8.00000E+00	1.15169E+01	3.25750E+00
8.00000E+00	1.17978E+01	3.31896E+00
8.00000E+00	1.20787E+01	3.38557E+00
8.00000E+00	1.23596E+01	3.45698E+00
8.00000E+00	1.26404E+01	3.53293E+00
8.00000E+00	1.29213E+01	3.61323E+00
8.00000E+00	1.32022E+01	3.69778E+00
8.00000E+00	1.34831E+01	3.78661E+00
8.00000E+00	1.37640E+01	3.87994E+00
8.00000E+00	1.40449E+01	3.97816E+00
8.00000E+00	1.43258E+01	4.08170E+00
8.00000E+00	1.46067E+01	4.19093E+00
8.00000E+00	1.48876E+01	4.30598E+00
8.00000E+00	1.51685E+01	4.42652E+00
8.00000E+00	1.54494E+01	4.55174E+00
8.00000E+00	1.57303E+01	4.68032E+00
8.00000E+00	1.60112E+01	4.81051E+00
8.00000E+00	1.62921E+01	4.94029E+00
8.00000E+00	1.65730E+01	5.06761E+00
8.00000E+00	1.68539E+01	5.19048E+00
8.00000E+00	1.71348E+01	5.30717E+00
8.00000E+00	1.74157E+01	5.41626E+00
8.00000E+00	1.76966E+01	5.51673E+00
8.00000E+00	1.79775E+01	5.60792E+00
8.00000E+00	1.82584E+01	5.68953E+00
8.00000E+00	1.85393E+01	5.76162E+00
8.00000E+00	1.88202E+01	5.82450E+00
8.00000E+00	1.91011E+01	5.87870E+00
8.00000E+00	1.93820E+01	5.92483E+00
8.00000E+00	1.96629E+01	5.96358E+00
8.00000E+00	1.99438E+01	5.99560E+00
8.00000E+00	2.02247E+01	6.02147E+00
8.00000E+00	2.05056E+01	6.04168E+00
8.00000E+00	2.07865E+01	6.05661E+00
8.00000E+00	2.10674E+01	6.06656E+00
8.00000E+00	2.13483E+01	6.07179E+00
8.00000E+00	2.16292E+01	6.07253E+00
8.00000E+00	2.19101E+01	6.06902E+00
8.00000E+00	2.21910E+01	6.06152E+00
8.00000E+00	2.24719E+01	6.05029E+00
8.00000E+00	2.27528E+01	6.03561E+00
8.00000E+00	2.30337E+01	6.01781E+00
8.00000E+00	2.33146E+01	5.99719E+00
8.00000E+00	2.35955E+01	5.97408E+00
8.00000E+00	2.38764E+01	5.94879E+00
8.00000E+00	2.41573E+01	5.92164E+00
8.00000E+00	2.44382E+01	5.89289E+00
8.00000E+00	2.47191E+01	5.86281E+00
8.00000E+00	2.50000E+01	5.83163E+00
9.00000E+00	0.00000E+00	1.23632E+00
9.00000E+00	2.80899E-01	1.31316E+00
9.00000E+00	5.61798E-01	1.40773E+00
9.00000E+00	8.42697E-01	1.52055E+00
9.00000E+00	1.12360E+00	1.65109E+00
9.00000E+00	1.40449E+00	1.79832E+00
9.00000E+00	1.68539E+00	1.96200E+00
9.00000E+00	1.96629E+00	2.14084E+00
9.00000E+00	2.24719E+00	2.32500E+00
9.00000E+00	2.52809E+00	2.50307E+00
9.00000E+00	2.80899E+00	2.66376E+00
9.00000E+00	3.08989E+00	2.79752E+00
9.00000E+00	3.37079E+00	2.89794E+00
9.00000E+00	3.65169E+00	2.96245E+00
9.00000E+00	3.93258E+00	2.99234E+00
9.00000E+00	4.21348E+00	2.99193E+00
9.00000E+00	4.49438E+00	2.96737E+00
9.00000E+00	4.77528E+00	2.92535E+00
9.00000E+00	5.05618E+00	2.87213E+00
9.00000E+00	5.33708E+00	2.81293E+00
9.00000E+00	5.61798E+00	2.75183E+00
9.00000E+00	5.89888E+00	2.69187E+00
9.00000E+00	6.17978E+00	2.63530E+00
9.00000E+00	6.46067E+00	2.58384E+00
9.00000E+00	6.74157E+00	2.53874E+00
9.00000E+00	7.02247E+00	2.50087E+00
9.00000E+00	7.30337E+00	2.47065E+00
9.00000E+00	7.58427E+00	2.44801E+00
9.00000E+00	7.86517E+00	2.43241E+00
9.00000E+00	8.14607E+00	2.42301E+00
9.00000E+00	8.42697E+00	2.41881E+00
9.00000E+00	8.70787E+00	2.41894E+00
9.00000E+00	8.98876E+00	2.42284E+00
9.00000E+00	9.26966E+00	2.43031E+00
9.00000E+00	9.55056E+00	2.44157E+00
9.00000E+00	9.83146E+00	2.45703E+00
9.00000E+00	1.01124E+01	2.47716E+00
9.00000E+00	1.03933E+01	2.50234E+00
9.00000E+00	1.06742E+01	2.53275E+00
9.00000E+00	1.09551E+01	2.56836E+00
9.00000E+00	1.12360E+01	2.60899E+00
9.00000E+00	1.15169E+01	2.65434E+00
9.00000E+00	1.17978E+01	2.70413E+00
9.00000E+00	1.20787E+01	2.75807E+00
9.00000E+00	1.23596E+01	2.81594E+00
9.00000E+00	1.26404E+01	2.87754E+00
9.00000E+00	1.29213E+01	2.94275E+00
9.00000E+00	1.32022E+01	3.01151E+00
9.00000E+00	1.34831E+01	3.08385E+00
9.00000E+00	1.37640E+01	3.15988E+00
9.00000E+00	1.40449E+01	3.23978E+00
9.00000E+00	1.43258E+01	3.32375E+00
9.00000E+00	1.46067E+01	3.41187E+00
9.00000E+00	1.48876E+01	3.50407E+00
9.00000E+00	1.51685E+01	3.59998E+00
9.00000E+00	1.54494E+01	3.69895E+00
9.00000E+00	1.57303E+01	3.79998E+00
9.00000E+00	1.60112E+01	3.90184E+00
9.00000E+00	1.62921E+01	4.00312E+00
9.00000E+00	1.65730E+01	4.10238E+00
9.00000E+00	1.68539E+01	4.19824E+00
9.00000E+00	1.71348E+01	4.28944E+00
9.00000E+00	1.74157E+01	4.37496E+00
9.00000E+00	1.76966E+01	4.45404E+00
9.00000E+00	1.79775E+01	4.52616E+00
9.00000E+00	1.82584E+01	4.59106E+00
9.00000E+00	1.85393E+01	4.64874E+00
9.00000E+00	1.88202E+01	4.69936E+00
9.00000E+00	1.91011E+01	4.74324E+00
9.00000E+00	1.93820E+01	4.78079E+00
9.00000E+00	1.96629E+01	4.81247E+00
9.00000E+00	1.99438E+01	4.83873E+00
9.00000E+00	2.02247E+01	4.86000E+00
9.00000E+00	2.05056E+01	4.87663E+00
9.00000E+00	2.07865E+01	4.88895E+00
9.00000E+00	2.10674E+01	4.89721E+00
9.00000E+00	2.13483E+01	4.90165E+00
9.00000E+00	2.16292E+01	4.90247E+00
9.00000E+00	2.19101E+01	4.89989E+00
9.00000E+00	2.21910E+01	4.89412E+00
9.00000E+00	2.24719E+01	4.88537E+00
9.00000E+00	2.27528E+01	4.87389E+00
9.00000E+00	2.30337E+01	4.85991E+00
9.00000E+00	2.33146E+01	4.84367E+00
9.00000E+00	2.35955E+01	4.82544E+00
9.00000E+00	2.38764E+01	4.80545E+00
9.00000E+00	2.41573E+01	4.78393E+00
9.00000E+00	2.44382E+01	4.76111E+00
9.00000E+00	2.47191E+01	4.73719E+00
9.00000E+00	2.50000E+01	4.71236E+00
1.00000E+01	0.00000E+00	1.22341E+00
1.00000E+01	2.80899E-01	1.28666E+00
1.00000E+01	5.61798E-01	1.36227E+00
1.00000E+01	8.42697E-01	1.45016E+00
1.00000E+01	1.12360E+00	1.54948E+00
1.00000E+01	1.40449E+00	1.65879E+00
1.00000E+01	1.68539E+00	1.77658E+00
1.00000E+01	1.96629E+00	1.90228E+00
1.00000E+01	2.24719E+00	2.03184E+00
1.00000E+01	2.52809E+00	2.15697E+00
1.00000E+01	2.80899E+00	2.26973E+00
1.00000E+01	3.08989E+00	2.36342E+00
1.00000E+01	3.37079E+00	2.43359E+00
1.00000E+01	3.65169E+00	2.47848E+00
1.00000E+01	3.93258E+00	2.49895E+00
1.00000E+01	4.21348E+00	2.49786E+00
1.00000E+01	4.49438E+00	2.47934E+00
1.00000E+01	4.77528E+00	2.44792E+00
1.00000E+01	5.05618E+00	2.40793E+00
1.00000E+01	5.33708E+00	2.36315E+00
1.00000E+01	5.61798E+00	2.31664E+00
1.00000E+01	5.89888E+00	2.27078E+00
1.00000E+01	6.17978E+00	2.22739E+00
1.00000E+01	6.46067E+00	2.18783E+00
1.00000E+01	6.74157E+00	2.15307E+00
1.00000E+01	7.02247E+00	2.12374E+00
1.00000E+01	7.30337E+00	2.10016E+00
1.00000E+01	7.58427E+00	2.08230E+00
1.00000E+01	7.86517E+00	2.06984E+00
1.00000E+01	8.14607E+00	2.06229E+00
1.00000E+01	8.42697E+00	2.05907E+00
1.00000E+01	8.70787E+00	2.05967E+00
1.00000E+01	8.98876E+00	2.06374E+00
1.00000E+01	9.26966E+00	2.07115E+00
1.00000E+01	9.55056E+00	2.08198E+00
1.00000E+01	9.83146E+00	2.09643E+00
1.00000E+01	1.01124E+01	2.11476E+00
1.00000E+01	1.03933E+01	2.13715E+00
1.00000E+01	1.06742E+01	2.16373E+00
1.00000E+01	1.09551E+01	2.19447E+00
1.00000E+01	1.12360E+01	2.22926E+00
1.00000E+01	1.15169E+01	2.26794E+00
1.00000E+01	1.17978E+01	2.31031E+00
1.00000E+01	1.20787E+01	2.35617E+00
1.00000E+01	1.23596E+01	2.40536E+00
1.00000E+01	1.26404E+01	2.45774E+00
1.00000E+01	1.29213E+01	2.51322E+00
1.00000E+01	1.32022E+01	2.57176E+00
1.00000E+01	1.34831E+01	2.63334E+00
1.00000E+01	1.37640E+01	2.69802E+00
1.00000E+01	1.40449E+01	2.76585E+00
1.00000E+01	1.43258E+01	2.83687E+00
1.00000E+01	1.46067E+01	2.91104E+00
1.00000E+01	1.48876E+01	2.98820E+00
1.00000E+01	1.51685E+01	3.06797E+00
1.00000E+01	1.54494E+01	3.14980E+00
1.00000E+01	1.57303E+01	3.23293E+00
1.00000E+01	1.60112E+01	3.31641E+00
1.00000E+01	1.62921E+01	3.39923E+00
1.00000E+01	1.65730E+01	3.48031E+00
1.00000E+01	1.68539E+01	3.55863E+00
1.00000E+01	1.71348E+01	3.63327E+00
1.00000E+01	1.74157E+01	3.70344E+00
1.00000E+01	1.76966E+01	3.76855E+00
1.00000E+01	1.79775E+01	3.82820E+00
1.00000E+01	1.82584E+01	3.88214E+00
1.00000E+01	1.85393E+01	3.93034E+00
1.00000E+01	1.88202E+01	3.97287E+00
1.00000E+01	1.91011E+01	4.00995E+00
1.00000E+01	1.93820E+01	4.04184E+00
1.00000E+01	1.96629E+01	4.06886E+00
1.00000E+01	1.99438E+01	4.09135E+00
1.00000E+01	2.02247E+01	4.10962E+00
1.00000E+01	2.05056E+01	4.12395E+00
1.00000E+01	2.07865E+01	4.13462E+00
1.00000E+01	2.10674E+01	4.14184E+00
1.00000E+01	2.13483E+01	4.14582E+00
1.00000E+01	2.16292E+01	4.14675E+00
1.00000E+01	2.19101E+01	4.14483E+00
1.00000E+01	2.21910E+01	4.14022E+00
1.00000E+01	2.24719E+01	4.13313E+00
1.00000E+01	2.27528E+01	4.12375E+00
1.00000E+01	2.30337E+01	4.11228E+00
1.00000E+01	2.33146E+01	4.09892E+00
1.00000E+01	2.35955E+01	4.08388E+00
1.00000E+01	2.38764E+01	4.06734E+00
1.00000E+01	2.41573E+01	4.04951E+00
1.00000E+01	2.44382E+01	4.03056E+00
1.00000E+01	2.47191E+01	4.01066E+00
1.00000E+01	2.50000E+01	3.98996E+00
