1.00000E-04	0.00000E+00	9.18935E-01
1.00000E-04	2.80899E-01	4.94861E-01
1.00000E-04	5.61798E-01	6.47536E-01
1.00000E-04	8.42697E-01	8.20839E-01
1.00000E-04	1.12360E+00	9.39295E-01
1.00000E-04	1.40449E+00	1.11183E+00
1.00000E-04	1.68539E+00	1.24103E+00
1.00000E-04	1.96629E+00	1.36629E+00
1.00000E-04	2.24719E+00	1.46958E+00
1.00000E-04	2.52809E+00	1.47319E+00
1.00000E-04	2.80899E+00	1.45681E+00
1.00000E-04	3.08989E+00	1.44399E+00
1.00000E-04	3.37079E+00	1.44532E+00
1.00000E-04	3.65169E+00	1.44772E+00
1.00000E-04	3.93258E+00	1.44999E+00
1.00000E-04	4.21348E+00	1.46031E+00
1.00000E-04	4.49438E+00	1.47024E+00
1.00000E-04	4.77528E+00	1.47213E+00
1.00000E-04	5.05618E+00	1.46986E+00
1.00000E-04	5.33708E+00	1.47102E+00
1.00000E-04	5.61798E+00	1.47117E+00
1.00000E-04	5.89888E+00	1.46539E+00
1.00000E-04	6.17978E+00	1.45846E+00
1.00000E-04	6.46067E+00	1.45120E+00
1.00000E-04	6.74157E+00	1.43998E+00
1.00000E-04	7.02247E+00	1.42487E+00
1.00000E-04	7.30337E+00	1.41047E+00
1.00000E-04	7.58427E+00	1.39638E+00
1.00000E-04	7.86517E+00	1.37759E+00
1.00000E-04	8.14607E+00	1.35910E+00
1.00000E-04	8.42697E+00	1.34067E+00
1.00000E-04	8.70787E+00	1.32170E+00
1.00000E-04	8.98876E+00	1.30050E+00
1.00000E-04	9.26966E+00	1.28091E+00
1.00000E-04	9.55056E+00	1.26171E+00
1.00000E-04	9.83146E+00	1.24167E+00
1.00000E-04	1.01124E+01	1.22118E+00
1.00000E-04	1.03933E+01	1.20182E+00
1.00000E-04	1.06742E+01	1.18353E+00
1.00000E-04	1.09551E+01	1.16420E+00
1.00000E-04	1.12360E+01	1.14586E+00
1.00000E-04	1.15169E+01	1.12799E+00
1.00000E-04	1.17978E+01	1.11001E+00
1.00000E-04	1.20787E+01	1.09202E+00
1.00000E-04	1.23596E+01	1.07450E+00
1.00000E-04	1.26404E+01	1.05755E+00
1.00000E-04	1.29213E+01	1.04047E+00
1.00000E-04	1.32022E+01	1.02376E+00
1.00000E-04	1.34831E+01	1.00751E+00
1.00000E-04	1.37640E+01	9.91654E-01
1.00000E-04	1.40449E+01	9.75764E-01
1.00000E-04	1.43258E+01	9.60116E-01
1.00000E-04	1.46067E+01	9.45214E-01
1.00000E-04	1.48876E+01	9.30270E-01
1.00000E-04	1.51685E+01	9.15379E-01
1.00000E-04	1.54494E+01	9.01072E-01
1.00000E-04	1.57303E+01	8.87168E-01
1.00000E-04	1.60112E+01	8.73157E-01
1.00000E-04	1.62921E+01	8.59520E-01
1.00000E-04	1.65730E+01	8.46421E-01
1.00000E-04	1.68539E+01	8.33354E-01
1.00000E-04	1.71348E+01	8.20534E-01
1.00000E-04	1.74157E+01	8.07825E-01
1.00000E-04	1.76966E+01	7.95686E-01
1.00000E-04	1.79775E+01	7.83670E-01
1.00000E-04	1.82584E+01	7.71891E-01
1.00000E-04	1.85393E+01	7.60290E-01
1.00000E-04	1.88202E+01	7.49176E-01
1.00000E-04	1.91011E+01	7.38209E-01
1.00000E-04	1.93820E+01	7.27318E-01
1.00000E-04	1.96629E+01	7.16895E-01
1.00000E-04	1.99438E+01	7.06661E-01
1.00000E-04	2.02247E+01	6.96380E-01
1.00000E-04	2.05056E+01	6.86349E-01
1.00000E-04	2.07865E+01	6.76730E-01
1.00000E-04	2.10674E+01	6.67018E-01
1.00000E-04	2.13483E+01	6.57674E-01
1.00000E-04	2.16292E+01	6.48449E-01
1.00000E-04	2.19101E+01	6.39476E-01
1.00000E-04	2.21910E+01	6.30699E-01
1.00000E-04	2.24719E+01	6.22033E-01
1.00000E-04	2.27528E+01	6.13545E-01
1.00000E-04	2.30337E+01	6.05288E-01
1.00000E-04	2.33146E+01	5.97044E-01
1.00000E-04	2.35955E+01	5.88886E-01
1.00000E-04	2.38764E+01	5.80951E-01
1.00000E-04	2.41573E+01	5.73324E-01
1.00000E-04	2.44382E+01	5.65761E-01
1.00000E-04	2.47191E+01	5.58363E-01
1.00000E-04	2.50000E+01	5.51075E-01
5.00000E-04	0.00000E+00	9.92331E-01
5.00000E-04	2.80899E-01	6.52781E-01
5.00000E-04	5.61798E-01	8.54305E-01
5.00000E-04	8.42697E-01	1.08307E+00
5.00000E-04	1.12360E+00	1.23892E+00
5.00000E-04	1.40449E+00	1.46685E+00
5.00000E-04	1.68539E+00	1.63730E+00
5.00000E-04	1.96629E+00	1.80256E+00
5.00000E-04	2.24719E+00	1.93883E+00
5.00000E-04	2.52809E+00	1.94359E+00
5.00000E-04	2.80899E+00	1.92198E+00
5.00000E-04	3.08989E+00	1.90516E+00
5.00000E-04	3.37079E+00	1.90682E+00
5.00000E-04	3.65169E+00	1.90996E+00
5.00000E-04	3.93258E+00	1.91301E+00
5.00000E-04	4.21348E+00	1.92623E+00
5.00000E-04	4.49438E+00	1.93970E+00
5.00000E-04	4.77528E+00	1.94219E+00
5.00000E-04	5.05618E+00	1.93921E+00
5.00000E-04	5.33708E+00	1.94074E+00
5.00000E-04	5.61798E+00	1.94093E+00
5.00000E-04	5.89888E+00	1.93329E+00
5.00000E-04	6.17978E+00	1.92416E+00
5.00000E-04	6.46067E+00	1.91458E+00
5.00000E-04	6.74157E+00	1.89978E+00
5.00000E-04	7.02247E+00	1.87984E+00
5.00000E-04	7.30337E+00	1.86089E+00
5.00000E-04	7.58427E+00	1.84226E+00
5.00000E-04	7.86517E+00	1.81747E+00
5.00000E-04	8.14607E+00	1.79308E+00
5.00000E-04	8.42697E+00	1.76875E+00
5.00000E-04	8.70787E+00	1.74374E+00
5.00000E-04	8.98876E+00	1.71596E+00
5.00000E-04	9.26966E+00	1.68991E+00
5.00000E-04	9.55056E+00	1.66458E+00
5.00000E-04	9.83146E+00	1.63814E+00
5.00000E-04	1.01124E+01	1.61112E+00
5.00000E-04	1.03933E+01	1.58551E+00
5.00000E-04	1.06742E+01	1.56144E+00
5.00000E-04	1.09551E+01	1.53594E+00
5.00000E-04	1.12360E+01	1.51175E+00
5.00000E-04	1.15169E+01	1.48816E+00
5.00000E-04	1.17978E+01	1.46445E+00
5.00000E-04	1.20787E+01	1.44071E+00
5.00000E-04	1.23596E+01	1.41760E+00
5.00000E-04	1.26404E+01	1.39523E+00
5.00000E-04	1.29213E+01	1.37270E+00
5.00000E-04	1.32022E+01	1.35065E+00
5.00000E-04	1.34831E+01	1.32922E+00
5.00000E-04	1.37640E+01	1.30830E+00
5.00000E-04	1.40449E+01	1.28733E+00
5.00000E-04	1.43258E+01	1.26669E+00
5.00000E-04	1.46067E+01	1.24703E+00
5.00000E-04	1.48876E+01	1.22731E+00
5.00000E-04	1.51685E+01	1.20767E+00
5.00000E-04	1.54494E+01	1.18879E+00
5.00000E-04	1.57303E+01	1.17045E+00
5.00000E-04	1.60112E+01	1.15196E+00
5.00000E-04	1.62921E+01	1.13397E+00
5.00000E-04	1.65730E+01	1.11669E+00
5.00000E-04	1.68539E+01	1.09945E+00
5.00000E-04	1.71348E+01	1.08254E+00
5.00000E-04	1.74157E+01	1.06577E+00
5.00000E-04	1.76966E+01	1.04976E+00
5.00000E-04	1.79775E+01	1.03390E+00
5.00000E-04	1.82584E+01	1.01836E+00
5.00000E-04	1.85393E+01	1.00306E+00
5.00000E-04	1.88202E+01	9.88395E-01
5.00000E-04	1.91011E+01	9.73926E-01
5.00000E-04	1.93820E+01	9.59557E-01
5.00000E-04	1.96629E+01	9.45806E-01
5.00000E-04	1.99438E+01	9.32278E-01
5.00000E-04	2.02247E+01	9.18741E-01
5.00000E-04	2.05056E+01	9.05507E-01
5.00000E-04	2.07865E+01	8.92816E-01
5.00000E-04	2.10674E+01	8.80003E-01
5.00000E-04	2.13483E+01	8.67676E-01
5.00000E-04	2.16292E+01	8.55505E-01
5.00000E-04	2.19101E+01	8.43666E-01
5.00000E-04	2.21910E+01	8.32086E-01
5.00000E-04	2.24719E+01	8.20654E-01
5.00000E-04	2.27528E+01	8.09455E-01
5.00000E-04	2.30337E+01	7.98562E-01
5.00000E-04	2.33146E+01	7.87686E-01
5.00000E-04	2.35955E+01	7.76922E-01
5.00000E-04	2.38764E+01	7.66454E-01
5.00000E-04	2.41573E+01	7.56392E-01
5.00000E-04	2.44382E+01	7.46414E-01
5.00000E-04	2.47191E+01	7.36654E-01
5.00000E-04	2.50000E+01	7.27038E-01
1.00000E-03	0.00000E+00	9.99288E-01
1.00000E-03	2.80899E-01	6.68555E-01
1.00000E-03	5.61798E-01	8.74958E-01
1.00000E-03	8.42697E-01	1.10934E+00
1.00000E-03	1.12360E+00	1.26862E+00
1.00000E-03	1.40449E+00	1.50223E+00
1.00000E-03	1.68539E+00	1.67689E+00
1.00000E-03	1.96629E+00	1.84614E+00
1.00000E-03	2.24719E+00	1.98568E+00
1.00000E-03	2.52809E+00	1.99056E+00
1.00000E-03	2.80899E+00	1.96844E+00
1.00000E-03	3.08989E+00	1.95141E+00
1.00000E-03	3.37079E+00	1.95295E+00
1.00000E-03	3.65169E+00	1.95598E+00
1.00000E-03	3.93258E+00	1.95941E+00
1.00000E-03	4.21348E+00	1.97265E+00
1.00000E-03	4.49438E+00	1.98651E+00
1.00000E-03	4.77528E+00	1.98909E+00
1.00000E-03	5.05618E+00	1.98616E+00
1.00000E-03	5.33708E+00	1.98765E+00
1.00000E-03	5.61798E+00	1.98785E+00
1.00000E-03	5.89888E+00	1.97993E+00
1.00000E-03	6.17978E+00	1.97067E+00
1.00000E-03	6.46067E+00	1.96086E+00
1.00000E-03	6.74157E+00	1.94567E+00
1.00000E-03	7.02247E+00	1.92528E+00
1.00000E-03	7.30337E+00	1.90588E+00
1.00000E-03	7.58427E+00	1.88680E+00
1.00000E-03	7.86517E+00	1.86141E+00
1.00000E-03	8.14607E+00	1.83642E+00
1.00000E-03	8.42697E+00	1.81151E+00
1.00000E-03	8.70787E+00	1.78589E+00
1.00000E-03	8.98876E+00	1.75748E+00
1.00000E-03	9.26966E+00	1.73076E+00
1.00000E-03	9.55056E+00	1.70482E+00
1.00000E-03	9.83146E+00	1.67774E+00
1.00000E-03	1.01124E+01	1.65006E+00
1.00000E-03	1.03933E+01	1.62383E+00
1.00000E-03	1.06742E+01	1.59919E+00
1.00000E-03	1.09551E+01	1.57307E+00
1.00000E-03	1.12360E+01	1.54829E+00
1.00000E-03	1.15169E+01	1.52414E+00
1.00000E-03	1.17978E+01	1.49985E+00
1.00000E-03	1.20787E+01	1.47554E+00
1.00000E-03	1.23596E+01	1.45187E+00
1.00000E-03	1.26404E+01	1.42896E+00
1.00000E-03	1.29213E+01	1.40589E+00
1.00000E-03	1.32022E+01	1.38330E+00
1.00000E-03	1.34831E+01	1.36135E+00
1.00000E-03	1.37640E+01	1.33993E+00
1.00000E-03	1.40449E+01	1.31845E+00
1.00000E-03	1.43258E+01	1.29731E+00
1.00000E-03	1.46067E+01	1.27718E+00
1.00000E-03	1.48876E+01	1.25698E+00
1.00000E-03	1.51685E+01	1.23686E+00
1.00000E-03	1.54494E+01	1.21753E+00
1.00000E-03	1.57303E+01	1.19874E+00
1.00000E-03	1.60112E+01	1.17981E+00
1.00000E-03	1.62921E+01	1.16139E+00
1.00000E-03	1.65730E+01	1.14369E+00
1.00000E-03	1.68539E+01	1.12603E+00
1.00000E-03	1.71348E+01	1.10871E+00
1.00000E-03	1.74157E+01	1.09154E+00
1.00000E-03	1.76966E+01	1.07513E+00
1.00000E-03	1.79775E+01	1.05890E+00
1.00000E-03	1.82584E+01	1.04298E+00
1.00000E-03	1.85393E+01	1.02731E+00
1.00000E-03	1.88202E+01	1.01229E+00
1.00000E-03	1.91011E+01	9.97474E-01
1.00000E-03	1.93820E+01	9.82754E-01
1.00000E-03	1.96629E+01	9.68670E-01
1.00000E-03	1.99438E+01	9.54774E-01
1.00000E-03	2.02247E+01	9.40951E-01
1.00000E-03	2.05056E+01	9.27397E-01
1.00000E-03	2.07865E+01	9.14399E-01
1.00000E-03	2.10674E+01	9.01277E-01
1.00000E-03	2.13483E+01	8.88651E-01
1.00000E-03	2.16292E+01	8.76186E-01
1.00000E-03	2.19101E+01	8.64062E-01
1.00000E-03	2.21910E+01	8.52201E-01
1.00000E-03	2.24719E+01	8.40493E-01
1.00000E-03	2.27528E+01	8.29023E-01
1.00000E-03	2.30337E+01	8.17867E-01
1.00000E-03	2.33146E+01	8.06728E-01
1.00000E-03	2.35955E+01	7.95704E-01
1.00000E-03	2.38764E+01	7.84983E-01
1.00000E-03	2.41573E+01	7.74677E-01
1.00000E-03	2.44382E+01	7.64458E-01
1.00000E-03	2.47191E+01	7.54462E-01
1.00000E-03	2.50000E+01	7.44613E-01
5.00000E-03	0.00000E+00	1.00095E+00
5.00000E-03	2.80899E-01	6.93090E-01
5.00000E-03	5.61798E-01	9.07067E-01
5.00000E-03	8.42697E-01	1.15006E+00
5.00000E-03	1.12360E+00	1.31499E+00
5.00000E-03	1.40449E+00	1.55715E+00
5.00000E-03	1.68539E+00	1.73846E+00
5.00000E-03	1.96629E+00	1.91378E+00
5.00000E-03	2.24719E+00	2.05830E+00
5.00000E-03	2.52809E+00	2.06359E+00
5.00000E-03	2.80899E+00	2.04065E+00
5.00000E-03	3.08989E+00	2.02331E+00
5.00000E-03	3.37079E+00	2.02469E+00
5.00000E-03	3.65169E+00	2.02728E+00
5.00000E-03	3.93258E+00	2.03182E+00
5.00000E-03	4.21348E+00	2.04491E+00
5.00000E-03	4.49438E+00	2.05878E+00
5.00000E-03	4.77528E+00	2.06165E+00
5.00000E-03	5.05618E+00	2.05943E+00
5.00000E-03	5.33708E+00	2.06038E+00
5.00000E-03	5.61798E+00	2.06095E+00
5.00000E-03	5.89888E+00	2.05220E+00
5.00000E-03	6.17978E+00	2.04276E+00
5.00000E-03	6.46067E+00	2.03284E+00
5.00000E-03	6.74157E+00	2.01664E+00
5.00000E-03	7.02247E+00	1.99570E+00
5.00000E-03	7.30337E+00	1.97581E+00
5.00000E-03	7.58427E+00	1.95601E+00
5.00000E-03	7.86517E+00	1.92978E+00
5.00000E-03	8.14607E+00	1.90362E+00
5.00000E-03	8.42697E+00	1.87796E+00
5.00000E-03	8.70787E+00	1.85143E+00
5.00000E-03	8.98876E+00	1.82199E+00
5.00000E-03	9.26966E+00	1.79419E+00
5.00000E-03	9.55056E+00	1.76738E+00
5.00000E-03	9.83146E+00	1.73927E+00
5.00000E-03	1.01124E+01	1.71059E+00
5.00000E-03	1.03933E+01	1.68341E+00
5.00000E-03	1.06742E+01	1.65787E+00
5.00000E-03	1.09551E+01	1.63080E+00
5.00000E-03	1.12360E+01	1.60495E+00
5.00000E-03	1.15169E+01	1.57998E+00
5.00000E-03	1.17978E+01	1.55489E+00
5.00000E-03	1.20787E+01	1.52954E+00
5.00000E-03	1.23596E+01	1.50514E+00
5.00000E-03	1.26404E+01	1.48140E+00
5.00000E-03	1.29213E+01	1.45759E+00
5.00000E-03	1.32022E+01	1.43406E+00
5.00000E-03	1.34831E+01	1.41136E+00
5.00000E-03	1.37640E+01	1.38918E+00
5.00000E-03	1.40449E+01	1.36683E+00
5.00000E-03	1.43258E+01	1.34492E+00
5.00000E-03	1.46067E+01	1.32404E+00
5.00000E-03	1.48876E+01	1.30312E+00
5.00000E-03	1.51685E+01	1.28225E+00
5.00000E-03	1.54494E+01	1.26221E+00
5.00000E-03	1.57303E+01	1.24273E+00
5.00000E-03	1.60112E+01	1.22311E+00
5.00000E-03	1.62921E+01	1.20401E+00
5.00000E-03	1.65730E+01	1.18564E+00
5.00000E-03	1.68539E+01	1.16735E+00
5.00000E-03	1.71348E+01	1.14939E+00
5.00000E-03	1.74157E+01	1.13165E+00
5.00000E-03	1.76966E+01	1.11460E+00
5.00000E-03	1.79775E+01	1.09775E+00
5.00000E-03	1.82584E+01	1.08125E+00
5.00000E-03	1.85393E+01	1.06500E+00
5.00000E-03	1.88202E+01	1.04944E+00
5.00000E-03	1.91011E+01	1.03409E+00
5.00000E-03	1.93820E+01	1.01882E+00
5.00000E-03	1.96629E+01	1.00422E+00
5.00000E-03	1.99438E+01	9.89753E-01
5.00000E-03	2.02247E+01	9.75478E-01
5.00000E-03	2.05056E+01	9.61432E-01
5.00000E-03	2.07865E+01	9.47942E-01
5.00000E-03	2.10674E+01	9.34349E-01
5.00000E-03	2.13483E+01	9.21260E-01
5.00000E-03	2.16292E+01	9.08338E-01
5.00000E-03	2.19101E+01	8.95768E-01
5.00000E-03	2.21910E+01	8.83473E-01
5.00000E-03	2.24719E+01	8.71335E-01
5.00000E-03	2.27528E+01	8.59444E-01
5.00000E-03	2.30337E+01	8.47875E-01
5.00000E-03	2.33146E+01	8.36324E-01
5.00000E-03	2.35955E+01	8.24902E-01
5.00000E-03	2.38764E+01	8.13790E-01
5.00000E-03	2.41573E+01	8.03092E-01
5.00000E-03	2.44382E+01	7.92509E-01
5.00000E-03	2.47191E+01	7.82147E-01
5.00000E-03	2.50000E+01	7.71937E-01
1.00000E-02	0.00000E+00	1.00126E+00
1.00000E-02	2.80899E-01	7.01287E-01
1.00000E-02	5.61798E-01	9.17782E-01
1.00000E-02	8.42697E-01	1.16365E+00
1.00000E-02	1.12360E+00	1.33052E+00
1.00000E-02	1.40449E+00	1.57554E+00
1.00000E-02	1.68539E+00	1.75898E+00
1.00000E-02	1.96629E+00	1.93637E+00
1.00000E-02	2.24719E+00	2.08260E+00
1.00000E-02	2.52809E+00	2.08795E+00
1.00000E-02	2.80899E+00	2.06474E+00
1.00000E-02	3.08989E+00	2.04721E+00
1.00000E-02	3.37079E+00	2.04859E+00
1.00000E-02	3.65169E+00	2.05118E+00
1.00000E-02	3.93258E+00	2.05585E+00
1.00000E-02	4.21348E+00	2.06905E+00
1.00000E-02	4.49438E+00	2.08297E+00
1.00000E-02	4.77528E+00	2.08593E+00
1.00000E-02	5.05618E+00	2.08378E+00
1.00000E-02	5.33708E+00	2.08464E+00
1.00000E-02	5.61798E+00	2.08535E+00
1.00000E-02	5.89888E+00	2.07638E+00
1.00000E-02	6.17978E+00	2.06674E+00
1.00000E-02	6.46067E+00	2.05685E+00
1.00000E-02	6.74157E+00	2.04035E+00
1.00000E-02	7.02247E+00	2.01920E+00
1.00000E-02	7.30337E+00	1.99913E+00
1.00000E-02	7.58427E+00	1.97910E+00
1.00000E-02	7.86517E+00	1.95260E+00
1.00000E-02	8.14607E+00	1.92591E+00
1.00000E-02	8.42697E+00	1.90006E+00
1.00000E-02	8.70787E+00	1.87331E+00
1.00000E-02	8.98876E+00	1.84351E+00
1.00000E-02	9.26966E+00	1.81529E+00
1.00000E-02	9.55056E+00	1.78824E+00
1.00000E-02	9.83146E+00	1.75972E+00
1.00000E-02	1.01124E+01	1.73070E+00
1.00000E-02	1.03933E+01	1.70329E+00
1.00000E-02	1.06742E+01	1.67740E+00
1.00000E-02	1.09551E+01	1.65010E+00
1.00000E-02	1.12360E+01	1.62378E+00
1.00000E-02	1.15169E+01	1.59854E+00
1.00000E-02	1.17978E+01	1.57324E+00
1.00000E-02	1.20787E+01	1.54752E+00
1.00000E-02	1.23596E+01	1.52286E+00
1.00000E-02	1.26404E+01	1.49894E+00
1.00000E-02	1.29213E+01	1.47486E+00
1.00000E-02	1.32022E+01	1.45099E+00
1.00000E-02	1.34831E+01	1.42809E+00
1.00000E-02	1.37640E+01	1.40565E+00
1.00000E-02	1.40449E+01	1.38294E+00
1.00000E-02	1.43258E+01	1.36081E+00
1.00000E-02	1.46067E+01	1.33967E+00
1.00000E-02	1.48876E+01	1.31853E+00
1.00000E-02	1.51685E+01	1.29739E+00
1.00000E-02	1.54494E+01	1.27711E+00
1.00000E-02	1.57303E+01	1.25737E+00
1.00000E-02	1.60112E+01	1.23757E+00
1.00000E-02	1.62921E+01	1.21825E+00
1.00000E-02	1.65730E+01	1.19960E+00
1.00000E-02	1.68539E+01	1.18113E+00
1.00000E-02	1.71348E+01	1.16296E+00
1.00000E-02	1.74157E+01	1.14503E+00
1.00000E-02	1.76966E+01	1.12778E+00
1.00000E-02	1.79775E+01	1.11071E+00
1.00000E-02	1.82584E+01	1.09397E+00
1.00000E-02	1.85393E+01	1.07758E+00
1.00000E-02	1.88202E+01	1.06185E+00
1.00000E-02	1.91011E+01	1.04629E+00
1.00000E-02	1.93820E+01	1.03085E+00
1.00000E-02	1.96629E+01	1.01607E+00
1.00000E-02	1.99438E+01	1.00143E+00
1.00000E-02	2.02247E+01	9.86987E-01
1.00000E-02	2.05056E+01	9.72795E-01
1.00000E-02	2.07865E+01	9.59094E-01
1.00000E-02	2.10674E+01	9.45386E-01
1.00000E-02	2.13483E+01	9.32135E-01
1.00000E-02	2.16292E+01	9.19068E-01
1.00000E-02	2.19101E+01	9.06344E-01
1.00000E-02	2.21910E+01	8.93902E-01
1.00000E-02	2.24719E+01	8.81620E-01
1.00000E-02	2.27528E+01	8.69594E-01
1.00000E-02	2.30337E+01	8.57868E-01
1.00000E-02	2.33146E+01	8.46182E-01
1.00000E-02	2.35955E+01	8.34641E-01
1.00000E-02	2.38764E+01	8.23409E-01
1.00000E-02	2.41573E+01	8.12550E-01
1.00000E-02	2.44382E+01	8.01865E-01
1.00000E-02	2.47191E+01	7.91379E-01
1.00000E-02	2.50000E+01	7.81050E-01
5.00000E-02	0.00000E+00	9.93094E-01
5.00000E-02	2.80899E-01	7.57489E-01
5.00000E-02	5.61798E-01	9.85766E-01
5.00000E-02	8.42697E-01	1.24950E+00
5.00000E-02	1.12360E+00	1.42891E+00
5.00000E-02	1.40449E+00	1.69198E+00
5.00000E-02	1.68539E+00	1.88894E+00
5.00000E-02	1.96629E+00	2.07943E+00
5.00000E-02	2.24719E+00	2.23642E+00
5.00000E-02	2.52809E+00	2.24214E+00
5.00000E-02	2.80899E+00	2.21721E+00
5.00000E-02	3.08989E+00	2.19839E+00
5.00000E-02	3.37079E+00	2.19986E+00
5.00000E-02	3.65169E+00	2.20267E+00
5.00000E-02	3.93258E+00	2.20769E+00
5.00000E-02	4.21348E+00	2.22185E+00
5.00000E-02	4.49438E+00	2.23677E+00
5.00000E-02	4.77528E+00	2.23996E+00
5.00000E-02	5.05618E+00	2.23766E+00
5.00000E-02	5.33708E+00	2.23855E+00
5.00000E-02	5.61798E+00	2.23935E+00
5.00000E-02	5.89888E+00	2.22972E+00
5.00000E-02	6.17978E+00	2.21935E+00
5.00000E-02	6.46067E+00	2.20874E+00
5.00000E-02	6.74157E+00	2.19099E+00
5.00000E-02	7.02247E+00	2.16830E+00
5.00000E-02	7.30337E+00	2.14676E+00
5.00000E-02	7.58427E+00	2.12524E+00
5.00000E-02	7.86517E+00	2.09679E+00
5.00000E-02	8.14607E+00	2.06805E+00
5.00000E-02	8.42697E+00	2.04033E+00
5.00000E-02	8.70787E+00	2.01167E+00
5.00000E-02	8.98876E+00	1.97965E+00
5.00000E-02	9.26966E+00	1.94931E+00
5.00000E-02	9.55056E+00	1.92028E+00
5.00000E-02	9.83146E+00	1.88962E+00
5.00000E-02	1.01124E+01	1.85845E+00
5.00000E-02	1.03933E+01	1.82908E+00
5.00000E-02	1.06742E+01	1.80119E+00
5.00000E-02	1.09551E+01	1.77208E+00
5.00000E-02	1.12360E+01	1.74359E+00
5.00000E-02	1.15169E+01	1.71652E+00
5.00000E-02	1.17978E+01	1.68941E+00
5.00000E-02	1.20787E+01	1.66176E+00
5.00000E-02	1.23596E+01	1.63521E+00
5.00000E-02	1.26404E+01	1.60973E+00
5.00000E-02	1.29213E+01	1.58381E+00
5.00000E-02	1.32022E+01	1.55814E+00
5.00000E-02	1.34831E+01	1.53358E+00
5.00000E-02	1.37640E+01	1.50951E+00
5.00000E-02	1.40449E+01	1.48500E+00
5.00000E-02	1.43258E+01	1.46134E+00
5.00000E-02	1.46067E+01	1.43856E+00
5.00000E-02	1.48876E+01	1.41592E+00
5.00000E-02	1.51685E+01	1.39321E+00
5.00000E-02	1.54494E+01	1.37139E+00
5.00000E-02	1.57303E+01	1.35018E+00
5.00000E-02	1.60112E+01	1.32900E+00
5.00000E-02	1.62921E+01	1.30822E+00
5.00000E-02	1.65730E+01	1.28815E+00
5.00000E-02	1.68539E+01	1.26836E+00
5.00000E-02	1.71348E+01	1.24878E+00
5.00000E-02	1.74157E+01	1.22959E+00
5.00000E-02	1.76966E+01	1.21106E+00
5.00000E-02	1.79775E+01	1.19273E+00
5.00000E-02	1.82584E+01	1.17464E+00
5.00000E-02	1.85393E+01	1.15716E+00
5.00000E-02	1.88202E+01	1.14028E+00
5.00000E-02	1.91011E+01	1.12356E+00
5.00000E-02	1.93820E+01	1.10708E+00
5.00000E-02	1.96629E+01	1.09109E+00
5.00000E-02	1.99438E+01	1.07537E+00
5.00000E-02	2.02247E+01	1.05983E+00
5.00000E-02	2.05056E+01	1.04464E+00
5.00000E-02	2.07865E+01	1.02984E+00
5.00000E-02	2.10674E+01	1.01527E+00
5.00000E-02	2.13483E+01	1.00094E+00
5.00000E-02	2.16292E+01	9.86978E-01
5.00000E-02	2.19101E+01	9.73318E-01
5.00000E-02	2.21910E+01	9.59888E-01
5.00000E-02	2.24719E+01	9.46702E-01
5.00000E-02	2.27528E+01	9.33850E-01
5.00000E-02	2.30337E+01	9.21180E-01
5.00000E-02	2.33146E+01	9.08652E-01
5.00000E-02	2.35955E+01	8.96313E-01
5.00000E-02	2.38764E+01	8.84240E-01
5.00000E-02	2.41573E+01	8.72525E-01
5.00000E-02	2.44382E+01	8.61086E-01
5.00000E-02	2.47191E+01	8.49785E-01
5.00000E-02	2.50000E+01	8.38727E-01
1.00000E-01	0.00000E+00	9.89380E-01
1.00000E-01	2.80899E-01	8.12115E-01
1.00000E-01	5.61798E-01	1.04401E+00
1.00000E-01	8.42697E-01	1.32122E+00
1.00000E-01	1.12360E+00	1.51289E+00
1.00000E-01	1.40449E+00	1.79122E+00
1.00000E-01	1.68539E+00	1.99960E+00
1.00000E-01	1.96629E+00	2.20119E+00
1.00000E-01	2.24719E+00	2.36728E+00
1.00000E-01	2.52809E+00	2.37325E+00
1.00000E-01	2.80899E+00	2.34685E+00
1.00000E-01	3.08989E+00	2.32695E+00
1.00000E-01	3.37079E+00	2.32845E+00
1.00000E-01	3.65169E+00	2.33148E+00
1.00000E-01	3.93258E+00	2.33681E+00
1.00000E-01	4.21348E+00	2.35178E+00
1.00000E-01	4.49438E+00	2.36755E+00
1.00000E-01	4.77528E+00	2.37092E+00
1.00000E-01	5.05618E+00	2.36848E+00
1.00000E-01	5.33708E+00	2.36939E+00
1.00000E-01	5.61798E+00	2.37026E+00
1.00000E-01	5.89888E+00	2.36009E+00
1.00000E-01	6.17978E+00	2.34910E+00
1.00000E-01	6.46067E+00	2.33788E+00
1.00000E-01	6.74157E+00	2.31909E+00
1.00000E-01	7.02247E+00	2.29507E+00
1.00000E-01	7.30337E+00	2.27226E+00
1.00000E-01	7.58427E+00	2.24947E+00
1.00000E-01	7.86517E+00	2.21937E+00
1.00000E-01	8.14607E+00	2.18896E+00
1.00000E-01	8.42697E+00	2.15962E+00
1.00000E-01	8.70787E+00	2.12928E+00
1.00000E-01	8.98876E+00	2.09540E+00
1.00000E-01	9.26966E+00	2.06328E+00
1.00000E-01	9.55056E+00	2.03255E+00
1.00000E-01	9.83146E+00	2.00009E+00
1.00000E-01	1.01124E+01	1.96711E+00
1.00000E-01	1.03933E+01	1.93602E+00
1.00000E-01	1.06742E+01	1.90649E+00
1.00000E-01	1.09551E+01	1.87568E+00
1.00000E-01	1.12360E+01	1.84553E+00
1.00000E-01	1.15169E+01	1.81688E+00
1.00000E-01	1.17978E+01	1.78818E+00
1.00000E-01	1.20787E+01	1.75892E+00
1.00000E-01	1.23596E+01	1.73082E+00
1.00000E-01	1.26404E+01	1.70384E+00
1.00000E-01	1.29213E+01	1.67640E+00
1.00000E-01	1.32022E+01	1.64924E+00
1.00000E-01	1.34831E+01	1.62324E+00
1.00000E-01	1.37640E+01	1.59776E+00
1.00000E-01	1.40449E+01	1.57182E+00
1.00000E-01	1.43258E+01	1.54678E+00
1.00000E-01	1.46067E+01	1.52266E+00
1.00000E-01	1.48876E+01	1.49870E+00
1.00000E-01	1.51685E+01	1.47466E+00
1.00000E-01	1.54494E+01	1.45156E+00
1.00000E-01	1.57303E+01	1.42912E+00
1.00000E-01	1.60112E+01	1.40670E+00
1.00000E-01	1.62921E+01	1.38470E+00
1.00000E-01	1.65730E+01	1.36346E+00
1.00000E-01	1.68539E+01	1.34252E+00
1.00000E-01	1.71348E+01	1.32178E+00
1.00000E-01	1.74157E+01	1.30148E+00
1.00000E-01	1.76966E+01	1.28187E+00
1.00000E-01	1.79775E+01	1.26246E+00
1.00000E-01	1.82584E+01	1.24332E+00
1.00000E-01	1.85393E+01	1.22482E+00
1.00000E-01	1.88202E+01	1.20694E+00
1.00000E-01	1.91011E+01	1.18925E+00
1.00000E-01	1.93820E+01	1.17181E+00
1.00000E-01	1.96629E+01	1.15488E+00
1.00000E-01	1.99438E+01	1.13824E+00
1.00000E-01	2.02247E+01	1.12180E+00
1.00000E-01	2.05056E+01	1.10572E+00
1.00000E-01	2.07865E+01	1.09005E+00
1.00000E-01	2.10674E+01	1.07463E+00
1.00000E-01	2.13483E+01	1.05946E+00
1.00000E-01	2.16292E+01	1.04468E+00
1.00000E-01	2.19101E+01	1.03023E+00
1.00000E-01	2.21910E+01	1.01601E+00
1.00000E-01	2.24719E+01	1.00205E+00
1.00000E-01	2.27528E+01	9.88449E-01
1.00000E-01	2.30337E+01	9.75036E-01
1.00000E-01	2.33146E+01	9.61777E-01
1.00000E-01	2.35955E+01	9.48718E-01
1.00000E-01	2.38764E+01	9.35937E-01
1.00000E-01	2.41573E+01	9.23537E-01
1.00000E-01	2.44382E+01	9.11430E-01
1.00000E-01	2.47191E+01	8.99466E-01
1.00000E-01	2.50000E+01	8.87763E-01
2.00000E-01	0.00000E+00	9.86147E-01
2.00000E-01	2.80899E-01	8.89121E-01
2.00000E-01	5.61798E-01	1.12182E+00
2.00000E-01	8.42697E-01	1.41261E+00
2.00000E-01	1.12360E+00	1.62411E+00
2.00000E-01	1.40449E+00	1.92183E+00
2.00000E-01	1.68539E+00	2.14511E+00
2.00000E-01	1.96629E+00	2.36103E+00
2.00000E-01	2.24719E+00	2.53849E+00
2.00000E-01	2.52809E+00	2.54493E+00
2.00000E-01	2.80899E+00	2.51655E+00
2.00000E-01	3.08989E+00	2.49532E+00
2.00000E-01	3.37079E+00	2.49674E+00
2.00000E-01	3.65169E+00	2.50014E+00
2.00000E-01	3.93258E+00	2.50594E+00
2.00000E-01	4.21348E+00	2.52193E+00
2.00000E-01	4.49438E+00	2.53870E+00
2.00000E-01	4.77528E+00	2.54236E+00
2.00000E-01	5.05618E+00	2.53973E+00
2.00000E-01	5.33708E+00	2.54064E+00
2.00000E-01	5.61798E+00	2.54158E+00
2.00000E-01	5.89888E+00	2.53077E+00
2.00000E-01	6.17978E+00	2.51896E+00
2.00000E-01	6.46067E+00	2.50693E+00
2.00000E-01	6.74157E+00	2.48674E+00
2.00000E-01	7.02247E+00	2.46102E+00
2.00000E-01	7.30337E+00	2.43655E+00
2.00000E-01	7.58427E+00	2.41202E+00
2.00000E-01	7.86517E+00	2.37982E+00
2.00000E-01	8.14607E+00	2.34722E+00
2.00000E-01	8.42697E+00	2.31576E+00
2.00000E-01	8.70787E+00	2.28320E+00
2.00000E-01	8.98876E+00	2.24691E+00
2.00000E-01	9.26966E+00	2.21246E+00
2.00000E-01	9.55056E+00	2.17949E+00
2.00000E-01	9.83146E+00	2.14469E+00
2.00000E-01	1.01124E+01	2.10933E+00
2.00000E-01	1.03933E+01	2.07599E+00
2.00000E-01	1.06742E+01	2.04430E+00
2.00000E-01	1.09551E+01	2.01129E+00
2.00000E-01	1.12360E+01	1.97897E+00
2.00000E-01	1.15169E+01	1.94824E+00
2.00000E-01	1.17978E+01	1.91746E+00
2.00000E-01	1.20787E+01	1.88609E+00
2.00000E-01	1.23596E+01	1.85596E+00
2.00000E-01	1.26404E+01	1.82702E+00
2.00000E-01	1.29213E+01	1.79761E+00
2.00000E-01	1.32022E+01	1.76848E+00
2.00000E-01	1.34831E+01	1.74060E+00
2.00000E-01	1.37640E+01	1.71327E+00
2.00000E-01	1.40449E+01	1.68548E+00
2.00000E-01	1.43258E+01	1.65862E+00
2.00000E-01	1.46067E+01	1.63275E+00
2.00000E-01	1.48876E+01	1.60705E+00
2.00000E-01	1.51685E+01	1.58129E+00
2.00000E-01	1.54494E+01	1.55651E+00
2.00000E-01	1.57303E+01	1.53244E+00
2.00000E-01	1.60112E+01	1.50840E+00
2.00000E-01	1.62921E+01	1.48482E+00
2.00000E-01	1.65730E+01	1.46204E+00
2.00000E-01	1.68539E+01	1.43958E+00
2.00000E-01	1.71348E+01	1.41735E+00
2.00000E-01	1.74157E+01	1.39558E+00
2.00000E-01	1.76966E+01	1.37454E+00
2.00000E-01	1.79775E+01	1.35373E+00
2.00000E-01	1.82584E+01	1.33321E+00
2.00000E-01	1.85393E+01	1.31337E+00
2.00000E-01	1.88202E+01	1.29421E+00
2.00000E-01	1.91011E+01	1.27523E+00
2.00000E-01	1.93820E+01	1.25654E+00
2.00000E-01	1.96629E+01	1.23838E+00
2.00000E-01	1.99438E+01	1.22054E+00
2.00000E-01	2.02247E+01	1.20290E+00
2.00000E-01	2.05056E+01	1.18566E+00
2.00000E-01	2.07865E+01	1.16886E+00
2.00000E-01	2.10674E+01	1.15233E+00
2.00000E-01	2.13483E+01	1.13606E+00
2.00000E-01	2.16292E+01	1.12021E+00
2.00000E-01	2.19101E+01	1.10471E+00
2.00000E-01	2.21910E+01	1.08947E+00
2.00000E-01	2.24719E+01	1.07450E+00
2.00000E-01	2.27528E+01	1.05992E+00
2.00000E-01	2.30337E+01	1.04553E+00
2.00000E-01	2.33146E+01	1.03131E+00
2.00000E-01	2.35955E+01	1.01731E+00
2.00000E-01	2.38764E+01	1.00361E+00
2.00000E-01	2.41573E+01	9.90311E-01
2.00000E-01	2.44382E+01	9.77327E-01
2.00000E-01	2.47191E+01	9.64500E-01
2.00000E-01	2.50000E+01	9.51950E-01
2.50000E-01	0.00000E+00	9.85163E-01
2.50000E-01	2.80899E-01	9.18190E-01
2.50000E-01	5.61798E-01	1.15191E+00
2.50000E-01	8.42697E-01	1.44649E+00
2.50000E-01	1.12360E+00	1.66662E+00
2.50000E-01	1.40449E+00	1.97107E+00
2.50000E-01	1.68539E+00	2.20012E+00
2.50000E-01	1.96629E+00	2.42128E+00
2.50000E-01	2.24719E+00	2.60249E+00
2.50000E-01	2.52809E+00	2.60944E+00
2.50000E-01	2.80899E+00	2.58027E+00
2.50000E-01	3.08989E+00	2.55860E+00
2.50000E-01	3.37079E+00	2.55994E+00
2.50000E-01	3.65169E+00	2.56350E+00
2.50000E-01	3.93258E+00	2.56950E+00
2.50000E-01	4.21348E+00	2.58587E+00
2.50000E-01	4.49438E+00	2.60296E+00
2.50000E-01	4.77528E+00	2.60674E+00
2.50000E-01	5.05618E+00	2.60404E+00
2.50000E-01	5.33708E+00	2.60495E+00
2.50000E-01	5.61798E+00	2.60588E+00
2.50000E-01	5.89888E+00	2.59486E+00
2.50000E-01	6.17978E+00	2.58275E+00
2.50000E-01	6.46067E+00	2.57040E+00
2.50000E-01	6.74157E+00	2.54969E+00
2.50000E-01	7.02247E+00	2.52334E+00
2.50000E-01	7.30337E+00	2.49824E+00
2.50000E-01	7.58427E+00	2.47304E+00
2.50000E-01	7.86517E+00	2.44007E+00
2.50000E-01	8.14607E+00	2.40664E+00
2.50000E-01	8.42697E+00	2.37439E+00
2.50000E-01	8.70787E+00	2.34099E+00
2.50000E-01	8.98876E+00	2.30381E+00
2.50000E-01	9.26966E+00	2.26849E+00
2.50000E-01	9.55056E+00	2.23466E+00
2.50000E-01	9.83146E+00	2.19899E+00
2.50000E-01	1.01124E+01	2.16274E+00
2.50000E-01	1.03933E+01	2.12856E+00
2.50000E-01	1.06742E+01	2.09604E+00
2.50000E-01	1.09551E+01	2.06222E+00
2.50000E-01	1.12360E+01	2.02908E+00
2.50000E-01	1.15169E+01	1.99757E+00
2.50000E-01	1.17978E+01	1.96601E+00
2.50000E-01	1.20787E+01	1.93385E+00
2.50000E-01	1.23596E+01	1.90296E+00
2.50000E-01	1.26404E+01	1.87327E+00
2.50000E-01	1.29213E+01	1.84312E+00
2.50000E-01	1.32022E+01	1.81326E+00
2.50000E-01	1.34831E+01	1.78467E+00
2.50000E-01	1.37640E+01	1.75664E+00
2.50000E-01	1.40449E+01	1.72815E+00
2.50000E-01	1.43258E+01	1.70061E+00
2.50000E-01	1.46067E+01	1.67408E+00
2.50000E-01	1.48876E+01	1.64774E+00
2.50000E-01	1.51685E+01	1.62133E+00
2.50000E-01	1.54494E+01	1.59592E+00
2.50000E-01	1.57303E+01	1.57124E+00
2.50000E-01	1.60112E+01	1.54660E+00
2.50000E-01	1.62921E+01	1.52241E+00
2.50000E-01	1.65730E+01	1.49905E+00
2.50000E-01	1.68539E+01	1.47603E+00
2.50000E-01	1.71348E+01	1.45323E+00
2.50000E-01	1.74157E+01	1.43092E+00
2.50000E-01	1.76966E+01	1.40935E+00
2.50000E-01	1.79775E+01	1.38801E+00
2.50000E-01	1.82584E+01	1.36697E+00
2.50000E-01	1.85393E+01	1.34663E+00
2.50000E-01	1.88202E+01	1.32697E+00
2.50000E-01	1.91011E+01	1.30752E+00
2.50000E-01	1.93820E+01	1.28835E+00
2.50000E-01	1.96629E+01	1.26973E+00
2.50000E-01	1.99438E+01	1.25144E+00
2.50000E-01	2.02247E+01	1.23336E+00
2.50000E-01	2.05056E+01	1.21568E+00
2.50000E-01	2.07865E+01	1.19846E+00
2.50000E-01	2.10674E+01	1.18150E+00
2.50000E-01	2.13483E+01	1.16482E+00
2.50000E-01	2.16292E+01	1.14858E+00
2.50000E-01	2.19101E+01	1.13268E+00
2.50000E-01	2.21910E+01	1.11705E+00
2.50000E-01	2.24719E+01	1.10171E+00
2.50000E-01	2.27528E+01	1.08675E+00
2.50000E-01	2.30337E+01	1.07201E+00
2.50000E-01	2.33146E+01	1.05743E+00
2.50000E-01	2.35955E+01	1.04307E+00
2.50000E-01	2.38764E+01	1.02902E+00
2.50000E-01	2.41573E+01	1.01539E+00
2.50000E-01	2.44382E+01	1.00207E+00
2.50000E-01	2.47191E+01	9.88921E-01
2.50000E-01	2.50000E+01	9.76053E-01
3.00000E-01	0.00000E+00	9.84468E-01
3.00000E-01	2.80899E-01	9.43232E-01
3.00000E-01	5.61798E-01	1.17843E+00
3.00000E-01	8.42697E-01	1.47567E+00
3.00000E-01	1.12360E+00	1.70380E+00
3.00000E-01	1.40449E+00	2.01355E+00
3.00000E-01	1.68539E+00	2.24778E+00
3.00000E-01	1.96629E+00	2.47333E+00
3.00000E-01	2.24719E+00	2.65736E+00
3.00000E-01	2.52809E+00	2.66508E+00
3.00000E-01	2.80899E+00	2.63519E+00
3.00000E-01	3.08989E+00	2.61319E+00
3.00000E-01	3.37079E+00	2.61440E+00
3.00000E-01	3.65169E+00	2.61813E+00
3.00000E-01	3.93258E+00	2.62432E+00
3.00000E-01	4.21348E+00	2.64100E+00
3.00000E-01	4.49438E+00	2.65833E+00
3.00000E-01	4.77528E+00	2.66222E+00
3.00000E-01	5.05618E+00	2.65948E+00
3.00000E-01	5.33708E+00	2.66038E+00
3.00000E-01	5.61798E+00	2.66128E+00
3.00000E-01	5.89888E+00	2.65010E+00
3.00000E-01	6.17978E+00	2.63773E+00
3.00000E-01	6.46067E+00	2.62509E+00
3.00000E-01	6.74157E+00	2.60394E+00
3.00000E-01	7.02247E+00	2.57705E+00
3.00000E-01	7.30337E+00	2.55141E+00
3.00000E-01	7.58427E+00	2.52560E+00
3.00000E-01	7.86517E+00	2.49199E+00
3.00000E-01	8.14607E+00	2.45785E+00
3.00000E-01	8.42697E+00	2.42492E+00
3.00000E-01	8.70787E+00	2.39079E+00
3.00000E-01	8.98876E+00	2.35285E+00
3.00000E-01	9.26966E+00	2.31677E+00
3.00000E-01	9.55056E+00	2.28221E+00
3.00000E-01	9.83146E+00	2.24578E+00
3.00000E-01	1.01124E+01	2.20877E+00
3.00000E-01	1.03933E+01	2.17386E+00
3.00000E-01	1.06742E+01	2.14063E+00
3.00000E-01	1.09551E+01	2.10611E+00
3.00000E-01	1.12360E+01	2.07226E+00
3.00000E-01	1.15169E+01	2.04008E+00
3.00000E-01	1.17978E+01	2.00784E+00
3.00000E-01	1.20787E+01	1.97501E+00
3.00000E-01	1.23596E+01	1.94346E+00
3.00000E-01	1.26404E+01	1.91313E+00
3.00000E-01	1.29213E+01	1.88234E+00
3.00000E-01	1.32022E+01	1.85185E+00
3.00000E-01	1.34831E+01	1.82265E+00
3.00000E-01	1.37640E+01	1.79402E+00
3.00000E-01	1.40449E+01	1.76494E+00
3.00000E-01	1.43258E+01	1.73681E+00
3.00000E-01	1.46067E+01	1.70971E+00
3.00000E-01	1.48876E+01	1.68280E+00
3.00000E-01	1.51685E+01	1.65584E+00
3.00000E-01	1.54494E+01	1.62989E+00
3.00000E-01	1.57303E+01	1.60467E+00
3.00000E-01	1.60112E+01	1.57951E+00
3.00000E-01	1.62921E+01	1.55482E+00
3.00000E-01	1.65730E+01	1.53096E+00
3.00000E-01	1.68539E+01	1.50744E+00
3.00000E-01	1.71348E+01	1.48416E+00
3.00000E-01	1.74157E+01	1.46137E+00
3.00000E-01	1.76966E+01	1.43934E+00
3.00000E-01	1.79775E+01	1.41755E+00
3.00000E-01	1.82584E+01	1.39606E+00
3.00000E-01	1.85393E+01	1.37529E+00
3.00000E-01	1.88202E+01	1.35521E+00
3.00000E-01	1.91011E+01	1.33535E+00
3.00000E-01	1.93820E+01	1.31577E+00
3.00000E-01	1.96629E+01	1.29676E+00
3.00000E-01	1.99438E+01	1.27808E+00
3.00000E-01	2.02247E+01	1.25961E+00
3.00000E-01	2.05056E+01	1.24156E+00
3.00000E-01	2.07865E+01	1.22396E+00
3.00000E-01	2.10674E+01	1.20665E+00
3.00000E-01	2.13483E+01	1.18962E+00
3.00000E-01	2.16292E+01	1.17302E+00
3.00000E-01	2.19101E+01	1.15679E+00
3.00000E-01	2.21910E+01	1.14082E+00
3.00000E-01	2.24719E+01	1.12516E+00
3.00000E-01	2.27528E+01	1.10988E+00
3.00000E-01	2.30337E+01	1.09482E+00
3.00000E-01	2.33146E+01	1.07993E+00
3.00000E-01	2.35955E+01	1.06527E+00
3.00000E-01	2.38764E+01	1.05092E+00
3.00000E-01	2.41573E+01	1.03700E+00
3.00000E-01	2.44382E+01	1.02340E+00
3.00000E-01	2.47191E+01	1.00997E+00
3.00000E-01	2.50000E+01	9.96827E-01
4.00000E-01	0.00000E+00	9.84054E-01
4.00000E-01	2.80899E-01	9.85387E-01
4.00000E-01	5.61798E-01	1.22280E+00
4.00000E-01	8.42697E-01	1.52277E+00
4.00000E-01	1.12360E+00	1.76508E+00
4.00000E-01	1.40449E+00	2.08179E+00
4.00000E-01	1.68539E+00	2.32491E+00
4.00000E-01	1.96629E+00	2.55714E+00
4.00000E-01	2.24719E+00	2.74438E+00
4.00000E-01	2.52809E+00	2.75435E+00
4.00000E-01	2.80899E+00	2.72323E+00
4.00000E-01	3.08989E+00	2.70086E+00
4.00000E-01	3.37079E+00	2.70173E+00
4.00000E-01	3.65169E+00	2.70575E+00
4.00000E-01	3.93258E+00	2.71230E+00
4.00000E-01	4.21348E+00	2.72945E+00
4.00000E-01	4.49438E+00	2.74709E+00
4.00000E-01	4.77528E+00	2.75114E+00
4.00000E-01	5.05618E+00	2.74839E+00
4.00000E-01	5.33708E+00	2.74930E+00
4.00000E-01	5.61798E+00	2.75005E+00
4.00000E-01	5.89888E+00	2.73868E+00
4.00000E-01	6.17978E+00	2.72589E+00
4.00000E-01	6.46067E+00	2.71275E+00
4.00000E-01	6.74157E+00	2.69090E+00
4.00000E-01	7.02247E+00	2.66318E+00
4.00000E-01	7.30337E+00	2.63665E+00
4.00000E-01	7.58427E+00	2.60983E+00
4.00000E-01	7.86517E+00	2.57524E+00
4.00000E-01	8.14607E+00	2.53997E+00
4.00000E-01	8.42697E+00	2.50594E+00
4.00000E-01	8.70787E+00	2.47060E+00
4.00000E-01	8.98876E+00	2.43148E+00
4.00000E-01	9.26966E+00	2.39419E+00
4.00000E-01	9.55056E+00	2.35842E+00
4.00000E-01	9.83146E+00	2.32079E+00
4.00000E-01	1.01124E+01	2.28258E+00
4.00000E-01	1.03933E+01	2.24650E+00
4.00000E-01	1.06742E+01	2.21210E+00
4.00000E-01	1.09551E+01	2.17647E+00
4.00000E-01	1.12360E+01	2.14151E+00
4.00000E-01	1.15169E+01	2.10824E+00
4.00000E-01	1.17978E+01	2.07491E+00
4.00000E-01	1.20787E+01	2.04101E+00
4.00000E-01	1.23596E+01	2.00840E+00
4.00000E-01	1.26404E+01	1.97703E+00
4.00000E-01	1.29213E+01	1.94523E+00
4.00000E-01	1.32022E+01	1.91373E+00
4.00000E-01	1.34831E+01	1.88355E+00
4.00000E-01	1.37640E+01	1.85394E+00
4.00000E-01	1.40449E+01	1.82392E+00
4.00000E-01	1.43258E+01	1.79485E+00
4.00000E-01	1.46067E+01	1.76683E+00
4.00000E-01	1.48876E+01	1.73902E+00
4.00000E-01	1.51685E+01	1.71117E+00
4.00000E-01	1.54494E+01	1.68435E+00
4.00000E-01	1.57303E+01	1.65828E+00
4.00000E-01	1.60112E+01	1.63229E+00
4.00000E-01	1.62921E+01	1.60677E+00
4.00000E-01	1.65730E+01	1.58210E+00
4.00000E-01	1.68539E+01	1.55781E+00
4.00000E-01	1.71348E+01	1.53375E+00
4.00000E-01	1.74157E+01	1.51021E+00
4.00000E-01	1.76966E+01	1.48743E+00
4.00000E-01	1.79775E+01	1.46491E+00
4.00000E-01	1.82584E+01	1.44271E+00
4.00000E-01	1.85393E+01	1.42124E+00
4.00000E-01	1.88202E+01	1.40049E+00
4.00000E-01	1.91011E+01	1.37996E+00
4.00000E-01	1.93820E+01	1.35974E+00
4.00000E-01	1.96629E+01	1.34009E+00
4.00000E-01	1.99438E+01	1.32078E+00
4.00000E-01	2.02247E+01	1.30170E+00
4.00000E-01	2.05056E+01	1.28304E+00
4.00000E-01	2.07865E+01	1.26486E+00
4.00000E-01	2.10674E+01	1.24697E+00
4.00000E-01	2.13483E+01	1.22937E+00
4.00000E-01	2.16292E+01	1.21222E+00
4.00000E-01	2.19101E+01	1.19544E+00
4.00000E-01	2.21910E+01	1.17894E+00
4.00000E-01	2.24719E+01	1.16276E+00
4.00000E-01	2.27528E+01	1.14697E+00
4.00000E-01	2.30337E+01	1.13140E+00
4.00000E-01	2.33146E+01	1.11602E+00
4.00000E-01	2.35955E+01	1.10087E+00
4.00000E-01	2.38764E+01	1.08604E+00
4.00000E-01	2.41573E+01	1.07165E+00
4.00000E-01	2.44382E+01	1.05760E+00
4.00000E-01	2.47191E+01	1.04372E+00
4.00000E-01	2.50000E+01	1.03013E+00
5.00000E-01	0.00000E+00	9.85211E-01
5.00000E-01	2.80899E-01	1.02129E+00
5.00000E-01	5.61798E-01	1.25635E+00
5.00000E-01	8.42697E-01	1.55627E+00
5.00000E-01	1.12360E+00	1.81020E+00
5.00000E-01	1.40449E+00	2.12968E+00
5.00000E-01	1.68539E+00	2.37964E+00
5.00000E-01	1.96629E+00	2.61596E+00
5.00000E-01	2.24719E+00	2.80371E+00
5.00000E-01	2.52809E+00	2.81654E+00
5.00000E-01	2.80899E+00	2.78459E+00
5.00000E-01	3.08989E+00	2.76215E+00
5.00000E-01	3.37079E+00	2.76261E+00
5.00000E-01	3.65169E+00	2.76686E+00
5.00000E-01	3.93258E+00	2.77372E+00
5.00000E-01	4.21348E+00	2.79115E+00
5.00000E-01	4.49438E+00	2.80887E+00
5.00000E-01	4.77528E+00	2.81306E+00
5.00000E-01	5.05618E+00	2.81039E+00
5.00000E-01	5.33708E+00	2.81127E+00
5.00000E-01	5.61798E+00	2.81180E+00
5.00000E-01	5.89888E+00	2.80039E+00
5.00000E-01	6.17978E+00	2.78732E+00
5.00000E-01	6.46067E+00	2.77376E+00
5.00000E-01	6.74157E+00	2.75143E+00
5.00000E-01	7.02247E+00	2.72318E+00
5.00000E-01	7.30337E+00	2.69603E+00
5.00000E-01	7.58427E+00	2.66843E+00
5.00000E-01	7.86517E+00	2.63322E+00
5.00000E-01	8.14607E+00	2.59716E+00
5.00000E-01	8.42697E+00	2.56235E+00
5.00000E-01	8.70787E+00	2.52615E+00
5.00000E-01	8.98876E+00	2.48626E+00
5.00000E-01	9.26966E+00	2.44812E+00
5.00000E-01	9.55056E+00	2.41148E+00
5.00000E-01	9.83146E+00	2.37303E+00
5.00000E-01	1.01124E+01	2.33400E+00
5.00000E-01	1.03933E+01	2.29710E+00
5.00000E-01	1.06742E+01	2.26186E+00
5.00000E-01	1.09551E+01	2.22548E+00
5.00000E-01	1.12360E+01	2.18975E+00
5.00000E-01	1.15169E+01	2.15570E+00
5.00000E-01	1.17978E+01	2.12161E+00
5.00000E-01	1.20787E+01	2.08698E+00
5.00000E-01	1.23596E+01	2.05364E+00
5.00000E-01	1.26404E+01	2.02153E+00
5.00000E-01	1.29213E+01	1.98902E+00
5.00000E-01	1.32022E+01	1.95684E+00
5.00000E-01	1.34831E+01	1.92596E+00
5.00000E-01	1.37640E+01	1.89567E+00
5.00000E-01	1.40449E+01	1.86500E+00
5.00000E-01	1.43258E+01	1.83528E+00
5.00000E-01	1.46067E+01	1.80662E+00
5.00000E-01	1.48876E+01	1.77817E+00
5.00000E-01	1.51685E+01	1.74971E+00
5.00000E-01	1.54494E+01	1.72228E+00
5.00000E-01	1.57303E+01	1.69562E+00
5.00000E-01	1.60112E+01	1.66905E+00
5.00000E-01	1.62921E+01	1.64296E+00
5.00000E-01	1.65730E+01	1.61773E+00
5.00000E-01	1.68539E+01	1.59289E+00
5.00000E-01	1.71348E+01	1.56829E+00
5.00000E-01	1.74157E+01	1.54422E+00
5.00000E-01	1.76966E+01	1.52092E+00
5.00000E-01	1.79775E+01	1.49790E+00
5.00000E-01	1.82584E+01	1.47521E+00
5.00000E-01	1.85393E+01	1.45326E+00
5.00000E-01	1.88202E+01	1.43203E+00
5.00000E-01	1.91011E+01	1.41104E+00
5.00000E-01	1.93820E+01	1.39037E+00
5.00000E-01	1.96629E+01	1.37027E+00
5.00000E-01	1.99438E+01	1.35052E+00
5.00000E-01	2.02247E+01	1.33102E+00
5.00000E-01	2.05056E+01	1.31194E+00
5.00000E-01	2.07865E+01	1.29335E+00
5.00000E-01	2.10674E+01	1.27505E+00
5.00000E-01	2.13483E+01	1.25706E+00
5.00000E-01	2.16292E+01	1.23952E+00
5.00000E-01	2.19101E+01	1.22237E+00
5.00000E-01	2.21910E+01	1.20550E+00
5.00000E-01	2.24719E+01	1.18895E+00
5.00000E-01	2.27528E+01	1.17280E+00
5.00000E-01	2.30337E+01	1.15688E+00
5.00000E-01	2.33146E+01	1.14115E+00
5.00000E-01	2.35955E+01	1.12566E+00
5.00000E-01	2.38764E+01	1.11050E+00
5.00000E-01	2.41573E+01	1.09579E+00
5.00000E-01	2.44382E+01	1.08141E+00
5.00000E-01	2.47191E+01	1.06723E+00
5.00000E-01	2.50000E+01	1.05334E+00
6.00000E-01	0.00000E+00	9.87970E-01
6.00000E-01	2.80899E-01	1.05217E+00
6.00000E-01	5.61798E-01	1.27980E+00
6.00000E-01	8.42697E-01	1.57733E+00
6.00000E-01	1.12360E+00	1.84015E+00
6.00000E-01	1.40449E+00	2.15896E+00
6.00000E-01	1.68539E+00	2.41358E+00
6.00000E-01	1.96629E+00	2.65164E+00
6.00000E-01	2.24719E+00	2.83767E+00
6.00000E-01	2.52809E+00	2.85360E+00
6.00000E-01	2.80899E+00	2.82132E+00
6.00000E-01	3.08989E+00	2.79906E+00
6.00000E-01	3.37079E+00	2.79907E+00
6.00000E-01	3.65169E+00	2.80348E+00
6.00000E-01	3.93258E+00	2.81062E+00
6.00000E-01	4.21348E+00	2.82812E+00
6.00000E-01	4.49438E+00	2.84574E+00
6.00000E-01	4.77528E+00	2.85004E+00
6.00000E-01	5.05618E+00	2.84752E+00
6.00000E-01	5.33708E+00	2.84836E+00
6.00000E-01	5.61798E+00	2.84862E+00
6.00000E-01	5.89888E+00	2.83728E+00
6.00000E-01	6.17978E+00	2.82405E+00
6.00000E-01	6.46067E+00	2.81015E+00
6.00000E-01	6.74157E+00	2.78756E+00
6.00000E-01	7.02247E+00	2.75906E+00
6.00000E-01	7.30337E+00	2.73152E+00
6.00000E-01	7.58427E+00	2.70336E+00
6.00000E-01	7.86517E+00	2.66787E+00
6.00000E-01	8.14607E+00	2.63134E+00
6.00000E-01	8.42697E+00	2.59606E+00
6.00000E-01	8.70787E+00	2.55931E+00
6.00000E-01	8.98876E+00	2.51901E+00
6.00000E-01	9.26966E+00	2.48036E+00
6.00000E-01	9.55056E+00	2.44316E+00
6.00000E-01	9.83146E+00	2.40424E+00
6.00000E-01	1.01124E+01	2.36475E+00
6.00000E-01	1.03933E+01	2.32736E+00
6.00000E-01	1.06742E+01	2.29158E+00
6.00000E-01	1.09551E+01	2.25478E+00
6.00000E-01	1.12360E+01	2.21859E+00
6.00000E-01	1.15169E+01	2.18407E+00
6.00000E-01	1.17978E+01	2.14952E+00
6.00000E-01	1.20787E+01	2.11446E+00
6.00000E-01	1.23596E+01	2.08069E+00
6.00000E-01	1.26404E+01	2.04812E+00
6.00000E-01	1.29213E+01	2.01520E+00
6.00000E-01	1.32022E+01	1.98261E+00
6.00000E-01	1.34831E+01	1.95132E+00
6.00000E-01	1.37640E+01	1.92060E+00
6.00000E-01	1.40449E+01	1.88957E+00
6.00000E-01	1.43258E+01	1.85945E+00
6.00000E-01	1.46067E+01	1.83040E+00
6.00000E-01	1.48876E+01	1.80157E+00
6.00000E-01	1.51685E+01	1.77276E+00
6.00000E-01	1.54494E+01	1.74496E+00
6.00000E-01	1.57303E+01	1.71793E+00
6.00000E-01	1.60112E+01	1.69102E+00
6.00000E-01	1.62921E+01	1.66460E+00
6.00000E-01	1.65730E+01	1.63903E+00
6.00000E-01	1.68539E+01	1.61386E+00
6.00000E-01	1.71348E+01	1.58894E+00
6.00000E-01	1.74157E+01	1.56457E+00
6.00000E-01	1.76966E+01	1.54094E+00
6.00000E-01	1.79775E+01	1.51762E+00
6.00000E-01	1.82584E+01	1.49464E+00
6.00000E-01	1.85393E+01	1.47240E+00
6.00000E-01	1.88202E+01	1.45089E+00
6.00000E-01	1.91011E+01	1.42962E+00
6.00000E-01	1.93820E+01	1.40868E+00
6.00000E-01	1.96629E+01	1.38831E+00
6.00000E-01	1.99438E+01	1.36831E+00
6.00000E-01	2.02247E+01	1.34855E+00
6.00000E-01	2.05056E+01	1.32922E+00
6.00000E-01	2.07865E+01	1.31038E+00
6.00000E-01	2.10674E+01	1.29184E+00
6.00000E-01	2.13483E+01	1.27361E+00
6.00000E-01	2.16292E+01	1.25585E+00
6.00000E-01	2.19101E+01	1.23846E+00
6.00000E-01	2.21910E+01	1.22137E+00
6.00000E-01	2.24719E+01	1.20461E+00
6.00000E-01	2.27528E+01	1.18824E+00
6.00000E-01	2.30337E+01	1.17212E+00
6.00000E-01	2.33146E+01	1.15618E+00
6.00000E-01	2.35955E+01	1.14049E+00
6.00000E-01	2.38764E+01	1.12513E+00
6.00000E-01	2.41573E+01	1.11022E+00
6.00000E-01	2.44382E+01	1.09565E+00
6.00000E-01	2.47191E+01	1.08129E+00
6.00000E-01	2.50000E+01	1.06721E+00
7.00000E-01	0.00000E+00	9.92004E-01
7.00000E-01	2.80899E-01	1.07677E+00
7.00000E-01	5.61798E-01	1.29482E+00
7.00000E-01	8.42697E-01	1.58777E+00
7.00000E-01	1.12360E+00	1.85681E+00
7.00000E-01	1.40449E+00	2.17239E+00
7.00000E-01	1.68539E+00	2.42958E+00
7.00000E-01	1.96629E+00	2.66741E+00
7.00000E-01	2.24719E+00	2.85000E+00
7.00000E-01	2.52809E+00	2.86895E+00
7.00000E-01	2.80899E+00	2.83689E+00
7.00000E-01	3.08989E+00	2.81502E+00
7.00000E-01	3.37079E+00	2.81457E+00
7.00000E-01	3.65169E+00	2.81907E+00
7.00000E-01	3.93258E+00	2.82645E+00
7.00000E-01	4.21348E+00	2.84385E+00
7.00000E-01	4.49438E+00	2.86121E+00
7.00000E-01	4.77528E+00	2.86560E+00
7.00000E-01	5.05618E+00	2.86328E+00
7.00000E-01	5.33708E+00	2.86407E+00
7.00000E-01	5.61798E+00	2.86401E+00
7.00000E-01	5.89888E+00	2.85285E+00
7.00000E-01	6.17978E+00	2.83956E+00
7.00000E-01	6.46067E+00	2.82540E+00
7.00000E-01	6.74157E+00	2.80272E+00
7.00000E-01	7.02247E+00	2.77420E+00
7.00000E-01	7.30337E+00	2.74649E+00
7.00000E-01	7.58427E+00	2.71797E+00
7.00000E-01	7.86517E+00	2.68246E+00
7.00000E-01	8.14607E+00	2.64576E+00
7.00000E-01	8.42697E+00	2.61025E+00
7.00000E-01	8.70787E+00	2.57322E+00
7.00000E-01	8.98876E+00	2.53284E+00
7.00000E-01	9.26966E+00	2.49396E+00
7.00000E-01	9.55056E+00	2.45649E+00
7.00000E-01	9.83146E+00	2.41738E+00
7.00000E-01	1.01124E+01	2.37773E+00
7.00000E-01	1.03933E+01	2.34013E+00
7.00000E-01	1.06742E+01	2.30408E+00
7.00000E-01	1.09551E+01	2.26713E+00
7.00000E-01	1.12360E+01	2.23077E+00
7.00000E-01	1.15169E+01	2.19602E+00
7.00000E-01	1.17978E+01	2.16127E+00
7.00000E-01	1.20787E+01	2.12606E+00
7.00000E-01	1.23596E+01	2.09211E+00
7.00000E-01	1.26404E+01	2.05931E+00
7.00000E-01	1.29213E+01	2.02624E+00
7.00000E-01	1.32022E+01	1.99349E+00
7.00000E-01	1.34831E+01	1.96201E+00
7.00000E-01	1.37640E+01	1.93110E+00
7.00000E-01	1.40449E+01	1.89993E+00
7.00000E-01	1.43258E+01	1.86965E+00
7.00000E-01	1.46067E+01	1.84043E+00
7.00000E-01	1.48876E+01	1.81143E+00
7.00000E-01	1.51685E+01	1.78249E+00
7.00000E-01	1.54494E+01	1.75454E+00
7.00000E-01	1.57303E+01	1.72734E+00
7.00000E-01	1.60112E+01	1.70029E+00
7.00000E-01	1.62921E+01	1.67373E+00
7.00000E-01	1.65730E+01	1.64801E+00
7.00000E-01	1.68539E+01	1.62270E+00
7.00000E-01	1.71348E+01	1.59766E+00
7.00000E-01	1.74157E+01	1.57315E+00
7.00000E-01	1.76966E+01	1.54939E+00
7.00000E-01	1.79775E+01	1.52594E+00
7.00000E-01	1.82584E+01	1.50284E+00
7.00000E-01	1.85393E+01	1.48048E+00
7.00000E-01	1.88202E+01	1.45884E+00
7.00000E-01	1.91011E+01	1.43746E+00
7.00000E-01	1.93820E+01	1.41641E+00
7.00000E-01	1.96629E+01	1.39592E+00
7.00000E-01	1.99438E+01	1.37581E+00
7.00000E-01	2.02247E+01	1.35595E+00
7.00000E-01	2.05056E+01	1.33652E+00
7.00000E-01	2.07865E+01	1.31756E+00
7.00000E-01	2.10674E+01	1.29893E+00
7.00000E-01	2.13483E+01	1.28060E+00
7.00000E-01	2.16292E+01	1.26274E+00
7.00000E-01	2.19101E+01	1.24526E+00
7.00000E-01	2.21910E+01	1.22807E+00
7.00000E-01	2.24719E+01	1.21122E+00
7.00000E-01	2.27528E+01	1.19476E+00
7.00000E-01	2.30337E+01	1.17855E+00
7.00000E-01	2.33146E+01	1.16252E+00
7.00000E-01	2.35955E+01	1.14675E+00
7.00000E-01	2.38764E+01	1.13131E+00
7.00000E-01	2.41573E+01	1.11632E+00
7.00000E-01	2.44382E+01	1.10166E+00
7.00000E-01	2.47191E+01	1.08722E+00
7.00000E-01	2.50000E+01	1.07306E+00
8.00000E-01	0.00000E+00	9.96836E-01
8.00000E-01	2.80899E-01	1.09425E+00
8.00000E-01	5.61798E-01	1.30372E+00
8.00000E-01	8.42697E-01	1.58990E+00
8.00000E-01	1.12360E+00	1.86271E+00
8.00000E-01	1.40449E+00	2.17332E+00
8.00000E-01	1.68539E+00	2.43125E+00
8.00000E-01	1.96629E+00	2.66725E+00
8.00000E-01	2.24719E+00	2.84518E+00
8.00000E-01	2.52809E+00	2.86694E+00
8.00000E-01	2.80899E+00	2.83562E+00
8.00000E-01	3.08989E+00	2.81428E+00
8.00000E-01	3.37079E+00	2.81337E+00
8.00000E-01	3.65169E+00	2.81790E+00
8.00000E-01	3.93258E+00	2.82549E+00
8.00000E-01	4.21348E+00	2.84267E+00
8.00000E-01	4.49438E+00	2.85964E+00
8.00000E-01	4.77528E+00	2.86411E+00
8.00000E-01	5.05618E+00	2.86203E+00
8.00000E-01	5.33708E+00	2.86274E+00
8.00000E-01	5.61798E+00	2.86236E+00
8.00000E-01	5.89888E+00	2.85144E+00
8.00000E-01	6.17978E+00	2.83817E+00
8.00000E-01	6.46067E+00	2.82381E+00
8.00000E-01	6.74157E+00	2.80119E+00
8.00000E-01	7.02247E+00	2.77284E+00
8.00000E-01	7.30337E+00	2.74510E+00
8.00000E-01	7.58427E+00	2.71640E+00
8.00000E-01	7.86517E+00	2.68108E+00
8.00000E-01	8.14607E+00	2.64444E+00
8.00000E-01	8.42697E+00	2.60890E+00
8.00000E-01	8.70787E+00	2.57182E+00
8.00000E-01	8.98876E+00	2.53159E+00
8.00000E-01	9.26966E+00	2.49272E+00
8.00000E-01	9.55056E+00	2.45519E+00
8.00000E-01	9.83146E+00	2.41613E+00
8.00000E-01	1.01124E+01	2.37656E+00
8.00000E-01	1.03933E+01	2.33897E+00
8.00000E-01	1.06742E+01	2.30287E+00
8.00000E-01	1.09551E+01	2.26599E+00
8.00000E-01	1.12360E+01	2.22967E+00
8.00000E-01	1.15169E+01	2.19490E+00
8.00000E-01	1.17978E+01	2.16015E+00
8.00000E-01	1.20787E+01	2.12501E+00
8.00000E-01	1.23596E+01	2.09107E+00
8.00000E-01	1.26404E+01	2.05826E+00
8.00000E-01	1.29213E+01	2.02522E+00
8.00000E-01	1.32022E+01	1.99251E+00
8.00000E-01	1.34831E+01	1.96103E+00
8.00000E-01	1.37640E+01	1.93011E+00
8.00000E-01	1.40449E+01	1.89900E+00
8.00000E-01	1.43258E+01	1.86873E+00
8.00000E-01	1.46067E+01	1.83950E+00
8.00000E-01	1.48876E+01	1.81052E+00
8.00000E-01	1.51685E+01	1.78162E+00
8.00000E-01	1.54494E+01	1.75367E+00
8.00000E-01	1.57303E+01	1.72647E+00
8.00000E-01	1.60112E+01	1.69945E+00
8.00000E-01	1.62921E+01	1.67291E+00
8.00000E-01	1.65730E+01	1.64719E+00
8.00000E-01	1.68539E+01	1.62189E+00
8.00000E-01	1.71348E+01	1.59687E+00
8.00000E-01	1.74157E+01	1.57238E+00
8.00000E-01	1.76966E+01	1.54862E+00
8.00000E-01	1.79775E+01	1.52518E+00
8.00000E-01	1.82584E+01	1.50210E+00
8.00000E-01	1.85393E+01	1.47976E+00
8.00000E-01	1.88202E+01	1.45811E+00
8.00000E-01	1.91011E+01	1.43675E+00
8.00000E-01	1.93820E+01	1.41572E+00
8.00000E-01	1.96629E+01	1.39524E+00
8.00000E-01	1.99438E+01	1.37513E+00
8.00000E-01	2.02247E+01	1.35528E+00
8.00000E-01	2.05056E+01	1.33586E+00
8.00000E-01	2.07865E+01	1.31691E+00
8.00000E-01	2.10674E+01	1.29829E+00
8.00000E-01	2.13483E+01	1.27998E+00
8.00000E-01	2.16292E+01	1.26212E+00
8.00000E-01	2.19101E+01	1.24464E+00
8.00000E-01	2.21910E+01	1.22747E+00
8.00000E-01	2.24719E+01	1.21062E+00
8.00000E-01	2.27528E+01	1.19417E+00
8.00000E-01	2.30337E+01	1.17796E+00
8.00000E-01	2.33146E+01	1.16195E+00
8.00000E-01	2.35955E+01	1.14618E+00
8.00000E-01	2.38764E+01	1.13076E+00
8.00000E-01	2.41573E+01	1.11577E+00
8.00000E-01	2.44382E+01	1.10112E+00
8.00000E-01	2.47191E+01	1.08669E+00
8.00000E-01	2.50000E+01	1.07253E+00
9.00000E-01	0.00000E+00	1.00202E+00
9.00000E-01	2.80899E-01	1.10523E+00
9.00000E-01	5.61798E-01	1.30863E+00
9.00000E-01	8.42697E-01	1.58600E+00
9.00000E-01	1.12360E+00	1.86035E+00
9.00000E-01	1.40449E+00	2.16491E+00
9.00000E-01	1.68539E+00	2.42209E+00
9.00000E-01	1.96629E+00	2.65506E+00
9.00000E-01	2.24719E+00	2.82753E+00
9.00000E-01	2.52809E+00	2.85178E+00
9.00000E-01	2.80899E+00	2.82167E+00
9.00000E-01	3.08989E+00	2.80095E+00
9.00000E-01	3.37079E+00	2.79962E+00
9.00000E-01	3.65169E+00	2.80414E+00
9.00000E-01	3.93258E+00	2.81191E+00
9.00000E-01	4.21348E+00	2.82876E+00
9.00000E-01	4.49438E+00	2.84524E+00
9.00000E-01	4.77528E+00	2.84979E+00
9.00000E-01	5.05618E+00	2.84797E+00
9.00000E-01	5.33708E+00	2.84859E+00
9.00000E-01	5.61798E+00	2.84788E+00
9.00000E-01	5.89888E+00	2.83725E+00
9.00000E-01	6.17978E+00	2.82406E+00
9.00000E-01	6.46067E+00	2.80956E+00
9.00000E-01	6.74157E+00	2.78709E+00
9.00000E-01	7.02247E+00	2.75905E+00
9.00000E-01	7.30337E+00	2.73141E+00
9.00000E-01	7.58427E+00	2.70266E+00
9.00000E-01	7.86517E+00	2.66768E+00
9.00000E-01	8.14607E+00	2.63127E+00
9.00000E-01	8.42697E+00	2.59585E+00
9.00000E-01	8.70787E+00	2.55888E+00
9.00000E-01	8.98876E+00	2.51899E+00
9.00000E-01	9.26966E+00	2.48032E+00
9.00000E-01	9.55056E+00	2.44288E+00
9.00000E-01	9.83146E+00	2.40405E+00
9.00000E-01	1.01124E+01	2.36475E+00
9.00000E-01	1.03933E+01	2.32734E+00
9.00000E-01	1.06742E+01	2.29135E+00
9.00000E-01	1.09551E+01	2.25470E+00
9.00000E-01	1.12360E+01	2.21859E+00
9.00000E-01	1.15169E+01	2.18395E+00
9.00000E-01	1.17978E+01	2.14936E+00
9.00000E-01	1.20787E+01	2.11444E+00
9.00000E-01	1.23596E+01	2.08068E+00
9.00000E-01	1.26404E+01	2.04798E+00
9.00000E-01	1.29213E+01	2.01512E+00
9.00000E-01	1.32022E+01	1.98261E+00
9.00000E-01	1.34831E+01	1.95127E+00
9.00000E-01	1.37640E+01	1.92048E+00
9.00000E-01	1.40449E+01	1.88955E+00
9.00000E-01	1.43258E+01	1.85944E+00
9.00000E-01	1.46067E+01	1.83034E+00
9.00000E-01	1.48876E+01	1.80149E+00
9.00000E-01	1.51685E+01	1.77276E+00
9.00000E-01	1.54494E+01	1.74495E+00
9.00000E-01	1.57303E+01	1.71787E+00
9.00000E-01	1.60112E+01	1.69099E+00
9.00000E-01	1.62921E+01	1.66460E+00
9.00000E-01	1.65730E+01	1.63899E+00
9.00000E-01	1.68539E+01	1.61382E+00
9.00000E-01	1.71348E+01	1.58892E+00
9.00000E-01	1.74157E+01	1.56457E+00
9.00000E-01	1.76966E+01	1.54091E+00
9.00000E-01	1.79775E+01	1.51759E+00
9.00000E-01	1.82584E+01	1.49464E+00
9.00000E-01	1.85393E+01	1.47240E+00
9.00000E-01	1.88202E+01	1.45086E+00
9.00000E-01	1.91011E+01	1.42960E+00
9.00000E-01	1.93820E+01	1.40868E+00
9.00000E-01	1.96629E+01	1.38830E+00
9.00000E-01	1.99438E+01	1.36829E+00
9.00000E-01	2.02247E+01	1.34854E+00
9.00000E-01	2.05056E+01	1.32922E+00
9.00000E-01	2.07865E+01	1.31036E+00
9.00000E-01	2.10674E+01	1.29183E+00
9.00000E-01	2.13483E+01	1.27362E+00
9.00000E-01	2.16292E+01	1.25584E+00
9.00000E-01	2.19101E+01	1.23846E+00
9.00000E-01	2.21910E+01	1.22137E+00
9.00000E-01	2.24719E+01	1.20461E+00
9.00000E-01	2.27528E+01	1.18823E+00
9.00000E-01	2.30337E+01	1.17211E+00
9.00000E-01	2.33146E+01	1.15617E+00
9.00000E-01	2.35955E+01	1.14049E+00
9.00000E-01	2.38764E+01	1.12514E+00
9.00000E-01	2.41573E+01	1.11023E+00
9.00000E-01	2.44382E+01	1.09565E+00
9.00000E-01	2.47191E+01	1.08129E+00
9.00000E-01	2.50000E+01	1.06720E+00
1.00000E+00	0.00000E+00	1.00723E+00
1.00000E+00	2.80899E-01	1.11135E+00
1.00000E+00	5.61798E-01	1.31113E+00
1.00000E+00	8.42697E-01	1.57806E+00
1.00000E+00	1.12360E+00	1.85190E+00
1.00000E+00	1.40449E+00	2.14981E+00
1.00000E+00	1.68539E+00	2.40504E+00
1.00000E+00	1.96629E+00	2.63407E+00
1.00000E+00	2.24719E+00	2.80064E+00
1.00000E+00	2.52809E+00	2.82704E+00
1.00000E+00	2.80899E+00	2.79852E+00
1.00000E+00	3.08989E+00	2.77849E+00
1.00000E+00	3.37079E+00	2.77679E+00
1.00000E+00	3.65169E+00	2.78126E+00
1.00000E+00	3.93258E+00	2.78917E+00
1.00000E+00	4.21348E+00	2.80562E+00
1.00000E+00	4.49438E+00	2.82157E+00
1.00000E+00	4.77528E+00	2.82618E+00
1.00000E+00	5.05618E+00	2.82463E+00
1.00000E+00	5.33708E+00	2.82514E+00
1.00000E+00	5.61798E+00	2.82412E+00
1.00000E+00	5.89888E+00	2.81379E+00
1.00000E+00	6.17978E+00	2.80074E+00
1.00000E+00	6.46067E+00	2.78613E+00
1.00000E+00	6.74157E+00	2.76390E+00
1.00000E+00	7.02247E+00	2.73626E+00
1.00000E+00	7.30337E+00	2.70881E+00
1.00000E+00	7.58427E+00	2.68010E+00
1.00000E+00	7.86517E+00	2.64557E+00
1.00000E+00	8.14607E+00	2.60952E+00
1.00000E+00	8.42697E+00	2.57432E+00
1.00000E+00	8.70787E+00	2.53760E+00
1.00000E+00	8.98876E+00	2.49817E+00
1.00000E+00	9.26966E+00	2.45982E+00
1.00000E+00	9.55056E+00	2.42261E+00
1.00000E+00	9.83146E+00	2.38413E+00
1.00000E+00	1.01124E+01	2.34523E+00
1.00000E+00	1.03933E+01	2.30812E+00
1.00000E+00	1.06742E+01	2.27236E+00
1.00000E+00	1.09551E+01	2.23605E+00
1.00000E+00	1.12360E+01	2.20027E+00
1.00000E+00	1.15169E+01	2.16588E+00
1.00000E+00	1.17978E+01	2.13157E+00
1.00000E+00	1.20787E+01	2.09698E+00
1.00000E+00	1.23596E+01	2.06349E+00
1.00000E+00	1.26404E+01	2.03103E+00
1.00000E+00	1.29213E+01	1.99846E+00
1.00000E+00	1.32022E+01	1.96624E+00
1.00000E+00	1.34831E+01	1.93514E+00
1.00000E+00	1.37640E+01	1.90459E+00
1.00000E+00	1.40449E+01	1.87395E+00
1.00000E+00	1.43258E+01	1.84409E+00
1.00000E+00	1.46067E+01	1.81521E+00
1.00000E+00	1.48876E+01	1.78659E+00
1.00000E+00	1.51685E+01	1.75813E+00
1.00000E+00	1.54494E+01	1.73054E+00
1.00000E+00	1.57303E+01	1.70367E+00
1.00000E+00	1.60112E+01	1.67702E+00
1.00000E+00	1.62921E+01	1.65086E+00
1.00000E+00	1.65730E+01	1.62545E+00
1.00000E+00	1.68539E+01	1.60049E+00
1.00000E+00	1.71348E+01	1.57580E+00
1.00000E+00	1.74157E+01	1.55165E+00
1.00000E+00	1.76966E+01	1.52818E+00
1.00000E+00	1.79775E+01	1.50506E+00
1.00000E+00	1.82584E+01	1.48231E+00
1.00000E+00	1.85393E+01	1.46025E+00
1.00000E+00	1.88202E+01	1.43888E+00
1.00000E+00	1.91011E+01	1.41780E+00
1.00000E+00	1.93820E+01	1.39706E+00
1.00000E+00	1.96629E+01	1.37683E+00
1.00000E+00	1.99438E+01	1.35699E+00
1.00000E+00	2.02247E+01	1.33741E+00
1.00000E+00	2.05056E+01	1.31825E+00
1.00000E+00	2.07865E+01	1.29954E+00
1.00000E+00	2.10674E+01	1.28116E+00
1.00000E+00	2.13483E+01	1.26311E+00
1.00000E+00	2.16292E+01	1.24548E+00
1.00000E+00	2.19101E+01	1.22823E+00
1.00000E+00	2.21910E+01	1.21128E+00
1.00000E+00	2.24719E+01	1.19467E+00
1.00000E+00	2.27528E+01	1.17842E+00
1.00000E+00	2.30337E+01	1.16243E+00
1.00000E+00	2.33146E+01	1.14663E+00
1.00000E+00	2.35955E+01	1.13108E+00
1.00000E+00	2.38764E+01	1.11586E+00
1.00000E+00	2.41573E+01	1.10106E+00
1.00000E+00	2.44382E+01	1.08660E+00
1.00000E+00	2.47191E+01	1.07236E+00
1.00000E+00	2.50000E+01	1.05839E+00
1.50000E+00	0.00000E+00	1.02911E+00
1.50000E+00	2.80899E-01	1.11757E+00
1.50000E+00	5.61798E-01	1.30588E+00
1.50000E+00	8.42697E-01	1.52053E+00
1.50000E+00	1.12360E+00	1.76779E+00
1.50000E+00	1.40449E+00	2.02864E+00
1.50000E+00	1.68539E+00	2.26362E+00
1.50000E+00	1.96629E+00	2.46599E+00
1.50000E+00	2.24719E+00	2.60287E+00
1.50000E+00	2.52809E+00	2.63595E+00
1.50000E+00	2.80899E+00	2.61813E+00
1.50000E+00	3.08989E+00	2.60231E+00
1.50000E+00	3.37079E+00	2.59951E+00
1.50000E+00	3.65169E+00	2.60351E+00
1.50000E+00	3.93258E+00	2.61170E+00
1.50000E+00	4.21348E+00	2.62572E+00
1.50000E+00	4.49438E+00	2.63872E+00
1.50000E+00	4.77528E+00	2.64350E+00
1.50000E+00	5.05618E+00	2.64320E+00
1.50000E+00	5.33708E+00	2.64313E+00
1.50000E+00	5.61798E+00	2.64084E+00
1.50000E+00	5.89888E+00	2.63198E+00
1.50000E+00	6.17978E+00	2.61985E+00
1.50000E+00	6.46067E+00	2.60520E+00
1.50000E+00	6.74157E+00	2.58462E+00
1.50000E+00	7.02247E+00	2.55955E+00
1.50000E+00	7.30337E+00	2.53365E+00
1.50000E+00	7.58427E+00	2.50606E+00
1.50000E+00	7.86517E+00	2.47436E+00
1.50000E+00	8.14607E+00	2.44099E+00
1.50000E+00	8.42697E+00	2.40774E+00
1.50000E+00	8.70787E+00	2.37318E+00
1.50000E+00	8.98876E+00	2.33687E+00
1.50000E+00	9.26966E+00	2.30103E+00
1.50000E+00	9.55056E+00	2.26587E+00
1.50000E+00	9.83146E+00	2.23001E+00
1.50000E+00	1.01124E+01	2.19396E+00
1.50000E+00	1.03933E+01	2.15921E+00
1.50000E+00	1.06742E+01	2.12548E+00
1.50000E+00	1.09551E+01	2.09169E+00
1.50000E+00	1.12360E+01	2.05835E+00
1.50000E+00	1.15169E+01	2.02600E+00
1.50000E+00	1.17978E+01	1.99385E+00
1.50000E+00	1.20787E+01	1.96170E+00
1.50000E+00	1.23596E+01	1.93038E+00
1.50000E+00	1.26404E+01	1.89986E+00
1.50000E+00	1.29213E+01	1.86946E+00
1.50000E+00	1.32022E+01	1.83944E+00
1.50000E+00	1.34831E+01	1.81027E+00
1.50000E+00	1.37640E+01	1.78160E+00
1.50000E+00	1.40449E+01	1.75307E+00
1.50000E+00	1.43258E+01	1.72518E+00
1.50000E+00	1.46067E+01	1.69806E+00
1.50000E+00	1.48876E+01	1.67128E+00
1.50000E+00	1.51685E+01	1.64476E+00
1.50000E+00	1.54494E+01	1.61894E+00
1.50000E+00	1.57303E+01	1.59373E+00
1.50000E+00	1.60112E+01	1.56885E+00
1.50000E+00	1.62921E+01	1.54442E+00
1.50000E+00	1.65730E+01	1.52061E+00
1.50000E+00	1.68539E+01	1.49723E+00
1.50000E+00	1.71348E+01	1.47418E+00
1.50000E+00	1.74157E+01	1.45162E+00
1.50000E+00	1.76966E+01	1.42962E+00
1.50000E+00	1.79775E+01	1.40799E+00
1.50000E+00	1.82584E+01	1.38676E+00
1.50000E+00	1.85393E+01	1.36613E+00
1.50000E+00	1.88202E+01	1.34608E+00
1.50000E+00	1.91011E+01	1.32637E+00
1.50000E+00	1.93820E+01	1.30700E+00
1.50000E+00	1.96629E+01	1.28806E+00
1.50000E+00	1.99438E+01	1.26948E+00
1.50000E+00	2.02247E+01	1.25119E+00
1.50000E+00	2.05056E+01	1.23327E+00
1.50000E+00	2.07865E+01	1.21576E+00
1.50000E+00	2.10674E+01	1.19857E+00
1.50000E+00	2.13483E+01	1.18169E+00
1.50000E+00	2.16292E+01	1.16519E+00
1.50000E+00	2.19101E+01	1.14905E+00
1.50000E+00	2.21910E+01	1.13320E+00
1.50000E+00	2.24719E+01	1.11766E+00
1.50000E+00	2.27528E+01	1.10245E+00
1.50000E+00	2.30337E+01	1.08748E+00
1.50000E+00	2.33146E+01	1.07271E+00
1.50000E+00	2.35955E+01	1.05817E+00
1.50000E+00	2.38764E+01	1.04395E+00
1.50000E+00	2.41573E+01	1.03010E+00
1.50000E+00	2.44382E+01	1.01656E+00
1.50000E+00	2.47191E+01	1.00324E+00
1.50000E+00	2.50000E+01	9.90172E-01
2.00000E+00	0.00000E+00	1.04388E+00
2.00000E+00	2.80899E-01	1.12320E+00
2.00000E+00	5.61798E-01	1.28049E+00
2.00000E+00	8.42697E-01	1.46980E+00
2.00000E+00	1.12360E+00	1.67596E+00
2.00000E+00	1.40449E+00	1.89522E+00
2.00000E+00	1.68539E+00	2.10007E+00
2.00000E+00	1.96629E+00	2.27237E+00
2.00000E+00	2.24719E+00	2.38492E+00
2.00000E+00	2.52809E+00	2.42059E+00
2.00000E+00	2.80899E+00	2.41361E+00
2.00000E+00	3.08989E+00	2.40283E+00
2.00000E+00	3.37079E+00	2.40024E+00
2.00000E+00	3.65169E+00	2.40385E+00
2.00000E+00	3.93258E+00	2.41172E+00
2.00000E+00	4.21348E+00	2.42334E+00
2.00000E+00	4.49438E+00	2.43378E+00
2.00000E+00	4.77528E+00	2.43845E+00
2.00000E+00	5.05618E+00	2.43899E+00
2.00000E+00	5.33708E+00	2.43844E+00
2.00000E+00	5.61798E+00	2.43542E+00
2.00000E+00	5.89888E+00	2.42759E+00
2.00000E+00	6.17978E+00	2.41641E+00
2.00000E+00	6.46067E+00	2.40223E+00
2.00000E+00	6.74157E+00	2.38338E+00
2.00000E+00	7.02247E+00	2.36085E+00
2.00000E+00	7.30337E+00	2.33681E+00
2.00000E+00	7.58427E+00	2.31090E+00
2.00000E+00	7.86517E+00	2.28204E+00
2.00000E+00	8.14607E+00	2.25158E+00
2.00000E+00	8.42697E+00	2.22069E+00
2.00000E+00	8.70787E+00	2.18874E+00
2.00000E+00	8.98876E+00	2.15564E+00
2.00000E+00	9.26966E+00	2.12265E+00
2.00000E+00	9.55056E+00	2.09000E+00
2.00000E+00	9.83146E+00	2.05702E+00
2.00000E+00	1.01124E+01	2.02405E+00
2.00000E+00	1.03933E+01	1.99198E+00
2.00000E+00	1.06742E+01	1.96069E+00
2.00000E+00	1.09551E+01	1.92961E+00
2.00000E+00	1.12360E+01	1.89895E+00
2.00000E+00	1.15169E+01	1.86899E+00
2.00000E+00	1.17978E+01	1.83931E+00
2.00000E+00	1.20787E+01	1.80980E+00
2.00000E+00	1.23596E+01	1.78092E+00
2.00000E+00	1.26404E+01	1.75265E+00
2.00000E+00	1.29213E+01	1.72466E+00
2.00000E+00	1.32022E+01	1.69706E+00
2.00000E+00	1.34831E+01	1.67010E+00
2.00000E+00	1.37640E+01	1.64360E+00
2.00000E+00	1.40449E+01	1.61737E+00
2.00000E+00	1.43258E+01	1.59167E+00
2.00000E+00	1.46067E+01	1.56659E+00
2.00000E+00	1.48876E+01	1.54187E+00
2.00000E+00	1.51685E+01	1.51749E+00
2.00000E+00	1.54494E+01	1.49366E+00
2.00000E+00	1.57303E+01	1.47036E+00
2.00000E+00	1.60112E+01	1.44743E+00
2.00000E+00	1.62921E+01	1.42493E+00
2.00000E+00	1.65730E+01	1.40294E+00
2.00000E+00	1.68539E+01	1.38136E+00
2.00000E+00	1.71348E+01	1.36012E+00
2.00000E+00	1.74157E+01	1.33932E+00
2.00000E+00	1.76966E+01	1.31900E+00
2.00000E+00	1.79775E+01	1.29906E+00
2.00000E+00	1.82584E+01	1.27951E+00
2.00000E+00	1.85393E+01	1.26048E+00
2.00000E+00	1.88202E+01	1.24194E+00
2.00000E+00	1.91011E+01	1.22376E+00
2.00000E+00	1.93820E+01	1.20590E+00
2.00000E+00	1.96629E+01	1.18842E+00
2.00000E+00	1.99438E+01	1.17127E+00
2.00000E+00	2.02247E+01	1.15441E+00
2.00000E+00	2.05056E+01	1.13789E+00
2.00000E+00	2.07865E+01	1.12172E+00
2.00000E+00	2.10674E+01	1.10586E+00
2.00000E+00	2.13483E+01	1.09030E+00
2.00000E+00	2.16292E+01	1.07508E+00
2.00000E+00	2.19101E+01	1.06018E+00
2.00000E+00	2.21910E+01	1.04556E+00
2.00000E+00	2.24719E+01	1.03123E+00
2.00000E+00	2.27528E+01	1.01718E+00
2.00000E+00	2.30337E+01	1.00336E+00
2.00000E+00	2.33146E+01	9.89743E-01
2.00000E+00	2.35955E+01	9.76352E-01
2.00000E+00	2.38764E+01	9.63245E-01
2.00000E+00	2.41573E+01	9.50456E-01
2.00000E+00	2.44382E+01	9.37946E-01
2.00000E+00	2.47191E+01	9.25665E-01
2.00000E+00	2.50000E+01	9.13603E-01
2.50000E+00	0.00000E+00	1.05451E+00
2.50000E+00	2.80899E-01	1.12682E+00
2.50000E+00	5.61798E-01	1.25158E+00
2.50000E+00	8.42697E-01	1.42334E+00
2.50000E+00	1.12360E+00	1.59923E+00
2.50000E+00	1.40449E+00	1.77877E+00
2.50000E+00	1.68539E+00	1.94898E+00
2.50000E+00	1.96629E+00	2.09127E+00
2.50000E+00	2.24719E+00	2.18431E+00
2.50000E+00	2.52809E+00	2.22033E+00
2.50000E+00	2.80899E+00	2.22191E+00
2.50000E+00	3.08989E+00	2.21634E+00
2.50000E+00	3.37079E+00	2.21501E+00
2.50000E+00	3.65169E+00	2.21857E+00
2.50000E+00	3.93258E+00	2.22581E+00
2.50000E+00	4.21348E+00	2.23545E+00
2.50000E+00	4.49438E+00	2.24392E+00
2.50000E+00	4.77528E+00	2.24829E+00
2.50000E+00	5.05618E+00	2.24923E+00
2.50000E+00	5.33708E+00	2.24838E+00
2.50000E+00	5.61798E+00	2.24500E+00
2.50000E+00	5.89888E+00	2.23785E+00
2.50000E+00	6.17978E+00	2.22747E+00
2.50000E+00	6.46067E+00	2.21399E+00
2.50000E+00	6.74157E+00	2.19672E+00
2.50000E+00	7.02247E+00	2.17632E+00
2.50000E+00	7.30337E+00	2.15408E+00
2.50000E+00	7.58427E+00	2.12999E+00
2.50000E+00	7.86517E+00	2.10361E+00
2.50000E+00	8.14607E+00	2.07577E+00
2.50000E+00	8.42697E+00	2.04721E+00
2.50000E+00	8.70787E+00	2.01776E+00
2.50000E+00	8.98876E+00	1.98750E+00
2.50000E+00	9.26966E+00	1.95717E+00
2.50000E+00	9.55056E+00	1.92698E+00
2.50000E+00	9.83146E+00	1.89666E+00
2.50000E+00	1.01124E+01	1.86646E+00
2.50000E+00	1.03933E+01	1.83691E+00
2.50000E+00	1.06742E+01	1.80797E+00
2.50000E+00	1.09551E+01	1.77935E+00
2.50000E+00	1.12360E+01	1.75115E+00
2.50000E+00	1.15169E+01	1.72346E+00
2.50000E+00	1.17978E+01	1.69608E+00
2.50000E+00	1.20787E+01	1.66897E+00
2.50000E+00	1.23596E+01	1.64235E+00
2.50000E+00	1.26404E+01	1.61623E+00
2.50000E+00	1.29213E+01	1.59045E+00
2.50000E+00	1.32022E+01	1.56505E+00
2.50000E+00	1.34831E+01	1.54017E+00
2.50000E+00	1.37640E+01	1.51571E+00
2.50000E+00	1.40449E+01	1.49158E+00
2.50000E+00	1.43258E+01	1.46791E+00
2.50000E+00	1.46067E+01	1.44474E+00
2.50000E+00	1.48876E+01	1.42195E+00
2.50000E+00	1.51685E+01	1.39951E+00
2.50000E+00	1.54494E+01	1.37755E+00
2.50000E+00	1.57303E+01	1.35604E+00
2.50000E+00	1.60112E+01	1.33491E+00
2.50000E+00	1.62921E+01	1.31417E+00
2.50000E+00	1.65730E+01	1.29388E+00
2.50000E+00	1.68539E+01	1.27397E+00
2.50000E+00	1.71348E+01	1.25442E+00
2.50000E+00	1.74157E+01	1.23525E+00
2.50000E+00	1.76966E+01	1.21650E+00
2.50000E+00	1.79775E+01	1.19812E+00
2.50000E+00	1.82584E+01	1.18012E+00
2.50000E+00	1.85393E+01	1.16257E+00
2.50000E+00	1.88202E+01	1.14545E+00
2.50000E+00	1.91011E+01	1.12867E+00
2.50000E+00	1.93820E+01	1.11221E+00
2.50000E+00	1.96629E+01	1.09609E+00
2.50000E+00	1.99438E+01	1.08027E+00
2.50000E+00	2.02247E+01	1.06473E+00
2.50000E+00	2.05056E+01	1.04950E+00
2.50000E+00	2.07865E+01	1.03459E+00
2.50000E+00	2.10674E+01	1.01996E+00
2.50000E+00	2.13483E+01	1.00562E+00
2.50000E+00	2.16292E+01	9.91585E-01
2.50000E+00	2.19101E+01	9.77836E-01
2.50000E+00	2.21910E+01	9.64356E-01
2.50000E+00	2.24719E+01	9.51137E-01
2.50000E+00	2.27528E+01	9.38170E-01
2.50000E+00	2.30337E+01	9.25421E-01
2.50000E+00	2.33146E+01	9.12870E-01
2.50000E+00	2.35955E+01	9.00535E-01
2.50000E+00	2.38764E+01	8.88457E-01
2.50000E+00	2.41573E+01	8.76657E-01
2.50000E+00	2.44382E+01	8.65110E-01
2.50000E+00	2.47191E+01	8.53781E-01
2.50000E+00	2.50000E+01	8.42658E-01
3.00000E+00	0.00000E+00	1.06257E+00
3.00000E+00	2.80899E-01	1.12826E+00
3.00000E+00	5.61798E-01	1.22902E+00
3.00000E+00	8.42697E-01	1.37715E+00
3.00000E+00	1.12360E+00	1.53279E+00
3.00000E+00	1.40449E+00	1.68179E+00
3.00000E+00	1.68539E+00	1.81952E+00
3.00000E+00	1.96629E+00	1.93380E+00
3.00000E+00	2.24719E+00	2.00997E+00
3.00000E+00	2.52809E+00	2.04433E+00
3.00000E+00	2.80899E+00	2.05164E+00
3.00000E+00	3.08989E+00	2.05068E+00
3.00000E+00	3.37079E+00	2.05111E+00
3.00000E+00	3.65169E+00	2.05493E+00
3.00000E+00	3.93258E+00	2.06158E+00
3.00000E+00	4.21348E+00	2.06968E+00
3.00000E+00	4.49438E+00	2.07671E+00
3.00000E+00	4.77528E+00	2.08068E+00
3.00000E+00	5.05618E+00	2.08175E+00
3.00000E+00	5.33708E+00	2.08072E+00
3.00000E+00	5.61798E+00	2.07719E+00
3.00000E+00	5.89888E+00	2.07050E+00
3.00000E+00	6.17978E+00	2.06079E+00
3.00000E+00	6.46067E+00	2.04809E+00
3.00000E+00	6.74157E+00	2.03218E+00
3.00000E+00	7.02247E+00	2.01354E+00
3.00000E+00	7.30337E+00	1.99297E+00
3.00000E+00	7.58427E+00	1.97059E+00
3.00000E+00	7.86517E+00	1.94635E+00
3.00000E+00	8.14607E+00	1.92077E+00
3.00000E+00	8.42697E+00	1.89435E+00
3.00000E+00	8.70787E+00	1.86715E+00
3.00000E+00	8.98876E+00	1.83934E+00
3.00000E+00	9.26966E+00	1.81136E+00
3.00000E+00	9.55056E+00	1.78341E+00
3.00000E+00	9.83146E+00	1.75545E+00
3.00000E+00	1.01124E+01	1.72765E+00
3.00000E+00	1.03933E+01	1.70033E+00
3.00000E+00	1.06742E+01	1.67351E+00
3.00000E+00	1.09551E+01	1.64705E+00
3.00000E+00	1.12360E+01	1.62098E+00
3.00000E+00	1.15169E+01	1.59533E+00
3.00000E+00	1.17978E+01	1.56999E+00
3.00000E+00	1.20787E+01	1.54496E+00
3.00000E+00	1.23596E+01	1.52034E+00
3.00000E+00	1.26404E+01	1.49615E+00
3.00000E+00	1.29213E+01	1.47231E+00
3.00000E+00	1.32022E+01	1.44883E+00
3.00000E+00	1.34831E+01	1.42580E+00
3.00000E+00	1.37640E+01	1.40315E+00
3.00000E+00	1.40449E+01	1.38085E+00
3.00000E+00	1.43258E+01	1.35896E+00
3.00000E+00	1.46067E+01	1.33749E+00
3.00000E+00	1.48876E+01	1.31640E+00
3.00000E+00	1.51685E+01	1.29566E+00
3.00000E+00	1.54494E+01	1.27534E+00
3.00000E+00	1.57303E+01	1.25542E+00
3.00000E+00	1.60112E+01	1.23587E+00
3.00000E+00	1.62921E+01	1.21669E+00
3.00000E+00	1.65730E+01	1.19790E+00
3.00000E+00	1.68539E+01	1.17947E+00
3.00000E+00	1.71348E+01	1.16138E+00
3.00000E+00	1.74157E+01	1.14365E+00
3.00000E+00	1.76966E+01	1.12629E+00
3.00000E+00	1.79775E+01	1.10929E+00
3.00000E+00	1.82584E+01	1.09264E+00
3.00000E+00	1.85393E+01	1.07640E+00
3.00000E+00	1.88202E+01	1.06053E+00
3.00000E+00	1.91011E+01	1.04500E+00
3.00000E+00	1.93820E+01	1.02977E+00
3.00000E+00	1.96629E+01	1.01483E+00
3.00000E+00	1.99438E+01	1.00019E+00
3.00000E+00	2.02247E+01	9.85813E-01
3.00000E+00	2.05056E+01	9.71720E-01
3.00000E+00	2.07865E+01	9.57910E-01
3.00000E+00	2.10674E+01	9.44372E-01
3.00000E+00	2.13483E+01	9.31103E-01
3.00000E+00	2.16292E+01	9.18107E-01
3.00000E+00	2.19101E+01	9.05377E-01
3.00000E+00	2.21910E+01	8.92896E-01
3.00000E+00	2.24719E+01	8.80656E-01
3.00000E+00	2.27528E+01	8.68645E-01
3.00000E+00	2.30337E+01	8.56839E-01
3.00000E+00	2.33146E+01	8.45227E-01
3.00000E+00	2.35955E+01	8.33820E-01
3.00000E+00	2.38764E+01	8.22646E-01
3.00000E+00	2.41573E+01	8.11718E-01
3.00000E+00	2.44382E+01	8.01021E-01
3.00000E+00	2.47191E+01	7.90530E-01
3.00000E+00	2.50000E+01	7.80235E-01
3.50000E+00	0.00000E+00	1.06865E+00
3.50000E+00	2.80899E-01	1.12808E+00
3.50000E+00	5.61798E-01	1.21305E+00
3.50000E+00	8.42697E-01	1.33439E+00
3.50000E+00	1.12360E+00	1.47170E+00
3.50000E+00	1.40449E+00	1.59929E+00
3.50000E+00	1.68539E+00	1.71135E+00
3.50000E+00	1.96629E+00	1.80204E+00
3.50000E+00	2.24719E+00	1.86342E+00
3.50000E+00	2.52809E+00	1.89437E+00
3.50000E+00	2.80899E+00	1.90467E+00
3.50000E+00	3.08989E+00	1.90707E+00
3.50000E+00	3.37079E+00	1.90921E+00
3.50000E+00	3.65169E+00	1.91342E+00
3.50000E+00	3.93258E+00	1.91959E+00
3.50000E+00	4.21348E+00	1.92658E+00
3.50000E+00	4.49438E+00	1.93255E+00
3.50000E+00	4.77528E+00	1.93611E+00
3.50000E+00	5.05618E+00	1.93716E+00
3.50000E+00	5.33708E+00	1.93602E+00
3.50000E+00	5.61798E+00	1.93247E+00
3.50000E+00	5.89888E+00	1.92612E+00
3.50000E+00	6.17978E+00	1.91697E+00
3.50000E+00	6.46067E+00	1.90503E+00
3.50000E+00	6.74157E+00	1.89029E+00
3.50000E+00	7.02247E+00	1.87311E+00
3.50000E+00	7.30337E+00	1.85401E+00
3.50000E+00	7.58427E+00	1.83320E+00
3.50000E+00	7.86517E+00	1.81078E+00
3.50000E+00	8.14607E+00	1.78712E+00
3.50000E+00	8.42697E+00	1.76261E+00
3.50000E+00	8.70787E+00	1.73740E+00
3.50000E+00	8.98876E+00	1.71166E+00
3.50000E+00	9.26966E+00	1.68573E+00
3.50000E+00	9.55056E+00	1.65977E+00
3.50000E+00	9.83146E+00	1.63384E+00
3.50000E+00	1.01124E+01	1.60808E+00
3.50000E+00	1.03933E+01	1.58270E+00
3.50000E+00	1.06742E+01	1.55774E+00
3.50000E+00	1.09551E+01	1.53314E+00
3.50000E+00	1.12360E+01	1.50890E+00
3.50000E+00	1.15169E+01	1.48502E+00
3.50000E+00	1.17978E+01	1.46145E+00
3.50000E+00	1.20787E+01	1.43819E+00
3.50000E+00	1.23596E+01	1.41530E+00
3.50000E+00	1.26404E+01	1.39278E+00
3.50000E+00	1.29213E+01	1.37061E+00
3.50000E+00	1.32022E+01	1.34879E+00
3.50000E+00	1.34831E+01	1.32735E+00
3.50000E+00	1.37640E+01	1.30627E+00
3.50000E+00	1.40449E+01	1.28554E+00
3.50000E+00	1.43258E+01	1.26518E+00
3.50000E+00	1.46067E+01	1.24520E+00
3.50000E+00	1.48876E+01	1.22557E+00
3.50000E+00	1.51685E+01	1.20629E+00
3.50000E+00	1.54494E+01	1.18737E+00
3.50000E+00	1.57303E+01	1.16883E+00
3.50000E+00	1.60112E+01	1.15064E+00
3.50000E+00	1.62921E+01	1.13280E+00
3.50000E+00	1.65730E+01	1.11531E+00
3.50000E+00	1.68539E+01	1.09816E+00
3.50000E+00	1.71348E+01	1.08133E+00
3.50000E+00	1.74157E+01	1.06483E+00
3.50000E+00	1.76966E+01	1.04868E+00
3.50000E+00	1.79775E+01	1.03286E+00
3.50000E+00	1.82584E+01	1.01738E+00
3.50000E+00	1.85393E+01	1.00225E+00
3.50000E+00	1.88202E+01	9.87476E-01
3.50000E+00	1.91011E+01	9.73008E-01
3.50000E+00	1.93820E+01	9.58828E-01
3.50000E+00	1.96629E+01	9.44926E-01
3.50000E+00	1.99438E+01	9.31291E-01
3.50000E+00	2.02247E+01	9.17914E-01
3.50000E+00	2.05056E+01	9.04797E-01
3.50000E+00	2.07865E+01	8.91942E-01
3.50000E+00	2.10674E+01	8.79341E-01
3.50000E+00	2.13483E+01	8.66991E-01
3.50000E+00	2.16292E+01	8.54893E-01
3.50000E+00	2.19101E+01	8.43038E-01
3.50000E+00	2.21910E+01	8.31417E-01
3.50000E+00	2.24719E+01	8.20019E-01
3.50000E+00	2.27528E+01	8.08832E-01
3.50000E+00	2.30337E+01	7.97840E-01
3.50000E+00	2.33146E+01	7.87035E-01
3.50000E+00	2.35955E+01	7.76426E-01
3.50000E+00	2.38764E+01	7.66029E-01
3.50000E+00	2.41573E+01	7.55853E-01
3.50000E+00	2.44382E+01	7.45889E-01
3.50000E+00	2.47191E+01	7.36120E-01
3.50000E+00	2.50000E+01	7.26537E-01
4.00000E+00	0.00000E+00	1.07307E+00
4.00000E+00	2.80899E-01	1.12664E+00
4.00000E+00	5.61798E-01	1.19981E+00
4.00000E+00	8.42697E-01	1.29752E+00
4.00000E+00	1.12360E+00	1.41554E+00
4.00000E+00	1.40449E+00	1.52685E+00
4.00000E+00	1.68539E+00	1.62058E+00
4.00000E+00	1.96629E+00	1.69339E+00
4.00000E+00	2.24719E+00	1.74258E+00
4.00000E+00	2.52809E+00	1.76923E+00
4.00000E+00	2.80899E+00	1.78035E+00
4.00000E+00	3.08989E+00	1.78468E+00
4.00000E+00	3.37079E+00	1.78800E+00
4.00000E+00	3.65169E+00	1.79250E+00
4.00000E+00	3.93258E+00	1.79827E+00
4.00000E+00	4.21348E+00	1.80441E+00
4.00000E+00	4.49438E+00	1.80958E+00
4.00000E+00	4.77528E+00	1.81277E+00
4.00000E+00	5.05618E+00	1.81372E+00
4.00000E+00	5.33708E+00	1.81251E+00
4.00000E+00	5.61798E+00	1.80899E+00
4.00000E+00	5.89888E+00	1.80292E+00
4.00000E+00	6.17978E+00	1.79426E+00
4.00000E+00	6.46067E+00	1.78303E+00
4.00000E+00	6.74157E+00	1.76928E+00
4.00000E+00	7.02247E+00	1.75331E+00
4.00000E+00	7.30337E+00	1.73550E+00
4.00000E+00	7.58427E+00	1.71608E+00
4.00000E+00	7.86517E+00	1.69522E+00
4.00000E+00	8.14607E+00	1.67321E+00
4.00000E+00	8.42697E+00	1.65036E+00
4.00000E+00	8.70787E+00	1.62686E+00
4.00000E+00	8.98876E+00	1.60290E+00
4.00000E+00	9.26966E+00	1.57873E+00
4.00000E+00	9.55056E+00	1.55449E+00
4.00000E+00	9.83146E+00	1.53030E+00
4.00000E+00	1.01124E+01	1.50628E+00
4.00000E+00	1.03933E+01	1.48257E+00
4.00000E+00	1.06742E+01	1.45921E+00
4.00000E+00	1.09551E+01	1.43620E+00
4.00000E+00	1.12360E+01	1.41351E+00
4.00000E+00	1.15169E+01	1.39115E+00
4.00000E+00	1.17978E+01	1.36910E+00
4.00000E+00	1.20787E+01	1.34734E+00
4.00000E+00	1.23596E+01	1.32592E+00
4.00000E+00	1.26404E+01	1.30484E+00
4.00000E+00	1.29213E+01	1.28409E+00
4.00000E+00	1.32022E+01	1.26367E+00
4.00000E+00	1.34831E+01	1.24360E+00
4.00000E+00	1.37640E+01	1.22387E+00
4.00000E+00	1.40449E+01	1.20446E+00
4.00000E+00	1.43258E+01	1.18540E+00
4.00000E+00	1.46067E+01	1.16669E+00
4.00000E+00	1.48876E+01	1.14832E+00
4.00000E+00	1.51685E+01	1.13027E+00
4.00000E+00	1.54494E+01	1.11256E+00
4.00000E+00	1.57303E+01	1.09520E+00
4.00000E+00	1.60112E+01	1.07817E+00
4.00000E+00	1.62921E+01	1.06146E+00
4.00000E+00	1.65730E+01	1.04508E+00
4.00000E+00	1.68539E+01	1.02901E+00
4.00000E+00	1.71348E+01	1.01326E+00
4.00000E+00	1.74157E+01	9.97811E-01
4.00000E+00	1.76966E+01	9.82683E-01
4.00000E+00	1.79775E+01	9.67870E-01
4.00000E+00	1.82584E+01	9.53378E-01
4.00000E+00	1.85393E+01	9.39211E-01
4.00000E+00	1.88202E+01	9.25360E-01
4.00000E+00	1.91011E+01	9.11802E-01
4.00000E+00	1.93820E+01	8.98515E-01
4.00000E+00	1.96629E+01	8.85490E-01
4.00000E+00	1.99438E+01	8.72716E-01
4.00000E+00	2.02247E+01	8.60187E-01
4.00000E+00	2.05056E+01	8.47901E-01
4.00000E+00	2.07865E+01	8.35859E-01
4.00000E+00	2.10674E+01	8.24055E-01
4.00000E+00	2.13483E+01	8.12486E-01
4.00000E+00	2.16292E+01	8.01151E-01
4.00000E+00	2.19101E+01	7.90043E-01
4.00000E+00	2.21910E+01	7.79153E-01
4.00000E+00	2.24719E+01	7.68471E-01
4.00000E+00	2.27528E+01	7.57986E-01
4.00000E+00	2.30337E+01	7.47687E-01
4.00000E+00	2.33146E+01	7.37568E-01
4.00000E+00	2.35955E+01	7.27635E-01
4.00000E+00	2.38764E+01	7.17899E-01
4.00000E+00	2.41573E+01	7.08364E-01
4.00000E+00	2.44382E+01	6.99026E-01
4.00000E+00	2.47191E+01	6.89871E-01
4.00000E+00	2.50000E+01	6.80893E-01
5.00000E+00	0.00000E+00	1.07782E+00
5.00000E+00	2.80899E-01	1.12095E+00
5.00000E+00	5.61798E-01	1.17608E+00
5.00000E+00	8.42697E-01	1.24180E+00
5.00000E+00	1.12360E+00	1.32217E+00
5.00000E+00	1.40449E+00	1.40553E+00
5.00000E+00	1.68539E+00	1.47621E+00
5.00000E+00	1.96629E+00	1.52826E+00
5.00000E+00	2.24719E+00	1.56207E+00
5.00000E+00	2.52809E+00	1.58118E+00
5.00000E+00	2.80899E+00	1.59068E+00
5.00000E+00	3.08989E+00	1.59559E+00
5.00000E+00	3.37079E+00	1.59934E+00
5.00000E+00	3.65169E+00	1.60347E+00
5.00000E+00	3.93258E+00	1.60816E+00
5.00000E+00	4.21348E+00	1.61286E+00
5.00000E+00	4.49438E+00	1.61676E+00
5.00000E+00	4.77528E+00	1.61919E+00
5.00000E+00	5.05618E+00	1.61981E+00
5.00000E+00	5.33708E+00	1.61849E+00
5.00000E+00	5.61798E+00	1.61508E+00
5.00000E+00	5.89888E+00	1.60947E+00
5.00000E+00	6.17978E+00	1.60163E+00
5.00000E+00	6.46067E+00	1.59158E+00
5.00000E+00	6.74157E+00	1.57942E+00
5.00000E+00	7.02247E+00	1.56537E+00
5.00000E+00	7.30337E+00	1.54966E+00
5.00000E+00	7.58427E+00	1.53251E+00
5.00000E+00	7.86517E+00	1.51413E+00
5.00000E+00	8.14607E+00	1.49475E+00
5.00000E+00	8.42697E+00	1.47459E+00
5.00000E+00	8.70787E+00	1.45385E+00
5.00000E+00	8.98876E+00	1.43270E+00
5.00000E+00	9.26966E+00	1.41133E+00
5.00000E+00	9.55056E+00	1.38987E+00
5.00000E+00	9.83146E+00	1.36844E+00
5.00000E+00	1.01124E+01	1.34715E+00
5.00000E+00	1.03933E+01	1.32607E+00
5.00000E+00	1.06742E+01	1.30527E+00
5.00000E+00	1.09551E+01	1.28475E+00
5.00000E+00	1.12360E+01	1.26452E+00
5.00000E+00	1.15169E+01	1.24457E+00
5.00000E+00	1.17978E+01	1.22489E+00
5.00000E+00	1.20787E+01	1.20549E+00
5.00000E+00	1.23596E+01	1.18638E+00
5.00000E+00	1.26404E+01	1.16757E+00
5.00000E+00	1.29213E+01	1.14905E+00
5.00000E+00	1.32022E+01	1.13083E+00
5.00000E+00	1.34831E+01	1.11290E+00
5.00000E+00	1.37640E+01	1.09528E+00
5.00000E+00	1.40449E+01	1.07796E+00
5.00000E+00	1.43258E+01	1.06094E+00
5.00000E+00	1.46067E+01	1.04422E+00
5.00000E+00	1.48876E+01	1.02780E+00
5.00000E+00	1.51685E+01	1.01169E+00
5.00000E+00	1.54494E+01	9.95868E-01
5.00000E+00	1.57303E+01	9.80349E-01
5.00000E+00	1.60112E+01	9.65126E-01
5.00000E+00	1.62921E+01	9.50194E-01
5.00000E+00	1.65730E+01	9.35551E-01
5.00000E+00	1.68539E+01	9.21190E-01
5.00000E+00	1.71348E+01	9.07109E-01
5.00000E+00	1.74157E+01	8.93309E-01
5.00000E+00	1.76966E+01	8.79789E-01
5.00000E+00	1.79775E+01	8.66552E-01
5.00000E+00	1.82584E+01	8.53598E-01
5.00000E+00	1.85393E+01	8.40925E-01
5.00000E+00	1.88202E+01	8.28527E-01
5.00000E+00	1.91011E+01	8.16389E-01
5.00000E+00	1.93820E+01	8.04497E-01
5.00000E+00	1.96629E+01	7.92841E-01
5.00000E+00	1.99438E+01	7.81412E-01
5.00000E+00	2.02247E+01	7.70205E-01
5.00000E+00	2.05056E+01	7.59216E-01
5.00000E+00	2.07865E+01	7.48444E-01
5.00000E+00	2.10674E+01	7.37884E-01
5.00000E+00	2.13483E+01	7.27534E-01
5.00000E+00	2.16292E+01	7.17390E-01
5.00000E+00	2.19101E+01	7.07447E-01
5.00000E+00	2.21910E+01	6.97697E-01
5.00000E+00	2.24719E+01	6.88133E-01
5.00000E+00	2.27528E+01	6.78746E-01
5.00000E+00	2.30337E+01	6.69530E-01
5.00000E+00	2.33146E+01	6.60481E-01
5.00000E+00	2.35955E+01	6.51601E-01
5.00000E+00	2.38764E+01	6.42894E-01
5.00000E+00	2.41573E+01	6.34362E-01
5.00000E+00	2.44382E+01	6.26002E-01
5.00000E+00	2.47191E+01	6.17807E-01
5.00000E+00	2.50000E+01	6.09774E-01
6.00000E+00	0.00000E+00	1.07852E+00
6.00000E+00	2.80899E-01	1.11296E+00
6.00000E+00	5.61798E-01	1.15484E+00
6.00000E+00	8.42697E-01	1.20205E+00
6.00000E+00	1.12360E+00	1.25458E+00
6.00000E+00	1.40449E+00	1.31337E+00
6.00000E+00	1.68539E+00	1.36753E+00
6.00000E+00	1.96629E+00	1.40924E+00
6.00000E+00	2.24719E+00	1.43669E+00
6.00000E+00	2.52809E+00	1.45231E+00
6.00000E+00	2.80899E+00	1.46019E+00
6.00000E+00	3.08989E+00	1.46416E+00
6.00000E+00	3.37079E+00	1.46685E+00
6.00000E+00	3.65169E+00	1.46957E+00
6.00000E+00	3.93258E+00	1.47260E+00
6.00000E+00	4.21348E+00	1.47563E+00
6.00000E+00	4.49438E+00	1.47812E+00
6.00000E+00	4.77528E+00	1.47956E+00
6.00000E+00	5.05618E+00	1.47959E+00
6.00000E+00	5.33708E+00	1.47798E+00
6.00000E+00	5.61798E+00	1.47457E+00
6.00000E+00	5.89888E+00	1.46927E+00
6.00000E+00	6.17978E+00	1.46203E+00
6.00000E+00	6.46067E+00	1.45288E+00
6.00000E+00	6.74157E+00	1.44192E+00
6.00000E+00	7.02247E+00	1.42929E+00
6.00000E+00	7.30337E+00	1.41518E+00
6.00000E+00	7.58427E+00	1.39978E+00
6.00000E+00	7.86517E+00	1.38328E+00
6.00000E+00	8.14607E+00	1.36587E+00
6.00000E+00	8.42697E+00	1.34775E+00
6.00000E+00	8.70787E+00	1.32908E+00
6.00000E+00	8.98876E+00	1.31004E+00
6.00000E+00	9.26966E+00	1.29076E+00
6.00000E+00	9.55056E+00	1.27138E+00
6.00000E+00	9.83146E+00	1.25200E+00
6.00000E+00	1.01124E+01	1.23271E+00
6.00000E+00	1.03933E+01	1.21358E+00
6.00000E+00	1.06742E+01	1.19467E+00
6.00000E+00	1.09551E+01	1.17599E+00
6.00000E+00	1.12360E+01	1.15755E+00
6.00000E+00	1.15169E+01	1.13936E+00
6.00000E+00	1.17978E+01	1.12142E+00
6.00000E+00	1.20787E+01	1.10373E+00
6.00000E+00	1.23596E+01	1.08630E+00
6.00000E+00	1.26404E+01	1.06913E+00
6.00000E+00	1.29213E+01	1.05223E+00
6.00000E+00	1.32022E+01	1.03559E+00
6.00000E+00	1.34831E+01	1.01923E+00
6.00000E+00	1.37640E+01	1.00314E+00
6.00000E+00	1.40449E+01	9.87317E-01
6.00000E+00	1.43258E+01	9.71770E-01
6.00000E+00	1.46067E+01	9.56498E-01
6.00000E+00	1.48876E+01	9.41498E-01
6.00000E+00	1.51685E+01	9.26769E-01
6.00000E+00	1.54494E+01	9.12313E-01
6.00000E+00	1.57303E+01	8.98127E-01
6.00000E+00	1.60112E+01	8.84210E-01
6.00000E+00	1.62921E+01	8.70557E-01
6.00000E+00	1.65730E+01	8.57167E-01
6.00000E+00	1.68539E+01	8.44036E-01
6.00000E+00	1.71348E+01	8.31162E-01
6.00000E+00	1.74157E+01	8.18545E-01
6.00000E+00	1.76966E+01	8.06183E-01
6.00000E+00	1.79775E+01	7.94078E-01
6.00000E+00	1.82584E+01	7.82227E-01
6.00000E+00	1.85393E+01	7.70629E-01
6.00000E+00	1.88202E+01	7.59276E-01
6.00000E+00	1.91011E+01	7.48159E-01
6.00000E+00	1.93820E+01	7.37269E-01
6.00000E+00	1.96629E+01	7.26595E-01
6.00000E+00	1.99438E+01	7.16131E-01
6.00000E+00	2.02247E+01	7.05871E-01
6.00000E+00	2.05056E+01	6.95812E-01
6.00000E+00	2.07865E+01	6.85951E-01
6.00000E+00	2.10674E+01	6.76283E-01
6.00000E+00	2.13483E+01	6.66806E-01
6.00000E+00	2.16292E+01	6.57516E-01
6.00000E+00	2.19101E+01	6.48408E-01
6.00000E+00	2.21910E+01	6.39476E-01
6.00000E+00	2.24719E+01	6.30714E-01
6.00000E+00	2.27528E+01	6.22116E-01
6.00000E+00	2.30337E+01	6.13676E-01
6.00000E+00	2.33146E+01	6.05393E-01
6.00000E+00	2.35955E+01	5.97266E-01
6.00000E+00	2.38764E+01	5.89297E-01
6.00000E+00	2.41573E+01	5.81484E-01
6.00000E+00	2.44382E+01	5.73827E-01
6.00000E+00	2.47191E+01	5.66322E-01
6.00000E+00	2.50000E+01	5.58966E-01
7.00000E+00	0.00000E+00	1.07658E+00
7.00000E+00	2.80899E-01	1.10403E+00
7.00000E+00	5.61798E-01	1.13607E+00
7.00000E+00	8.42697E-01	1.17092E+00
7.00000E+00	1.12360E+00	1.20724E+00
7.00000E+00	1.40449E+00	1.24639E+00
7.00000E+00	1.68539E+00	1.28636E+00
7.00000E+00	1.96629E+00	1.32025E+00
7.00000E+00	2.24719E+00	1.34465E+00
7.00000E+00	2.52809E+00	1.35969E+00
7.00000E+00	2.80899E+00	1.36766E+00
7.00000E+00	3.08989E+00	1.37143E+00
7.00000E+00	3.37079E+00	1.37326E+00
7.00000E+00	3.65169E+00	1.37453E+00
7.00000E+00	3.93258E+00	1.37576E+00
7.00000E+00	4.21348E+00	1.37694E+00
7.00000E+00	4.49438E+00	1.37777E+00
7.00000E+00	4.77528E+00	1.37789E+00
7.00000E+00	5.05618E+00	1.37698E+00
7.00000E+00	5.33708E+00	1.37478E+00
7.00000E+00	5.61798E+00	1.37111E+00
7.00000E+00	5.89888E+00	1.36586E+00
7.00000E+00	6.17978E+00	1.35896E+00
7.00000E+00	6.46067E+00	1.35043E+00
7.00000E+00	6.74157E+00	1.34033E+00
7.00000E+00	7.02247E+00	1.32877E+00
7.00000E+00	7.30337E+00	1.31589E+00
7.00000E+00	7.58427E+00	1.30185E+00
7.00000E+00	7.86517E+00	1.28681E+00
7.00000E+00	8.14607E+00	1.27093E+00
7.00000E+00	8.42697E+00	1.25439E+00
7.00000E+00	8.70787E+00	1.23734E+00
7.00000E+00	8.98876E+00	1.21992E+00
7.00000E+00	9.26966E+00	1.20226E+00
7.00000E+00	9.55056E+00	1.18447E+00
7.00000E+00	9.83146E+00	1.16666E+00
7.00000E+00	1.01124E+01	1.14890E+00
7.00000E+00	1.03933E+01	1.13125E+00
7.00000E+00	1.06742E+01	1.11377E+00
7.00000E+00	1.09551E+01	1.09648E+00
7.00000E+00	1.12360E+01	1.07940E+00
7.00000E+00	1.15169E+01	1.06253E+00
7.00000E+00	1.17978E+01	1.04589E+00
7.00000E+00	1.20787E+01	1.02947E+00
7.00000E+00	1.23596E+01	1.01329E+00
7.00000E+00	1.26404E+01	9.97344E-01
7.00000E+00	1.29213E+01	9.81642E-01
7.00000E+00	1.32022E+01	9.66186E-01
7.00000E+00	1.34831E+01	9.50978E-01
7.00000E+00	1.37640E+01	9.36019E-01
7.00000E+00	1.40449E+01	9.21309E-01
7.00000E+00	1.43258E+01	9.06851E-01
7.00000E+00	1.46067E+01	8.92645E-01
7.00000E+00	1.48876E+01	8.78690E-01
7.00000E+00	1.51685E+01	8.64986E-01
7.00000E+00	1.54494E+01	8.51532E-01
7.00000E+00	1.57303E+01	8.38328E-01
7.00000E+00	1.60112E+01	8.25371E-01
7.00000E+00	1.62921E+01	8.12659E-01
7.00000E+00	1.65730E+01	8.00191E-01
7.00000E+00	1.68539E+01	7.87963E-01
7.00000E+00	1.71348E+01	7.75975E-01
7.00000E+00	1.74157E+01	7.64224E-01
7.00000E+00	1.76966E+01	7.52711E-01
7.00000E+00	1.79775E+01	7.41433E-01
7.00000E+00	1.82584E+01	7.30390E-01
7.00000E+00	1.85393E+01	7.19578E-01
7.00000E+00	1.88202E+01	7.08990E-01
7.00000E+00	1.91011E+01	6.98621E-01
7.00000E+00	1.93820E+01	6.88462E-01
7.00000E+00	1.96629E+01	6.78505E-01
7.00000E+00	1.99438E+01	6.68745E-01
7.00000E+00	2.02247E+01	6.59177E-01
7.00000E+00	2.05056E+01	6.49796E-01
7.00000E+00	2.07865E+01	6.40598E-01
7.00000E+00	2.10674E+01	6.31581E-01
7.00000E+00	2.13483E+01	6.22740E-01
7.00000E+00	2.16292E+01	6.14073E-01
7.00000E+00	2.19101E+01	6.05574E-01
7.00000E+00	2.21910E+01	5.97238E-01
7.00000E+00	2.24719E+01	5.89061E-01
7.00000E+00	2.27528E+01	5.81038E-01
7.00000E+00	2.30337E+01	5.73165E-01
7.00000E+00	2.33146E+01	5.65439E-01
7.00000E+00	2.35955E+01	5.57860E-01
7.00000E+00	2.38764E+01	5.50427E-01
7.00000E+00	2.41573E+01	5.43140E-01
7.00000E+00	2.44382E+01	5.35996E-01
7.00000E+00	2.47191E+01	5.28994E-01
7.00000E+00	2.50000E+01	5.22131E-01
8.00000E+00	0.00000E+00	1.07310E+00
8.00000E+00	2.80899E-01	1.09500E+00
8.00000E+00	5.61798E-01	1.11973E+00
8.00000E+00	8.42697E-01	1.14594E+00
8.00000E+00	1.12360E+00	1.17231E+00
8.00000E+00	1.40449E+00	1.19866E+00
8.00000E+00	1.68539E+00	1.22669E+00
8.00000E+00	1.96629E+00	1.25323E+00
8.00000E+00	2.24719E+00	1.27464E+00
8.00000E+00	2.52809E+00	1.28955E+00
8.00000E+00	2.80899E+00	1.29852E+00
8.00000E+00	3.08989E+00	1.30309E+00
8.00000E+00	3.37079E+00	1.30500E+00
8.00000E+00	3.65169E+00	1.30554E+00
8.00000E+00	3.93258E+00	1.30546E+00
8.00000E+00	4.21348E+00	1.30505E+00
8.00000E+00	4.49438E+00	1.30427E+00
8.00000E+00	4.77528E+00	1.30295E+00
8.00000E+00	5.05618E+00	1.30086E+00
8.00000E+00	5.33708E+00	1.29779E+00
8.00000E+00	5.61798E+00	1.29357E+00
8.00000E+00	5.89888E+00	1.28807E+00
8.00000E+00	6.17978E+00	1.28123E+00
8.00000E+00	6.46067E+00	1.27302E+00
8.00000E+00	6.74157E+00	1.26347E+00
8.00000E+00	7.02247E+00	1.25267E+00
8.00000E+00	7.30337E+00	1.24070E+00
8.00000E+00	7.58427E+00	1.22770E+00
8.00000E+00	7.86517E+00	1.21380E+00
8.00000E+00	8.14607E+00	1.19914E+00
8.00000E+00	8.42697E+00	1.18385E+00
8.00000E+00	8.70787E+00	1.16809E+00
8.00000E+00	8.98876E+00	1.15196E+00
8.00000E+00	9.26966E+00	1.13558E+00
8.00000E+00	9.55056E+00	1.11906E+00
8.00000E+00	9.83146E+00	1.10249E+00
8.00000E+00	1.01124E+01	1.08594E+00
8.00000E+00	1.03933E+01	1.06947E+00
8.00000E+00	1.06742E+01	1.05311E+00
8.00000E+00	1.09551E+01	1.03691E+00
8.00000E+00	1.12360E+01	1.02089E+00
8.00000E+00	1.15169E+01	1.00505E+00
8.00000E+00	1.17978E+01	9.89414E-01
8.00000E+00	1.20787E+01	9.73981E-01
8.00000E+00	1.23596E+01	9.58761E-01
8.00000E+00	1.26404E+01	9.43759E-01
8.00000E+00	1.29213E+01	9.28979E-01
8.00000E+00	1.32022E+01	9.14424E-01
8.00000E+00	1.34831E+01	9.00098E-01
8.00000E+00	1.37640E+01	8.86002E-01
8.00000E+00	1.40449E+01	8.72139E-01
8.00000E+00	1.43258E+01	8.58508E-01
8.00000E+00	1.46067E+01	8.45112E-01
8.00000E+00	1.48876E+01	8.31950E-01
8.00000E+00	1.51685E+01	8.19022E-01
8.00000E+00	1.54494E+01	8.06327E-01
8.00000E+00	1.57303E+01	7.93865E-01
8.00000E+00	1.60112E+01	7.81635E-01
8.00000E+00	1.62921E+01	7.69634E-01
8.00000E+00	1.65730E+01	7.57861E-01
8.00000E+00	1.68539E+01	7.46314E-01
8.00000E+00	1.71348E+01	7.34993E-01
8.00000E+00	1.74157E+01	7.23894E-01
8.00000E+00	1.76966E+01	7.13018E-01
8.00000E+00	1.79775E+01	7.02362E-01
8.00000E+00	1.82584E+01	6.91925E-01
8.00000E+00	1.85393E+01	6.81702E-01
8.00000E+00	1.88202E+01	6.71689E-01
8.00000E+00	1.91011E+01	6.61880E-01
8.00000E+00	1.93820E+01	6.52269E-01
8.00000E+00	1.96629E+01	6.42849E-01
8.00000E+00	1.99438E+01	6.33615E-01
8.00000E+00	2.02247E+01	6.24563E-01
8.00000E+00	2.05056E+01	6.15687E-01
8.00000E+00	2.07865E+01	6.06986E-01
8.00000E+00	2.10674E+01	5.98454E-01
8.00000E+00	2.13483E+01	5.90088E-01
8.00000E+00	2.16292E+01	5.81885E-01
8.00000E+00	2.19101E+01	5.73840E-01
8.00000E+00	2.21910E+01	5.65950E-01
8.00000E+00	2.24719E+01	5.58210E-01
8.00000E+00	2.27528E+01	5.50616E-01
8.00000E+00	2.30337E+01	5.43165E-01
8.00000E+00	2.33146E+01	5.35855E-01
8.00000E+00	2.35955E+01	5.28684E-01
8.00000E+00	2.38764E+01	5.21651E-01
8.00000E+00	2.41573E+01	5.14755E-01
8.00000E+00	2.44382E+01	5.07994E-01
8.00000E+00	2.47191E+01	5.01367E-01
8.00000E+00	2.50000E+01	4.94872E-01
9.00000E+00	0.00000E+00	1.06882E+00
9.00000E+00	2.80899E-01	1.08636E+00
9.00000E+00	5.61798E-01	1.10563E+00
9.00000E+00	8.42697E-01	1.12564E+00
9.00000E+00	1.12360E+00	1.14534E+00
9.00000E+00	1.40449E+00	1.16422E+00
9.00000E+00	1.68539E+00	1.18310E+00
9.00000E+00	1.96629E+00	1.20286E+00
9.00000E+00	2.24719E+00	1.22069E+00
9.00000E+00	2.52809E+00	1.23472E+00
9.00000E+00	2.80899E+00	1.24438E+00
9.00000E+00	3.08989E+00	1.25008E+00
9.00000E+00	3.37079E+00	1.25276E+00
9.00000E+00	3.65169E+00	1.25341E+00
9.00000E+00	3.93258E+00	1.25280E+00
9.00000E+00	4.21348E+00	1.25139E+00
9.00000E+00	4.49438E+00	1.24938E+00
9.00000E+00	4.77528E+00	1.24679E+00
9.00000E+00	5.05618E+00	1.24353E+00
9.00000E+00	5.33708E+00	1.23948E+00
9.00000E+00	5.61798E+00	1.23453E+00
9.00000E+00	5.89888E+00	1.22856E+00
9.00000E+00	6.17978E+00	1.22151E+00
9.00000E+00	6.46067E+00	1.21334E+00
9.00000E+00	6.74157E+00	1.20407E+00
9.00000E+00	7.02247E+00	1.19373E+00
9.00000E+00	7.30337E+00	1.18240E+00
9.00000E+00	7.58427E+00	1.17016E+00
9.00000E+00	7.86517E+00	1.15713E+00
9.00000E+00	8.14607E+00	1.14342E+00
9.00000E+00	8.42697E+00	1.12914E+00
9.00000E+00	8.70787E+00	1.11440E+00
9.00000E+00	8.98876E+00	1.09932E+00
9.00000E+00	9.26966E+00	1.08399E+00
9.00000E+00	9.55056E+00	1.06851E+00
9.00000E+00	9.83146E+00	1.05295E+00
9.00000E+00	1.01124E+01	1.03738E+00
9.00000E+00	1.03933E+01	1.02186E+00
9.00000E+00	1.06742E+01	1.00643E+00
9.00000E+00	1.09551E+01	9.91116E-01
9.00000E+00	1.12360E+01	9.75950E-01
9.00000E+00	1.15169E+01	9.60946E-01
9.00000E+00	1.17978E+01	9.46116E-01
9.00000E+00	1.20787E+01	9.31471E-01
9.00000E+00	1.23596E+01	9.17019E-01
9.00000E+00	1.26404E+01	9.02765E-01
9.00000E+00	1.29213E+01	8.88716E-01
9.00000E+00	1.32022E+01	8.74874E-01
9.00000E+00	1.34831E+01	8.61245E-01
9.00000E+00	1.37640E+01	8.47830E-01
9.00000E+00	1.40449E+01	8.34631E-01
9.00000E+00	1.43258E+01	8.21651E-01
9.00000E+00	1.46067E+01	8.08890E-01
9.00000E+00	1.48876E+01	7.96348E-01
9.00000E+00	1.51685E+01	7.84026E-01
9.00000E+00	1.54494E+01	7.71923E-01
9.00000E+00	1.57303E+01	7.60040E-01
9.00000E+00	1.60112E+01	7.48375E-01
9.00000E+00	1.62921E+01	7.36927E-01
9.00000E+00	1.65730E+01	7.25694E-01
9.00000E+00	1.68539E+01	7.14676E-01
9.00000E+00	1.71348E+01	7.03870E-01
9.00000E+00	1.74157E+01	6.93276E-01
9.00000E+00	1.76966E+01	6.82892E-01
9.00000E+00	1.79775E+01	6.72716E-01
9.00000E+00	1.82584E+01	6.62745E-01
9.00000E+00	1.85393E+01	6.52976E-01
9.00000E+00	1.88202E+01	6.43406E-01
9.00000E+00	1.91011E+01	6.34028E-01
9.00000E+00	1.93820E+01	6.24838E-01
9.00000E+00	1.96629E+01	6.15830E-01
9.00000E+00	1.99438E+01	6.07000E-01
9.00000E+00	2.02247E+01	5.98343E-01
9.00000E+00	2.05056E+01	5.89854E-01
9.00000E+00	2.07865E+01	5.81532E-01
9.00000E+00	2.10674E+01	5.73371E-01
9.00000E+00	2.13483E+01	5.65368E-01
9.00000E+00	2.16292E+01	5.57520E-01
9.00000E+00	2.19101E+01	5.49823E-01
9.00000E+00	2.21910E+01	5.42274E-01
9.00000E+00	2.24719E+01	5.34868E-01
9.00000E+00	2.27528E+01	5.27602E-01
9.00000E+00	2.30337E+01	5.20474E-01
9.00000E+00	2.33146E+01	5.13480E-01
9.00000E+00	2.35955E+01	5.06621E-01
9.00000E+00	2.38764E+01	4.99893E-01
9.00000E+00	2.41573E+01	4.93295E-01
9.00000E+00	2.44382E+01	4.86827E-01
9.00000E+00	2.47191E+01	4.80486E-01
9.00000E+00	2.50000E+01	4.74271E-01
1.00000E+01	0.00000E+00	1.06421E+00
1.00000E+01	2.80899E-01	1.07832E+00
1.00000E+01	5.61798E-01	1.09349E+00
1.00000E+01	8.42697E-01	1.10898E+00
1.00000E+01	1.12360E+00	1.12400E+00
1.00000E+01	1.40449E+00	1.13804E+00
1.00000E+01	1.68539E+00	1.15125E+00
1.00000E+01	1.96629E+00	1.16500E+00
1.00000E+01	2.24719E+00	1.17899E+00
1.00000E+01	2.52809E+00	1.19127E+00
1.00000E+01	2.80899E+00	1.20080E+00
1.00000E+01	3.08989E+00	1.20725E+00
1.00000E+01	3.37079E+00	1.21085E+00
1.00000E+01	3.65169E+00	1.21212E+00
1.00000E+01	3.93258E+00	1.21164E+00
1.00000E+01	4.21348E+00	1.20990E+00
1.00000E+01	4.49438E+00	1.20720E+00
1.00000E+01	4.77528E+00	1.20372E+00
1.00000E+01	5.05618E+00	1.19953E+00
1.00000E+01	5.33708E+00	1.19460E+00
1.00000E+01	5.61798E+00	1.18889E+00
1.00000E+01	5.89888E+00	1.18235E+00
1.00000E+01	6.17978E+00	1.17493E+00
1.00000E+01	6.46067E+00	1.16660E+00
1.00000E+01	6.74157E+00	1.15737E+00
1.00000E+01	7.02247E+00	1.14726E+00
1.00000E+01	7.30337E+00	1.13632E+00
1.00000E+01	7.58427E+00	1.12461E+00
1.00000E+01	7.86517E+00	1.11221E+00
1.00000E+01	8.14607E+00	1.09922E+00
1.00000E+01	8.42697E+00	1.08571E+00
1.00000E+01	8.70787E+00	1.07180E+00
1.00000E+01	8.98876E+00	1.05756E+00
1.00000E+01	9.26966E+00	1.04309E+00
1.00000E+01	9.55056E+00	1.02846E+00
1.00000E+01	9.83146E+00	1.01374E+00
1.00000E+01	1.01124E+01	9.98991E-01
1.00000E+01	1.03933E+01	9.84264E-01
1.00000E+01	1.06742E+01	9.69601E-01
1.00000E+01	1.09551E+01	9.55032E-01
1.00000E+01	1.12360E+01	9.40582E-01
1.00000E+01	1.15169E+01	9.26272E-01
1.00000E+01	1.17978E+01	9.12114E-01
1.00000E+01	1.20787E+01	8.98121E-01
1.00000E+01	1.23596E+01	8.84302E-01
1.00000E+01	1.26404E+01	8.70664E-01
1.00000E+01	1.29213E+01	8.57214E-01
1.00000E+01	1.32022E+01	8.43956E-01
1.00000E+01	1.34831E+01	8.30895E-01
1.00000E+01	1.37640E+01	8.18034E-01
1.00000E+01	1.40449E+01	8.05376E-01
1.00000E+01	1.43258E+01	7.92921E-01
1.00000E+01	1.46067E+01	7.80673E-01
1.00000E+01	1.48876E+01	7.68632E-01
1.00000E+01	1.51685E+01	7.56798E-01
1.00000E+01	1.54494E+01	7.45172E-01
1.00000E+01	1.57303E+01	7.33753E-01
1.00000E+01	1.60112E+01	7.22540E-01
1.00000E+01	1.62921E+01	7.11534E-01
1.00000E+01	1.65730E+01	7.00733E-01
1.00000E+01	1.68539E+01	6.90136E-01
1.00000E+01	1.71348E+01	6.79741E-01
1.00000E+01	1.74157E+01	6.69547E-01
1.00000E+01	1.76966E+01	6.59553E-01
1.00000E+01	1.79775E+01	6.49757E-01
1.00000E+01	1.82584E+01	6.40155E-01
1.00000E+01	1.85393E+01	6.30746E-01
1.00000E+01	1.88202E+01	6.21524E-01
1.00000E+01	1.91011E+01	6.12487E-01
1.00000E+01	1.93820E+01	6.03628E-01
1.00000E+01	1.96629E+01	5.94945E-01
1.00000E+01	1.99438E+01	5.86432E-01
1.00000E+01	2.02247E+01	5.78085E-01
1.00000E+01	2.05056E+01	5.69901E-01
1.00000E+01	2.07865E+01	5.61875E-01
1.00000E+01	2.10674E+01	5.54005E-01
1.00000E+01	2.13483E+01	5.46286E-01
1.00000E+01	2.16292E+01	5.38716E-01
1.00000E+01	2.19101E+01	5.31292E-01
1.00000E+01	2.21910E+01	5.24008E-01
1.00000E+01	2.24719E+01	5.16864E-01
1.00000E+01	2.27528E+01	5.09855E-01
1.00000E+01	2.30337E+01	5.02978E-01
1.00000E+01	2.33146E+01	4.96233E-01
1.00000E+01	2.35955E+01	4.89616E-01
1.00000E+01	2.38764E+01	4.83126E-01
1.00000E+01	2.41573E+01	4.76762E-01
1.00000E+01	2.44382E+01	4.70522E-01
1.00000E+01	2.47191E+01	4.64405E-01
1.00000E+01	2.50000E+01	4.58408E-01
