1.00000E-04	0.00000E+00	2.94352E+08
1.00000E-04	2.80899E-01	2.81073E+07
1.00000E-04	5.61798E-01	2.47815E+07
1.00000E-04	8.42697E-01	2.42121E+07
1.00000E-04	1.12360E+00	2.32377E+07
1.00000E-04	1.40449E+00	2.08176E+07
1.00000E-04	1.68539E+00	1.85212E+07
1.00000E-04	1.96629E+00	1.67292E+07
1.00000E-04	2.24719E+00	1.53644E+07
1.00000E-04	2.52809E+00	1.42478E+07
1.00000E-04	2.80899E+00	1.32816E+07
1.00000E-04	3.08989E+00	1.24227E+07
1.00000E-04	3.37079E+00	1.16667E+07
1.00000E-04	3.65169E+00	1.09994E+07
1.00000E-04	3.93258E+00	1.04061E+07
1.00000E-04	4.21348E+00	9.89397E+06
1.00000E-04	4.49438E+00	9.43869E+06
1.00000E-04	4.77528E+00	9.04000E+06
1.00000E-04	5.05618E+00	8.68420E+06
1.00000E-04	5.33708E+00	8.37605E+06
1.00000E-04	5.61798E+00	8.09983E+06
1.00000E-04	5.89888E+00	7.86000E+06
1.00000E-04	6.17978E+00	7.64637E+06
1.00000E-04	6.46067E+00	7.45815E+06
1.00000E-04	6.74157E+00	7.29723E+06
1.00000E-04	7.02247E+00	7.15234E+06
1.00000E-04	7.30337E+00	7.02807E+06
1.00000E-04	7.58427E+00	6.91940E+06
1.00000E-04	7.86517E+00	6.82650E+06
1.00000E-04	8.14607E+00	6.74681E+06
1.00000E-04	8.42697E+00	6.67684E+06
1.00000E-04	8.70787E+00	6.61609E+06
1.00000E-04	8.98876E+00	6.56540E+06
1.00000E-04	9.26966E+00	6.52649E+06
1.00000E-04	9.55056E+00	6.49171E+06
1.00000E-04	9.83146E+00	6.46610E+06
1.00000E-04	1.01124E+01	6.44491E+06
1.00000E-04	1.03933E+01	6.42933E+06
1.00000E-04	1.06742E+01	6.41755E+06
1.00000E-04	1.09551E+01	6.40850E+06
1.00000E-04	1.12360E+01	6.40742E+06
1.00000E-04	1.15169E+01	6.40479E+06
1.00000E-04	1.17978E+01	6.40155E+06
1.00000E-04	1.20787E+01	6.40293E+06
1.00000E-04	1.23596E+01	6.40188E+06
1.00000E-04	1.26404E+01	6.40108E+06
1.00000E-04	1.29213E+01	6.39826E+06
1.00000E-04	1.32022E+01	6.39695E+06
1.00000E-04	1.34831E+01	6.39356E+06
1.00000E-04	1.37640E+01	6.39218E+06
1.00000E-04	1.40449E+01	6.38927E+06
1.00000E-04	1.43258E+01	6.38044E+06
1.00000E-04	1.46067E+01	6.37396E+06
1.00000E-04	1.48876E+01	6.36314E+06
1.00000E-04	1.51685E+01	6.35165E+06
1.00000E-04	1.54494E+01	6.33904E+06
1.00000E-04	1.57303E+01	6.32521E+06
1.00000E-04	1.60112E+01	6.30545E+06
1.00000E-04	1.62921E+01	6.28527E+06
1.00000E-04	1.65730E+01	6.26544E+06
1.00000E-04	1.68539E+01	6.24173E+06
1.00000E-04	1.71348E+01	6.21704E+06
1.00000E-04	1.74157E+01	6.18751E+06
1.00000E-04	1.76966E+01	6.15834E+06
1.00000E-04	1.79775E+01	6.12655E+06
1.00000E-04	1.82584E+01	6.09363E+06
1.00000E-04	1.85393E+01	6.05562E+06
1.00000E-04	1.88202E+01	6.01815E+06
1.00000E-04	1.91011E+01	5.97924E+06
1.00000E-04	1.93820E+01	5.93758E+06
1.00000E-04	1.96629E+01	5.89687E+06
1.00000E-04	1.99438E+01	5.85411E+06
1.00000E-04	2.02247E+01	5.80678E+06
1.00000E-04	2.05056E+01	5.75893E+06
1.00000E-04	2.07865E+01	5.71291E+06
1.00000E-04	2.10674E+01	5.66143E+06
1.00000E-04	2.13483E+01	5.61284E+06
1.00000E-04	2.16292E+01	5.56194E+06
1.00000E-04	2.19101E+01	5.51117E+06
1.00000E-04	2.21910E+01	5.45992E+06
1.00000E-04	2.24719E+01	5.40725E+06
1.00000E-04	2.27528E+01	5.35371E+06
1.00000E-04	2.30337E+01	5.30144E+06
1.00000E-04	2.33146E+01	5.24752E+06
1.00000E-04	2.35955E+01	5.19328E+06
1.00000E-04	2.38764E+01	5.14020E+06
1.00000E-04	2.41573E+01	5.08820E+06
1.00000E-04	2.44382E+01	5.03479E+06
1.00000E-04	2.47191E+01	4.98316E+06
1.00000E-04	2.50000E+01	4.93096E+06
5.00000E-04	0.00000E+00	2.03867E+08
5.00000E-04	2.80899E-01	2.81041E+07
5.00000E-04	5.61798E-01	2.47816E+07
5.00000E-04	8.42697E-01	2.42147E+07
5.00000E-04	1.12360E+00	2.32348E+07
5.00000E-04	1.40449E+00	2.08176E+07
5.00000E-04	1.68539E+00	1.85212E+07
5.00000E-04	1.96629E+00	1.67292E+07
5.00000E-04	2.24719E+00	1.53644E+07
5.00000E-04	2.52809E+00	1.42478E+07
5.00000E-04	2.80899E+00	1.32816E+07
5.00000E-04	3.08989E+00	1.24231E+07
5.00000E-04	3.37079E+00	1.16667E+07
5.00000E-04	3.65169E+00	1.09993E+07
5.00000E-04	3.93258E+00	1.04062E+07
5.00000E-04	4.21348E+00	9.89308E+06
5.00000E-04	4.49438E+00	9.43868E+06
5.00000E-04	4.77528E+00	9.04000E+06
5.00000E-04	5.05618E+00	8.68421E+06
5.00000E-04	5.33708E+00	8.37605E+06
5.00000E-04	5.61798E+00	8.09983E+06
5.00000E-04	5.89888E+00	7.85998E+06
5.00000E-04	6.17978E+00	7.64637E+06
5.00000E-04	6.46067E+00	7.45815E+06
5.00000E-04	6.74157E+00	7.29722E+06
5.00000E-04	7.02247E+00	7.15234E+06
5.00000E-04	7.30337E+00	7.02818E+06
5.00000E-04	7.58427E+00	6.91940E+06
5.00000E-04	7.86517E+00	6.82650E+06
5.00000E-04	8.14607E+00	6.74681E+06
5.00000E-04	8.42697E+00	6.67684E+06
5.00000E-04	8.70787E+00	6.61609E+06
5.00000E-04	8.98876E+00	6.56635E+06
5.00000E-04	9.26966E+00	6.52649E+06
5.00000E-04	9.55056E+00	6.49171E+06
5.00000E-04	9.83146E+00	6.46610E+06
5.00000E-04	1.01124E+01	6.44491E+06
5.00000E-04	1.03933E+01	6.42894E+06
5.00000E-04	1.06742E+01	6.41755E+06
5.00000E-04	1.09551E+01	6.40850E+06
5.00000E-04	1.12360E+01	6.40742E+06
5.00000E-04	1.15169E+01	6.40479E+06
5.00000E-04	1.17978E+01	6.40155E+06
5.00000E-04	1.20787E+01	6.40293E+06
5.00000E-04	1.23596E+01	6.40188E+06
5.00000E-04	1.26404E+01	6.40108E+06
5.00000E-04	1.29213E+01	6.39826E+06
5.00000E-04	1.32022E+01	6.39695E+06
5.00000E-04	1.34831E+01	6.39356E+06
5.00000E-04	1.37640E+01	6.39218E+06
5.00000E-04	1.40449E+01	6.38927E+06
5.00000E-04	1.43258E+01	6.38044E+06
5.00000E-04	1.46067E+01	6.37396E+06
5.00000E-04	1.48876E+01	6.36314E+06
5.00000E-04	1.51685E+01	6.35165E+06
5.00000E-04	1.54494E+01	6.33904E+06
5.00000E-04	1.57303E+01	6.32521E+06
5.00000E-04	1.60112E+01	6.30545E+06
5.00000E-04	1.62921E+01	6.28527E+06
5.00000E-04	1.65730E+01	6.26544E+06
5.00000E-04	1.68539E+01	6.24173E+06
5.00000E-04	1.71348E+01	6.21704E+06
5.00000E-04	1.74157E+01	6.18751E+06
5.00000E-04	1.76966E+01	6.15834E+06
5.00000E-04	1.79775E+01	6.12655E+06
5.00000E-04	1.82584E+01	6.09363E+06
5.00000E-04	1.85393E+01	6.05562E+06
5.00000E-04	1.88202E+01	6.01815E+06
5.00000E-04	1.91011E+01	5.97925E+06
5.00000E-04	1.93820E+01	5.93758E+06
5.00000E-04	1.96629E+01	5.89687E+06
5.00000E-04	1.99438E+01	5.85378E+06
5.00000E-04	2.02247E+01	5.80678E+06
5.00000E-04	2.05056E+01	5.75893E+06
5.00000E-04	2.07865E+01	5.71291E+06
5.00000E-04	2.10674E+01	5.66143E+06
5.00000E-04	2.13483E+01	5.61284E+06
5.00000E-04	2.16292E+01	5.56194E+06
5.00000E-04	2.19101E+01	5.51117E+06
5.00000E-04	2.21910E+01	5.45992E+06
5.00000E-04	2.24719E+01	5.40725E+06
5.00000E-04	2.27528E+01	5.35371E+06
5.00000E-04	2.30337E+01	5.30144E+06
5.00000E-04	2.33146E+01	5.24752E+06
5.00000E-04	2.35955E+01	5.19328E+06
5.00000E-04	2.38764E+01	5.14020E+06
5.00000E-04	2.41573E+01	5.08820E+06
5.00000E-04	2.44382E+01	5.03479E+06
5.00000E-04	2.47191E+01	4.98316E+06
5.00000E-04	2.50000E+01	4.93096E+06
1.00000E-03	0.00000E+00	1.69684E+08
1.00000E-03	2.80899E-01	2.81039E+07
1.00000E-03	5.61798E-01	2.47816E+07
1.00000E-03	8.42697E-01	2.42165E+07
1.00000E-03	1.12360E+00	2.32324E+07
1.00000E-03	1.40449E+00	2.08171E+07
1.00000E-03	1.68539E+00	1.85213E+07
1.00000E-03	1.96629E+00	1.67292E+07
1.00000E-03	2.24719E+00	1.53643E+07
1.00000E-03	2.52809E+00	1.42478E+07
1.00000E-03	2.80899E+00	1.32816E+07
1.00000E-03	3.08989E+00	1.24238E+07
1.00000E-03	3.37079E+00	1.16668E+07
1.00000E-03	3.65169E+00	1.09989E+07
1.00000E-03	3.93258E+00	1.04066E+07
1.00000E-03	4.21348E+00	9.89273E+06
1.00000E-03	4.49438E+00	9.43850E+06
1.00000E-03	4.77528E+00	9.03988E+06
1.00000E-03	5.05618E+00	8.68439E+06
1.00000E-03	5.33708E+00	8.37605E+06
1.00000E-03	5.61798E+00	8.09983E+06
1.00000E-03	5.89888E+00	7.85974E+06
1.00000E-03	6.17978E+00	7.64637E+06
1.00000E-03	6.46067E+00	7.45815E+06
1.00000E-03	6.74157E+00	7.29710E+06
1.00000E-03	7.02247E+00	7.15233E+06
1.00000E-03	7.30337E+00	7.02820E+06
1.00000E-03	7.58427E+00	6.91940E+06
1.00000E-03	7.86517E+00	6.82650E+06
1.00000E-03	8.14607E+00	6.74681E+06
1.00000E-03	8.42697E+00	6.67684E+06
1.00000E-03	8.70787E+00	6.61609E+06
1.00000E-03	8.98876E+00	6.56651E+06
1.00000E-03	9.26966E+00	6.52649E+06
1.00000E-03	9.55056E+00	6.49171E+06
1.00000E-03	9.83146E+00	6.46610E+06
1.00000E-03	1.01124E+01	6.44491E+06
1.00000E-03	1.03933E+01	6.42889E+06
1.00000E-03	1.06742E+01	6.41755E+06
1.00000E-03	1.09551E+01	6.40850E+06
1.00000E-03	1.12360E+01	6.40742E+06
1.00000E-03	1.15169E+01	6.40479E+06
1.00000E-03	1.17978E+01	6.40155E+06
1.00000E-03	1.20787E+01	6.40292E+06
1.00000E-03	1.23596E+01	6.40188E+06
1.00000E-03	1.26404E+01	6.40108E+06
1.00000E-03	1.29213E+01	6.39827E+06
1.00000E-03	1.32022E+01	6.39695E+06
1.00000E-03	1.34831E+01	6.39356E+06
1.00000E-03	1.37640E+01	6.39218E+06
1.00000E-03	1.40449E+01	6.38927E+06
1.00000E-03	1.43258E+01	6.38044E+06
1.00000E-03	1.46067E+01	6.37396E+06
1.00000E-03	1.48876E+01	6.36314E+06
1.00000E-03	1.51685E+01	6.35165E+06
1.00000E-03	1.54494E+01	6.33904E+06
1.00000E-03	1.57303E+01	6.32521E+06
1.00000E-03	1.60112E+01	6.30545E+06
1.00000E-03	1.62921E+01	6.28527E+06
1.00000E-03	1.65730E+01	6.26544E+06
1.00000E-03	1.68539E+01	6.24173E+06
1.00000E-03	1.71348E+01	6.21704E+06
1.00000E-03	1.74157E+01	6.18758E+06
1.00000E-03	1.76966E+01	6.15834E+06
1.00000E-03	1.79775E+01	6.12655E+06
1.00000E-03	1.82584E+01	6.09363E+06
1.00000E-03	1.85393E+01	6.05562E+06
1.00000E-03	1.88202E+01	6.01815E+06
1.00000E-03	1.91011E+01	5.97930E+06
1.00000E-03	1.93820E+01	5.93758E+06
1.00000E-03	1.96629E+01	5.89687E+06
1.00000E-03	1.99438E+01	5.85326E+06
1.00000E-03	2.02247E+01	5.80678E+06
1.00000E-03	2.05056E+01	5.75893E+06
1.00000E-03	2.07865E+01	5.71291E+06
1.00000E-03	2.10674E+01	5.66143E+06
1.00000E-03	2.13483E+01	5.61284E+06
1.00000E-03	2.16292E+01	5.56194E+06
1.00000E-03	2.19101E+01	5.51117E+06
1.00000E-03	2.21910E+01	5.45992E+06
1.00000E-03	2.24719E+01	5.40725E+06
1.00000E-03	2.27528E+01	5.35371E+06
1.00000E-03	2.30337E+01	5.30144E+06
1.00000E-03	2.33146E+01	5.24752E+06
1.00000E-03	2.35955E+01	5.19328E+06
1.00000E-03	2.38764E+01	5.14020E+06
1.00000E-03	2.41573E+01	5.08820E+06
1.00000E-03	2.44382E+01	5.03479E+06
1.00000E-03	2.47191E+01	4.98316E+06
1.00000E-03	2.50000E+01	4.93096E+06
5.00000E-03	0.00000E+00	1.02862E+08
5.00000E-03	2.80899E-01	2.81039E+07
5.00000E-03	5.61798E-01	2.47816E+07
5.00000E-03	8.42697E-01	2.42168E+07
5.00000E-03	1.12360E+00	2.32308E+07
5.00000E-03	1.40449E+00	2.08159E+07
5.00000E-03	1.68539E+00	1.85214E+07
5.00000E-03	1.96629E+00	1.67288E+07
5.00000E-03	2.24719E+00	1.53636E+07
5.00000E-03	2.52809E+00	1.42477E+07
5.00000E-03	2.80899E+00	1.32815E+07
5.00000E-03	3.08989E+00	1.24247E+07
5.00000E-03	3.37079E+00	1.16671E+07
5.00000E-03	3.65169E+00	1.09976E+07
5.00000E-03	3.93258E+00	1.04079E+07
5.00000E-03	4.21348E+00	9.89243E+06
5.00000E-03	4.49438E+00	9.43708E+06
5.00000E-03	4.77528E+00	9.03887E+06
5.00000E-03	5.05618E+00	8.68530E+06
5.00000E-03	5.33708E+00	8.37561E+06
5.00000E-03	5.61798E+00	8.10020E+06
5.00000E-03	5.89888E+00	7.85880E+06
5.00000E-03	6.17978E+00	7.64581E+06
5.00000E-03	6.46067E+00	7.45820E+06
5.00000E-03	6.74157E+00	7.29588E+06
5.00000E-03	7.02247E+00	7.15166E+06
5.00000E-03	7.30337E+00	7.02819E+06
5.00000E-03	7.58427E+00	6.91932E+06
5.00000E-03	7.86517E+00	6.82677E+06
5.00000E-03	8.14607E+00	6.74610E+06
5.00000E-03	8.42697E+00	6.67677E+06
5.00000E-03	8.70787E+00	6.61611E+06
5.00000E-03	8.98876E+00	6.56664E+06
5.00000E-03	9.26966E+00	6.52609E+06
5.00000E-03	9.55056E+00	6.49171E+06
5.00000E-03	9.83146E+00	6.46590E+06
5.00000E-03	1.01124E+01	6.44476E+06
5.00000E-03	1.03933E+01	6.42885E+06
5.00000E-03	1.06742E+01	6.41753E+06
5.00000E-03	1.09551E+01	6.40852E+06
5.00000E-03	1.12360E+01	6.40638E+06
5.00000E-03	1.15169E+01	6.40421E+06
5.00000E-03	1.17978E+01	6.40157E+06
5.00000E-03	1.20787E+01	6.40179E+06
5.00000E-03	1.23596E+01	6.40183E+06
5.00000E-03	1.26404E+01	6.40112E+06
5.00000E-03	1.29213E+01	6.39931E+06
5.00000E-03	1.32022E+01	6.39693E+06
5.00000E-03	1.34831E+01	6.39406E+06
5.00000E-03	1.37640E+01	6.39302E+06
5.00000E-03	1.40449E+01	6.38925E+06
5.00000E-03	1.43258E+01	6.38046E+06
5.00000E-03	1.46067E+01	6.37396E+06
5.00000E-03	1.48876E+01	6.36324E+06
5.00000E-03	1.51685E+01	6.35165E+06
5.00000E-03	1.54494E+01	6.33904E+06
5.00000E-03	1.57303E+01	6.32517E+06
5.00000E-03	1.60112E+01	6.30547E+06
5.00000E-03	1.62921E+01	6.28540E+06
5.00000E-03	1.65730E+01	6.26531E+06
5.00000E-03	1.68539E+01	6.24173E+06
5.00000E-03	1.71348E+01	6.21704E+06
5.00000E-03	1.74157E+01	6.18829E+06
5.00000E-03	1.76966E+01	6.15854E+06
5.00000E-03	1.79775E+01	6.12655E+06
5.00000E-03	1.82584E+01	6.09355E+06
5.00000E-03	1.85393E+01	6.05563E+06
5.00000E-03	1.88202E+01	6.01820E+06
5.00000E-03	1.91011E+01	5.97942E+06
5.00000E-03	1.93820E+01	5.93759E+06
5.00000E-03	1.96629E+01	5.89687E+06
5.00000E-03	1.99438E+01	5.85258E+06
5.00000E-03	2.02247E+01	5.80677E+06
5.00000E-03	2.05056E+01	5.75898E+06
5.00000E-03	2.07865E+01	5.71278E+06
5.00000E-03	2.10674E+01	5.66143E+06
5.00000E-03	2.13483E+01	5.61284E+06
5.00000E-03	2.16292E+01	5.56194E+06
5.00000E-03	2.19101E+01	5.51117E+06
5.00000E-03	2.21910E+01	5.45992E+06
5.00000E-03	2.24719E+01	5.40725E+06
5.00000E-03	2.27528E+01	5.35371E+06
5.00000E-03	2.30337E+01	5.30141E+06
5.00000E-03	2.33146E+01	5.24744E+06
5.00000E-03	2.35955E+01	5.19328E+06
5.00000E-03	2.38764E+01	5.14023E+06
5.00000E-03	2.41573E+01	5.08806E+06
5.00000E-03	2.44382E+01	5.03479E+06
5.00000E-03	2.47191E+01	4.98316E+06
5.00000E-03	2.50000E+01	4.93096E+06
1.00000E-02	0.00000E+00	8.26889E+07
1.00000E-02	2.80899E-01	2.81040E+07
1.00000E-02	5.61798E-01	2.47817E+07
1.00000E-02	8.42697E-01	2.42168E+07
1.00000E-02	1.12360E+00	2.32308E+07
1.00000E-02	1.40449E+00	2.08159E+07
1.00000E-02	1.68539E+00	1.85214E+07
1.00000E-02	1.96629E+00	1.67288E+07
1.00000E-02	2.24719E+00	1.53636E+07
1.00000E-02	2.52809E+00	1.42477E+07
1.00000E-02	2.80899E+00	1.32815E+07
1.00000E-02	3.08989E+00	1.24248E+07
1.00000E-02	3.37079E+00	1.16671E+07
1.00000E-02	3.65169E+00	1.09975E+07
1.00000E-02	3.93258E+00	1.04080E+07
1.00000E-02	4.21348E+00	9.89243E+06
1.00000E-02	4.49438E+00	9.43682E+06
1.00000E-02	4.77528E+00	9.03874E+06
1.00000E-02	5.05618E+00	8.68538E+06
1.00000E-02	5.33708E+00	8.37547E+06
1.00000E-02	5.61798E+00	8.10037E+06
1.00000E-02	5.89888E+00	7.85868E+06
1.00000E-02	6.17978E+00	7.64548E+06
1.00000E-02	6.46067E+00	7.45825E+06
1.00000E-02	6.74157E+00	7.29560E+06
1.00000E-02	7.02247E+00	7.15147E+06
1.00000E-02	7.30337E+00	7.02817E+06
1.00000E-02	7.58427E+00	6.91931E+06
1.00000E-02	7.86517E+00	6.82689E+06
1.00000E-02	8.14607E+00	6.74542E+06
1.00000E-02	8.42697E+00	6.67647E+06
1.00000E-02	8.70787E+00	6.61623E+06
1.00000E-02	8.98876E+00	6.56666E+06
1.00000E-02	9.26966E+00	6.52567E+06
1.00000E-02	9.55056E+00	6.49167E+06
1.00000E-02	9.83146E+00	6.46541E+06
1.00000E-02	1.01124E+01	6.44429E+06
1.00000E-02	1.03933E+01	6.42887E+06
1.00000E-02	1.06742E+01	6.41730E+06
1.00000E-02	1.09551E+01	6.40885E+06
1.00000E-02	1.12360E+01	6.40553E+06
1.00000E-02	1.15169E+01	6.40354E+06
1.00000E-02	1.17978E+01	6.40153E+06
1.00000E-02	1.20787E+01	6.40120E+06
1.00000E-02	1.23596E+01	6.40143E+06
1.00000E-02	1.26404E+01	6.40151E+06
1.00000E-02	1.29213E+01	6.39986E+06
1.00000E-02	1.32022E+01	6.39696E+06
1.00000E-02	1.34831E+01	6.39463E+06
1.00000E-02	1.37640E+01	6.39370E+06
1.00000E-02	1.40449E+01	6.38900E+06
1.00000E-02	1.43258E+01	6.38063E+06
1.00000E-02	1.46067E+01	6.37395E+06
1.00000E-02	1.48876E+01	6.36356E+06
1.00000E-02	1.51685E+01	6.35170E+06
1.00000E-02	1.54494E+01	6.33903E+06
1.00000E-02	1.57303E+01	6.32489E+06
1.00000E-02	1.60112E+01	6.30570E+06
1.00000E-02	1.62921E+01	6.28562E+06
1.00000E-02	1.65730E+01	6.26488E+06
1.00000E-02	1.68539E+01	6.24176E+06
1.00000E-02	1.71348E+01	6.21703E+06
1.00000E-02	1.74157E+01	6.18848E+06
1.00000E-02	1.76966E+01	6.15872E+06
1.00000E-02	1.79775E+01	6.12655E+06
1.00000E-02	1.82584E+01	6.09305E+06
1.00000E-02	1.85393E+01	6.05566E+06
1.00000E-02	1.88202E+01	6.01841E+06
1.00000E-02	1.91011E+01	5.97941E+06
1.00000E-02	1.93820E+01	5.93771E+06
1.00000E-02	1.96629E+01	5.89686E+06
1.00000E-02	1.99438E+01	5.85248E+06
1.00000E-02	2.02247E+01	5.80669E+06
1.00000E-02	2.05056E+01	5.75914E+06
1.00000E-02	2.07865E+01	5.71233E+06
1.00000E-02	2.10674E+01	5.66151E+06
1.00000E-02	2.13483E+01	5.61282E+06
1.00000E-02	2.16292E+01	5.56202E+06
1.00000E-02	2.19101E+01	5.51118E+06
1.00000E-02	2.21910E+01	5.45992E+06
1.00000E-02	2.24719E+01	5.40723E+06
1.00000E-02	2.27528E+01	5.35374E+06
1.00000E-02	2.30337E+01	5.30123E+06
1.00000E-02	2.33146E+01	5.24728E+06
1.00000E-02	2.35955E+01	5.19329E+06
1.00000E-02	2.38764E+01	5.14036E+06
1.00000E-02	2.41573E+01	5.08783E+06
1.00000E-02	2.44382E+01	5.03480E+06
1.00000E-02	2.47191E+01	4.98315E+06
1.00000E-02	2.50000E+01	4.93096E+06
5.00000E-02	0.00000E+00	5.01484E+07
5.00000E-02	2.80899E-01	2.81040E+07
5.00000E-02	5.61798E-01	2.47829E+07
5.00000E-02	8.42697E-01	2.42174E+07
5.00000E-02	1.12360E+00	2.32299E+07
5.00000E-02	1.40449E+00	2.08156E+07
5.00000E-02	1.68539E+00	1.85213E+07
5.00000E-02	1.96629E+00	1.67288E+07
5.00000E-02	2.24719E+00	1.53635E+07
5.00000E-02	2.52809E+00	1.42477E+07
5.00000E-02	2.80899E+00	1.32815E+07
5.00000E-02	3.08989E+00	1.24247E+07
5.00000E-02	3.37079E+00	1.16671E+07
5.00000E-02	3.65169E+00	1.09975E+07
5.00000E-02	3.93258E+00	1.04080E+07
5.00000E-02	4.21348E+00	9.89243E+06
5.00000E-02	4.49438E+00	9.43678E+06
5.00000E-02	4.77528E+00	9.03874E+06
5.00000E-02	5.05618E+00	8.68538E+06
5.00000E-02	5.33708E+00	8.37546E+06
5.00000E-02	5.61798E+00	8.10038E+06
5.00000E-02	5.89888E+00	7.85868E+06
5.00000E-02	6.17978E+00	7.64544E+06
5.00000E-02	6.46067E+00	7.45825E+06
5.00000E-02	6.74157E+00	7.29554E+06
5.00000E-02	7.02247E+00	7.15146E+06
5.00000E-02	7.30337E+00	7.02817E+06
5.00000E-02	7.58427E+00	6.91932E+06
5.00000E-02	7.86517E+00	6.82689E+06
5.00000E-02	8.14607E+00	6.74514E+06
5.00000E-02	8.42697E+00	6.67633E+06
5.00000E-02	8.70787E+00	6.61634E+06
5.00000E-02	8.98876E+00	6.56670E+06
5.00000E-02	9.26966E+00	6.52558E+06
5.00000E-02	9.55056E+00	6.49164E+06
5.00000E-02	9.83146E+00	6.46516E+06
5.00000E-02	1.01124E+01	6.44402E+06
5.00000E-02	1.03933E+01	6.42892E+06
5.00000E-02	1.06742E+01	6.41683E+06
5.00000E-02	1.09551E+01	6.40962E+06
5.00000E-02	1.12360E+01	6.40495E+06
5.00000E-02	1.15169E+01	6.40316E+06
5.00000E-02	1.17978E+01	6.40152E+06
5.00000E-02	1.20787E+01	6.40093E+06
5.00000E-02	1.23596E+01	6.40065E+06
5.00000E-02	1.26404E+01	6.40227E+06
5.00000E-02	1.29213E+01	6.40010E+06
5.00000E-02	1.32022E+01	6.39697E+06
5.00000E-02	1.34831E+01	6.39497E+06
5.00000E-02	1.37640E+01	6.39417E+06
5.00000E-02	1.40449E+01	6.38841E+06
5.00000E-02	1.43258E+01	6.38098E+06
5.00000E-02	1.46067E+01	6.37353E+06
5.00000E-02	1.48876E+01	6.36374E+06
5.00000E-02	1.51685E+01	6.35181E+06
5.00000E-02	1.54494E+01	6.33872E+06
5.00000E-02	1.57303E+01	6.32444E+06
5.00000E-02	1.60112E+01	6.30615E+06
5.00000E-02	1.62921E+01	6.28569E+06
5.00000E-02	1.65730E+01	6.26448E+06
5.00000E-02	1.68539E+01	6.24183E+06
5.00000E-02	1.71348E+01	6.21633E+06
5.00000E-02	1.74157E+01	6.18853E+06
5.00000E-02	1.76966E+01	6.15877E+06
5.00000E-02	1.79775E+01	6.12646E+06
5.00000E-02	1.82584E+01	6.09177E+06
5.00000E-02	1.85393E+01	6.05579E+06
5.00000E-02	1.88202E+01	6.01863E+06
5.00000E-02	1.91011E+01	5.97941E+06
5.00000E-02	1.93820E+01	5.93886E+06
5.00000E-02	1.96629E+01	5.89670E+06
5.00000E-02	1.99438E+01	5.85239E+06
5.00000E-02	2.02247E+01	5.80625E+06
5.00000E-02	2.05056E+01	5.75923E+06
5.00000E-02	2.07865E+01	5.71149E+06
5.00000E-02	2.10674E+01	5.66229E+06
5.00000E-02	2.13483E+01	5.61248E+06
5.00000E-02	2.16292E+01	5.56245E+06
5.00000E-02	2.19101E+01	5.51165E+06
5.00000E-02	2.21910E+01	5.45966E+06
5.00000E-02	2.24719E+01	5.40701E+06
5.00000E-02	2.27528E+01	5.35416E+06
5.00000E-02	2.30337E+01	5.30084E+06
5.00000E-02	2.33146E+01	5.24711E+06
5.00000E-02	2.35955E+01	5.19367E+06
5.00000E-02	2.38764E+01	5.14062E+06
5.00000E-02	2.41573E+01	5.08756E+06
5.00000E-02	2.44382E+01	5.03486E+06
5.00000E-02	2.47191E+01	4.98281E+06
5.00000E-02	2.50000E+01	4.93096E+06
1.00000E-01	0.00000E+00	4.21534E+07
1.00000E-01	2.80899E-01	2.80984E+07
1.00000E-01	5.61798E-01	2.47860E+07
1.00000E-01	8.42697E-01	2.42187E+07
1.00000E-01	1.12360E+00	2.32269E+07
1.00000E-01	1.40449E+00	2.08145E+07
1.00000E-01	1.68539E+00	1.85210E+07
1.00000E-01	1.96629E+00	1.67286E+07
1.00000E-01	2.24719E+00	1.53634E+07
1.00000E-01	2.52809E+00	1.42475E+07
1.00000E-01	2.80899E+00	1.32814E+07
1.00000E-01	3.08989E+00	1.24247E+07
1.00000E-01	3.37079E+00	1.16670E+07
1.00000E-01	3.65169E+00	1.09975E+07
1.00000E-01	3.93258E+00	1.04079E+07
1.00000E-01	4.21348E+00	9.89241E+06
1.00000E-01	4.49438E+00	9.43679E+06
1.00000E-01	4.77528E+00	9.03873E+06
1.00000E-01	5.05618E+00	8.68538E+06
1.00000E-01	5.33708E+00	8.37546E+06
1.00000E-01	5.61798E+00	8.10039E+06
1.00000E-01	5.89888E+00	7.85868E+06
1.00000E-01	6.17978E+00	7.64546E+06
1.00000E-01	6.46067E+00	7.45826E+06
1.00000E-01	6.74157E+00	7.29554E+06
1.00000E-01	7.02247E+00	7.15149E+06
1.00000E-01	7.30337E+00	7.02817E+06
1.00000E-01	7.58427E+00	6.91933E+06
1.00000E-01	7.86517E+00	6.82690E+06
1.00000E-01	8.14607E+00	6.74515E+06
1.00000E-01	8.42697E+00	6.67634E+06
1.00000E-01	8.70787E+00	6.61635E+06
1.00000E-01	8.98876E+00	6.56671E+06
1.00000E-01	9.26966E+00	6.52559E+06
1.00000E-01	9.55056E+00	6.49165E+06
1.00000E-01	9.83146E+00	6.46517E+06
1.00000E-01	1.01124E+01	6.44403E+06
1.00000E-01	1.03933E+01	6.42892E+06
1.00000E-01	1.06742E+01	6.41683E+06
1.00000E-01	1.09551E+01	6.40963E+06
1.00000E-01	1.12360E+01	6.40496E+06
1.00000E-01	1.15169E+01	6.40316E+06
1.00000E-01	1.17978E+01	6.40153E+06
1.00000E-01	1.20787E+01	6.40094E+06
1.00000E-01	1.23596E+01	6.40066E+06
1.00000E-01	1.26404E+01	6.40226E+06
1.00000E-01	1.29213E+01	6.40011E+06
1.00000E-01	1.32022E+01	6.39697E+06
1.00000E-01	1.34831E+01	6.39498E+06
1.00000E-01	1.37640E+01	6.39417E+06
1.00000E-01	1.40449E+01	6.38841E+06
1.00000E-01	1.43258E+01	6.38099E+06
1.00000E-01	1.46067E+01	6.37349E+06
1.00000E-01	1.48876E+01	6.36374E+06
1.00000E-01	1.51685E+01	6.35181E+06
1.00000E-01	1.54494E+01	6.33872E+06
1.00000E-01	1.57303E+01	6.32443E+06
1.00000E-01	1.60112E+01	6.30614E+06
1.00000E-01	1.62921E+01	6.28569E+06
1.00000E-01	1.65730E+01	6.26448E+06
1.00000E-01	1.68539E+01	6.24182E+06
1.00000E-01	1.71348E+01	6.21628E+06
1.00000E-01	1.74157E+01	6.18853E+06
1.00000E-01	1.76966E+01	6.15877E+06
1.00000E-01	1.79775E+01	6.12645E+06
1.00000E-01	1.82584E+01	6.09173E+06
1.00000E-01	1.85393E+01	6.05578E+06
1.00000E-01	1.88202E+01	6.01863E+06
1.00000E-01	1.91011E+01	5.97941E+06
1.00000E-01	1.93820E+01	5.93891E+06
1.00000E-01	1.96629E+01	5.89670E+06
1.00000E-01	1.99438E+01	5.85238E+06
1.00000E-01	2.02247E+01	5.80625E+06
1.00000E-01	2.05056E+01	5.75922E+06
1.00000E-01	2.07865E+01	5.71146E+06
1.00000E-01	2.10674E+01	5.66232E+06
1.00000E-01	2.13483E+01	5.61247E+06
1.00000E-01	2.16292E+01	5.56245E+06
1.00000E-01	2.19101E+01	5.51168E+06
1.00000E-01	2.21910E+01	5.45964E+06
1.00000E-01	2.24719E+01	5.40701E+06
1.00000E-01	2.27528E+01	5.35417E+06
1.00000E-01	2.30337E+01	5.30083E+06
1.00000E-01	2.33146E+01	5.24711E+06
1.00000E-01	2.35955E+01	5.19369E+06
1.00000E-01	2.38764E+01	5.14062E+06
1.00000E-01	2.41573E+01	5.08755E+06
1.00000E-01	2.44382E+01	5.03486E+06
1.00000E-01	2.47191E+01	4.98279E+06
1.00000E-01	2.50000E+01	4.93096E+06
2.00000E-01	0.00000E+00	3.72121E+07
2.00000E-01	2.80899E-01	2.80427E+07
2.00000E-01	5.61798E-01	2.47938E+07
2.00000E-01	8.42697E-01	2.42192E+07
2.00000E-01	1.12360E+00	2.32123E+07
2.00000E-01	1.40449E+00	2.08101E+07
2.00000E-01	1.68539E+00	1.85195E+07
2.00000E-01	1.96629E+00	1.67281E+07
2.00000E-01	2.24719E+00	1.53629E+07
2.00000E-01	2.52809E+00	1.42470E+07
2.00000E-01	2.80899E+00	1.32809E+07
2.00000E-01	3.08989E+00	1.24244E+07
2.00000E-01	3.37079E+00	1.16667E+07
2.00000E-01	3.65169E+00	1.09973E+07
2.00000E-01	3.93258E+00	1.04079E+07
2.00000E-01	4.21348E+00	9.89233E+06
2.00000E-01	4.49438E+00	9.43681E+06
2.00000E-01	4.77528E+00	9.03869E+06
2.00000E-01	5.05618E+00	8.68540E+06
2.00000E-01	5.33708E+00	8.37544E+06
2.00000E-01	5.61798E+00	8.10040E+06
2.00000E-01	5.89888E+00	7.85869E+06
2.00000E-01	6.17978E+00	7.64551E+06
2.00000E-01	6.46067E+00	7.45831E+06
2.00000E-01	6.74157E+00	7.29555E+06
2.00000E-01	7.02247E+00	7.15158E+06
2.00000E-01	7.30337E+00	7.02818E+06
2.00000E-01	7.58427E+00	6.91938E+06
2.00000E-01	7.86517E+00	6.82691E+06
2.00000E-01	8.14607E+00	6.74521E+06
2.00000E-01	8.42697E+00	6.67636E+06
2.00000E-01	8.70787E+00	6.61642E+06
2.00000E-01	8.98876E+00	6.56675E+06
2.00000E-01	9.26966E+00	6.52563E+06
2.00000E-01	9.55056E+00	6.49169E+06
2.00000E-01	9.83146E+00	6.46518E+06
2.00000E-01	1.01124E+01	6.44407E+06
2.00000E-01	1.03933E+01	6.42893E+06
2.00000E-01	1.06742E+01	6.41687E+06
2.00000E-01	1.09551E+01	6.40965E+06
2.00000E-01	1.12360E+01	6.40500E+06
2.00000E-01	1.15169E+01	6.40317E+06
2.00000E-01	1.17978E+01	6.40155E+06
2.00000E-01	1.20787E+01	6.40095E+06
2.00000E-01	1.23596E+01	6.40068E+06
2.00000E-01	1.26404E+01	6.40223E+06
2.00000E-01	1.29213E+01	6.40011E+06
2.00000E-01	1.32022E+01	6.39698E+06
2.00000E-01	1.34831E+01	6.39500E+06
2.00000E-01	1.37640E+01	6.39415E+06
2.00000E-01	1.40449E+01	6.38841E+06
2.00000E-01	1.43258E+01	6.38099E+06
2.00000E-01	1.46067E+01	6.37348E+06
2.00000E-01	1.48876E+01	6.36373E+06
2.00000E-01	1.51685E+01	6.35181E+06
2.00000E-01	1.54494E+01	6.33872E+06
2.00000E-01	1.57303E+01	6.32441E+06
2.00000E-01	1.60112E+01	6.30614E+06
2.00000E-01	1.62921E+01	6.28569E+06
2.00000E-01	1.65730E+01	6.26448E+06
2.00000E-01	1.68539E+01	6.24181E+06
2.00000E-01	1.71348E+01	6.21627E+06
2.00000E-01	1.74157E+01	6.18852E+06
2.00000E-01	1.76966E+01	6.15876E+06
2.00000E-01	1.79775E+01	6.12644E+06
2.00000E-01	1.82584E+01	6.09172E+06
2.00000E-01	1.85393E+01	6.05578E+06
2.00000E-01	1.88202E+01	6.01861E+06
2.00000E-01	1.91011E+01	5.97940E+06
2.00000E-01	1.93820E+01	5.93890E+06
2.00000E-01	1.96629E+01	5.89668E+06
2.00000E-01	1.99438E+01	5.85237E+06
2.00000E-01	2.02247E+01	5.80624E+06
2.00000E-01	2.05056E+01	5.75922E+06
2.00000E-01	2.07865E+01	5.71145E+06
2.00000E-01	2.10674E+01	5.66231E+06
2.00000E-01	2.13483E+01	5.61246E+06
2.00000E-01	2.16292E+01	5.56244E+06
2.00000E-01	2.19101E+01	5.51166E+06
2.00000E-01	2.21910E+01	5.45963E+06
2.00000E-01	2.24719E+01	5.40700E+06
2.00000E-01	2.27528E+01	5.35416E+06
2.00000E-01	2.30337E+01	5.30082E+06
2.00000E-01	2.33146E+01	5.24710E+06
2.00000E-01	2.35955E+01	5.19369E+06
2.00000E-01	2.38764E+01	5.14061E+06
2.00000E-01	2.41573E+01	5.08755E+06
2.00000E-01	2.44382E+01	5.03486E+06
2.00000E-01	2.47191E+01	4.98279E+06
2.00000E-01	2.50000E+01	4.93095E+06
2.50000E-01	0.00000E+00	3.60576E+07
2.50000E-01	2.80899E-01	2.79815E+07
2.50000E-01	5.61798E-01	2.47971E+07
2.50000E-01	8.42697E-01	2.42175E+07
2.50000E-01	1.12360E+00	2.32010E+07
2.50000E-01	1.40449E+00	2.08066E+07
2.50000E-01	1.68539E+00	1.85182E+07
2.50000E-01	1.96629E+00	1.67277E+07
2.50000E-01	2.24719E+00	1.53625E+07
2.50000E-01	2.52809E+00	1.42466E+07
2.50000E-01	2.80899E+00	1.32805E+07
2.50000E-01	3.08989E+00	1.24241E+07
2.50000E-01	3.37079E+00	1.16665E+07
2.50000E-01	3.65169E+00	1.09972E+07
2.50000E-01	3.93258E+00	1.04078E+07
2.50000E-01	4.21348E+00	9.89226E+06
2.50000E-01	4.49438E+00	9.43682E+06
2.50000E-01	4.77528E+00	9.03866E+06
2.50000E-01	5.05618E+00	8.68541E+06
2.50000E-01	5.33708E+00	8.37543E+06
2.50000E-01	5.61798E+00	8.10042E+06
2.50000E-01	5.89888E+00	7.85870E+06
2.50000E-01	6.17978E+00	7.64554E+06
2.50000E-01	6.46067E+00	7.45835E+06
2.50000E-01	6.74157E+00	7.29555E+06
2.50000E-01	7.02247E+00	7.15163E+06
2.50000E-01	7.30337E+00	7.02819E+06
2.50000E-01	7.58427E+00	6.91941E+06
2.50000E-01	7.86517E+00	6.82692E+06
2.50000E-01	8.14607E+00	6.74525E+06
2.50000E-01	8.42697E+00	6.67638E+06
2.50000E-01	8.70787E+00	6.61646E+06
2.50000E-01	8.98876E+00	6.56678E+06
2.50000E-01	9.26966E+00	6.52565E+06
2.50000E-01	9.55056E+00	6.49172E+06
2.50000E-01	9.83146E+00	6.46519E+06
2.50000E-01	1.01124E+01	6.44410E+06
2.50000E-01	1.03933E+01	6.42893E+06
2.50000E-01	1.06742E+01	6.41690E+06
2.50000E-01	1.09551E+01	6.40966E+06
2.50000E-01	1.12360E+01	6.40503E+06
2.50000E-01	1.15169E+01	6.40318E+06
2.50000E-01	1.17978E+01	6.40156E+06
2.50000E-01	1.20787E+01	6.40096E+06
2.50000E-01	1.23596E+01	6.40070E+06
2.50000E-01	1.26404E+01	6.40222E+06
2.50000E-01	1.29213E+01	6.40011E+06
2.50000E-01	1.32022E+01	6.39699E+06
2.50000E-01	1.34831E+01	6.39502E+06
2.50000E-01	1.37640E+01	6.39414E+06
2.50000E-01	1.40449E+01	6.38841E+06
2.50000E-01	1.43258E+01	6.38100E+06
2.50000E-01	1.46067E+01	6.37347E+06
2.50000E-01	1.48876E+01	6.36373E+06
2.50000E-01	1.51685E+01	6.35181E+06
2.50000E-01	1.54494E+01	6.33872E+06
2.50000E-01	1.57303E+01	6.32439E+06
2.50000E-01	1.60112E+01	6.30613E+06
2.50000E-01	1.62921E+01	6.28569E+06
2.50000E-01	1.65730E+01	6.26447E+06
2.50000E-01	1.68539E+01	6.24180E+06
2.50000E-01	1.71348E+01	6.21626E+06
2.50000E-01	1.74157E+01	6.18851E+06
2.50000E-01	1.76966E+01	6.15875E+06
2.50000E-01	1.79775E+01	6.12643E+06
2.50000E-01	1.82584E+01	6.09172E+06
2.50000E-01	1.85393E+01	6.05577E+06
2.50000E-01	1.88202E+01	6.01860E+06
2.50000E-01	1.91011E+01	5.97940E+06
2.50000E-01	1.93820E+01	5.93889E+06
2.50000E-01	1.96629E+01	5.89667E+06
2.50000E-01	1.99438E+01	5.85236E+06
2.50000E-01	2.02247E+01	5.80623E+06
2.50000E-01	2.05056E+01	5.75921E+06
2.50000E-01	2.07865E+01	5.71144E+06
2.50000E-01	2.10674E+01	5.66230E+06
2.50000E-01	2.13483E+01	5.61246E+06
2.50000E-01	2.16292E+01	5.56243E+06
2.50000E-01	2.19101E+01	5.51166E+06
2.50000E-01	2.21910E+01	5.45963E+06
2.50000E-01	2.24719E+01	5.40700E+06
2.50000E-01	2.27528E+01	5.35415E+06
2.50000E-01	2.30337E+01	5.30082E+06
2.50000E-01	2.33146E+01	5.24710E+06
2.50000E-01	2.35955E+01	5.19369E+06
2.50000E-01	2.38764E+01	5.14061E+06
2.50000E-01	2.41573E+01	5.08754E+06
2.50000E-01	2.44382E+01	5.03485E+06
2.50000E-01	2.47191E+01	4.98278E+06
2.50000E-01	2.50000E+01	4.93095E+06
3.00000E-01	0.00000E+00	3.52054E+07
3.00000E-01	2.80899E-01	2.78985E+07
3.00000E-01	5.61798E-01	2.47990E+07
3.00000E-01	8.42697E-01	2.42143E+07
3.00000E-01	1.12360E+00	2.31875E+07
3.00000E-01	1.40449E+00	2.08023E+07
3.00000E-01	1.68539E+00	1.85166E+07
3.00000E-01	1.96629E+00	1.67271E+07
3.00000E-01	2.24719E+00	1.53619E+07
3.00000E-01	2.52809E+00	1.42461E+07
3.00000E-01	2.80899E+00	1.32800E+07
3.00000E-01	3.08989E+00	1.24238E+07
3.00000E-01	3.37079E+00	1.16663E+07
3.00000E-01	3.65169E+00	1.09970E+07
3.00000E-01	3.93258E+00	1.04078E+07
3.00000E-01	4.21348E+00	9.89218E+06
3.00000E-01	4.49438E+00	9.43683E+06
3.00000E-01	4.77528E+00	9.03861E+06
3.00000E-01	5.05618E+00	8.68542E+06
3.00000E-01	5.33708E+00	8.37542E+06
3.00000E-01	5.61798E+00	8.10044E+06
3.00000E-01	5.89888E+00	7.85871E+06
3.00000E-01	6.17978E+00	7.64558E+06
3.00000E-01	6.46067E+00	7.45840E+06
3.00000E-01	6.74157E+00	7.29557E+06
3.00000E-01	7.02247E+00	7.15170E+06
3.00000E-01	7.30337E+00	7.02820E+06
3.00000E-01	7.58427E+00	6.91946E+06
3.00000E-01	7.86517E+00	6.82694E+06
3.00000E-01	8.14607E+00	6.74531E+06
3.00000E-01	8.42697E+00	6.67640E+06
3.00000E-01	8.70787E+00	6.61651E+06
3.00000E-01	8.98876E+00	6.56681E+06
3.00000E-01	9.26966E+00	6.52568E+06
3.00000E-01	9.55056E+00	6.49176E+06
3.00000E-01	9.83146E+00	6.46520E+06
3.00000E-01	1.01124E+01	6.44414E+06
3.00000E-01	1.03933E+01	6.42894E+06
3.00000E-01	1.06742E+01	6.41693E+06
3.00000E-01	1.09551E+01	6.40967E+06
3.00000E-01	1.12360E+01	6.40506E+06
3.00000E-01	1.15169E+01	6.40319E+06
3.00000E-01	1.17978E+01	6.40158E+06
3.00000E-01	1.20787E+01	6.40097E+06
3.00000E-01	1.23596E+01	6.40072E+06
3.00000E-01	1.26404E+01	6.40220E+06
3.00000E-01	1.29213E+01	6.40012E+06
3.00000E-01	1.32022E+01	6.39700E+06
3.00000E-01	1.34831E+01	6.39505E+06
3.00000E-01	1.37640E+01	6.39412E+06
3.00000E-01	1.40449E+01	6.38841E+06
3.00000E-01	1.43258E+01	6.38101E+06
3.00000E-01	1.46067E+01	6.37346E+06
3.00000E-01	1.48876E+01	6.36372E+06
3.00000E-01	1.51685E+01	6.35180E+06
3.00000E-01	1.54494E+01	6.33872E+06
3.00000E-01	1.57303E+01	6.32437E+06
3.00000E-01	1.60112E+01	6.30612E+06
3.00000E-01	1.62921E+01	6.28568E+06
3.00000E-01	1.65730E+01	6.26447E+06
3.00000E-01	1.68539E+01	6.24179E+06
3.00000E-01	1.71348E+01	6.21625E+06
3.00000E-01	1.74157E+01	6.18850E+06
3.00000E-01	1.76966E+01	6.15873E+06
3.00000E-01	1.79775E+01	6.12641E+06
3.00000E-01	1.82584E+01	6.09171E+06
3.00000E-01	1.85393E+01	6.05577E+06
3.00000E-01	1.88202E+01	6.01859E+06
3.00000E-01	1.91011E+01	5.97939E+06
3.00000E-01	1.93820E+01	5.93887E+06
3.00000E-01	1.96629E+01	5.89665E+06
3.00000E-01	1.99438E+01	5.85234E+06
3.00000E-01	2.02247E+01	5.80622E+06
3.00000E-01	2.05056E+01	5.75920E+06
3.00000E-01	2.07865E+01	5.71142E+06
3.00000E-01	2.10674E+01	5.66230E+06
3.00000E-01	2.13483E+01	5.61245E+06
3.00000E-01	2.16292E+01	5.56242E+06
3.00000E-01	2.19101E+01	5.51164E+06
3.00000E-01	2.21910E+01	5.45962E+06
3.00000E-01	2.24719E+01	5.40699E+06
3.00000E-01	2.27528E+01	5.35414E+06
3.00000E-01	2.30337E+01	5.30081E+06
3.00000E-01	2.33146E+01	5.24710E+06
3.00000E-01	2.35955E+01	5.19368E+06
3.00000E-01	2.38764E+01	5.14060E+06
3.00000E-01	2.41573E+01	5.08754E+06
3.00000E-01	2.44382E+01	5.03485E+06
3.00000E-01	2.47191E+01	4.98278E+06
3.00000E-01	2.50000E+01	4.93094E+06
4.00000E-01	0.00000E+00	3.39459E+07
4.00000E-01	2.80899E-01	2.77146E+07
4.00000E-01	5.61798E-01	2.47956E+07
4.00000E-01	8.42697E-01	2.42032E+07
4.00000E-01	1.12360E+00	2.31544E+07
4.00000E-01	1.40449E+00	2.07908E+07
4.00000E-01	1.68539E+00	1.85121E+07
4.00000E-01	1.96629E+00	1.67256E+07
4.00000E-01	2.24719E+00	1.53604E+07
4.00000E-01	2.52809E+00	1.42447E+07
4.00000E-01	2.80899E+00	1.32787E+07
4.00000E-01	3.08989E+00	1.24230E+07
4.00000E-01	3.37079E+00	1.16657E+07
4.00000E-01	3.65169E+00	1.09966E+07
4.00000E-01	3.93258E+00	1.04076E+07
4.00000E-01	4.21348E+00	9.89196E+06
4.00000E-01	4.49438E+00	9.43683E+06
4.00000E-01	4.77528E+00	9.03850E+06
4.00000E-01	5.05618E+00	8.68545E+06
4.00000E-01	5.33708E+00	8.37538E+06
4.00000E-01	5.61798E+00	8.10049E+06
4.00000E-01	5.89888E+00	7.85874E+06
4.00000E-01	6.17978E+00	7.64565E+06
4.00000E-01	6.46067E+00	7.45851E+06
4.00000E-01	6.74157E+00	7.29561E+06
4.00000E-01	7.02247E+00	7.15186E+06
4.00000E-01	7.30337E+00	7.02824E+06
4.00000E-01	7.58427E+00	6.91958E+06
4.00000E-01	7.86517E+00	6.82697E+06
4.00000E-01	8.14607E+00	6.74543E+06
4.00000E-01	8.42697E+00	6.67645E+06
4.00000E-01	8.70787E+00	6.61662E+06
4.00000E-01	8.98876E+00	6.56689E+06
4.00000E-01	9.26966E+00	6.52576E+06
4.00000E-01	9.55056E+00	6.49185E+06
4.00000E-01	9.83146E+00	6.46525E+06
4.00000E-01	1.01124E+01	6.44422E+06
4.00000E-01	1.03933E+01	6.42897E+06
4.00000E-01	1.06742E+01	6.41701E+06
4.00000E-01	1.09551E+01	6.40971E+06
4.00000E-01	1.12360E+01	6.40513E+06
4.00000E-01	1.15169E+01	6.40321E+06
4.00000E-01	1.17978E+01	6.40162E+06
4.00000E-01	1.20787E+01	6.40100E+06
4.00000E-01	1.23596E+01	6.40077E+06
4.00000E-01	1.26404E+01	6.40215E+06
4.00000E-01	1.29213E+01	6.40012E+06
4.00000E-01	1.32022E+01	6.39702E+06
4.00000E-01	1.34831E+01	6.39510E+06
4.00000E-01	1.37640E+01	6.39408E+06
4.00000E-01	1.40449E+01	6.38841E+06
4.00000E-01	1.43258E+01	6.38102E+06
4.00000E-01	1.46067E+01	6.37344E+06
4.00000E-01	1.48876E+01	6.36370E+06
4.00000E-01	1.51685E+01	6.35180E+06
4.00000E-01	1.54494E+01	6.33872E+06
4.00000E-01	1.57303E+01	6.32432E+06
4.00000E-01	1.60112E+01	6.30610E+06
4.00000E-01	1.62921E+01	6.28567E+06
4.00000E-01	1.65730E+01	6.26446E+06
4.00000E-01	1.68539E+01	6.24175E+06
4.00000E-01	1.71348E+01	6.21622E+06
4.00000E-01	1.74157E+01	6.18847E+06
4.00000E-01	1.76966E+01	6.15870E+06
4.00000E-01	1.79775E+01	6.12638E+06
4.00000E-01	1.82584E+01	6.09169E+06
4.00000E-01	1.85393E+01	6.05575E+06
4.00000E-01	1.88202E+01	6.01856E+06
4.00000E-01	1.91011E+01	5.97937E+06
4.00000E-01	1.93820E+01	5.93884E+06
4.00000E-01	1.96629E+01	5.89662E+06
4.00000E-01	1.99438E+01	5.85231E+06
4.00000E-01	2.02247E+01	5.80620E+06
4.00000E-01	2.05056E+01	5.75918E+06
4.00000E-01	2.07865E+01	5.71139E+06
4.00000E-01	2.10674E+01	5.66228E+06
4.00000E-01	2.13483E+01	5.61244E+06
4.00000E-01	2.16292E+01	5.56240E+06
4.00000E-01	2.19101E+01	5.51161E+06
4.00000E-01	2.21910E+01	5.45960E+06
4.00000E-01	2.24719E+01	5.40697E+06
4.00000E-01	2.27528E+01	5.35412E+06
4.00000E-01	2.30337E+01	5.30079E+06
4.00000E-01	2.33146E+01	5.24709E+06
4.00000E-01	2.35955E+01	5.19367E+06
4.00000E-01	2.38764E+01	5.14058E+06
4.00000E-01	2.41573E+01	5.08753E+06
4.00000E-01	2.44382E+01	5.03484E+06
4.00000E-01	2.47191E+01	4.98277E+06
4.00000E-01	2.50000E+01	4.93093E+06
5.00000E-01	0.00000E+00	3.29796E+07
5.00000E-01	2.80899E-01	2.75858E+07
5.00000E-01	5.61798E-01	2.47787E+07
5.00000E-01	8.42697E-01	2.41850E+07
5.00000E-01	1.12360E+00	2.31134E+07
5.00000E-01	1.40449E+00	2.07750E+07
5.00000E-01	1.68539E+00	1.85062E+07
5.00000E-01	1.96629E+00	1.67234E+07
5.00000E-01	2.24719E+00	1.53584E+07
5.00000E-01	2.52809E+00	1.42427E+07
5.00000E-01	2.80899E+00	1.32770E+07
5.00000E-01	3.08989E+00	1.24218E+07
5.00000E-01	3.37079E+00	1.16648E+07
5.00000E-01	3.65169E+00	1.09960E+07
5.00000E-01	3.93258E+00	1.04073E+07
5.00000E-01	4.21348E+00	9.89167E+06
5.00000E-01	4.49438E+00	9.43678E+06
5.00000E-01	4.77528E+00	9.03835E+06
5.00000E-01	5.05618E+00	8.68547E+06
5.00000E-01	5.33708E+00	8.37533E+06
5.00000E-01	5.61798E+00	8.10055E+06
5.00000E-01	5.89888E+00	7.85879E+06
5.00000E-01	6.17978E+00	7.64574E+06
5.00000E-01	6.46067E+00	7.45864E+06
5.00000E-01	6.74157E+00	7.29566E+06
5.00000E-01	7.02247E+00	7.15203E+06
5.00000E-01	7.30337E+00	7.02829E+06
5.00000E-01	7.58427E+00	6.91973E+06
5.00000E-01	7.86517E+00	6.82702E+06
5.00000E-01	8.14607E+00	6.74558E+06
5.00000E-01	8.42697E+00	6.67652E+06
5.00000E-01	8.70787E+00	6.61675E+06
5.00000E-01	8.98876E+00	6.56700E+06
5.00000E-01	9.26966E+00	6.52585E+06
5.00000E-01	9.55056E+00	6.49196E+06
5.00000E-01	9.83146E+00	6.46532E+06
5.00000E-01	1.01124E+01	6.44433E+06
5.00000E-01	1.03933E+01	6.42901E+06
5.00000E-01	1.06742E+01	6.41711E+06
5.00000E-01	1.09551E+01	6.40976E+06
5.00000E-01	1.12360E+01	6.40521E+06
5.00000E-01	1.15169E+01	6.40324E+06
5.00000E-01	1.17978E+01	6.40167E+06
5.00000E-01	1.20787E+01	6.40103E+06
5.00000E-01	1.23596E+01	6.40084E+06
5.00000E-01	1.26404E+01	6.40210E+06
5.00000E-01	1.29213E+01	6.40013E+06
5.00000E-01	1.32022E+01	6.39705E+06
5.00000E-01	1.34831E+01	6.39516E+06
5.00000E-01	1.37640E+01	6.39402E+06
5.00000E-01	1.40449E+01	6.38840E+06
5.00000E-01	1.43258E+01	6.38104E+06
5.00000E-01	1.46067E+01	6.37341E+06
5.00000E-01	1.48876E+01	6.36368E+06
5.00000E-01	1.51685E+01	6.35179E+06
5.00000E-01	1.54494E+01	6.33872E+06
5.00000E-01	1.57303E+01	6.32426E+06
5.00000E-01	1.60112E+01	6.30607E+06
5.00000E-01	1.62921E+01	6.28566E+06
5.00000E-01	1.65730E+01	6.26445E+06
5.00000E-01	1.68539E+01	6.24171E+06
5.00000E-01	1.71348E+01	6.21619E+06
5.00000E-01	1.74157E+01	6.18844E+06
5.00000E-01	1.76966E+01	6.15865E+06
5.00000E-01	1.79775E+01	6.12634E+06
5.00000E-01	1.82584E+01	6.09166E+06
5.00000E-01	1.85393E+01	6.05572E+06
5.00000E-01	1.88202E+01	6.01851E+06
5.00000E-01	1.91011E+01	5.97934E+06
5.00000E-01	1.93820E+01	5.93880E+06
5.00000E-01	1.96629E+01	5.89657E+06
5.00000E-01	1.99438E+01	5.85226E+06
5.00000E-01	2.02247E+01	5.80617E+06
5.00000E-01	2.05056E+01	5.75915E+06
5.00000E-01	2.07865E+01	5.71135E+06
5.00000E-01	2.10674E+01	5.66225E+06
5.00000E-01	2.13483E+01	5.61242E+06
5.00000E-01	2.16292E+01	5.56237E+06
5.00000E-01	2.19101E+01	5.51158E+06
5.00000E-01	2.21910E+01	5.45957E+06
5.00000E-01	2.24719E+01	5.40695E+06
5.00000E-01	2.27528E+01	5.35409E+06
5.00000E-01	2.30337E+01	5.30076E+06
5.00000E-01	2.33146E+01	5.24707E+06
5.00000E-01	2.35955E+01	5.19366E+06
5.00000E-01	2.38764E+01	5.14056E+06
5.00000E-01	2.41573E+01	5.08751E+06
5.00000E-01	2.44382E+01	5.03483E+06
5.00000E-01	2.47191E+01	4.98275E+06
5.00000E-01	2.50000E+01	4.93091E+06
6.00000E-01	0.00000E+00	3.21688E+07
6.00000E-01	2.80899E-01	2.75202E+07
6.00000E-01	5.61798E-01	2.47487E+07
6.00000E-01	8.42697E-01	2.41581E+07
6.00000E-01	1.12360E+00	2.30646E+07
6.00000E-01	1.40449E+00	2.07547E+07
6.00000E-01	1.68539E+00	1.84985E+07
6.00000E-01	1.96629E+00	1.67204E+07
6.00000E-01	2.24719E+00	1.53557E+07
6.00000E-01	2.52809E+00	1.42402E+07
6.00000E-01	2.80899E+00	1.32749E+07
6.00000E-01	3.08989E+00	1.24203E+07
6.00000E-01	3.37079E+00	1.16637E+07
6.00000E-01	3.65169E+00	1.09953E+07
6.00000E-01	3.93258E+00	1.04069E+07
6.00000E-01	4.21348E+00	9.89131E+06
6.00000E-01	4.49438E+00	9.43668E+06
6.00000E-01	4.77528E+00	9.03817E+06
6.00000E-01	5.05618E+00	8.68547E+06
6.00000E-01	5.33708E+00	8.37528E+06
6.00000E-01	5.61798E+00	8.10061E+06
6.00000E-01	5.89888E+00	7.85884E+06
6.00000E-01	6.17978E+00	7.64584E+06
6.00000E-01	6.46067E+00	7.45879E+06
6.00000E-01	6.74157E+00	7.29573E+06
6.00000E-01	7.02247E+00	7.15222E+06
6.00000E-01	7.30337E+00	7.02837E+06
6.00000E-01	7.58427E+00	6.91991E+06
6.00000E-01	7.86517E+00	6.82710E+06
6.00000E-01	8.14607E+00	6.74575E+06
6.00000E-01	8.42697E+00	6.67661E+06
6.00000E-01	8.70787E+00	6.61690E+06
6.00000E-01	8.98876E+00	6.56713E+06
6.00000E-01	9.26966E+00	6.52596E+06
6.00000E-01	9.55056E+00	6.49209E+06
6.00000E-01	9.83146E+00	6.46541E+06
6.00000E-01	1.01124E+01	6.44445E+06
6.00000E-01	1.03933E+01	6.42907E+06
6.00000E-01	1.06742E+01	6.41723E+06
6.00000E-01	1.09551E+01	6.40983E+06
6.00000E-01	1.12360E+01	6.40530E+06
6.00000E-01	1.15169E+01	6.40327E+06
6.00000E-01	1.17978E+01	6.40173E+06
6.00000E-01	1.20787E+01	6.40107E+06
6.00000E-01	1.23596E+01	6.40091E+06
6.00000E-01	1.26404E+01	6.40205E+06
6.00000E-01	1.29213E+01	6.40014E+06
6.00000E-01	1.32022E+01	6.39708E+06
6.00000E-01	1.34831E+01	6.39522E+06
6.00000E-01	1.37640E+01	6.39395E+06
6.00000E-01	1.40449E+01	6.38840E+06
6.00000E-01	1.43258E+01	6.38105E+06
6.00000E-01	1.46067E+01	6.37338E+06
6.00000E-01	1.48876E+01	6.36365E+06
6.00000E-01	1.51685E+01	6.35178E+06
6.00000E-01	1.54494E+01	6.33871E+06
6.00000E-01	1.57303E+01	6.32419E+06
6.00000E-01	1.60112E+01	6.30603E+06
6.00000E-01	1.62921E+01	6.28565E+06
6.00000E-01	1.65730E+01	6.26442E+06
6.00000E-01	1.68539E+01	6.24166E+06
6.00000E-01	1.71348E+01	6.21614E+06
6.00000E-01	1.74157E+01	6.18839E+06
6.00000E-01	1.76966E+01	6.15860E+06
6.00000E-01	1.79775E+01	6.12628E+06
6.00000E-01	1.82584E+01	6.09162E+06
6.00000E-01	1.85393E+01	6.05569E+06
6.00000E-01	1.88202E+01	6.01846E+06
6.00000E-01	1.91011E+01	5.97930E+06
6.00000E-01	1.93820E+01	5.93875E+06
6.00000E-01	1.96629E+01	5.89651E+06
6.00000E-01	1.99438E+01	5.85221E+06
6.00000E-01	2.02247E+01	5.80614E+06
6.00000E-01	2.05056E+01	5.75912E+06
6.00000E-01	2.07865E+01	5.71130E+06
6.00000E-01	2.10674E+01	5.66221E+06
6.00000E-01	2.13483E+01	5.61239E+06
6.00000E-01	2.16292E+01	5.56233E+06
6.00000E-01	2.19101E+01	5.51153E+06
6.00000E-01	2.21910E+01	5.45953E+06
6.00000E-01	2.24719E+01	5.40692E+06
6.00000E-01	2.27528E+01	5.35406E+06
6.00000E-01	2.30337E+01	5.30073E+06
6.00000E-01	2.33146E+01	5.24705E+06
6.00000E-01	2.35955E+01	5.19364E+06
6.00000E-01	2.38764E+01	5.14054E+06
6.00000E-01	2.41573E+01	5.08749E+06
6.00000E-01	2.44382E+01	5.03482E+06
6.00000E-01	2.47191E+01	4.98273E+06
6.00000E-01	2.50000E+01	4.93088E+06
7.00000E-01	0.00000E+00	3.14611E+07
7.00000E-01	2.80899E-01	2.74580E+07
7.00000E-01	5.61798E-01	2.47136E+07
7.00000E-01	8.42697E-01	2.41210E+07
7.00000E-01	1.12360E+00	2.30078E+07
7.00000E-01	1.40449E+00	2.07294E+07
7.00000E-01	1.68539E+00	1.84890E+07
7.00000E-01	1.96629E+00	1.67165E+07
7.00000E-01	2.24719E+00	1.53524E+07
7.00000E-01	2.52809E+00	1.42372E+07
7.00000E-01	2.80899E+00	1.32723E+07
7.00000E-01	3.08989E+00	1.24185E+07
7.00000E-01	3.37079E+00	1.16624E+07
7.00000E-01	3.65169E+00	1.09944E+07
7.00000E-01	3.93258E+00	1.04064E+07
7.00000E-01	4.21348E+00	9.89086E+06
7.00000E-01	4.49438E+00	9.43652E+06
7.00000E-01	4.77528E+00	9.03796E+06
7.00000E-01	5.05618E+00	8.68545E+06
7.00000E-01	5.33708E+00	8.37522E+06
7.00000E-01	5.61798E+00	8.10067E+06
7.00000E-01	5.89888E+00	7.85890E+06
7.00000E-01	6.17978E+00	7.64595E+06
7.00000E-01	6.46067E+00	7.45894E+06
7.00000E-01	6.74157E+00	7.29583E+06
7.00000E-01	7.02247E+00	7.15243E+06
7.00000E-01	7.30337E+00	7.02847E+06
7.00000E-01	7.58427E+00	6.92010E+06
7.00000E-01	7.86517E+00	6.82719E+06
7.00000E-01	8.14607E+00	6.74593E+06
7.00000E-01	8.42697E+00	6.67673E+06
7.00000E-01	8.70787E+00	6.61707E+06
7.00000E-01	8.98876E+00	6.56727E+06
7.00000E-01	9.26966E+00	6.52609E+06
7.00000E-01	9.55056E+00	6.49225E+06
7.00000E-01	9.83146E+00	6.46552E+06
7.00000E-01	1.01124E+01	6.44459E+06
7.00000E-01	1.03933E+01	6.42915E+06
7.00000E-01	1.06742E+01	6.41736E+06
7.00000E-01	1.09551E+01	6.40991E+06
7.00000E-01	1.12360E+01	6.40539E+06
7.00000E-01	1.15169E+01	6.40331E+06
7.00000E-01	1.17978E+01	6.40179E+06
7.00000E-01	1.20787E+01	6.40111E+06
7.00000E-01	1.23596E+01	6.40098E+06
7.00000E-01	1.26404E+01	6.40200E+06
7.00000E-01	1.29213E+01	6.40015E+06
7.00000E-01	1.32022E+01	6.39713E+06
7.00000E-01	1.34831E+01	6.39528E+06
7.00000E-01	1.37640E+01	6.39388E+06
7.00000E-01	1.40449E+01	6.38838E+06
7.00000E-01	1.43258E+01	6.38107E+06
7.00000E-01	1.46067E+01	6.37335E+06
7.00000E-01	1.48876E+01	6.36362E+06
7.00000E-01	1.51685E+01	6.35176E+06
7.00000E-01	1.54494E+01	6.33869E+06
7.00000E-01	1.57303E+01	6.32411E+06
7.00000E-01	1.60112E+01	6.30599E+06
7.00000E-01	1.62921E+01	6.28563E+06
7.00000E-01	1.65730E+01	6.26439E+06
7.00000E-01	1.68539E+01	6.24160E+06
7.00000E-01	1.71348E+01	6.21609E+06
7.00000E-01	1.74157E+01	6.18834E+06
7.00000E-01	1.76966E+01	6.15853E+06
7.00000E-01	1.79775E+01	6.12622E+06
7.00000E-01	1.82584E+01	6.09158E+06
7.00000E-01	1.85393E+01	6.05565E+06
7.00000E-01	1.88202E+01	6.01840E+06
7.00000E-01	1.91011E+01	5.97925E+06
7.00000E-01	1.93820E+01	5.93869E+06
7.00000E-01	1.96629E+01	5.89644E+06
7.00000E-01	1.99438E+01	5.85215E+06
7.00000E-01	2.02247E+01	5.80609E+06
7.00000E-01	2.05056E+01	5.75907E+06
7.00000E-01	2.07865E+01	5.71124E+06
7.00000E-01	2.10674E+01	5.66217E+06
7.00000E-01	2.13483E+01	5.61236E+06
7.00000E-01	2.16292E+01	5.56228E+06
7.00000E-01	2.19101E+01	5.51147E+06
7.00000E-01	2.21910E+01	5.45949E+06
7.00000E-01	2.24719E+01	5.40689E+06
7.00000E-01	2.27528E+01	5.35402E+06
7.00000E-01	2.30337E+01	5.30069E+06
7.00000E-01	2.33146E+01	5.24703E+06
7.00000E-01	2.35955E+01	5.19362E+06
7.00000E-01	2.38764E+01	5.14051E+06
7.00000E-01	2.41573E+01	5.08747E+06
7.00000E-01	2.44382E+01	5.03480E+06
7.00000E-01	2.47191E+01	4.98271E+06
7.00000E-01	2.50000E+01	4.93086E+06
8.00000E-01	0.00000E+00	3.08322E+07
8.00000E-01	2.80899E-01	2.73486E+07
8.00000E-01	5.61798E-01	2.46849E+07
8.00000E-01	8.42697E-01	2.40731E+07
8.00000E-01	1.12360E+00	2.29427E+07
8.00000E-01	1.40449E+00	2.06990E+07
8.00000E-01	1.68539E+00	1.84775E+07
8.00000E-01	1.96629E+00	1.67116E+07
8.00000E-01	2.24719E+00	1.53483E+07
8.00000E-01	2.52809E+00	1.42334E+07
8.00000E-01	2.80899E+00	1.32692E+07
8.00000E-01	3.08989E+00	1.24163E+07
8.00000E-01	3.37079E+00	1.16609E+07
8.00000E-01	3.65169E+00	1.09933E+07
8.00000E-01	3.93258E+00	1.04057E+07
8.00000E-01	4.21348E+00	9.89034E+06
8.00000E-01	4.49438E+00	9.43628E+06
8.00000E-01	4.77528E+00	9.03772E+06
8.00000E-01	5.05618E+00	8.68539E+06
8.00000E-01	5.33708E+00	8.37516E+06
8.00000E-01	5.61798E+00	8.10072E+06
8.00000E-01	5.89888E+00	7.85897E+06
8.00000E-01	6.17978E+00	7.64607E+06
8.00000E-01	6.46067E+00	7.45911E+06
8.00000E-01	6.74157E+00	7.29594E+06
8.00000E-01	7.02247E+00	7.15264E+06
8.00000E-01	7.30337E+00	7.02860E+06
8.00000E-01	7.58427E+00	6.92032E+06
8.00000E-01	7.86517E+00	6.82731E+06
8.00000E-01	8.14607E+00	6.74613E+06
8.00000E-01	8.42697E+00	6.67686E+06
8.00000E-01	8.70787E+00	6.61726E+06
8.00000E-01	8.98876E+00	6.56744E+06
8.00000E-01	9.26966E+00	6.52625E+06
8.00000E-01	9.55056E+00	6.49241E+06
8.00000E-01	9.83146E+00	6.46565E+06
8.00000E-01	1.01124E+01	6.44475E+06
8.00000E-01	1.03933E+01	6.42924E+06
8.00000E-01	1.06742E+01	6.41750E+06
8.00000E-01	1.09551E+01	6.41001E+06
8.00000E-01	1.12360E+01	6.40550E+06
8.00000E-01	1.15169E+01	6.40336E+06
8.00000E-01	1.17978E+01	6.40185E+06
8.00000E-01	1.20787E+01	6.40116E+06
8.00000E-01	1.23596E+01	6.40106E+06
8.00000E-01	1.26404E+01	6.40195E+06
8.00000E-01	1.29213E+01	6.40016E+06
8.00000E-01	1.32022E+01	6.39718E+06
8.00000E-01	1.34831E+01	6.39534E+06
8.00000E-01	1.37640E+01	6.39379E+06
8.00000E-01	1.40449E+01	6.38836E+06
8.00000E-01	1.43258E+01	6.38108E+06
8.00000E-01	1.46067E+01	6.37331E+06
8.00000E-01	1.48876E+01	6.36358E+06
8.00000E-01	1.51685E+01	6.35175E+06
8.00000E-01	1.54494E+01	6.33867E+06
8.00000E-01	1.57303E+01	6.32402E+06
8.00000E-01	1.60112E+01	6.30594E+06
8.00000E-01	1.62921E+01	6.28561E+06
8.00000E-01	1.65730E+01	6.26436E+06
8.00000E-01	1.68539E+01	6.24153E+06
8.00000E-01	1.71348E+01	6.21603E+06
8.00000E-01	1.74157E+01	6.18828E+06
8.00000E-01	1.76966E+01	6.15846E+06
8.00000E-01	1.79775E+01	6.12614E+06
8.00000E-01	1.82584E+01	6.09153E+06
8.00000E-01	1.85393E+01	6.05560E+06
8.00000E-01	1.88202E+01	6.01833E+06
8.00000E-01	1.91011E+01	5.97920E+06
8.00000E-01	1.93820E+01	5.93863E+06
8.00000E-01	1.96629E+01	5.89637E+06
8.00000E-01	1.99438E+01	5.85208E+06
8.00000E-01	2.02247E+01	5.80604E+06
8.00000E-01	2.05056E+01	5.75902E+06
8.00000E-01	2.07865E+01	5.71118E+06
8.00000E-01	2.10674E+01	5.66212E+06
8.00000E-01	2.13483E+01	5.61232E+06
8.00000E-01	2.16292E+01	5.56223E+06
8.00000E-01	2.19101E+01	5.51141E+06
8.00000E-01	2.21910E+01	5.45944E+06
8.00000E-01	2.24719E+01	5.40685E+06
8.00000E-01	2.27528E+01	5.35397E+06
8.00000E-01	2.30337E+01	5.30065E+06
8.00000E-01	2.33146E+01	5.24700E+06
8.00000E-01	2.35955E+01	5.19359E+06
8.00000E-01	2.38764E+01	5.14047E+06
8.00000E-01	2.41573E+01	5.08744E+06
8.00000E-01	2.44382E+01	5.03478E+06
8.00000E-01	2.47191E+01	4.98268E+06
8.00000E-01	2.50000E+01	4.93083E+06
9.00000E-01	0.00000E+00	3.02684E+07
9.00000E-01	2.80899E-01	2.71813E+07
9.00000E-01	5.61798E-01	2.46715E+07
9.00000E-01	8.42697E-01	2.40156E+07
9.00000E-01	1.12360E+00	2.28694E+07
9.00000E-01	1.40449E+00	2.06633E+07
9.00000E-01	1.68539E+00	1.84636E+07
9.00000E-01	1.96629E+00	1.67055E+07
9.00000E-01	2.24719E+00	1.53434E+07
9.00000E-01	2.52809E+00	1.42291E+07
9.00000E-01	2.80899E+00	1.32656E+07
9.00000E-01	3.08989E+00	1.24137E+07
9.00000E-01	3.37079E+00	1.16590E+07
9.00000E-01	3.65169E+00	1.09921E+07
9.00000E-01	3.93258E+00	1.04049E+07
9.00000E-01	4.21348E+00	9.88972E+06
9.00000E-01	4.49438E+00	9.43597E+06
9.00000E-01	4.77528E+00	9.03743E+06
9.00000E-01	5.05618E+00	8.68531E+06
9.00000E-01	5.33708E+00	8.37508E+06
9.00000E-01	5.61798E+00	8.10076E+06
9.00000E-01	5.89888E+00	7.85903E+06
9.00000E-01	6.17978E+00	7.64619E+06
9.00000E-01	6.46067E+00	7.45929E+06
9.00000E-01	6.74157E+00	7.29607E+06
9.00000E-01	7.02247E+00	7.15287E+06
9.00000E-01	7.30337E+00	7.02875E+06
9.00000E-01	7.58427E+00	6.92054E+06
9.00000E-01	7.86517E+00	6.82745E+06
9.00000E-01	8.14607E+00	6.74634E+06
9.00000E-01	8.42697E+00	6.67702E+06
9.00000E-01	8.70787E+00	6.61746E+06
9.00000E-01	8.98876E+00	6.56763E+06
9.00000E-01	9.26966E+00	6.52642E+06
9.00000E-01	9.55056E+00	6.49260E+06
9.00000E-01	9.83146E+00	6.46580E+06
9.00000E-01	1.01124E+01	6.44492E+06
9.00000E-01	1.03933E+01	6.42936E+06
9.00000E-01	1.06742E+01	6.41766E+06
9.00000E-01	1.09551E+01	6.41012E+06
9.00000E-01	1.12360E+01	6.40561E+06
9.00000E-01	1.15169E+01	6.40341E+06
9.00000E-01	1.17978E+01	6.40192E+06
9.00000E-01	1.20787E+01	6.40122E+06
9.00000E-01	1.23596E+01	6.40113E+06
9.00000E-01	1.26404E+01	6.40190E+06
9.00000E-01	1.29213E+01	6.40016E+06
9.00000E-01	1.32022E+01	6.39724E+06
9.00000E-01	1.34831E+01	6.39540E+06
9.00000E-01	1.37640E+01	6.39371E+06
9.00000E-01	1.40449E+01	6.38834E+06
9.00000E-01	1.43258E+01	6.38109E+06
9.00000E-01	1.46067E+01	6.37327E+06
9.00000E-01	1.48876E+01	6.36354E+06
9.00000E-01	1.51685E+01	6.35172E+06
9.00000E-01	1.54494E+01	6.33864E+06
9.00000E-01	1.57303E+01	6.32393E+06
9.00000E-01	1.60112E+01	6.30588E+06
9.00000E-01	1.62921E+01	6.28558E+06
9.00000E-01	1.65730E+01	6.26431E+06
9.00000E-01	1.68539E+01	6.24145E+06
9.00000E-01	1.71348E+01	6.21596E+06
9.00000E-01	1.74157E+01	6.18821E+06
9.00000E-01	1.76966E+01	6.15837E+06
9.00000E-01	1.79775E+01	6.12606E+06
9.00000E-01	1.82584E+01	6.09148E+06
9.00000E-01	1.85393E+01	6.05554E+06
9.00000E-01	1.88202E+01	6.01825E+06
9.00000E-01	1.91011E+01	5.97914E+06
9.00000E-01	1.93820E+01	5.93855E+06
9.00000E-01	1.96629E+01	5.89628E+06
9.00000E-01	1.99438E+01	5.85200E+06
9.00000E-01	2.02247E+01	5.80598E+06
9.00000E-01	2.05056E+01	5.75897E+06
9.00000E-01	2.07865E+01	5.71111E+06
9.00000E-01	2.10674E+01	5.66206E+06
9.00000E-01	2.13483E+01	5.61227E+06
9.00000E-01	2.16292E+01	5.56217E+06
9.00000E-01	2.19101E+01	5.51134E+06
9.00000E-01	2.21910E+01	5.45939E+06
9.00000E-01	2.24719E+01	5.40680E+06
9.00000E-01	2.27528E+01	5.35392E+06
9.00000E-01	2.30337E+01	5.30060E+06
9.00000E-01	2.33146E+01	5.24697E+06
9.00000E-01	2.35955E+01	5.19356E+06
9.00000E-01	2.38764E+01	5.14044E+06
9.00000E-01	2.41573E+01	5.08741E+06
9.00000E-01	2.44382E+01	5.03476E+06
9.00000E-01	2.47191E+01	4.98265E+06
9.00000E-01	2.50000E+01	4.93079E+06
1.00000E+00	0.00000E+00	2.97606E+07
1.00000E+00	2.80899E-01	2.69732E+07
1.00000E+00	5.61798E-01	2.46755E+07
1.00000E+00	8.42697E-01	2.39513E+07
1.00000E+00	1.12360E+00	2.27882E+07
1.00000E+00	1.40449E+00	2.06220E+07
1.00000E+00	1.68539E+00	1.84471E+07
1.00000E+00	1.96629E+00	1.66980E+07
1.00000E+00	2.24719E+00	1.53377E+07
1.00000E+00	2.52809E+00	1.42240E+07
1.00000E+00	2.80899E+00	1.32615E+07
1.00000E+00	3.08989E+00	1.24107E+07
1.00000E+00	3.37079E+00	1.16569E+07
1.00000E+00	3.65169E+00	1.09906E+07
1.00000E+00	3.93258E+00	1.04040E+07
1.00000E+00	4.21348E+00	9.88902E+06
1.00000E+00	4.49438E+00	9.43558E+06
1.00000E+00	4.77528E+00	9.03711E+06
1.00000E+00	5.05618E+00	8.68518E+06
1.00000E+00	5.33708E+00	8.37499E+06
1.00000E+00	5.61798E+00	8.10079E+06
1.00000E+00	5.89888E+00	7.85910E+06
1.00000E+00	6.17978E+00	7.64631E+06
1.00000E+00	6.46067E+00	7.45947E+06
1.00000E+00	6.74157E+00	7.29622E+06
1.00000E+00	7.02247E+00	7.15310E+06
1.00000E+00	7.30337E+00	7.02893E+06
1.00000E+00	7.58427E+00	6.92078E+06
1.00000E+00	7.86517E+00	6.82762E+06
1.00000E+00	8.14607E+00	6.74657E+06
1.00000E+00	8.42697E+00	6.67719E+06
1.00000E+00	8.70787E+00	6.61768E+06
1.00000E+00	8.98876E+00	6.56783E+06
1.00000E+00	9.26966E+00	6.52661E+06
1.00000E+00	9.55056E+00	6.49280E+06
1.00000E+00	9.83146E+00	6.46598E+06
1.00000E+00	1.01124E+01	6.44510E+06
1.00000E+00	1.03933E+01	6.42949E+06
1.00000E+00	1.06742E+01	6.41782E+06
1.00000E+00	1.09551E+01	6.41024E+06
1.00000E+00	1.12360E+01	6.40572E+06
1.00000E+00	1.15169E+01	6.40348E+06
1.00000E+00	1.17978E+01	6.40199E+06
1.00000E+00	1.20787E+01	6.40128E+06
1.00000E+00	1.23596E+01	6.40121E+06
1.00000E+00	1.26404E+01	6.40186E+06
1.00000E+00	1.29213E+01	6.40017E+06
1.00000E+00	1.32022E+01	6.39730E+06
1.00000E+00	1.34831E+01	6.39545E+06
1.00000E+00	1.37640E+01	6.39362E+06
1.00000E+00	1.40449E+01	6.38831E+06
1.00000E+00	1.43258E+01	6.38110E+06
1.00000E+00	1.46067E+01	6.37323E+06
1.00000E+00	1.48876E+01	6.36349E+06
1.00000E+00	1.51685E+01	6.35170E+06
1.00000E+00	1.54494E+01	6.33860E+06
1.00000E+00	1.57303E+01	6.32383E+06
1.00000E+00	1.60112E+01	6.30581E+06
1.00000E+00	1.62921E+01	6.28555E+06
1.00000E+00	1.65730E+01	6.26426E+06
1.00000E+00	1.68539E+01	6.24136E+06
1.00000E+00	1.71348E+01	6.21588E+06
1.00000E+00	1.74157E+01	6.18814E+06
1.00000E+00	1.76966E+01	6.15828E+06
1.00000E+00	1.79775E+01	6.12597E+06
1.00000E+00	1.82584E+01	6.09141E+06
1.00000E+00	1.85393E+01	6.05547E+06
1.00000E+00	1.88202E+01	6.01817E+06
1.00000E+00	1.91011E+01	5.97906E+06
1.00000E+00	1.93820E+01	5.93847E+06
1.00000E+00	1.96629E+01	5.89618E+06
1.00000E+00	1.99438E+01	5.85191E+06
1.00000E+00	2.02247E+01	5.80591E+06
1.00000E+00	2.05056E+01	5.75890E+06
1.00000E+00	2.07865E+01	5.71103E+06
1.00000E+00	2.10674E+01	5.66200E+06
1.00000E+00	2.13483E+01	5.61222E+06
1.00000E+00	2.16292E+01	5.56211E+06
1.00000E+00	2.19101E+01	5.51126E+06
1.00000E+00	2.21910E+01	5.45932E+06
1.00000E+00	2.24719E+01	5.40675E+06
1.00000E+00	2.27528E+01	5.35386E+06
1.00000E+00	2.30337E+01	5.30054E+06
1.00000E+00	2.33146E+01	5.24693E+06
1.00000E+00	2.35955E+01	5.19352E+06
1.00000E+00	2.38764E+01	5.14040E+06
1.00000E+00	2.41573E+01	5.08738E+06
1.00000E+00	2.44382E+01	5.03473E+06
1.00000E+00	2.47191E+01	4.98262E+06
1.00000E+00	2.50000E+01	4.93075E+06
1.50000E+00	0.00000E+00	2.78545E+07
1.50000E+00	2.80899E-01	2.59698E+07
1.50000E+00	5.61798E-01	2.47355E+07
1.50000E+00	8.42697E-01	2.36363E+07
1.50000E+00	1.12360E+00	2.23082E+07
1.50000E+00	1.40449E+00	2.03371E+07
1.50000E+00	1.68539E+00	1.83197E+07
1.50000E+00	1.96629E+00	1.66357E+07
1.50000E+00	2.24719E+00	1.52939E+07
1.50000E+00	2.52809E+00	1.41875E+07
1.50000E+00	2.80899E+00	1.32325E+07
1.50000E+00	3.08989E+00	1.23893E+07
1.50000E+00	3.37079E+00	1.16416E+07
1.50000E+00	3.65169E+00	1.09800E+07
1.50000E+00	3.93258E+00	1.03968E+07
1.50000E+00	4.21348E+00	9.88388E+06
1.50000E+00	4.49438E+00	9.43230E+06
1.50000E+00	4.77528E+00	9.03472E+06
1.50000E+00	5.05618E+00	8.68386E+06
1.50000E+00	5.33708E+00	8.37420E+06
1.50000E+00	5.61798E+00	8.10067E+06
1.50000E+00	5.89888E+00	7.85939E+06
1.50000E+00	6.17978E+00	7.64696E+06
1.50000E+00	6.46067E+00	7.46044E+06
1.50000E+00	6.74157E+00	7.29718E+06
1.50000E+00	7.02247E+00	7.15437E+06
1.50000E+00	7.30337E+00	7.03009E+06
1.50000E+00	7.58427E+00	6.92212E+06
1.50000E+00	7.86517E+00	6.82875E+06
1.50000E+00	8.14607E+00	6.74786E+06
1.50000E+00	8.42697E+00	6.67837E+06
1.50000E+00	8.70787E+00	6.61900E+06
1.50000E+00	8.98876E+00	6.56912E+06
1.50000E+00	9.26966E+00	6.52782E+06
1.50000E+00	9.55056E+00	6.49404E+06
1.50000E+00	9.83146E+00	6.46712E+06
1.50000E+00	1.01124E+01	6.44620E+06
1.50000E+00	1.03933E+01	6.43040E+06
1.50000E+00	1.06742E+01	6.41880E+06
1.50000E+00	1.09551E+01	6.41106E+06
1.50000E+00	1.12360E+01	6.40642E+06
1.50000E+00	1.15169E+01	6.40392E+06
1.50000E+00	1.17978E+01	6.40242E+06
1.50000E+00	1.20787E+01	6.40167E+06
1.50000E+00	1.23596E+01	6.40159E+06
1.50000E+00	1.26404E+01	6.40171E+06
1.50000E+00	1.29213E+01	6.40019E+06
1.50000E+00	1.32022E+01	6.39765E+06
1.50000E+00	1.34831E+01	6.39564E+06
1.50000E+00	1.37640E+01	6.39320E+06
1.50000E+00	1.40449E+01	6.38809E+06
1.50000E+00	1.43258E+01	6.38106E+06
1.50000E+00	1.46067E+01	6.37298E+06
1.50000E+00	1.48876E+01	6.36319E+06
1.50000E+00	1.51685E+01	6.35148E+06
1.50000E+00	1.54494E+01	6.33830E+06
1.50000E+00	1.57303E+01	6.32324E+06
1.50000E+00	1.60112E+01	6.30536E+06
1.50000E+00	1.62921E+01	6.28528E+06
1.50000E+00	1.65730E+01	6.26388E+06
1.50000E+00	1.68539E+01	6.24080E+06
1.50000E+00	1.71348E+01	6.21534E+06
1.50000E+00	1.74157E+01	6.18760E+06
1.50000E+00	1.76966E+01	6.15767E+06
1.50000E+00	1.79775E+01	6.12538E+06
1.50000E+00	1.82584E+01	6.09095E+06
1.50000E+00	1.85393E+01	6.05501E+06
1.50000E+00	1.88202E+01	6.01762E+06
1.50000E+00	1.91011E+01	5.97855E+06
1.50000E+00	1.93820E+01	5.93790E+06
1.50000E+00	1.96629E+01	5.89556E+06
1.50000E+00	1.99438E+01	5.85132E+06
1.50000E+00	2.02247E+01	5.80544E+06
1.50000E+00	2.05056E+01	5.75845E+06
1.50000E+00	2.07865E+01	5.71053E+06
1.50000E+00	2.10674E+01	5.66157E+06
1.50000E+00	2.13483E+01	5.61186E+06
1.50000E+00	2.16292E+01	5.56168E+06
1.50000E+00	2.19101E+01	5.51077E+06
1.50000E+00	2.21910E+01	5.45890E+06
1.50000E+00	2.24719E+01	5.40638E+06
1.50000E+00	2.27528E+01	5.35348E+06
1.50000E+00	2.30337E+01	5.30019E+06
1.50000E+00	2.33146E+01	5.24666E+06
1.50000E+00	2.35955E+01	5.19328E+06
1.50000E+00	2.38764E+01	5.14013E+06
1.50000E+00	2.41573E+01	5.08716E+06
1.50000E+00	2.44382E+01	5.03454E+06
1.50000E+00	2.47191E+01	4.98239E+06
1.50000E+00	2.50000E+01	4.93050E+06
2.00000E+00	0.00000E+00	2.66150E+07
2.00000E+00	2.80899E-01	2.53453E+07
2.00000E+00	5.61798E-01	2.44119E+07
2.00000E+00	8.42697E-01	2.33610E+07
2.00000E+00	1.12360E+00	2.18404E+07
2.00000E+00	1.40449E+00	1.99773E+07
2.00000E+00	1.68539E+00	1.81194E+07
2.00000E+00	1.96629E+00	1.65245E+07
2.00000E+00	2.24719E+00	1.52191E+07
2.00000E+00	2.52809E+00	1.41297E+07
2.00000E+00	2.80899E+00	1.31876E+07
2.00000E+00	3.08989E+00	1.23558E+07
2.00000E+00	3.37079E+00	1.16174E+07
2.00000E+00	3.65169E+00	1.09630E+07
2.00000E+00	3.93258E+00	1.03849E+07
2.00000E+00	4.21348E+00	9.87544E+06
2.00000E+00	4.49438E+00	9.42646E+06
2.00000E+00	4.77528E+00	9.03063E+06
2.00000E+00	5.05618E+00	8.68121E+06
2.00000E+00	5.33708E+00	8.37259E+06
2.00000E+00	5.61798E+00	8.09996E+06
2.00000E+00	5.89888E+00	7.85938E+06
2.00000E+00	6.17978E+00	7.64751E+06
2.00000E+00	6.46067E+00	7.46139E+06
2.00000E+00	6.74157E+00	7.29835E+06
2.00000E+00	7.02247E+00	7.15579E+06
2.00000E+00	7.30337E+00	7.03159E+06
2.00000E+00	7.58427E+00	6.92370E+06
2.00000E+00	7.86517E+00	6.83026E+06
2.00000E+00	8.14607E+00	6.74945E+06
2.00000E+00	8.42697E+00	6.67996E+06
2.00000E+00	8.70787E+00	6.62068E+06
2.00000E+00	8.98876E+00	6.57080E+06
2.00000E+00	9.26966E+00	6.52944E+06
2.00000E+00	9.55056E+00	6.49564E+06
2.00000E+00	9.83146E+00	6.46863E+06
2.00000E+00	1.01124E+01	6.44761E+06
2.00000E+00	1.03933E+01	6.43167E+06
2.00000E+00	1.06742E+01	6.42003E+06
2.00000E+00	1.09551E+01	6.41214E+06
2.00000E+00	1.12360E+01	6.40730E+06
2.00000E+00	1.15169E+01	6.40454E+06
2.00000E+00	1.17978E+01	6.40296E+06
2.00000E+00	1.20787E+01	6.40216E+06
2.00000E+00	1.23596E+01	6.40192E+06
2.00000E+00	1.26404E+01	6.40166E+06
2.00000E+00	1.29213E+01	6.40022E+06
2.00000E+00	1.32022E+01	6.39794E+06
2.00000E+00	1.34831E+01	6.39572E+06
2.00000E+00	1.37640E+01	6.39280E+06
2.00000E+00	1.40449E+01	6.38776E+06
2.00000E+00	1.43258E+01	6.38086E+06
2.00000E+00	1.46067E+01	6.37264E+06
2.00000E+00	1.48876E+01	6.36277E+06
2.00000E+00	1.51685E+01	6.35110E+06
2.00000E+00	1.54494E+01	6.33780E+06
2.00000E+00	1.57303E+01	6.32252E+06
2.00000E+00	1.60112E+01	6.30473E+06
2.00000E+00	1.62921E+01	6.28479E+06
2.00000E+00	1.65730E+01	6.26330E+06
2.00000E+00	1.68539E+01	6.24005E+06
2.00000E+00	1.71348E+01	6.21456E+06
2.00000E+00	1.74157E+01	6.18680E+06
2.00000E+00	1.76966E+01	6.15683E+06
2.00000E+00	1.79775E+01	6.12457E+06
2.00000E+00	1.82584E+01	6.09025E+06
2.00000E+00	1.85393E+01	6.05431E+06
2.00000E+00	1.88202E+01	6.01687E+06
2.00000E+00	1.91011E+01	5.97779E+06
2.00000E+00	1.93820E+01	5.93710E+06
2.00000E+00	1.96629E+01	5.89471E+06
2.00000E+00	1.99438E+01	5.85052E+06
2.00000E+00	2.02247E+01	5.80474E+06
2.00000E+00	2.05056E+01	5.75779E+06
2.00000E+00	2.07865E+01	5.70986E+06
2.00000E+00	2.10674E+01	5.66096E+06
2.00000E+00	2.13483E+01	5.61129E+06
2.00000E+00	2.16292E+01	5.56106E+06
2.00000E+00	2.19101E+01	5.51011E+06
2.00000E+00	2.21910E+01	5.45830E+06
2.00000E+00	2.24719E+01	5.40584E+06
2.00000E+00	2.27528E+01	5.35295E+06
2.00000E+00	2.30337E+01	5.29971E+06
2.00000E+00	2.33146E+01	5.24626E+06
2.00000E+00	2.35955E+01	5.19291E+06
2.00000E+00	2.38764E+01	5.13977E+06
2.00000E+00	2.41573E+01	5.08684E+06
2.00000E+00	2.44382E+01	5.03425E+06
2.00000E+00	2.47191E+01	4.98207E+06
2.00000E+00	2.50000E+01	4.93016E+06
2.50000E+00	0.00000E+00	2.56902E+07
2.50000E+00	2.80899E-01	2.47645E+07
2.50000E+00	5.61798E-01	2.38188E+07
2.50000E+00	8.42697E-01	2.29378E+07
2.50000E+00	1.12360E+00	2.14299E+07
2.50000E+00	1.40449E+00	1.96290E+07
2.50000E+00	1.68539E+00	1.78840E+07
2.50000E+00	1.96629E+00	1.63725E+07
2.50000E+00	2.24719E+00	1.51122E+07
2.50000E+00	2.52809E+00	1.40483E+07
2.50000E+00	2.80899E+00	1.31250E+07
2.50000E+00	3.08989E+00	1.23088E+07
2.50000E+00	3.37079E+00	1.15830E+07
2.50000E+00	3.65169E+00	1.09383E+07
2.50000E+00	3.93258E+00	1.03673E+07
2.50000E+00	4.21348E+00	9.86288E+06
2.50000E+00	4.49438E+00	9.41754E+06
2.50000E+00	4.77528E+00	9.02434E+06
2.50000E+00	5.05618E+00	8.67692E+06
2.50000E+00	5.33708E+00	8.36984E+06
2.50000E+00	5.61798E+00	8.09845E+06
2.50000E+00	5.89888E+00	7.85886E+06
2.50000E+00	6.17978E+00	7.64775E+06
2.50000E+00	6.46067E+00	7.46221E+06
2.50000E+00	6.74157E+00	7.29955E+06
2.50000E+00	7.02247E+00	7.15729E+06
2.50000E+00	7.30337E+00	7.03327E+06
2.50000E+00	7.58427E+00	6.92548E+06
2.50000E+00	7.86517E+00	6.83206E+06
2.50000E+00	8.14607E+00	6.75130E+06
2.50000E+00	8.42697E+00	6.68187E+06
2.50000E+00	8.70787E+00	6.62266E+06
2.50000E+00	8.98876E+00	6.57280E+06
2.50000E+00	9.26966E+00	6.53140E+06
2.50000E+00	9.55056E+00	6.49756E+06
2.50000E+00	9.83146E+00	6.47047E+06
2.50000E+00	1.01124E+01	6.44931E+06
2.50000E+00	1.03933E+01	6.43324E+06
2.50000E+00	1.06742E+01	6.42148E+06
2.50000E+00	1.09551E+01	6.41342E+06
2.50000E+00	1.12360E+01	6.40833E+06
2.50000E+00	1.15169E+01	6.40533E+06
2.50000E+00	1.17978E+01	6.40360E+06
2.50000E+00	1.20787E+01	6.40268E+06
2.50000E+00	1.23596E+01	6.40225E+06
2.50000E+00	1.26404E+01	6.40169E+06
2.50000E+00	1.29213E+01	6.40027E+06
2.50000E+00	1.32022E+01	6.39812E+06
2.50000E+00	1.34831E+01	6.39569E+06
2.50000E+00	1.37640E+01	6.39240E+06
2.50000E+00	1.40449E+01	6.38733E+06
2.50000E+00	1.43258E+01	6.38049E+06
2.50000E+00	1.46067E+01	6.37217E+06
2.50000E+00	1.48876E+01	6.36222E+06
2.50000E+00	1.51685E+01	6.35053E+06
2.50000E+00	1.54494E+01	6.33709E+06
2.50000E+00	1.57303E+01	6.32166E+06
2.50000E+00	1.60112E+01	6.30391E+06
2.50000E+00	1.62921E+01	6.28406E+06
2.50000E+00	1.65730E+01	6.26250E+06
2.50000E+00	1.68539E+01	6.23910E+06
2.50000E+00	1.71348E+01	6.21355E+06
2.50000E+00	1.74157E+01	6.18576E+06
2.50000E+00	1.76966E+01	6.15575E+06
2.50000E+00	1.79775E+01	6.12353E+06
2.50000E+00	1.82584E+01	6.08929E+06
2.50000E+00	1.85393E+01	6.05338E+06
2.50000E+00	1.88202E+01	6.01589E+06
2.50000E+00	1.91011E+01	5.97679E+06
2.50000E+00	1.93820E+01	5.93606E+06
2.50000E+00	1.96629E+01	5.89364E+06
2.50000E+00	1.99438E+01	5.84949E+06
2.50000E+00	2.02247E+01	5.80381E+06
2.50000E+00	2.05056E+01	5.75691E+06
2.50000E+00	2.07865E+01	5.70900E+06
2.50000E+00	2.10674E+01	5.66015E+06
2.50000E+00	2.13483E+01	5.61053E+06
2.50000E+00	2.16292E+01	5.56026E+06
2.50000E+00	2.19101E+01	5.50928E+06
2.50000E+00	2.21910E+01	5.45752E+06
2.50000E+00	2.24719E+01	5.40512E+06
2.50000E+00	2.27528E+01	5.35227E+06
2.50000E+00	2.30337E+01	5.29908E+06
2.50000E+00	2.33146E+01	5.24573E+06
2.50000E+00	2.35955E+01	5.19242E+06
2.50000E+00	2.38764E+01	5.13931E+06
2.50000E+00	2.41573E+01	5.08642E+06
2.50000E+00	2.44382E+01	5.03385E+06
2.50000E+00	2.47191E+01	4.98165E+06
2.50000E+00	2.50000E+01	4.92974E+06
3.00000E+00	0.00000E+00	2.48947E+07
3.00000E+00	2.80899E-01	2.41462E+07
3.00000E+00	5.61798E-01	2.31823E+07
3.00000E+00	8.42697E-01	2.23340E+07
3.00000E+00	1.12360E+00	2.09942E+07
3.00000E+00	1.40449E+00	1.93073E+07
3.00000E+00	1.68539E+00	1.76513E+07
3.00000E+00	1.96629E+00	1.62038E+07
3.00000E+00	2.24719E+00	1.49838E+07
3.00000E+00	2.52809E+00	1.39471E+07
3.00000E+00	2.80899E+00	1.30455E+07
3.00000E+00	3.08989E+00	1.22480E+07
3.00000E+00	3.37079E+00	1.15377E+07
3.00000E+00	3.65169E+00	1.09051E+07
3.00000E+00	3.93258E+00	1.03433E+07
3.00000E+00	4.21348E+00	9.84548E+06
3.00000E+00	4.49438E+00	9.40500E+06
3.00000E+00	4.77528E+00	9.01535E+06
3.00000E+00	5.05618E+00	8.67063E+06
3.00000E+00	5.33708E+00	8.36563E+06
3.00000E+00	5.61798E+00	8.09588E+06
3.00000E+00	5.89888E+00	7.85760E+06
3.00000E+00	6.17978E+00	7.64751E+06
3.00000E+00	6.46067E+00	7.46272E+06
3.00000E+00	6.74157E+00	7.30061E+06
3.00000E+00	7.02247E+00	7.15875E+06
3.00000E+00	7.30337E+00	7.03500E+06
3.00000E+00	7.58427E+00	6.92737E+06
3.00000E+00	7.86517E+00	6.83404E+06
3.00000E+00	8.14607E+00	6.75337E+06
3.00000E+00	8.42697E+00	6.68403E+06
3.00000E+00	8.70787E+00	6.62490E+06
3.00000E+00	8.98876E+00	6.57507E+06
3.00000E+00	9.26966E+00	6.53365E+06
3.00000E+00	9.55056E+00	6.49976E+06
3.00000E+00	9.83146E+00	6.47257E+06
3.00000E+00	1.01124E+01	6.45127E+06
3.00000E+00	1.03933E+01	6.43504E+06
3.00000E+00	1.06742E+01	6.42313E+06
3.00000E+00	1.09551E+01	6.41487E+06
3.00000E+00	1.12360E+01	6.40951E+06
3.00000E+00	1.15169E+01	6.40624E+06
3.00000E+00	1.17978E+01	6.40431E+06
3.00000E+00	1.20787E+01	6.40323E+06
3.00000E+00	1.23596E+01	6.40256E+06
3.00000E+00	1.26404E+01	6.40176E+06
3.00000E+00	1.29213E+01	6.40031E+06
3.00000E+00	1.32022E+01	6.39818E+06
3.00000E+00	1.34831E+01	6.39554E+06
3.00000E+00	1.37640E+01	6.39196E+06
3.00000E+00	1.40449E+01	6.38680E+06
3.00000E+00	1.43258E+01	6.37996E+06
3.00000E+00	1.46067E+01	6.37156E+06
3.00000E+00	1.48876E+01	6.36153E+06
3.00000E+00	1.51685E+01	6.34976E+06
3.00000E+00	1.54494E+01	6.33620E+06
3.00000E+00	1.57303E+01	6.32064E+06
3.00000E+00	1.60112E+01	6.30289E+06
3.00000E+00	1.62921E+01	6.28309E+06
3.00000E+00	1.65730E+01	6.26146E+06
3.00000E+00	1.68539E+01	6.23794E+06
3.00000E+00	1.71348E+01	6.21231E+06
3.00000E+00	1.74157E+01	6.18447E+06
3.00000E+00	1.76966E+01	6.15444E+06
3.00000E+00	1.79775E+01	6.12225E+06
3.00000E+00	1.82584E+01	6.08809E+06
3.00000E+00	1.85393E+01	6.05219E+06
3.00000E+00	1.88202E+01	6.01468E+06
3.00000E+00	1.91011E+01	5.97555E+06
3.00000E+00	1.93820E+01	5.93478E+06
3.00000E+00	1.96629E+01	5.89234E+06
3.00000E+00	1.99438E+01	5.84824E+06
3.00000E+00	2.02247E+01	5.80264E+06
3.00000E+00	2.05056E+01	5.75581E+06
3.00000E+00	2.07865E+01	5.70794E+06
3.00000E+00	2.10674E+01	5.65914E+06
3.00000E+00	2.13483E+01	5.60955E+06
3.00000E+00	2.16292E+01	5.55928E+06
3.00000E+00	2.19101E+01	5.50829E+06
3.00000E+00	2.21910E+01	5.45657E+06
3.00000E+00	2.24719E+01	5.40423E+06
3.00000E+00	2.27528E+01	5.35144E+06
3.00000E+00	2.30337E+01	5.29832E+06
3.00000E+00	2.33146E+01	5.24505E+06
3.00000E+00	2.35955E+01	5.19181E+06
3.00000E+00	2.38764E+01	5.13873E+06
3.00000E+00	2.41573E+01	5.08588E+06
3.00000E+00	2.44382E+01	5.03334E+06
3.00000E+00	2.47191E+01	4.98113E+06
3.00000E+00	2.50000E+01	4.92923E+06
3.50000E+00	0.00000E+00	2.41468E+07
3.50000E+00	2.80899E-01	2.34903E+07
3.50000E+00	5.61798E-01	2.25669E+07
3.50000E+00	8.42697E-01	2.16515E+07
3.50000E+00	1.12360E+00	2.04853E+07
3.50000E+00	1.40449E+00	1.89759E+07
3.50000E+00	1.68539E+00	1.74256E+07
3.50000E+00	1.96629E+00	1.60356E+07
3.50000E+00	2.24719E+00	1.48487E+07
3.50000E+00	2.52809E+00	1.38353E+07
3.50000E+00	2.80899E+00	1.29542E+07
3.50000E+00	3.08989E+00	1.21757E+07
3.50000E+00	3.37079E+00	1.14821E+07
3.50000E+00	3.65169E+00	1.08634E+07
3.50000E+00	3.93258E+00	1.03123E+07
3.50000E+00	4.21348E+00	9.82271E+06
3.50000E+00	4.49438E+00	9.38832E+06
3.50000E+00	4.77528E+00	9.00324E+06
3.50000E+00	5.05618E+00	8.66198E+06
3.50000E+00	5.33708E+00	8.35965E+06
3.50000E+00	5.61798E+00	8.09201E+06
3.50000E+00	5.89888E+00	7.85539E+06
3.50000E+00	6.17978E+00	7.64659E+06
3.50000E+00	6.46067E+00	7.46278E+06
3.50000E+00	6.74157E+00	7.30139E+06
3.50000E+00	7.02247E+00	7.16006E+06
3.50000E+00	7.30337E+00	7.03668E+06
3.50000E+00	7.58427E+00	6.92929E+06
3.50000E+00	7.86517E+00	6.83612E+06
3.50000E+00	8.14607E+00	6.75559E+06
3.50000E+00	8.42697E+00	6.68637E+06
3.50000E+00	8.70787E+00	6.62734E+06
3.50000E+00	8.98876E+00	6.57756E+06
3.50000E+00	9.26966E+00	6.53612E+06
3.50000E+00	9.55056E+00	6.50218E+06
3.50000E+00	9.83146E+00	6.47489E+06
3.50000E+00	1.01124E+01	6.45344E+06
3.50000E+00	1.03933E+01	6.43704E+06
3.50000E+00	1.06742E+01	6.42494E+06
3.50000E+00	1.09551E+01	6.41644E+06
3.50000E+00	1.12360E+01	6.41079E+06
3.50000E+00	1.15169E+01	6.40724E+06
3.50000E+00	1.17978E+01	6.40508E+06
3.50000E+00	1.20787E+01	6.40378E+06
3.50000E+00	1.23596E+01	6.40287E+06
3.50000E+00	1.26404E+01	6.40185E+06
3.50000E+00	1.29213E+01	6.40030E+06
3.50000E+00	1.32022E+01	6.39812E+06
3.50000E+00	1.34831E+01	6.39528E+06
3.50000E+00	1.37640E+01	6.39145E+06
3.50000E+00	1.40449E+01	6.38616E+06
3.50000E+00	1.43258E+01	6.37927E+06
3.50000E+00	1.46067E+01	6.37078E+06
3.50000E+00	1.48876E+01	6.36065E+06
3.50000E+00	1.51685E+01	6.34879E+06
3.50000E+00	1.54494E+01	6.33511E+06
3.50000E+00	1.57303E+01	6.31944E+06
3.50000E+00	1.60112E+01	6.30166E+06
3.50000E+00	1.62921E+01	6.28187E+06
3.50000E+00	1.65730E+01	6.26017E+06
3.50000E+00	1.68539E+01	6.23654E+06
3.50000E+00	1.71348E+01	6.21082E+06
3.50000E+00	1.74157E+01	6.18294E+06
3.50000E+00	1.76966E+01	6.15289E+06
3.50000E+00	1.79775E+01	6.12073E+06
3.50000E+00	1.82584E+01	6.08662E+06
3.50000E+00	1.85393E+01	6.05074E+06
3.50000E+00	1.88202E+01	6.01321E+06
3.50000E+00	1.91011E+01	5.97406E+06
3.50000E+00	1.93820E+01	5.93326E+06
3.50000E+00	1.96629E+01	5.89081E+06
3.50000E+00	1.99438E+01	5.84676E+06
3.50000E+00	2.02247E+01	5.80125E+06
3.50000E+00	2.05056E+01	5.75449E+06
3.50000E+00	2.07865E+01	5.70667E+06
3.50000E+00	2.10674E+01	5.65792E+06
3.50000E+00	2.13483E+01	5.60837E+06
3.50000E+00	2.16292E+01	5.55810E+06
3.50000E+00	2.19101E+01	5.50712E+06
3.50000E+00	2.21910E+01	5.45544E+06
3.50000E+00	2.24719E+01	5.40317E+06
3.50000E+00	2.27528E+01	5.35045E+06
3.50000E+00	2.30337E+01	5.29742E+06
3.50000E+00	2.33146E+01	5.24423E+06
3.50000E+00	2.35955E+01	5.19106E+06
3.50000E+00	2.38764E+01	5.13803E+06
3.50000E+00	2.41573E+01	5.08523E+06
3.50000E+00	2.44382E+01	5.03271E+06
3.50000E+00	2.47191E+01	4.98052E+06
3.50000E+00	2.50000E+01	4.92862E+06
4.00000E+00	0.00000E+00	2.34176E+07
4.00000E+00	2.80899E-01	2.28120E+07
4.00000E+00	5.61798E-01	2.19445E+07
4.00000E+00	8.42697E-01	2.09726E+07
4.00000E+00	1.12360E+00	1.99212E+07
4.00000E+00	1.40449E+00	1.86047E+07
4.00000E+00	1.68539E+00	1.71895E+07
4.00000E+00	1.96629E+00	1.58686E+07
4.00000E+00	2.24719E+00	1.47150E+07
4.00000E+00	2.52809E+00	1.37217E+07
4.00000E+00	2.80899E+00	1.28579E+07
4.00000E+00	3.08989E+00	1.20963E+07
4.00000E+00	3.37079E+00	1.14188E+07
4.00000E+00	3.65169E+00	1.08142E+07
4.00000E+00	3.93258E+00	1.02749E+07
4.00000E+00	4.21348E+00	9.79451E+06
4.00000E+00	4.49438E+00	9.36727E+06
4.00000E+00	4.77528E+00	8.98768E+06
4.00000E+00	5.05618E+00	8.65066E+06
4.00000E+00	5.33708E+00	8.35164E+06
4.00000E+00	5.61798E+00	8.08659E+06
4.00000E+00	5.89888E+00	7.85201E+06
4.00000E+00	6.17978E+00	7.64480E+06
4.00000E+00	6.46067E+00	7.46221E+06
4.00000E+00	6.74157E+00	7.30174E+06
4.00000E+00	7.02247E+00	7.16109E+06
4.00000E+00	7.30337E+00	7.03820E+06
4.00000E+00	7.58427E+00	6.93115E+06
4.00000E+00	7.86517E+00	6.83823E+06
4.00000E+00	8.14607E+00	6.75789E+06
4.00000E+00	8.42697E+00	6.68882E+06
4.00000E+00	8.70787E+00	6.62991E+06
4.00000E+00	8.98876E+00	6.58020E+06
4.00000E+00	9.26966E+00	6.53877E+06
4.00000E+00	9.55056E+00	6.50477E+06
4.00000E+00	9.83146E+00	6.47737E+06
4.00000E+00	1.01124E+01	6.45578E+06
4.00000E+00	1.03933E+01	6.43919E+06
4.00000E+00	1.06742E+01	6.42687E+06
4.00000E+00	1.09551E+01	6.41811E+06
4.00000E+00	1.12360E+01	6.41216E+06
4.00000E+00	1.15169E+01	6.40831E+06
4.00000E+00	1.17978E+01	6.40588E+06
4.00000E+00	1.20787E+01	6.40432E+06
4.00000E+00	1.23596E+01	6.40316E+06
4.00000E+00	1.26404E+01	6.40191E+06
4.00000E+00	1.29213E+01	6.40023E+06
4.00000E+00	1.32022E+01	6.39793E+06
4.00000E+00	1.34831E+01	6.39490E+06
4.00000E+00	1.37640E+01	6.39084E+06
4.00000E+00	1.40449E+01	6.38540E+06
4.00000E+00	1.43258E+01	6.37841E+06
4.00000E+00	1.46067E+01	6.36983E+06
4.00000E+00	1.48876E+01	6.35960E+06
4.00000E+00	1.51685E+01	6.34762E+06
4.00000E+00	1.54494E+01	6.33381E+06
4.00000E+00	1.57303E+01	6.31804E+06
4.00000E+00	1.60112E+01	6.30022E+06
4.00000E+00	1.62921E+01	6.28040E+06
4.00000E+00	1.65730E+01	6.25863E+06
4.00000E+00	1.68539E+01	6.23490E+06
4.00000E+00	1.71348E+01	6.20910E+06
4.00000E+00	1.74157E+01	6.18117E+06
4.00000E+00	1.76966E+01	6.15111E+06
4.00000E+00	1.79775E+01	6.11897E+06
4.00000E+00	1.82584E+01	6.08489E+06
4.00000E+00	1.85393E+01	6.04903E+06
4.00000E+00	1.88202E+01	6.01149E+06
4.00000E+00	1.91011E+01	5.97231E+06
4.00000E+00	1.93820E+01	5.93150E+06
4.00000E+00	1.96629E+01	5.88906E+06
4.00000E+00	1.99438E+01	5.84506E+06
4.00000E+00	2.02247E+01	5.79962E+06
4.00000E+00	2.05056E+01	5.75294E+06
4.00000E+00	2.07865E+01	5.70518E+06
4.00000E+00	2.10674E+01	5.65649E+06
4.00000E+00	2.13483E+01	5.60698E+06
4.00000E+00	2.16292E+01	5.55673E+06
4.00000E+00	2.19101E+01	5.50577E+06
4.00000E+00	2.21910E+01	5.45415E+06
4.00000E+00	2.24719E+01	5.40195E+06
4.00000E+00	2.27528E+01	5.34931E+06
4.00000E+00	2.30337E+01	5.29636E+06
4.00000E+00	2.33146E+01	5.24327E+06
4.00000E+00	2.35955E+01	5.19018E+06
4.00000E+00	2.38764E+01	5.13721E+06
4.00000E+00	2.41573E+01	5.08446E+06
4.00000E+00	2.44382E+01	5.03198E+06
4.00000E+00	2.47191E+01	4.97980E+06
4.00000E+00	2.50000E+01	4.92792E+06
5.00000E+00	0.00000E+00	2.20004E+07
5.00000E+00	2.80899E-01	2.14508E+07
5.00000E+00	5.61798E-01	2.06861E+07
5.00000E+00	8.42697E-01	1.97401E+07
5.00000E+00	1.12360E+00	1.87768E+07
5.00000E+00	1.40449E+00	1.77511E+07
5.00000E+00	1.68539E+00	1.66294E+07
5.00000E+00	1.96629E+00	1.54985E+07
5.00000E+00	2.24719E+00	1.44436E+07
5.00000E+00	2.52809E+00	1.35005E+07
5.00000E+00	2.80899E+00	1.26686E+07
5.00000E+00	3.08989E+00	1.19343E+07
5.00000E+00	3.37079E+00	1.12832E+07
5.00000E+00	3.65169E+00	1.07035E+07
5.00000E+00	3.93258E+00	1.01864E+07
5.00000E+00	4.21348E+00	9.72503E+06
5.00000E+00	4.49438E+00	9.31346E+06
5.00000E+00	4.77528E+00	8.94657E+06
5.00000E+00	5.05618E+00	8.61974E+06
5.00000E+00	5.33708E+00	8.32889E+06
5.00000E+00	5.61798E+00	8.07039E+06
5.00000E+00	5.89888E+00	7.84103E+06
5.00000E+00	6.17978E+00	7.63795E+06
5.00000E+00	6.46067E+00	7.45858E+06
5.00000E+00	6.74157E+00	7.30058E+06
5.00000E+00	7.02247E+00	7.16181E+06
5.00000E+00	7.30337E+00	7.04032E+06
5.00000E+00	7.58427E+00	6.93430E+06
5.00000E+00	7.86517E+00	6.84215E+06
5.00000E+00	8.14607E+00	6.76240E+06
5.00000E+00	8.42697E+00	6.69380E+06
5.00000E+00	8.70787E+00	6.63523E+06
5.00000E+00	8.98876E+00	6.58571E+06
5.00000E+00	9.26966E+00	6.54434E+06
5.00000E+00	9.55056E+00	6.51026E+06
5.00000E+00	9.83146E+00	6.48267E+06
5.00000E+00	1.01124E+01	6.46075E+06
5.00000E+00	1.03933E+01	6.44376E+06
5.00000E+00	1.06742E+01	6.43095E+06
5.00000E+00	1.09551E+01	6.42161E+06
5.00000E+00	1.12360E+01	6.41503E+06
5.00000E+00	1.15169E+01	6.41053E+06
5.00000E+00	1.17978E+01	6.40748E+06
5.00000E+00	1.20787E+01	6.40534E+06
5.00000E+00	1.23596E+01	6.40362E+06
5.00000E+00	1.26404E+01	6.40190E+06
5.00000E+00	1.29213E+01	6.39983E+06
5.00000E+00	1.32022E+01	6.39718E+06
5.00000E+00	1.34831E+01	6.39373E+06
5.00000E+00	1.37640E+01	6.38924E+06
5.00000E+00	1.40449E+01	6.38345E+06
5.00000E+00	1.43258E+01	6.37619E+06
5.00000E+00	1.46067E+01	6.36737E+06
5.00000E+00	1.48876E+01	6.35688E+06
5.00000E+00	1.51685E+01	6.34466E+06
5.00000E+00	1.54494E+01	6.33060E+06
5.00000E+00	1.57303E+01	6.31462E+06
5.00000E+00	1.60112E+01	6.29666E+06
5.00000E+00	1.62921E+01	6.27671E+06
5.00000E+00	1.65730E+01	6.25479E+06
5.00000E+00	1.68539E+01	6.23088E+06
5.00000E+00	1.71348E+01	6.20492E+06
5.00000E+00	1.74157E+01	6.17689E+06
5.00000E+00	1.76966E+01	6.14678E+06
5.00000E+00	1.79775E+01	6.11467E+06
5.00000E+00	1.82584E+01	6.08064E+06
5.00000E+00	1.85393E+01	6.04482E+06
5.00000E+00	1.88202E+01	6.00728E+06
5.00000E+00	1.91011E+01	5.96808E+06
5.00000E+00	1.93820E+01	5.92726E+06
5.00000E+00	1.96629E+01	5.88486E+06
5.00000E+00	1.99438E+01	5.84096E+06
5.00000E+00	2.02247E+01	5.79568E+06
5.00000E+00	2.05056E+01	5.74915E+06
5.00000E+00	2.07865E+01	5.70155E+06
5.00000E+00	2.10674E+01	5.65298E+06
5.00000E+00	2.13483E+01	5.60357E+06
5.00000E+00	2.16292E+01	5.55340E+06
5.00000E+00	2.19101E+01	5.50253E+06
5.00000E+00	2.21910E+01	5.45104E+06
5.00000E+00	2.24719E+01	5.39900E+06
5.00000E+00	2.27528E+01	5.34655E+06
5.00000E+00	2.30337E+01	5.29380E+06
5.00000E+00	2.33146E+01	5.24091E+06
5.00000E+00	2.35955E+01	5.18799E+06
5.00000E+00	2.38764E+01	5.13517E+06
5.00000E+00	2.41573E+01	5.08254E+06
5.00000E+00	2.44382E+01	5.03015E+06
5.00000E+00	2.47191E+01	4.97803E+06
5.00000E+00	2.50000E+01	4.92622E+06
6.00000E+00	0.00000E+00	2.06626E+07
6.00000E+00	2.80899E-01	2.01536E+07
6.00000E+00	5.61798E-01	1.94780E+07
6.00000E+00	8.42697E-01	1.86470E+07
6.00000E+00	1.12360E+00	1.77421E+07
6.00000E+00	1.40449E+00	1.68655E+07
6.00000E+00	1.68539E+00	1.59650E+07
6.00000E+00	1.96629E+00	1.50384E+07
6.00000E+00	2.24719E+00	1.41256E+07
6.00000E+00	2.52809E+00	1.32667E+07
6.00000E+00	2.80899E+00	1.24833E+07
6.00000E+00	3.08989E+00	1.17796E+07
6.00000E+00	3.37079E+00	1.11516E+07
6.00000E+00	3.65169E+00	1.05919E+07
6.00000E+00	3.93258E+00	1.00928E+07
6.00000E+00	4.21348E+00	9.64774E+06
6.00000E+00	4.49438E+00	9.25059E+06
6.00000E+00	4.77528E+00	8.89622E+06
6.00000E+00	5.05618E+00	8.58010E+06
6.00000E+00	5.33708E+00	8.29830E+06
6.00000E+00	5.61798E+00	8.04736E+06
6.00000E+00	5.89888E+00	7.82424E+06
6.00000E+00	6.17978E+00	7.62627E+06
6.00000E+00	6.46067E+00	7.45101E+06
6.00000E+00	6.74157E+00	7.29628E+06
6.00000E+00	7.02247E+00	7.16008E+06
6.00000E+00	7.30337E+00	7.04057E+06
6.00000E+00	7.58427E+00	6.93609E+06
6.00000E+00	7.86517E+00	6.84512E+06
6.00000E+00	8.14607E+00	6.76628E+06
6.00000E+00	8.42697E+00	6.69838E+06
6.00000E+00	8.70787E+00	6.64031E+06
6.00000E+00	8.98876E+00	6.59112E+06
6.00000E+00	9.26966E+00	6.54989E+06
6.00000E+00	9.55056E+00	6.51580E+06
6.00000E+00	9.83146E+00	6.48803E+06
6.00000E+00	1.01124E+01	6.46581E+06
6.00000E+00	1.03933E+01	6.44839E+06
6.00000E+00	1.06742E+01	6.43505E+06
6.00000E+00	1.09551E+01	6.42510E+06
6.00000E+00	1.12360E+01	6.41784E+06
6.00000E+00	1.15169E+01	6.41265E+06
6.00000E+00	1.17978E+01	6.40893E+06
6.00000E+00	1.20787E+01	6.40614E+06
6.00000E+00	1.23596E+01	6.40381E+06
6.00000E+00	1.26404E+01	6.40153E+06
6.00000E+00	1.29213E+01	6.39898E+06
6.00000E+00	1.32022E+01	6.39587E+06
6.00000E+00	1.34831E+01	6.39196E+06
6.00000E+00	1.37640E+01	6.38702E+06
6.00000E+00	1.40449E+01	6.38084E+06
6.00000E+00	1.43258E+01	6.37324E+06
6.00000E+00	1.46067E+01	6.36410E+06
6.00000E+00	1.48876E+01	6.35333E+06
6.00000E+00	1.51685E+01	6.34082E+06
6.00000E+00	1.54494E+01	6.32649E+06
6.00000E+00	1.57303E+01	6.31028E+06
6.00000E+00	1.60112E+01	6.29213E+06
6.00000E+00	1.62921E+01	6.27201E+06
6.00000E+00	1.65730E+01	6.24992E+06
6.00000E+00	1.68539E+01	6.22583E+06
6.00000E+00	1.71348E+01	6.19973E+06
6.00000E+00	1.74157E+01	6.17159E+06
6.00000E+00	1.76966E+01	6.14144E+06
6.00000E+00	1.79775E+01	6.10933E+06
6.00000E+00	1.82584E+01	6.07533E+06
6.00000E+00	1.85393E+01	6.03953E+06
6.00000E+00	1.88202E+01	6.00201E+06
6.00000E+00	1.91011E+01	5.96283E+06
6.00000E+00	1.93820E+01	5.92205E+06
6.00000E+00	1.96629E+01	5.87972E+06
6.00000E+00	1.99438E+01	5.83594E+06
6.00000E+00	2.02247E+01	5.79081E+06
6.00000E+00	2.05056E+01	5.74445E+06
6.00000E+00	2.07865E+01	5.69701E+06
6.00000E+00	2.10674E+01	5.64860E+06
6.00000E+00	2.13483E+01	5.59933E+06
6.00000E+00	2.16292E+01	5.54929E+06
6.00000E+00	2.19101E+01	5.49856E+06
6.00000E+00	2.21910E+01	5.44723E+06
6.00000E+00	2.24719E+01	5.39539E+06
6.00000E+00	2.27528E+01	5.34314E+06
6.00000E+00	2.30337E+01	5.29062E+06
6.00000E+00	2.33146E+01	5.23794E+06
6.00000E+00	2.35955E+01	5.18523E+06
6.00000E+00	2.38764E+01	5.13259E+06
6.00000E+00	2.41573E+01	5.08010E+06
6.00000E+00	2.44382E+01	5.02783E+06
6.00000E+00	2.47191E+01	4.97583E+06
6.00000E+00	2.50000E+01	4.92411E+06
7.00000E+00	0.00000E+00	1.94302E+07
7.00000E+00	2.80899E-01	1.89605E+07
7.00000E+00	5.61798E-01	1.83628E+07
7.00000E+00	8.42697E-01	1.76439E+07
7.00000E+00	1.12360E+00	1.68426E+07
7.00000E+00	1.40449E+00	1.60435E+07
7.00000E+00	1.68539E+00	1.52773E+07
7.00000E+00	1.96629E+00	1.45097E+07
7.00000E+00	2.24719E+00	1.37410E+07
7.00000E+00	2.52809E+00	1.29904E+07
7.00000E+00	2.80899E+00	1.22794E+07
7.00000E+00	3.08989E+00	1.16223E+07
7.00000E+00	3.37079E+00	1.10246E+07
7.00000E+00	3.65169E+00	1.04863E+07
7.00000E+00	3.93258E+00	1.00040E+07
7.00000E+00	4.21348E+00	9.57271E+06
7.00000E+00	4.49438E+00	9.18763E+06
7.00000E+00	4.77528E+00	8.84393E+06
7.00000E+00	5.05618E+00	8.53728E+06
7.00000E+00	5.33708E+00	8.26382E+06
7.00000E+00	5.61798E+00	8.02015E+06
7.00000E+00	5.89888E+00	7.80332E+06
7.00000E+00	6.17978E+00	7.61068E+06
7.00000E+00	6.46067E+00	7.43989E+06
7.00000E+00	6.74157E+00	7.28886E+06
7.00000E+00	7.02247E+00	7.15567E+06
7.00000E+00	7.30337E+00	7.03860E+06
7.00000E+00	7.58427E+00	6.93607E+06
7.00000E+00	7.86517E+00	6.84664E+06
7.00000E+00	8.14607E+00	6.76902E+06
7.00000E+00	8.42697E+00	6.70204E+06
7.00000E+00	8.70787E+00	6.64467E+06
7.00000E+00	8.98876E+00	6.59594E+06
7.00000E+00	9.26966E+00	6.55498E+06
7.00000E+00	9.55056E+00	6.52094E+06
7.00000E+00	9.83146E+00	6.49306E+06
7.00000E+00	1.01124E+01	6.47056E+06
7.00000E+00	1.03933E+01	6.45273E+06
7.00000E+00	1.06742E+01	6.43887E+06
7.00000E+00	1.09551E+01	6.42829E+06
7.00000E+00	1.12360E+01	6.42036E+06
7.00000E+00	1.15169E+01	6.41446E+06
7.00000E+00	1.17978E+01	6.41002E+06
7.00000E+00	1.20787E+01	6.40654E+06
7.00000E+00	1.23596E+01	6.40356E+06
7.00000E+00	1.26404E+01	6.40067E+06
7.00000E+00	1.29213E+01	6.39756E+06
7.00000E+00	1.32022E+01	6.39392E+06
7.00000E+00	1.34831E+01	6.38950E+06
7.00000E+00	1.37640E+01	6.38408E+06
7.00000E+00	1.40449E+01	6.37746E+06
7.00000E+00	1.43258E+01	6.36947E+06
7.00000E+00	1.46067E+01	6.35997E+06
7.00000E+00	1.48876E+01	6.34886E+06
7.00000E+00	1.51685E+01	6.33604E+06
7.00000E+00	1.54494E+01	6.32143E+06
7.00000E+00	1.57303E+01	6.30496E+06
7.00000E+00	1.60112E+01	6.28658E+06
7.00000E+00	1.62921E+01	6.26627E+06
7.00000E+00	1.65730E+01	6.24399E+06
7.00000E+00	1.68539E+01	6.21974E+06
7.00000E+00	1.71348E+01	6.19349E+06
7.00000E+00	1.74157E+01	6.16526E+06
7.00000E+00	1.76966E+01	6.13506E+06
7.00000E+00	1.79775E+01	6.10294E+06
7.00000E+00	1.82584E+01	6.06895E+06
7.00000E+00	1.85393E+01	6.03318E+06
7.00000E+00	1.88202E+01	5.99569E+06
7.00000E+00	1.91011E+01	5.95656E+06
7.00000E+00	1.93820E+01	5.91584E+06
7.00000E+00	1.96629E+01	5.87362E+06
7.00000E+00	1.99438E+01	5.82997E+06
7.00000E+00	2.02247E+01	5.78500E+06
7.00000E+00	2.05056E+01	5.73883E+06
7.00000E+00	2.07865E+01	5.69157E+06
7.00000E+00	2.10674E+01	5.64334E+06
7.00000E+00	2.13483E+01	5.59425E+06
7.00000E+00	2.16292E+01	5.54439E+06
7.00000E+00	2.19101E+01	5.49384E+06
7.00000E+00	2.21910E+01	5.44271E+06
7.00000E+00	2.24719E+01	5.39109E+06
7.00000E+00	2.27528E+01	5.33908E+06
7.00000E+00	2.30337E+01	5.28680E+06
7.00000E+00	2.33146E+01	5.23436E+06
7.00000E+00	2.35955E+01	5.18188E+06
7.00000E+00	2.38764E+01	5.12944E+06
7.00000E+00	2.41573E+01	5.07713E+06
7.00000E+00	2.44382E+01	5.02502E+06
7.00000E+00	2.47191E+01	4.97316E+06
7.00000E+00	2.50000E+01	4.92158E+06
8.00000E+00	0.00000E+00	1.83120E+07
8.00000E+00	2.80899E-01	1.78811E+07
8.00000E+00	5.61798E-01	1.73513E+07
8.00000E+00	8.42697E-01	1.67280E+07
8.00000E+00	1.12360E+00	1.60332E+07
8.00000E+00	1.40449E+00	1.53116E+07
8.00000E+00	1.68539E+00	1.46250E+07
8.00000E+00	1.96629E+00	1.39646E+07
8.00000E+00	2.24719E+00	1.33120E+07
8.00000E+00	2.52809E+00	1.26674E+07
8.00000E+00	2.80899E+00	1.20409E+07
8.00000E+00	3.08989E+00	1.14453E+07
8.00000E+00	3.37079E+00	1.08903E+07
8.00000E+00	3.65169E+00	1.03811E+07
8.00000E+00	3.93258E+00	9.91909E+06
8.00000E+00	4.21348E+00	9.50277E+06
8.00000E+00	4.49438E+00	9.12926E+06
8.00000E+00	4.77528E+00	8.79505E+06
8.00000E+00	5.05618E+00	8.49650E+06
8.00000E+00	5.33708E+00	8.23012E+06
8.00000E+00	5.61798E+00	7.99270E+06
8.00000E+00	5.89888E+00	7.78138E+06
8.00000E+00	6.17978E+00	7.59357E+06
8.00000E+00	6.46067E+00	7.42698E+06
8.00000E+00	6.74157E+00	7.27953E+06
8.00000E+00	7.02247E+00	7.14938E+06
8.00000E+00	7.30337E+00	7.03484E+06
8.00000E+00	7.58427E+00	6.93440E+06
8.00000E+00	7.86517E+00	6.84668E+06
8.00000E+00	8.14607E+00	6.77044E+06
8.00000E+00	8.42697E+00	6.70455E+06
8.00000E+00	8.70787E+00	6.64800E+06
8.00000E+00	8.98876E+00	6.59985E+06
8.00000E+00	9.26966E+00	6.55923E+06
8.00000E+00	9.55056E+00	6.52533E+06
8.00000E+00	9.83146E+00	6.49739E+06
8.00000E+00	1.01124E+01	6.47467E+06
8.00000E+00	1.03933E+01	6.45646E+06
8.00000E+00	1.06742E+01	6.44210E+06
8.00000E+00	1.09551E+01	6.43092E+06
8.00000E+00	1.12360E+01	6.42232E+06
8.00000E+00	1.15169E+01	6.41571E+06
8.00000E+00	1.17978E+01	6.41055E+06
8.00000E+00	1.20787E+01	6.40636E+06
8.00000E+00	1.23596E+01	6.40269E+06
8.00000E+00	1.26404E+01	6.39916E+06
8.00000E+00	1.29213E+01	6.39544E+06
8.00000E+00	1.32022E+01	6.39122E+06
8.00000E+00	1.34831E+01	6.38626E+06
8.00000E+00	1.37640E+01	6.38033E+06
8.00000E+00	1.40449E+01	6.37323E+06
8.00000E+00	1.43258E+01	6.36481E+06
8.00000E+00	1.46067E+01	6.35491E+06
8.00000E+00	1.48876E+01	6.34344E+06
8.00000E+00	1.51685E+01	6.33028E+06
8.00000E+00	1.54494E+01	6.31536E+06
8.00000E+00	1.57303E+01	6.29861E+06
8.00000E+00	1.60112E+01	6.27999E+06
8.00000E+00	1.62921E+01	6.25946E+06
8.00000E+00	1.65730E+01	6.23699E+06
8.00000E+00	1.68539E+01	6.21257E+06
8.00000E+00	1.71348E+01	6.18619E+06
8.00000E+00	1.74157E+01	6.15786E+06
8.00000E+00	1.76966E+01	6.12761E+06
8.00000E+00	1.79775E+01	6.09547E+06
8.00000E+00	1.82584E+01	6.06150E+06
8.00000E+00	1.85393E+01	6.02576E+06
8.00000E+00	1.88202E+01	5.98833E+06
8.00000E+00	1.91011E+01	5.94927E+06
8.00000E+00	1.93820E+01	5.90864E+06
8.00000E+00	1.96629E+01	5.86654E+06
8.00000E+00	1.99438E+01	5.82305E+06
8.00000E+00	2.02247E+01	5.77826E+06
8.00000E+00	2.05056E+01	5.73229E+06
8.00000E+00	2.07865E+01	5.68524E+06
8.00000E+00	2.10674E+01	5.63722E+06
8.00000E+00	2.13483E+01	5.58833E+06
8.00000E+00	2.16292E+01	5.53869E+06
8.00000E+00	2.19101E+01	5.48837E+06
8.00000E+00	2.21910E+01	5.43747E+06
8.00000E+00	2.24719E+01	5.38610E+06
8.00000E+00	2.27528E+01	5.33435E+06
8.00000E+00	2.30337E+01	5.28233E+06
8.00000E+00	2.33146E+01	5.23016E+06
8.00000E+00	2.35955E+01	5.17792E+06
8.00000E+00	2.38764E+01	5.12571E+06
8.00000E+00	2.41573E+01	5.07362E+06
8.00000E+00	2.44382E+01	5.02170E+06
8.00000E+00	2.47191E+01	4.97001E+06
8.00000E+00	2.50000E+01	4.91859E+06
9.00000E+00	0.00000E+00	1.73051E+07
9.00000E+00	2.80899E-01	1.69114E+07
9.00000E+00	5.61798E-01	1.64402E+07
9.00000E+00	8.42697E-01	1.58963E+07
9.00000E+00	1.12360E+00	1.52936E+07
9.00000E+00	1.40449E+00	1.46580E+07
9.00000E+00	1.68539E+00	1.40300E+07
9.00000E+00	1.96629E+00	1.34409E+07
9.00000E+00	2.24719E+00	1.28727E+07
9.00000E+00	2.52809E+00	1.23155E+07
9.00000E+00	2.80899E+00	1.17696E+07
9.00000E+00	3.08989E+00	1.12410E+07
9.00000E+00	3.37079E+00	1.07377E+07
9.00000E+00	3.65169E+00	1.02664E+07
9.00000E+00	3.93258E+00	9.83138E+06
9.00000E+00	4.21348E+00	9.43421E+06
9.00000E+00	4.49438E+00	9.07452E+06
9.00000E+00	4.77528E+00	8.75059E+06
9.00000E+00	5.05618E+00	8.46001E+06
9.00000E+00	5.33708E+00	8.20008E+06
9.00000E+00	5.61798E+00	7.96809E+06
9.00000E+00	5.89888E+00	7.76141E+06
9.00000E+00	6.17978E+00	7.57765E+06
9.00000E+00	6.46067E+00	7.41458E+06
9.00000E+00	6.74157E+00	7.27021E+06
9.00000E+00	7.02247E+00	7.14271E+06
9.00000E+00	7.30337E+00	7.03044E+06
9.00000E+00	7.58427E+00	6.93193E+06
9.00000E+00	7.86517E+00	6.84583E+06
9.00000E+00	8.14607E+00	6.77092E+06
9.00000E+00	8.42697E+00	6.70609E+06
9.00000E+00	8.70787E+00	6.65036E+06
9.00000E+00	8.98876E+00	6.60279E+06
9.00000E+00	9.26966E+00	6.56254E+06
9.00000E+00	9.55056E+00	6.52880E+06
9.00000E+00	9.83146E+00	6.50083E+06
9.00000E+00	1.01124E+01	6.47791E+06
9.00000E+00	1.03933E+01	6.45935E+06
9.00000E+00	1.06742E+01	6.44451E+06
9.00000E+00	1.09551E+01	6.43276E+06
9.00000E+00	1.12360E+01	6.42351E+06
9.00000E+00	1.15169E+01	6.41620E+06
9.00000E+00	1.17978E+01	6.41033E+06
9.00000E+00	1.20787E+01	6.40543E+06
9.00000E+00	1.23596E+01	6.40106E+06
9.00000E+00	1.26404E+01	6.39686E+06
9.00000E+00	1.29213E+01	6.39249E+06
9.00000E+00	1.32022E+01	6.38767E+06
9.00000E+00	1.34831E+01	6.38213E+06
9.00000E+00	1.37640E+01	6.37566E+06
9.00000E+00	1.40449E+01	6.36807E+06
9.00000E+00	1.43258E+01	6.35918E+06
9.00000E+00	1.46067E+01	6.34886E+06
9.00000E+00	1.48876E+01	6.33699E+06
9.00000E+00	1.51685E+01	6.32348E+06
9.00000E+00	1.54494E+01	6.30823E+06
9.00000E+00	1.57303E+01	6.29120E+06
9.00000E+00	1.60112E+01	6.27232E+06
9.00000E+00	1.62921E+01	6.25155E+06
9.00000E+00	1.65730E+01	6.22889E+06
9.00000E+00	1.68539E+01	6.20430E+06
9.00000E+00	1.71348E+01	6.17780E+06
9.00000E+00	1.74157E+01	6.14938E+06
9.00000E+00	1.76966E+01	6.11908E+06
9.00000E+00	1.79775E+01	6.08692E+06
9.00000E+00	1.82584E+01	6.05297E+06
9.00000E+00	1.85393E+01	6.01728E+06
9.00000E+00	1.88202E+01	5.97992E+06
9.00000E+00	1.91011E+01	5.94095E+06
9.00000E+00	1.93820E+01	5.90044E+06
9.00000E+00	1.96629E+01	5.85849E+06
9.00000E+00	1.99438E+01	5.81517E+06
9.00000E+00	2.02247E+01	5.77058E+06
9.00000E+00	2.05056E+01	5.72482E+06
9.00000E+00	2.07865E+01	5.67800E+06
9.00000E+00	2.10674E+01	5.63022E+06
9.00000E+00	2.13483E+01	5.58158E+06
9.00000E+00	2.16292E+01	5.53218E+06
9.00000E+00	2.19101E+01	5.48212E+06
9.00000E+00	2.21910E+01	5.43150E+06
9.00000E+00	2.24719E+01	5.38040E+06
9.00000E+00	2.27528E+01	5.32894E+06
9.00000E+00	2.30337E+01	5.27721E+06
9.00000E+00	2.33146E+01	5.22532E+06
9.00000E+00	2.35955E+01	5.17335E+06
9.00000E+00	2.38764E+01	5.12140E+06
9.00000E+00	2.41573E+01	5.06954E+06
9.00000E+00	2.44382E+01	5.01784E+06
9.00000E+00	2.47191E+01	4.96636E+06
9.00000E+00	2.50000E+01	4.91515E+06
1.00000E+01	0.00000E+00	1.64010E+07
1.00000E+01	2.80899E-01	1.60418E+07
1.00000E+01	5.61798E-01	1.56213E+07
1.00000E+01	8.42697E-01	1.51432E+07
1.00000E+01	1.12360E+00	1.46174E+07
1.00000E+01	1.40449E+00	1.40601E+07
1.00000E+01	1.68539E+00	1.34952E+07
1.00000E+01	1.96629E+00	1.29554E+07
1.00000E+01	2.24719E+00	1.24474E+07
1.00000E+01	2.52809E+00	1.19572E+07
1.00000E+01	2.80899E+00	1.14792E+07
1.00000E+01	3.08989E+00	1.10135E+07
1.00000E+01	3.37079E+00	1.05640E+07
1.00000E+01	3.65169E+00	1.01359E+07
1.00000E+01	3.93258E+00	9.73384E+06
1.00000E+01	4.21348E+00	9.36107E+06
1.00000E+01	4.49438E+00	9.01910E+06
1.00000E+01	4.77528E+00	8.70801E+06
1.00000E+01	5.05618E+00	8.42684E+06
1.00000E+01	5.33708E+00	8.17394E+06
1.00000E+01	5.61798E+00	7.94736E+06
1.00000E+01	5.89888E+00	7.74498E+06
1.00000E+01	6.17978E+00	7.56472E+06
1.00000E+01	6.46067E+00	7.40458E+06
1.00000E+01	6.74157E+00	7.26269E+06
1.00000E+01	7.02247E+00	7.13731E+06
1.00000E+01	7.30337E+00	7.02685E+06
1.00000E+01	7.58427E+00	6.92988E+06
1.00000E+01	7.86517E+00	6.84507E+06
1.00000E+01	8.14607E+00	6.77122E+06
1.00000E+01	8.42697E+00	6.70726E+06
1.00000E+01	8.70787E+00	6.65218E+06
1.00000E+01	8.98876E+00	6.60507E+06
1.00000E+01	9.26966E+00	6.56509E+06
1.00000E+01	9.55056E+00	6.53144E+06
1.00000E+01	9.83146E+00	6.50340E+06
1.00000E+01	1.01124E+01	6.48025E+06
1.00000E+01	1.03933E+01	6.46133E+06
1.00000E+01	1.06742E+01	6.44601E+06
1.00000E+01	1.09551E+01	6.43368E+06
1.00000E+01	1.12360E+01	6.42379E+06
1.00000E+01	1.15169E+01	6.41580E+06
1.00000E+01	1.17978E+01	6.40922E+06
1.00000E+01	1.20787E+01	6.40359E+06
1.00000E+01	1.23596E+01	6.39852E+06
1.00000E+01	1.26404E+01	6.39363E+06
1.00000E+01	1.29213E+01	6.38860E+06
1.00000E+01	1.32022E+01	6.38315E+06
1.00000E+01	1.34831E+01	6.37702E+06
1.00000E+01	1.37640E+01	6.37000E+06
1.00000E+01	1.40449E+01	6.36188E+06
1.00000E+01	1.43258E+01	6.35251E+06
1.00000E+01	1.46067E+01	6.34175E+06
1.00000E+01	1.48876E+01	6.32947E+06
1.00000E+01	1.51685E+01	6.31559E+06
1.00000E+01	1.54494E+01	6.30001E+06
1.00000E+01	1.57303E+01	6.28267E+06
1.00000E+01	1.60112E+01	6.26353E+06
1.00000E+01	1.62921E+01	6.24253E+06
1.00000E+01	1.65730E+01	6.21967E+06
1.00000E+01	1.68539E+01	6.19493E+06
1.00000E+01	1.71348E+01	6.16830E+06
1.00000E+01	1.74157E+01	6.13980E+06
1.00000E+01	1.76966E+01	6.10946E+06
1.00000E+01	1.79775E+01	6.07730E+06
1.00000E+01	1.82584E+01	6.04337E+06
1.00000E+01	1.85393E+01	6.00774E+06
1.00000E+01	1.88202E+01	5.97046E+06
1.00000E+01	1.91011E+01	5.93160E+06
1.00000E+01	1.93820E+01	5.89124E+06
1.00000E+01	1.96629E+01	5.84946E+06
1.00000E+01	1.99438E+01	5.80633E+06
1.00000E+01	2.02247E+01	5.76196E+06
1.00000E+01	2.05056E+01	5.71645E+06
1.00000E+01	2.07865E+01	5.66988E+06
1.00000E+01	2.10674E+01	5.62236E+06
1.00000E+01	2.13483E+01	5.57400E+06
1.00000E+01	2.16292E+01	5.52488E+06
1.00000E+01	2.19101E+01	5.47511E+06
1.00000E+01	2.21910E+01	5.42478E+06
1.00000E+01	2.24719E+01	5.37399E+06
1.00000E+01	2.27528E+01	5.32284E+06
1.00000E+01	2.30337E+01	5.27142E+06
1.00000E+01	2.33146E+01	5.21983E+06
1.00000E+01	2.35955E+01	5.16816E+06
1.00000E+01	2.38764E+01	5.11649E+06
1.00000E+01	2.41573E+01	5.06490E+06
1.00000E+01	2.44382E+01	5.01345E+06
1.00000E+01	2.47191E+01	4.96221E+06
1.00000E+01	2.50000E+01	4.91121E+06
