1.00000E-04	0.00000E+00	7.00811E-01
1.00000E-04	2.80899E-01	1.80750E-01
1.00000E-04	5.61798E-01	2.55332E-01
1.00000E-04	8.42697E-01	3.02184E-01
1.00000E-04	1.12360E+00	3.41752E-01
1.00000E-04	1.40449E+00	3.73276E-01
1.00000E-04	1.68539E+00	4.02284E-01
1.00000E-04	1.96629E+00	4.23889E-01
1.00000E-04	2.24719E+00	4.42793E-01
1.00000E-04	2.52809E+00	4.56735E-01
1.00000E-04	2.80899E+00	4.68958E-01
1.00000E-04	3.08989E+00	4.79051E-01
1.00000E-04	3.37079E+00	4.88248E-01
1.00000E-04	3.65169E+00	4.96940E-01
1.00000E-04	3.93258E+00	5.01535E-01
1.00000E-04	4.21348E+00	5.04863E-01
1.00000E-04	4.49438E+00	5.08988E-01
1.00000E-04	4.77528E+00	5.10368E-01
1.00000E-04	5.05618E+00	5.09377E-01
1.00000E-04	5.33708E+00	5.09467E-01
1.00000E-04	5.61798E+00	5.07908E-01
1.00000E-04	5.89888E+00	5.04197E-01
1.00000E-04	6.17978E+00	4.98782E-01
1.00000E-04	6.46067E+00	4.94065E-01
1.00000E-04	6.74157E+00	4.87995E-01
1.00000E-04	7.02247E+00	4.80086E-01
1.00000E-04	7.30337E+00	4.72252E-01
1.00000E-04	7.58427E+00	4.64705E-01
1.00000E-04	7.86517E+00	4.56617E-01
1.00000E-04	8.14607E+00	4.48023E-01
1.00000E-04	8.42697E+00	4.39984E-01
1.00000E-04	8.70787E+00	4.32072E-01
1.00000E-04	8.98876E+00	4.23894E-01
1.00000E-04	9.26966E+00	4.16021E-01
1.00000E-04	9.55056E+00	4.08646E-01
1.00000E-04	9.83146E+00	4.01491E-01
1.00000E-04	1.01124E+01	3.94206E-01
1.00000E-04	1.03933E+01	3.87347E-01
1.00000E-04	1.06742E+01	3.80775E-01
1.00000E-04	1.09551E+01	3.74358E-01
1.00000E-04	1.12360E+01	3.68151E-01
1.00000E-04	1.15169E+01	3.62244E-01
1.00000E-04	1.17978E+01	3.56487E-01
1.00000E-04	1.20787E+01	3.50934E-01
1.00000E-04	1.23596E+01	3.45479E-01
1.00000E-04	1.26404E+01	3.40260E-01
1.00000E-04	1.29213E+01	3.35343E-01
1.00000E-04	1.32022E+01	3.30460E-01
1.00000E-04	1.34831E+01	3.25758E-01
1.00000E-04	1.37640E+01	3.21287E-01
1.00000E-04	1.40449E+01	3.17021E-01
1.00000E-04	1.43258E+01	3.12662E-01
1.00000E-04	1.46067E+01	3.08626E-01
1.00000E-04	1.48876E+01	3.04736E-01
1.00000E-04	1.51685E+01	3.00810E-01
1.00000E-04	1.54494E+01	2.96999E-01
1.00000E-04	1.57303E+01	2.93353E-01
1.00000E-04	1.60112E+01	2.89792E-01
1.00000E-04	1.62921E+01	2.86211E-01
1.00000E-04	1.65730E+01	2.82792E-01
1.00000E-04	1.68539E+01	2.79428E-01
1.00000E-04	1.71348E+01	2.76166E-01
1.00000E-04	1.74157E+01	2.72844E-01
1.00000E-04	1.76966E+01	2.69741E-01
1.00000E-04	1.79775E+01	2.66770E-01
1.00000E-04	1.82584E+01	2.63747E-01
1.00000E-04	1.85393E+01	2.60688E-01
1.00000E-04	1.88202E+01	2.57788E-01
1.00000E-04	1.91011E+01	2.54981E-01
1.00000E-04	1.93820E+01	2.52086E-01
1.00000E-04	1.96629E+01	2.49348E-01
1.00000E-04	1.99438E+01	2.46773E-01
1.00000E-04	2.02247E+01	2.44071E-01
1.00000E-04	2.05056E+01	2.41412E-01
1.00000E-04	2.07865E+01	2.38876E-01
1.00000E-04	2.10674E+01	2.36330E-01
1.00000E-04	2.13483E+01	2.33877E-01
1.00000E-04	2.16292E+01	2.31396E-01
1.00000E-04	2.19101E+01	2.29064E-01
1.00000E-04	2.21910E+01	2.26777E-01
1.00000E-04	2.24719E+01	2.24453E-01
1.00000E-04	2.27528E+01	2.22160E-01
1.00000E-04	2.30337E+01	2.20046E-01
1.00000E-04	2.33146E+01	2.17844E-01
1.00000E-04	2.35955E+01	2.15636E-01
1.00000E-04	2.38764E+01	2.13486E-01
1.00000E-04	2.41573E+01	2.11403E-01
1.00000E-04	2.44382E+01	2.09190E-01
1.00000E-04	2.47191E+01	2.07044E-01
1.00000E-04	2.50000E+01	2.04944E-01
5.00000E-04	0.00000E+00	8.30016E-01
5.00000E-04	2.80899E-01	1.06965E+00
5.00000E-04	5.61798E-01	1.51126E+00
5.00000E-04	8.42697E-01	1.78880E+00
5.00000E-04	1.12360E+00	2.02232E+00
5.00000E-04	1.40449E+00	2.20932E+00
5.00000E-04	1.68539E+00	2.38102E+00
5.00000E-04	1.96629E+00	2.50890E+00
5.00000E-04	2.24719E+00	2.62079E+00
5.00000E-04	2.52809E+00	2.70331E+00
5.00000E-04	2.80899E+00	2.77565E+00
5.00000E-04	3.08989E+00	2.83555E+00
5.00000E-04	3.37079E+00	2.88982E+00
5.00000E-04	3.65169E+00	2.94123E+00
5.00000E-04	3.93258E+00	2.96850E+00
5.00000E-04	4.21348E+00	2.98759E+00
5.00000E-04	4.49438E+00	3.01257E+00
5.00000E-04	4.77528E+00	3.02074E+00
5.00000E-04	5.05618E+00	3.01489E+00
5.00000E-04	5.33708E+00	3.01541E+00
5.00000E-04	5.61798E+00	3.00618E+00
5.00000E-04	5.89888E+00	2.98421E+00
5.00000E-04	6.17978E+00	2.95217E+00
5.00000E-04	6.46067E+00	2.92425E+00
5.00000E-04	6.74157E+00	2.88832E+00
5.00000E-04	7.02247E+00	2.84151E+00
5.00000E-04	7.30337E+00	2.79519E+00
5.00000E-04	7.58427E+00	2.75048E+00
5.00000E-04	7.86517E+00	2.70261E+00
5.00000E-04	8.14607E+00	2.65174E+00
5.00000E-04	8.42697E+00	2.60416E+00
5.00000E-04	8.70787E+00	2.55733E+00
5.00000E-04	8.98876E+00	2.50918E+00
5.00000E-04	9.26966E+00	2.46233E+00
5.00000E-04	9.55056E+00	2.41868E+00
5.00000E-04	9.83146E+00	2.37633E+00
5.00000E-04	1.01124E+01	2.33321E+00
5.00000E-04	1.03933E+01	2.29253E+00
5.00000E-04	1.06742E+01	2.25372E+00
5.00000E-04	1.09551E+01	2.21574E+00
5.00000E-04	1.12360E+01	2.17900E+00
5.00000E-04	1.15169E+01	2.14403E+00
5.00000E-04	1.17978E+01	2.10996E+00
5.00000E-04	1.20787E+01	2.07709E+00
5.00000E-04	1.23596E+01	2.04481E+00
5.00000E-04	1.26404E+01	2.01392E+00
5.00000E-04	1.29213E+01	1.98481E+00
5.00000E-04	1.32022E+01	1.95591E+00
5.00000E-04	1.34831E+01	1.92808E+00
5.00000E-04	1.37640E+01	1.90162E+00
5.00000E-04	1.40449E+01	1.87637E+00
5.00000E-04	1.43258E+01	1.85057E+00
5.00000E-04	1.46067E+01	1.82668E+00
5.00000E-04	1.48876E+01	1.80366E+00
5.00000E-04	1.51685E+01	1.78042E+00
5.00000E-04	1.54494E+01	1.75787E+00
5.00000E-04	1.57303E+01	1.73628E+00
5.00000E-04	1.60112E+01	1.71521E+00
5.00000E-04	1.62921E+01	1.69401E+00
5.00000E-04	1.65730E+01	1.67378E+00
5.00000E-04	1.68539E+01	1.65387E+00
5.00000E-04	1.71348E+01	1.63456E+00
5.00000E-04	1.74157E+01	1.61490E+00
5.00000E-04	1.76966E+01	1.59653E+00
5.00000E-04	1.79775E+01	1.57895E+00
5.00000E-04	1.82584E+01	1.56105E+00
5.00000E-04	1.85393E+01	1.54295E+00
5.00000E-04	1.88202E+01	1.52578E+00
5.00000E-04	1.91011E+01	1.50917E+00
5.00000E-04	1.93820E+01	1.49203E+00
5.00000E-04	1.96629E+01	1.47583E+00
5.00000E-04	1.99438E+01	1.46053E+00
5.00000E-04	2.02247E+01	1.44459E+00
5.00000E-04	2.05056E+01	1.42886E+00
5.00000E-04	2.07865E+01	1.41385E+00
5.00000E-04	2.10674E+01	1.39878E+00
5.00000E-04	2.13483E+01	1.38426E+00
5.00000E-04	2.16292E+01	1.36958E+00
5.00000E-04	2.19101E+01	1.35578E+00
5.00000E-04	2.21910E+01	1.34224E+00
5.00000E-04	2.24719E+01	1.32848E+00
5.00000E-04	2.27528E+01	1.31491E+00
5.00000E-04	2.30337E+01	1.30240E+00
5.00000E-04	2.33146E+01	1.28937E+00
5.00000E-04	2.35955E+01	1.27630E+00
5.00000E-04	2.38764E+01	1.26357E+00
5.00000E-04	2.41573E+01	1.25124E+00
5.00000E-04	2.44382E+01	1.23814E+00
5.00000E-04	2.47191E+01	1.22544E+00
5.00000E-04	2.50000E+01	1.21302E+00
1.00000E-03	0.00000E+00	9.12437E-01
1.00000E-03	2.80899E-01	1.58395E+00
1.00000E-03	5.61798E-01	2.23792E+00
1.00000E-03	8.42697E-01	2.64914E+00
1.00000E-03	1.12360E+00	2.99420E+00
1.00000E-03	1.40449E+00	3.27146E+00
1.00000E-03	1.68539E+00	3.52590E+00
1.00000E-03	1.96629E+00	3.71525E+00
1.00000E-03	2.24719E+00	3.88091E+00
1.00000E-03	2.52809E+00	4.00311E+00
1.00000E-03	2.80899E+00	4.11026E+00
1.00000E-03	3.08989E+00	4.19948E+00
1.00000E-03	3.37079E+00	4.27940E+00
1.00000E-03	3.65169E+00	4.35509E+00
1.00000E-03	3.93258E+00	4.39621E+00
1.00000E-03	4.21348E+00	4.42377E+00
1.00000E-03	4.49438E+00	4.46093E+00
1.00000E-03	4.77528E+00	4.47309E+00
1.00000E-03	5.05618E+00	4.46471E+00
1.00000E-03	5.33708E+00	4.46531E+00
1.00000E-03	5.61798E+00	4.45165E+00
1.00000E-03	5.89888E+00	4.41891E+00
1.00000E-03	6.17978E+00	4.37166E+00
1.00000E-03	6.46067E+00	4.33032E+00
1.00000E-03	6.74157E+00	4.27703E+00
1.00000E-03	7.02247E+00	4.20779E+00
1.00000E-03	7.30337E+00	4.13922E+00
1.00000E-03	7.58427E+00	4.07299E+00
1.00000E-03	7.86517E+00	4.00210E+00
1.00000E-03	8.14607E+00	3.92678E+00
1.00000E-03	8.42697E+00	3.85632E+00
1.00000E-03	8.70787E+00	3.78697E+00
1.00000E-03	8.98876E+00	3.71572E+00
1.00000E-03	9.26966E+00	3.64629E+00
1.00000E-03	9.55056E+00	3.58165E+00
1.00000E-03	9.83146E+00	3.51893E+00
1.00000E-03	1.01124E+01	3.45508E+00
1.00000E-03	1.03933E+01	3.39483E+00
1.00000E-03	1.06742E+01	3.33737E+00
1.00000E-03	1.09551E+01	3.28113E+00
1.00000E-03	1.12360E+01	3.22672E+00
1.00000E-03	1.15169E+01	3.17495E+00
1.00000E-03	1.17978E+01	3.12450E+00
1.00000E-03	1.20787E+01	3.07582E+00
1.00000E-03	1.23596E+01	3.02801E+00
1.00000E-03	1.26404E+01	2.98227E+00
1.00000E-03	1.29213E+01	2.93917E+00
1.00000E-03	1.32022E+01	2.89637E+00
1.00000E-03	1.34831E+01	2.85517E+00
1.00000E-03	1.37640E+01	2.81598E+00
1.00000E-03	1.40449E+01	2.77858E+00
1.00000E-03	1.43258E+01	2.74038E+00
1.00000E-03	1.46067E+01	2.70500E+00
1.00000E-03	1.48876E+01	2.67091E+00
1.00000E-03	1.51685E+01	2.63650E+00
1.00000E-03	1.54494E+01	2.60310E+00
1.00000E-03	1.57303E+01	2.57114E+00
1.00000E-03	1.60112E+01	2.53994E+00
1.00000E-03	1.62921E+01	2.50855E+00
1.00000E-03	1.65730E+01	2.47858E+00
1.00000E-03	1.68539E+01	2.44909E+00
1.00000E-03	1.71348E+01	2.42050E+00
1.00000E-03	1.74157E+01	2.39141E+00
1.00000E-03	1.76966E+01	2.36419E+00
1.00000E-03	1.79775E+01	2.33815E+00
1.00000E-03	1.82584E+01	2.31166E+00
1.00000E-03	1.85393E+01	2.28485E+00
1.00000E-03	1.88202E+01	2.25943E+00
1.00000E-03	1.91011E+01	2.23484E+00
1.00000E-03	1.93820E+01	2.20945E+00
1.00000E-03	1.96629E+01	2.18545E+00
1.00000E-03	1.99438E+01	2.16264E+00
1.00000E-03	2.02247E+01	2.13920E+00
1.00000E-03	2.05056E+01	2.11589E+00
1.00000E-03	2.07865E+01	2.09367E+00
1.00000E-03	2.10674E+01	2.07135E+00
1.00000E-03	2.13483E+01	2.04986E+00
1.00000E-03	2.16292E+01	2.02811E+00
1.00000E-03	2.19101E+01	2.00767E+00
1.00000E-03	2.21910E+01	1.98763E+00
1.00000E-03	2.24719E+01	1.96725E+00
1.00000E-03	2.27528E+01	1.94716E+00
1.00000E-03	2.30337E+01	1.92863E+00
1.00000E-03	2.33146E+01	1.90933E+00
1.00000E-03	2.35955E+01	1.88998E+00
1.00000E-03	2.38764E+01	1.87113E+00
1.00000E-03	2.41573E+01	1.85288E+00
1.00000E-03	2.44382E+01	1.83348E+00
1.00000E-03	2.47191E+01	1.81467E+00
1.00000E-03	2.50000E+01	1.79627E+00
5.00000E-03	0.00000E+00	9.94121E-01
5.00000E-03	2.80899E-01	2.08821E+00
5.00000E-03	5.61798E-01	2.95036E+00
5.00000E-03	8.42697E-01	3.49255E+00
5.00000E-03	1.12360E+00	3.94693E+00
5.00000E-03	1.40449E+00	4.31239E+00
5.00000E-03	1.68539E+00	4.64844E+00
5.00000E-03	1.96629E+00	4.89773E+00
5.00000E-03	2.24719E+00	5.11587E+00
5.00000E-03	2.52809E+00	5.27742E+00
5.00000E-03	2.80899E+00	5.41868E+00
5.00000E-03	3.08989E+00	5.53732E+00
5.00000E-03	3.37079E+00	5.64199E+00
5.00000E-03	3.65169E+00	5.74001E+00
5.00000E-03	3.93258E+00	5.79718E+00
5.00000E-03	4.21348E+00	5.83169E+00
5.00000E-03	4.49438E+00	5.87929E+00
5.00000E-03	4.77528E+00	5.89583E+00
5.00000E-03	5.05618E+00	5.88713E+00
5.00000E-03	5.33708E+00	5.88626E+00
5.00000E-03	5.61798E+00	5.86925E+00
5.00000E-03	5.89888E+00	5.82464E+00
5.00000E-03	6.17978E+00	5.76279E+00
5.00000E-03	6.46067E+00	5.70891E+00
5.00000E-03	6.74157E+00	5.63753E+00
5.00000E-03	7.02247E+00	5.54678E+00
5.00000E-03	7.30337E+00	5.45691E+00
5.00000E-03	7.58427E+00	5.36955E+00
5.00000E-03	7.86517E+00	5.27633E+00
5.00000E-03	8.14607E+00	5.17641E+00
5.00000E-03	8.42697E+00	5.08391E+00
5.00000E-03	8.70787E+00	4.99254E+00
5.00000E-03	8.98876E+00	4.89867E+00
5.00000E-03	9.26966E+00	4.80687E+00
5.00000E-03	9.55056E+00	4.72185E+00
5.00000E-03	9.83146E+00	4.63908E+00
5.00000E-03	1.01124E+01	4.55493E+00
5.00000E-03	1.03933E+01	4.47554E+00
5.00000E-03	1.06742E+01	4.39980E+00
5.00000E-03	1.09551E+01	4.32567E+00
5.00000E-03	1.12360E+01	4.25355E+00
5.00000E-03	1.15169E+01	4.18547E+00
5.00000E-03	1.17978E+01	4.11917E+00
5.00000E-03	1.20787E+01	4.05461E+00
5.00000E-03	1.23596E+01	3.99195E+00
5.00000E-03	1.26404E+01	3.93168E+00
5.00000E-03	1.29213E+01	3.87520E+00
5.00000E-03	1.32022E+01	3.81842E+00
5.00000E-03	1.34831E+01	3.76426E+00
5.00000E-03	1.37640E+01	3.71271E+00
5.00000E-03	1.40449E+01	3.66313E+00
5.00000E-03	1.43258E+01	3.61278E+00
5.00000E-03	1.46067E+01	3.56613E+00
5.00000E-03	1.48876E+01	3.52122E+00
5.00000E-03	1.51685E+01	3.47582E+00
5.00000E-03	1.54494E+01	3.43179E+00
5.00000E-03	1.57303E+01	3.38964E+00
5.00000E-03	1.60112E+01	3.34852E+00
5.00000E-03	1.62921E+01	3.30717E+00
5.00000E-03	1.65730E+01	3.26758E+00
5.00000E-03	1.68539E+01	3.22875E+00
5.00000E-03	1.71348E+01	3.19106E+00
5.00000E-03	1.74157E+01	3.15294E+00
5.00000E-03	1.76966E+01	3.11688E+00
5.00000E-03	1.79775E+01	3.08249E+00
5.00000E-03	1.82584E+01	3.04753E+00
5.00000E-03	1.85393E+01	3.01222E+00
5.00000E-03	1.88202E+01	2.97872E+00
5.00000E-03	1.91011E+01	2.94633E+00
5.00000E-03	1.93820E+01	2.91282E+00
5.00000E-03	1.96629E+01	2.88118E+00
5.00000E-03	1.99438E+01	2.85085E+00
5.00000E-03	2.02247E+01	2.82020E+00
5.00000E-03	2.05056E+01	2.78950E+00
5.00000E-03	2.07865E+01	2.76013E+00
5.00000E-03	2.10674E+01	2.73076E+00
5.00000E-03	2.13483E+01	2.70242E+00
5.00000E-03	2.16292E+01	2.67375E+00
5.00000E-03	2.19101E+01	2.64681E+00
5.00000E-03	2.21910E+01	2.62038E+00
5.00000E-03	2.24719E+01	2.59352E+00
5.00000E-03	2.27528E+01	2.56704E+00
5.00000E-03	2.30337E+01	2.54258E+00
5.00000E-03	2.33146E+01	2.51712E+00
5.00000E-03	2.35955E+01	2.49165E+00
5.00000E-03	2.38764E+01	2.46681E+00
5.00000E-03	2.41573E+01	2.44267E+00
5.00000E-03	2.44382E+01	2.41716E+00
5.00000E-03	2.47191E+01	2.39236E+00
5.00000E-03	2.50000E+01	2.36810E+00
1.00000E-02	0.00000E+00	1.00330E+00
1.00000E-02	2.80899E-01	2.10756E+00
1.00000E-02	5.61798E-01	2.97767E+00
1.00000E-02	8.42697E-01	3.52488E+00
1.00000E-02	1.12360E+00	3.98346E+00
1.00000E-02	1.40449E+00	4.35230E+00
1.00000E-02	1.68539E+00	4.69146E+00
1.00000E-02	1.96629E+00	4.94306E+00
1.00000E-02	2.24719E+00	5.16321E+00
1.00000E-02	2.52809E+00	5.32626E+00
1.00000E-02	2.80899E+00	5.46883E+00
1.00000E-02	3.08989E+00	5.58859E+00
1.00000E-02	3.37079E+00	5.69420E+00
1.00000E-02	3.65169E+00	5.79303E+00
1.00000E-02	3.93258E+00	5.85096E+00
1.00000E-02	4.21348E+00	5.88566E+00
1.00000E-02	4.49438E+00	5.93338E+00
1.00000E-02	4.77528E+00	5.95022E+00
1.00000E-02	5.05618E+00	5.94170E+00
1.00000E-02	5.33708E+00	5.94055E+00
1.00000E-02	5.61798E+00	5.92377E+00
1.00000E-02	5.89888E+00	5.87842E+00
1.00000E-02	6.17978E+00	5.81577E+00
1.00000E-02	6.46067E+00	5.76179E+00
1.00000E-02	6.74157E+00	5.68945E+00
1.00000E-02	7.02247E+00	5.59795E+00
1.00000E-02	7.30337E+00	5.50740E+00
1.00000E-02	7.58427E+00	5.41924E+00
1.00000E-02	7.86517E+00	5.32523E+00
1.00000E-02	8.14607E+00	5.22389E+00
1.00000E-02	8.42697E+00	5.13078E+00
1.00000E-02	8.70787E+00	5.03881E+00
1.00000E-02	8.98876E+00	4.94402E+00
1.00000E-02	9.26966E+00	4.85114E+00
1.00000E-02	9.55056E+00	4.76553E+00
1.00000E-02	9.83146E+00	4.68179E+00
1.00000E-02	1.01124E+01	4.59688E+00
1.00000E-02	1.03933E+01	4.51697E+00
1.00000E-02	1.06742E+01	4.44042E+00
1.00000E-02	1.09551E+01	4.36583E+00
1.00000E-02	1.12360E+01	4.29259E+00
1.00000E-02	1.15169E+01	4.22395E+00
1.00000E-02	1.17978E+01	4.15728E+00
1.00000E-02	1.20787E+01	4.09192E+00
1.00000E-02	1.23596E+01	4.02875E+00
1.00000E-02	1.26404E+01	3.96820E+00
1.00000E-02	1.29213E+01	3.91125E+00
1.00000E-02	1.32022E+01	3.85377E+00
1.00000E-02	1.34831E+01	3.79928E+00
1.00000E-02	1.37640E+01	3.74730E+00
1.00000E-02	1.40449E+01	3.69695E+00
1.00000E-02	1.43258E+01	3.64627E+00
1.00000E-02	1.46067E+01	3.59913E+00
1.00000E-02	1.48876E+01	3.55391E+00
1.00000E-02	1.51685E+01	3.50800E+00
1.00000E-02	1.54494E+01	3.46355E+00
1.00000E-02	1.57303E+01	3.42092E+00
1.00000E-02	1.60112E+01	3.37958E+00
1.00000E-02	1.62921E+01	3.33785E+00
1.00000E-02	1.65730E+01	3.29769E+00
1.00000E-02	1.68539E+01	3.25864E+00
1.00000E-02	1.71348E+01	3.22059E+00
1.00000E-02	1.74157E+01	3.18218E+00
1.00000E-02	1.76966E+01	3.14579E+00
1.00000E-02	1.79775E+01	3.11102E+00
1.00000E-02	1.82584E+01	3.07557E+00
1.00000E-02	1.85393E+01	3.04011E+00
1.00000E-02	1.88202E+01	3.00637E+00
1.00000E-02	1.91011E+01	2.97360E+00
1.00000E-02	1.93820E+01	2.93982E+00
1.00000E-02	1.96629E+01	2.90784E+00
1.00000E-02	1.99438E+01	2.87719E+00
1.00000E-02	2.02247E+01	2.84627E+00
1.00000E-02	2.05056E+01	2.81538E+00
1.00000E-02	2.07865E+01	2.78550E+00
1.00000E-02	2.10674E+01	2.75607E+00
1.00000E-02	2.13483E+01	2.72742E+00
1.00000E-02	2.16292E+01	2.69853E+00
1.00000E-02	2.19101E+01	2.67131E+00
1.00000E-02	2.21910E+01	2.64463E+00
1.00000E-02	2.24719E+01	2.61751E+00
1.00000E-02	2.27528E+01	2.59081E+00
1.00000E-02	2.30337E+01	2.56602E+00
1.00000E-02	2.33146E+01	2.54034E+00
1.00000E-02	2.35955E+01	2.51471E+00
1.00000E-02	2.38764E+01	2.48971E+00
1.00000E-02	2.41573E+01	2.46516E+00
1.00000E-02	2.44382E+01	2.43953E+00
1.00000E-02	2.47191E+01	2.41450E+00
1.00000E-02	2.50000E+01	2.39002E+00
5.00000E-02	0.00000E+00	1.01120E+00
5.00000E-02	2.80899E-01	2.02379E+00
5.00000E-02	5.61798E-01	2.85851E+00
5.00000E-02	8.42697E-01	3.38369E+00
5.00000E-02	1.12360E+00	3.82378E+00
5.00000E-02	1.40449E+00	4.17782E+00
5.00000E-02	1.68539E+00	4.50331E+00
5.00000E-02	1.96629E+00	4.74484E+00
5.00000E-02	2.24719E+00	4.95610E+00
5.00000E-02	2.52809E+00	5.11261E+00
5.00000E-02	2.80899E+00	5.24944E+00
5.00000E-02	3.08989E+00	5.36439E+00
5.00000E-02	3.37079E+00	5.46578E+00
5.00000E-02	3.65169E+00	5.56063E+00
5.00000E-02	3.93258E+00	5.61624E+00
5.00000E-02	4.21348E+00	5.64958E+00
5.00000E-02	4.49438E+00	5.69529E+00
5.00000E-02	4.77528E+00	5.71152E+00
5.00000E-02	5.05618E+00	5.70334E+00
5.00000E-02	5.33708E+00	5.70221E+00
5.00000E-02	5.61798E+00	5.68614E+00
5.00000E-02	5.89888E+00	5.64259E+00
5.00000E-02	6.17978E+00	5.58242E+00
5.00000E-02	6.46067E+00	5.53062E+00
5.00000E-02	6.74157E+00	5.46115E+00
5.00000E-02	7.02247E+00	5.37336E+00
5.00000E-02	7.30337E+00	5.28645E+00
5.00000E-02	7.58427E+00	5.20185E+00
5.00000E-02	7.86517E+00	5.11159E+00
5.00000E-02	8.14607E+00	5.01415E+00
5.00000E-02	8.42697E+00	4.92485E+00
5.00000E-02	8.70787E+00	4.83672E+00
5.00000E-02	8.98876E+00	4.74569E+00
5.00000E-02	9.26966E+00	4.65648E+00
5.00000E-02	9.55056E+00	4.57433E+00
5.00000E-02	9.83146E+00	4.49386E+00
5.00000E-02	1.01124E+01	4.41236E+00
5.00000E-02	1.03933E+01	4.33578E+00
5.00000E-02	1.06742E+01	4.26210E+00
5.00000E-02	1.09551E+01	4.19097E+00
5.00000E-02	1.12360E+01	4.12017E+00
5.00000E-02	1.15169E+01	4.05436E+00
5.00000E-02	1.17978E+01	3.99050E+00
5.00000E-02	1.20787E+01	3.92768E+00
5.00000E-02	1.23596E+01	3.86687E+00
5.00000E-02	1.26404E+01	3.80926E+00
5.00000E-02	1.29213E+01	3.75442E+00
5.00000E-02	1.32022E+01	3.69917E+00
5.00000E-02	1.34831E+01	3.64697E+00
5.00000E-02	1.37640E+01	3.59712E+00
5.00000E-02	1.40449E+01	3.54845E+00
5.00000E-02	1.43258E+01	3.50010E+00
5.00000E-02	1.46067E+01	3.45461E+00
5.00000E-02	1.48876E+01	3.41139E+00
5.00000E-02	1.51685E+01	3.36730E+00
5.00000E-02	1.54494E+01	3.32450E+00
5.00000E-02	1.57303E+01	3.28354E+00
5.00000E-02	1.60112E+01	3.24414E+00
5.00000E-02	1.62921E+01	3.20397E+00
5.00000E-02	1.65730E+01	3.16527E+00
5.00000E-02	1.68539E+01	3.12793E+00
5.00000E-02	1.71348E+01	3.09117E+00
5.00000E-02	1.74157E+01	3.05453E+00
5.00000E-02	1.76966E+01	3.01961E+00
5.00000E-02	1.79775E+01	2.98618E+00
5.00000E-02	1.82584E+01	2.95178E+00
5.00000E-02	1.85393E+01	2.91819E+00
5.00000E-02	1.88202E+01	2.88583E+00
5.00000E-02	1.91011E+01	2.85430E+00
5.00000E-02	1.93820E+01	2.82227E+00
5.00000E-02	1.96629E+01	2.79113E+00
5.00000E-02	1.99438E+01	2.76173E+00
5.00000E-02	2.02247E+01	2.73193E+00
5.00000E-02	2.05056E+01	2.70247E+00
5.00000E-02	2.07865E+01	2.67343E+00
5.00000E-02	2.10674E+01	2.64581E+00
5.00000E-02	2.13483E+01	2.61787E+00
5.00000E-02	2.16292E+01	2.59045E+00
5.00000E-02	2.19101E+01	2.56434E+00
5.00000E-02	2.21910E+01	2.53843E+00
5.00000E-02	2.24719E+01	2.51241E+00
5.00000E-02	2.27528E+01	2.48707E+00
5.00000E-02	2.30337E+01	2.46289E+00
5.00000E-02	2.33146E+01	2.43834E+00
5.00000E-02	2.35955E+01	2.41401E+00
5.00000E-02	2.38764E+01	2.38996E+00
5.00000E-02	2.41573E+01	2.36613E+00
5.00000E-02	2.44382E+01	2.34169E+00
5.00000E-02	2.47191E+01	2.31748E+00
5.00000E-02	2.50000E+01	2.29414E+00
1.00000E-01	0.00000E+00	1.01904E+00
1.00000E-01	2.80899E-01	1.91424E+00
1.00000E-01	5.61798E-01	2.70176E+00
1.00000E-01	8.42697E-01	3.19782E+00
1.00000E-01	1.12360E+00	3.61337E+00
1.00000E-01	1.40449E+00	3.94794E+00
1.00000E-01	1.68539E+00	4.25530E+00
1.00000E-01	1.96629E+00	4.48359E+00
1.00000E-01	2.24719E+00	4.68303E+00
1.00000E-01	2.52809E+00	4.83095E+00
1.00000E-01	2.80899E+00	4.96016E+00
1.00000E-01	3.08989E+00	5.06878E+00
1.00000E-01	3.37079E+00	5.16461E+00
1.00000E-01	3.65169E+00	5.25417E+00
1.00000E-01	3.93258E+00	5.30673E+00
1.00000E-01	4.21348E+00	5.33834E+00
1.00000E-01	4.49438E+00	5.38139E+00
1.00000E-01	4.77528E+00	5.39678E+00
1.00000E-01	5.05618E+00	5.38907E+00
1.00000E-01	5.33708E+00	5.38794E+00
1.00000E-01	5.61798E+00	5.37277E+00
1.00000E-01	5.89888E+00	5.33162E+00
1.00000E-01	6.17978E+00	5.27481E+00
1.00000E-01	6.46067E+00	5.22580E+00
1.00000E-01	6.74157E+00	5.16019E+00
1.00000E-01	7.02247E+00	5.07725E+00
1.00000E-01	7.30337E+00	4.99514E+00
1.00000E-01	7.58427E+00	4.91521E+00
1.00000E-01	7.86517E+00	4.82988E+00
1.00000E-01	8.14607E+00	4.73784E+00
1.00000E-01	8.42697E+00	4.65344E+00
1.00000E-01	8.70787E+00	4.57015E+00
1.00000E-01	8.98876E+00	4.48417E+00
1.00000E-01	9.26966E+00	4.39988E+00
1.00000E-01	9.55056E+00	4.32224E+00
1.00000E-01	9.83146E+00	4.24621E+00
1.00000E-01	1.01124E+01	4.16920E+00
1.00000E-01	1.03933E+01	4.09685E+00
1.00000E-01	1.06742E+01	4.02724E+00
1.00000E-01	1.09551E+01	3.96001E+00
1.00000E-01	1.12360E+01	3.89313E+00
1.00000E-01	1.15169E+01	3.83093E+00
1.00000E-01	1.17978E+01	3.77059E+00
1.00000E-01	1.20787E+01	3.71123E+00
1.00000E-01	1.23596E+01	3.65378E+00
1.00000E-01	1.26404E+01	3.59935E+00
1.00000E-01	1.29213E+01	3.54752E+00
1.00000E-01	1.32022E+01	3.49532E+00
1.00000E-01	1.34831E+01	3.44599E+00
1.00000E-01	1.37640E+01	3.39888E+00
1.00000E-01	1.40449E+01	3.35290E+00
1.00000E-01	1.43258E+01	3.30722E+00
1.00000E-01	1.46067E+01	3.26423E+00
1.00000E-01	1.48876E+01	3.22340E+00
1.00000E-01	1.51685E+01	3.18174E+00
1.00000E-01	1.54494E+01	3.14129E+00
1.00000E-01	1.57303E+01	3.10259E+00
1.00000E-01	1.60112E+01	3.06536E+00
1.00000E-01	1.62921E+01	3.02741E+00
1.00000E-01	1.65730E+01	2.99084E+00
1.00000E-01	1.68539E+01	2.95556E+00
1.00000E-01	1.71348E+01	2.92081E+00
1.00000E-01	1.74157E+01	2.88620E+00
1.00000E-01	1.76966E+01	2.85321E+00
1.00000E-01	1.79775E+01	2.82162E+00
1.00000E-01	1.82584E+01	2.78910E+00
1.00000E-01	1.85393E+01	2.75737E+00
1.00000E-01	1.88202E+01	2.72680E+00
1.00000E-01	1.91011E+01	2.69701E+00
1.00000E-01	1.93820E+01	2.66676E+00
1.00000E-01	1.96629E+01	2.63732E+00
1.00000E-01	1.99438E+01	2.60954E+00
1.00000E-01	2.02247E+01	2.58138E+00
1.00000E-01	2.05056E+01	2.55354E+00
1.00000E-01	2.07865E+01	2.52610E+00
1.00000E-01	2.10674E+01	2.50001E+00
1.00000E-01	2.13483E+01	2.47361E+00
1.00000E-01	2.16292E+01	2.44770E+00
1.00000E-01	2.19101E+01	2.42304E+00
1.00000E-01	2.21910E+01	2.39853E+00
1.00000E-01	2.24719E+01	2.37396E+00
1.00000E-01	2.27528E+01	2.35002E+00
1.00000E-01	2.30337E+01	2.32717E+00
1.00000E-01	2.33146E+01	2.30397E+00
1.00000E-01	2.35955E+01	2.28099E+00
1.00000E-01	2.38764E+01	2.25826E+00
1.00000E-01	2.41573E+01	2.23574E+00
1.00000E-01	2.44382E+01	2.21265E+00
1.00000E-01	2.47191E+01	2.18976E+00
1.00000E-01	2.50000E+01	2.16771E+00
2.00000E-01	0.00000E+00	1.03039E+00
2.00000E-01	2.80899E-01	1.73217E+00
2.00000E-01	5.61798E-01	2.43798E+00
2.00000E-01	8.42697E-01	2.88463E+00
2.00000E-01	1.12360E+00	3.25825E+00
2.00000E-01	1.40449E+00	3.56004E+00
2.00000E-01	1.68539E+00	3.83634E+00
2.00000E-01	1.96629E+00	4.04249E+00
2.00000E-01	2.24719E+00	4.22166E+00
2.00000E-01	2.52809E+00	4.35511E+00
2.00000E-01	2.80899E+00	4.47135E+00
2.00000E-01	3.08989E+00	4.56925E+00
2.00000E-01	3.37079E+00	4.65573E+00
2.00000E-01	3.65169E+00	4.73623E+00
2.00000E-01	3.93258E+00	4.78369E+00
2.00000E-01	4.21348E+00	4.81254E+00
2.00000E-01	4.49438E+00	4.85089E+00
2.00000E-01	4.77528E+00	4.86486E+00
2.00000E-01	5.05618E+00	4.85802E+00
2.00000E-01	5.33708E+00	4.85682E+00
2.00000E-01	5.61798E+00	4.84317E+00
2.00000E-01	5.89888E+00	4.80610E+00
2.00000E-01	6.17978E+00	4.75501E+00
2.00000E-01	6.46067E+00	4.71062E+00
2.00000E-01	6.74157E+00	4.65153E+00
2.00000E-01	7.02247E+00	4.57684E+00
2.00000E-01	7.30337E+00	4.50286E+00
2.00000E-01	7.58427E+00	4.43084E+00
2.00000E-01	7.86517E+00	4.35379E+00
2.00000E-01	8.14607E+00	4.27091E+00
2.00000E-01	8.42697E+00	4.19477E+00
2.00000E-01	8.70787E+00	4.11967E+00
2.00000E-01	8.98876E+00	4.04221E+00
2.00000E-01	9.26966E+00	3.96628E+00
2.00000E-01	9.55056E+00	3.89625E+00
2.00000E-01	9.83146E+00	3.82770E+00
2.00000E-01	1.01124E+01	3.75831E+00
2.00000E-01	1.03933E+01	3.69308E+00
2.00000E-01	1.06742E+01	3.63037E+00
2.00000E-01	1.09551E+01	3.56972E+00
2.00000E-01	1.12360E+01	3.50945E+00
2.00000E-01	1.15169E+01	3.45335E+00
2.00000E-01	1.17978E+01	3.39896E+00
2.00000E-01	1.20787E+01	3.34547E+00
2.00000E-01	1.23596E+01	3.29369E+00
2.00000E-01	1.26404E+01	3.24464E+00
2.00000E-01	1.29213E+01	3.19788E+00
2.00000E-01	1.32022E+01	3.15084E+00
2.00000E-01	1.34831E+01	3.10636E+00
2.00000E-01	1.37640E+01	3.06390E+00
2.00000E-01	1.40449E+01	3.02245E+00
2.00000E-01	1.43258E+01	2.98129E+00
2.00000E-01	1.46067E+01	2.94253E+00
2.00000E-01	1.48876E+01	2.90571E+00
2.00000E-01	1.51685E+01	2.86816E+00
2.00000E-01	1.54494E+01	2.83170E+00
2.00000E-01	1.57303E+01	2.79680E+00
2.00000E-01	1.60112E+01	2.76325E+00
2.00000E-01	1.62921E+01	2.72904E+00
2.00000E-01	1.65730E+01	2.69607E+00
2.00000E-01	1.68539E+01	2.66427E+00
2.00000E-01	1.71348E+01	2.63294E+00
2.00000E-01	1.74157E+01	2.60175E+00
2.00000E-01	1.76966E+01	2.57202E+00
2.00000E-01	1.79775E+01	2.54352E+00
2.00000E-01	1.82584E+01	2.51422E+00
2.00000E-01	1.85393E+01	2.48561E+00
2.00000E-01	1.88202E+01	2.45806E+00
2.00000E-01	1.91011E+01	2.43120E+00
2.00000E-01	1.93820E+01	2.40394E+00
2.00000E-01	1.96629E+01	2.37741E+00
2.00000E-01	1.99438E+01	2.35234E+00
2.00000E-01	2.02247E+01	2.32697E+00
2.00000E-01	2.05056E+01	2.30187E+00
2.00000E-01	2.07865E+01	2.27715E+00
2.00000E-01	2.10674E+01	2.25362E+00
2.00000E-01	2.13483E+01	2.22982E+00
2.00000E-01	2.16292E+01	2.20647E+00
2.00000E-01	2.19101E+01	2.18424E+00
2.00000E-01	2.21910E+01	2.16214E+00
2.00000E-01	2.24719E+01	2.13999E+00
2.00000E-01	2.27528E+01	2.11842E+00
2.00000E-01	2.30337E+01	2.09781E+00
2.00000E-01	2.33146E+01	2.07690E+00
2.00000E-01	2.35955E+01	2.05619E+00
2.00000E-01	2.38764E+01	2.03569E+00
2.00000E-01	2.41573E+01	2.01539E+00
2.00000E-01	2.44382E+01	1.99458E+00
2.00000E-01	2.47191E+01	1.97395E+00
2.00000E-01	2.50000E+01	1.95407E+00
2.50000E-01	0.00000E+00	1.03426E+00
2.50000E-01	2.80899E-01	1.66113E+00
2.50000E-01	5.61798E-01	2.33312E+00
2.50000E-01	8.42697E-01	2.75992E+00
2.50000E-01	1.12360E+00	3.11656E+00
2.50000E-01	1.40449E+00	3.40530E+00
2.50000E-01	1.68539E+00	3.66898E+00
2.50000E-01	1.96629E+00	3.86636E+00
2.50000E-01	2.24719E+00	4.03730E+00
2.50000E-01	2.52809E+00	4.16501E+00
2.50000E-01	2.80899E+00	4.27602E+00
2.50000E-01	3.08989E+00	4.36962E+00
2.50000E-01	3.37079E+00	4.45239E+00
2.50000E-01	3.65169E+00	4.52921E+00
2.50000E-01	3.93258E+00	4.57465E+00
2.50000E-01	4.21348E+00	4.60247E+00
2.50000E-01	4.49438E+00	4.63887E+00
2.50000E-01	4.77528E+00	4.65226E+00
2.50000E-01	5.05618E+00	4.64581E+00
2.50000E-01	5.33708E+00	4.64454E+00
2.50000E-01	5.61798E+00	4.63149E+00
2.50000E-01	5.89888E+00	4.59606E+00
2.50000E-01	6.17978E+00	4.54729E+00
2.50000E-01	6.46067E+00	4.50469E+00
2.50000E-01	6.74157E+00	4.44820E+00
2.50000E-01	7.02247E+00	4.37685E+00
2.50000E-01	7.30337E+00	4.30613E+00
2.50000E-01	7.58427E+00	4.23725E+00
2.50000E-01	7.86517E+00	4.16350E+00
2.50000E-01	8.14607E+00	4.08431E+00
2.50000E-01	8.42697E+00	4.01146E+00
2.50000E-01	8.70787E+00	3.93962E+00
2.50000E-01	8.98876E+00	3.86558E+00
2.50000E-01	9.26966E+00	3.79299E+00
2.50000E-01	9.55056E+00	3.72600E+00
2.50000E-01	9.83146E+00	3.66043E+00
2.50000E-01	1.01124E+01	3.59410E+00
2.50000E-01	1.03933E+01	3.53171E+00
2.50000E-01	1.06742E+01	3.47176E+00
2.50000E-01	1.09551E+01	3.41373E+00
2.50000E-01	1.12360E+01	3.35612E+00
2.50000E-01	1.15169E+01	3.30244E+00
2.50000E-01	1.17978E+01	3.25043E+00
2.50000E-01	1.20787E+01	3.19929E+00
2.50000E-01	1.23596E+01	3.14978E+00
2.50000E-01	1.26404E+01	3.10288E+00
2.50000E-01	1.29213E+01	3.05814E+00
2.50000E-01	1.32022E+01	3.01317E+00
2.50000E-01	1.34831E+01	2.97063E+00
2.50000E-01	1.37640E+01	2.93002E+00
2.50000E-01	1.40449E+01	2.89038E+00
2.50000E-01	1.43258E+01	2.85103E+00
2.50000E-01	1.46067E+01	2.81397E+00
2.50000E-01	1.48876E+01	2.77874E+00
2.50000E-01	1.51685E+01	2.74284E+00
2.50000E-01	1.54494E+01	2.70796E+00
2.50000E-01	1.57303E+01	2.67460E+00
2.50000E-01	1.60112E+01	2.64250E+00
2.50000E-01	1.62921E+01	2.60981E+00
2.50000E-01	1.65730E+01	2.57827E+00
2.50000E-01	1.68539E+01	2.54786E+00
2.50000E-01	1.71348E+01	2.51790E+00
2.50000E-01	1.74157E+01	2.48807E+00
2.50000E-01	1.76966E+01	2.45964E+00
2.50000E-01	1.79775E+01	2.43238E+00
2.50000E-01	1.82584E+01	2.40437E+00
2.50000E-01	1.85393E+01	2.37701E+00
2.50000E-01	1.88202E+01	2.35066E+00
2.50000E-01	1.91011E+01	2.32497E+00
2.50000E-01	1.93820E+01	2.29890E+00
2.50000E-01	1.96629E+01	2.27354E+00
2.50000E-01	1.99438E+01	2.24956E+00
2.50000E-01	2.02247E+01	2.22529E+00
2.50000E-01	2.05056E+01	2.20129E+00
2.50000E-01	2.07865E+01	2.17766E+00
2.50000E-01	2.10674E+01	2.15515E+00
2.50000E-01	2.13483E+01	2.13239E+00
2.50000E-01	2.16292E+01	2.11006E+00
2.50000E-01	2.19101E+01	2.08880E+00
2.50000E-01	2.21910E+01	2.06767E+00
2.50000E-01	2.24719E+01	2.04649E+00
2.50000E-01	2.27528E+01	2.02586E+00
2.50000E-01	2.30337E+01	2.00614E+00
2.50000E-01	2.33146E+01	1.98616E+00
2.50000E-01	2.35955E+01	1.96634E+00
2.50000E-01	2.38764E+01	1.94675E+00
2.50000E-01	2.41573E+01	1.92733E+00
2.50000E-01	2.44382E+01	1.90743E+00
2.50000E-01	2.47191E+01	1.88770E+00
2.50000E-01	2.50000E+01	1.86869E+00
3.00000E-01	0.00000E+00	1.03736E+00
3.00000E-01	2.80899E-01	1.60069E+00
3.00000E-01	5.61798E-01	2.24234E+00
3.00000E-01	8.42697E-01	2.65188E+00
3.00000E-01	1.12360E+00	2.99363E+00
3.00000E-01	1.40449E+00	3.27106E+00
3.00000E-01	1.68539E+00	3.52363E+00
3.00000E-01	1.96629E+00	3.71343E+00
3.00000E-01	2.24719E+00	3.87716E+00
3.00000E-01	2.52809E+00	3.99991E+00
3.00000E-01	2.80899E+00	4.10636E+00
3.00000E-01	3.08989E+00	4.19622E+00
3.00000E-01	3.37079E+00	4.27577E+00
3.00000E-01	3.65169E+00	4.34935E+00
3.00000E-01	3.93258E+00	4.39305E+00
3.00000E-01	4.21348E+00	4.42003E+00
3.00000E-01	4.49438E+00	4.45467E+00
3.00000E-01	4.77528E+00	4.46754E+00
3.00000E-01	5.05618E+00	4.46146E+00
3.00000E-01	5.33708E+00	4.46011E+00
3.00000E-01	5.61798E+00	4.44758E+00
3.00000E-01	5.89888E+00	4.41357E+00
3.00000E-01	6.17978E+00	4.36685E+00
3.00000E-01	6.46067E+00	4.32576E+00
3.00000E-01	6.74157E+00	4.27153E+00
3.00000E-01	7.02247E+00	4.20311E+00
3.00000E-01	7.30337E+00	4.13522E+00
3.00000E-01	7.58427E+00	4.06908E+00
3.00000E-01	7.86517E+00	3.99818E+00
3.00000E-01	8.14607E+00	3.92221E+00
3.00000E-01	8.42697E+00	3.85219E+00
3.00000E-01	8.70787E+00	3.78320E+00
3.00000E-01	8.98876E+00	3.71214E+00
3.00000E-01	9.26966E+00	3.64246E+00
3.00000E-01	9.55056E+00	3.57810E+00
3.00000E-01	9.83146E+00	3.51512E+00
3.00000E-01	1.01124E+01	3.45145E+00
3.00000E-01	1.03933E+01	3.39153E+00
3.00000E-01	1.06742E+01	3.33398E+00
3.00000E-01	1.09551E+01	3.27822E+00
3.00000E-01	1.12360E+01	3.22292E+00
3.00000E-01	1.15169E+01	3.17135E+00
3.00000E-01	1.17978E+01	3.12141E+00
3.00000E-01	1.20787E+01	3.07230E+00
3.00000E-01	1.23596E+01	3.02476E+00
3.00000E-01	1.26404E+01	2.97974E+00
3.00000E-01	1.29213E+01	2.93674E+00
3.00000E-01	1.32022E+01	2.89358E+00
3.00000E-01	1.34831E+01	2.85271E+00
3.00000E-01	1.37640E+01	2.81371E+00
3.00000E-01	1.40449E+01	2.77565E+00
3.00000E-01	1.43258E+01	2.73787E+00
3.00000E-01	1.46067E+01	2.70229E+00
3.00000E-01	1.48876E+01	2.66844E+00
3.00000E-01	1.51685E+01	2.63397E+00
3.00000E-01	1.54494E+01	2.60048E+00
3.00000E-01	1.57303E+01	2.56844E+00
3.00000E-01	1.60112E+01	2.53761E+00
3.00000E-01	1.62921E+01	2.50622E+00
3.00000E-01	1.65730E+01	2.47593E+00
3.00000E-01	1.68539E+01	2.44673E+00
3.00000E-01	1.71348E+01	2.41795E+00
3.00000E-01	1.74157E+01	2.38931E+00
3.00000E-01	1.76966E+01	2.36201E+00
3.00000E-01	1.79775E+01	2.33582E+00
3.00000E-01	1.82584E+01	2.30894E+00
3.00000E-01	1.85393E+01	2.28265E+00
3.00000E-01	1.88202E+01	2.25735E+00
3.00000E-01	1.91011E+01	2.23268E+00
3.00000E-01	1.93820E+01	2.20766E+00
3.00000E-01	1.96629E+01	2.18330E+00
3.00000E-01	1.99438E+01	2.16026E+00
3.00000E-01	2.02247E+01	2.13697E+00
3.00000E-01	2.05056E+01	2.11392E+00
3.00000E-01	2.07865E+01	2.09123E+00
3.00000E-01	2.10674E+01	2.06960E+00
3.00000E-01	2.13483E+01	2.04775E+00
3.00000E-01	2.16292E+01	2.02631E+00
3.00000E-01	2.19101E+01	2.00589E+00
3.00000E-01	2.21910E+01	1.98560E+00
3.00000E-01	2.24719E+01	1.96526E+00
3.00000E-01	2.27528E+01	1.94545E+00
3.00000E-01	2.30337E+01	1.92651E+00
3.00000E-01	2.33146E+01	1.90732E+00
3.00000E-01	2.35955E+01	1.88829E+00
3.00000E-01	2.38764E+01	1.86948E+00
3.00000E-01	2.41573E+01	1.85082E+00
3.00000E-01	2.44382E+01	1.83172E+00
3.00000E-01	2.47191E+01	1.81277E+00
3.00000E-01	2.50000E+01	1.79452E+00
4.00000E-01	0.00000E+00	1.04197E+00
4.00000E-01	2.80899E-01	1.50635E+00
4.00000E-01	5.61798E-01	2.09308E+00
4.00000E-01	8.42697E-01	2.47410E+00
4.00000E-01	1.12360E+00	2.79092E+00
4.00000E-01	1.40449E+00	3.04970E+00
4.00000E-01	1.68539E+00	3.28359E+00
4.00000E-01	1.96629E+00	3.46093E+00
4.00000E-01	2.24719E+00	3.61260E+00
4.00000E-01	2.52809E+00	3.72719E+00
4.00000E-01	2.80899E+00	3.82608E+00
4.00000E-01	3.08989E+00	3.90977E+00
4.00000E-01	3.37079E+00	3.98399E+00
4.00000E-01	3.65169E+00	4.05211E+00
4.00000E-01	3.93258E+00	4.09295E+00
4.00000E-01	4.21348E+00	4.11863E+00
4.00000E-01	4.49438E+00	4.15031E+00
4.00000E-01	4.77528E+00	4.16226E+00
4.00000E-01	5.05618E+00	4.15689E+00
4.00000E-01	5.33708E+00	4.15534E+00
4.00000E-01	5.61798E+00	4.14365E+00
4.00000E-01	5.89888E+00	4.11199E+00
4.00000E-01	6.17978E+00	4.06871E+00
4.00000E-01	6.46067E+00	4.03006E+00
4.00000E-01	6.74157E+00	3.97955E+00
4.00000E-01	7.02247E+00	3.91601E+00
4.00000E-01	7.30337E+00	3.85280E+00
4.00000E-01	7.58427E+00	3.79115E+00
4.00000E-01	7.86517E+00	3.72498E+00
4.00000E-01	8.14607E+00	3.65435E+00
4.00000E-01	8.42697E+00	3.58901E+00
4.00000E-01	8.70787E+00	3.52472E+00
4.00000E-01	8.98876E+00	3.45857E+00
4.00000E-01	9.26966E+00	3.39372E+00
4.00000E-01	9.55056E+00	3.33370E+00
4.00000E-01	9.83146E+00	3.27499E+00
4.00000E-01	1.01124E+01	3.21573E+00
4.00000E-01	1.03933E+01	3.15988E+00
4.00000E-01	1.06742E+01	3.10630E+00
4.00000E-01	1.09551E+01	3.05429E+00
4.00000E-01	1.12360E+01	3.00282E+00
4.00000E-01	1.15169E+01	2.95472E+00
4.00000E-01	1.17978E+01	2.90819E+00
4.00000E-01	1.20787E+01	2.86246E+00
4.00000E-01	1.23596E+01	2.81818E+00
4.00000E-01	1.26404E+01	2.77625E+00
4.00000E-01	1.29213E+01	2.73614E+00
4.00000E-01	1.32022E+01	2.69596E+00
4.00000E-01	1.34831E+01	2.65786E+00
4.00000E-01	1.37640E+01	2.62152E+00
4.00000E-01	1.40449E+01	2.58606E+00
4.00000E-01	1.43258E+01	2.55089E+00
4.00000E-01	1.46067E+01	2.51774E+00
4.00000E-01	1.48876E+01	2.48616E+00
4.00000E-01	1.51685E+01	2.45408E+00
4.00000E-01	1.54494E+01	2.42286E+00
4.00000E-01	1.57303E+01	2.39302E+00
4.00000E-01	1.60112E+01	2.36427E+00
4.00000E-01	1.62921E+01	2.33506E+00
4.00000E-01	1.65730E+01	2.30682E+00
4.00000E-01	1.68539E+01	2.27961E+00
4.00000E-01	1.71348E+01	2.25280E+00
4.00000E-01	1.74157E+01	2.22613E+00
4.00000E-01	1.76966E+01	2.20070E+00
4.00000E-01	1.79775E+01	2.17627E+00
4.00000E-01	1.82584E+01	2.15124E+00
4.00000E-01	1.85393E+01	2.12675E+00
4.00000E-01	1.88202E+01	2.10318E+00
4.00000E-01	1.91011E+01	2.08018E+00
4.00000E-01	1.93820E+01	2.05688E+00
4.00000E-01	1.96629E+01	2.03420E+00
4.00000E-01	1.99438E+01	2.01270E+00
4.00000E-01	2.02247E+01	1.99101E+00
4.00000E-01	2.05056E+01	1.96954E+00
4.00000E-01	2.07865E+01	1.94841E+00
4.00000E-01	2.10674E+01	1.92824E+00
4.00000E-01	2.13483E+01	1.90789E+00
4.00000E-01	2.16292E+01	1.88793E+00
4.00000E-01	2.19101E+01	1.86888E+00
4.00000E-01	2.21910E+01	1.84998E+00
4.00000E-01	2.24719E+01	1.83103E+00
4.00000E-01	2.27528E+01	1.81259E+00
4.00000E-01	2.30337E+01	1.79492E+00
4.00000E-01	2.33146E+01	1.77705E+00
4.00000E-01	2.35955E+01	1.75932E+00
4.00000E-01	2.38764E+01	1.74179E+00
4.00000E-01	2.41573E+01	1.72440E+00
4.00000E-01	2.44382E+01	1.70661E+00
4.00000E-01	2.47191E+01	1.68897E+00
4.00000E-01	2.50000E+01	1.67195E+00
5.00000E-01	0.00000E+00	1.04523E+00
5.00000E-01	2.80899E-01	1.44139E+00
5.00000E-01	5.61798E-01	1.97488E+00
5.00000E-01	8.42697E-01	2.33329E+00
5.00000E-01	1.12360E+00	2.62995E+00
5.00000E-01	1.40449E+00	2.87384E+00
5.00000E-01	1.68539E+00	3.09251E+00
5.00000E-01	1.96629E+00	3.25996E+00
5.00000E-01	2.24719E+00	3.40190E+00
5.00000E-01	2.52809E+00	3.51005E+00
5.00000E-01	2.80899E+00	3.60288E+00
5.00000E-01	3.08989E+00	3.68165E+00
5.00000E-01	3.37079E+00	3.75162E+00
5.00000E-01	3.65169E+00	3.81529E+00
5.00000E-01	3.93258E+00	3.85386E+00
5.00000E-01	4.21348E+00	3.87860E+00
5.00000E-01	4.49438E+00	3.90781E+00
5.00000E-01	4.77528E+00	3.91898E+00
5.00000E-01	5.05618E+00	3.91427E+00
5.00000E-01	5.33708E+00	3.91251E+00
5.00000E-01	5.61798E+00	3.90145E+00
5.00000E-01	5.89888E+00	3.87167E+00
5.00000E-01	6.17978E+00	3.83121E+00
5.00000E-01	6.46067E+00	3.79442E+00
5.00000E-01	6.74157E+00	3.74686E+00
5.00000E-01	7.02247E+00	3.68727E+00
5.00000E-01	7.30337E+00	3.62780E+00
5.00000E-01	7.58427E+00	3.56969E+00
5.00000E-01	7.86517E+00	3.50729E+00
5.00000E-01	8.14607E+00	3.44096E+00
5.00000E-01	8.42697E+00	3.37933E+00
5.00000E-01	8.70787E+00	3.31878E+00
5.00000E-01	8.98876E+00	3.25655E+00
5.00000E-01	9.26966E+00	3.19557E+00
5.00000E-01	9.55056E+00	3.13899E+00
5.00000E-01	9.83146E+00	3.08366E+00
5.00000E-01	1.01124E+01	3.02794E+00
5.00000E-01	1.03933E+01	2.97533E+00
5.00000E-01	1.06742E+01	2.92490E+00
5.00000E-01	1.09551E+01	2.87588E+00
5.00000E-01	1.12360E+01	2.82748E+00
5.00000E-01	1.15169E+01	2.78213E+00
5.00000E-01	1.17978E+01	2.73832E+00
5.00000E-01	1.20787E+01	2.69528E+00
5.00000E-01	1.23596E+01	2.65361E+00
5.00000E-01	1.26404E+01	2.61414E+00
5.00000E-01	1.29213E+01	2.57631E+00
5.00000E-01	1.32022E+01	2.53853E+00
5.00000E-01	1.34831E+01	2.50263E+00
5.00000E-01	1.37640E+01	2.46842E+00
5.00000E-01	1.40449E+01	2.43502E+00
5.00000E-01	1.43258E+01	2.40193E+00
5.00000E-01	1.46067E+01	2.37072E+00
5.00000E-01	1.48876E+01	2.34095E+00
5.00000E-01	1.51685E+01	2.31076E+00
5.00000E-01	1.54494E+01	2.28136E+00
5.00000E-01	1.57303E+01	2.25327E+00
5.00000E-01	1.60112E+01	2.22617E+00
5.00000E-01	1.62921E+01	2.19870E+00
5.00000E-01	1.65730E+01	2.17210E+00
5.00000E-01	1.68539E+01	2.14647E+00
5.00000E-01	1.71348E+01	2.12123E+00
5.00000E-01	1.74157E+01	2.09613E+00
5.00000E-01	1.76966E+01	2.07218E+00
5.00000E-01	1.79775E+01	2.04915E+00
5.00000E-01	1.82584E+01	2.02561E+00
5.00000E-01	1.85393E+01	2.00254E+00
5.00000E-01	1.88202E+01	1.98035E+00
5.00000E-01	1.91011E+01	1.95868E+00
5.00000E-01	1.93820E+01	1.93676E+00
5.00000E-01	1.96629E+01	1.91541E+00
5.00000E-01	1.99438E+01	1.89515E+00
5.00000E-01	2.02247E+01	1.87474E+00
5.00000E-01	2.05056E+01	1.85451E+00
5.00000E-01	2.07865E+01	1.83464E+00
5.00000E-01	2.10674E+01	1.81562E+00
5.00000E-01	2.13483E+01	1.79647E+00
5.00000E-01	2.16292E+01	1.77768E+00
5.00000E-01	2.19101E+01	1.75973E+00
5.00000E-01	2.21910E+01	1.74193E+00
5.00000E-01	2.24719E+01	1.72410E+00
5.00000E-01	2.27528E+01	1.70674E+00
5.00000E-01	2.30337E+01	1.69009E+00
5.00000E-01	2.33146E+01	1.67327E+00
5.00000E-01	2.35955E+01	1.65657E+00
5.00000E-01	2.38764E+01	1.64007E+00
5.00000E-01	2.41573E+01	1.62369E+00
5.00000E-01	2.44382E+01	1.60694E+00
5.00000E-01	2.47191E+01	1.59033E+00
5.00000E-01	2.50000E+01	1.57431E+00
6.00000E-01	0.00000E+00	1.04772E+00
6.00000E-01	2.80899E-01	1.39722E+00
6.00000E-01	5.61798E-01	1.87810E+00
6.00000E-01	8.42697E-01	2.21769E+00
6.00000E-01	1.12360E+00	2.49757E+00
6.00000E-01	1.40449E+00	2.72911E+00
6.00000E-01	1.68539E+00	2.93501E+00
6.00000E-01	1.96629E+00	3.09427E+00
6.00000E-01	2.24719E+00	3.22811E+00
6.00000E-01	2.52809E+00	3.33096E+00
6.00000E-01	2.80899E+00	3.41880E+00
6.00000E-01	3.08989E+00	3.49350E+00
6.00000E-01	3.37079E+00	3.55996E+00
6.00000E-01	3.65169E+00	3.61985E+00
6.00000E-01	3.93258E+00	3.65657E+00
6.00000E-01	4.21348E+00	3.68056E+00
6.00000E-01	4.49438E+00	3.70767E+00
6.00000E-01	4.77528E+00	3.71819E+00
6.00000E-01	5.05618E+00	3.71410E+00
6.00000E-01	5.33708E+00	3.71211E+00
6.00000E-01	5.61798E+00	3.70153E+00
6.00000E-01	5.89888E+00	3.67332E+00
6.00000E-01	6.17978E+00	3.63524E+00
6.00000E-01	6.46067E+00	3.59994E+00
6.00000E-01	6.74157E+00	3.55479E+00
6.00000E-01	7.02247E+00	3.49850E+00
6.00000E-01	7.30337E+00	3.44212E+00
6.00000E-01	7.58427E+00	3.38691E+00
6.00000E-01	7.86517E+00	3.32763E+00
6.00000E-01	8.14607E+00	3.26488E+00
6.00000E-01	8.42697E+00	3.20630E+00
6.00000E-01	8.70787E+00	3.14882E+00
6.00000E-01	8.98876E+00	3.08983E+00
6.00000E-01	9.26966E+00	3.03205E+00
6.00000E-01	9.55056E+00	2.97831E+00
6.00000E-01	9.83146E+00	2.92577E+00
6.00000E-01	1.01124E+01	2.87297E+00
6.00000E-01	1.03933E+01	2.82304E+00
6.00000E-01	1.06742E+01	2.77521E+00
6.00000E-01	1.09551E+01	2.72865E+00
6.00000E-01	1.12360E+01	2.68280E+00
6.00000E-01	1.15169E+01	2.63972E+00
6.00000E-01	1.17978E+01	2.59815E+00
6.00000E-01	1.20787E+01	2.55733E+00
6.00000E-01	1.23596E+01	2.51781E+00
6.00000E-01	1.26404E+01	2.48036E+00
6.00000E-01	1.29213E+01	2.44442E+00
6.00000E-01	1.32022E+01	2.40862E+00
6.00000E-01	1.34831E+01	2.37454E+00
6.00000E-01	1.37640E+01	2.34207E+00
6.00000E-01	1.40449E+01	2.31038E+00
6.00000E-01	1.43258E+01	2.27902E+00
6.00000E-01	1.46067E+01	2.24940E+00
6.00000E-01	1.48876E+01	2.22111E+00
6.00000E-01	1.51685E+01	2.19249E+00
6.00000E-01	1.54494E+01	2.16460E+00
6.00000E-01	1.57303E+01	2.13795E+00
6.00000E-01	1.60112E+01	2.11221E+00
6.00000E-01	1.62921E+01	2.08618E+00
6.00000E-01	1.65730E+01	2.06094E+00
6.00000E-01	1.68539E+01	2.03661E+00
6.00000E-01	1.71348E+01	2.01265E+00
6.00000E-01	1.74157E+01	1.98885E+00
6.00000E-01	1.76966E+01	1.96614E+00
6.00000E-01	1.79775E+01	1.94426E+00
6.00000E-01	1.82584E+01	1.92194E+00
6.00000E-01	1.85393E+01	1.90005E+00
6.00000E-01	1.88202E+01	1.87900E+00
6.00000E-01	1.91011E+01	1.85842E+00
6.00000E-01	1.93820E+01	1.83764E+00
6.00000E-01	1.96629E+01	1.81740E+00
6.00000E-01	1.99438E+01	1.79814E+00
6.00000E-01	2.02247E+01	1.77879E+00
6.00000E-01	2.05056E+01	1.75959E+00
6.00000E-01	2.07865E+01	1.74076E+00
6.00000E-01	2.10674E+01	1.72268E+00
6.00000E-01	2.13483E+01	1.70453E+00
6.00000E-01	2.16292E+01	1.68671E+00
6.00000E-01	2.19101E+01	1.66966E+00
6.00000E-01	2.21910E+01	1.65277E+00
6.00000E-01	2.24719E+01	1.63586E+00
6.00000E-01	2.27528E+01	1.61940E+00
6.00000E-01	2.30337E+01	1.60358E+00
6.00000E-01	2.33146E+01	1.58763E+00
6.00000E-01	2.35955E+01	1.57179E+00
6.00000E-01	2.38764E+01	1.55613E+00
6.00000E-01	2.41573E+01	1.54058E+00
6.00000E-01	2.44382E+01	1.52470E+00
6.00000E-01	2.47191E+01	1.50895E+00
6.00000E-01	2.50000E+01	1.49374E+00
7.00000E-01	0.00000E+00	1.04981E+00
7.00000E-01	2.80899E-01	1.36487E+00
7.00000E-01	5.61798E-01	1.79704E+00
7.00000E-01	8.42697E-01	2.11965E+00
7.00000E-01	1.12360E+00	2.38522E+00
7.00000E-01	1.40449E+00	2.60614E+00
7.00000E-01	1.68539E+00	2.80106E+00
7.00000E-01	1.96629E+00	2.95328E+00
7.00000E-01	2.24719E+00	3.08020E+00
7.00000E-01	2.52809E+00	3.17854E+00
7.00000E-01	2.80899E+00	3.26214E+00
7.00000E-01	3.08989E+00	3.33338E+00
7.00000E-01	3.37079E+00	3.39682E+00
7.00000E-01	3.65169E+00	3.45343E+00
7.00000E-01	3.93258E+00	3.48858E+00
7.00000E-01	4.21348E+00	3.51196E+00
7.00000E-01	4.49438E+00	3.53723E+00
7.00000E-01	4.77528E+00	3.54720E+00
7.00000E-01	5.05618E+00	3.54368E+00
7.00000E-01	5.33708E+00	3.54147E+00
7.00000E-01	5.61798E+00	3.53123E+00
7.00000E-01	5.89888E+00	3.50439E+00
7.00000E-01	6.17978E+00	3.46837E+00
7.00000E-01	6.46067E+00	3.43432E+00
7.00000E-01	6.74157E+00	3.39121E+00
7.00000E-01	7.02247E+00	3.33775E+00
7.00000E-01	7.30337E+00	3.28400E+00
7.00000E-01	7.58427E+00	3.23123E+00
7.00000E-01	7.86517E+00	3.17463E+00
7.00000E-01	8.14607E+00	3.11495E+00
7.00000E-01	8.42697E+00	3.05897E+00
7.00000E-01	8.70787E+00	3.00409E+00
7.00000E-01	8.98876E+00	2.94788E+00
7.00000E-01	9.26966E+00	2.89283E+00
7.00000E-01	9.55056E+00	2.84149E+00
7.00000E-01	9.83146E+00	2.79132E+00
7.00000E-01	1.01124E+01	2.74103E+00
7.00000E-01	1.03933E+01	2.69337E+00
7.00000E-01	1.06742E+01	2.64775E+00
7.00000E-01	1.09551E+01	2.60329E+00
7.00000E-01	1.12360E+01	2.55960E+00
7.00000E-01	1.15169E+01	2.51846E+00
7.00000E-01	1.17978E+01	2.47880E+00
7.00000E-01	1.20787E+01	2.43987E+00
7.00000E-01	1.23596E+01	2.40218E+00
7.00000E-01	1.26404E+01	2.36645E+00
7.00000E-01	1.29213E+01	2.33212E+00
7.00000E-01	1.32022E+01	2.29801E+00
7.00000E-01	1.34831E+01	2.26549E+00
7.00000E-01	1.37640E+01	2.23450E+00
7.00000E-01	1.40449E+01	2.20425E+00
7.00000E-01	1.43258E+01	2.17437E+00
7.00000E-01	1.46067E+01	2.14611E+00
7.00000E-01	1.48876E+01	2.11907E+00
7.00000E-01	1.51685E+01	2.09179E+00
7.00000E-01	1.54494E+01	2.06519E+00
7.00000E-01	1.57303E+01	2.03977E+00
7.00000E-01	1.60112E+01	2.01518E+00
7.00000E-01	1.62921E+01	1.99037E+00
7.00000E-01	1.65730E+01	1.96628E+00
7.00000E-01	1.68539E+01	1.94307E+00
7.00000E-01	1.71348E+01	1.92021E+00
7.00000E-01	1.74157E+01	1.89752E+00
7.00000E-01	1.76966E+01	1.87585E+00
7.00000E-01	1.79775E+01	1.85494E+00
7.00000E-01	1.82584E+01	1.83367E+00
7.00000E-01	1.85393E+01	1.81279E+00
7.00000E-01	1.88202E+01	1.79270E+00
7.00000E-01	1.91011E+01	1.77305E+00
7.00000E-01	1.93820E+01	1.75324E+00
7.00000E-01	1.96629E+01	1.73395E+00
7.00000E-01	1.99438E+01	1.71554E+00
7.00000E-01	2.02247E+01	1.69709E+00
7.00000E-01	2.05056E+01	1.67878E+00
7.00000E-01	2.07865E+01	1.66082E+00
7.00000E-01	2.10674E+01	1.64355E+00
7.00000E-01	2.13483E+01	1.62625E+00
7.00000E-01	2.16292E+01	1.60925E+00
7.00000E-01	2.19101E+01	1.59298E+00
7.00000E-01	2.21910E+01	1.57686E+00
7.00000E-01	2.24719E+01	1.56073E+00
7.00000E-01	2.27528E+01	1.54504E+00
7.00000E-01	2.30337E+01	1.52993E+00
7.00000E-01	2.33146E+01	1.51472E+00
7.00000E-01	2.35955E+01	1.49959E+00
7.00000E-01	2.38764E+01	1.48466E+00
7.00000E-01	2.41573E+01	1.46981E+00
7.00000E-01	2.44382E+01	1.45467E+00
7.00000E-01	2.47191E+01	1.43965E+00
7.00000E-01	2.50000E+01	1.42513E+00
8.00000E-01	0.00000E+00	1.05173E+00
8.00000E-01	2.80899E-01	1.33808E+00
8.00000E-01	5.61798E-01	1.72841E+00
8.00000E-01	8.42697E-01	2.03433E+00
8.00000E-01	1.12360E+00	2.28743E+00
8.00000E-01	1.40449E+00	2.49898E+00
8.00000E-01	1.68539E+00	2.68429E+00
8.00000E-01	1.96629E+00	2.83026E+00
8.00000E-01	2.24719E+00	2.95117E+00
8.00000E-01	2.52809E+00	3.04555E+00
8.00000E-01	2.80899E+00	3.12545E+00
8.00000E-01	3.08989E+00	3.19368E+00
8.00000E-01	3.37079E+00	3.25445E+00
8.00000E-01	3.65169E+00	3.30816E+00
8.00000E-01	3.93258E+00	3.34195E+00
8.00000E-01	4.21348E+00	3.36478E+00
8.00000E-01	4.49438E+00	3.38843E+00
8.00000E-01	4.77528E+00	3.39791E+00
8.00000E-01	5.05618E+00	3.39492E+00
8.00000E-01	5.33708E+00	3.39250E+00
8.00000E-01	5.61798E+00	3.38251E+00
8.00000E-01	5.89888E+00	3.35690E+00
8.00000E-01	6.17978E+00	3.32269E+00
8.00000E-01	6.46067E+00	3.28972E+00
8.00000E-01	6.74157E+00	3.24837E+00
8.00000E-01	7.02247E+00	3.19742E+00
8.00000E-01	7.30337E+00	3.14596E+00
8.00000E-01	7.58427E+00	3.09530E+00
8.00000E-01	7.86517E+00	3.04105E+00
8.00000E-01	8.14607E+00	2.98407E+00
8.00000E-01	8.42697E+00	2.93035E+00
8.00000E-01	8.70787E+00	2.87774E+00
8.00000E-01	8.98876E+00	2.82395E+00
8.00000E-01	9.26966E+00	2.77129E+00
8.00000E-01	9.55056E+00	2.72205E+00
8.00000E-01	9.83146E+00	2.67395E+00
8.00000E-01	1.01124E+01	2.62585E+00
8.00000E-01	1.03933E+01	2.58018E+00
8.00000E-01	1.06742E+01	2.53647E+00
8.00000E-01	1.09551E+01	2.49386E+00
8.00000E-01	1.12360E+01	2.45207E+00
8.00000E-01	1.15169E+01	2.41262E+00
8.00000E-01	1.17978E+01	2.37461E+00
8.00000E-01	1.20787E+01	2.33733E+00
8.00000E-01	1.23596E+01	2.30125E+00
8.00000E-01	1.26404E+01	2.26702E+00
8.00000E-01	1.29213E+01	2.23409E+00
8.00000E-01	1.32022E+01	2.20146E+00
8.00000E-01	1.34831E+01	2.17029E+00
8.00000E-01	1.37640E+01	2.14060E+00
8.00000E-01	1.40449E+01	2.11160E+00
8.00000E-01	1.43258E+01	2.08301E+00
8.00000E-01	1.46067E+01	2.05594E+00
8.00000E-01	1.48876E+01	2.03000E+00
8.00000E-01	1.51685E+01	2.00389E+00
8.00000E-01	1.54494E+01	1.97841E+00
8.00000E-01	1.57303E+01	1.95406E+00
8.00000E-01	1.60112E+01	1.93047E+00
8.00000E-01	1.62921E+01	1.90673E+00
8.00000E-01	1.65730E+01	1.88366E+00
8.00000E-01	1.68539E+01	1.86141E+00
8.00000E-01	1.71348E+01	1.83951E+00
8.00000E-01	1.74157E+01	1.81779E+00
8.00000E-01	1.76966E+01	1.79703E+00
8.00000E-01	1.79775E+01	1.77697E+00
8.00000E-01	1.82584E+01	1.75662E+00
8.00000E-01	1.85393E+01	1.73662E+00
8.00000E-01	1.88202E+01	1.71737E+00
8.00000E-01	1.91011E+01	1.69853E+00
8.00000E-01	1.93820E+01	1.67957E+00
8.00000E-01	1.96629E+01	1.66110E+00
8.00000E-01	1.99438E+01	1.64344E+00
8.00000E-01	2.02247E+01	1.62577E+00
8.00000E-01	2.05056E+01	1.60823E+00
8.00000E-01	2.07865E+01	1.59105E+00
8.00000E-01	2.10674E+01	1.57448E+00
8.00000E-01	2.13483E+01	1.55791E+00
8.00000E-01	2.16292E+01	1.54164E+00
8.00000E-01	2.19101E+01	1.52603E+00
8.00000E-01	2.21910E+01	1.51059E+00
8.00000E-01	2.24719E+01	1.49515E+00
8.00000E-01	2.27528E+01	1.48012E+00
8.00000E-01	2.30337E+01	1.46563E+00
8.00000E-01	2.33146E+01	1.45106E+00
8.00000E-01	2.35955E+01	1.43658E+00
8.00000E-01	2.38764E+01	1.42227E+00
8.00000E-01	2.41573E+01	1.40803E+00
8.00000E-01	2.44382E+01	1.39354E+00
8.00000E-01	2.47191E+01	1.37916E+00
8.00000E-01	2.50000E+01	1.36524E+00
9.00000E-01	0.00000E+00	1.05357E+00
9.00000E-01	2.80899E-01	1.31392E+00
9.00000E-01	5.61798E-01	1.67009E+00
9.00000E-01	8.42697E-01	1.95883E+00
9.00000E-01	1.12360E+00	2.20071E+00
9.00000E-01	1.40449E+00	2.40385E+00
9.00000E-01	1.68539E+00	2.58063E+00
9.00000E-01	1.96629E+00	2.72096E+00
9.00000E-01	2.24719E+00	2.83655E+00
9.00000E-01	2.52809E+00	2.92738E+00
9.00000E-01	2.80899E+00	3.00401E+00
9.00000E-01	3.08989E+00	3.06957E+00
9.00000E-01	3.37079E+00	3.12794E+00
9.00000E-01	3.65169E+00	3.17904E+00
9.00000E-01	3.93258E+00	3.21164E+00
9.00000E-01	4.21348E+00	3.23397E+00
9.00000E-01	4.49438E+00	3.25616E+00
9.00000E-01	4.77528E+00	3.26521E+00
9.00000E-01	5.05618E+00	3.26271E+00
9.00000E-01	5.33708E+00	3.26010E+00
9.00000E-01	5.61798E+00	3.25029E+00
9.00000E-01	5.89888E+00	3.22578E+00
9.00000E-01	6.17978E+00	3.19319E+00
9.00000E-01	6.46067E+00	3.16118E+00
9.00000E-01	6.74157E+00	3.12139E+00
9.00000E-01	7.02247E+00	3.07267E+00
9.00000E-01	7.30337E+00	3.02326E+00
9.00000E-01	7.58427E+00	2.97447E+00
9.00000E-01	7.86517E+00	2.92231E+00
9.00000E-01	8.14607E+00	2.86774E+00
9.00000E-01	8.42697E+00	2.81604E+00
9.00000E-01	8.70787E+00	2.76543E+00
9.00000E-01	8.98876E+00	2.71380E+00
9.00000E-01	9.26966E+00	2.66327E+00
9.00000E-01	9.55056E+00	2.61589E+00
9.00000E-01	9.83146E+00	2.56963E+00
9.00000E-01	1.01124E+01	2.52349E+00
9.00000E-01	1.03933E+01	2.47958E+00
9.00000E-01	1.06742E+01	2.43757E+00
9.00000E-01	1.09551E+01	2.39660E+00
9.00000E-01	1.12360E+01	2.35649E+00
9.00000E-01	1.15169E+01	2.31855E+00
9.00000E-01	1.17978E+01	2.28201E+00
9.00000E-01	1.20787E+01	2.24620E+00
9.00000E-01	1.23596E+01	2.21155E+00
9.00000E-01	1.26404E+01	2.17865E+00
9.00000E-01	1.29213E+01	2.14697E+00
9.00000E-01	1.32022E+01	2.11565E+00
9.00000E-01	1.34831E+01	2.08569E+00
9.00000E-01	1.37640E+01	2.05714E+00
9.00000E-01	1.40449E+01	2.02927E+00
9.00000E-01	1.43258E+01	2.00183E+00
9.00000E-01	1.46067E+01	1.97580E+00
9.00000E-01	1.48876E+01	1.95083E+00
9.00000E-01	1.51685E+01	1.92577E+00
9.00000E-01	1.54494E+01	1.90129E+00
9.00000E-01	1.57303E+01	1.87789E+00
9.00000E-01	1.60112E+01	1.85519E+00
9.00000E-01	1.62921E+01	1.83241E+00
9.00000E-01	1.65730E+01	1.81023E+00
9.00000E-01	1.68539E+01	1.78884E+00
9.00000E-01	1.71348E+01	1.76779E+00
9.00000E-01	1.74157E+01	1.74694E+00
9.00000E-01	1.76966E+01	1.72698E+00
9.00000E-01	1.79775E+01	1.70767E+00
9.00000E-01	1.82584E+01	1.68814E+00
9.00000E-01	1.85393E+01	1.66893E+00
9.00000E-01	1.88202E+01	1.65042E+00
9.00000E-01	1.91011E+01	1.63230E+00
9.00000E-01	1.93820E+01	1.61410E+00
9.00000E-01	1.96629E+01	1.59636E+00
9.00000E-01	1.99438E+01	1.57936E+00
9.00000E-01	2.02247E+01	1.56239E+00
9.00000E-01	2.05056E+01	1.54553E+00
9.00000E-01	2.07865E+01	1.52903E+00
9.00000E-01	2.10674E+01	1.51309E+00
9.00000E-01	2.13483E+01	1.49718E+00
9.00000E-01	2.16292E+01	1.48155E+00
9.00000E-01	2.19101E+01	1.46654E+00
9.00000E-01	2.21910E+01	1.45170E+00
9.00000E-01	2.24719E+01	1.43687E+00
9.00000E-01	2.27528E+01	1.42243E+00
9.00000E-01	2.30337E+01	1.40848E+00
9.00000E-01	2.33146E+01	1.39449E+00
9.00000E-01	2.35955E+01	1.38057E+00
9.00000E-01	2.38764E+01	1.36683E+00
9.00000E-01	2.41573E+01	1.35313E+00
9.00000E-01	2.44382E+01	1.33921E+00
9.00000E-01	2.47191E+01	1.32540E+00
9.00000E-01	2.50000E+01	1.31202E+00
1.00000E+00	0.00000E+00	1.05537E+00
1.00000E+00	2.80899E-01	1.29167E+00
1.00000E+00	5.61798E-01	1.62038E+00
1.00000E+00	8.42697E-01	1.89142E+00
1.00000E+00	1.12360E+00	2.12285E+00
1.00000E+00	1.40449E+00	2.31832E+00
1.00000E+00	1.68539E+00	2.48747E+00
1.00000E+00	1.96629E+00	2.62264E+00
1.00000E+00	2.24719E+00	2.73348E+00
1.00000E+00	2.52809E+00	2.82110E+00
1.00000E+00	2.80899E+00	2.89480E+00
1.00000E+00	3.08989E+00	2.95796E+00
1.00000E+00	3.37079E+00	3.01414E+00
1.00000E+00	3.65169E+00	3.06288E+00
1.00000E+00	3.93258E+00	3.09441E+00
1.00000E+00	4.21348E+00	3.11625E+00
1.00000E+00	4.49438E+00	3.13714E+00
1.00000E+00	4.77528E+00	3.14582E+00
1.00000E+00	5.05618E+00	3.14374E+00
1.00000E+00	5.33708E+00	3.14096E+00
1.00000E+00	5.61798E+00	3.13128E+00
1.00000E+00	5.89888E+00	3.10778E+00
1.00000E+00	6.17978E+00	3.07665E+00
1.00000E+00	6.46067E+00	3.04551E+00
1.00000E+00	6.74157E+00	3.00712E+00
1.00000E+00	7.02247E+00	2.96042E+00
1.00000E+00	7.30337E+00	2.91285E+00
1.00000E+00	7.58427E+00	2.86572E+00
1.00000E+00	7.86517E+00	2.81548E+00
1.00000E+00	8.14607E+00	2.76307E+00
1.00000E+00	8.42697E+00	2.71320E+00
1.00000E+00	8.70787E+00	2.66438E+00
1.00000E+00	8.98876E+00	2.61470E+00
1.00000E+00	9.26966E+00	2.56609E+00
1.00000E+00	9.55056E+00	2.52038E+00
1.00000E+00	9.83146E+00	2.47577E+00
1.00000E+00	1.01124E+01	2.43139E+00
1.00000E+00	1.03933E+01	2.38907E+00
1.00000E+00	1.06742E+01	2.34859E+00
1.00000E+00	1.09551E+01	2.30910E+00
1.00000E+00	1.12360E+01	2.27050E+00
1.00000E+00	1.15169E+01	2.23392E+00
1.00000E+00	1.17978E+01	2.19870E+00
1.00000E+00	1.20787E+01	2.16421E+00
1.00000E+00	1.23596E+01	2.13084E+00
1.00000E+00	1.26404E+01	2.09914E+00
1.00000E+00	1.29213E+01	2.06859E+00
1.00000E+00	1.32022E+01	2.03844E+00
1.00000E+00	1.34831E+01	2.00958E+00
1.00000E+00	1.37640E+01	1.98205E+00
1.00000E+00	1.40449E+01	1.95519E+00
1.00000E+00	1.43258E+01	1.92878E+00
1.00000E+00	1.46067E+01	1.90370E+00
1.00000E+00	1.48876E+01	1.87961E+00
1.00000E+00	1.51685E+01	1.85549E+00
1.00000E+00	1.54494E+01	1.83191E+00
1.00000E+00	1.57303E+01	1.80936E+00
1.00000E+00	1.60112E+01	1.78746E+00
1.00000E+00	1.62921E+01	1.76553E+00
1.00000E+00	1.65730E+01	1.74417E+00
1.00000E+00	1.68539E+01	1.72355E+00
1.00000E+00	1.71348E+01	1.70326E+00
1.00000E+00	1.74157E+01	1.68319E+00
1.00000E+00	1.76966E+01	1.66396E+00
1.00000E+00	1.79775E+01	1.64533E+00
1.00000E+00	1.82584E+01	1.62653E+00
1.00000E+00	1.85393E+01	1.60803E+00
1.00000E+00	1.88202E+01	1.59019E+00
1.00000E+00	1.91011E+01	1.57272E+00
1.00000E+00	1.93820E+01	1.55519E+00
1.00000E+00	1.96629E+01	1.53811E+00
1.00000E+00	1.99438E+01	1.52171E+00
1.00000E+00	2.02247E+01	1.50536E+00
1.00000E+00	2.05056E+01	1.48913E+00
1.00000E+00	2.07865E+01	1.47324E+00
1.00000E+00	2.10674E+01	1.45786E+00
1.00000E+00	2.13483E+01	1.44254E+00
1.00000E+00	2.16292E+01	1.42750E+00
1.00000E+00	2.19101E+01	1.41302E+00
1.00000E+00	2.21910E+01	1.39871E+00
1.00000E+00	2.24719E+01	1.38444E+00
1.00000E+00	2.27528E+01	1.37053E+00
1.00000E+00	2.30337E+01	1.35707E+00
1.00000E+00	2.33146E+01	1.34360E+00
1.00000E+00	2.35955E+01	1.33019E+00
1.00000E+00	2.38764E+01	1.31694E+00
1.00000E+00	2.41573E+01	1.30373E+00
1.00000E+00	2.44382E+01	1.29033E+00
1.00000E+00	2.47191E+01	1.27704E+00
1.00000E+00	2.50000E+01	1.26414E+00
1.50000E+00	0.00000E+00	1.06303E+00
1.50000E+00	2.80899E-01	1.21257E+00
1.50000E+00	5.61798E-01	1.45207E+00
1.50000E+00	8.42697E-01	1.64664E+00
1.50000E+00	1.12360E+00	1.82822E+00
1.50000E+00	1.40449E+00	1.99098E+00
1.50000E+00	1.68539E+00	2.13119E+00
1.50000E+00	1.96629E+00	2.24578E+00
1.50000E+00	2.24719E+00	2.33890E+00
1.50000E+00	2.52809E+00	2.41397E+00
1.50000E+00	2.80899E+00	2.47668E+00
1.50000E+00	3.08989E+00	2.53058E+00
1.50000E+00	3.37079E+00	2.57803E+00
1.50000E+00	3.65169E+00	2.61780E+00
1.50000E+00	3.93258E+00	2.64524E+00
1.50000E+00	4.21348E+00	2.66490E+00
1.50000E+00	4.49438E+00	2.68096E+00
1.50000E+00	4.77528E+00	2.68820E+00
1.50000E+00	5.05618E+00	2.68761E+00
1.50000E+00	5.33708E+00	2.68421E+00
1.50000E+00	5.61798E+00	2.67480E+00
1.50000E+00	5.89888E+00	2.65531E+00
1.50000E+00	6.17978E+00	2.62968E+00
1.50000E+00	6.46067E+00	2.60199E+00
1.50000E+00	6.74157E+00	2.56893E+00
1.50000E+00	7.02247E+00	2.52998E+00
1.50000E+00	7.30337E+00	2.48954E+00
1.50000E+00	7.58427E+00	2.44880E+00
1.50000E+00	7.86517E+00	2.40594E+00
1.50000E+00	8.14607E+00	2.36182E+00
1.50000E+00	8.42697E+00	2.31903E+00
1.50000E+00	8.70787E+00	2.27707E+00
1.50000E+00	8.98876E+00	2.23488E+00
1.50000E+00	9.26966E+00	2.19363E+00
1.50000E+00	9.55056E+00	2.15435E+00
1.50000E+00	9.83146E+00	2.11611E+00
1.50000E+00	1.01124E+01	2.07844E+00
1.50000E+00	1.03933E+01	2.04227E+00
1.50000E+00	1.06742E+01	2.00758E+00
1.50000E+00	1.09551E+01	1.97382E+00
1.50000E+00	1.12360E+01	1.94100E+00
1.50000E+00	1.15169E+01	1.90966E+00
1.50000E+00	1.17978E+01	1.87948E+00
1.50000E+00	1.20787E+01	1.85007E+00
1.50000E+00	1.23596E+01	1.82163E+00
1.50000E+00	1.26404E+01	1.79448E+00
1.50000E+00	1.29213E+01	1.76827E+00
1.50000E+00	1.32022E+01	1.74263E+00
1.50000E+00	1.34831E+01	1.71797E+00
1.50000E+00	1.37640E+01	1.69436E+00
1.50000E+00	1.40449E+01	1.67138E+00
1.50000E+00	1.43258E+01	1.64893E+00
1.50000E+00	1.46067E+01	1.62745E+00
1.50000E+00	1.48876E+01	1.60672E+00
1.50000E+00	1.51685E+01	1.58618E+00
1.50000E+00	1.54494E+01	1.56609E+00
1.50000E+00	1.57303E+01	1.54678E+00
1.50000E+00	1.60112E+01	1.52797E+00
1.50000E+00	1.62921E+01	1.50931E+00
1.50000E+00	1.65730E+01	1.49107E+00
1.50000E+00	1.68539E+01	1.47339E+00
1.50000E+00	1.71348E+01	1.45604E+00
1.50000E+00	1.74157E+01	1.43897E+00
1.50000E+00	1.76966E+01	1.42250E+00
1.50000E+00	1.79775E+01	1.40647E+00
1.50000E+00	1.82584E+01	1.39046E+00
1.50000E+00	1.85393E+01	1.37470E+00
1.50000E+00	1.88202E+01	1.35941E+00
1.50000E+00	1.91011E+01	1.34442E+00
1.50000E+00	1.93820E+01	1.32951E+00
1.50000E+00	1.96629E+01	1.31494E+00
1.50000E+00	1.99438E+01	1.30084E+00
1.50000E+00	2.02247E+01	1.28687E+00
1.50000E+00	2.05056E+01	1.27303E+00
1.50000E+00	2.07865E+01	1.25947E+00
1.50000E+00	2.10674E+01	1.24626E+00
1.50000E+00	2.13483E+01	1.23320E+00
1.50000E+00	2.16292E+01	1.22038E+00
1.50000E+00	2.19101E+01	1.20795E+00
1.50000E+00	2.21910E+01	1.19570E+00
1.50000E+00	2.24719E+01	1.18354E+00
1.50000E+00	2.27528E+01	1.17167E+00
1.50000E+00	2.30337E+01	1.16010E+00
1.50000E+00	2.33146E+01	1.14859E+00
1.50000E+00	2.35955E+01	1.13714E+00
1.50000E+00	2.38764E+01	1.12580E+00
1.50000E+00	2.41573E+01	1.11448E+00
1.50000E+00	2.44382E+01	1.10307E+00
1.50000E+00	2.47191E+01	1.09174E+00
1.50000E+00	2.50000E+01	1.08067E+00
2.00000E+00	0.00000E+00	1.06756E+00
2.00000E+00	2.80899E-01	1.17496E+00
2.00000E+00	5.61798E-01	1.34507E+00
2.00000E+00	8.42697E-01	1.50373E+00
2.00000E+00	1.12360E+00	1.64290E+00
2.00000E+00	1.40449E+00	1.77480E+00
2.00000E+00	1.68539E+00	1.89295E+00
2.00000E+00	1.96629E+00	1.99236E+00
2.00000E+00	2.24719E+00	2.07388E+00
2.00000E+00	2.52809E+00	2.14042E+00
2.00000E+00	2.80899E+00	2.19600E+00
2.00000E+00	3.08989E+00	2.24365E+00
2.00000E+00	3.37079E+00	2.28495E+00
2.00000E+00	3.65169E+00	2.31889E+00
2.00000E+00	3.93258E+00	2.34347E+00
2.00000E+00	4.21348E+00	2.36127E+00
2.00000E+00	4.49438E+00	2.37441E+00
2.00000E+00	4.77528E+00	2.38068E+00
2.00000E+00	5.05618E+00	2.38073E+00
2.00000E+00	5.33708E+00	2.37699E+00
2.00000E+00	5.61798E+00	2.36775E+00
2.00000E+00	5.89888E+00	2.35092E+00
2.00000E+00	6.17978E+00	2.32880E+00
2.00000E+00	6.46067E+00	2.30369E+00
2.00000E+00	6.74157E+00	2.27424E+00
2.00000E+00	7.02247E+00	2.24044E+00
2.00000E+00	7.30337E+00	2.20487E+00
2.00000E+00	7.58427E+00	2.16853E+00
2.00000E+00	7.86517E+00	2.13073E+00
2.00000E+00	8.14607E+00	2.09212E+00
2.00000E+00	8.42697E+00	2.05420E+00
2.00000E+00	8.70787E+00	2.01690E+00
2.00000E+00	8.98876E+00	1.97975E+00
2.00000E+00	9.26966E+00	1.94343E+00
2.00000E+00	9.55056E+00	1.90852E+00
2.00000E+00	9.83146E+00	1.87459E+00
2.00000E+00	1.01124E+01	1.84140E+00
2.00000E+00	1.03933E+01	1.80939E+00
2.00000E+00	1.06742E+01	1.77860E+00
2.00000E+00	1.09551E+01	1.74871E+00
2.00000E+00	1.12360E+01	1.71975E+00
2.00000E+00	1.15169E+01	1.69195E+00
2.00000E+00	1.17978E+01	1.66517E+00
2.00000E+00	1.20787E+01	1.63916E+00
2.00000E+00	1.23596E+01	1.61404E+00
2.00000E+00	1.26404E+01	1.58994E+00
2.00000E+00	1.29213E+01	1.56667E+00
2.00000E+00	1.32022E+01	1.54403E+00
2.00000E+00	1.34831E+01	1.52221E+00
2.00000E+00	1.37640E+01	1.50124E+00
2.00000E+00	1.40449E+01	1.48087E+00
2.00000E+00	1.43258E+01	1.46106E+00
2.00000E+00	1.46067E+01	1.44200E+00
2.00000E+00	1.48876E+01	1.42354E+00
2.00000E+00	1.51685E+01	1.40539E+00
2.00000E+00	1.54494E+01	1.38765E+00
2.00000E+00	1.57303E+01	1.37050E+00
2.00000E+00	1.60112E+01	1.35378E+00
2.00000E+00	1.62921E+01	1.33729E+00
2.00000E+00	1.65730E+01	1.32116E+00
2.00000E+00	1.68539E+01	1.30547E+00
2.00000E+00	1.71348E+01	1.29009E+00
2.00000E+00	1.74157E+01	1.27502E+00
2.00000E+00	1.76966E+01	1.26041E+00
2.00000E+00	1.79775E+01	1.24614E+00
2.00000E+00	1.82584E+01	1.23199E+00
2.00000E+00	1.85393E+01	1.21807E+00
2.00000E+00	1.88202E+01	1.20450E+00
2.00000E+00	1.91011E+01	1.19118E+00
2.00000E+00	1.93820E+01	1.17802E+00
2.00000E+00	1.96629E+01	1.16513E+00
2.00000E+00	1.99438E+01	1.15258E+00
2.00000E+00	2.02247E+01	1.14021E+00
2.00000E+00	2.05056E+01	1.12797E+00
2.00000E+00	2.07865E+01	1.11597E+00
2.00000E+00	2.10674E+01	1.10424E+00
2.00000E+00	2.13483E+01	1.09268E+00
2.00000E+00	2.16292E+01	1.08135E+00
2.00000E+00	2.19101E+01	1.07030E+00
2.00000E+00	2.21910E+01	1.05944E+00
2.00000E+00	2.24719E+01	1.04870E+00
2.00000E+00	2.27528E+01	1.03818E+00
2.00000E+00	2.30337E+01	1.02789E+00
2.00000E+00	2.33146E+01	1.01769E+00
2.00000E+00	2.35955E+01	1.00755E+00
2.00000E+00	2.38764E+01	9.97484E-01
2.00000E+00	2.41573E+01	9.87436E-01
2.00000E+00	2.44382E+01	9.77356E-01
2.00000E+00	2.47191E+01	9.67353E-01
2.00000E+00	2.50000E+01	9.57521E-01
2.50000E+00	0.00000E+00	1.06958E+00
2.50000E+00	2.80899E-01	1.15205E+00
2.50000E+00	5.61798E-01	1.27158E+00
2.50000E+00	8.42697E-01	1.40883E+00
2.50000E+00	1.12360E+00	1.52385E+00
2.50000E+00	1.40449E+00	1.62915E+00
2.50000E+00	1.68539E+00	1.72678E+00
2.50000E+00	1.96629E+00	1.81251E+00
2.50000E+00	2.24719E+00	1.88483E+00
2.50000E+00	2.52809E+00	1.94497E+00
2.50000E+00	2.80899E+00	1.99550E+00
2.50000E+00	3.08989E+00	2.03865E+00
2.50000E+00	3.37079E+00	2.07552E+00
2.50000E+00	3.65169E+00	2.10552E+00
2.50000E+00	3.93258E+00	2.12791E+00
2.50000E+00	4.21348E+00	2.14417E+00
2.50000E+00	4.49438E+00	2.15547E+00
2.50000E+00	4.77528E+00	2.16102E+00
2.50000E+00	5.05618E+00	2.16125E+00
2.50000E+00	5.33708E+00	2.15731E+00
2.50000E+00	5.61798E+00	2.14831E+00
2.50000E+00	5.89888E+00	2.13327E+00
2.50000E+00	6.17978E+00	2.11353E+00
2.50000E+00	6.46067E+00	2.09046E+00
2.50000E+00	6.74157E+00	2.06369E+00
2.50000E+00	7.02247E+00	2.03348E+00
2.50000E+00	7.30337E+00	2.00144E+00
2.50000E+00	7.58427E+00	1.96839E+00
2.50000E+00	7.86517E+00	1.93424E+00
2.50000E+00	8.14607E+00	1.89953E+00
2.50000E+00	8.42697E+00	1.86517E+00
2.50000E+00	8.70787E+00	1.83128E+00
2.50000E+00	8.98876E+00	1.79773E+00
2.50000E+00	9.26966E+00	1.76491E+00
2.50000E+00	9.55056E+00	1.73319E+00
2.50000E+00	9.83146E+00	1.70237E+00
2.50000E+00	1.01124E+01	1.67235E+00
2.50000E+00	1.03933E+01	1.64332E+00
2.50000E+00	1.06742E+01	1.61534E+00
2.50000E+00	1.09551E+01	1.58822E+00
2.50000E+00	1.12360E+01	1.56199E+00
2.50000E+00	1.15169E+01	1.53674E+00
2.50000E+00	1.17978E+01	1.51240E+00
2.50000E+00	1.20787E+01	1.48882E+00
2.50000E+00	1.23596E+01	1.46605E+00
2.50000E+00	1.26404E+01	1.44414E+00
2.50000E+00	1.29213E+01	1.42299E+00
2.50000E+00	1.32022E+01	1.40247E+00
2.50000E+00	1.34831E+01	1.38267E+00
2.50000E+00	1.37640E+01	1.36359E+00
2.50000E+00	1.40449E+01	1.34509E+00
2.50000E+00	1.43258E+01	1.32714E+00
2.50000E+00	1.46067E+01	1.30980E+00
2.50000E+00	1.48876E+01	1.29299E+00
2.50000E+00	1.51685E+01	1.27653E+00
2.50000E+00	1.54494E+01	1.26046E+00
2.50000E+00	1.57303E+01	1.24486E+00
2.50000E+00	1.60112E+01	1.22964E+00
2.50000E+00	1.62921E+01	1.21469E+00
2.50000E+00	1.65730E+01	1.20006E+00
2.50000E+00	1.68539E+01	1.18579E+00
2.50000E+00	1.71348E+01	1.17183E+00
2.50000E+00	1.74157E+01	1.15817E+00
2.50000E+00	1.76966E+01	1.14487E+00
2.50000E+00	1.79775E+01	1.13187E+00
2.50000E+00	1.82584E+01	1.11904E+00
2.50000E+00	1.85393E+01	1.10642E+00
2.50000E+00	1.88202E+01	1.09409E+00
2.50000E+00	1.91011E+01	1.08198E+00
2.50000E+00	1.93820E+01	1.07004E+00
2.50000E+00	1.96629E+01	1.05835E+00
2.50000E+00	1.99438E+01	1.04693E+00
2.50000E+00	2.02247E+01	1.03568E+00
2.50000E+00	2.05056E+01	1.02459E+00
2.50000E+00	2.07865E+01	1.01370E+00
2.50000E+00	2.10674E+01	1.00303E+00
2.50000E+00	2.13483E+01	9.92544E-01
2.50000E+00	2.16292E+01	9.82262E-01
2.50000E+00	2.19101E+01	9.72211E-01
2.50000E+00	2.21910E+01	9.62333E-01
2.50000E+00	2.24719E+01	9.52595E-01
2.50000E+00	2.27528E+01	9.43044E-01
2.50000E+00	2.30337E+01	9.33669E-01
2.50000E+00	2.33146E+01	9.24393E-01
2.50000E+00	2.35955E+01	9.15180E-01
2.50000E+00	2.38764E+01	9.06026E-01
2.50000E+00	2.41573E+01	8.96892E-01
2.50000E+00	2.44382E+01	8.87760E-01
2.50000E+00	2.47191E+01	8.78694E-01
2.50000E+00	2.50000E+01	8.69751E-01
3.00000E+00	0.00000E+00	1.07018E+00
3.00000E+00	2.80899E-01	1.13613E+00
3.00000E+00	5.61798E-01	1.22377E+00
3.00000E+00	8.42697E-01	1.33776E+00
3.00000E+00	1.12360E+00	1.44055E+00
3.00000E+00	1.40449E+00	1.52837E+00
3.00000E+00	1.68539E+00	1.60846E+00
3.00000E+00	1.96629E+00	1.68094E+00
3.00000E+00	2.24719E+00	1.74437E+00
3.00000E+00	2.52809E+00	1.79865E+00
3.00000E+00	2.80899E+00	1.84492E+00
3.00000E+00	3.08989E+00	1.88450E+00
3.00000E+00	3.37079E+00	1.91803E+00
3.00000E+00	3.65169E+00	1.94523E+00
3.00000E+00	3.93258E+00	1.96588E+00
3.00000E+00	4.21348E+00	1.98089E+00
3.00000E+00	4.49438E+00	1.99097E+00
3.00000E+00	4.77528E+00	1.99594E+00
3.00000E+00	5.05618E+00	1.99614E+00
3.00000E+00	5.33708E+00	1.99211E+00
3.00000E+00	5.61798E+00	1.98340E+00
3.00000E+00	5.89888E+00	1.96961E+00
3.00000E+00	6.17978E+00	1.95158E+00
3.00000E+00	6.46067E+00	1.93018E+00
3.00000E+00	6.74157E+00	1.90551E+00
3.00000E+00	7.02247E+00	1.87796E+00
3.00000E+00	7.30337E+00	1.84862E+00
3.00000E+00	7.58427E+00	1.81816E+00
3.00000E+00	7.86517E+00	1.78681E+00
3.00000E+00	8.14607E+00	1.75501E+00
3.00000E+00	8.42697E+00	1.72338E+00
3.00000E+00	8.70787E+00	1.69212E+00
3.00000E+00	8.98876E+00	1.66127E+00
3.00000E+00	9.26966E+00	1.63108E+00
3.00000E+00	9.55056E+00	1.60179E+00
3.00000E+00	9.83146E+00	1.57334E+00
3.00000E+00	1.01124E+01	1.54568E+00
3.00000E+00	1.03933E+01	1.51890E+00
3.00000E+00	1.06742E+01	1.49305E+00
3.00000E+00	1.09551E+01	1.46802E+00
3.00000E+00	1.12360E+01	1.44383E+00
3.00000E+00	1.15169E+01	1.42051E+00
3.00000E+00	1.17978E+01	1.39800E+00
3.00000E+00	1.20787E+01	1.37624E+00
3.00000E+00	1.23596E+01	1.35522E+00
3.00000E+00	1.26404E+01	1.33497E+00
3.00000E+00	1.29213E+01	1.31541E+00
3.00000E+00	1.32022E+01	1.29648E+00
3.00000E+00	1.34831E+01	1.27819E+00
3.00000E+00	1.37640E+01	1.26054E+00
3.00000E+00	1.40449E+01	1.24344E+00
3.00000E+00	1.43258E+01	1.22687E+00
3.00000E+00	1.46067E+01	1.21083E+00
3.00000E+00	1.48876E+01	1.19526E+00
3.00000E+00	1.51685E+01	1.18006E+00
3.00000E+00	1.54494E+01	1.16522E+00
3.00000E+00	1.57303E+01	1.15079E+00
3.00000E+00	1.60112E+01	1.13670E+00
3.00000E+00	1.62921E+01	1.12290E+00
3.00000E+00	1.65730E+01	1.10939E+00
3.00000E+00	1.68539E+01	1.09620E+00
3.00000E+00	1.71348E+01	1.08330E+00
3.00000E+00	1.74157E+01	1.07069E+00
3.00000E+00	1.76966E+01	1.05838E+00
3.00000E+00	1.79775E+01	1.04634E+00
3.00000E+00	1.82584E+01	1.03449E+00
3.00000E+00	1.85393E+01	1.02284E+00
3.00000E+00	1.88202E+01	1.01143E+00
3.00000E+00	1.91011E+01	1.00023E+00
3.00000E+00	1.93820E+01	9.89218E-01
3.00000E+00	1.96629E+01	9.78419E-01
3.00000E+00	1.99438E+01	9.67842E-01
3.00000E+00	2.02247E+01	9.57442E-01
3.00000E+00	2.05056E+01	9.47200E-01
3.00000E+00	2.07865E+01	9.37141E-01
3.00000E+00	2.10674E+01	9.27276E-01
3.00000E+00	2.13483E+01	9.17590E-01
3.00000E+00	2.16292E+01	9.08091E-01
3.00000E+00	2.19101E+01	8.98790E-01
3.00000E+00	2.21910E+01	8.89652E-01
3.00000E+00	2.24719E+01	8.80659E-01
3.00000E+00	2.27528E+01	8.71826E-01
3.00000E+00	2.30337E+01	8.63141E-01
3.00000E+00	2.33146E+01	8.54554E-01
3.00000E+00	2.35955E+01	8.46033E-01
3.00000E+00	2.38764E+01	8.37561E-01
3.00000E+00	2.41573E+01	8.29115E-01
3.00000E+00	2.44382E+01	8.20689E-01
3.00000E+00	2.47191E+01	8.12324E-01
3.00000E+00	2.50000E+01	8.04053E-01
3.50000E+00	0.00000E+00	1.07005E+00
3.50000E+00	2.80899E-01	1.12443E+00
3.50000E+00	5.61798E-01	1.19336E+00
3.50000E+00	8.42697E-01	1.28346E+00
3.50000E+00	1.12360E+00	1.37624E+00
3.50000E+00	1.40449E+00	1.45442E+00
3.50000E+00	1.68539E+00	1.52204E+00
3.50000E+00	1.96629E+00	1.58295E+00
3.50000E+00	2.24719E+00	1.63761E+00
3.50000E+00	2.52809E+00	1.68582E+00
3.50000E+00	2.80899E+00	1.72782E+00
3.50000E+00	3.08989E+00	1.76410E+00
3.50000E+00	3.37079E+00	1.79484E+00
3.50000E+00	3.65169E+00	1.81983E+00
3.50000E+00	3.93258E+00	1.83904E+00
3.50000E+00	4.21348E+00	1.85300E+00
3.50000E+00	4.49438E+00	1.86221E+00
3.50000E+00	4.77528E+00	1.86673E+00
3.50000E+00	5.05618E+00	1.86682E+00
3.50000E+00	5.33708E+00	1.86276E+00
3.50000E+00	5.61798E+00	1.85436E+00
3.50000E+00	5.89888E+00	1.84151E+00
3.50000E+00	6.17978E+00	1.82477E+00
3.50000E+00	6.46067E+00	1.80478E+00
3.50000E+00	6.74157E+00	1.78182E+00
3.50000E+00	7.02247E+00	1.75635E+00
3.50000E+00	7.30337E+00	1.72915E+00
3.50000E+00	7.58427E+00	1.70082E+00
3.50000E+00	7.86517E+00	1.67170E+00
3.50000E+00	8.14607E+00	1.64218E+00
3.50000E+00	8.42697E+00	1.61274E+00
3.50000E+00	8.70787E+00	1.58360E+00
3.50000E+00	8.98876E+00	1.55486E+00
3.50000E+00	9.26966E+00	1.52674E+00
3.50000E+00	9.55056E+00	1.49939E+00
3.50000E+00	9.83146E+00	1.47281E+00
3.50000E+00	1.01124E+01	1.44698E+00
3.50000E+00	1.03933E+01	1.42198E+00
3.50000E+00	1.06742E+01	1.39780E+00
3.50000E+00	1.09551E+01	1.37441E+00
3.50000E+00	1.12360E+01	1.35181E+00
3.50000E+00	1.15169E+01	1.32999E+00
3.50000E+00	1.17978E+01	1.30894E+00
3.50000E+00	1.20787E+01	1.28859E+00
3.50000E+00	1.23596E+01	1.26894E+00
3.50000E+00	1.26404E+01	1.24999E+00
3.50000E+00	1.29213E+01	1.23168E+00
3.50000E+00	1.32022E+01	1.21398E+00
3.50000E+00	1.34831E+01	1.19687E+00
3.50000E+00	1.37640E+01	1.18034E+00
3.50000E+00	1.40449E+01	1.16433E+00
3.50000E+00	1.43258E+01	1.14882E+00
3.50000E+00	1.46067E+01	1.13380E+00
3.50000E+00	1.48876E+01	1.11921E+00
3.50000E+00	1.51685E+01	1.10498E+00
3.50000E+00	1.54494E+01	1.09110E+00
3.50000E+00	1.57303E+01	1.07758E+00
3.50000E+00	1.60112E+01	1.06438E+00
3.50000E+00	1.62921E+01	1.05146E+00
3.50000E+00	1.65730E+01	1.03882E+00
3.50000E+00	1.68539E+01	1.02648E+00
3.50000E+00	1.71348E+01	1.01440E+00
3.50000E+00	1.74157E+01	1.00260E+00
3.50000E+00	1.76966E+01	9.91073E-01
3.50000E+00	1.79775E+01	9.79785E-01
3.50000E+00	1.82584E+01	9.68693E-01
3.50000E+00	1.85393E+01	9.57797E-01
3.50000E+00	1.88202E+01	9.47112E-01
3.50000E+00	1.91011E+01	9.36624E-01
3.50000E+00	1.93820E+01	9.26320E-01
3.50000E+00	1.96629E+01	9.16212E-01
3.50000E+00	1.99438E+01	9.06302E-01
3.50000E+00	2.02247E+01	8.96562E-01
3.50000E+00	2.05056E+01	8.86979E-01
3.50000E+00	2.07865E+01	8.77567E-01
3.50000E+00	2.10674E+01	8.68332E-01
3.50000E+00	2.13483E+01	8.59266E-01
3.50000E+00	2.16292E+01	8.50376E-01
3.50000E+00	2.19101E+01	8.41661E-01
3.50000E+00	2.21910E+01	8.33101E-01
3.50000E+00	2.24719E+01	8.24682E-01
3.50000E+00	2.27528E+01	8.16406E-01
3.50000E+00	2.30337E+01	8.08260E-01
3.50000E+00	2.33146E+01	8.00207E-01
3.50000E+00	2.35955E+01	7.92220E-01
3.50000E+00	2.38764E+01	7.84281E-01
3.50000E+00	2.41573E+01	7.76373E-01
3.50000E+00	2.44382E+01	7.68495E-01
3.50000E+00	2.47191E+01	7.60673E-01
3.50000E+00	2.50000E+01	7.52930E-01
4.00000E+00	0.00000E+00	1.06954E+00
4.00000E+00	2.80899E-01	1.11543E+00
4.00000E+00	5.61798E-01	1.17218E+00
4.00000E+00	8.42697E-01	1.24262E+00
4.00000E+00	1.12360E+00	1.32407E+00
4.00000E+00	1.40449E+00	1.39614E+00
4.00000E+00	1.68539E+00	1.45621E+00
4.00000E+00	1.96629E+00	1.50842E+00
4.00000E+00	2.24719E+00	1.55524E+00
4.00000E+00	2.52809E+00	1.59734E+00
4.00000E+00	2.80899E+00	1.63482E+00
4.00000E+00	3.08989E+00	1.66767E+00
4.00000E+00	3.37079E+00	1.69574E+00
4.00000E+00	3.65169E+00	1.71874E+00
4.00000E+00	3.93258E+00	1.73662E+00
4.00000E+00	4.21348E+00	1.74965E+00
4.00000E+00	4.49438E+00	1.75817E+00
4.00000E+00	4.77528E+00	1.76231E+00
4.00000E+00	5.05618E+00	1.76227E+00
4.00000E+00	5.33708E+00	1.75823E+00
4.00000E+00	5.61798E+00	1.75014E+00
4.00000E+00	5.89888E+00	1.73805E+00
4.00000E+00	6.17978E+00	1.72235E+00
4.00000E+00	6.46067E+00	1.70357E+00
4.00000E+00	6.74157E+00	1.68205E+00
4.00000E+00	7.02247E+00	1.65827E+00
4.00000E+00	7.30337E+00	1.63284E+00
4.00000E+00	7.58427E+00	1.60630E+00
4.00000E+00	7.86517E+00	1.57901E+00
4.00000E+00	8.14607E+00	1.55136E+00
4.00000E+00	8.42697E+00	1.52373E+00
4.00000E+00	8.70787E+00	1.49633E+00
4.00000E+00	8.98876E+00	1.46933E+00
4.00000E+00	9.26966E+00	1.44288E+00
4.00000E+00	9.55056E+00	1.41711E+00
4.00000E+00	9.83146E+00	1.39206E+00
4.00000E+00	1.01124E+01	1.36773E+00
4.00000E+00	1.03933E+01	1.34415E+00
4.00000E+00	1.06742E+01	1.32134E+00
4.00000E+00	1.09551E+01	1.29928E+00
4.00000E+00	1.12360E+01	1.27795E+00
4.00000E+00	1.15169E+01	1.25736E+00
4.00000E+00	1.17978E+01	1.23748E+00
4.00000E+00	1.20787E+01	1.21827E+00
4.00000E+00	1.23596E+01	1.19972E+00
4.00000E+00	1.26404E+01	1.18182E+00
4.00000E+00	1.29213E+01	1.16452E+00
4.00000E+00	1.32022E+01	1.14780E+00
4.00000E+00	1.34831E+01	1.13164E+00
4.00000E+00	1.37640E+01	1.11601E+00
4.00000E+00	1.40449E+01	1.10089E+00
4.00000E+00	1.43258E+01	1.08623E+00
4.00000E+00	1.46067E+01	1.07202E+00
4.00000E+00	1.48876E+01	1.05821E+00
4.00000E+00	1.51685E+01	1.04476E+00
4.00000E+00	1.54494E+01	1.03165E+00
4.00000E+00	1.57303E+01	1.01886E+00
4.00000E+00	1.60112E+01	1.00638E+00
4.00000E+00	1.62921E+01	9.94176E-01
4.00000E+00	1.65730E+01	9.82237E-01
4.00000E+00	1.68539E+01	9.70566E-01
4.00000E+00	1.71348E+01	9.59157E-01
4.00000E+00	1.74157E+01	9.48003E-01
4.00000E+00	1.76966E+01	9.37099E-01
4.00000E+00	1.79775E+01	9.26419E-01
4.00000E+00	1.82584E+01	9.15934E-01
4.00000E+00	1.85393E+01	9.05640E-01
4.00000E+00	1.88202E+01	8.95539E-01
4.00000E+00	1.91011E+01	8.85624E-01
4.00000E+00	1.93820E+01	8.75888E-01
4.00000E+00	1.96629E+01	8.66334E-01
4.00000E+00	1.99438E+01	8.56961E-01
4.00000E+00	2.02247E+01	8.47752E-01
4.00000E+00	2.05056E+01	8.38698E-01
4.00000E+00	2.07865E+01	8.29805E-01
4.00000E+00	2.10674E+01	8.21076E-01
4.00000E+00	2.13483E+01	8.12509E-01
4.00000E+00	2.16292E+01	8.04105E-01
4.00000E+00	2.19101E+01	7.95861E-01
4.00000E+00	2.21910E+01	7.87764E-01
4.00000E+00	2.24719E+01	7.79803E-01
4.00000E+00	2.27528E+01	7.71973E-01
4.00000E+00	2.30337E+01	7.64259E-01
4.00000E+00	2.33146E+01	7.56634E-01
4.00000E+00	2.35955E+01	7.49074E-01
4.00000E+00	2.38764E+01	7.41562E-01
4.00000E+00	2.41573E+01	7.34086E-01
4.00000E+00	2.44382E+01	7.26646E-01
4.00000E+00	2.47191E+01	7.19260E-01
4.00000E+00	2.50000E+01	7.11945E-01
5.00000E+00	0.00000E+00	1.06793E+00
5.00000E+00	2.80899E-01	1.10227E+00
5.00000E+00	5.61798E-01	1.14341E+00
5.00000E+00	8.42697E-01	1.18985E+00
5.00000E+00	1.12360E+00	1.24702E+00
5.00000E+00	1.40449E+00	1.30694E+00
5.00000E+00	1.68539E+00	1.35917E+00
5.00000E+00	1.96629E+00	1.40220E+00
5.00000E+00	2.24719E+00	1.43853E+00
5.00000E+00	2.52809E+00	1.47048E+00
5.00000E+00	2.80899E+00	1.49919E+00
5.00000E+00	3.08989E+00	1.52487E+00
5.00000E+00	3.37079E+00	1.54731E+00
5.00000E+00	3.65169E+00	1.56615E+00
5.00000E+00	3.93258E+00	1.58112E+00
5.00000E+00	4.21348E+00	1.59218E+00
5.00000E+00	4.49438E+00	1.59937E+00
5.00000E+00	4.77528E+00	1.60276E+00
5.00000E+00	5.05618E+00	1.60243E+00
5.00000E+00	5.33708E+00	1.59848E+00
5.00000E+00	5.61798E+00	1.59096E+00
5.00000E+00	5.89888E+00	1.58004E+00
5.00000E+00	6.17978E+00	1.56599E+00
5.00000E+00	6.46067E+00	1.54919E+00
5.00000E+00	6.74157E+00	1.53001E+00
5.00000E+00	7.02247E+00	1.50889E+00
5.00000E+00	7.30337E+00	1.48627E+00
5.00000E+00	7.58427E+00	1.46260E+00
5.00000E+00	7.86517E+00	1.43824E+00
5.00000E+00	8.14607E+00	1.41353E+00
5.00000E+00	8.42697E+00	1.38875E+00
5.00000E+00	8.70787E+00	1.36412E+00
5.00000E+00	8.98876E+00	1.33982E+00
5.00000E+00	9.26966E+00	1.31597E+00
5.00000E+00	9.55056E+00	1.29268E+00
5.00000E+00	9.83146E+00	1.27001E+00
5.00000E+00	1.01124E+01	1.24797E+00
5.00000E+00	1.03933E+01	1.22659E+00
5.00000E+00	1.06742E+01	1.20589E+00
5.00000E+00	1.09551E+01	1.18586E+00
5.00000E+00	1.12360E+01	1.16649E+00
5.00000E+00	1.15169E+01	1.14777E+00
5.00000E+00	1.17978E+01	1.12968E+00
5.00000E+00	1.20787E+01	1.11221E+00
5.00000E+00	1.23596E+01	1.09533E+00
5.00000E+00	1.26404E+01	1.07902E+00
5.00000E+00	1.29213E+01	1.06327E+00
5.00000E+00	1.32022E+01	1.04804E+00
5.00000E+00	1.34831E+01	1.03331E+00
5.00000E+00	1.37640E+01	1.01906E+00
5.00000E+00	1.40449E+01	1.00526E+00
5.00000E+00	1.43258E+01	9.91888E-01
5.00000E+00	1.46067E+01	9.78912E-01
5.00000E+00	1.48876E+01	9.66301E-01
5.00000E+00	1.51685E+01	9.54024E-01
5.00000E+00	1.54494E+01	9.42059E-01
5.00000E+00	1.57303E+01	9.30388E-01
5.00000E+00	1.60112E+01	9.18994E-01
5.00000E+00	1.62921E+01	9.07859E-01
5.00000E+00	1.65730E+01	8.96972E-01
5.00000E+00	1.68539E+01	8.86328E-01
5.00000E+00	1.71348E+01	8.75920E-01
5.00000E+00	1.74157E+01	8.65741E-01
5.00000E+00	1.76966E+01	8.55781E-01
5.00000E+00	1.79775E+01	8.46024E-01
5.00000E+00	1.82584E+01	8.36454E-01
5.00000E+00	1.85393E+01	8.27063E-01
5.00000E+00	1.88202E+01	8.17846E-01
5.00000E+00	1.91011E+01	8.08799E-01
5.00000E+00	1.93820E+01	7.99918E-01
5.00000E+00	1.96629E+01	7.91200E-01
5.00000E+00	1.99438E+01	7.82643E-01
5.00000E+00	2.02247E+01	7.74237E-01
5.00000E+00	2.05056E+01	7.65979E-01
5.00000E+00	2.07865E+01	7.57868E-01
5.00000E+00	2.10674E+01	7.49904E-01
5.00000E+00	2.13483E+01	7.42087E-01
5.00000E+00	2.16292E+01	7.34415E-01
5.00000E+00	2.19101E+01	7.26884E-01
5.00000E+00	2.21910E+01	7.19485E-01
5.00000E+00	2.24719E+01	7.12209E-01
5.00000E+00	2.27528E+01	7.05046E-01
5.00000E+00	2.30337E+01	6.97982E-01
5.00000E+00	2.33146E+01	6.91001E-01
5.00000E+00	2.35955E+01	6.84083E-01
5.00000E+00	2.38764E+01	6.77216E-01
5.00000E+00	2.41573E+01	6.70392E-01
5.00000E+00	2.44382E+01	6.63612E-01
5.00000E+00	2.47191E+01	6.56884E-01
5.00000E+00	2.50000E+01	6.50220E-01
6.00000E+00	0.00000E+00	1.06591E+00
6.00000E+00	2.80899E-01	1.09276E+00
6.00000E+00	5.61798E-01	1.12418E+00
6.00000E+00	8.42697E-01	1.15852E+00
6.00000E+00	1.12360E+00	1.19714E+00
6.00000E+00	1.40449E+00	1.24292E+00
6.00000E+00	1.68539E+00	1.28788E+00
6.00000E+00	1.96629E+00	1.32670E+00
6.00000E+00	2.24719E+00	1.35854E+00
6.00000E+00	2.52809E+00	1.38484E+00
6.00000E+00	2.80899E+00	1.40727E+00
6.00000E+00	3.08989E+00	1.42681E+00
6.00000E+00	3.37079E+00	1.44380E+00
6.00000E+00	3.65169E+00	1.45816E+00
6.00000E+00	3.93258E+00	1.46971E+00
6.00000E+00	4.21348E+00	1.47828E+00
6.00000E+00	4.49438E+00	1.48376E+00
6.00000E+00	4.77528E+00	1.48607E+00
6.00000E+00	5.05618E+00	1.48520E+00
6.00000E+00	5.33708E+00	1.48118E+00
6.00000E+00	5.61798E+00	1.47406E+00
6.00000E+00	5.89888E+00	1.46399E+00
6.00000E+00	6.17978E+00	1.45119E+00
6.00000E+00	6.46067E+00	1.43597E+00
6.00000E+00	6.74157E+00	1.41864E+00
6.00000E+00	7.02247E+00	1.39958E+00
6.00000E+00	7.30337E+00	1.37916E+00
6.00000E+00	7.58427E+00	1.35775E+00
6.00000E+00	7.86517E+00	1.33567E+00
6.00000E+00	8.14607E+00	1.31323E+00
6.00000E+00	8.42697E+00	1.29066E+00
6.00000E+00	8.70787E+00	1.26818E+00
6.00000E+00	8.98876E+00	1.24595E+00
6.00000E+00	9.26966E+00	1.22409E+00
6.00000E+00	9.55056E+00	1.20269E+00
6.00000E+00	9.83146E+00	1.18181E+00
6.00000E+00	1.01124E+01	1.16150E+00
6.00000E+00	1.03933E+01	1.14177E+00
6.00000E+00	1.06742E+01	1.12265E+00
6.00000E+00	1.09551E+01	1.10412E+00
6.00000E+00	1.12360E+01	1.08620E+00
6.00000E+00	1.15169E+01	1.06886E+00
6.00000E+00	1.17978E+01	1.05210E+00
6.00000E+00	1.20787E+01	1.03590E+00
6.00000E+00	1.23596E+01	1.02024E+00
6.00000E+00	1.26404E+01	1.00511E+00
6.00000E+00	1.29213E+01	9.90478E-01
6.00000E+00	1.32022E+01	9.76330E-01
6.00000E+00	1.34831E+01	9.62642E-01
6.00000E+00	1.37640E+01	9.49393E-01
6.00000E+00	1.40449E+01	9.36558E-01
6.00000E+00	1.43258E+01	9.24112E-01
6.00000E+00	1.46067E+01	9.12031E-01
6.00000E+00	1.48876E+01	9.00287E-01
6.00000E+00	1.51685E+01	8.88856E-01
6.00000E+00	1.54494E+01	8.77717E-01
6.00000E+00	1.57303E+01	8.66853E-01
6.00000E+00	1.60112E+01	8.56246E-01
6.00000E+00	1.62921E+01	8.45883E-01
6.00000E+00	1.65730E+01	8.35754E-01
6.00000E+00	1.68539E+01	8.25849E-01
6.00000E+00	1.71348E+01	8.16163E-01
6.00000E+00	1.74157E+01	8.06686E-01
6.00000E+00	1.76966E+01	7.97410E-01
6.00000E+00	1.79775E+01	7.88321E-01
6.00000E+00	1.82584E+01	7.79410E-01
6.00000E+00	1.85393E+01	7.70667E-01
6.00000E+00	1.88202E+01	7.62088E-01
6.00000E+00	1.91011E+01	7.53667E-01
6.00000E+00	1.93820E+01	7.45401E-01
6.00000E+00	1.96629E+01	7.37286E-01
6.00000E+00	1.99438E+01	7.29319E-01
6.00000E+00	2.02247E+01	7.21494E-01
6.00000E+00	2.05056E+01	7.13808E-01
6.00000E+00	2.07865E+01	7.06259E-01
6.00000E+00	2.10674E+01	6.98846E-01
6.00000E+00	2.13483E+01	6.91568E-01
6.00000E+00	2.16292E+01	6.84422E-01
6.00000E+00	2.19101E+01	6.77402E-01
6.00000E+00	2.21910E+01	6.70503E-01
6.00000E+00	2.24719E+01	6.63715E-01
6.00000E+00	2.27528E+01	6.57028E-01
6.00000E+00	2.30337E+01	6.50432E-01
6.00000E+00	2.33146E+01	6.43912E-01
6.00000E+00	2.35955E+01	6.37456E-01
6.00000E+00	2.38764E+01	6.31053E-01
6.00000E+00	2.41573E+01	6.24698E-01
6.00000E+00	2.44382E+01	6.18392E-01
6.00000E+00	2.47191E+01	6.12138E-01
6.00000E+00	2.50000E+01	6.05946E-01
7.00000E+00	0.00000E+00	1.06366E+00
7.00000E+00	2.80899E-01	1.08527E+00
7.00000E+00	5.61798E-01	1.11004E+00
7.00000E+00	8.42697E-01	1.13673E+00
7.00000E+00	1.12360E+00	1.16505E+00
7.00000E+00	1.40449E+00	1.19761E+00
7.00000E+00	1.68539E+00	1.23382E+00
7.00000E+00	1.96629E+00	1.26808E+00
7.00000E+00	2.24719E+00	1.29742E+00
7.00000E+00	2.52809E+00	1.32128E+00
7.00000E+00	2.80899E+00	1.34048E+00
7.00000E+00	3.08989E+00	1.35612E+00
7.00000E+00	3.37079E+00	1.36896E+00
7.00000E+00	3.65169E+00	1.37941E+00
7.00000E+00	3.93258E+00	1.38755E+00
7.00000E+00	4.21348E+00	1.39334E+00
7.00000E+00	4.49438E+00	1.39669E+00
7.00000E+00	4.77528E+00	1.39751E+00
7.00000E+00	5.05618E+00	1.39571E+00
7.00000E+00	5.33708E+00	1.39128E+00
7.00000E+00	5.61798E+00	1.38423E+00
7.00000E+00	5.89888E+00	1.37468E+00
7.00000E+00	6.17978E+00	1.36278E+00
7.00000E+00	6.46067E+00	1.34877E+00
7.00000E+00	6.74157E+00	1.33291E+00
7.00000E+00	7.02247E+00	1.31550E+00
7.00000E+00	7.30337E+00	1.29687E+00
7.00000E+00	7.58427E+00	1.27730E+00
7.00000E+00	7.86517E+00	1.25710E+00
7.00000E+00	8.14607E+00	1.23651E+00
7.00000E+00	8.42697E+00	1.21576E+00
7.00000E+00	8.70787E+00	1.19503E+00
7.00000E+00	8.98876E+00	1.17448E+00
7.00000E+00	9.26966E+00	1.15422E+00
7.00000E+00	9.55056E+00	1.13435E+00
7.00000E+00	9.83146E+00	1.11493E+00
7.00000E+00	1.01124E+01	1.09599E+00
7.00000E+00	1.03933E+01	1.07758E+00
7.00000E+00	1.06742E+01	1.05970E+00
7.00000E+00	1.09551E+01	1.04237E+00
7.00000E+00	1.12360E+01	1.02558E+00
7.00000E+00	1.15169E+01	1.00932E+00
7.00000E+00	1.17978E+01	9.93594E-01
7.00000E+00	1.20787E+01	9.78382E-01
7.00000E+00	1.23596E+01	9.63670E-01
7.00000E+00	1.26404E+01	9.49441E-01
7.00000E+00	1.29213E+01	9.35678E-01
7.00000E+00	1.32022E+01	9.22361E-01
7.00000E+00	1.34831E+01	9.09470E-01
7.00000E+00	1.37640E+01	8.96985E-01
7.00000E+00	1.40449E+01	8.84884E-01
7.00000E+00	1.43258E+01	8.73145E-01
7.00000E+00	1.46067E+01	8.61744E-01
7.00000E+00	1.48876E+01	8.50661E-01
7.00000E+00	1.51685E+01	8.39872E-01
7.00000E+00	1.54494E+01	8.29359E-01
7.00000E+00	1.57303E+01	8.19105E-01
7.00000E+00	1.60112E+01	8.09095E-01
7.00000E+00	1.62921E+01	7.99317E-01
7.00000E+00	1.65730E+01	7.89759E-01
7.00000E+00	1.68539E+01	7.80414E-01
7.00000E+00	1.71348E+01	7.71273E-01
7.00000E+00	1.74157E+01	7.62328E-01
7.00000E+00	1.76966E+01	7.53569E-01
7.00000E+00	1.79775E+01	7.44987E-01
7.00000E+00	1.82584E+01	7.36574E-01
7.00000E+00	1.85393E+01	7.28321E-01
7.00000E+00	1.88202E+01	7.20223E-01
7.00000E+00	1.91011E+01	7.12275E-01
7.00000E+00	1.93820E+01	7.04474E-01
7.00000E+00	1.96629E+01	6.96814E-01
7.00000E+00	1.99438E+01	6.89293E-01
7.00000E+00	2.02247E+01	6.81907E-01
7.00000E+00	2.05056E+01	6.74652E-01
7.00000E+00	2.07865E+01	6.67527E-01
7.00000E+00	2.10674E+01	6.60529E-01
7.00000E+00	2.13483E+01	6.53656E-01
7.00000E+00	2.16292E+01	6.46904E-01
7.00000E+00	2.19101E+01	6.40269E-01
7.00000E+00	2.21910E+01	6.33744E-01
7.00000E+00	2.24719E+01	6.27321E-01
7.00000E+00	2.27528E+01	6.20992E-01
7.00000E+00	2.30337E+01	6.14747E-01
7.00000E+00	2.33146E+01	6.08575E-01
7.00000E+00	2.35955E+01	6.02466E-01
7.00000E+00	2.38764E+01	5.96413E-01
7.00000E+00	2.41573E+01	5.90411E-01
7.00000E+00	2.44382E+01	5.84461E-01
7.00000E+00	2.47191E+01	5.78566E-01
7.00000E+00	2.50000E+01	5.72731E-01
8.00000E+00	0.00000E+00	1.06125E+00
8.00000E+00	2.80899E-01	1.07899E+00
8.00000E+00	5.61798E-01	1.09896E+00
8.00000E+00	8.42697E-01	1.12027E+00
8.00000E+00	1.12360E+00	1.14236E+00
8.00000E+00	1.40449E+00	1.16585E+00
8.00000E+00	1.68539E+00	1.19315E+00
8.00000E+00	1.96629E+00	1.22169E+00
8.00000E+00	2.24719E+00	1.24798E+00
8.00000E+00	2.52809E+00	1.27020E+00
8.00000E+00	2.80899E+00	1.28795E+00
8.00000E+00	3.08989E+00	1.30169E+00
8.00000E+00	3.37079E+00	1.31211E+00
8.00000E+00	3.65169E+00	1.31984E+00
8.00000E+00	3.93258E+00	1.32525E+00
8.00000E+00	4.21348E+00	1.32854E+00
8.00000E+00	4.49438E+00	1.32976E+00
8.00000E+00	4.77528E+00	1.32888E+00
8.00000E+00	5.05618E+00	1.32588E+00
8.00000E+00	5.33708E+00	1.32071E+00
8.00000E+00	5.61798E+00	1.31340E+00
8.00000E+00	5.89888E+00	1.30401E+00
8.00000E+00	6.17978E+00	1.29264E+00
8.00000E+00	6.46067E+00	1.27948E+00
8.00000E+00	6.74157E+00	1.26473E+00
8.00000E+00	7.02247E+00	1.24862E+00
8.00000E+00	7.30337E+00	1.23142E+00
8.00000E+00	7.58427E+00	1.21338E+00
8.00000E+00	7.86517E+00	1.19472E+00
8.00000E+00	8.14607E+00	1.17569E+00
8.00000E+00	8.42697E+00	1.15646E+00
8.00000E+00	8.70787E+00	1.13721E+00
8.00000E+00	8.98876E+00	1.11808E+00
8.00000E+00	9.26966E+00	1.09918E+00
8.00000E+00	9.55056E+00	1.08060E+00
8.00000E+00	9.83146E+00	1.06239E+00
8.00000E+00	1.01124E+01	1.04461E+00
8.00000E+00	1.03933E+01	1.02729E+00
8.00000E+00	1.06742E+01	1.01045E+00
8.00000E+00	1.09551E+01	9.94094E-01
8.00000E+00	1.12360E+01	9.78234E-01
8.00000E+00	1.15169E+01	9.62864E-01
8.00000E+00	1.17978E+01	9.47979E-01
8.00000E+00	1.20787E+01	9.33568E-01
8.00000E+00	1.23596E+01	9.19619E-01
8.00000E+00	1.26404E+01	9.06118E-01
8.00000E+00	1.29213E+01	8.93050E-01
8.00000E+00	1.32022E+01	8.80397E-01
8.00000E+00	1.34831E+01	8.68141E-01
8.00000E+00	1.37640E+01	8.56263E-01
8.00000E+00	1.40449E+01	8.44745E-01
8.00000E+00	1.43258E+01	8.33565E-01
8.00000E+00	1.46067E+01	8.22703E-01
8.00000E+00	1.48876E+01	8.12140E-01
8.00000E+00	1.51685E+01	8.01857E-01
8.00000E+00	1.54494E+01	7.91836E-01
8.00000E+00	1.57303E+01	7.82062E-01
8.00000E+00	1.60112E+01	7.72521E-01
8.00000E+00	1.62921E+01	7.63201E-01
8.00000E+00	1.65730E+01	7.54091E-01
8.00000E+00	1.68539E+01	7.45184E-01
8.00000E+00	1.71348E+01	7.36469E-01
8.00000E+00	1.74157E+01	7.27940E-01
8.00000E+00	1.76966E+01	7.19587E-01
8.00000E+00	1.79775E+01	7.11402E-01
8.00000E+00	1.82584E+01	7.03379E-01
8.00000E+00	1.85393E+01	6.95509E-01
8.00000E+00	1.88202E+01	6.87787E-01
8.00000E+00	1.91011E+01	6.80209E-01
8.00000E+00	1.93820E+01	6.72770E-01
8.00000E+00	1.96629E+01	6.65466E-01
8.00000E+00	1.99438E+01	6.58294E-01
8.00000E+00	2.02247E+01	6.51250E-01
8.00000E+00	2.05056E+01	6.44332E-01
8.00000E+00	2.07865E+01	6.37536E-01
8.00000E+00	2.10674E+01	6.30860E-01
8.00000E+00	2.13483E+01	6.24301E-01
8.00000E+00	2.16292E+01	6.17855E-01
8.00000E+00	2.19101E+01	6.11518E-01
8.00000E+00	2.21910E+01	6.05283E-01
8.00000E+00	2.24719E+01	5.99144E-01
8.00000E+00	2.27528E+01	5.93092E-01
8.00000E+00	2.30337E+01	5.87120E-01
8.00000E+00	2.33146E+01	5.81219E-01
8.00000E+00	2.35955E+01	5.75380E-01
8.00000E+00	2.38764E+01	5.69600E-01
8.00000E+00	2.41573E+01	5.63873E-01
8.00000E+00	2.44382E+01	5.58201E-01
8.00000E+00	2.47191E+01	5.52584E-01
8.00000E+00	2.50000E+01	5.47027E-01
9.00000E+00	0.00000E+00	1.05874E+00
9.00000E+00	2.80899E-01	1.07349E+00
9.00000E+00	5.61798E-01	1.08985E+00
9.00000E+00	8.42697E-01	1.10716E+00
9.00000E+00	1.12360E+00	1.12487E+00
9.00000E+00	1.40449E+00	1.14297E+00
9.00000E+00	1.68539E+00	1.16270E+00
9.00000E+00	1.96629E+00	1.18516E+00
9.00000E+00	2.24719E+00	1.20753E+00
9.00000E+00	2.52809E+00	1.22761E+00
9.00000E+00	2.80899E+00	1.24422E+00
9.00000E+00	3.08989E+00	1.25704E+00
9.00000E+00	3.37079E+00	1.26634E+00
9.00000E+00	3.65169E+00	1.27259E+00
9.00000E+00	3.93258E+00	1.27628E+00
9.00000E+00	4.21348E+00	1.27775E+00
9.00000E+00	4.49438E+00	1.27722E+00
9.00000E+00	4.77528E+00	1.27481E+00
9.00000E+00	5.05618E+00	1.27057E+00
9.00000E+00	5.33708E+00	1.26453E+00
9.00000E+00	5.61798E+00	1.25672E+00
9.00000E+00	5.89888E+00	1.24719E+00
9.00000E+00	6.17978E+00	1.23604E+00
9.00000E+00	6.46067E+00	1.22340E+00
9.00000E+00	6.74157E+00	1.20941E+00
9.00000E+00	7.02247E+00	1.19428E+00
9.00000E+00	7.30337E+00	1.17820E+00
9.00000E+00	7.58427E+00	1.16137E+00
9.00000E+00	7.86517E+00	1.14399E+00
9.00000E+00	8.14607E+00	1.12624E+00
9.00000E+00	8.42697E+00	1.10830E+00
9.00000E+00	8.70787E+00	1.09031E+00
9.00000E+00	8.98876E+00	1.07240E+00
9.00000E+00	9.26966E+00	1.05466E+00
9.00000E+00	9.55056E+00	1.03718E+00
9.00000E+00	9.83146E+00	1.02003E+00
9.00000E+00	1.01124E+01	1.00324E+00
9.00000E+00	1.03933E+01	9.86857E-01
9.00000E+00	1.06742E+01	9.70901E-01
9.00000E+00	1.09551E+01	9.55386E-01
9.00000E+00	1.12360E+01	9.40317E-01
9.00000E+00	1.15169E+01	9.25697E-01
9.00000E+00	1.17978E+01	9.11521E-01
9.00000E+00	1.20787E+01	8.97783E-01
9.00000E+00	1.23596E+01	8.84472E-01
9.00000E+00	1.26404E+01	8.71578E-01
9.00000E+00	1.29213E+01	8.59086E-01
9.00000E+00	1.32022E+01	8.46981E-01
9.00000E+00	1.34831E+01	8.35248E-01
9.00000E+00	1.37640E+01	8.23869E-01
9.00000E+00	1.40449E+01	8.12827E-01
9.00000E+00	1.43258E+01	8.02104E-01
9.00000E+00	1.46067E+01	7.91682E-01
9.00000E+00	1.48876E+01	7.81543E-01
9.00000E+00	1.51685E+01	7.71670E-01
9.00000E+00	1.54494E+01	7.62047E-01
9.00000E+00	1.57303E+01	7.52661E-01
9.00000E+00	1.60112E+01	7.43498E-01
9.00000E+00	1.62921E+01	7.34547E-01
9.00000E+00	1.65730E+01	7.25798E-01
9.00000E+00	1.68539E+01	7.17242E-01
9.00000E+00	1.71348E+01	7.08871E-01
9.00000E+00	1.74157E+01	7.00676E-01
9.00000E+00	1.76966E+01	6.92649E-01
9.00000E+00	1.79775E+01	6.84784E-01
9.00000E+00	1.82584E+01	6.77073E-01
9.00000E+00	1.85393E+01	6.69511E-01
9.00000E+00	1.88202E+01	6.62091E-01
9.00000E+00	1.91011E+01	6.54808E-01
9.00000E+00	1.93820E+01	6.47660E-01
9.00000E+00	1.96629E+01	6.40641E-01
9.00000E+00	1.99438E+01	6.33748E-01
9.00000E+00	2.02247E+01	6.26978E-01
9.00000E+00	2.05056E+01	6.20328E-01
9.00000E+00	2.07865E+01	6.13794E-01
9.00000E+00	2.10674E+01	6.07375E-01
9.00000E+00	2.13483E+01	6.01065E-01
9.00000E+00	2.16292E+01	5.94863E-01
9.00000E+00	2.19101E+01	5.88762E-01
9.00000E+00	2.21910E+01	5.82757E-01
9.00000E+00	2.24719E+01	5.76843E-01
9.00000E+00	2.27528E+01	5.71012E-01
9.00000E+00	2.30337E+01	5.65257E-01
9.00000E+00	2.33146E+01	5.59572E-01
9.00000E+00	2.35955E+01	5.53950E-01
9.00000E+00	2.38764E+01	5.48387E-01
9.00000E+00	2.41573E+01	5.42880E-01
9.00000E+00	2.44382E+01	5.37428E-01
9.00000E+00	2.47191E+01	5.32033E-01
9.00000E+00	2.50000E+01	5.26698E-01
1.00000E+01	0.00000E+00	1.05613E+00
1.00000E+01	2.80899E-01	1.06852E+00
1.00000E+01	5.61798E-01	1.08206E+00
1.00000E+01	8.42697E-01	1.09628E+00
1.00000E+01	1.12360E+00	1.11070E+00
1.00000E+01	1.40449E+00	1.12512E+00
1.00000E+01	1.68539E+00	1.13991E+00
1.00000E+01	1.96629E+00	1.15651E+00
1.00000E+01	2.24719E+00	1.17455E+00
1.00000E+01	2.52809E+00	1.19183E+00
1.00000E+01	2.80899E+00	1.20688E+00
1.00000E+01	3.08989E+00	1.21890E+00
1.00000E+01	3.37079E+00	1.22764E+00
1.00000E+01	3.65169E+00	1.23325E+00
1.00000E+01	3.93258E+00	1.23609E+00
1.00000E+01	4.21348E+00	1.23651E+00
1.00000E+01	4.49438E+00	1.23484E+00
1.00000E+01	4.77528E+00	1.23130E+00
1.00000E+01	5.05618E+00	1.22606E+00
1.00000E+01	5.33708E+00	1.21921E+00
1.00000E+01	5.61798E+00	1.21085E+00
1.00000E+01	5.89888E+00	1.20104E+00
1.00000E+01	6.17978E+00	1.18990E+00
1.00000E+01	6.46067E+00	1.17751E+00
1.00000E+01	6.74157E+00	1.16402E+00
1.00000E+01	7.02247E+00	1.14957E+00
1.00000E+01	7.30337E+00	1.13432E+00
1.00000E+01	7.58427E+00	1.11843E+00
1.00000E+01	7.86517E+00	1.10207E+00
1.00000E+01	8.14607E+00	1.08538E+00
1.00000E+01	8.42697E+00	1.06851E+00
1.00000E+01	8.70787E+00	1.05158E+00
1.00000E+01	8.98876E+00	1.03470E+00
1.00000E+01	9.26966E+00	1.01796E+00
1.00000E+01	9.55056E+00	1.00144E+00
1.00000E+01	9.83146E+00	9.85196E-01
1.00000E+01	1.01124E+01	9.69276E-01
1.00000E+01	1.03933E+01	9.53712E-01
1.00000E+01	1.06742E+01	9.38530E-01
1.00000E+01	1.09551E+01	9.23744E-01
1.00000E+01	1.12360E+01	9.09364E-01
1.00000E+01	1.15169E+01	8.95393E-01
1.00000E+01	1.17978E+01	8.81831E-01
1.00000E+01	1.20787E+01	8.68672E-01
1.00000E+01	1.23596E+01	8.55909E-01
1.00000E+01	1.26404E+01	8.43534E-01
1.00000E+01	1.29213E+01	8.31533E-01
1.00000E+01	1.32022E+01	8.19894E-01
1.00000E+01	1.34831E+01	8.08603E-01
1.00000E+01	1.37640E+01	7.97645E-01
1.00000E+01	1.40449E+01	7.87004E-01
1.00000E+01	1.43258E+01	7.76664E-01
1.00000E+01	1.46067E+01	7.66609E-01
1.00000E+01	1.48876E+01	7.56824E-01
1.00000E+01	1.51685E+01	7.47292E-01
1.00000E+01	1.54494E+01	7.38000E-01
1.00000E+01	1.57303E+01	7.28935E-01
1.00000E+01	1.60112E+01	7.20084E-01
1.00000E+01	1.62921E+01	7.11438E-01
1.00000E+01	1.65730E+01	7.02985E-01
1.00000E+01	1.68539E+01	6.94718E-01
1.00000E+01	1.71348E+01	6.86628E-01
1.00000E+01	1.74157E+01	6.78708E-01
1.00000E+01	1.76966E+01	6.70950E-01
1.00000E+01	1.79775E+01	6.63347E-01
1.00000E+01	1.82584E+01	6.55892E-01
1.00000E+01	1.85393E+01	6.48581E-01
1.00000E+01	1.88202E+01	6.41407E-01
1.00000E+01	1.91011E+01	6.34367E-01
1.00000E+01	1.93820E+01	6.27455E-01
1.00000E+01	1.96629E+01	6.20668E-01
1.00000E+01	1.99438E+01	6.14003E-01
1.00000E+01	2.02247E+01	6.07456E-01
1.00000E+01	2.05056E+01	6.01023E-01
1.00000E+01	2.07865E+01	5.94703E-01
1.00000E+01	2.10674E+01	5.88491E-01
1.00000E+01	2.13483E+01	5.82384E-01
1.00000E+01	2.16292E+01	5.76378E-01
1.00000E+01	2.19101E+01	5.70468E-01
1.00000E+01	2.21910E+01	5.64651E-01
1.00000E+01	2.24719E+01	5.58919E-01
1.00000E+01	2.27528E+01	5.53267E-01
1.00000E+01	2.30337E+01	5.47689E-01
1.00000E+01	2.33146E+01	5.42179E-01
1.00000E+01	2.35955E+01	5.36733E-01
1.00000E+01	2.38764E+01	5.31346E-01
1.00000E+01	2.41573E+01	5.26017E-01
1.00000E+01	2.44382E+01	5.20745E-01
1.00000E+01	2.47191E+01	5.15530E-01
1.00000E+01	2.50000E+01	5.10375E-01
