1.00000E-04	0.00000E+00	9.39559E-01
1.00000E-04	2.80899E-01	1.77270E-02
1.00000E-04	5.61798E-01	1.38547E-02
1.00000E-04	8.42697E-01	1.15805E-02
1.00000E-04	1.12360E+00	9.66486E-03
1.00000E-04	1.40449E+00	8.38535E-03
1.00000E-04	1.68539E+00	7.61012E-03
1.00000E-04	1.96629E+00	7.17388E-03
1.00000E-04	2.24719E+00	5.16589E-01
1.00000E-04	2.52809E+00	7.15679E-01
1.00000E-04	2.80899E+00	7.72754E-01
1.00000E-04	3.08989E+00	7.93431E-01
1.00000E-04	3.37079E+00	7.78132E-01
1.00000E-04	3.65169E+00	7.61174E-01
1.00000E-04	3.93258E+00	7.36282E-01
1.00000E-04	4.21348E+00	7.24054E-01
1.00000E-04	4.49438E+00	7.12751E-01
1.00000E-04	4.77528E+00	7.13412E-01
1.00000E-04	5.05618E+00	7.25851E-01
1.00000E-04	5.33708E+00	7.46500E-01
1.00000E-04	5.61798E+00	7.85057E-01
1.00000E-04	5.89888E+00	8.28924E-01
1.00000E-04	6.17978E+00	8.94844E-01
1.00000E-04	6.46067E+00	9.55289E-01
1.00000E-04	6.74157E+00	1.03306E+00
1.00000E-04	7.02247E+00	1.10266E+00
1.00000E-04	7.30337E+00	1.18065E+00
1.00000E-04	7.58427E+00	1.24844E+00
1.00000E-04	7.86517E+00	1.32147E+00
1.00000E-04	8.14607E+00	1.38665E+00
1.00000E-04	8.42697E+00	1.45546E+00
1.00000E-04	8.70787E+00	1.51932E+00
1.00000E-04	8.98876E+00	1.58571E+00
1.00000E-04	9.26966E+00	1.65249E+00
1.00000E-04	9.55056E+00	1.72111E+00
1.00000E-04	9.83146E+00	1.79523E+00
1.00000E-04	1.01124E+01	1.86777E+00
1.00000E-04	1.03933E+01	1.94617E+00
1.00000E-04	1.06742E+01	2.02172E+00
1.00000E-04	1.09551E+01	2.09991E+00
1.00000E-04	1.12360E+01	2.17447E+00
1.00000E-04	1.15169E+01	2.24866E+00
1.00000E-04	1.17978E+01	2.32055E+00
1.00000E-04	1.20787E+01	2.39725E+00
1.00000E-04	1.23596E+01	2.47262E+00
1.00000E-04	1.26404E+01	2.55167E+00
1.00000E-04	1.29213E+01	2.64092E+00
1.00000E-04	1.32022E+01	2.73711E+00
1.00000E-04	1.34831E+01	2.84348E+00
1.00000E-04	1.37640E+01	2.95318E+00
1.00000E-04	1.40449E+01	3.07960E+00
1.00000E-04	1.43258E+01	3.19803E+00
1.00000E-04	1.46067E+01	3.32876E+00
1.00000E-04	1.48876E+01	3.45535E+00
1.00000E-04	1.51685E+01	3.59231E+00
1.00000E-04	1.54494E+01	3.72820E+00
1.00000E-04	1.57303E+01	3.87030E+00
1.00000E-04	1.60112E+01	4.00966E+00
1.00000E-04	1.62921E+01	4.15504E+00
1.00000E-04	1.65730E+01	4.30413E+00
1.00000E-04	1.68539E+01	4.45084E+00
1.00000E-04	1.71348E+01	4.59926E+00
1.00000E-04	1.74157E+01	4.73962E+00
1.00000E-04	1.76966E+01	4.88295E+00
1.00000E-04	1.79775E+01	5.02313E+00
1.00000E-04	1.82584E+01	5.16282E+00
1.00000E-04	1.85393E+01	5.28695E+00
1.00000E-04	1.88202E+01	5.40938E+00
1.00000E-04	1.91011E+01	5.52514E+00
1.00000E-04	1.93820E+01	5.63112E+00
1.00000E-04	1.96629E+01	5.73812E+00
1.00000E-04	1.99438E+01	5.84010E+00
1.00000E-04	2.02247E+01	5.92615E+00
1.00000E-04	2.05056E+01	6.00648E+00
1.00000E-04	2.07865E+01	6.08949E+00
1.00000E-04	2.10674E+01	6.15724E+00
1.00000E-04	2.13483E+01	6.22426E+00
1.00000E-04	2.16292E+01	6.27830E+00
1.00000E-04	2.19101E+01	6.33205E+00
1.00000E-04	2.21910E+01	6.38162E+00
1.00000E-04	2.24719E+01	6.41866E+00
1.00000E-04	2.27528E+01	6.44944E+00
1.00000E-04	2.30337E+01	6.48306E+00
1.00000E-04	2.33146E+01	6.50455E+00
1.00000E-04	2.35955E+01	6.51679E+00
1.00000E-04	2.38764E+01	6.52937E+00
1.00000E-04	2.41573E+01	6.54376E+00
1.00000E-04	2.44382E+01	6.54369E+00
1.00000E-04	2.47191E+01	6.54286E+00
1.00000E-04	2.50000E+01	6.53831E+00
5.00000E-04	0.00000E+00	9.25699E-01
5.00000E-04	2.80899E-01	3.40802E-02
5.00000E-04	5.61798E-01	2.66382E-02
5.00000E-04	8.42697E-01	2.22671E-02
5.00000E-04	1.12360E+00	1.85808E-02
5.00000E-04	1.40449E+00	1.61223E-02
5.00000E-04	1.68539E+00	1.46318E-02
5.00000E-04	1.96629E+00	1.37931E-02
5.00000E-04	2.24719E+00	9.93236E-01
5.00000E-04	2.52809E+00	1.37602E+00
5.00000E-04	2.80899E+00	1.48576E+00
5.00000E-04	3.08989E+00	1.52559E+00
5.00000E-04	3.37079E+00	1.49610E+00
5.00000E-04	3.65169E+00	1.46348E+00
5.00000E-04	3.93258E+00	1.41565E+00
5.00000E-04	4.21348E+00	1.39194E+00
5.00000E-04	4.49438E+00	1.37039E+00
5.00000E-04	4.77528E+00	1.37166E+00
5.00000E-04	5.05618E+00	1.39559E+00
5.00000E-04	5.33708E+00	1.43528E+00
5.00000E-04	5.61798E+00	1.50942E+00
5.00000E-04	5.89888E+00	1.59374E+00
5.00000E-04	6.17978E+00	1.72050E+00
5.00000E-04	6.46067E+00	1.83672E+00
5.00000E-04	6.74157E+00	1.98625E+00
5.00000E-04	7.02247E+00	2.12006E+00
5.00000E-04	7.30337E+00	2.27013E+00
5.00000E-04	7.58427E+00	2.40036E+00
5.00000E-04	7.86517E+00	2.54077E+00
5.00000E-04	8.14607E+00	2.66609E+00
5.00000E-04	8.42697E+00	2.79838E+00
5.00000E-04	8.70787E+00	2.92117E+00
5.00000E-04	8.98876E+00	3.04979E+00
5.00000E-04	9.26966E+00	3.17721E+00
5.00000E-04	9.55056E+00	3.30915E+00
5.00000E-04	9.83146E+00	3.45166E+00
5.00000E-04	1.01124E+01	3.59112E+00
5.00000E-04	1.03933E+01	3.74140E+00
5.00000E-04	1.06742E+01	3.88714E+00
5.00000E-04	1.09551E+01	4.03747E+00
5.00000E-04	1.12360E+01	4.18082E+00
5.00000E-04	1.15169E+01	4.32346E+00
5.00000E-04	1.17978E+01	4.46168E+00
5.00000E-04	1.20787E+01	4.60915E+00
5.00000E-04	1.23596E+01	4.75406E+00
5.00000E-04	1.26404E+01	4.90606E+00
5.00000E-04	1.29213E+01	5.07765E+00
5.00000E-04	1.32022E+01	5.26260E+00
5.00000E-04	1.34831E+01	5.46710E+00
5.00000E-04	1.37640E+01	5.67802E+00
5.00000E-04	1.40449E+01	5.92109E+00
5.00000E-04	1.43258E+01	6.14879E+00
5.00000E-04	1.46067E+01	6.40015E+00
5.00000E-04	1.48876E+01	6.64353E+00
5.00000E-04	1.51685E+01	6.90686E+00
5.00000E-04	1.54494E+01	7.16815E+00
5.00000E-04	1.57303E+01	7.44135E+00
5.00000E-04	1.60112E+01	7.70931E+00
5.00000E-04	1.62921E+01	7.98883E+00
5.00000E-04	1.65730E+01	8.27548E+00
5.00000E-04	1.68539E+01	8.55755E+00
5.00000E-04	1.71348E+01	8.84292E+00
5.00000E-04	1.74157E+01	9.11279E+00
5.00000E-04	1.76966E+01	9.38836E+00
5.00000E-04	1.79775E+01	9.65788E+00
5.00000E-04	1.82584E+01	9.92646E+00
5.00000E-04	1.85393E+01	1.01651E+01
5.00000E-04	1.88202E+01	1.04005E+01
5.00000E-04	1.91011E+01	1.06231E+01
5.00000E-04	1.93820E+01	1.08269E+01
5.00000E-04	1.96629E+01	1.10326E+01
5.00000E-04	1.99438E+01	1.12269E+01
5.00000E-04	2.02247E+01	1.13941E+01
5.00000E-04	2.05056E+01	1.15486E+01
5.00000E-04	2.07865E+01	1.17082E+01
5.00000E-04	2.10674E+01	1.18384E+01
5.00000E-04	2.13483E+01	1.19673E+01
5.00000E-04	2.16292E+01	1.20712E+01
5.00000E-04	2.19101E+01	1.21745E+01
5.00000E-04	2.21910E+01	1.22698E+01
5.00000E-04	2.24719E+01	1.23411E+01
5.00000E-04	2.27528E+01	1.24002E+01
5.00000E-04	2.30337E+01	1.24649E+01
5.00000E-04	2.33146E+01	1.25062E+01
5.00000E-04	2.35955E+01	1.25297E+01
5.00000E-04	2.38764E+01	1.25539E+01
5.00000E-04	2.41573E+01	1.25816E+01
5.00000E-04	2.44382E+01	1.25814E+01
5.00000E-04	2.47191E+01	1.25798E+01
5.00000E-04	2.50000E+01	1.25711E+01
1.00000E-03	0.00000E+00	9.24176E-01
1.00000E-03	2.80899E-01	4.58451E-02
1.00000E-03	5.61798E-01	3.58343E-02
1.00000E-03	8.42697E-01	2.99556E-02
1.00000E-03	1.12360E+00	2.49934E-02
1.00000E-03	1.40449E+00	2.16876E-02
1.00000E-03	1.68539E+00	1.96831E-02
1.00000E-03	1.96629E+00	1.85547E-02
1.00000E-03	2.24719E+00	1.33609E+00
1.00000E-03	2.52809E+00	1.85104E+00
1.00000E-03	2.80899E+00	1.99868E+00
1.00000E-03	3.08989E+00	2.05247E+00
1.00000E-03	3.37079E+00	2.01261E+00
1.00000E-03	3.65169E+00	1.96860E+00
1.00000E-03	3.93258E+00	1.90448E+00
1.00000E-03	4.21348E+00	1.87237E+00
1.00000E-03	4.49438E+00	1.84340E+00
1.00000E-03	4.77528E+00	1.84515E+00
1.00000E-03	5.05618E+00	1.87747E+00
1.00000E-03	5.33708E+00	1.93077E+00
1.00000E-03	5.61798E+00	2.03050E+00
1.00000E-03	5.89888E+00	2.14373E+00
1.00000E-03	6.17978E+00	2.31445E+00
1.00000E-03	6.46067E+00	2.47079E+00
1.00000E-03	6.74157E+00	2.67179E+00
1.00000E-03	7.02247E+00	2.85194E+00
1.00000E-03	7.30337E+00	3.05385E+00
1.00000E-03	7.58427E+00	3.22901E+00
1.00000E-03	7.86517E+00	3.41789E+00
1.00000E-03	8.14607E+00	3.58648E+00
1.00000E-03	8.42697E+00	3.76444E+00
1.00000E-03	8.70787E+00	3.92961E+00
1.00000E-03	8.98876E+00	4.10285E+00
1.00000E-03	9.26966E+00	4.27405E+00
1.00000E-03	9.55056E+00	4.45154E+00
1.00000E-03	9.83146E+00	4.64325E+00
1.00000E-03	1.01124E+01	4.83085E+00
1.00000E-03	1.03933E+01	5.03293E+00
1.00000E-03	1.06742E+01	5.22906E+00
1.00000E-03	1.09551E+01	5.43129E+00
1.00000E-03	1.12360E+01	5.62412E+00
1.00000E-03	1.15169E+01	5.81601E+00
1.00000E-03	1.17978E+01	6.00194E+00
1.00000E-03	1.20787E+01	6.20030E+00
1.00000E-03	1.23596E+01	6.39526E+00
1.00000E-03	1.26404E+01	6.59974E+00
1.00000E-03	1.29213E+01	6.83058E+00
1.00000E-03	1.32022E+01	7.07936E+00
1.00000E-03	1.34831E+01	7.35446E+00
1.00000E-03	1.37640E+01	7.63820E+00
1.00000E-03	1.40449E+01	7.96518E+00
1.00000E-03	1.43258E+01	8.27148E+00
1.00000E-03	1.46067E+01	8.60962E+00
1.00000E-03	1.48876E+01	8.93702E+00
1.00000E-03	1.51685E+01	9.29126E+00
1.00000E-03	1.54494E+01	9.64275E+00
1.00000E-03	1.57303E+01	1.00103E+01
1.00000E-03	1.60112E+01	1.03707E+01
1.00000E-03	1.62921E+01	1.07467E+01
1.00000E-03	1.65730E+01	1.11323E+01
1.00000E-03	1.68539E+01	1.15118E+01
1.00000E-03	1.71348E+01	1.18957E+01
1.00000E-03	1.74157E+01	1.22591E+01
1.00000E-03	1.76966E+01	1.26294E+01
1.00000E-03	1.79775E+01	1.29920E+01
1.00000E-03	1.82584E+01	1.33533E+01
1.00000E-03	1.85393E+01	1.36743E+01
1.00000E-03	1.88202E+01	1.39910E+01
1.00000E-03	1.91011E+01	1.42908E+01
1.00000E-03	1.93820E+01	1.45645E+01
1.00000E-03	1.96629E+01	1.48413E+01
1.00000E-03	1.99438E+01	1.50989E+01
1.00000E-03	2.02247E+01	1.53276E+01
1.00000E-03	2.05056E+01	1.55354E+01
1.00000E-03	2.07865E+01	1.57501E+01
1.00000E-03	2.10674E+01	1.59253E+01
1.00000E-03	2.13483E+01	1.60986E+01
1.00000E-03	2.16292E+01	1.62384E+01
1.00000E-03	2.19101E+01	1.63774E+01
1.00000E-03	2.21910E+01	1.65056E+01
1.00000E-03	2.24719E+01	1.66014E+01
1.00000E-03	2.27528E+01	1.66810E+01
1.00000E-03	2.30337E+01	1.67680E+01
1.00000E-03	2.33146E+01	1.68236E+01
1.00000E-03	2.35955E+01	1.68552E+01
1.00000E-03	2.38764E+01	1.68878E+01
1.00000E-03	2.41573E+01	1.69250E+01
1.00000E-03	2.44382E+01	1.69248E+01
1.00000E-03	2.47191E+01	1.69227E+01
1.00000E-03	2.50000E+01	1.69109E+01
5.00000E-03	0.00000E+00	9.15507E-01
5.00000E-03	2.80899E-01	9.62724E-02
5.00000E-03	5.61798E-01	7.52502E-02
5.00000E-03	8.42697E-01	6.29057E-02
5.00000E-03	1.12360E+00	5.24823E-02
5.00000E-03	1.40449E+00	4.55401E-02
5.00000E-03	1.68539E+00	4.13339E-02
5.00000E-03	1.96629E+00	3.89627E-02
5.00000E-03	2.24719E+00	2.80475E+00
5.00000E-03	2.52809E+00	3.88700E+00
5.00000E-03	2.80899E+00	4.19706E+00
5.00000E-03	3.08989E+00	4.31071E+00
5.00000E-03	3.37079E+00	4.22652E+00
5.00000E-03	3.65169E+00	4.13326E+00
5.00000E-03	3.93258E+00	4.00008E+00
5.00000E-03	4.21348E+00	3.93169E+00
5.00000E-03	4.49438E+00	3.86982E+00
5.00000E-03	4.77528E+00	3.87395E+00
5.00000E-03	5.05618E+00	3.94367E+00
5.00000E-03	5.33708E+00	4.05404E+00
5.00000E-03	5.61798E+00	4.26456E+00
5.00000E-03	5.89888E+00	4.49995E+00
5.00000E-03	6.17978E+00	4.85901E+00
5.00000E-03	6.46067E+00	5.18866E+00
5.00000E-03	6.74157E+00	5.60754E+00
5.00000E-03	7.02247E+00	5.98732E+00
5.00000E-03	7.30337E+00	6.41291E+00
5.00000E-03	7.58427E+00	6.78053E+00
5.00000E-03	7.86517E+00	7.17814E+00
5.00000E-03	8.14607E+00	7.52958E+00
5.00000E-03	8.42697E+00	7.90491E+00
5.00000E-03	8.70787E+00	8.25202E+00
5.00000E-03	8.98876E+00	8.61614E+00
5.00000E-03	9.26966E+00	8.97413E+00
5.00000E-03	9.55056E+00	9.34798E+00
5.00000E-03	9.83146E+00	9.74995E+00
5.00000E-03	1.01124E+01	1.01440E+01
5.00000E-03	1.03933E+01	1.05687E+01
5.00000E-03	1.06742E+01	1.09807E+01
5.00000E-03	1.09551E+01	1.14055E+01
5.00000E-03	1.12360E+01	1.18067E+01
5.00000E-03	1.15169E+01	1.22112E+01
5.00000E-03	1.17978E+01	1.26039E+01
5.00000E-03	1.20787E+01	1.30160E+01
5.00000E-03	1.23596E+01	1.34295E+01
5.00000E-03	1.26404E+01	1.38593E+01
5.00000E-03	1.29213E+01	1.43488E+01
5.00000E-03	1.32022E+01	1.48662E+01
5.00000E-03	1.34831E+01	1.54467E+01
5.00000E-03	1.37640E+01	1.60448E+01
5.00000E-03	1.40449E+01	1.67263E+01
5.00000E-03	1.43258E+01	1.73698E+01
5.00000E-03	1.46067E+01	1.80797E+01
5.00000E-03	1.48876E+01	1.87680E+01
5.00000E-03	1.51685E+01	1.95112E+01
5.00000E-03	1.54494E+01	2.02493E+01
5.00000E-03	1.57303E+01	2.10207E+01
5.00000E-03	1.60112E+01	2.17782E+01
5.00000E-03	1.62921E+01	2.25689E+01
5.00000E-03	1.65730E+01	2.33760E+01
5.00000E-03	1.68539E+01	2.41742E+01
5.00000E-03	1.71348E+01	2.49803E+01
5.00000E-03	1.74157E+01	2.57517E+01
5.00000E-03	1.76966E+01	2.65235E+01
5.00000E-03	1.79775E+01	2.72825E+01
5.00000E-03	1.82584E+01	2.80401E+01
5.00000E-03	1.85393E+01	2.87154E+01
5.00000E-03	1.88202E+01	2.93810E+01
5.00000E-03	1.91011E+01	3.00117E+01
5.00000E-03	1.93820E+01	3.05848E+01
5.00000E-03	1.96629E+01	3.11659E+01
5.00000E-03	1.99438E+01	3.16967E+01
5.00000E-03	2.02247E+01	3.21871E+01
5.00000E-03	2.05056E+01	3.26243E+01
5.00000E-03	2.07865E+01	3.30722E+01
5.00000E-03	2.10674E+01	3.34423E+01
5.00000E-03	2.13483E+01	3.38063E+01
5.00000E-03	2.16292E+01	3.40998E+01
5.00000E-03	2.19101E+01	3.43917E+01
5.00000E-03	2.21910E+01	3.46609E+01
5.00000E-03	2.24719E+01	3.48622E+01
5.00000E-03	2.27528E+01	3.50293E+01
5.00000E-03	2.30337E+01	3.52113E+01
5.00000E-03	2.33146E+01	3.53273E+01
5.00000E-03	2.35955E+01	3.53951E+01
5.00000E-03	2.38764E+01	3.54639E+01
5.00000E-03	2.41573E+01	3.55392E+01
5.00000E-03	2.44382E+01	3.55413E+01
5.00000E-03	2.47191E+01	3.55367E+01
5.00000E-03	2.50000E+01	3.55120E+01
1.00000E-02	0.00000E+00	9.17933E-01
1.00000E-02	2.80899E-01	1.32667E-01
1.00000E-02	5.61798E-01	1.03698E-01
1.00000E-02	8.42697E-01	8.66868E-02
1.00000E-02	1.12360E+00	7.23229E-02
1.00000E-02	1.40449E+00	6.27563E-02
1.00000E-02	1.68539E+00	5.69599E-02
1.00000E-02	1.96629E+00	5.36923E-02
1.00000E-02	2.24719E+00	3.86503E+00
1.00000E-02	2.52809E+00	5.35645E+00
1.00000E-02	2.80899E+00	5.78375E+00
1.00000E-02	3.08989E+00	5.94037E+00
1.00000E-02	3.37079E+00	5.82433E+00
1.00000E-02	3.65169E+00	5.69575E+00
1.00000E-02	3.93258E+00	5.51239E+00
1.00000E-02	4.21348E+00	5.41805E+00
1.00000E-02	4.49438E+00	5.33248E+00
1.00000E-02	4.77528E+00	5.33833E+00
1.00000E-02	5.05618E+00	5.43467E+00
1.00000E-02	5.33708E+00	5.58643E+00
1.00000E-02	5.61798E+00	5.87714E+00
1.00000E-02	5.89888E+00	6.20084E+00
1.00000E-02	6.17978E+00	6.69494E+00
1.00000E-02	6.46067E+00	7.15035E+00
1.00000E-02	6.74157E+00	7.72643E+00
1.00000E-02	7.02247E+00	8.25013E+00
1.00000E-02	7.30337E+00	8.83718E+00
1.00000E-02	7.58427E+00	9.34386E+00
1.00000E-02	7.86517E+00	9.89224E+00
1.00000E-02	8.14607E+00	1.03736E+01
1.00000E-02	8.42697E+00	1.08922E+01
1.00000E-02	8.70787E+00	1.13721E+01
1.00000E-02	8.98876E+00	1.18735E+01
1.00000E-02	9.26966E+00	1.23651E+01
1.00000E-02	9.55056E+00	1.28818E+01
1.00000E-02	9.83146E+00	1.34337E+01
1.00000E-02	1.01124E+01	1.39768E+01
1.00000E-02	1.03933E+01	1.45643E+01
1.00000E-02	1.06742E+01	1.51307E+01
1.00000E-02	1.09551E+01	1.57189E+01
1.00000E-02	1.12360E+01	1.62660E+01
1.00000E-02	1.15169E+01	1.68243E+01
1.00000E-02	1.17978E+01	1.73685E+01
1.00000E-02	1.20787E+01	1.79336E+01
1.00000E-02	1.23596E+01	1.85042E+01
1.00000E-02	1.26404E+01	1.91010E+01
1.00000E-02	1.29213E+01	1.97768E+01
1.00000E-02	1.32022E+01	2.04865E+01
1.00000E-02	1.34831E+01	2.12904E+01
1.00000E-02	1.37640E+01	2.21160E+01
1.00000E-02	1.40449E+01	2.30474E+01
1.00000E-02	1.43258E+01	2.39379E+01
1.00000E-02	1.46067E+01	2.49147E+01
1.00000E-02	1.48876E+01	2.58664E+01
1.00000E-02	1.51685E+01	2.68878E+01
1.00000E-02	1.54494E+01	2.79043E+01
1.00000E-02	1.57303E+01	2.89642E+01
1.00000E-02	1.60112E+01	3.00142E+01
1.00000E-02	1.62921E+01	3.11038E+01
1.00000E-02	1.65730E+01	3.22072E+01
1.00000E-02	1.68539E+01	3.33134E+01
1.00000E-02	1.71348E+01	3.44238E+01
1.00000E-02	1.74157E+01	3.54900E+01
1.00000E-02	1.76966E+01	3.65536E+01
1.00000E-02	1.79775E+01	3.75965E+01
1.00000E-02	1.82584E+01	3.86317E+01
1.00000E-02	1.85393E+01	3.95718E+01
1.00000E-02	1.88202E+01	4.04923E+01
1.00000E-02	1.91011E+01	4.13572E+01
1.00000E-02	1.93820E+01	4.21495E+01
1.00000E-02	1.96629E+01	4.29479E+01
1.00000E-02	1.99438E+01	4.36774E+01
1.00000E-02	2.02247E+01	4.43534E+01
1.00000E-02	2.05056E+01	4.49611E+01
1.00000E-02	2.07865E+01	4.55650E+01
1.00000E-02	2.10674E+01	4.60868E+01
1.00000E-02	2.13483E+01	4.65863E+01
1.00000E-02	2.16292E+01	4.69928E+01
1.00000E-02	2.19101E+01	4.73936E+01
1.00000E-02	2.21910E+01	4.77642E+01
1.00000E-02	2.24719E+01	4.80412E+01
1.00000E-02	2.27528E+01	4.82728E+01
1.00000E-02	2.30337E+01	4.85182E+01
1.00000E-02	2.33146E+01	4.86787E+01
1.00000E-02	2.35955E+01	4.87763E+01
1.00000E-02	2.38764E+01	4.88742E+01
1.00000E-02	2.41573E+01	4.89686E+01
1.00000E-02	2.44382E+01	4.89774E+01
1.00000E-02	2.47191E+01	4.89709E+01
1.00000E-02	2.50000E+01	4.89371E+01
5.00000E-02	0.00000E+00	9.31010E-01
5.00000E-02	2.80899E-01	2.62402E-01
5.00000E-02	5.61798E-01	2.05135E-01
5.00000E-02	8.42697E-01	1.71477E-01
5.00000E-02	1.12360E+00	1.43065E-01
5.00000E-02	1.40449E+00	1.24141E-01
5.00000E-02	1.68539E+00	1.12675E-01
5.00000E-02	1.96629E+00	1.06415E-01
5.00000E-02	2.24719E+00	7.64388E+00
5.00000E-02	2.52809E+00	1.05952E+01
5.00000E-02	2.80899E+00	1.14419E+01
5.00000E-02	3.08989E+00	1.17506E+01
5.00000E-02	3.37079E+00	1.15211E+01
5.00000E-02	3.65169E+00	1.12669E+01
5.00000E-02	3.93258E+00	1.09046E+01
5.00000E-02	4.21348E+00	1.07176E+01
5.00000E-02	4.49438E+00	1.05482E+01
5.00000E-02	4.77528E+00	1.05599E+01
5.00000E-02	5.05618E+00	1.07505E+01
5.00000E-02	5.33708E+00	1.10506E+01
5.00000E-02	5.61798E+00	1.16259E+01
5.00000E-02	5.89888E+00	1.22671E+01
5.00000E-02	6.17978E+00	1.32432E+01
5.00000E-02	6.46067E+00	1.41448E+01
5.00000E-02	6.74157E+00	1.52835E+01
5.00000E-02	7.02247E+00	1.63198E+01
5.00000E-02	7.30337E+00	1.74811E+01
5.00000E-02	7.58427E+00	1.84835E+01
5.00000E-02	7.86517E+00	1.95682E+01
5.00000E-02	8.14607E+00	2.05184E+01
5.00000E-02	8.42697E+00	2.15451E+01
5.00000E-02	8.70787E+00	2.24966E+01
5.00000E-02	8.98876E+00	2.34877E+01
5.00000E-02	9.26966E+00	2.44591E+01
5.00000E-02	9.55056E+00	2.54818E+01
5.00000E-02	9.83146E+00	2.65716E+01
5.00000E-02	1.01124E+01	2.76455E+01
5.00000E-02	1.03933E+01	2.88106E+01
5.00000E-02	1.06742E+01	2.99261E+01
5.00000E-02	1.09551E+01	3.11014E+01
5.00000E-02	1.12360E+01	3.21709E+01
5.00000E-02	1.15169E+01	3.32769E+01
5.00000E-02	1.17978E+01	3.43571E+01
5.00000E-02	1.20787E+01	3.54722E+01
5.00000E-02	1.23596E+01	3.65953E+01
5.00000E-02	1.26404E+01	3.77933E+01
5.00000E-02	1.29213E+01	3.91245E+01
5.00000E-02	1.32022E+01	4.05254E+01
5.00000E-02	1.34831E+01	4.21204E+01
5.00000E-02	1.37640E+01	4.37562E+01
5.00000E-02	1.40449E+01	4.55807E+01
5.00000E-02	1.43258E+01	4.73587E+01
5.00000E-02	1.46067E+01	4.92766E+01
5.00000E-02	1.48876E+01	5.11710E+01
5.00000E-02	1.51685E+01	5.31900E+01
5.00000E-02	1.54494E+01	5.51917E+01
5.00000E-02	1.57303E+01	5.72844E+01
5.00000E-02	1.60112E+01	5.93835E+01
5.00000E-02	1.62921E+01	6.15295E+01
5.00000E-02	1.65730E+01	6.36990E+01
5.00000E-02	1.68539E+01	6.59005E+01
5.00000E-02	1.71348E+01	6.80736E+01
5.00000E-02	1.74157E+01	7.02056E+01
5.00000E-02	1.76966E+01	7.23098E+01
5.00000E-02	1.79775E+01	7.43679E+01
5.00000E-02	1.82584E+01	7.63733E+01
5.00000E-02	1.85393E+01	7.82828E+01
5.00000E-02	1.88202E+01	8.01073E+01
5.00000E-02	1.91011E+01	8.18102E+01
5.00000E-02	1.93820E+01	8.34221E+01
5.00000E-02	1.96629E+01	8.49505E+01
5.00000E-02	1.99438E+01	8.63961E+01
5.00000E-02	2.02247E+01	8.77188E+01
5.00000E-02	2.05056E+01	8.89429E+01
5.00000E-02	2.07865E+01	9.00971E+01
5.00000E-02	2.10674E+01	9.12009E+01
5.00000E-02	2.13483E+01	9.21387E+01
5.00000E-02	2.16292E+01	9.29777E+01
5.00000E-02	2.19101E+01	9.37730E+01
5.00000E-02	2.21910E+01	9.44721E+01
5.00000E-02	2.24719E+01	9.50217E+01
5.00000E-02	2.27528E+01	9.55105E+01
5.00000E-02	2.30337E+01	9.59563E+01
5.00000E-02	2.33146E+01	9.62846E+01
5.00000E-02	2.35955E+01	9.65047E+01
5.00000E-02	2.38764E+01	9.66929E+01
5.00000E-02	2.41573E+01	9.68528E+01
5.00000E-02	2.44382E+01	9.68870E+01
5.00000E-02	2.47191E+01	9.68546E+01
5.00000E-02	2.50000E+01	9.68041E+01
1.00000E-01	0.00000E+00	9.36992E-01
1.00000E-01	2.80899E-01	3.39262E-01
1.00000E-01	5.61798E-01	2.65396E-01
1.00000E-01	8.42697E-01	2.21833E-01
1.00000E-01	1.12360E+00	1.85082E-01
1.00000E-01	1.40449E+00	1.60602E-01
1.00000E-01	1.68539E+00	1.45772E-01
1.00000E-01	1.96629E+00	1.52081E-01
1.00000E-01	2.24719E+00	9.88254E+00
1.00000E-01	2.52809E+00	1.37046E+01
1.00000E-01	2.80899E+00	1.48048E+01
1.00000E-01	3.08989E+00	1.52007E+01
1.00000E-01	3.37079E+00	1.49043E+01
1.00000E-01	3.65169E+00	1.45755E+01
1.00000E-01	3.93258E+00	1.41082E+01
1.00000E-01	4.21348E+00	1.38651E+01
1.00000E-01	4.49438E+00	1.36464E+01
1.00000E-01	4.77528E+00	1.36612E+01
1.00000E-01	5.05618E+00	1.39077E+01
1.00000E-01	5.33708E+00	1.42961E+01
1.00000E-01	5.61798E+00	1.50404E+01
1.00000E-01	5.89888E+00	1.58732E+01
1.00000E-01	6.17978E+00	1.71325E+01
1.00000E-01	6.46067E+00	1.83006E+01
1.00000E-01	6.74157E+00	1.97722E+01
1.00000E-01	7.02247E+00	2.11135E+01
1.00000E-01	7.30337E+00	2.26152E+01
1.00000E-01	7.58427E+00	2.39125E+01
1.00000E-01	7.86517E+00	2.53152E+01
1.00000E-01	8.14607E+00	2.65446E+01
1.00000E-01	8.42697E+00	2.78727E+01
1.00000E-01	8.70787E+00	2.91047E+01
1.00000E-01	8.98876E+00	3.03861E+01
1.00000E-01	9.26966E+00	3.16431E+01
1.00000E-01	9.55056E+00	3.29666E+01
1.00000E-01	9.83146E+00	3.43763E+01
1.00000E-01	1.01124E+01	3.57656E+01
1.00000E-01	1.03933E+01	3.72723E+01
1.00000E-01	1.06742E+01	3.87161E+01
1.00000E-01	1.09551E+01	4.02359E+01
1.00000E-01	1.12360E+01	4.16198E+01
1.00000E-01	1.15169E+01	4.30506E+01
1.00000E-01	1.17978E+01	4.44482E+01
1.00000E-01	1.20787E+01	4.58904E+01
1.00000E-01	1.23596E+01	4.73436E+01
1.00000E-01	1.26404E+01	4.88939E+01
1.00000E-01	1.29213E+01	5.06157E+01
1.00000E-01	1.32022E+01	5.24284E+01
1.00000E-01	1.34831E+01	5.44913E+01
1.00000E-01	1.37640E+01	5.66083E+01
1.00000E-01	1.40449E+01	5.89678E+01
1.00000E-01	1.43258E+01	6.12687E+01
1.00000E-01	1.46067E+01	6.37482E+01
1.00000E-01	1.48876E+01	6.62004E+01
1.00000E-01	1.51685E+01	6.88119E+01
1.00000E-01	1.54494E+01	7.14020E+01
1.00000E-01	1.57303E+01	7.41091E+01
1.00000E-01	1.60112E+01	7.68247E+01
1.00000E-01	1.62921E+01	7.96010E+01
1.00000E-01	1.65730E+01	8.24079E+01
1.00000E-01	1.68539E+01	8.52558E+01
1.00000E-01	1.71348E+01	8.80653E+01
1.00000E-01	1.74157E+01	9.08252E+01
1.00000E-01	1.76966E+01	9.35473E+01
1.00000E-01	1.79775E+01	9.62099E+01
1.00000E-01	1.82584E+01	9.88026E+01
1.00000E-01	1.85393E+01	1.01275E+02
1.00000E-01	1.88202E+01	1.03635E+02
1.00000E-01	1.91011E+01	1.05838E+02
1.00000E-01	1.93820E+01	1.07926E+02
1.00000E-01	1.96629E+01	1.09900E+02
1.00000E-01	1.99438E+01	1.11770E+02
1.00000E-01	2.02247E+01	1.13482E+02
1.00000E-01	2.05056E+01	1.15066E+02
1.00000E-01	2.07865E+01	1.16557E+02
1.00000E-01	2.10674E+01	1.17988E+02
1.00000E-01	2.13483E+01	1.19199E+02
1.00000E-01	2.16292E+01	1.20286E+02
1.00000E-01	2.19101E+01	1.21316E+02
1.00000E-01	2.21910E+01	1.22217E+02
1.00000E-01	2.24719E+01	1.22929E+02
1.00000E-01	2.27528E+01	1.23563E+02
1.00000E-01	2.30337E+01	1.24138E+02
1.00000E-01	2.33146E+01	1.24563E+02
1.00000E-01	2.35955E+01	1.24850E+02
1.00000E-01	2.38764E+01	1.25092E+02
1.00000E-01	2.41573E+01	1.25298E+02
1.00000E-01	2.44382E+01	1.25343E+02
1.00000E-01	2.47191E+01	1.25300E+02
1.00000E-01	2.50000E+01	1.25236E+02
2.00000E-01	0.00000E+00	9.38147E-01
2.00000E-01	2.80899E-01	4.34018E-01
2.00000E-01	5.61798E-01	3.40783E-01
2.00000E-01	8.42697E-01	2.84802E-01
2.00000E-01	1.12360E+00	2.37653E-01
2.00000E-01	1.40449E+00	2.06235E-01
2.00000E-01	1.68539E+00	1.87203E-01
2.00000E-01	1.96629E+00	3.84507E-01
2.00000E-01	2.24719E+00	1.26630E+01
2.00000E-01	2.52809E+00	1.75861E+01
2.00000E-01	2.80899E+00	1.90167E+01
2.00000E-01	3.08989E+00	1.95143E+01
2.00000E-01	3.37079E+00	1.91369E+01
2.00000E-01	3.65169E+00	1.87144E+01
2.00000E-01	3.93258E+00	1.81199E+01
2.00000E-01	4.21348E+00	1.78032E+01
2.00000E-01	4.49438E+00	1.75256E+01
2.00000E-01	4.77528E+00	1.75421E+01
2.00000E-01	5.05618E+00	1.78586E+01
2.00000E-01	5.33708E+00	1.83593E+01
2.00000E-01	5.61798E+00	1.93135E+01
2.00000E-01	5.89888E+00	2.03942E+01
2.00000E-01	6.17978E+00	2.19993E+01
2.00000E-01	6.46067E+00	2.35058E+01
2.00000E-01	6.74157E+00	2.53891E+01
2.00000E-01	7.02247E+00	2.71162E+01
2.00000E-01	7.30337E+00	2.90400E+01
2.00000E-01	7.58427E+00	3.07092E+01
2.00000E-01	7.86517E+00	3.25068E+01
2.00000E-01	8.14607E+00	3.40871E+01
2.00000E-01	8.42697E+00	3.57911E+01
2.00000E-01	8.70787E+00	3.73773E+01
2.00000E-01	8.98876E+00	3.90199E+01
2.00000E-01	9.26966E+00	4.06353E+01
2.00000E-01	9.55056E+00	4.23358E+01
2.00000E-01	9.83146E+00	4.41451E+01
2.00000E-01	1.01124E+01	4.59297E+01
2.00000E-01	1.03933E+01	4.78619E+01
2.00000E-01	1.06742E+01	4.97186E+01
2.00000E-01	1.09551E+01	5.16673E+01
2.00000E-01	1.12360E+01	5.34463E+01
2.00000E-01	1.15169E+01	5.52829E+01
2.00000E-01	1.17978E+01	5.70783E+01
2.00000E-01	1.20787E+01	5.89284E+01
2.00000E-01	1.23596E+01	6.07959E+01
2.00000E-01	1.26404E+01	6.27880E+01
2.00000E-01	1.29213E+01	6.49975E+01
2.00000E-01	1.32022E+01	6.73274E+01
2.00000E-01	1.34831E+01	6.99738E+01
2.00000E-01	1.37640E+01	7.26953E+01
2.00000E-01	1.40449E+01	7.57212E+01
2.00000E-01	1.43258E+01	7.86789E+01
2.00000E-01	1.46067E+01	8.18596E+01
2.00000E-01	1.48876E+01	8.50113E+01
2.00000E-01	1.51685E+01	8.83621E+01
2.00000E-01	1.54494E+01	9.16904E+01
2.00000E-01	1.57303E+01	9.51654E+01
2.00000E-01	1.60112E+01	9.86529E+01
2.00000E-01	1.62921E+01	1.02218E+02
2.00000E-01	1.65730E+01	1.05823E+02
2.00000E-01	1.68539E+01	1.09479E+02
2.00000E-01	1.71348E+01	1.13086E+02
2.00000E-01	1.74157E+01	1.16630E+02
2.00000E-01	1.76966E+01	1.20126E+02
2.00000E-01	1.79775E+01	1.23545E+02
2.00000E-01	1.82584E+01	1.26874E+02
2.00000E-01	1.85393E+01	1.30048E+02
2.00000E-01	1.88202E+01	1.33078E+02
2.00000E-01	1.91011E+01	1.35908E+02
2.00000E-01	1.93820E+01	1.38589E+02
2.00000E-01	1.96629E+01	1.41124E+02
2.00000E-01	1.99438E+01	1.43525E+02
2.00000E-01	2.02247E+01	1.45723E+02
2.00000E-01	2.05056E+01	1.47757E+02
2.00000E-01	2.07865E+01	1.49673E+02
2.00000E-01	2.10674E+01	1.51508E+02
2.00000E-01	2.13483E+01	1.53065E+02
2.00000E-01	2.16292E+01	1.54460E+02
2.00000E-01	2.19101E+01	1.55783E+02
2.00000E-01	2.21910E+01	1.56939E+02
2.00000E-01	2.24719E+01	1.57855E+02
2.00000E-01	2.27528E+01	1.58668E+02
2.00000E-01	2.30337E+01	1.59407E+02
2.00000E-01	2.33146E+01	1.59953E+02
2.00000E-01	2.35955E+01	1.60321E+02
2.00000E-01	2.38764E+01	1.60632E+02
2.00000E-01	2.41573E+01	1.60896E+02
2.00000E-01	2.44382E+01	1.60954E+02
2.00000E-01	2.47191E+01	1.60898E+02
2.00000E-01	2.50000E+01	1.60816E+02
2.50000E-01	0.00000E+00	9.37580E-01
2.50000E-01	2.80899E-01	4.69261E-01
2.50000E-01	5.61798E-01	3.69622E-01
2.50000E-01	8.42697E-01	3.08915E-01
2.50000E-01	1.12360E+00	2.57811E-01
2.50000E-01	1.40449E+00	2.23742E-01
2.50000E-01	1.68539E+00	2.03107E-01
2.50000E-01	1.96629E+00	5.82536E-01
2.50000E-01	2.24719E+00	1.37177E+01
2.50000E-01	2.52809E+00	1.90691E+01
2.50000E-01	2.80899E+00	2.06329E+01
2.50000E-01	3.08989E+00	2.11665E+01
2.50000E-01	3.37079E+00	2.07609E+01
2.50000E-01	3.65169E+00	2.03013E+01
2.50000E-01	3.93258E+00	1.96601E+01
2.50000E-01	4.21348E+00	1.93134E+01
2.50000E-01	4.49438E+00	1.90150E+01
2.50000E-01	4.77528E+00	1.90315E+01
2.50000E-01	5.05618E+00	1.93747E+01
2.50000E-01	5.33708E+00	1.99200E+01
2.50000E-01	5.61798E+00	2.09529E+01
2.50000E-01	5.89888E+00	2.21321E+01
2.50000E-01	6.17978E+00	2.38663E+01
2.50000E-01	6.46067E+00	2.55052E+01
2.50000E-01	6.74157E+00	2.75438E+01
2.50000E-01	7.02247E+00	2.94213E+01
2.50000E-01	7.30337E+00	3.15047E+01
2.50000E-01	7.58427E+00	3.33186E+01
2.50000E-01	7.86517E+00	3.52656E+01
2.50000E-01	8.14607E+00	3.69819E+01
2.50000E-01	8.42697E+00	3.88289E+01
2.50000E-01	8.70787E+00	4.05526E+01
2.50000E-01	8.98876E+00	4.23328E+01
2.50000E-01	9.26966E+00	4.40863E+01
2.50000E-01	9.55056E+00	4.59316E+01
2.50000E-01	9.83146E+00	4.78936E+01
2.50000E-01	1.01124E+01	4.98305E+01
2.50000E-01	1.03933E+01	5.19247E+01
2.50000E-01	1.06742E+01	5.39411E+01
2.50000E-01	1.09551E+01	5.60530E+01
2.50000E-01	1.12360E+01	5.79844E+01
2.50000E-01	1.15169E+01	5.99763E+01
2.50000E-01	1.17978E+01	6.19249E+01
2.50000E-01	1.20787E+01	6.39307E+01
2.50000E-01	1.23596E+01	6.59577E+01
2.50000E-01	1.26404E+01	6.81199E+01
2.50000E-01	1.29213E+01	7.05158E+01
2.50000E-01	1.32022E+01	7.30454E+01
2.50000E-01	1.34831E+01	7.59141E+01
2.50000E-01	1.37640E+01	7.88690E+01
2.50000E-01	1.40449E+01	8.21489E+01
2.50000E-01	1.43258E+01	8.53599E+01
2.50000E-01	1.46067E+01	8.88081E+01
2.50000E-01	1.48876E+01	9.22297E+01
2.50000E-01	1.51685E+01	9.58628E+01
2.50000E-01	1.54494E+01	9.94754E+01
2.50000E-01	1.57303E+01	1.03244E+02
2.50000E-01	1.60112E+01	1.07028E+02
2.50000E-01	1.62921E+01	1.10895E+02
2.50000E-01	1.65730E+01	1.14807E+02
2.50000E-01	1.68539E+01	1.18773E+02
2.50000E-01	1.71348E+01	1.22686E+02
2.50000E-01	1.74157E+01	1.26531E+02
2.50000E-01	1.76966E+01	1.30323E+02
2.50000E-01	1.79775E+01	1.34032E+02
2.50000E-01	1.82584E+01	1.37643E+02
2.50000E-01	1.85393E+01	1.41088E+02
2.50000E-01	1.88202E+01	1.44374E+02
2.50000E-01	1.91011E+01	1.47444E+02
2.50000E-01	1.93820E+01	1.50353E+02
2.50000E-01	1.96629E+01	1.53104E+02
2.50000E-01	1.99438E+01	1.55707E+02
2.50000E-01	2.02247E+01	1.58093E+02
2.50000E-01	2.05056E+01	1.60299E+02
2.50000E-01	2.07865E+01	1.62378E+02
2.50000E-01	2.10674E+01	1.64368E+02
2.50000E-01	2.13483E+01	1.66058E+02
2.50000E-01	2.16292E+01	1.67572E+02
2.50000E-01	2.19101E+01	1.69006E+02
2.50000E-01	2.21910E+01	1.70260E+02
2.50000E-01	2.24719E+01	1.71254E+02
2.50000E-01	2.27528E+01	1.72137E+02
2.50000E-01	2.30337E+01	1.72937E+02
2.50000E-01	2.33146E+01	1.73530E+02
2.50000E-01	2.35955E+01	1.73929E+02
2.50000E-01	2.38764E+01	1.74267E+02
2.50000E-01	2.41573E+01	1.74553E+02
2.50000E-01	2.44382E+01	1.74616E+02
2.50000E-01	2.47191E+01	1.74556E+02
2.50000E-01	2.50000E+01	1.74467E+02
3.00000E-01	0.00000E+00	9.36940E-01
3.00000E-01	2.80899E-01	4.99729E-01
3.00000E-01	5.61798E-01	3.95138E-01
3.00000E-01	8.42697E-01	3.30303E-01
3.00000E-01	1.12360E+00	2.75716E-01
3.00000E-01	1.40449E+00	2.39303E-01
3.00000E-01	1.68539E+00	2.17264E-01
3.00000E-01	1.96629E+00	8.23063E-01
3.00000E-01	2.24719E+00	1.46456E+01
3.00000E-01	2.52809E+00	2.03825E+01
3.00000E-01	2.80899E+00	2.20692E+01
3.00000E-01	3.08989E+00	2.26333E+01
3.00000E-01	3.37079E+00	2.22049E+01
3.00000E-01	3.65169E+00	2.17110E+01
3.00000E-01	3.93258E+00	2.10299E+01
3.00000E-01	4.21348E+00	2.06555E+01
3.00000E-01	4.49438E+00	2.03397E+01
3.00000E-01	4.77528E+00	2.03561E+01
3.00000E-01	5.05618E+00	2.07228E+01
3.00000E-01	5.33708E+00	2.13088E+01
3.00000E-01	5.61798E+00	2.24103E+01
3.00000E-01	5.89888E+00	2.36788E+01
3.00000E-01	6.17978E+00	2.55257E+01
3.00000E-01	6.46067E+00	2.72841E+01
3.00000E-01	6.74157E+00	2.94590E+01
3.00000E-01	7.02247E+00	3.14716E+01
3.00000E-01	7.30337E+00	3.36954E+01
3.00000E-01	7.58427E+00	3.56393E+01
3.00000E-01	7.86517E+00	3.77176E+01
3.00000E-01	8.14607E+00	3.95559E+01
3.00000E-01	8.42697E+00	4.15292E+01
3.00000E-01	8.70787E+00	4.33758E+01
3.00000E-01	8.98876E+00	4.52780E+01
3.00000E-01	9.26966E+00	4.71546E+01
3.00000E-01	9.55056E+00	4.91287E+01
3.00000E-01	9.83146E+00	5.12259E+01
3.00000E-01	1.01124E+01	5.32990E+01
3.00000E-01	1.03933E+01	5.55362E+01
3.00000E-01	1.06742E+01	5.76953E+01
3.00000E-01	1.09551E+01	5.99513E+01
3.00000E-01	1.12360E+01	6.20188E+01
3.00000E-01	1.15169E+01	6.41485E+01
3.00000E-01	1.17978E+01	6.62336E+01
3.00000E-01	1.20787E+01	6.83774E+01
3.00000E-01	1.23596E+01	7.05466E+01
3.00000E-01	1.26404E+01	7.28602E+01
3.00000E-01	1.29213E+01	7.54215E+01
3.00000E-01	1.32022E+01	7.81293E+01
3.00000E-01	1.34831E+01	8.11947E+01
3.00000E-01	1.37640E+01	8.43581E+01
3.00000E-01	1.40449E+01	8.78625E+01
3.00000E-01	1.43258E+01	9.12995E+01
3.00000E-01	1.46067E+01	9.49846E+01
3.00000E-01	1.48876E+01	9.86470E+01
3.00000E-01	1.51685E+01	1.02530E+02
3.00000E-01	1.54494E+01	1.06396E+02
3.00000E-01	1.57303E+01	1.10426E+02
3.00000E-01	1.60112E+01	1.14474E+02
3.00000E-01	1.62921E+01	1.18609E+02
3.00000E-01	1.65730E+01	1.22794E+02
3.00000E-01	1.68539E+01	1.27035E+02
3.00000E-01	1.71348E+01	1.31220E+02
3.00000E-01	1.74157E+01	1.35332E+02
3.00000E-01	1.76966E+01	1.39387E+02
3.00000E-01	1.79775E+01	1.43355E+02
3.00000E-01	1.82584E+01	1.47216E+02
3.00000E-01	1.85393E+01	1.50900E+02
3.00000E-01	1.88202E+01	1.54415E+02
3.00000E-01	1.91011E+01	1.57699E+02
3.00000E-01	1.93820E+01	1.60810E+02
3.00000E-01	1.96629E+01	1.63752E+02
3.00000E-01	1.99438E+01	1.66536E+02
3.00000E-01	2.02247E+01	1.69088E+02
3.00000E-01	2.05056E+01	1.71448E+02
3.00000E-01	2.07865E+01	1.73672E+02
3.00000E-01	2.10674E+01	1.75799E+02
3.00000E-01	2.13483E+01	1.77607E+02
3.00000E-01	2.16292E+01	1.79226E+02
3.00000E-01	2.19101E+01	1.80759E+02
3.00000E-01	2.21910E+01	1.82101E+02
3.00000E-01	2.24719E+01	1.83165E+02
3.00000E-01	2.27528E+01	1.84109E+02
3.00000E-01	2.30337E+01	1.84965E+02
3.00000E-01	2.33146E+01	1.85598E+02
3.00000E-01	2.35955E+01	1.86026E+02
3.00000E-01	2.38764E+01	1.86388E+02
3.00000E-01	2.41573E+01	1.86692E+02
3.00000E-01	2.44382E+01	1.86761E+02
3.00000E-01	2.47191E+01	1.86696E+02
3.00000E-01	2.50000E+01	1.86601E+02
4.00000E-01	0.00000E+00	9.35830E-01
4.00000E-01	2.80899E-01	5.50968E-01
4.00000E-01	5.61798E-01	4.39072E-01
4.00000E-01	8.42697E-01	3.67372E-01
4.00000E-01	1.12360E+00	3.06857E-01
4.00000E-01	1.40449E+00	2.66408E-01
4.00000E-01	1.68539E+00	2.42404E-01
4.00000E-01	1.96629E+00	1.39771E+00
4.00000E-01	2.24719E+00	1.62302E+01
4.00000E-01	2.52809E+00	2.26557E+01
4.00000E-01	2.80899E+00	2.45697E+01
4.00000E-01	3.08989E+00	2.51827E+01
4.00000E-01	3.37079E+00	2.47220E+01
4.00000E-01	3.65169E+00	2.41646E+01
4.00000E-01	3.93258E+00	2.34189E+01
4.00000E-01	4.21348E+00	2.29929E+01
4.00000E-01	4.49438E+00	2.26499E+01
4.00000E-01	4.77528E+00	2.26662E+01
4.00000E-01	5.05618E+00	2.30731E+01
4.00000E-01	5.33708E+00	2.37330E+01
4.00000E-01	5.61798E+00	2.49504E+01
4.00000E-01	5.89888E+00	2.63789E+01
4.00000E-01	6.17978E+00	2.84170E+01
4.00000E-01	6.46067E+00	3.03886E+01
4.00000E-01	6.74157E+00	3.27955E+01
4.00000E-01	7.02247E+00	3.50479E+01
4.00000E-01	7.30337E+00	3.75116E+01
4.00000E-01	7.58427E+00	3.96863E+01
4.00000E-01	7.86517E+00	4.19892E+01
4.00000E-01	8.14607E+00	4.40438E+01
4.00000E-01	8.42697E+00	4.62340E+01
4.00000E-01	8.70787E+00	4.82969E+01
4.00000E-01	8.98876E+00	5.04107E+01
4.00000E-01	9.26966E+00	5.25026E+01
4.00000E-01	9.55056E+00	5.47015E+01
4.00000E-01	9.83146E+00	5.70328E+01
4.00000E-01	1.01124E+01	5.93450E+01
4.00000E-01	1.03933E+01	6.18291E+01
4.00000E-01	1.06742E+01	6.42388E+01
4.00000E-01	1.09551E+01	6.67436E+01
4.00000E-01	1.12360E+01	6.90499E+01
4.00000E-01	1.15169E+01	7.14187E+01
4.00000E-01	1.17978E+01	7.37428E+01
4.00000E-01	1.20787E+01	7.61260E+01
4.00000E-01	1.23596E+01	7.85438E+01
4.00000E-01	1.26404E+01	8.11223E+01
4.00000E-01	1.29213E+01	8.39703E+01
4.00000E-01	1.32022E+01	8.69912E+01
4.00000E-01	1.34831E+01	9.03965E+01
4.00000E-01	1.37640E+01	9.39259E+01
4.00000E-01	1.40449E+01	9.78183E+01
4.00000E-01	1.43258E+01	1.01652E+02
4.00000E-01	1.46067E+01	1.05747E+02
4.00000E-01	1.48876E+01	1.09832E+02
4.00000E-01	1.51685E+01	1.14148E+02
4.00000E-01	1.54494E+01	1.18458E+02
4.00000E-01	1.57303E+01	1.22940E+02
4.00000E-01	1.60112E+01	1.27448E+02
4.00000E-01	1.62921E+01	1.32052E+02
4.00000E-01	1.65730E+01	1.36711E+02
4.00000E-01	1.68539E+01	1.41431E+02
4.00000E-01	1.71348E+01	1.46090E+02
4.00000E-01	1.74157E+01	1.50667E+02
4.00000E-01	1.76966E+01	1.55182E+02
4.00000E-01	1.79775E+01	1.59598E+02
4.00000E-01	1.82584E+01	1.63897E+02
4.00000E-01	1.85393E+01	1.67998E+02
4.00000E-01	1.88202E+01	1.71909E+02
4.00000E-01	1.91011E+01	1.75567E+02
4.00000E-01	1.93820E+01	1.79030E+02
4.00000E-01	1.96629E+01	1.82306E+02
4.00000E-01	1.99438E+01	1.85404E+02
4.00000E-01	2.02247E+01	1.88245E+02
4.00000E-01	2.05056E+01	1.90873E+02
4.00000E-01	2.07865E+01	1.93350E+02
4.00000E-01	2.10674E+01	1.95713E+02
4.00000E-01	2.13483E+01	1.97729E+02
4.00000E-01	2.16292E+01	1.99534E+02
4.00000E-01	2.19101E+01	2.01238E+02
4.00000E-01	2.21910E+01	2.02730E+02
4.00000E-01	2.24719E+01	2.03917E+02
4.00000E-01	2.27528E+01	2.04970E+02
4.00000E-01	2.30337E+01	2.05920E+02
4.00000E-01	2.33146E+01	2.06624E+02
4.00000E-01	2.35955E+01	2.07102E+02
4.00000E-01	2.38764E+01	2.07506E+02
4.00000E-01	2.41573E+01	2.07842E+02
4.00000E-01	2.44382E+01	2.07920E+02
4.00000E-01	2.47191E+01	2.07849E+02
4.00000E-01	2.50000E+01	2.07742E+02
5.00000E-01	0.00000E+00	9.35029E-01
5.00000E-01	2.80899E-01	5.94409E-01
5.00000E-01	5.61798E-01	4.76067E-01
5.00000E-01	8.42697E-01	3.99002E-01
5.00000E-01	1.12360E+00	3.33630E-01
5.00000E-01	1.40449E+00	2.89793E-01
5.00000E-01	1.68539E+00	2.67327E-01
5.00000E-01	1.96629E+00	2.05831E+00
5.00000E-01	2.24719E+00	1.75533E+01
5.00000E-01	2.52809E+00	2.45959E+01
5.00000E-01	2.80899E+00	2.67237E+01
5.00000E-01	3.08989E+00	2.73750E+01
5.00000E-01	3.37079E+00	2.68951E+01
5.00000E-01	3.65169E+00	2.62793E+01
5.00000E-01	3.93258E+00	2.54834E+01
5.00000E-01	4.21348E+00	2.50097E+01
5.00000E-01	4.49438E+00	2.46467E+01
5.00000E-01	4.77528E+00	2.46635E+01
5.00000E-01	5.05618E+00	2.51040E+01
5.00000E-01	5.33708E+00	2.58311E+01
5.00000E-01	5.61798E+00	2.71448E+01
5.00000E-01	5.89888E+00	2.87161E+01
5.00000E-01	6.17978E+00	3.09131E+01
5.00000E-01	6.46067E+00	3.30745E+01
5.00000E-01	6.74157E+00	3.56753E+01
5.00000E-01	7.02247E+00	3.81390E+01
5.00000E-01	7.30337E+00	4.08045E+01
5.00000E-01	7.58427E+00	4.31834E+01
5.00000E-01	7.86517E+00	4.56754E+01
5.00000E-01	8.14607E+00	4.79208E+01
5.00000E-01	8.42697E+00	5.02950E+01
5.00000E-01	8.70787E+00	5.25466E+01
5.00000E-01	8.98876E+00	5.48420E+01
5.00000E-01	9.26966E+00	5.71209E+01
5.00000E-01	9.55056E+00	5.95141E+01
5.00000E-01	9.83146E+00	6.20458E+01
5.00000E-01	1.01124E+01	6.45668E+01
5.00000E-01	1.03933E+01	6.72610E+01
5.00000E-01	1.06742E+01	6.98893E+01
5.00000E-01	1.09551E+01	7.26057E+01
5.00000E-01	1.12360E+01	7.51205E+01
5.00000E-01	1.15169E+01	7.76946E+01
5.00000E-01	1.17978E+01	8.02263E+01
5.00000E-01	1.20787E+01	8.28150E+01
5.00000E-01	1.23596E+01	8.54487E+01
5.00000E-01	1.26404E+01	8.82567E+01
5.00000E-01	1.29213E+01	9.13510E+01
5.00000E-01	1.32022E+01	9.46448E+01
5.00000E-01	1.34831E+01	9.83405E+01
5.00000E-01	1.37640E+01	1.02189E+02
5.00000E-01	1.40449E+01	1.06412E+02
5.00000E-01	1.43258E+01	1.10590E+02
5.00000E-01	1.46067E+01	1.15036E+02
5.00000E-01	1.48876E+01	1.19489E+02
5.00000E-01	1.51685E+01	1.24177E+02
5.00000E-01	1.54494E+01	1.28871E+02
5.00000E-01	1.57303E+01	1.33742E+02
5.00000E-01	1.60112E+01	1.38649E+02
5.00000E-01	1.62921E+01	1.43656E+02
5.00000E-01	1.65730E+01	1.48726E+02
5.00000E-01	1.68539E+01	1.53858E+02
5.00000E-01	1.71348E+01	1.58925E+02
5.00000E-01	1.74157E+01	1.63905E+02
5.00000E-01	1.76966E+01	1.68815E+02
5.00000E-01	1.79775E+01	1.73619E+02
5.00000E-01	1.82584E+01	1.78294E+02
5.00000E-01	1.85393E+01	1.82756E+02
5.00000E-01	1.88202E+01	1.87008E+02
5.00000E-01	1.91011E+01	1.90989E+02
5.00000E-01	1.93820E+01	1.94755E+02
5.00000E-01	1.96629E+01	1.98320E+02
5.00000E-01	1.99438E+01	2.01688E+02
5.00000E-01	2.02247E+01	2.04779E+02
5.00000E-01	2.05056E+01	2.07639E+02
5.00000E-01	2.07865E+01	2.10335E+02
5.00000E-01	2.10674E+01	2.12900E+02
5.00000E-01	2.13483E+01	2.15097E+02
5.00000E-01	2.16292E+01	2.17061E+02
5.00000E-01	2.19101E+01	2.18913E+02
5.00000E-01	2.21910E+01	2.20533E+02
5.00000E-01	2.24719E+01	2.21828E+02
5.00000E-01	2.27528E+01	2.22974E+02
5.00000E-01	2.30337E+01	2.24005E+02
5.00000E-01	2.33146E+01	2.24771E+02
5.00000E-01	2.35955E+01	2.25293E+02
5.00000E-01	2.38764E+01	2.25733E+02
5.00000E-01	2.41573E+01	2.26095E+02
5.00000E-01	2.44382E+01	2.26182E+02
5.00000E-01	2.47191E+01	2.26106E+02
5.00000E-01	2.50000E+01	2.25989E+02
6.00000E-01	0.00000E+00	9.34460E-01
6.00000E-01	2.80899E-01	6.32861E-01
6.00000E-01	5.61798E-01	5.07895E-01
6.00000E-01	8.42697E-01	4.26639E-01
6.00000E-01	1.12360E+00	3.57286E-01
6.00000E-01	1.40449E+00	3.10640E-01
6.00000E-01	1.68539E+00	2.99576E-01
6.00000E-01	1.96629E+00	2.77542E+00
6.00000E-01	2.24719E+00	1.86891E+01
6.00000E-01	2.52809E+00	2.62969E+01
6.00000E-01	2.80899E+00	2.86319E+01
6.00000E-01	3.08989E+00	2.93156E+01
6.00000E-01	3.37079E+00	2.88260E+01
6.00000E-01	3.65169E+00	2.81563E+01
6.00000E-01	3.93258E+00	2.73206E+01
6.00000E-01	4.21348E+00	2.68023E+01
6.00000E-01	4.49438E+00	2.64245E+01
6.00000E-01	4.77528E+00	2.64425E+01
6.00000E-01	5.05618E+00	2.69121E+01
6.00000E-01	5.33708E+00	2.77017E+01
6.00000E-01	5.61798E+00	2.90983E+01
6.00000E-01	5.89888E+00	3.08001E+01
6.00000E-01	6.17978E+00	3.31333E+01
6.00000E-01	6.46067E+00	3.54679E+01
6.00000E-01	6.74157E+00	3.82360E+01
6.00000E-01	7.02247E+00	4.08907E+01
6.00000E-01	7.30337E+00	4.37312E+01
6.00000E-01	7.58427E+00	4.62952E+01
6.00000E-01	7.86517E+00	4.89518E+01
6.00000E-01	8.14607E+00	5.13703E+01
6.00000E-01	8.42697E+00	5.39054E+01
6.00000E-01	8.70787E+00	5.63260E+01
6.00000E-01	8.98876E+00	5.87823E+01
6.00000E-01	9.26966E+00	6.12283E+01
6.00000E-01	9.55056E+00	6.37945E+01
6.00000E-01	9.83146E+00	6.65029E+01
6.00000E-01	1.01124E+01	6.92113E+01
6.00000E-01	1.03933E+01	7.20903E+01
6.00000E-01	1.06742E+01	7.49144E+01
6.00000E-01	1.09551E+01	7.78164E+01
6.00000E-01	1.12360E+01	8.05184E+01
6.00000E-01	1.15169E+01	8.32741E+01
6.00000E-01	1.17978E+01	8.59912E+01
6.00000E-01	1.20787E+01	8.87624E+01
6.00000E-01	1.23596E+01	9.15890E+01
6.00000E-01	1.26404E+01	9.46018E+01
6.00000E-01	1.29213E+01	9.79141E+01
6.00000E-01	1.32022E+01	1.01453E+02
6.00000E-01	1.34831E+01	1.05404E+02
6.00000E-01	1.37640E+01	1.09538E+02
6.00000E-01	1.40449E+01	1.14052E+02
6.00000E-01	1.43258E+01	1.18540E+02
6.00000E-01	1.46067E+01	1.23295E+02
6.00000E-01	1.48876E+01	1.28077E+02
6.00000E-01	1.51685E+01	1.33093E+02
6.00000E-01	1.54494E+01	1.38131E+02
6.00000E-01	1.57303E+01	1.43346E+02
6.00000E-01	1.60112E+01	1.48608E+02
6.00000E-01	1.62921E+01	1.53973E+02
6.00000E-01	1.65730E+01	1.59408E+02
6.00000E-01	1.68539E+01	1.64905E+02
6.00000E-01	1.71348E+01	1.70335E+02
6.00000E-01	1.74157E+01	1.75673E+02
6.00000E-01	1.76966E+01	1.80934E+02
6.00000E-01	1.79775E+01	1.86083E+02
6.00000E-01	1.82584E+01	1.91091E+02
6.00000E-01	1.85393E+01	1.95873E+02
6.00000E-01	1.88202E+01	2.00429E+02
6.00000E-01	1.91011E+01	2.04697E+02
6.00000E-01	1.93820E+01	2.08733E+02
6.00000E-01	1.96629E+01	2.12554E+02
6.00000E-01	1.99438E+01	2.16161E+02
6.00000E-01	2.02247E+01	2.19476E+02
6.00000E-01	2.05056E+01	2.22541E+02
6.00000E-01	2.07865E+01	2.25433E+02
6.00000E-01	2.10674E+01	2.28175E+02
6.00000E-01	2.13483E+01	2.30533E+02
6.00000E-01	2.16292E+01	2.32640E+02
6.00000E-01	2.19101E+01	2.34622E+02
6.00000E-01	2.21910E+01	2.36356E+02
6.00000E-01	2.24719E+01	2.37748E+02
6.00000E-01	2.27528E+01	2.38977E+02
6.00000E-01	2.30337E+01	2.40079E+02
6.00000E-01	2.33146E+01	2.40900E+02
6.00000E-01	2.35955E+01	2.41463E+02
6.00000E-01	2.38764E+01	2.41935E+02
6.00000E-01	2.41573E+01	2.42317E+02
6.00000E-01	2.44382E+01	2.42413E+02
6.00000E-01	2.47191E+01	2.42334E+02
6.00000E-01	2.50000E+01	2.42208E+02
7.00000E-01	0.00000E+00	9.34047E-01
7.00000E-01	2.80899E-01	6.66484E-01
7.00000E-01	5.61798E-01	5.35777E-01
7.00000E-01	8.42697E-01	4.51116E-01
7.00000E-01	1.12360E+00	3.78552E-01
7.00000E-01	1.40449E+00	3.29935E-01
7.00000E-01	1.68539E+00	3.49367E-01
7.00000E-01	1.96629E+00	3.53115E+00
7.00000E-01	2.24719E+00	1.96875E+01
7.00000E-01	2.52809E+00	2.78135E+01
7.00000E-01	2.80899E+00	3.03528E+01
7.00000E-01	3.08989E+00	3.10663E+01
7.00000E-01	3.37079E+00	3.05738E+01
7.00000E-01	3.65169E+00	2.98548E+01
7.00000E-01	3.93258E+00	2.89868E+01
7.00000E-01	4.21348E+00	2.84273E+01
7.00000E-01	4.49438E+00	2.80381E+01
7.00000E-01	4.77528E+00	2.80582E+01
7.00000E-01	5.05618E+00	2.85536E+01
7.00000E-01	5.33708E+00	2.94022E+01
7.00000E-01	5.61798E+00	3.08723E+01
7.00000E-01	5.89888E+00	3.26946E+01
7.00000E-01	6.17978E+00	3.51474E+01
7.00000E-01	6.46067E+00	3.76419E+01
7.00000E-01	6.74157E+00	4.05579E+01
7.00000E-01	7.02247E+00	4.33876E+01
7.00000E-01	7.30337E+00	4.63833E+01
7.00000E-01	7.58427E+00	4.91175E+01
7.00000E-01	7.86517E+00	5.19209E+01
7.00000E-01	8.14607E+00	5.44987E+01
7.00000E-01	8.42697E+00	5.71780E+01
7.00000E-01	8.70787E+00	5.97524E+01
7.00000E-01	8.98876E+00	6.23542E+01
7.00000E-01	9.26966E+00	6.49524E+01
7.00000E-01	9.55056E+00	6.76756E+01
7.00000E-01	9.83146E+00	7.05430E+01
7.00000E-01	1.01124E+01	7.34227E+01
7.00000E-01	1.03933E+01	7.64673E+01
7.00000E-01	1.06742E+01	7.94698E+01
7.00000E-01	1.09551E+01	8.25381E+01
7.00000E-01	1.12360E+01	8.54114E+01
7.00000E-01	1.15169E+01	8.83308E+01
7.00000E-01	1.17978E+01	9.12166E+01
7.00000E-01	1.20787E+01	9.41531E+01
7.00000E-01	1.23596E+01	9.71555E+01
7.00000E-01	1.26404E+01	1.00355E+02
7.00000E-01	1.29213E+01	1.03864E+02
7.00000E-01	1.32022E+01	1.07626E+02
7.00000E-01	1.34831E+01	1.11808E+02
7.00000E-01	1.37640E+01	1.16202E+02
7.00000E-01	1.40449E+01	1.20977E+02
7.00000E-01	1.43258E+01	1.25747E+02
7.00000E-01	1.46067E+01	1.30781E+02
7.00000E-01	1.48876E+01	1.35862E+02
7.00000E-01	1.51685E+01	1.41174E+02
7.00000E-01	1.54494E+01	1.46524E+02
7.00000E-01	1.57303E+01	1.52051E+02
7.00000E-01	1.60112E+01	1.57634E+02
7.00000E-01	1.62921E+01	1.63323E+02
7.00000E-01	1.65730E+01	1.69089E+02
7.00000E-01	1.68539E+01	1.74916E+02
7.00000E-01	1.71348E+01	1.80675E+02
7.00000E-01	1.74157E+01	1.86337E+02
7.00000E-01	1.76966E+01	1.91916E+02
7.00000E-01	1.79775E+01	1.97377E+02
7.00000E-01	1.82584E+01	2.02686E+02
7.00000E-01	1.85393E+01	2.07759E+02
7.00000E-01	1.88202E+01	2.12589E+02
7.00000E-01	1.91011E+01	2.17118E+02
7.00000E-01	1.93820E+01	2.21398E+02
7.00000E-01	1.96629E+01	2.25451E+02
7.00000E-01	1.99438E+01	2.29275E+02
7.00000E-01	2.02247E+01	2.32791E+02
7.00000E-01	2.05056E+01	2.36044E+02
7.00000E-01	2.07865E+01	2.39113E+02
7.00000E-01	2.10674E+01	2.42013E+02
7.00000E-01	2.13483E+01	2.44519E+02
7.00000E-01	2.16292E+01	2.46756E+02
7.00000E-01	2.19101E+01	2.48855E+02
7.00000E-01	2.21910E+01	2.50692E+02
7.00000E-01	2.24719E+01	2.52172E+02
7.00000E-01	2.27528E+01	2.53477E+02
7.00000E-01	2.30337E+01	2.54642E+02
7.00000E-01	2.33146E+01	2.55512E+02
7.00000E-01	2.35955E+01	2.56113E+02
7.00000E-01	2.38764E+01	2.56615E+02
7.00000E-01	2.41573E+01	2.57015E+02
7.00000E-01	2.44382E+01	2.57120E+02
7.00000E-01	2.47191E+01	2.57038E+02
7.00000E-01	2.50000E+01	2.56902E+02
8.00000E-01	0.00000E+00	9.33747E-01
8.00000E-01	2.80899E-01	6.94861E-01
8.00000E-01	5.61798E-01	5.60677E-01
8.00000E-01	8.42697E-01	4.72978E-01
8.00000E-01	1.12360E+00	3.97916E-01
8.00000E-01	1.40449E+00	3.49016E-01
8.00000E-01	1.68539E+00	4.27527E-01
8.00000E-01	1.96629E+00	4.31401E+00
8.00000E-01	2.24719E+00	2.05844E+01
8.00000E-01	2.52809E+00	2.91800E+01
8.00000E-01	2.80899E+00	3.19226E+01
8.00000E-01	3.08989E+00	3.26662E+01
8.00000E-01	3.37079E+00	3.21758E+01
8.00000E-01	3.65169E+00	3.14127E+01
8.00000E-01	3.93258E+00	3.05175E+01
8.00000E-01	4.21348E+00	2.99203E+01
8.00000E-01	4.49438E+00	2.95224E+01
8.00000E-01	4.77528E+00	2.95456E+01
8.00000E-01	5.05618E+00	3.00645E+01
8.00000E-01	5.33708E+00	3.09691E+01
8.00000E-01	5.61798E+00	3.25059E+01
8.00000E-01	5.89888E+00	3.44400E+01
8.00000E-01	6.17978E+00	3.70001E+01
8.00000E-01	6.46067E+00	3.96430E+01
8.00000E-01	6.74157E+00	4.26923E+01
8.00000E-01	7.02247E+00	4.56834E+01
8.00000E-01	7.30337E+00	4.88193E+01
8.00000E-01	7.58427E+00	5.17112E+01
8.00000E-01	7.86517E+00	5.46480E+01
8.00000E-01	8.14607E+00	5.73737E+01
8.00000E-01	8.42697E+00	6.01842E+01
8.00000E-01	8.70787E+00	6.29003E+01
8.00000E-01	8.98876E+00	6.56356E+01
8.00000E-01	9.26966E+00	6.83744E+01
8.00000E-01	9.55056E+00	7.12417E+01
8.00000E-01	9.83146E+00	7.42545E+01
8.00000E-01	1.01124E+01	7.72921E+01
8.00000E-01	1.03933E+01	8.04880E+01
8.00000E-01	1.06742E+01	8.36544E+01
8.00000E-01	1.09551E+01	8.68739E+01
8.00000E-01	1.12360E+01	8.99058E+01
8.00000E-01	1.15169E+01	9.29751E+01
8.00000E-01	1.17978E+01	9.60162E+01
8.00000E-01	1.20787E+01	9.91050E+01
8.00000E-01	1.23596E+01	1.02270E+02
8.00000E-01	1.26404E+01	1.05641E+02
8.00000E-01	1.29213E+01	1.09331E+02
8.00000E-01	1.32022E+01	1.13298E+02
8.00000E-01	1.34831E+01	1.17691E+02
8.00000E-01	1.37640E+01	1.22325E+02
8.00000E-01	1.40449E+01	1.27337E+02
8.00000E-01	1.43258E+01	1.32367E+02
8.00000E-01	1.46067E+01	1.37657E+02
8.00000E-01	1.48876E+01	1.43014E+02
8.00000E-01	1.51685E+01	1.48597E+02
8.00000E-01	1.54494E+01	1.54234E+02
8.00000E-01	1.57303E+01	1.60046E+02
8.00000E-01	1.60112E+01	1.65925E+02
8.00000E-01	1.62921E+01	1.71912E+02
8.00000E-01	1.65730E+01	1.77981E+02
8.00000E-01	1.68539E+01	1.84110E+02
8.00000E-01	1.71348E+01	1.90171E+02
8.00000E-01	1.74157E+01	1.96130E+02
8.00000E-01	1.76966E+01	2.02001E+02
8.00000E-01	1.79775E+01	2.07748E+02
8.00000E-01	1.82584E+01	2.13333E+02
8.00000E-01	1.85393E+01	2.18672E+02
8.00000E-01	1.88202E+01	2.23753E+02
8.00000E-01	1.91011E+01	2.28522E+02
8.00000E-01	1.93820E+01	2.33027E+02
8.00000E-01	1.96629E+01	2.37292E+02
8.00000E-01	1.99438E+01	2.41314E+02
8.00000E-01	2.02247E+01	2.45017E+02
8.00000E-01	2.05056E+01	2.48442E+02
8.00000E-01	2.07865E+01	2.51673E+02
8.00000E-01	2.10674E+01	2.54718E+02
8.00000E-01	2.13483E+01	2.57360E+02
8.00000E-01	2.16292E+01	2.59717E+02
8.00000E-01	2.19101E+01	2.61923E+02
8.00000E-01	2.21910E+01	2.63852E+02
8.00000E-01	2.24719E+01	2.65416E+02
8.00000E-01	2.27528E+01	2.66790E+02
8.00000E-01	2.30337E+01	2.68011E+02
8.00000E-01	2.33146E+01	2.68928E+02
8.00000E-01	2.35955E+01	2.69564E+02
8.00000E-01	2.38764E+01	2.70093E+02
8.00000E-01	2.41573E+01	2.70508E+02
8.00000E-01	2.44382E+01	2.70621E+02
8.00000E-01	2.47191E+01	2.70538E+02
8.00000E-01	2.50000E+01	2.70394E+02
9.00000E-01	0.00000E+00	9.33539E-01
9.00000E-01	2.80899E-01	7.18159E-01
9.00000E-01	5.61798E-01	5.83326E-01
9.00000E-01	8.42697E-01	4.92639E-01
9.00000E-01	1.12360E+00	4.15805E-01
9.00000E-01	1.40449E+00	3.69931E-01
9.00000E-01	1.68539E+00	5.43572E-01
9.00000E-01	1.96629E+00	5.11617E+00
9.00000E-01	2.24719E+00	2.14058E+01
9.00000E-01	2.52809E+00	3.04203E+01
9.00000E-01	2.80899E+00	3.33658E+01
9.00000E-01	3.08989E+00	3.41420E+01
9.00000E-01	3.37079E+00	3.36573E+01
9.00000E-01	3.65169E+00	3.28554E+01
9.00000E-01	3.93258E+00	3.19371E+01
9.00000E-01	4.21348E+00	3.13059E+01
9.00000E-01	4.49438E+00	3.09010E+01
9.00000E-01	4.77528E+00	3.09284E+01
9.00000E-01	5.05618E+00	3.14691E+01
9.00000E-01	5.33708E+00	3.24272E+01
9.00000E-01	5.61798E+00	3.40257E+01
9.00000E-01	5.89888E+00	3.60639E+01
9.00000E-01	6.17978E+00	3.87216E+01
9.00000E-01	6.46067E+00	4.15028E+01
9.00000E-01	6.74157E+00	4.46740E+01
9.00000E-01	7.02247E+00	4.78146E+01
9.00000E-01	7.30337E+00	5.10790E+01
9.00000E-01	7.58427E+00	5.41175E+01
9.00000E-01	7.86517E+00	5.71773E+01
9.00000E-01	8.14607E+00	6.00411E+01
9.00000E-01	8.42697E+00	6.29728E+01
9.00000E-01	8.70787E+00	6.58201E+01
9.00000E-01	8.98876E+00	6.86795E+01
9.00000E-01	9.26966E+00	7.15492E+01
9.00000E-01	9.55056E+00	7.45503E+01
9.00000E-01	9.83146E+00	7.76975E+01
9.00000E-01	1.01124E+01	8.08818E+01
9.00000E-01	1.03933E+01	8.42172E+01
9.00000E-01	1.06742E+01	8.75353E+01
9.00000E-01	1.09551E+01	9.08940E+01
9.00000E-01	1.12360E+01	9.40739E+01
9.00000E-01	1.15169E+01	9.72820E+01
9.00000E-01	1.17978E+01	1.00467E+02
9.00000E-01	1.20787E+01	1.03698E+02
9.00000E-01	1.23596E+01	1.07013E+02
9.00000E-01	1.26404E+01	1.10545E+02
9.00000E-01	1.29213E+01	1.14403E+02
9.00000E-01	1.32022E+01	1.18561E+02
9.00000E-01	1.34831E+01	1.23149E+02
9.00000E-01	1.37640E+01	1.28005E+02
9.00000E-01	1.40449E+01	1.33236E+02
9.00000E-01	1.43258E+01	1.38509E+02
9.00000E-01	1.46067E+01	1.44034E+02
9.00000E-01	1.48876E+01	1.49647E+02
9.00000E-01	1.51685E+01	1.55481E+02
9.00000E-01	1.54494E+01	1.61385E+02
9.00000E-01	1.57303E+01	1.67460E+02
9.00000E-01	1.60112E+01	1.73614E+02
9.00000E-01	1.62921E+01	1.79876E+02
9.00000E-01	1.65730E+01	1.86226E+02
9.00000E-01	1.68539E+01	1.92635E+02
9.00000E-01	1.71348E+01	1.98974E+02
9.00000E-01	1.74157E+01	2.05210E+02
9.00000E-01	1.76966E+01	2.11351E+02
9.00000E-01	1.79775E+01	2.17362E+02
9.00000E-01	1.82584E+01	2.23203E+02
9.00000E-01	1.85393E+01	2.28789E+02
9.00000E-01	1.88202E+01	2.34102E+02
9.00000E-01	1.91011E+01	2.39093E+02
9.00000E-01	1.93820E+01	2.43806E+02
9.00000E-01	1.96629E+01	2.48269E+02
9.00000E-01	1.99438E+01	2.52474E+02
9.00000E-01	2.02247E+01	2.56349E+02
9.00000E-01	2.05056E+01	2.59934E+02
9.00000E-01	2.07865E+01	2.63315E+02
9.00000E-01	2.10674E+01	2.66494E+02
9.00000E-01	2.13483E+01	2.69261E+02
9.00000E-01	2.16292E+01	2.71731E+02
9.00000E-01	2.19101E+01	2.74035E+02
9.00000E-01	2.21910E+01	2.76051E+02
9.00000E-01	2.24719E+01	2.77692E+02
9.00000E-01	2.27528E+01	2.79131E+02
9.00000E-01	2.30337E+01	2.80403E+02
9.00000E-01	2.33146E+01	2.81362E+02
9.00000E-01	2.35955E+01	2.82033E+02
9.00000E-01	2.38764E+01	2.82586E+02
9.00000E-01	2.41573E+01	2.83014E+02
9.00000E-01	2.44382E+01	2.83136E+02
9.00000E-01	2.47191E+01	2.83053E+02
9.00000E-01	2.50000E+01	2.82899E+02
1.00000E+00	0.00000E+00	9.33408E-01
1.00000E+00	2.80899E-01	7.37154E-01
1.00000E+00	5.61798E-01	6.04197E-01
1.00000E+00	8.42697E-01	5.10476E-01
1.00000E+00	1.12360E+00	4.32752E-01
1.00000E+00	1.40449E+00	3.95546E-01
1.00000E+00	1.68539E+00	7.04671E-01
1.00000E+00	1.96629E+00	5.93208E+00
1.00000E+00	2.24719E+00	2.21713E+01
1.00000E+00	2.52809E+00	3.15523E+01
1.00000E+00	2.80899E+00	3.47001E+01
1.00000E+00	3.08989E+00	3.55127E+01
1.00000E+00	3.37079E+00	3.50366E+01
1.00000E+00	3.65169E+00	3.42014E+01
1.00000E+00	3.93258E+00	3.32631E+01
1.00000E+00	4.21348E+00	3.26016E+01
1.00000E+00	4.49438E+00	3.21912E+01
1.00000E+00	4.77528E+00	3.22238E+01
1.00000E+00	5.05618E+00	3.27852E+01
1.00000E+00	5.33708E+00	3.37943E+01
1.00000E+00	5.61798E+00	3.54510E+01
1.00000E+00	5.89888E+00	3.75861E+01
1.00000E+00	6.17978E+00	4.03339E+01
1.00000E+00	6.46067E+00	4.32441E+01
1.00000E+00	6.74157E+00	4.65282E+01
1.00000E+00	7.02247E+00	4.98077E+01
1.00000E+00	7.30337E+00	5.31912E+01
1.00000E+00	7.58427E+00	5.63665E+01
1.00000E+00	7.86517E+00	5.95411E+01
1.00000E+00	8.14607E+00	6.25341E+01
1.00000E+00	8.42697E+00	6.55790E+01
1.00000E+00	8.70787E+00	6.85488E+01
1.00000E+00	8.98876E+00	7.15245E+01
1.00000E+00	9.26966E+00	7.45169E+01
1.00000E+00	9.55056E+00	7.76428E+01
1.00000E+00	9.83146E+00	8.09153E+01
1.00000E+00	1.01124E+01	8.42366E+01
1.00000E+00	1.03933E+01	8.77020E+01
1.00000E+00	1.06742E+01	9.11614E+01
1.00000E+00	1.09551E+01	9.46494E+01
1.00000E+00	1.12360E+01	9.79681E+01
1.00000E+00	1.15169E+01	1.01306E+02
1.00000E+00	1.17978E+01	1.04626E+02
1.00000E+00	1.20787E+01	1.07989E+02
1.00000E+00	1.23596E+01	1.11447E+02
1.00000E+00	1.26404E+01	1.15128E+02
1.00000E+00	1.29213E+01	1.19144E+02
1.00000E+00	1.32022E+01	1.23481E+02
1.00000E+00	1.34831E+01	1.28250E+02
1.00000E+00	1.37640E+01	1.33314E+02
1.00000E+00	1.40449E+01	1.38748E+02
1.00000E+00	1.43258E+01	1.44248E+02
1.00000E+00	1.46067E+01	1.49993E+02
1.00000E+00	1.48876E+01	1.55845E+02
1.00000E+00	1.51685E+01	1.61913E+02
1.00000E+00	1.54494E+01	1.68065E+02
1.00000E+00	1.57303E+01	1.74387E+02
1.00000E+00	1.60112E+01	1.80797E+02
1.00000E+00	1.62921E+01	1.87317E+02
1.00000E+00	1.65730E+01	1.93928E+02
1.00000E+00	1.68539E+01	2.00597E+02
1.00000E+00	1.71348E+01	2.07198E+02
1.00000E+00	1.74157E+01	2.13690E+02
1.00000E+00	1.76966E+01	2.20083E+02
1.00000E+00	1.79775E+01	2.26342E+02
1.00000E+00	1.82584E+01	2.32421E+02
1.00000E+00	1.85393E+01	2.38236E+02
1.00000E+00	1.88202E+01	2.43767E+02
1.00000E+00	1.91011E+01	2.48965E+02
1.00000E+00	1.93820E+01	2.53873E+02
1.00000E+00	1.96629E+01	2.58519E+02
1.00000E+00	1.99438E+01	2.62895E+02
1.00000E+00	2.02247E+01	2.66931E+02
1.00000E+00	2.05056E+01	2.70666E+02
1.00000E+00	2.07865E+01	2.74187E+02
1.00000E+00	2.10674E+01	2.77489E+02
1.00000E+00	2.13483E+01	2.80375E+02
1.00000E+00	2.16292E+01	2.82950E+02
1.00000E+00	2.19101E+01	2.85344E+02
1.00000E+00	2.21910E+01	2.87440E+02
1.00000E+00	2.24719E+01	2.89154E+02
1.00000E+00	2.27528E+01	2.90654E+02
1.00000E+00	2.30337E+01	2.91974E+02
1.00000E+00	2.33146E+01	2.92973E+02
1.00000E+00	2.35955E+01	2.93676E+02
1.00000E+00	2.38764E+01	2.94252E+02
1.00000E+00	2.41573E+01	2.94692E+02
1.00000E+00	2.44382E+01	2.94822E+02
1.00000E+00	2.47191E+01	2.94739E+02
1.00000E+00	2.50000E+01	2.94577E+02
1.50000E+00	0.00000E+00	9.33483E-01
1.50000E+00	2.80899E-01	7.97032E-01
1.50000E+00	5.61798E-01	6.87410E-01
1.50000E+00	8.42697E-01	5.88828E-01
1.50000E+00	1.12360E+00	5.43173E-01
1.50000E+00	1.40449E+00	7.28766E-01
1.50000E+00	1.68539E+00	2.27152E+00
1.50000E+00	1.96629E+00	1.01042E+01
1.50000E+00	2.24719E+00	2.55464E+01
1.50000E+00	2.52809E+00	3.60205E+01
1.50000E+00	2.80899E+00	4.01287E+01
1.50000E+00	3.08989E+00	4.12028E+01
1.50000E+00	3.37079E+00	4.08099E+01
1.50000E+00	3.65169E+00	3.98847E+01
1.50000E+00	3.93258E+00	3.88808E+01
1.50000E+00	4.21348E+00	3.81190E+01
1.50000E+00	4.49438E+00	3.76990E+01
1.50000E+00	4.77528E+00	3.77724E+01
1.50000E+00	5.05618E+00	3.84335E+01
1.50000E+00	5.33708E+00	3.96679E+01
1.50000E+00	5.61798E+00	4.15845E+01
1.50000E+00	5.89888E+00	4.41180E+01
1.50000E+00	6.17978E+00	4.72454E+01
1.50000E+00	6.46067E+00	5.06858E+01
1.50000E+00	6.74157E+00	5.44454E+01
1.50000E+00	7.02247E+00	5.82927E+01
1.50000E+00	7.30337E+00	6.21770E+01
1.50000E+00	7.58427E+00	6.59207E+01
1.50000E+00	7.86517E+00	6.95881E+01
1.50000E+00	8.14607E+00	7.31261E+01
1.50000E+00	8.42697E+00	7.66550E+01
1.50000E+00	8.70787E+00	8.01393E+01
1.50000E+00	8.98876E+00	8.36155E+01
1.50000E+00	9.26966E+00	8.71338E+01
1.50000E+00	9.55056E+00	9.07893E+01
1.50000E+00	9.83146E+00	9.45924E+01
1.50000E+00	1.01124E+01	9.84896E+01
1.50000E+00	1.03933E+01	1.02505E+02
1.50000E+00	1.06742E+01	1.06550E+02
1.50000E+00	1.09551E+01	1.10584E+02
1.50000E+00	1.12360E+01	1.14492E+02
1.50000E+00	1.15169E+01	1.18384E+02
1.50000E+00	1.17978E+01	1.22275E+02
1.50000E+00	1.20787E+01	1.26214E+02
1.50000E+00	1.23596E+01	1.30282E+02
1.50000E+00	1.26404E+01	1.34609E+02
1.50000E+00	1.29213E+01	1.39301E+02
1.50000E+00	1.32022E+01	1.44394E+02
1.50000E+00	1.34831E+01	1.49939E+02
1.50000E+00	1.37640E+01	1.55871E+02
1.50000E+00	1.40449E+01	1.62160E+02
1.50000E+00	1.43258E+01	1.68616E+02
1.50000E+00	1.46067E+01	1.75300E+02
1.50000E+00	1.48876E+01	1.82158E+02
1.50000E+00	1.51685E+01	1.89219E+02
1.50000E+00	1.54494E+01	1.96422E+02
1.50000E+00	1.57303E+01	2.03789E+02
1.50000E+00	1.60112E+01	2.11280E+02
1.50000E+00	1.62921E+01	2.18890E+02
1.50000E+00	1.65730E+01	2.26604E+02
1.50000E+00	1.68539E+01	2.34367E+02
1.50000E+00	1.71348E+01	2.42064E+02
1.50000E+00	1.74157E+01	2.49646E+02
1.50000E+00	1.76966E+01	2.57103E+02
1.50000E+00	1.79775E+01	2.64400E+02
1.50000E+00	1.82584E+01	2.71480E+02
1.50000E+00	1.85393E+01	2.78263E+02
1.50000E+00	1.88202E+01	2.84709E+02
1.50000E+00	1.91011E+01	2.90785E+02
1.50000E+00	1.93820E+01	2.96519E+02
1.50000E+00	1.96629E+01	3.01941E+02
1.50000E+00	1.99438E+01	3.07035E+02
1.50000E+00	2.02247E+01	3.11754E+02
1.50000E+00	2.05056E+01	3.16130E+02
1.50000E+00	2.07865E+01	3.20239E+02
1.50000E+00	2.10674E+01	3.24054E+02
1.50000E+00	2.13483E+01	3.27442E+02
1.50000E+00	2.16292E+01	3.30471E+02
1.50000E+00	2.19101E+01	3.33244E+02
1.50000E+00	2.21910E+01	3.35673E+02
1.50000E+00	2.24719E+01	3.37704E+02
1.50000E+00	2.27528E+01	3.39461E+02
1.50000E+00	2.30337E+01	3.40975E+02
1.50000E+00	2.33146E+01	3.42144E+02
1.50000E+00	2.35955E+01	3.42995E+02
1.50000E+00	2.38764E+01	3.43666E+02
1.50000E+00	2.41573E+01	3.44145E+02
1.50000E+00	2.44382E+01	3.44313E+02
1.50000E+00	2.47191E+01	3.44240E+02
1.50000E+00	2.50000E+01	3.44035E+02
2.00000E+00	0.00000E+00	9.35690E-01
2.00000E+00	2.80899E-01	8.39787E-01
2.00000E+00	5.61798E-01	7.61585E-01
2.00000E+00	8.42697E-01	7.30100E-01
2.00000E+00	1.12360E+00	8.82187E-01
2.00000E+00	1.40449E+00	1.71425E+00
2.00000E+00	1.68539E+00	4.93318E+00
2.00000E+00	1.96629E+00	1.42059E+01
2.00000E+00	2.24719E+00	2.84682E+01
2.00000E+00	2.52809E+00	3.90607E+01
2.00000E+00	2.80899E+00	4.38979E+01
2.00000E+00	3.08989E+00	4.53388E+01
2.00000E+00	3.37079E+00	4.51056E+01
2.00000E+00	3.65169E+00	4.42038E+01
2.00000E+00	3.93258E+00	4.31945E+01
2.00000E+00	4.21348E+00	4.24076E+01
2.00000E+00	4.49438E+00	4.20101E+01
2.00000E+00	4.77528E+00	4.21462E+01
2.00000E+00	5.05618E+00	4.29112E+01
2.00000E+00	5.33708E+00	4.43320E+01
2.00000E+00	5.61798E+00	4.64692E+01
2.00000E+00	5.89888E+00	4.92897E+01
2.00000E+00	6.17978E+00	5.27083E+01
2.00000E+00	6.46067E+00	5.65235E+01
2.00000E+00	6.74157E+00	6.06422E+01
2.00000E+00	7.02247E+00	6.48904E+01
2.00000E+00	7.30337E+00	6.91549E+01
2.00000E+00	7.58427E+00	7.33143E+01
2.00000E+00	7.86517E+00	7.73704E+01
2.00000E+00	8.14607E+00	8.13198E+01
2.00000E+00	8.42697E+00	8.52299E+01
2.00000E+00	8.70787E+00	8.91064E+01
2.00000E+00	8.98876E+00	9.29789E+01
2.00000E+00	9.26966E+00	9.69085E+01
2.00000E+00	9.55056E+00	1.00973E+02
2.00000E+00	9.83146E+00	1.05185E+02
2.00000E+00	1.01124E+01	1.09514E+02
2.00000E+00	1.03933E+01	1.13950E+02
2.00000E+00	1.06742E+01	1.18427E+02
2.00000E+00	1.09551E+01	1.22878E+02
2.00000E+00	1.12360E+01	1.27237E+02
2.00000E+00	1.15169E+01	1.31565E+02
2.00000E+00	1.17978E+01	1.35901E+02
2.00000E+00	1.20787E+01	1.40299E+02
2.00000E+00	1.23596E+01	1.44854E+02
2.00000E+00	1.26404E+01	1.49693E+02
2.00000E+00	1.29213E+01	1.54922E+02
2.00000E+00	1.32022E+01	1.60596E+02
2.00000E+00	1.34831E+01	1.66743E+02
2.00000E+00	1.37640E+01	1.73323E+02
2.00000E+00	1.40449E+01	1.80266E+02
2.00000E+00	1.43258E+01	1.87445E+02
2.00000E+00	1.46067E+01	1.94857E+02
2.00000E+00	1.48876E+01	2.02478E+02
2.00000E+00	1.51685E+01	2.10307E+02
2.00000E+00	1.54494E+01	2.18309E+02
2.00000E+00	1.57303E+01	2.26481E+02
2.00000E+00	1.60112E+01	2.34798E+02
2.00000E+00	1.62921E+01	2.43242E+02
2.00000E+00	1.65730E+01	2.51791E+02
2.00000E+00	1.68539E+01	2.60381E+02
2.00000E+00	1.71348E+01	2.68910E+02
2.00000E+00	1.74157E+01	2.77321E+02
2.00000E+00	1.76966E+01	2.85587E+02
2.00000E+00	1.79775E+01	2.93670E+02
2.00000E+00	1.82584E+01	3.01506E+02
2.00000E+00	1.85393E+01	3.09020E+02
2.00000E+00	1.88202E+01	3.16165E+02
2.00000E+00	1.91011E+01	3.22913E+02
2.00000E+00	1.93820E+01	3.29281E+02
2.00000E+00	1.96629E+01	3.35294E+02
2.00000E+00	1.99438E+01	3.40936E+02
2.00000E+00	2.02247E+01	3.46179E+02
2.00000E+00	2.05056E+01	3.51050E+02
2.00000E+00	2.07865E+01	3.55602E+02
2.00000E+00	2.10674E+01	3.59806E+02
2.00000E+00	2.13483E+01	3.63578E+02
2.00000E+00	2.16292E+01	3.66958E+02
2.00000E+00	2.19101E+01	3.70016E+02
2.00000E+00	2.21910E+01	3.72699E+02
2.00000E+00	2.24719E+01	3.74976E+02
2.00000E+00	2.27528E+01	3.76931E+02
2.00000E+00	2.30337E+01	3.78590E+02
2.00000E+00	2.33146E+01	3.79892E+02
2.00000E+00	2.35955E+01	3.80864E+02
2.00000E+00	2.38764E+01	3.81605E+02
2.00000E+00	2.41573E+01	3.82111E+02
2.00000E+00	2.44382E+01	3.82310E+02
2.00000E+00	2.47191E+01	3.82250E+02
2.00000E+00	2.50000E+01	3.82010E+02
2.50000E+00	0.00000E+00	9.53743E-01
2.50000E+00	2.80899E-01	9.11533E-01
2.50000E+00	5.61798E-01	9.19307E-01
2.50000E+00	8.42697E-01	1.08855E+00
2.50000E+00	1.12360E+00	1.67034E+00
2.50000E+00	1.40449E+00	3.39481E+00
2.50000E+00	1.68539E+00	7.94304E+00
2.50000E+00	1.96629E+00	1.73947E+01
2.50000E+00	2.24719E+00	2.98959E+01
2.50000E+00	2.52809E+00	3.96645E+01
2.50000E+00	2.80899E+00	4.47127E+01
2.50000E+00	3.08989E+00	4.64679E+01
2.50000E+00	3.37079E+00	4.64664E+01
2.50000E+00	3.65169E+00	4.57098E+01
2.50000E+00	3.93258E+00	4.47969E+01
2.50000E+00	4.21348E+00	4.40767E+01
2.50000E+00	4.49438E+00	4.37500E+01
2.50000E+00	4.77528E+00	4.39616E+01
2.50000E+00	5.05618E+00	4.48059E+01
2.50000E+00	5.33708E+00	4.63281E+01
2.50000E+00	5.61798E+00	4.85634E+01
2.50000E+00	5.89888E+00	5.14821E+01
2.50000E+00	6.17978E+00	5.49848E+01
2.50000E+00	6.46067E+00	5.89094E+01
2.50000E+00	6.74157E+00	6.31277E+01
2.50000E+00	7.02247E+00	6.74888E+01
2.50000E+00	7.30337E+00	7.18673E+01
2.50000E+00	7.58427E+00	7.61661E+01
2.50000E+00	7.86517E+00	8.03636E+01
2.50000E+00	8.14607E+00	8.44683E+01
2.50000E+00	8.42697E+00	8.85233E+01
2.50000E+00	8.70787E+00	9.25507E+01
2.50000E+00	8.98876E+00	9.65830E+01
2.50000E+00	9.26966E+00	1.00679E+02
2.50000E+00	9.55056E+00	1.04899E+02
2.50000E+00	9.83146E+00	1.09260E+02
2.50000E+00	1.01124E+01	1.13742E+02
2.50000E+00	1.03933E+01	1.18320E+02
2.50000E+00	1.06742E+01	1.22939E+02
2.50000E+00	1.09551E+01	1.27534E+02
2.50000E+00	1.12360E+01	1.32064E+02
2.50000E+00	1.15169E+01	1.36564E+02
2.50000E+00	1.17978E+01	1.41081E+02
2.50000E+00	1.20787E+01	1.45675E+02
2.50000E+00	1.23596E+01	1.50443E+02
2.50000E+00	1.26404E+01	1.55501E+02
2.50000E+00	1.29213E+01	1.60949E+02
2.50000E+00	1.32022E+01	1.66849E+02
2.50000E+00	1.34831E+01	1.73218E+02
2.50000E+00	1.37640E+01	1.80024E+02
2.50000E+00	1.40449E+01	1.87194E+02
2.50000E+00	1.43258E+01	1.94632E+02
2.50000E+00	1.46067E+01	2.02312E+02
2.50000E+00	1.48876E+01	2.10214E+02
2.50000E+00	1.51685E+01	2.18324E+02
2.50000E+00	1.54494E+01	2.26619E+02
2.50000E+00	1.57303E+01	2.35086E+02
2.50000E+00	1.60112E+01	2.43702E+02
2.50000E+00	1.62921E+01	2.52447E+02
2.50000E+00	1.65730E+01	2.61290E+02
2.50000E+00	1.68539E+01	2.70164E+02
2.50000E+00	1.71348E+01	2.78984E+02
2.50000E+00	1.74157E+01	2.87689E+02
2.50000E+00	1.76966E+01	2.96240E+02
2.50000E+00	1.79775E+01	3.04595E+02
2.50000E+00	1.82584E+01	3.12691E+02
2.50000E+00	1.85393E+01	3.20459E+02
2.50000E+00	1.88202E+01	3.27852E+02
2.50000E+00	1.91011E+01	3.34845E+02
2.50000E+00	1.93820E+01	3.41447E+02
2.50000E+00	1.96629E+01	3.47671E+02
2.50000E+00	1.99438E+01	3.53510E+02
2.50000E+00	2.02247E+01	3.58947E+02
2.50000E+00	2.05056E+01	3.64003E+02
2.50000E+00	2.07865E+01	3.68710E+02
2.50000E+00	2.10674E+01	3.73045E+02
2.50000E+00	2.13483E+01	3.76958E+02
2.50000E+00	2.16292E+01	3.80473E+02
2.50000E+00	2.19101E+01	3.83629E+02
2.50000E+00	2.21910E+01	3.86400E+02
2.50000E+00	2.24719E+01	3.88775E+02
2.50000E+00	2.27528E+01	3.90805E+02
2.50000E+00	2.30337E+01	3.92510E+02
2.50000E+00	2.33146E+01	3.93864E+02
2.50000E+00	2.35955E+01	3.94892E+02
2.50000E+00	2.38764E+01	3.95658E+02
2.50000E+00	2.41573E+01	3.96166E+02
2.50000E+00	2.44382E+01	3.96381E+02
2.50000E+00	2.47191E+01	3.96334E+02
2.50000E+00	2.50000E+01	3.96078E+02
3.00000E+00	0.00000E+00	1.00989E+00
3.00000E+00	2.80899E-01	1.05277E+00
3.00000E+00	5.61798E-01	1.20669E+00
3.00000E+00	8.42697E-01	1.64720E+00
3.00000E+00	1.12360E+00	2.68397E+00
3.00000E+00	1.40449E+00	5.00395E+00
3.00000E+00	1.68539E+00	9.78213E+00
3.00000E+00	1.96629E+00	1.78419E+01
3.00000E+00	2.24719E+00	2.74971E+01
3.00000E+00	2.52809E+00	3.52653E+01
3.00000E+00	2.80899E+00	3.96798E+01
3.00000E+00	3.08989E+00	4.14469E+01
3.00000E+00	3.37079E+00	4.16683E+01
3.00000E+00	3.65169E+00	4.11729E+01
3.00000E+00	3.93258E+00	4.04938E+01
3.00000E+00	4.21348E+00	3.99549E+01
3.00000E+00	4.49438E+00	3.97531E+01
3.00000E+00	4.77528E+00	4.00205E+01
3.00000E+00	5.05618E+00	4.08422E+01
3.00000E+00	5.33708E+00	4.22635E+01
3.00000E+00	5.61798E+00	4.43040E+01
3.00000E+00	5.89888E+00	4.69336E+01
3.00000E+00	6.17978E+00	5.00656E+01
3.00000E+00	6.46067E+00	5.35740E+01
3.00000E+00	6.74157E+00	5.73381E+01
3.00000E+00	7.02247E+00	6.12337E+01
3.00000E+00	7.30337E+00	6.51527E+01
3.00000E+00	7.58427E+00	6.90191E+01
3.00000E+00	7.86517E+00	7.28064E+01
3.00000E+00	8.14607E+00	7.65213E+01
3.00000E+00	8.42697E+00	8.01912E+01
3.00000E+00	8.70787E+00	8.38411E+01
3.00000E+00	8.98876E+00	8.75026E+01
3.00000E+00	9.26966E+00	9.12221E+01
3.00000E+00	9.55056E+00	9.50434E+01
3.00000E+00	9.83146E+00	9.89808E+01
3.00000E+00	1.01124E+01	1.03022E+02
3.00000E+00	1.03933E+01	1.07142E+02
3.00000E+00	1.06742E+01	1.11296E+02
3.00000E+00	1.09551E+01	1.15436E+02
3.00000E+00	1.12360E+01	1.19537E+02
3.00000E+00	1.15169E+01	1.23620E+02
3.00000E+00	1.17978E+01	1.27727E+02
3.00000E+00	1.20787E+01	1.31916E+02
3.00000E+00	1.23596E+01	1.36269E+02
3.00000E+00	1.26404E+01	1.40882E+02
3.00000E+00	1.29213E+01	1.45836E+02
3.00000E+00	1.32022E+01	1.51184E+02
3.00000E+00	1.34831E+01	1.56939E+02
3.00000E+00	1.37640E+01	1.63075E+02
3.00000E+00	1.40449E+01	1.69534E+02
3.00000E+00	1.43258E+01	1.76249E+02
3.00000E+00	1.46067E+01	1.83185E+02
3.00000E+00	1.48876E+01	1.90324E+02
3.00000E+00	1.51685E+01	1.97650E+02
3.00000E+00	1.54494E+01	2.05144E+02
3.00000E+00	1.57303E+01	2.12791E+02
3.00000E+00	1.60112E+01	2.20571E+02
3.00000E+00	1.62921E+01	2.28463E+02
3.00000E+00	1.65730E+01	2.36432E+02
3.00000E+00	1.68539E+01	2.44425E+02
3.00000E+00	1.71348E+01	2.52372E+02
3.00000E+00	1.74157E+01	2.60220E+02
3.00000E+00	1.76966E+01	2.67927E+02
3.00000E+00	1.79775E+01	2.75453E+02
3.00000E+00	1.82584E+01	2.82742E+02
3.00000E+00	1.85393E+01	2.89741E+02
3.00000E+00	1.88202E+01	2.96407E+02
3.00000E+00	1.91011E+01	3.02722E+02
3.00000E+00	1.93820E+01	3.08685E+02
3.00000E+00	1.96629E+01	3.14303E+02
3.00000E+00	1.99438E+01	3.19572E+02
3.00000E+00	2.02247E+01	3.24485E+02
3.00000E+00	2.05056E+01	3.29055E+02
3.00000E+00	2.07865E+01	3.33299E+02
3.00000E+00	2.10674E+01	3.37201E+02
3.00000E+00	2.13483E+01	3.40737E+02
3.00000E+00	2.16292E+01	3.43916E+02
3.00000E+00	2.19101E+01	3.46759E+02
3.00000E+00	2.21910E+01	3.49259E+02
3.00000E+00	2.24719E+01	3.51412E+02
3.00000E+00	2.27528E+01	3.53248E+02
3.00000E+00	2.30337E+01	3.54783E+02
3.00000E+00	2.33146E+01	3.56010E+02
3.00000E+00	2.35955E+01	3.56951E+02
3.00000E+00	2.38764E+01	3.57643E+02
3.00000E+00	2.41573E+01	3.58094E+02
3.00000E+00	2.44382E+01	3.58293E+02
3.00000E+00	2.47191E+01	3.58261E+02
3.00000E+00	2.50000E+01	3.58027E+02
3.50000E+00	0.00000E+00	1.09208E+00
3.50000E+00	2.80899E-01	1.21762E+00
3.50000E+00	5.61798E-01	1.49500E+00
3.50000E+00	8.42697E-01	2.09754E+00
3.50000E+00	1.12360E+00	3.30497E+00
3.50000E+00	1.40449E+00	5.57172E+00
3.50000E+00	1.68539E+00	9.49442E+00
3.50000E+00	1.96629E+00	1.52269E+01
3.50000E+00	2.24719E+00	2.16337E+01
3.50000E+00	2.52809E+00	2.68759E+01
3.50000E+00	2.80899E+00	3.00773E+01
3.50000E+00	3.08989E+00	3.15199E+01
3.50000E+00	3.37079E+00	3.18477E+01
3.50000E+00	3.65169E+00	3.16190E+01
3.50000E+00	3.93258E+00	3.12230E+01
3.50000E+00	4.21348E+00	3.09101E+01
3.50000E+00	4.49438E+00	3.08386E+01
3.50000E+00	4.77528E+00	3.11128E+01
3.50000E+00	5.05618E+00	3.17985E+01
3.50000E+00	5.33708E+00	3.29313E+01
3.50000E+00	5.61798E+00	3.45206E+01
3.50000E+00	5.89888E+00	3.65414E+01
3.50000E+00	6.17978E+00	3.89310E+01
3.50000E+00	6.46067E+00	4.16024E+01
3.50000E+00	6.74157E+00	4.44654E+01
3.50000E+00	7.02247E+00	4.74311E+01
3.50000E+00	7.30337E+00	5.04225E+01
3.50000E+00	7.58427E+00	5.33863E+01
3.50000E+00	7.86517E+00	5.63003E+01
3.50000E+00	8.14607E+00	5.91666E+01
3.50000E+00	8.42697E+00	6.20016E+01
3.50000E+00	8.70787E+00	6.48250E+01
3.50000E+00	8.98876E+00	6.76613E+01
3.50000E+00	9.26966E+00	7.05418E+01
3.50000E+00	9.55056E+00	7.34937E+01
3.50000E+00	9.83146E+00	7.65273E+01
3.50000E+00	1.01124E+01	7.96350E+01
3.50000E+00	1.03933E+01	8.27978E+01
3.50000E+00	1.06742E+01	8.59864E+01
3.50000E+00	1.09551E+01	8.91711E+01
3.50000E+00	1.12360E+01	9.23383E+01
3.50000E+00	1.15169E+01	9.55010E+01
3.50000E+00	1.17978E+01	9.86905E+01
3.50000E+00	1.20787E+01	1.01952E+02
3.50000E+00	1.23596E+01	1.05344E+02
3.50000E+00	1.26404E+01	1.08934E+02
3.50000E+00	1.29213E+01	1.12780E+02
3.50000E+00	1.32022E+01	1.16916E+02
3.50000E+00	1.34831E+01	1.21354E+02
3.50000E+00	1.37640E+01	1.26075E+02
3.50000E+00	1.40449E+01	1.31042E+02
3.50000E+00	1.43258E+01	1.36211E+02
3.50000E+00	1.46067E+01	1.41554E+02
3.50000E+00	1.48876E+01	1.47056E+02
3.50000E+00	1.51685E+01	1.52700E+02
3.50000E+00	1.54494E+01	1.58475E+02
3.50000E+00	1.57303E+01	1.64366E+02
3.50000E+00	1.60112E+01	1.70357E+02
3.50000E+00	1.62921E+01	1.76430E+02
3.50000E+00	1.65730E+01	1.82556E+02
3.50000E+00	1.68539E+01	1.88696E+02
3.50000E+00	1.71348E+01	1.94803E+02
3.50000E+00	1.74157E+01	2.00834E+02
3.50000E+00	1.76966E+01	2.06757E+02
3.50000E+00	1.79775E+01	2.12537E+02
3.50000E+00	1.82584E+01	2.18135E+02
3.50000E+00	1.85393E+01	2.23513E+02
3.50000E+00	1.88202E+01	2.28640E+02
3.50000E+00	1.91011E+01	2.33501E+02
3.50000E+00	1.93820E+01	2.38094E+02
3.50000E+00	1.96629E+01	2.42420E+02
3.50000E+00	1.99438E+01	2.46477E+02
3.50000E+00	2.02247E+01	2.50263E+02
3.50000E+00	2.05056E+01	2.53784E+02
3.50000E+00	2.07865E+01	2.57048E+02
3.50000E+00	2.10674E+01	2.60048E+02
3.50000E+00	2.13483E+01	2.62770E+02
3.50000E+00	2.16292E+01	2.65221E+02
3.50000E+00	2.19101E+01	2.67409E+02
3.50000E+00	2.21910E+01	2.69333E+02
3.50000E+00	2.24719E+01	2.70996E+02
3.50000E+00	2.27528E+01	2.72412E+02
3.50000E+00	2.30337E+01	2.73594E+02
3.50000E+00	2.33146E+01	2.74543E+02
3.50000E+00	2.35955E+01	2.75274E+02
3.50000E+00	2.38764E+01	2.75809E+02
3.50000E+00	2.41573E+01	2.76154E+02
3.50000E+00	2.44382E+01	2.76311E+02
3.50000E+00	2.47191E+01	2.76290E+02
3.50000E+00	2.50000E+01	2.76111E+02
4.00000E+00	0.00000E+00	1.16351E+00
4.00000E+00	2.80899E-01	1.33427E+00
4.00000E+00	5.61798E-01	1.65874E+00
4.00000E+00	8.42697E-01	2.26725E+00
4.00000E+00	1.12360E+00	3.36777E+00
4.00000E+00	1.40449E+00	5.20340E+00
4.00000E+00	1.68539E+00	8.00342E+00
4.00000E+00	1.96629E+00	1.16910E+01
4.00000E+00	2.24719E+00	1.56044E+01
4.00000E+00	2.52809E+00	1.88359E+01
4.00000E+00	2.80899E+00	2.09196E+01
4.00000E+00	3.08989E+00	2.19540E+01
4.00000E+00	3.37079E+00	2.22769E+01
4.00000E+00	3.65169E+00	2.22205E+01
4.00000E+00	3.93258E+00	2.20363E+01
4.00000E+00	4.21348E+00	2.18957E+01
4.00000E+00	4.49438E+00	2.19117E+01
4.00000E+00	4.77528E+00	2.21586E+01
4.00000E+00	5.05618E+00	2.26831E+01
4.00000E+00	5.33708E+00	2.35098E+01
4.00000E+00	5.61798E+00	2.46430E+01
4.00000E+00	5.89888E+00	2.60645E+01
4.00000E+00	6.17978E+00	2.77333E+01
4.00000E+00	6.46067E+00	2.95937E+01
4.00000E+00	6.74157E+00	3.15857E+01
4.00000E+00	7.02247E+00	3.36513E+01
4.00000E+00	7.30337E+00	3.57404E+01
4.00000E+00	7.58427E+00	3.78186E+01
4.00000E+00	7.86517E+00	3.98696E+01
4.00000E+00	8.14607E+00	4.18930E+01
4.00000E+00	8.42697E+00	4.38978E+01
4.00000E+00	8.70787E+00	4.58973E+01
4.00000E+00	8.98876E+00	4.79079E+01
4.00000E+00	9.26966E+00	4.99488E+01
4.00000E+00	9.55056E+00	5.20358E+01
4.00000E+00	9.83146E+00	5.41752E+01
4.00000E+00	1.01124E+01	5.63626E+01
4.00000E+00	1.03933E+01	5.85859E+01
4.00000E+00	1.06742E+01	6.08277E+01
4.00000E+00	1.09551E+01	6.30716E+01
4.00000E+00	1.12360E+01	6.53111E+01
4.00000E+00	1.15169E+01	6.75549E+01
4.00000E+00	1.17978E+01	6.98240E+01
4.00000E+00	1.20787E+01	7.21493E+01
4.00000E+00	1.23596E+01	7.45700E+01
4.00000E+00	1.26404E+01	7.71284E+01
4.00000E+00	1.29213E+01	7.98607E+01
4.00000E+00	1.32022E+01	8.27903E+01
4.00000E+00	1.34831E+01	8.59235E+01
4.00000E+00	1.37640E+01	8.92499E+01
4.00000E+00	1.40449E+01	9.27467E+01
4.00000E+00	1.43258E+01	9.63883E+01
4.00000E+00	1.46067E+01	1.00155E+02
4.00000E+00	1.48876E+01	1.04035E+02
4.00000E+00	1.51685E+01	1.08015E+02
4.00000E+00	1.54494E+01	1.12087E+02
4.00000E+00	1.57303E+01	1.16239E+02
4.00000E+00	1.60112E+01	1.20461E+02
4.00000E+00	1.62921E+01	1.24736E+02
4.00000E+00	1.65730E+01	1.29046E+02
4.00000E+00	1.68539E+01	1.33362E+02
4.00000E+00	1.71348E+01	1.37655E+02
4.00000E+00	1.74157E+01	1.41896E+02
4.00000E+00	1.76966E+01	1.46060E+02
4.00000E+00	1.79775E+01	1.50121E+02
4.00000E+00	1.82584E+01	1.54055E+02
4.00000E+00	1.85393E+01	1.57836E+02
4.00000E+00	1.88202E+01	1.61444E+02
4.00000E+00	1.91011E+01	1.64868E+02
4.00000E+00	1.93820E+01	1.68104E+02
4.00000E+00	1.96629E+01	1.71152E+02
4.00000E+00	1.99438E+01	1.74011E+02
4.00000E+00	2.02247E+01	1.76680E+02
4.00000E+00	2.05056E+01	1.79163E+02
4.00000E+00	2.07865E+01	1.81461E+02
4.00000E+00	2.10674E+01	1.83572E+02
4.00000E+00	2.13483E+01	1.85490E+02
4.00000E+00	2.16292E+01	1.87218E+02
4.00000E+00	2.19101E+01	1.88759E+02
4.00000E+00	2.21910E+01	1.90116E+02
4.00000E+00	2.24719E+01	1.91290E+02
4.00000E+00	2.27528E+01	1.92290E+02
4.00000E+00	2.30337E+01	1.93124E+02
4.00000E+00	2.33146E+01	1.93796E+02
4.00000E+00	2.35955E+01	1.94315E+02
4.00000E+00	2.38764E+01	1.94693E+02
4.00000E+00	2.41573E+01	1.94937E+02
4.00000E+00	2.44382E+01	1.95049E+02
4.00000E+00	2.47191E+01	1.95037E+02
4.00000E+00	2.50000E+01	1.94912E+02
5.00000E+00	0.00000E+00	1.23767E+00
5.00000E+00	2.80899E-01	1.41497E+00
5.00000E+00	5.61798E-01	1.70284E+00
5.00000E+00	8.42697E-01	2.15611E+00
5.00000E+00	1.12360E+00	2.86032E+00
5.00000E+00	1.40449E+00	3.87923E+00
5.00000E+00	1.68539E+00	5.20814E+00
5.00000E+00	1.96629E+00	6.73811E+00
5.00000E+00	2.24719E+00	8.24859E+00
5.00000E+00	2.52809E+00	9.50210E+00
5.00000E+00	2.80899E+00	1.03711E+01
5.00000E+00	3.08989E+00	1.08689E+01
5.00000E+00	3.37079E+00	1.10916E+01
5.00000E+00	3.65169E+00	1.11534E+01
5.00000E+00	3.93258E+00	1.11535E+01
5.00000E+00	4.21348E+00	1.11670E+01
5.00000E+00	4.49438E+00	1.12473E+01
5.00000E+00	4.77528E+00	1.14306E+01
5.00000E+00	5.05618E+00	1.17397E+01
5.00000E+00	5.33708E+00	1.21860E+01
5.00000E+00	5.61798E+00	1.27707E+01
5.00000E+00	5.89888E+00	1.34851E+01
5.00000E+00	6.17978E+00	1.43115E+01
5.00000E+00	6.46067E+00	1.52267E+01
5.00000E+00	6.74157E+00	1.62049E+01
5.00000E+00	7.02247E+00	1.72212E+01
5.00000E+00	7.30337E+00	1.82547E+01
5.00000E+00	7.58427E+00	1.92902E+01
5.00000E+00	7.86517E+00	2.03198E+01
5.00000E+00	8.14607E+00	2.13417E+01
5.00000E+00	8.42697E+00	2.23585E+01
5.00000E+00	8.70787E+00	2.33756E+01
5.00000E+00	8.98876E+00	2.43998E+01
5.00000E+00	9.26966E+00	2.54381E+01
5.00000E+00	9.55056E+00	2.64962E+01
5.00000E+00	9.83146E+00	2.75762E+01
5.00000E+00	1.01124E+01	2.86768E+01
5.00000E+00	1.03933E+01	2.97936E+01
5.00000E+00	1.06742E+01	3.09208E+01
5.00000E+00	1.09551E+01	3.20539E+01
5.00000E+00	1.12360E+01	3.31921E+01
5.00000E+00	1.15169E+01	3.43399E+01
5.00000E+00	1.17978E+01	3.55070E+01
5.00000E+00	1.20787E+01	3.67076E+01
5.00000E+00	1.23596E+01	3.79583E+01
5.00000E+00	1.26404E+01	3.92765E+01
5.00000E+00	1.29213E+01	4.06769E+01
5.00000E+00	1.32022E+01	4.21689E+01
5.00000E+00	1.34831E+01	4.37556E+01
5.00000E+00	1.37640E+01	4.54333E+01
5.00000E+00	1.40449E+01	4.71941E+01
5.00000E+00	1.43258E+01	4.90282E+01
5.00000E+00	1.46067E+01	5.09268E+01
5.00000E+00	1.48876E+01	5.28828E+01
5.00000E+00	1.51685E+01	5.48899E+01
5.00000E+00	1.54494E+01	5.69422E+01
5.00000E+00	1.57303E+01	5.90338E+01
5.00000E+00	1.60112E+01	6.11579E+01
5.00000E+00	1.62921E+01	6.33060E+01
5.00000E+00	1.65730E+01	6.54678E+01
5.00000E+00	1.68539E+01	6.76307E+01
5.00000E+00	1.71348E+01	6.97810E+01
5.00000E+00	1.74157E+01	7.19051E+01
5.00000E+00	1.76966E+01	7.39901E+01
5.00000E+00	1.79775E+01	7.60234E+01
5.00000E+00	1.82584E+01	7.79929E+01
5.00000E+00	1.85393E+01	7.98875E+01
5.00000E+00	1.88202E+01	8.16983E+01
5.00000E+00	1.91011E+01	8.34195E+01
5.00000E+00	1.93820E+01	8.50481E+01
5.00000E+00	1.96629E+01	8.65825E+01
5.00000E+00	1.99438E+01	8.80222E+01
5.00000E+00	2.02247E+01	8.93669E+01
5.00000E+00	2.05056E+01	9.06172E+01
5.00000E+00	2.07865E+01	9.17732E+01
5.00000E+00	2.10674E+01	9.28344E+01
5.00000E+00	2.13483E+01	9.38000E+01
5.00000E+00	2.16292E+01	9.46704E+01
5.00000E+00	2.19101E+01	9.54468E+01
5.00000E+00	2.21910E+01	9.61307E+01
5.00000E+00	2.24719E+01	9.67241E+01
5.00000E+00	2.27528E+01	9.72301E+01
5.00000E+00	2.30337E+01	9.76522E+01
5.00000E+00	2.33146E+01	9.79935E+01
5.00000E+00	2.35955E+01	9.82584E+01
5.00000E+00	2.38764E+01	9.84511E+01
5.00000E+00	2.41573E+01	9.85752E+01
5.00000E+00	2.44382E+01	9.86338E+01
5.00000E+00	2.47191E+01	9.86305E+01
5.00000E+00	2.50000E+01	9.85693E+01
6.00000E+00	0.00000E+00	1.25938E+00
6.00000E+00	2.80899E-01	1.40966E+00
6.00000E+00	5.61798E-01	1.63073E+00
6.00000E+00	8.42697E-01	1.94423E+00
6.00000E+00	1.12360E+00	2.37623E+00
6.00000E+00	1.40449E+00	2.94992E+00
6.00000E+00	1.68539E+00	3.64080E+00
6.00000E+00	1.96629E+00	4.38325E+00
6.00000E+00	2.24719E+00	5.08725E+00
6.00000E+00	2.52809E+00	5.67185E+00
6.00000E+00	2.80899E+00	6.09591E+00
6.00000E+00	3.08989E+00	6.36443E+00
6.00000E+00	3.37079E+00	6.51318E+00
6.00000E+00	3.65169E+00	6.58877E+00
6.00000E+00	3.93258E+00	6.63548E+00
6.00000E+00	4.21348E+00	6.68956E+00
6.00000E+00	4.49438E+00	6.77829E+00
6.00000E+00	4.77528E+00	6.92082E+00
6.00000E+00	5.05618E+00	7.12926E+00
6.00000E+00	5.33708E+00	7.40960E+00
6.00000E+00	5.61798E+00	7.76230E+00
6.00000E+00	5.89888E+00	8.18285E+00
6.00000E+00	6.17978E+00	8.66259E+00
6.00000E+00	6.46067E+00	9.19012E+00
6.00000E+00	6.74157E+00	9.75286E+00
6.00000E+00	7.02247E+00	1.03387E+01
6.00000E+00	7.30337E+00	1.09371E+01
6.00000E+00	7.58427E+00	1.15407E+01
6.00000E+00	7.86517E+00	1.21447E+01
6.00000E+00	8.14607E+00	1.27478E+01
6.00000E+00	8.42697E+00	1.33506E+01
6.00000E+00	8.70787E+00	1.39552E+01
6.00000E+00	8.98876E+00	1.45647E+01
6.00000E+00	9.26966E+00	1.51821E+01
6.00000E+00	9.55056E+00	1.58096E+01
6.00000E+00	9.83146E+00	1.64482E+01
6.00000E+00	1.01124E+01	1.70976E+01
6.00000E+00	1.03933E+01	1.77561E+01
6.00000E+00	1.06742E+01	1.84219E+01
6.00000E+00	1.09551E+01	1.90939E+01
6.00000E+00	1.12360E+01	1.97726E+01
6.00000E+00	1.15169E+01	2.04610E+01
6.00000E+00	1.17978E+01	2.11643E+01
6.00000E+00	1.20787E+01	2.18897E+01
6.00000E+00	1.23596E+01	2.26454E+01
6.00000E+00	1.26404E+01	2.34398E+01
6.00000E+00	1.29213E+01	2.42797E+01
6.00000E+00	1.32022E+01	2.51696E+01
6.00000E+00	1.34831E+01	2.61112E+01
6.00000E+00	1.37640E+01	2.71032E+01
6.00000E+00	1.40449E+01	2.81421E+01
6.00000E+00	1.43258E+01	2.92236E+01
6.00000E+00	1.46067E+01	3.03430E+01
6.00000E+00	1.48876E+01	3.14962E+01
6.00000E+00	1.51685E+01	3.26793E+01
6.00000E+00	1.54494E+01	3.38884E+01
6.00000E+00	1.57303E+01	3.51197E+01
6.00000E+00	1.60112E+01	3.63686E+01
6.00000E+00	1.62921E+01	3.76299E+01
6.00000E+00	1.65730E+01	3.88975E+01
6.00000E+00	1.68539E+01	4.01645E+01
6.00000E+00	1.71348E+01	4.14233E+01
6.00000E+00	1.74157E+01	4.26663E+01
6.00000E+00	1.76966E+01	4.38862E+01
6.00000E+00	1.79775E+01	4.50759E+01
6.00000E+00	1.82584E+01	4.62286E+01
6.00000E+00	1.85393E+01	4.73383E+01
6.00000E+00	1.88202E+01	4.84004E+01
6.00000E+00	1.91011E+01	4.94113E+01
6.00000E+00	1.93820E+01	5.03688E+01
6.00000E+00	1.96629E+01	5.12715E+01
6.00000E+00	1.99438E+01	5.21189E+01
6.00000E+00	2.02247E+01	5.29107E+01
6.00000E+00	2.05056E+01	5.36467E+01
6.00000E+00	2.07865E+01	5.43270E+01
6.00000E+00	2.10674E+01	5.49513E+01
6.00000E+00	2.13483E+01	5.55197E+01
6.00000E+00	2.16292E+01	5.60324E+01
6.00000E+00	2.19101E+01	5.64900E+01
6.00000E+00	2.21910E+01	5.68935E+01
6.00000E+00	2.24719E+01	5.72442E+01
6.00000E+00	2.27528E+01	5.75437E+01
6.00000E+00	2.30337E+01	5.77939E+01
6.00000E+00	2.33146E+01	5.79969E+01
6.00000E+00	2.35955E+01	5.81548E+01
6.00000E+00	2.38764E+01	5.82699E+01
6.00000E+00	2.41573E+01	5.83445E+01
6.00000E+00	2.44382E+01	5.83806E+01
6.00000E+00	2.47191E+01	5.83803E+01
6.00000E+00	2.50000E+01	5.83457E+01
7.00000E+00	0.00000E+00	1.26052E+00
7.00000E+00	2.80899E-01	1.38273E+00
7.00000E+00	5.61798E-01	1.54992E+00
7.00000E+00	8.42697E-01	1.77024E+00
7.00000E+00	1.12360E+00	2.04988E+00
7.00000E+00	1.40449E+00	2.39386E+00
7.00000E+00	1.68539E+00	2.79167E+00
7.00000E+00	1.96629E+00	3.20679E+00
7.00000E+00	2.24719E+00	3.59565E+00
7.00000E+00	2.52809E+00	3.92206E+00
7.00000E+00	2.80899E+00	4.16847E+00
7.00000E+00	3.08989E+00	4.33766E+00
7.00000E+00	3.37079E+00	4.44658E+00
7.00000E+00	3.65169E+00	4.51834E+00
7.00000E+00	3.93258E+00	4.57606E+00
7.00000E+00	4.21348E+00	4.63965E+00
7.00000E+00	4.49438E+00	4.72468E+00
7.00000E+00	4.77528E+00	4.84232E+00
7.00000E+00	5.05618E+00	4.99973E+00
7.00000E+00	5.33708E+00	5.20040E+00
7.00000E+00	5.61798E+00	5.44458E+00
7.00000E+00	5.89888E+00	5.72968E+00
7.00000E+00	6.17978E+00	6.05085E+00
7.00000E+00	6.46067E+00	6.40174E+00
7.00000E+00	6.74157E+00	6.77534E+00
7.00000E+00	7.02247E+00	7.16487E+00
7.00000E+00	7.30337E+00	7.56443E+00
7.00000E+00	7.58427E+00	7.96957E+00
7.00000E+00	7.86517E+00	8.37747E+00
7.00000E+00	8.14607E+00	8.78688E+00
7.00000E+00	8.42697E+00	9.19781E+00
7.00000E+00	8.70787E+00	9.61116E+00
7.00000E+00	8.98876E+00	1.00283E+01
7.00000E+00	9.26966E+00	1.04507E+01
7.00000E+00	9.55056E+00	1.08793E+01
7.00000E+00	9.83146E+00	1.13149E+01
7.00000E+00	1.01124E+01	1.17573E+01
7.00000E+00	1.03933E+01	1.22060E+01
7.00000E+00	1.06742E+01	1.26607E+01
7.00000E+00	1.09551E+01	1.31212E+01
7.00000E+00	1.12360E+01	1.35885E+01
7.00000E+00	1.15169E+01	1.40647E+01
7.00000E+00	1.17978E+01	1.45529E+01
7.00000E+00	1.20787E+01	1.50574E+01
7.00000E+00	1.23596E+01	1.55828E+01
7.00000E+00	1.26404E+01	1.61336E+01
7.00000E+00	1.29213E+01	1.67136E+01
7.00000E+00	1.32022E+01	1.73253E+01
7.00000E+00	1.34831E+01	1.79696E+01
7.00000E+00	1.37640E+01	1.86460E+01
7.00000E+00	1.40449E+01	1.93527E+01
7.00000E+00	1.43258E+01	2.00875E+01
7.00000E+00	1.46067E+01	2.08475E+01
7.00000E+00	1.48876E+01	2.16301E+01
7.00000E+00	1.51685E+01	2.24325E+01
7.00000E+00	1.54494E+01	2.32521E+01
7.00000E+00	1.57303E+01	2.40858E+01
7.00000E+00	1.60112E+01	2.49304E+01
7.00000E+00	1.62921E+01	2.57823E+01
7.00000E+00	1.65730E+01	2.66375E+01
7.00000E+00	1.68539E+01	2.74914E+01
7.00000E+00	1.71348E+01	2.83392E+01
7.00000E+00	1.74157E+01	2.91760E+01
7.00000E+00	1.76966E+01	2.99971E+01
7.00000E+00	1.79775E+01	3.07979E+01
7.00000E+00	1.82584E+01	3.15741E+01
7.00000E+00	1.85393E+01	3.23220E+01
7.00000E+00	1.88202E+01	3.30385E+01
7.00000E+00	1.91011E+01	3.37213E+01
7.00000E+00	1.93820E+01	3.43687E+01
7.00000E+00	1.96629E+01	3.49796E+01
7.00000E+00	1.99438E+01	3.55533E+01
7.00000E+00	2.02247E+01	3.60895E+01
7.00000E+00	2.05056E+01	3.65880E+01
7.00000E+00	2.07865E+01	3.70488E+01
7.00000E+00	2.10674E+01	3.74717E+01
7.00000E+00	2.13483E+01	3.78569E+01
7.00000E+00	2.16292E+01	3.82045E+01
7.00000E+00	2.19101E+01	3.85151E+01
7.00000E+00	2.21910E+01	3.87893E+01
7.00000E+00	2.24719E+01	3.90279E+01
7.00000E+00	2.27528E+01	3.92320E+01
7.00000E+00	2.30337E+01	3.94029E+01
7.00000E+00	2.33146E+01	3.95418E+01
7.00000E+00	2.35955E+01	3.96502E+01
7.00000E+00	2.38764E+01	3.97296E+01
7.00000E+00	2.41573E+01	3.97815E+01
7.00000E+00	2.44382E+01	3.98072E+01
7.00000E+00	2.47191E+01	3.98082E+01
7.00000E+00	2.50000E+01	3.97859E+01
8.00000E+00	0.00000E+00	1.25287E+00
8.00000E+00	2.80899E-01	1.35154E+00
8.00000E+00	5.61798E-01	1.47922E+00
8.00000E+00	8.42697E-01	1.63850E+00
8.00000E+00	1.12360E+00	1.82960E+00
8.00000E+00	1.40449E+00	2.05044E+00
8.00000E+00	1.68539E+00	2.29749E+00
8.00000E+00	1.96629E+00	2.55353E+00
8.00000E+00	2.24719E+00	2.79522E+00
8.00000E+00	2.52809E+00	3.00338E+00
8.00000E+00	2.80899E+00	3.16814E+00
8.00000E+00	3.08989E+00	3.29028E+00
8.00000E+00	3.37079E+00	3.37862E+00
8.00000E+00	3.65169E+00	3.44609E+00
8.00000E+00	3.93258E+00	3.50624E+00
8.00000E+00	4.21348E+00	3.57126E+00
8.00000E+00	4.49438E+00	3.65093E+00
8.00000E+00	4.77528E+00	3.75243E+00
8.00000E+00	5.05618E+00	3.88039E+00
8.00000E+00	5.33708E+00	4.03708E+00
8.00000E+00	5.61798E+00	4.22271E+00
8.00000E+00	5.89888E+00	4.43570E+00
8.00000E+00	6.17978E+00	4.67310E+00
8.00000E+00	6.46067E+00	4.93102E+00
8.00000E+00	6.74157E+00	5.20520E+00
8.00000E+00	7.02247E+00	5.49146E+00
8.00000E+00	7.30337E+00	5.78611E+00
8.00000E+00	7.58427E+00	6.08629E+00
8.00000E+00	7.86517E+00	6.39008E+00
8.00000E+00	8.14607E+00	6.69644E+00
8.00000E+00	8.42697E+00	7.00515E+00
8.00000E+00	8.70787E+00	7.31653E+00
8.00000E+00	8.98876E+00	7.63120E+00
8.00000E+00	9.26966E+00	7.94990E+00
8.00000E+00	9.55056E+00	8.27322E+00
8.00000E+00	9.83146E+00	8.60154E+00
8.00000E+00	1.01124E+01	8.93498E+00
8.00000E+00	1.03933E+01	9.27354E+00
8.00000E+00	1.06742E+01	9.61728E+00
8.00000E+00	1.09551E+01	9.96657E+00
8.00000E+00	1.12360E+01	1.03223E+01
8.00000E+00	1.15169E+01	1.06861E+01
8.00000E+00	1.17978E+01	1.10601E+01
8.00000E+00	1.20787E+01	1.14470E+01
8.00000E+00	1.23596E+01	1.18495E+01
8.00000E+00	1.26404E+01	1.22706E+01
8.00000E+00	1.29213E+01	1.27123E+01
8.00000E+00	1.32022E+01	1.31763E+01
8.00000E+00	1.34831E+01	1.36631E+01
8.00000E+00	1.37640E+01	1.41725E+01
8.00000E+00	1.40449E+01	1.47035E+01
8.00000E+00	1.43258E+01	1.52546E+01
8.00000E+00	1.46067E+01	1.58240E+01
8.00000E+00	1.48876E+01	1.64097E+01
8.00000E+00	1.51685E+01	1.70098E+01
8.00000E+00	1.54494E+01	1.76221E+01
8.00000E+00	1.57303E+01	1.82443E+01
8.00000E+00	1.60112E+01	1.88739E+01
8.00000E+00	1.62921E+01	1.95083E+01
8.00000E+00	1.65730E+01	2.01443E+01
8.00000E+00	1.68539E+01	2.07787E+01
8.00000E+00	1.71348E+01	2.14082E+01
8.00000E+00	1.74157E+01	2.20293E+01
8.00000E+00	1.76966E+01	2.26386E+01
8.00000E+00	1.79775E+01	2.32328E+01
8.00000E+00	1.82584E+01	2.38091E+01
8.00000E+00	1.85393E+01	2.43648E+01
8.00000E+00	1.88202E+01	2.48976E+01
8.00000E+00	1.91011E+01	2.54058E+01
8.00000E+00	1.93820E+01	2.58882E+01
8.00000E+00	1.96629E+01	2.63437E+01
8.00000E+00	1.99438E+01	2.67718E+01
8.00000E+00	2.02247E+01	2.71721E+01
8.00000E+00	2.05056E+01	2.75444E+01
8.00000E+00	2.07865E+01	2.78885E+01
8.00000E+00	2.10674E+01	2.82045E+01
8.00000E+00	2.13483E+01	2.84924E+01
8.00000E+00	2.16292E+01	2.87524E+01
8.00000E+00	2.19101E+01	2.89850E+01
8.00000E+00	2.21910E+01	2.91905E+01
8.00000E+00	2.24719E+01	2.93696E+01
8.00000E+00	2.27528E+01	2.95230E+01
8.00000E+00	2.30337E+01	2.96518E+01
8.00000E+00	2.33146E+01	2.97567E+01
8.00000E+00	2.35955E+01	2.98389E+01
8.00000E+00	2.38764E+01	2.98993E+01
8.00000E+00	2.41573E+01	2.99392E+01
8.00000E+00	2.44382E+01	2.99595E+01
8.00000E+00	2.47191E+01	2.99612E+01
8.00000E+00	2.50000E+01	2.99456E+01
9.00000E+00	0.00000E+00	1.24124E+00
9.00000E+00	2.80899E-01	1.32117E+00
9.00000E+00	5.61798E-01	1.42016E+00
9.00000E+00	8.42697E-01	1.53860E+00
9.00000E+00	1.12360E+00	1.67509E+00
9.00000E+00	1.40449E+00	1.82652E+00
9.00000E+00	1.68539E+00	1.98940E+00
9.00000E+00	1.96629E+00	2.15860E+00
9.00000E+00	2.24719E+00	2.32144E+00
9.00000E+00	2.52809E+00	2.46682E+00
9.00000E+00	2.80899E+00	2.58841E+00
9.00000E+00	3.08989E+00	2.68566E+00
9.00000E+00	3.37079E+00	2.76300E+00
9.00000E+00	3.65169E+00	2.82787E+00
9.00000E+00	3.93258E+00	2.88868E+00
9.00000E+00	4.21348E+00	2.95335E+00
9.00000E+00	4.49438E+00	3.02850E+00
9.00000E+00	4.77528E+00	3.11907E+00
9.00000E+00	5.05618E+00	3.22833E+00
9.00000E+00	5.33708E+00	3.35795E+00
9.00000E+00	5.61798E+00	3.50815E+00
9.00000E+00	5.89888E+00	3.67799E+00
9.00000E+00	6.17978E+00	3.86558E+00
9.00000E+00	6.46067E+00	4.06843E+00
9.00000E+00	6.74157E+00	4.28378E+00
9.00000E+00	7.02247E+00	4.50888E+00
9.00000E+00	7.30337E+00	4.74128E+00
9.00000E+00	7.58427E+00	4.97902E+00
9.00000E+00	7.86517E+00	5.22070E+00
9.00000E+00	8.14607E+00	5.46549E+00
9.00000E+00	8.42697E+00	5.71306E+00
9.00000E+00	8.70787E+00	5.96345E+00
9.00000E+00	8.98876E+00	6.21695E+00
9.00000E+00	9.26966E+00	6.47392E+00
9.00000E+00	9.55056E+00	6.73473E+00
9.00000E+00	9.83146E+00	6.99965E+00
9.00000E+00	1.01124E+01	7.26890E+00
9.00000E+00	1.03933E+01	7.54264E+00
9.00000E+00	1.06742E+01	7.82116E+00
9.00000E+00	1.09551E+01	8.10496E+00
9.00000E+00	1.12360E+01	8.39486E+00
9.00000E+00	1.15169E+01	8.69207E+00
9.00000E+00	1.17978E+01	8.99814E+00
9.00000E+00	1.20787E+01	9.31488E+00
9.00000E+00	1.23596E+01	9.64418E+00
9.00000E+00	1.26404E+01	9.98780E+00
9.00000E+00	1.29213E+01	1.03472E+01
9.00000E+00	1.32022E+01	1.07233E+01
9.00000E+00	1.34831E+01	1.11166E+01
9.00000E+00	1.37640E+01	1.15269E+01
9.00000E+00	1.40449E+01	1.19535E+01
9.00000E+00	1.43258E+01	1.23953E+01
9.00000E+00	1.46067E+01	1.28512E+01
9.00000E+00	1.48876E+01	1.33196E+01
9.00000E+00	1.51685E+01	1.37989E+01
9.00000E+00	1.54494E+01	1.42875E+01
9.00000E+00	1.57303E+01	1.47833E+01
9.00000E+00	1.60112E+01	1.52845E+01
9.00000E+00	1.62921E+01	1.57889E+01
9.00000E+00	1.65730E+01	1.62940E+01
9.00000E+00	1.68539E+01	1.67975E+01
9.00000E+00	1.71348E+01	1.72967E+01
9.00000E+00	1.74157E+01	1.77890E+01
9.00000E+00	1.76966E+01	1.82719E+01
9.00000E+00	1.79775E+01	1.87429E+01
9.00000E+00	1.82584E+01	1.91998E+01
9.00000E+00	1.85393E+01	1.96407E+01
9.00000E+00	1.88202E+01	2.00637E+01
9.00000E+00	1.91011E+01	2.04676E+01
9.00000E+00	1.93820E+01	2.08513E+01
9.00000E+00	1.96629E+01	2.12139E+01
9.00000E+00	1.99438E+01	2.15549E+01
9.00000E+00	2.02247E+01	2.18740E+01
9.00000E+00	2.05056E+01	2.21708E+01
9.00000E+00	2.07865E+01	2.24454E+01
9.00000E+00	2.10674E+01	2.26975E+01
9.00000E+00	2.13483E+01	2.29275E+01
9.00000E+00	2.16292E+01	2.31353E+01
9.00000E+00	2.19101E+01	2.33213E+01
9.00000E+00	2.21910E+01	2.34859E+01
9.00000E+00	2.24719E+01	2.36295E+01
9.00000E+00	2.27528E+01	2.37528E+01
9.00000E+00	2.30337E+01	2.38565E+01
9.00000E+00	2.33146E+01	2.39412E+01
9.00000E+00	2.35955E+01	2.40078E+01
9.00000E+00	2.38764E+01	2.40570E+01
9.00000E+00	2.41573E+01	2.40898E+01
9.00000E+00	2.44382E+01	2.41069E+01
9.00000E+00	2.47191E+01	2.41093E+01
9.00000E+00	2.50000E+01	2.40977E+01
1.00000E+01	0.00000E+00	1.22811E+00
1.00000E+01	2.80899E-01	1.29335E+00
1.00000E+01	5.61798E-01	1.37140E+00
1.00000E+01	8.42697E-01	1.46186E+00
1.00000E+01	1.12360E+00	1.56311E+00
1.00000E+01	1.40449E+00	1.67248E+00
1.00000E+01	1.68539E+00	1.78695E+00
1.00000E+01	1.96629E+00	1.90459E+00
1.00000E+01	2.24719E+00	2.02092E+00
1.00000E+01	2.52809E+00	2.12907E+00
1.00000E+01	2.80899E+00	2.22479E+00
1.00000E+01	3.08989E+00	2.30701E+00
1.00000E+01	3.37079E+00	2.37770E+00
1.00000E+01	3.65169E+00	2.44101E+00
1.00000E+01	3.93258E+00	2.50214E+00
1.00000E+01	4.21348E+00	2.56632E+00
1.00000E+01	4.49438E+00	2.63814E+00
1.00000E+01	4.77528E+00	2.72117E+00
1.00000E+01	5.05618E+00	2.81786E+00
1.00000E+01	5.33708E+00	2.92952E+00
1.00000E+01	5.61798E+00	3.05646E+00
1.00000E+01	5.89888E+00	3.19815E+00
1.00000E+01	6.17978E+00	3.35338E+00
1.00000E+01	6.46067E+00	3.52053E+00
1.00000E+01	6.74157E+00	3.69774E+00
1.00000E+01	7.02247E+00	3.88315E+00
1.00000E+01	7.30337E+00	4.07508E+00
1.00000E+01	7.58427E+00	4.27211E+00
1.00000E+01	7.86517E+00	4.47320E+00
1.00000E+01	8.14607E+00	4.67767E+00
1.00000E+01	8.42697E+00	4.88519E+00
1.00000E+01	8.70787E+00	5.09567E+00
1.00000E+01	8.98876E+00	5.30920E+00
1.00000E+01	9.26966E+00	5.52598E+00
1.00000E+01	9.55056E+00	5.74624E+00
1.00000E+01	9.83146E+00	5.97021E+00
1.00000E+01	1.01124E+01	6.19810E+00
1.00000E+01	1.03933E+01	6.43017E+00
1.00000E+01	1.06742E+01	6.66678E+00
1.00000E+01	1.09551E+01	6.90842E+00
1.00000E+01	1.12360E+01	7.15581E+00
1.00000E+01	1.15169E+01	7.40991E+00
1.00000E+01	1.17978E+01	7.67186E+00
1.00000E+01	1.20787E+01	7.94294E+00
1.00000E+01	1.23596E+01	8.22446E+00
1.00000E+01	1.26404E+01	8.51760E+00
1.00000E+01	1.29213E+01	8.82334E+00
1.00000E+01	1.32022E+01	9.14232E+00
1.00000E+01	1.34831E+01	9.47478E+00
1.00000E+01	1.37640E+01	9.82061E+00
1.00000E+01	1.40449E+01	1.01793E+01
1.00000E+01	1.43258E+01	1.05501E+01
1.00000E+01	1.46067E+01	1.09320E+01
1.00000E+01	1.48876E+01	1.13238E+01
1.00000E+01	1.51685E+01	1.17242E+01
1.00000E+01	1.54494E+01	1.21318E+01
1.00000E+01	1.57303E+01	1.25450E+01
1.00000E+01	1.60112E+01	1.29621E+01
1.00000E+01	1.62921E+01	1.33815E+01
1.00000E+01	1.65730E+01	1.38010E+01
1.00000E+01	1.68539E+01	1.42188E+01
1.00000E+01	1.71348E+01	1.46328E+01
1.00000E+01	1.74157E+01	1.50409E+01
1.00000E+01	1.76966E+01	1.54411E+01
1.00000E+01	1.79775E+01	1.58315E+01
1.00000E+01	1.82584E+01	1.62104E+01
1.00000E+01	1.85393E+01	1.65761E+01
1.00000E+01	1.88202E+01	1.69273E+01
1.00000E+01	1.91011E+01	1.72629E+01
1.00000E+01	1.93820E+01	1.75818E+01
1.00000E+01	1.96629E+01	1.78836E+01
1.00000E+01	1.99438E+01	1.81675E+01
1.00000E+01	2.02247E+01	1.84334E+01
1.00000E+01	2.05056E+01	1.86809E+01
1.00000E+01	2.07865E+01	1.89099E+01
1.00000E+01	2.10674E+01	1.91203E+01
1.00000E+01	2.13483E+01	1.93124E+01
1.00000E+01	2.16292E+01	1.94861E+01
1.00000E+01	2.19101E+01	1.96417E+01
1.00000E+01	2.21910E+01	1.97796E+01
1.00000E+01	2.24719E+01	1.99001E+01
1.00000E+01	2.27528E+01	2.00038E+01
1.00000E+01	2.30337E+01	2.00911E+01
1.00000E+01	2.33146E+01	2.01626E+01
1.00000E+01	2.35955E+01	2.02191E+01
1.00000E+01	2.38764E+01	2.02611E+01
1.00000E+01	2.41573E+01	2.02893E+01
1.00000E+01	2.44382E+01	2.03045E+01
1.00000E+01	2.47191E+01	2.03073E+01
1.00000E+01	2.50000E+01	2.02984E+01
