1.00000E-04	0.00000E+00	1.00846E+00
1.00000E-04	2.80899E-01	6.25635E-01
1.00000E-04	5.61798E-01	7.24100E-01
1.00000E-04	8.42697E-01	7.79547E-01
1.00000E-04	1.12360E+00	8.10453E-01
1.00000E-04	1.40449E+00	8.35634E-01
1.00000E-04	1.68539E+00	8.62312E-01
1.00000E-04	1.96629E+00	8.92033E-01
1.00000E-04	2.24719E+00	9.24200E-01
1.00000E-04	2.52809E+00	9.57676E-01
1.00000E-04	2.80899E+00	9.90152E-01
1.00000E-04	3.08989E+00	9.95090E-01
1.00000E-04	3.37079E+00	9.63114E-01
1.00000E-04	3.65169E+00	9.11677E-01
1.00000E-04	3.93258E+00	8.55247E-01
1.00000E-04	4.21348E+00	8.01080E-01
1.00000E-04	4.49438E+00	7.50687E-01
1.00000E-04	4.77528E+00	7.04727E-01
1.00000E-04	5.05618E+00	6.63044E-01
1.00000E-04	5.33708E+00	6.25490E-01
1.00000E-04	5.61798E+00	5.91319E-01
1.00000E-04	5.89888E+00	5.60265E-01
1.00000E-04	6.17978E+00	5.31722E-01
1.00000E-04	6.46067E+00	5.05468E-01
1.00000E-04	6.74157E+00	4.81351E-01
1.00000E-04	7.02247E+00	4.59040E-01
1.00000E-04	7.30337E+00	4.38418E-01
1.00000E-04	7.58427E+00	4.19341E-01
1.00000E-04	7.86517E+00	4.01636E-01
1.00000E-04	8.14607E+00	3.85218E-01
1.00000E-04	8.42697E+00	3.69884E-01
1.00000E-04	8.70787E+00	3.55588E-01
1.00000E-04	8.98876E+00	3.42219E-01
1.00000E-04	9.26966E+00	3.29734E-01
1.00000E-04	9.55056E+00	3.17964E-01
1.00000E-04	9.83146E+00	3.06887E-01
1.00000E-04	1.01124E+01	2.96410E-01
1.00000E-04	1.03933E+01	2.86485E-01
1.00000E-04	1.06742E+01	2.77080E-01
1.00000E-04	1.09551E+01	2.68134E-01
1.00000E-04	1.12360E+01	2.59655E-01
1.00000E-04	1.15169E+01	2.51549E-01
1.00000E-04	1.17978E+01	2.43811E-01
1.00000E-04	1.20787E+01	2.36430E-01
1.00000E-04	1.23596E+01	2.29354E-01
1.00000E-04	1.26404E+01	2.22570E-01
1.00000E-04	1.29213E+01	2.16073E-01
1.00000E-04	1.32022E+01	2.09849E-01
1.00000E-04	1.34831E+01	2.03869E-01
1.00000E-04	1.37640E+01	1.98134E-01
1.00000E-04	1.40449E+01	1.92629E-01
1.00000E-04	1.43258E+01	1.87328E-01
1.00000E-04	1.46067E+01	1.82233E-01
1.00000E-04	1.48876E+01	1.77333E-01
1.00000E-04	1.51685E+01	1.72630E-01
1.00000E-04	1.54494E+01	1.68117E-01
1.00000E-04	1.57303E+01	1.63789E-01
1.00000E-04	1.60112E+01	1.59636E-01
1.00000E-04	1.62921E+01	1.55652E-01
1.00000E-04	1.65730E+01	1.51829E-01
1.00000E-04	1.68539E+01	1.48156E-01
1.00000E-04	1.71348E+01	1.44628E-01
1.00000E-04	1.74157E+01	1.41235E-01
1.00000E-04	1.76966E+01	1.37973E-01
1.00000E-04	1.79775E+01	1.34835E-01
1.00000E-04	1.82584E+01	1.31814E-01
1.00000E-04	1.85393E+01	1.28901E-01
1.00000E-04	1.88202E+01	1.26095E-01
1.00000E-04	1.91011E+01	1.23389E-01
1.00000E-04	1.93820E+01	1.20777E-01
1.00000E-04	1.96629E+01	1.18258E-01
1.00000E-04	1.99438E+01	1.15825E-01
1.00000E-04	2.02247E+01	1.13472E-01
1.00000E-04	2.05056E+01	1.11199E-01
1.00000E-04	2.07865E+01	1.09002E-01
1.00000E-04	2.10674E+01	1.06873E-01
1.00000E-04	2.13483E+01	1.04816E-01
1.00000E-04	2.16292E+01	1.02822E-01
1.00000E-04	2.19101E+01	1.00891E-01
1.00000E-04	2.21910E+01	9.90202E-02
1.00000E-04	2.24719E+01	9.72061E-02
1.00000E-04	2.27528E+01	9.54461E-02
1.00000E-04	2.30337E+01	9.37401E-02
1.00000E-04	2.33146E+01	9.20834E-02
1.00000E-04	2.35955E+01	9.04744E-02
1.00000E-04	2.38764E+01	8.89123E-02
1.00000E-04	2.41573E+01	8.73957E-02
1.00000E-04	2.44382E+01	8.59202E-02
1.00000E-04	2.47191E+01	8.44866E-02
1.00000E-04	2.50000E+01	8.30920E-02
5.00000E-04	0.00000E+00	1.00307E+00
5.00000E-04	2.80899E-01	6.27833E-01
5.00000E-04	5.61798E-01	7.26753E-01
5.00000E-04	8.42697E-01	7.82492E-01
5.00000E-04	1.12360E+00	8.13273E-01
5.00000E-04	1.40449E+00	8.38688E-01
5.00000E-04	1.68539E+00	8.65467E-01
5.00000E-04	1.96629E+00	8.95297E-01
5.00000E-04	2.24719E+00	9.27580E-01
5.00000E-04	2.52809E+00	9.61179E-01
5.00000E-04	2.80899E+00	9.93774E-01
5.00000E-04	3.08989E+00	9.98775E-01
5.00000E-04	3.37079E+00	9.66637E-01
5.00000E-04	3.65169E+00	9.15007E-01
5.00000E-04	3.93258E+00	8.58380E-01
5.00000E-04	4.21348E+00	8.03962E-01
5.00000E-04	4.49438E+00	7.53433E-01
5.00000E-04	4.77528E+00	7.07304E-01
5.00000E-04	5.05618E+00	6.65470E-01
5.00000E-04	5.33708E+00	6.27778E-01
5.00000E-04	5.61798E+00	5.93482E-01
5.00000E-04	5.89888E+00	5.62314E-01
5.00000E-04	6.17978E+00	5.33667E-01
5.00000E-04	6.46067E+00	5.07318E-01
5.00000E-04	6.74157E+00	4.83112E-01
5.00000E-04	7.02247E+00	4.60719E-01
5.00000E-04	7.30337E+00	4.40024E-01
5.00000E-04	7.58427E+00	4.20875E-01
5.00000E-04	7.86517E+00	4.03105E-01
5.00000E-04	8.14607E+00	3.86628E-01
5.00000E-04	8.42697E+00	3.71237E-01
5.00000E-04	8.70787E+00	3.56889E-01
5.00000E-04	8.98876E+00	3.43482E-01
5.00000E-04	9.26966E+00	3.30940E-01
5.00000E-04	9.55056E+00	3.19128E-01
5.00000E-04	9.83146E+00	3.08009E-01
5.00000E-04	1.01124E+01	2.97494E-01
5.00000E-04	1.03933E+01	2.87530E-01
5.00000E-04	1.06742E+01	2.78094E-01
5.00000E-04	1.09551E+01	2.69115E-01
5.00000E-04	1.12360E+01	2.60605E-01
5.00000E-04	1.15169E+01	2.52469E-01
5.00000E-04	1.17978E+01	2.44703E-01
5.00000E-04	1.20787E+01	2.37295E-01
5.00000E-04	1.23596E+01	2.30193E-01
5.00000E-04	1.26404E+01	2.23384E-01
5.00000E-04	1.29213E+01	2.16863E-01
5.00000E-04	1.32022E+01	2.10617E-01
5.00000E-04	1.34831E+01	2.04615E-01
5.00000E-04	1.37640E+01	1.98859E-01
5.00000E-04	1.40449E+01	1.93334E-01
5.00000E-04	1.43258E+01	1.88014E-01
5.00000E-04	1.46067E+01	1.82899E-01
5.00000E-04	1.48876E+01	1.77981E-01
5.00000E-04	1.51685E+01	1.73261E-01
5.00000E-04	1.54494E+01	1.68732E-01
5.00000E-04	1.57303E+01	1.64388E-01
5.00000E-04	1.60112E+01	1.60219E-01
5.00000E-04	1.62921E+01	1.56222E-01
5.00000E-04	1.65730E+01	1.52384E-01
5.00000E-04	1.68539E+01	1.48698E-01
5.00000E-04	1.71348E+01	1.45157E-01
5.00000E-04	1.74157E+01	1.41752E-01
5.00000E-04	1.76966E+01	1.38478E-01
5.00000E-04	1.79775E+01	1.35328E-01
5.00000E-04	1.82584E+01	1.32296E-01
5.00000E-04	1.85393E+01	1.29372E-01
5.00000E-04	1.88202E+01	1.26556E-01
5.00000E-04	1.91011E+01	1.23840E-01
5.00000E-04	1.93820E+01	1.21219E-01
5.00000E-04	1.96629E+01	1.18690E-01
5.00000E-04	1.99438E+01	1.16248E-01
5.00000E-04	2.02247E+01	1.13887E-01
5.00000E-04	2.05056E+01	1.11606E-01
5.00000E-04	2.07865E+01	1.09400E-01
5.00000E-04	2.10674E+01	1.07264E-01
5.00000E-04	2.13483E+01	1.05199E-01
5.00000E-04	2.16292E+01	1.03198E-01
5.00000E-04	2.19101E+01	1.01260E-01
5.00000E-04	2.21910E+01	9.93824E-02
5.00000E-04	2.24719E+01	9.75617E-02
5.00000E-04	2.27528E+01	9.57953E-02
5.00000E-04	2.30337E+01	9.40830E-02
5.00000E-04	2.33146E+01	9.24203E-02
5.00000E-04	2.35955E+01	9.08053E-02
5.00000E-04	2.38764E+01	8.92376E-02
5.00000E-04	2.41573E+01	8.77154E-02
5.00000E-04	2.44382E+01	8.62345E-02
5.00000E-04	2.47191E+01	8.47957E-02
5.00000E-04	2.50000E+01	8.33959E-02
1.00000E-03	0.00000E+00	1.00263E+00
1.00000E-03	2.80899E-01	6.31350E-01
1.00000E-03	5.61798E-01	7.30831E-01
1.00000E-03	8.42697E-01	7.86944E-01
1.00000E-03	1.12360E+00	8.17717E-01
1.00000E-03	1.40449E+00	8.43355E-01
1.00000E-03	1.68539E+00	8.70326E-01
1.00000E-03	1.96629E+00	9.00319E-01
1.00000E-03	2.24719E+00	9.32777E-01
1.00000E-03	2.52809E+00	9.66565E-01
1.00000E-03	2.80899E+00	9.99349E-01
1.00000E-03	3.08989E+00	1.00447E+00
1.00000E-03	3.37079E+00	9.72069E-01
1.00000E-03	3.65169E+00	9.20107E-01
1.00000E-03	3.93258E+00	8.63222E-01
1.00000E-03	4.21348E+00	8.08453E-01
1.00000E-03	4.49438E+00	7.57651E-01
1.00000E-03	4.77528E+00	7.11267E-01
1.00000E-03	5.05618E+00	6.69210E-01
1.00000E-03	5.33708E+00	6.31300E-01
1.00000E-03	5.61798E+00	5.96812E-01
1.00000E-03	5.89888E+00	5.65461E-01
1.00000E-03	6.17978E+00	5.36661E-01
1.00000E-03	6.46067E+00	5.10164E-01
1.00000E-03	6.74157E+00	4.85819E-01
1.00000E-03	7.02247E+00	4.63304E-01
1.00000E-03	7.30337E+00	4.42493E-01
1.00000E-03	7.58427E+00	4.23237E-01
1.00000E-03	7.86517E+00	4.05367E-01
1.00000E-03	8.14607E+00	3.88797E-01
1.00000E-03	8.42697E+00	3.73320E-01
1.00000E-03	8.70787E+00	3.58891E-01
1.00000E-03	8.98876E+00	3.45411E-01
1.00000E-03	9.26966E+00	3.32797E-01
1.00000E-03	9.55056E+00	3.20918E-01
1.00000E-03	9.83146E+00	3.09737E-01
1.00000E-03	1.01124E+01	2.99163E-01
1.00000E-03	1.03933E+01	2.89143E-01
1.00000E-03	1.06742E+01	2.79654E-01
1.00000E-03	1.09551E+01	2.70624E-01
1.00000E-03	1.12360E+01	2.62067E-01
1.00000E-03	1.15169E+01	2.53886E-01
1.00000E-03	1.17978E+01	2.46076E-01
1.00000E-03	1.20787E+01	2.38626E-01
1.00000E-03	1.23596E+01	2.31484E-01
1.00000E-03	1.26404E+01	2.24637E-01
1.00000E-03	1.29213E+01	2.18080E-01
1.00000E-03	1.32022E+01	2.11799E-01
1.00000E-03	1.34831E+01	2.05763E-01
1.00000E-03	1.37640E+01	1.99974E-01
1.00000E-03	1.40449E+01	1.94419E-01
1.00000E-03	1.43258E+01	1.89069E-01
1.00000E-03	1.46067E+01	1.83925E-01
1.00000E-03	1.48876E+01	1.78980E-01
1.00000E-03	1.51685E+01	1.74233E-01
1.00000E-03	1.54494E+01	1.69678E-01
1.00000E-03	1.57303E+01	1.65310E-01
1.00000E-03	1.60112E+01	1.61118E-01
1.00000E-03	1.62921E+01	1.57098E-01
1.00000E-03	1.65730E+01	1.53239E-01
1.00000E-03	1.68539E+01	1.49532E-01
1.00000E-03	1.71348E+01	1.45972E-01
1.00000E-03	1.74157E+01	1.42547E-01
1.00000E-03	1.76966E+01	1.39255E-01
1.00000E-03	1.79775E+01	1.36087E-01
1.00000E-03	1.82584E+01	1.33038E-01
1.00000E-03	1.85393E+01	1.30098E-01
1.00000E-03	1.88202E+01	1.27266E-01
1.00000E-03	1.91011E+01	1.24535E-01
1.00000E-03	1.93820E+01	1.21899E-01
1.00000E-03	1.96629E+01	1.19356E-01
1.00000E-03	1.99438E+01	1.16900E-01
1.00000E-03	2.02247E+01	1.14526E-01
1.00000E-03	2.05056E+01	1.12232E-01
1.00000E-03	2.07865E+01	1.10014E-01
1.00000E-03	2.10674E+01	1.07866E-01
1.00000E-03	2.13483E+01	1.05790E-01
1.00000E-03	2.16292E+01	1.03777E-01
1.00000E-03	2.19101E+01	1.01828E-01
1.00000E-03	2.21910E+01	9.99400E-02
1.00000E-03	2.24719E+01	9.81090E-02
1.00000E-03	2.27528E+01	9.63327E-02
1.00000E-03	2.30337E+01	9.46108E-02
1.00000E-03	2.33146E+01	9.29388E-02
1.00000E-03	2.35955E+01	9.13148E-02
1.00000E-03	2.38764E+01	8.97382E-02
1.00000E-03	2.41573E+01	8.82075E-02
1.00000E-03	2.44382E+01	8.67183E-02
1.00000E-03	2.47191E+01	8.52714E-02
1.00000E-03	2.50000E+01	8.38638E-02
5.00000E-03	0.00000E+00	9.99653E-01
5.00000E-03	2.80899E-01	6.55607E-01
5.00000E-03	5.61798E-01	7.58907E-01
5.00000E-03	8.42697E-01	8.17188E-01
5.00000E-03	1.12360E+00	8.49046E-01
5.00000E-03	1.40449E+00	8.75660E-01
5.00000E-03	1.68539E+00	9.03774E-01
5.00000E-03	1.96629E+00	9.34861E-01
5.00000E-03	2.24719E+00	9.68514E-01
5.00000E-03	2.52809E+00	1.00368E+00
5.00000E-03	2.80899E+00	1.03773E+00
5.00000E-03	3.08989E+00	1.04320E+00
5.00000E-03	3.37079E+00	1.00944E+00
5.00000E-03	3.65169E+00	9.55349E-01
5.00000E-03	3.93258E+00	8.96467E-01
5.00000E-03	4.21348E+00	8.39493E-01
5.00000E-03	4.49438E+00	7.86684E-01
5.00000E-03	4.77528E+00	7.38545E-01
5.00000E-03	5.05618E+00	6.94956E-01
5.00000E-03	5.33708E+00	6.55534E-01
5.00000E-03	5.61798E+00	6.19752E-01
5.00000E-03	5.89888E+00	5.87153E-01
5.00000E-03	6.17978E+00	5.57261E-01
5.00000E-03	6.46067E+00	5.29763E-01
5.00000E-03	6.74157E+00	5.04453E-01
5.00000E-03	7.02247E+00	4.81087E-01
5.00000E-03	7.30337E+00	4.59492E-01
5.00000E-03	7.58427E+00	4.39494E-01
5.00000E-03	7.86517E+00	4.20944E-01
5.00000E-03	8.14607E+00	4.03722E-01
5.00000E-03	8.42697E+00	3.87660E-01
5.00000E-03	8.70787E+00	3.72678E-01
5.00000E-03	8.98876E+00	3.58681E-01
5.00000E-03	9.26966E+00	3.45577E-01
5.00000E-03	9.55056E+00	3.33246E-01
5.00000E-03	9.83146E+00	3.21634E-01
5.00000E-03	1.01124E+01	3.10654E-01
5.00000E-03	1.03933E+01	3.00250E-01
5.00000E-03	1.06742E+01	2.90397E-01
5.00000E-03	1.09551E+01	2.81021E-01
5.00000E-03	1.12360E+01	2.72127E-01
5.00000E-03	1.15169E+01	2.63635E-01
5.00000E-03	1.17978E+01	2.55529E-01
5.00000E-03	1.20787E+01	2.47788E-01
5.00000E-03	1.23596E+01	2.40376E-01
5.00000E-03	1.26404E+01	2.33267E-01
5.00000E-03	1.29213E+01	2.26461E-01
5.00000E-03	1.32022E+01	2.19935E-01
5.00000E-03	1.34831E+01	2.13668E-01
5.00000E-03	1.37640E+01	2.07659E-01
5.00000E-03	1.40449E+01	2.01887E-01
5.00000E-03	1.43258E+01	1.96332E-01
5.00000E-03	1.46067E+01	1.90991E-01
5.00000E-03	1.48876E+01	1.85856E-01
5.00000E-03	1.51685E+01	1.80927E-01
5.00000E-03	1.54494E+01	1.76197E-01
5.00000E-03	1.57303E+01	1.71661E-01
5.00000E-03	1.60112E+01	1.67308E-01
5.00000E-03	1.62921E+01	1.63133E-01
5.00000E-03	1.65730E+01	1.59126E-01
5.00000E-03	1.68539E+01	1.55276E-01
5.00000E-03	1.71348E+01	1.51579E-01
5.00000E-03	1.74157E+01	1.48024E-01
5.00000E-03	1.76966E+01	1.44605E-01
5.00000E-03	1.79775E+01	1.41315E-01
5.00000E-03	1.82584E+01	1.38149E-01
5.00000E-03	1.85393E+01	1.35096E-01
5.00000E-03	1.88202E+01	1.32155E-01
5.00000E-03	1.91011E+01	1.29319E-01
5.00000E-03	1.93820E+01	1.26582E-01
5.00000E-03	1.96629E+01	1.23941E-01
5.00000E-03	1.99438E+01	1.21390E-01
5.00000E-03	2.02247E+01	1.18926E-01
5.00000E-03	2.05056E+01	1.16543E-01
5.00000E-03	2.07865E+01	1.14240E-01
5.00000E-03	2.10674E+01	1.12010E-01
5.00000E-03	2.13483E+01	1.09854E-01
5.00000E-03	2.16292E+01	1.07764E-01
5.00000E-03	2.19101E+01	1.05740E-01
5.00000E-03	2.21910E+01	1.03779E-01
5.00000E-03	2.24719E+01	1.01878E-01
5.00000E-03	2.27528E+01	1.00033E-01
5.00000E-03	2.30337E+01	9.82453E-02
5.00000E-03	2.33146E+01	9.65090E-02
5.00000E-03	2.35955E+01	9.48227E-02
5.00000E-03	2.38764E+01	9.31856E-02
5.00000E-03	2.41573E+01	9.15959E-02
5.00000E-03	2.44382E+01	9.00496E-02
5.00000E-03	2.47191E+01	8.85472E-02
5.00000E-03	2.50000E+01	8.70855E-02
1.00000E-02	0.00000E+00	9.99195E-01
1.00000E-02	2.80899E-01	6.68585E-01
1.00000E-02	5.61798E-01	7.73920E-01
1.00000E-02	8.42697E-01	8.33353E-01
1.00000E-02	1.12360E+00	8.65841E-01
1.00000E-02	1.40449E+00	8.92981E-01
1.00000E-02	1.68539E+00	9.21651E-01
1.00000E-02	1.96629E+00	9.53352E-01
1.00000E-02	2.24719E+00	9.87670E-01
1.00000E-02	2.52809E+00	1.02354E+00
1.00000E-02	2.80899E+00	1.05825E+00
1.00000E-02	3.08989E+00	1.06384E+00
1.00000E-02	3.37079E+00	1.02940E+00
1.00000E-02	3.65169E+00	9.74239E-01
1.00000E-02	3.93258E+00	9.14207E-01
1.00000E-02	4.21348E+00	8.56099E-01
1.00000E-02	4.49438E+00	8.02232E-01
1.00000E-02	4.77528E+00	7.53148E-01
1.00000E-02	5.05618E+00	7.08706E-01
1.00000E-02	5.33708E+00	6.68495E-01
1.00000E-02	5.61798E+00	6.32017E-01
1.00000E-02	5.89888E+00	5.98763E-01
1.00000E-02	6.17978E+00	5.68274E-01
1.00000E-02	6.46067E+00	5.40244E-01
1.00000E-02	6.74157E+00	5.14425E-01
1.00000E-02	7.02247E+00	4.90599E-01
1.00000E-02	7.30337E+00	4.68580E-01
1.00000E-02	7.58427E+00	4.48187E-01
1.00000E-02	7.86517E+00	4.29272E-01
1.00000E-02	8.14607E+00	4.11696E-01
1.00000E-02	8.42697E+00	3.95324E-01
1.00000E-02	8.70787E+00	3.80051E-01
1.00000E-02	8.98876E+00	3.65777E-01
1.00000E-02	9.26966E+00	3.52408E-01
1.00000E-02	9.55056E+00	3.39837E-01
1.00000E-02	9.83146E+00	3.27991E-01
1.00000E-02	1.01124E+01	3.16795E-01
1.00000E-02	1.03933E+01	3.06189E-01
1.00000E-02	1.06742E+01	2.96139E-01
1.00000E-02	1.09551E+01	2.86582E-01
1.00000E-02	1.12360E+01	2.77505E-01
1.00000E-02	1.15169E+01	2.68846E-01
1.00000E-02	1.17978E+01	2.60583E-01
1.00000E-02	1.20787E+01	2.52686E-01
1.00000E-02	1.23596E+01	2.45129E-01
1.00000E-02	1.26404E+01	2.37883E-01
1.00000E-02	1.29213E+01	2.30942E-01
1.00000E-02	1.32022E+01	2.24285E-01
1.00000E-02	1.34831E+01	2.17896E-01
1.00000E-02	1.37640E+01	2.11768E-01
1.00000E-02	1.40449E+01	2.05880E-01
1.00000E-02	1.43258E+01	2.00216E-01
1.00000E-02	1.46067E+01	1.94769E-01
1.00000E-02	1.48876E+01	1.89532E-01
1.00000E-02	1.51685E+01	1.84505E-01
1.00000E-02	1.54494E+01	1.79682E-01
1.00000E-02	1.57303E+01	1.75056E-01
1.00000E-02	1.60112E+01	1.70617E-01
1.00000E-02	1.62921E+01	1.66360E-01
1.00000E-02	1.65730E+01	1.62273E-01
1.00000E-02	1.68539E+01	1.58348E-01
1.00000E-02	1.71348E+01	1.54577E-01
1.00000E-02	1.74157E+01	1.50952E-01
1.00000E-02	1.76966E+01	1.47465E-01
1.00000E-02	1.79775E+01	1.44110E-01
1.00000E-02	1.82584E+01	1.40881E-01
1.00000E-02	1.85393E+01	1.37768E-01
1.00000E-02	1.88202E+01	1.34769E-01
1.00000E-02	1.91011E+01	1.31877E-01
1.00000E-02	1.93820E+01	1.29086E-01
1.00000E-02	1.96629E+01	1.26393E-01
1.00000E-02	1.99438E+01	1.23791E-01
1.00000E-02	2.02247E+01	1.21278E-01
1.00000E-02	2.05056E+01	1.18849E-01
1.00000E-02	2.07865E+01	1.16500E-01
1.00000E-02	2.10674E+01	1.14226E-01
1.00000E-02	2.13483E+01	1.12027E-01
1.00000E-02	2.16292E+01	1.09895E-01
1.00000E-02	2.19101E+01	1.07831E-01
1.00000E-02	2.21910E+01	1.05832E-01
1.00000E-02	2.24719E+01	1.03893E-01
1.00000E-02	2.27528E+01	1.02012E-01
1.00000E-02	2.30337E+01	1.00188E-01
1.00000E-02	2.33146E+01	9.84178E-02
1.00000E-02	2.35955E+01	9.66983E-02
1.00000E-02	2.38764E+01	9.50289E-02
1.00000E-02	2.41573E+01	9.34075E-02
1.00000E-02	2.44382E+01	9.18308E-02
1.00000E-02	2.47191E+01	9.02987E-02
1.00000E-02	2.50000E+01	8.88080E-02
5.00000E-02	0.00000E+00	9.88984E-01
5.00000E-02	2.80899E-01	7.40796E-01
5.00000E-02	5.61798E-01	8.57207E-01
5.00000E-02	8.42697E-01	9.22991E-01
5.00000E-02	1.12360E+00	9.58964E-01
5.00000E-02	1.40449E+00	9.89020E-01
5.00000E-02	1.68539E+00	1.02077E+00
5.00000E-02	1.96629E+00	1.05588E+00
5.00000E-02	2.24719E+00	1.09389E+00
5.00000E-02	2.52809E+00	1.13361E+00
5.00000E-02	2.80899E+00	1.17204E+00
5.00000E-02	3.08989E+00	1.17821E+00
5.00000E-02	3.37079E+00	1.14008E+00
5.00000E-02	3.65169E+00	1.07899E+00
5.00000E-02	3.93258E+00	1.01251E+00
5.00000E-02	4.21348E+00	9.48154E-01
5.00000E-02	4.49438E+00	8.88494E-01
5.00000E-02	4.77528E+00	8.34133E-01
5.00000E-02	5.05618E+00	7.84913E-01
5.00000E-02	5.33708E+00	7.40378E-01
5.00000E-02	5.61798E+00	6.99978E-01
5.00000E-02	5.89888E+00	6.63148E-01
5.00000E-02	6.17978E+00	6.29379E-01
5.00000E-02	6.46067E+00	5.98336E-01
5.00000E-02	6.74157E+00	5.69739E-01
5.00000E-02	7.02247E+00	5.43353E-01
5.00000E-02	7.30337E+00	5.18967E-01
5.00000E-02	7.58427E+00	4.96381E-01
5.00000E-02	7.86517E+00	4.75432E-01
5.00000E-02	8.14607E+00	4.55961E-01
5.00000E-02	8.42697E+00	4.37831E-01
5.00000E-02	8.70787E+00	4.20920E-01
5.00000E-02	8.98876E+00	4.05109E-01
5.00000E-02	9.26966E+00	3.90301E-01
5.00000E-02	9.55056E+00	3.76380E-01
5.00000E-02	9.83146E+00	3.63258E-01
5.00000E-02	1.01124E+01	3.50857E-01
5.00000E-02	1.03933E+01	3.39114E-01
5.00000E-02	1.06742E+01	3.27979E-01
5.00000E-02	1.09551E+01	3.17404E-01
5.00000E-02	1.12360E+01	3.07341E-01
5.00000E-02	1.15169E+01	2.97753E-01
5.00000E-02	1.17978E+01	2.88604E-01
5.00000E-02	1.20787E+01	2.79856E-01
5.00000E-02	1.23596E+01	2.71485E-01
5.00000E-02	1.26404E+01	2.63466E-01
5.00000E-02	1.29213E+01	2.55777E-01
5.00000E-02	1.32022E+01	2.48403E-01
5.00000E-02	1.34831E+01	2.41328E-01
5.00000E-02	1.37640E+01	2.34541E-01
5.00000E-02	1.40449E+01	2.28017E-01
5.00000E-02	1.43258E+01	2.21746E-01
5.00000E-02	1.46067E+01	2.15712E-01
5.00000E-02	1.48876E+01	2.09913E-01
5.00000E-02	1.51685E+01	2.04346E-01
5.00000E-02	1.54494E+01	1.99003E-01
5.00000E-02	1.57303E+01	1.93879E-01
5.00000E-02	1.60112E+01	1.88965E-01
5.00000E-02	1.62921E+01	1.84249E-01
5.00000E-02	1.65730E+01	1.79722E-01
5.00000E-02	1.68539E+01	1.75375E-01
5.00000E-02	1.71348E+01	1.71199E-01
5.00000E-02	1.74157E+01	1.67184E-01
5.00000E-02	1.76966E+01	1.63322E-01
5.00000E-02	1.79775E+01	1.59606E-01
5.00000E-02	1.82584E+01	1.56029E-01
5.00000E-02	1.85393E+01	1.52583E-01
5.00000E-02	1.88202E+01	1.49261E-01
5.00000E-02	1.91011E+01	1.46058E-01
5.00000E-02	1.93820E+01	1.42967E-01
5.00000E-02	1.96629E+01	1.39984E-01
5.00000E-02	1.99438E+01	1.37103E-01
5.00000E-02	2.02247E+01	1.34319E-01
5.00000E-02	2.05056E+01	1.31628E-01
5.00000E-02	2.07865E+01	1.29026E-01
5.00000E-02	2.10674E+01	1.26509E-01
5.00000E-02	2.13483E+01	1.24073E-01
5.00000E-02	2.16292E+01	1.21713E-01
5.00000E-02	2.19101E+01	1.19427E-01
5.00000E-02	2.21910E+01	1.17212E-01
5.00000E-02	2.24719E+01	1.15065E-01
5.00000E-02	2.27528E+01	1.12982E-01
5.00000E-02	2.30337E+01	1.10961E-01
5.00000E-02	2.33146E+01	1.09001E-01
5.00000E-02	2.35955E+01	1.07097E-01
5.00000E-02	2.38764E+01	1.05248E-01
5.00000E-02	2.41573E+01	1.03451E-01
5.00000E-02	2.44382E+01	1.01706E-01
5.00000E-02	2.47191E+01	1.00008E-01
5.00000E-02	2.50000E+01	9.83577E-02
1.00000E-01	0.00000E+00	9.84593E-01
1.00000E-01	2.80899E-01	7.99502E-01
1.00000E-01	5.61798E-01	9.24334E-01
1.00000E-01	8.42697E-01	9.95139E-01
1.00000E-01	1.12360E+00	1.03390E+00
1.00000E-01	1.40449E+00	1.06630E+00
1.00000E-01	1.68539E+00	1.10052E+00
1.00000E-01	1.96629E+00	1.13836E+00
1.00000E-01	2.24719E+00	1.17933E+00
1.00000E-01	2.52809E+00	1.22215E+00
1.00000E-01	2.80899E+00	1.26352E+00
1.00000E-01	3.08989E+00	1.27015E+00
1.00000E-01	3.37079E+00	1.22907E+00
1.00000E-01	3.65169E+00	1.16323E+00
1.00000E-01	3.93258E+00	1.09156E+00
1.00000E-01	4.21348E+00	1.02218E+00
1.00000E-01	4.49438E+00	9.57866E-01
1.00000E-01	4.77528E+00	8.99262E-01
1.00000E-01	5.05618E+00	8.46200E-01
1.00000E-01	5.33708E+00	7.98188E-01
1.00000E-01	5.61798E+00	7.54634E-01
1.00000E-01	5.89888E+00	7.14928E-01
1.00000E-01	6.17978E+00	6.78522E-01
1.00000E-01	6.46067E+00	6.45055E-01
1.00000E-01	6.74157E+00	6.14226E-01
1.00000E-01	7.02247E+00	5.85780E-01
1.00000E-01	7.30337E+00	5.59489E-01
1.00000E-01	7.58427E+00	5.35140E-01
1.00000E-01	7.86517E+00	5.12555E-01
1.00000E-01	8.14607E+00	4.91564E-01
1.00000E-01	8.42697E+00	4.72018E-01
1.00000E-01	8.70787E+00	4.53787E-01
1.00000E-01	8.98876E+00	4.36741E-01
1.00000E-01	9.26966E+00	4.20777E-01
1.00000E-01	9.55056E+00	4.05769E-01
1.00000E-01	9.83146E+00	3.91622E-01
1.00000E-01	1.01124E+01	3.78253E-01
1.00000E-01	1.03933E+01	3.65593E-01
1.00000E-01	1.06742E+01	3.53589E-01
1.00000E-01	1.09551E+01	3.42188E-01
1.00000E-01	1.12360E+01	3.31339E-01
1.00000E-01	1.15169E+01	3.21002E-01
1.00000E-01	1.17978E+01	3.11139E-01
1.00000E-01	1.20787E+01	3.01708E-01
1.00000E-01	1.23596E+01	2.92683E-01
1.00000E-01	1.26404E+01	2.84038E-01
1.00000E-01	1.29213E+01	2.75749E-01
1.00000E-01	1.32022E+01	2.67799E-01
1.00000E-01	1.34831E+01	2.60172E-01
1.00000E-01	1.37640E+01	2.52854E-01
1.00000E-01	1.40449E+01	2.45821E-01
1.00000E-01	1.43258E+01	2.39060E-01
1.00000E-01	1.46067E+01	2.32555E-01
1.00000E-01	1.48876E+01	2.26304E-01
1.00000E-01	1.51685E+01	2.20302E-01
1.00000E-01	1.54494E+01	2.14542E-01
1.00000E-01	1.57303E+01	2.09018E-01
1.00000E-01	1.60112E+01	2.03720E-01
1.00000E-01	1.62921E+01	1.98636E-01
1.00000E-01	1.65730E+01	1.93755E-01
1.00000E-01	1.68539E+01	1.89069E-01
1.00000E-01	1.71348E+01	1.84566E-01
1.00000E-01	1.74157E+01	1.80238E-01
1.00000E-01	1.76966E+01	1.76075E-01
1.00000E-01	1.79775E+01	1.72069E-01
1.00000E-01	1.82584E+01	1.68212E-01
1.00000E-01	1.85393E+01	1.64497E-01
1.00000E-01	1.88202E+01	1.60916E-01
1.00000E-01	1.91011E+01	1.57463E-01
1.00000E-01	1.93820E+01	1.54131E-01
1.00000E-01	1.96629E+01	1.50914E-01
1.00000E-01	1.99438E+01	1.47808E-01
1.00000E-01	2.02247E+01	1.44807E-01
1.00000E-01	2.05056E+01	1.41906E-01
1.00000E-01	2.07865E+01	1.39101E-01
1.00000E-01	2.10674E+01	1.36387E-01
1.00000E-01	2.13483E+01	1.33761E-01
1.00000E-01	2.16292E+01	1.31217E-01
1.00000E-01	2.19101E+01	1.28752E-01
1.00000E-01	2.21910E+01	1.26364E-01
1.00000E-01	2.24719E+01	1.24049E-01
1.00000E-01	2.27528E+01	1.21804E-01
1.00000E-01	2.30337E+01	1.19626E-01
1.00000E-01	2.33146E+01	1.17512E-01
1.00000E-01	2.35955E+01	1.15459E-01
1.00000E-01	2.38764E+01	1.13466E-01
1.00000E-01	2.41573E+01	1.11529E-01
1.00000E-01	2.44382E+01	1.09647E-01
1.00000E-01	2.47191E+01	1.07817E-01
1.00000E-01	2.50000E+01	1.06038E-01
2.00000E-01	0.00000E+00	9.82000E-01
2.00000E-01	2.80899E-01	8.74146E-01
2.00000E-01	5.61798E-01	1.00855E+00
2.00000E-01	8.42697E-01	1.08537E+00
2.00000E-01	1.12360E+00	1.12758E+00
2.00000E-01	1.40449E+00	1.16288E+00
2.00000E-01	1.68539E+00	1.20018E+00
2.00000E-01	1.96629E+00	1.24142E+00
2.00000E-01	2.24719E+00	1.28607E+00
2.00000E-01	2.52809E+00	1.33274E+00
2.00000E-01	2.80899E+00	1.37760E+00
2.00000E-01	3.08989E+00	1.38471E+00
2.00000E-01	3.37079E+00	1.34000E+00
2.00000E-01	3.65169E+00	1.26829E+00
2.00000E-01	3.93258E+00	1.19018E+00
2.00000E-01	4.21348E+00	1.11455E+00
2.00000E-01	4.49438E+00	1.04443E+00
2.00000E-01	4.77528E+00	9.80538E-01
2.00000E-01	5.05618E+00	9.22683E-01
2.00000E-01	5.33708E+00	8.70333E-01
2.00000E-01	5.61798E+00	8.22842E-01
2.00000E-01	5.89888E+00	7.79548E-01
2.00000E-01	6.17978E+00	7.39852E-01
2.00000E-01	6.46067E+00	7.03361E-01
2.00000E-01	6.74157E+00	6.69745E-01
2.00000E-01	7.02247E+00	6.38728E-01
2.00000E-01	7.30337E+00	6.10061E-01
2.00000E-01	7.58427E+00	5.83512E-01
2.00000E-01	7.86517E+00	5.58886E-01
2.00000E-01	8.14607E+00	5.35998E-01
2.00000E-01	8.42697E+00	5.14685E-01
2.00000E-01	8.70787E+00	4.94806E-01
2.00000E-01	8.98876E+00	4.76220E-01
2.00000E-01	9.26966E+00	4.58812E-01
2.00000E-01	9.55056E+00	4.42447E-01
2.00000E-01	9.83146E+00	4.27022E-01
2.00000E-01	1.01124E+01	4.12445E-01
2.00000E-01	1.03933E+01	3.98640E-01
2.00000E-01	1.06742E+01	3.85551E-01
2.00000E-01	1.09551E+01	3.73119E-01
2.00000E-01	1.12360E+01	3.61289E-01
2.00000E-01	1.15169E+01	3.50018E-01
2.00000E-01	1.17978E+01	3.39263E-01
2.00000E-01	1.20787E+01	3.28981E-01
2.00000E-01	1.23596E+01	3.19139E-01
2.00000E-01	1.26404E+01	3.09713E-01
2.00000E-01	1.29213E+01	3.00674E-01
2.00000E-01	1.32022E+01	2.92006E-01
2.00000E-01	1.34831E+01	2.83690E-01
2.00000E-01	1.37640E+01	2.75711E-01
2.00000E-01	1.40449E+01	2.68042E-01
2.00000E-01	1.43258E+01	2.60670E-01
2.00000E-01	1.46067E+01	2.53577E-01
2.00000E-01	1.48876E+01	2.46760E-01
2.00000E-01	1.51685E+01	2.40216E-01
2.00000E-01	1.54494E+01	2.33935E-01
2.00000E-01	1.57303E+01	2.27912E-01
2.00000E-01	1.60112E+01	2.22135E-01
2.00000E-01	1.62921E+01	2.16591E-01
2.00000E-01	1.65730E+01	2.11270E-01
2.00000E-01	1.68539E+01	2.06160E-01
2.00000E-01	1.71348E+01	2.01250E-01
2.00000E-01	1.74157E+01	1.96531E-01
2.00000E-01	1.76966E+01	1.91991E-01
2.00000E-01	1.79775E+01	1.87623E-01
2.00000E-01	1.82584E+01	1.83418E-01
2.00000E-01	1.85393E+01	1.79366E-01
2.00000E-01	1.88202E+01	1.75462E-01
2.00000E-01	1.91011E+01	1.71697E-01
2.00000E-01	1.93820E+01	1.68064E-01
2.00000E-01	1.96629E+01	1.64556E-01
2.00000E-01	1.99438E+01	1.61169E-01
2.00000E-01	2.02247E+01	1.57897E-01
2.00000E-01	2.05056E+01	1.54734E-01
2.00000E-01	2.07865E+01	1.51675E-01
2.00000E-01	2.10674E+01	1.48716E-01
2.00000E-01	2.13483E+01	1.45852E-01
2.00000E-01	2.16292E+01	1.43078E-01
2.00000E-01	2.19101E+01	1.40391E-01
2.00000E-01	2.21910E+01	1.37787E-01
2.00000E-01	2.24719E+01	1.35263E-01
2.00000E-01	2.27528E+01	1.32814E-01
2.00000E-01	2.30337E+01	1.30439E-01
2.00000E-01	2.33146E+01	1.28134E-01
2.00000E-01	2.35955E+01	1.25896E-01
2.00000E-01	2.38764E+01	1.23723E-01
2.00000E-01	2.41573E+01	1.21611E-01
2.00000E-01	2.44382E+01	1.19559E-01
2.00000E-01	2.47191E+01	1.17563E-01
2.00000E-01	2.50000E+01	1.15623E-01
2.50000E-01	0.00000E+00	9.81803E-01
2.50000E-01	2.80899E-01	9.00448E-01
2.50000E-01	5.61798E-01	1.03806E+00
2.50000E-01	8.42697E-01	1.11685E+00
2.50000E-01	1.12360E+00	1.16027E+00
2.50000E-01	1.40449E+00	1.19658E+00
2.50000E-01	1.68539E+00	1.23494E+00
2.50000E-01	1.96629E+00	1.27735E+00
2.50000E-01	2.24719E+00	1.32328E+00
2.50000E-01	2.52809E+00	1.37128E+00
2.50000E-01	2.80899E+00	1.41724E+00
2.50000E-01	3.08989E+00	1.42446E+00
2.50000E-01	3.37079E+00	1.37853E+00
2.50000E-01	3.65169E+00	1.30481E+00
2.50000E-01	3.93258E+00	1.22448E+00
2.50000E-01	4.21348E+00	1.14669E+00
2.50000E-01	4.49438E+00	1.07455E+00
2.50000E-01	4.77528E+00	1.00882E+00
2.50000E-01	5.05618E+00	9.49297E-01
2.50000E-01	5.33708E+00	8.95438E-01
2.50000E-01	5.61798E+00	8.46579E-01
2.50000E-01	5.89888E+00	8.02035E-01
2.50000E-01	6.17978E+00	7.61195E-01
2.50000E-01	6.46067E+00	7.23651E-01
2.50000E-01	6.74157E+00	6.89067E-01
2.50000E-01	7.02247E+00	6.57155E-01
2.50000E-01	7.30337E+00	6.27661E-01
2.50000E-01	7.58427E+00	6.00346E-01
2.50000E-01	7.86517E+00	5.75010E-01
2.50000E-01	8.14607E+00	5.51462E-01
2.50000E-01	8.42697E+00	5.29534E-01
2.50000E-01	8.70787E+00	5.09081E-01
2.50000E-01	8.98876E+00	4.89959E-01
2.50000E-01	9.26966E+00	4.72049E-01
2.50000E-01	9.55056E+00	4.55212E-01
2.50000E-01	9.83146E+00	4.39342E-01
2.50000E-01	1.01124E+01	4.24344E-01
2.50000E-01	1.03933E+01	4.10141E-01
2.50000E-01	1.06742E+01	3.96674E-01
2.50000E-01	1.09551E+01	3.83884E-01
2.50000E-01	1.12360E+01	3.71713E-01
2.50000E-01	1.15169E+01	3.60117E-01
2.50000E-01	1.17978E+01	3.49052E-01
2.50000E-01	1.20787E+01	3.38472E-01
2.50000E-01	1.23596E+01	3.28347E-01
2.50000E-01	1.26404E+01	3.18649E-01
2.50000E-01	1.29213E+01	3.09349E-01
2.50000E-01	1.32022E+01	3.00431E-01
2.50000E-01	1.34831E+01	2.91875E-01
2.50000E-01	1.37640E+01	2.83665E-01
2.50000E-01	1.40449E+01	2.75775E-01
2.50000E-01	1.43258E+01	2.68191E-01
2.50000E-01	1.46067E+01	2.60893E-01
2.50000E-01	1.48876E+01	2.53880E-01
2.50000E-01	1.51685E+01	2.47146E-01
2.50000E-01	1.54494E+01	2.40685E-01
2.50000E-01	1.57303E+01	2.34488E-01
2.50000E-01	1.60112E+01	2.28544E-01
2.50000E-01	1.62921E+01	2.22841E-01
2.50000E-01	1.65730E+01	2.17366E-01
2.50000E-01	1.68539E+01	2.12108E-01
2.50000E-01	1.71348E+01	2.07057E-01
2.50000E-01	1.74157E+01	2.02201E-01
2.50000E-01	1.76966E+01	1.97531E-01
2.50000E-01	1.79775E+01	1.93037E-01
2.50000E-01	1.82584E+01	1.88710E-01
2.50000E-01	1.85393E+01	1.84542E-01
2.50000E-01	1.88202E+01	1.80524E-01
2.50000E-01	1.91011E+01	1.76651E-01
2.50000E-01	1.93820E+01	1.72913E-01
2.50000E-01	1.96629E+01	1.69304E-01
2.50000E-01	1.99438E+01	1.65819E-01
2.50000E-01	2.02247E+01	1.62453E-01
2.50000E-01	2.05056E+01	1.59199E-01
2.50000E-01	2.07865E+01	1.56051E-01
2.50000E-01	2.10674E+01	1.53007E-01
2.50000E-01	2.13483E+01	1.50060E-01
2.50000E-01	2.16292E+01	1.47206E-01
2.50000E-01	2.19101E+01	1.44442E-01
2.50000E-01	2.21910E+01	1.41763E-01
2.50000E-01	2.24719E+01	1.39165E-01
2.50000E-01	2.27528E+01	1.36647E-01
2.50000E-01	2.30337E+01	1.34203E-01
2.50000E-01	2.33146E+01	1.31831E-01
2.50000E-01	2.35955E+01	1.29529E-01
2.50000E-01	2.38764E+01	1.27292E-01
2.50000E-01	2.41573E+01	1.25120E-01
2.50000E-01	2.44382E+01	1.23008E-01
2.50000E-01	2.47191E+01	1.20955E-01
2.50000E-01	2.50000E+01	1.18959E-01
3.00000E-01	0.00000E+00	9.82048E-01
3.00000E-01	2.80899E-01	9.21988E-01
3.00000E-01	5.61798E-01	1.06219E+00
3.00000E-01	8.42697E-01	1.14254E+00
3.00000E-01	1.12360E+00	1.18695E+00
3.00000E-01	1.40449E+00	1.22407E+00
3.00000E-01	1.68539E+00	1.26330E+00
3.00000E-01	1.96629E+00	1.30667E+00
3.00000E-01	2.24719E+00	1.35362E+00
3.00000E-01	2.52809E+00	1.40269E+00
3.00000E-01	2.80899E+00	1.44948E+00
3.00000E-01	3.08989E+00	1.45674E+00
3.00000E-01	3.37079E+00	1.40984E+00
3.00000E-01	3.65169E+00	1.33452E+00
3.00000E-01	3.93258E+00	1.25240E+00
3.00000E-01	4.21348E+00	1.17285E+00
3.00000E-01	4.49438E+00	1.09907E+00
3.00000E-01	4.77528E+00	1.03184E+00
3.00000E-01	5.05618E+00	9.70966E-01
3.00000E-01	5.33708E+00	9.15879E-01
3.00000E-01	5.61798E+00	8.65906E-01
3.00000E-01	5.89888E+00	8.20345E-01
3.00000E-01	6.17978E+00	7.78573E-01
3.00000E-01	6.46067E+00	7.40173E-01
3.00000E-01	6.74157E+00	7.04799E-01
3.00000E-01	7.02247E+00	6.72160E-01
3.00000E-01	7.30337E+00	6.41993E-01
3.00000E-01	7.58427E+00	6.14055E-01
3.00000E-01	7.86517E+00	5.88140E-01
3.00000E-01	8.14607E+00	5.64054E-01
3.00000E-01	8.42697E+00	5.41626E-01
3.00000E-01	8.70787E+00	5.20706E-01
3.00000E-01	8.98876E+00	5.01147E-01
3.00000E-01	9.26966E+00	4.82828E-01
3.00000E-01	9.55056E+00	4.65607E-01
3.00000E-01	9.83146E+00	4.49374E-01
3.00000E-01	1.01124E+01	4.34034E-01
3.00000E-01	1.03933E+01	4.19507E-01
3.00000E-01	1.06742E+01	4.05732E-01
3.00000E-01	1.09551E+01	3.92650E-01
3.00000E-01	1.12360E+01	3.80201E-01
3.00000E-01	1.15169E+01	3.68340E-01
3.00000E-01	1.17978E+01	3.57022E-01
3.00000E-01	1.20787E+01	3.46201E-01
3.00000E-01	1.23596E+01	3.35845E-01
3.00000E-01	1.26404E+01	3.25925E-01
3.00000E-01	1.29213E+01	3.16414E-01
3.00000E-01	1.32022E+01	3.07292E-01
3.00000E-01	1.34831E+01	2.98540E-01
3.00000E-01	1.37640E+01	2.90143E-01
3.00000E-01	1.40449E+01	2.82073E-01
3.00000E-01	1.43258E+01	2.74315E-01
3.00000E-01	1.46067E+01	2.66851E-01
3.00000E-01	1.48876E+01	2.59678E-01
3.00000E-01	1.51685E+01	2.52790E-01
3.00000E-01	1.54494E+01	2.46181E-01
3.00000E-01	1.57303E+01	2.39843E-01
3.00000E-01	1.60112E+01	2.33763E-01
3.00000E-01	1.62921E+01	2.27930E-01
3.00000E-01	1.65730E+01	2.22330E-01
3.00000E-01	1.68539E+01	2.16952E-01
3.00000E-01	1.71348E+01	2.11785E-01
3.00000E-01	1.74157E+01	2.06819E-01
3.00000E-01	1.76966E+01	2.02042E-01
3.00000E-01	1.79775E+01	1.97445E-01
3.00000E-01	1.82584E+01	1.93019E-01
3.00000E-01	1.85393E+01	1.88756E-01
3.00000E-01	1.88202E+01	1.84647E-01
3.00000E-01	1.91011E+01	1.80685E-01
3.00000E-01	1.93820E+01	1.76861E-01
3.00000E-01	1.96629E+01	1.73171E-01
3.00000E-01	1.99438E+01	1.69606E-01
3.00000E-01	2.02247E+01	1.66163E-01
3.00000E-01	2.05056E+01	1.62834E-01
3.00000E-01	2.07865E+01	1.59615E-01
3.00000E-01	2.10674E+01	1.56501E-01
3.00000E-01	2.13483E+01	1.53487E-01
3.00000E-01	2.16292E+01	1.50568E-01
3.00000E-01	2.19101E+01	1.47740E-01
3.00000E-01	2.21910E+01	1.45000E-01
3.00000E-01	2.24719E+01	1.42344E-01
3.00000E-01	2.27528E+01	1.39767E-01
3.00000E-01	2.30337E+01	1.37268E-01
3.00000E-01	2.33146E+01	1.34842E-01
3.00000E-01	2.35955E+01	1.32487E-01
3.00000E-01	2.38764E+01	1.30199E-01
3.00000E-01	2.41573E+01	1.27977E-01
3.00000E-01	2.44382E+01	1.25817E-01
3.00000E-01	2.47191E+01	1.23718E-01
3.00000E-01	2.50000E+01	1.21676E-01
4.00000E-01	0.00000E+00	9.83539E-01
4.00000E-01	2.80899E-01	9.55661E-01
4.00000E-01	5.61798E-01	1.09822E+00
4.00000E-01	8.42697E-01	1.18086E+00
4.00000E-01	1.12360E+00	1.22677E+00
4.00000E-01	1.40449E+00	1.26514E+00
4.00000E-01	1.68539E+00	1.30564E+00
4.00000E-01	1.96629E+00	1.35041E+00
4.00000E-01	2.24719E+00	1.39888E+00
4.00000E-01	2.52809E+00	1.44954E+00
4.00000E-01	2.80899E+00	1.49728E+00
4.00000E-01	3.08989E+00	1.50446E+00
4.00000E-01	3.37079E+00	1.45622E+00
4.00000E-01	3.65169E+00	1.37860E+00
4.00000E-01	3.93258E+00	1.29386E+00
4.00000E-01	4.21348E+00	1.21172E+00
4.00000E-01	4.49438E+00	1.13552E+00
4.00000E-01	4.77528E+00	1.06608E+00
4.00000E-01	5.05618E+00	1.00318E+00
4.00000E-01	5.33708E+00	9.46274E-01
4.00000E-01	5.61798E+00	8.94644E-01
4.00000E-01	5.89888E+00	8.47571E-01
4.00000E-01	6.17978E+00	8.04415E-01
4.00000E-01	6.46067E+00	7.64742E-01
4.00000E-01	6.74157E+00	7.28196E-01
4.00000E-01	7.02247E+00	6.94474E-01
4.00000E-01	7.30337E+00	6.63306E-01
4.00000E-01	7.58427E+00	6.34441E-01
4.00000E-01	7.86517E+00	6.07667E-01
4.00000E-01	8.14607E+00	5.82782E-01
4.00000E-01	8.42697E+00	5.59610E-01
4.00000E-01	8.70787E+00	5.37995E-01
4.00000E-01	8.98876E+00	5.17788E-01
4.00000E-01	9.26966E+00	4.98860E-01
4.00000E-01	9.55056E+00	4.81067E-01
4.00000E-01	9.83146E+00	4.64295E-01
4.00000E-01	1.01124E+01	4.48445E-01
4.00000E-01	1.03933E+01	4.33436E-01
4.00000E-01	1.06742E+01	4.19204E-01
4.00000E-01	1.09551E+01	4.05688E-01
4.00000E-01	1.12360E+01	3.92826E-01
4.00000E-01	1.15169E+01	3.80571E-01
4.00000E-01	1.17978E+01	3.68877E-01
4.00000E-01	1.20787E+01	3.57697E-01
4.00000E-01	1.23596E+01	3.46997E-01
4.00000E-01	1.26404E+01	3.36748E-01
4.00000E-01	1.29213E+01	3.26920E-01
4.00000E-01	1.32022E+01	3.17495E-01
4.00000E-01	1.34831E+01	3.08453E-01
4.00000E-01	1.37640E+01	2.99777E-01
4.00000E-01	1.40449E+01	2.91440E-01
4.00000E-01	1.43258E+01	2.83424E-01
4.00000E-01	1.46067E+01	2.75712E-01
4.00000E-01	1.48876E+01	2.68301E-01
4.00000E-01	1.51685E+01	2.61185E-01
4.00000E-01	1.54494E+01	2.54356E-01
4.00000E-01	1.57303E+01	2.47808E-01
4.00000E-01	1.60112E+01	2.41526E-01
4.00000E-01	1.62921E+01	2.35499E-01
4.00000E-01	1.65730E+01	2.29713E-01
4.00000E-01	1.68539E+01	2.24157E-01
4.00000E-01	1.71348E+01	2.18819E-01
4.00000E-01	1.74157E+01	2.13687E-01
4.00000E-01	1.76966E+01	2.08751E-01
4.00000E-01	1.79775E+01	2.04002E-01
4.00000E-01	1.82584E+01	1.99429E-01
4.00000E-01	1.85393E+01	1.95025E-01
4.00000E-01	1.88202E+01	1.90779E-01
4.00000E-01	1.91011E+01	1.86685E-01
4.00000E-01	1.93820E+01	1.82735E-01
4.00000E-01	1.96629E+01	1.78921E-01
4.00000E-01	1.99438E+01	1.75239E-01
4.00000E-01	2.02247E+01	1.71681E-01
4.00000E-01	2.05056E+01	1.68242E-01
4.00000E-01	2.07865E+01	1.64916E-01
4.00000E-01	2.10674E+01	1.61699E-01
4.00000E-01	2.13483E+01	1.58584E-01
4.00000E-01	2.16292E+01	1.55568E-01
4.00000E-01	2.19101E+01	1.52647E-01
4.00000E-01	2.21910E+01	1.49815E-01
4.00000E-01	2.24719E+01	1.47071E-01
4.00000E-01	2.27528E+01	1.44409E-01
4.00000E-01	2.30337E+01	1.41826E-01
4.00000E-01	2.33146E+01	1.39320E-01
4.00000E-01	2.35955E+01	1.36887E-01
4.00000E-01	2.38764E+01	1.34523E-01
4.00000E-01	2.41573E+01	1.32227E-01
4.00000E-01	2.44382E+01	1.29996E-01
4.00000E-01	2.47191E+01	1.27826E-01
4.00000E-01	2.50000E+01	1.25717E-01
5.00000E-01	0.00000E+00	9.85996E-01
5.00000E-01	2.80899E-01	9.82778E-01
5.00000E-01	5.61798E-01	1.12186E+00
5.00000E-01	8.42697E-01	1.20606E+00
5.00000E-01	1.12360E+00	1.25310E+00
5.00000E-01	1.40449E+00	1.29232E+00
5.00000E-01	1.68539E+00	1.33367E+00
5.00000E-01	1.96629E+00	1.37934E+00
5.00000E-01	2.24719E+00	1.42878E+00
5.00000E-01	2.52809E+00	1.48043E+00
5.00000E-01	2.80899E+00	1.52843E+00
5.00000E-01	3.08989E+00	1.53534E+00
5.00000E-01	3.37079E+00	1.48635E+00
5.00000E-01	3.65169E+00	1.40737E+00
5.00000E-01	3.93258E+00	1.32098E+00
5.00000E-01	4.21348E+00	1.23717E+00
5.00000E-01	4.49438E+00	1.15941E+00
5.00000E-01	4.77528E+00	1.08852E+00
5.00000E-01	5.05618E+00	1.02431E+00
5.00000E-01	5.33708E+00	9.66206E-01
5.00000E-01	5.61798E+00	9.13491E-01
5.00000E-01	5.89888E+00	8.65427E-01
5.00000E-01	6.17978E+00	8.21364E-01
5.00000E-01	6.46067E+00	7.80858E-01
5.00000E-01	6.74157E+00	7.43543E-01
5.00000E-01	7.02247E+00	7.09112E-01
5.00000E-01	7.30337E+00	6.77289E-01
5.00000E-01	7.58427E+00	6.47817E-01
5.00000E-01	7.86517E+00	6.20478E-01
5.00000E-01	8.14607E+00	5.95069E-01
5.00000E-01	8.42697E+00	5.71409E-01
5.00000E-01	8.70787E+00	5.49339E-01
5.00000E-01	8.98876E+00	5.28706E-01
5.00000E-01	9.26966E+00	5.09379E-01
5.00000E-01	9.55056E+00	4.91211E-01
5.00000E-01	9.83146E+00	4.74085E-01
5.00000E-01	1.01124E+01	4.57902E-01
5.00000E-01	1.03933E+01	4.42576E-01
5.00000E-01	1.06742E+01	4.28044E-01
5.00000E-01	1.09551E+01	4.14243E-01
5.00000E-01	1.12360E+01	4.01109E-01
5.00000E-01	1.15169E+01	3.88596E-01
5.00000E-01	1.17978E+01	3.76655E-01
5.00000E-01	1.20787E+01	3.65240E-01
5.00000E-01	1.23596E+01	3.54314E-01
5.00000E-01	1.26404E+01	3.43849E-01
5.00000E-01	1.29213E+01	3.33815E-01
5.00000E-01	1.32022E+01	3.24191E-01
5.00000E-01	1.34831E+01	3.14958E-01
5.00000E-01	1.37640E+01	3.06100E-01
5.00000E-01	1.40449E+01	2.97586E-01
5.00000E-01	1.43258E+01	2.89401E-01
5.00000E-01	1.46067E+01	2.81527E-01
5.00000E-01	1.48876E+01	2.73960E-01
5.00000E-01	1.51685E+01	2.66694E-01
5.00000E-01	1.54494E+01	2.59722E-01
5.00000E-01	1.57303E+01	2.53035E-01
5.00000E-01	1.60112E+01	2.46621E-01
5.00000E-01	1.62921E+01	2.40466E-01
5.00000E-01	1.65730E+01	2.34558E-01
5.00000E-01	1.68539E+01	2.28885E-01
5.00000E-01	1.71348E+01	2.23434E-01
5.00000E-01	1.74157E+01	2.18194E-01
5.00000E-01	1.76966E+01	2.13155E-01
5.00000E-01	1.79775E+01	2.08305E-01
5.00000E-01	1.82584E+01	2.03636E-01
5.00000E-01	1.85393E+01	1.99138E-01
5.00000E-01	1.88202E+01	1.94803E-01
5.00000E-01	1.91011E+01	1.90623E-01
5.00000E-01	1.93820E+01	1.86590E-01
5.00000E-01	1.96629E+01	1.82696E-01
5.00000E-01	1.99438E+01	1.78935E-01
5.00000E-01	2.02247E+01	1.75303E-01
5.00000E-01	2.05056E+01	1.71791E-01
5.00000E-01	2.07865E+01	1.68395E-01
5.00000E-01	2.10674E+01	1.65109E-01
5.00000E-01	2.13483E+01	1.61929E-01
5.00000E-01	2.16292E+01	1.58850E-01
5.00000E-01	2.19101E+01	1.55867E-01
5.00000E-01	2.21910E+01	1.52976E-01
5.00000E-01	2.24719E+01	1.50173E-01
5.00000E-01	2.27528E+01	1.47455E-01
5.00000E-01	2.30337E+01	1.44818E-01
5.00000E-01	2.33146E+01	1.42259E-01
5.00000E-01	2.35955E+01	1.39774E-01
5.00000E-01	2.38764E+01	1.37361E-01
5.00000E-01	2.41573E+01	1.35017E-01
5.00000E-01	2.44382E+01	1.32738E-01
5.00000E-01	2.47191E+01	1.30523E-01
5.00000E-01	2.50000E+01	1.28369E-01
6.00000E-01	0.00000E+00	9.89057E-01
6.00000E-01	2.80899E-01	1.00614E+00
6.00000E-01	5.61798E-01	1.13639E+00
6.00000E-01	8.42697E-01	1.22159E+00
6.00000E-01	1.12360E+00	1.26952E+00
6.00000E-01	1.40449E+00	1.30935E+00
6.00000E-01	1.68539E+00	1.35123E+00
6.00000E-01	1.96629E+00	1.39745E+00
6.00000E-01	2.24719E+00	1.44746E+00
6.00000E-01	2.52809E+00	1.49967E+00
6.00000E-01	2.80899E+00	1.54739E+00
6.00000E-01	3.08989E+00	1.55387E+00
6.00000E-01	3.37079E+00	1.50457E+00
6.00000E-01	3.65169E+00	1.42491E+00
6.00000E-01	3.93258E+00	1.33760E+00
6.00000E-01	4.21348E+00	1.25281E+00
6.00000E-01	4.49438E+00	1.17410E+00
6.00000E-01	4.77528E+00	1.10233E+00
6.00000E-01	5.05618E+00	1.03732E+00
6.00000E-01	5.33708E+00	9.78488E-01
6.00000E-01	5.61798E+00	9.25106E-01
6.00000E-01	5.89888E+00	8.76433E-01
6.00000E-01	6.17978E+00	8.31813E-01
6.00000E-01	6.46067E+00	7.90794E-01
6.00000E-01	6.74157E+00	7.53007E-01
6.00000E-01	7.02247E+00	7.18140E-01
6.00000E-01	7.30337E+00	6.85913E-01
6.00000E-01	7.58427E+00	6.56067E-01
6.00000E-01	7.86517E+00	6.28381E-01
6.00000E-01	8.14607E+00	6.02649E-01
6.00000E-01	8.42697E+00	5.78689E-01
6.00000E-01	8.70787E+00	5.56338E-01
6.00000E-01	8.98876E+00	5.35442E-01
6.00000E-01	9.26966E+00	5.15869E-01
6.00000E-01	9.55056E+00	4.97469E-01
6.00000E-01	9.83146E+00	4.80125E-01
6.00000E-01	1.01124E+01	4.63736E-01
6.00000E-01	1.03933E+01	4.48215E-01
6.00000E-01	1.06742E+01	4.33498E-01
6.00000E-01	1.09551E+01	4.19521E-01
6.00000E-01	1.12360E+01	4.06220E-01
6.00000E-01	1.15169E+01	3.93548E-01
6.00000E-01	1.17978E+01	3.81455E-01
6.00000E-01	1.20787E+01	3.69894E-01
6.00000E-01	1.23596E+01	3.58829E-01
6.00000E-01	1.26404E+01	3.48231E-01
6.00000E-01	1.29213E+01	3.38069E-01
6.00000E-01	1.32022E+01	3.28323E-01
6.00000E-01	1.34831E+01	3.18972E-01
6.00000E-01	1.37640E+01	3.10001E-01
6.00000E-01	1.40449E+01	3.01379E-01
6.00000E-01	1.43258E+01	2.93090E-01
6.00000E-01	1.46067E+01	2.85115E-01
6.00000E-01	1.48876E+01	2.77452E-01
6.00000E-01	1.51685E+01	2.70094E-01
6.00000E-01	1.54494E+01	2.63033E-01
6.00000E-01	1.57303E+01	2.56261E-01
6.00000E-01	1.60112E+01	2.49765E-01
6.00000E-01	1.62921E+01	2.43532E-01
6.00000E-01	1.65730E+01	2.37549E-01
6.00000E-01	1.68539E+01	2.31803E-01
6.00000E-01	1.71348E+01	2.26283E-01
6.00000E-01	1.74157E+01	2.20976E-01
6.00000E-01	1.76966E+01	2.15872E-01
6.00000E-01	1.79775E+01	2.10961E-01
6.00000E-01	1.82584E+01	2.06233E-01
6.00000E-01	1.85393E+01	2.01677E-01
6.00000E-01	1.88202E+01	1.97287E-01
6.00000E-01	1.91011E+01	1.93054E-01
6.00000E-01	1.93820E+01	1.88969E-01
6.00000E-01	1.96629E+01	1.85025E-01
6.00000E-01	1.99438E+01	1.81217E-01
6.00000E-01	2.02247E+01	1.77538E-01
6.00000E-01	2.05056E+01	1.73981E-01
6.00000E-01	2.07865E+01	1.70542E-01
6.00000E-01	2.10674E+01	1.67215E-01
6.00000E-01	2.13483E+01	1.63994E-01
6.00000E-01	2.16292E+01	1.60875E-01
6.00000E-01	2.19101E+01	1.57854E-01
6.00000E-01	2.21910E+01	1.54926E-01
6.00000E-01	2.24719E+01	1.52088E-01
6.00000E-01	2.27528E+01	1.49335E-01
6.00000E-01	2.30337E+01	1.46665E-01
6.00000E-01	2.33146E+01	1.44073E-01
6.00000E-01	2.35955E+01	1.41556E-01
6.00000E-01	2.38764E+01	1.39112E-01
6.00000E-01	2.41573E+01	1.36738E-01
6.00000E-01	2.44382E+01	1.34430E-01
6.00000E-01	2.47191E+01	1.32187E-01
6.00000E-01	2.50000E+01	1.30005E-01
7.00000E-01	0.00000E+00	9.92432E-01
7.00000E-01	2.80899E-01	1.02513E+00
7.00000E-01	5.61798E-01	1.14452E+00
7.00000E-01	8.42697E-01	1.22985E+00
7.00000E-01	1.12360E+00	1.27858E+00
7.00000E-01	1.40449E+00	1.31886E+00
7.00000E-01	1.68539E+00	1.36107E+00
7.00000E-01	1.96629E+00	1.40757E+00
7.00000E-01	2.24719E+00	1.45786E+00
7.00000E-01	2.52809E+00	1.51029E+00
7.00000E-01	2.80899E+00	1.55732E+00
7.00000E-01	3.08989E+00	1.56324E+00
7.00000E-01	3.37079E+00	1.51395E+00
7.00000E-01	3.65169E+00	1.43415E+00
7.00000E-01	3.93258E+00	1.34645E+00
7.00000E-01	4.21348E+00	1.26119E+00
7.00000E-01	4.49438E+00	1.18200E+00
7.00000E-01	4.77528E+00	1.10977E+00
7.00000E-01	5.05618E+00	1.04434E+00
7.00000E-01	5.33708E+00	9.85113E-01
7.00000E-01	5.61798E+00	9.31375E-01
7.00000E-01	5.89888E+00	8.82373E-01
7.00000E-01	6.17978E+00	8.37454E-01
7.00000E-01	6.46067E+00	7.96161E-01
7.00000E-01	6.74157E+00	7.58121E-01
7.00000E-01	7.02247E+00	7.23019E-01
7.00000E-01	7.30337E+00	6.90575E-01
7.00000E-01	7.58427E+00	6.60528E-01
7.00000E-01	7.86517E+00	6.32655E-01
7.00000E-01	8.14607E+00	6.06749E-01
7.00000E-01	8.42697E+00	5.82627E-01
7.00000E-01	8.70787E+00	5.60124E-01
7.00000E-01	8.98876E+00	5.39087E-01
7.00000E-01	9.26966E+00	5.19380E-01
7.00000E-01	9.55056E+00	5.00855E-01
7.00000E-01	9.83146E+00	4.83393E-01
7.00000E-01	1.01124E+01	4.66892E-01
7.00000E-01	1.03933E+01	4.51266E-01
7.00000E-01	1.06742E+01	4.36449E-01
7.00000E-01	1.09551E+01	4.22377E-01
7.00000E-01	1.12360E+01	4.08986E-01
7.00000E-01	1.15169E+01	3.96227E-01
7.00000E-01	1.17978E+01	3.84052E-01
7.00000E-01	1.20787E+01	3.72412E-01
7.00000E-01	1.23596E+01	3.61272E-01
7.00000E-01	1.26404E+01	3.50602E-01
7.00000E-01	1.29213E+01	3.40371E-01
7.00000E-01	1.32022E+01	3.30559E-01
7.00000E-01	1.34831E+01	3.21145E-01
7.00000E-01	1.37640E+01	3.12112E-01
7.00000E-01	1.40449E+01	3.03432E-01
7.00000E-01	1.43258E+01	2.95086E-01
7.00000E-01	1.46067E+01	2.87058E-01
7.00000E-01	1.48876E+01	2.79343E-01
7.00000E-01	1.51685E+01	2.71934E-01
7.00000E-01	1.54494E+01	2.64825E-01
7.00000E-01	1.57303E+01	2.58007E-01
7.00000E-01	1.60112E+01	2.51468E-01
7.00000E-01	1.62921E+01	2.45192E-01
7.00000E-01	1.65730E+01	2.39168E-01
7.00000E-01	1.68539E+01	2.33383E-01
7.00000E-01	1.71348E+01	2.27826E-01
7.00000E-01	1.74157E+01	2.22483E-01
7.00000E-01	1.76966E+01	2.17344E-01
7.00000E-01	1.79775E+01	2.12399E-01
7.00000E-01	1.82584E+01	2.07639E-01
7.00000E-01	1.85393E+01	2.03052E-01
7.00000E-01	1.88202E+01	1.98632E-01
7.00000E-01	1.91011E+01	1.94370E-01
7.00000E-01	1.93820E+01	1.90257E-01
7.00000E-01	1.96629E+01	1.86287E-01
7.00000E-01	1.99438E+01	1.82452E-01
7.00000E-01	2.02247E+01	1.78748E-01
7.00000E-01	2.05056E+01	1.75168E-01
7.00000E-01	2.07865E+01	1.71705E-01
7.00000E-01	2.10674E+01	1.68355E-01
7.00000E-01	2.13483E+01	1.65112E-01
7.00000E-01	2.16292E+01	1.61972E-01
7.00000E-01	2.19101E+01	1.58930E-01
7.00000E-01	2.21910E+01	1.55983E-01
7.00000E-01	2.24719E+01	1.53125E-01
7.00000E-01	2.27528E+01	1.50353E-01
7.00000E-01	2.30337E+01	1.47665E-01
7.00000E-01	2.33146E+01	1.45055E-01
7.00000E-01	2.35955E+01	1.42522E-01
7.00000E-01	2.38764E+01	1.40061E-01
7.00000E-01	2.41573E+01	1.37670E-01
7.00000E-01	2.44382E+01	1.35347E-01
7.00000E-01	2.47191E+01	1.33088E-01
7.00000E-01	2.50000E+01	1.30892E-01
8.00000E-01	0.00000E+00	9.95904E-01
8.00000E-01	2.80899E-01	1.03885E+00
8.00000E-01	5.61798E-01	1.14854E+00
8.00000E-01	8.42697E-01	1.23271E+00
8.00000E-01	1.12360E+00	1.28217E+00
8.00000E-01	1.40449E+00	1.32283E+00
8.00000E-01	1.68539E+00	1.36521E+00
8.00000E-01	1.96629E+00	1.41182E+00
8.00000E-01	2.24719E+00	1.46216E+00
8.00000E-01	2.52809E+00	1.51454E+00
8.00000E-01	2.80899E+00	1.56058E+00
8.00000E-01	3.08989E+00	1.56583E+00
8.00000E-01	3.37079E+00	1.51680E+00
8.00000E-01	3.65169E+00	1.43724E+00
8.00000E-01	3.93258E+00	1.34956E+00
8.00000E-01	4.21348E+00	1.26421E+00
8.00000E-01	4.49438E+00	1.18488E+00
8.00000E-01	4.77528E+00	1.11251E+00
8.00000E-01	5.05618E+00	1.04693E+00
8.00000E-01	5.33708E+00	9.87571E-01
8.00000E-01	5.61798E+00	9.33703E-01
8.00000E-01	5.89888E+00	8.84581E-01
8.00000E-01	6.17978E+00	8.39555E-01
8.00000E-01	6.46067E+00	7.98162E-01
8.00000E-01	6.74157E+00	7.60030E-01
8.00000E-01	7.02247E+00	7.24843E-01
8.00000E-01	7.30337E+00	6.92319E-01
8.00000E-01	7.58427E+00	6.62198E-01
8.00000E-01	7.86517E+00	6.34256E-01
8.00000E-01	8.14607E+00	6.08286E-01
8.00000E-01	8.42697E+00	5.84103E-01
8.00000E-01	8.70787E+00	5.61545E-01
8.00000E-01	8.98876E+00	5.40455E-01
8.00000E-01	9.26966E+00	5.20697E-01
8.00000E-01	9.55056E+00	5.02126E-01
8.00000E-01	9.83146E+00	4.84619E-01
8.00000E-01	1.01124E+01	4.68076E-01
8.00000E-01	1.03933E+01	4.52411E-01
8.00000E-01	1.06742E+01	4.37557E-01
8.00000E-01	1.09551E+01	4.23449E-01
8.00000E-01	1.12360E+01	4.10024E-01
8.00000E-01	1.15169E+01	3.97233E-01
8.00000E-01	1.17978E+01	3.85027E-01
8.00000E-01	1.20787E+01	3.73358E-01
8.00000E-01	1.23596E+01	3.62190E-01
8.00000E-01	1.26404E+01	3.51492E-01
8.00000E-01	1.29213E+01	3.41236E-01
8.00000E-01	1.32022E+01	3.31399E-01
8.00000E-01	1.34831E+01	3.21962E-01
8.00000E-01	1.37640E+01	3.12906E-01
8.00000E-01	1.40449E+01	3.04203E-01
8.00000E-01	1.43258E+01	2.95836E-01
8.00000E-01	1.46067E+01	2.87788E-01
8.00000E-01	1.48876E+01	2.80054E-01
8.00000E-01	1.51685E+01	2.72627E-01
8.00000E-01	1.54494E+01	2.65500E-01
8.00000E-01	1.57303E+01	2.58665E-01
8.00000E-01	1.60112E+01	2.52108E-01
8.00000E-01	1.62921E+01	2.45817E-01
8.00000E-01	1.65730E+01	2.39778E-01
8.00000E-01	1.68539E+01	2.33978E-01
8.00000E-01	1.71348E+01	2.28407E-01
8.00000E-01	1.74157E+01	2.23050E-01
8.00000E-01	1.76966E+01	2.17898E-01
8.00000E-01	1.79775E+01	2.12941E-01
8.00000E-01	1.82584E+01	2.08168E-01
8.00000E-01	1.85393E+01	2.03570E-01
8.00000E-01	1.88202E+01	1.99139E-01
8.00000E-01	1.91011E+01	1.94866E-01
8.00000E-01	1.93820E+01	1.90742E-01
8.00000E-01	1.96629E+01	1.86762E-01
8.00000E-01	1.99438E+01	1.82918E-01
8.00000E-01	2.02247E+01	1.79204E-01
8.00000E-01	2.05056E+01	1.75614E-01
8.00000E-01	2.07865E+01	1.72143E-01
8.00000E-01	2.10674E+01	1.68784E-01
8.00000E-01	2.13483E+01	1.65533E-01
8.00000E-01	2.16292E+01	1.62385E-01
8.00000E-01	2.19101E+01	1.59336E-01
8.00000E-01	2.21910E+01	1.56380E-01
8.00000E-01	2.24719E+01	1.53515E-01
8.00000E-01	2.27528E+01	1.50737E-01
8.00000E-01	2.30337E+01	1.48041E-01
8.00000E-01	2.33146E+01	1.45425E-01
8.00000E-01	2.35955E+01	1.42885E-01
8.00000E-01	2.38764E+01	1.40418E-01
8.00000E-01	2.41573E+01	1.38022E-01
8.00000E-01	2.44382E+01	1.35692E-01
8.00000E-01	2.47191E+01	1.33428E-01
8.00000E-01	2.50000E+01	1.31226E-01
9.00000E-01	0.00000E+00	9.99322E-01
9.00000E-01	2.80899E-01	1.04751E+00
9.00000E-01	5.61798E-01	1.15019E+00
9.00000E-01	8.42697E-01	1.23167E+00
9.00000E-01	1.12360E+00	1.28172E+00
9.00000E-01	1.40449E+00	1.32272E+00
9.00000E-01	1.68539E+00	1.36520E+00
9.00000E-01	1.96629E+00	1.41177E+00
9.00000E-01	2.24719E+00	1.46203E+00
9.00000E-01	2.52809E+00	1.51413E+00
9.00000E-01	2.80899E+00	1.55895E+00
9.00000E-01	3.08989E+00	1.56346E+00
9.00000E-01	3.37079E+00	1.51484E+00
9.00000E-01	3.65169E+00	1.43583E+00
9.00000E-01	3.93258E+00	1.34848E+00
9.00000E-01	4.21348E+00	1.26331E+00
9.00000E-01	4.49438E+00	1.18411E+00
9.00000E-01	4.77528E+00	1.11182E+00
9.00000E-01	5.05618E+00	1.04630E+00
9.00000E-01	5.33708E+00	9.86987E-01
9.00000E-01	5.61798E+00	9.33157E-01
9.00000E-01	5.89888E+00	8.84067E-01
9.00000E-01	6.17978E+00	8.39072E-01
9.00000E-01	6.46067E+00	7.97707E-01
9.00000E-01	6.74157E+00	7.59601E-01
9.00000E-01	7.02247E+00	7.24438E-01
9.00000E-01	7.30337E+00	6.91934E-01
9.00000E-01	7.58427E+00	6.61833E-01
9.00000E-01	7.86517E+00	6.33908E-01
9.00000E-01	8.14607E+00	6.07954E-01
9.00000E-01	8.42697E+00	5.83785E-01
9.00000E-01	8.70787E+00	5.61240E-01
9.00000E-01	8.98876E+00	5.40162E-01
9.00000E-01	9.26966E+00	5.20415E-01
9.00000E-01	9.55056E+00	5.01853E-01
9.00000E-01	9.83146E+00	4.84356E-01
9.00000E-01	1.01124E+01	4.67823E-01
9.00000E-01	1.03933E+01	4.52166E-01
9.00000E-01	1.06742E+01	4.37321E-01
9.00000E-01	1.09551E+01	4.23220E-01
9.00000E-01	1.12360E+01	4.09803E-01
9.00000E-01	1.15169E+01	3.97019E-01
9.00000E-01	1.17978E+01	3.84819E-01
9.00000E-01	1.20787E+01	3.73157E-01
9.00000E-01	1.23596E+01	3.61995E-01
9.00000E-01	1.26404E+01	3.51303E-01
9.00000E-01	1.29213E+01	3.41053E-01
9.00000E-01	1.32022E+01	3.31221E-01
9.00000E-01	1.34831E+01	3.21789E-01
9.00000E-01	1.37640E+01	3.12738E-01
9.00000E-01	1.40449E+01	3.04041E-01
9.00000E-01	1.43258E+01	2.95678E-01
9.00000E-01	1.46067E+01	2.87635E-01
9.00000E-01	1.48876E+01	2.79905E-01
9.00000E-01	1.51685E+01	2.72482E-01
9.00000E-01	1.54494E+01	2.65360E-01
9.00000E-01	1.57303E+01	2.58528E-01
9.00000E-01	1.60112E+01	2.51975E-01
9.00000E-01	1.62921E+01	2.45688E-01
9.00000E-01	1.65730E+01	2.39651E-01
9.00000E-01	1.68539E+01	2.33855E-01
9.00000E-01	1.71348E+01	2.28286E-01
9.00000E-01	1.74157E+01	2.22933E-01
9.00000E-01	1.76966E+01	2.17783E-01
9.00000E-01	1.79775E+01	2.12829E-01
9.00000E-01	1.82584E+01	2.08058E-01
9.00000E-01	1.85393E+01	2.03463E-01
9.00000E-01	1.88202E+01	1.99034E-01
9.00000E-01	1.91011E+01	1.94763E-01
9.00000E-01	1.93820E+01	1.90642E-01
9.00000E-01	1.96629E+01	1.86663E-01
9.00000E-01	1.99438E+01	1.82821E-01
9.00000E-01	2.02247E+01	1.79110E-01
9.00000E-01	2.05056E+01	1.75522E-01
9.00000E-01	2.07865E+01	1.72052E-01
9.00000E-01	2.10674E+01	1.68695E-01
9.00000E-01	2.13483E+01	1.65446E-01
9.00000E-01	2.16292E+01	1.62300E-01
9.00000E-01	2.19101E+01	1.59252E-01
9.00000E-01	2.21910E+01	1.56298E-01
9.00000E-01	2.24719E+01	1.53435E-01
9.00000E-01	2.27528E+01	1.50658E-01
9.00000E-01	2.30337E+01	1.47963E-01
9.00000E-01	2.33146E+01	1.45349E-01
9.00000E-01	2.35955E+01	1.42810E-01
9.00000E-01	2.38764E+01	1.40344E-01
9.00000E-01	2.41573E+01	1.37949E-01
9.00000E-01	2.44382E+01	1.35621E-01
9.00000E-01	2.47191E+01	1.33358E-01
9.00000E-01	2.50000E+01	1.31157E-01
1.00000E+00	0.00000E+00	1.00259E+00
1.00000E+00	2.80899E-01	1.05227E+00
1.00000E+00	5.61798E-01	1.15058E+00
1.00000E+00	8.42697E-01	1.22794E+00
1.00000E+00	1.12360E+00	1.27833E+00
1.00000E+00	1.40449E+00	1.31967E+00
1.00000E+00	1.68539E+00	1.36219E+00
1.00000E+00	1.96629E+00	1.40865E+00
1.00000E+00	2.24719E+00	1.45869E+00
1.00000E+00	2.52809E+00	1.51035E+00
1.00000E+00	2.80899E+00	1.55378E+00
1.00000E+00	3.08989E+00	1.55750E+00
1.00000E+00	3.37079E+00	1.50941E+00
1.00000E+00	3.65169E+00	1.43116E+00
1.00000E+00	3.93258E+00	1.34437E+00
1.00000E+00	4.21348E+00	1.25960E+00
1.00000E+00	4.49438E+00	1.18070E+00
1.00000E+00	4.77528E+00	1.10866E+00
1.00000E+00	5.05618E+00	1.04335E+00
1.00000E+00	5.33708E+00	9.84214E-01
1.00000E+00	5.61798E+00	9.30541E-01
1.00000E+00	5.89888E+00	8.81593E-01
1.00000E+00	6.17978E+00	8.36730E-01
1.00000E+00	6.46067E+00	7.95486E-01
1.00000E+00	6.74157E+00	7.57491E-01
1.00000E+00	7.02247E+00	7.22429E-01
1.00000E+00	7.30337E+00	6.90019E-01
1.00000E+00	7.58427E+00	6.60003E-01
1.00000E+00	7.86517E+00	6.32158E-01
1.00000E+00	8.14607E+00	6.06277E-01
1.00000E+00	8.42697E+00	5.82176E-01
1.00000E+00	8.70787E+00	5.59693E-01
1.00000E+00	8.98876E+00	5.38674E-01
1.00000E+00	9.26966E+00	5.18982E-01
1.00000E+00	9.55056E+00	5.00471E-01
1.00000E+00	9.83146E+00	4.83023E-01
1.00000E+00	1.01124E+01	4.66535E-01
1.00000E+00	1.03933E+01	4.50922E-01
1.00000E+00	1.06742E+01	4.36117E-01
1.00000E+00	1.09551E+01	4.22056E-01
1.00000E+00	1.12360E+01	4.08676E-01
1.00000E+00	1.15169E+01	3.95927E-01
1.00000E+00	1.17978E+01	3.83761E-01
1.00000E+00	1.20787E+01	3.72131E-01
1.00000E+00	1.23596E+01	3.61000E-01
1.00000E+00	1.26404E+01	3.50338E-01
1.00000E+00	1.29213E+01	3.40115E-01
1.00000E+00	1.32022E+01	3.30311E-01
1.00000E+00	1.34831E+01	3.20906E-01
1.00000E+00	1.37640E+01	3.11879E-01
1.00000E+00	1.40449E+01	3.03206E-01
1.00000E+00	1.43258E+01	2.94867E-01
1.00000E+00	1.46067E+01	2.86846E-01
1.00000E+00	1.48876E+01	2.79137E-01
1.00000E+00	1.51685E+01	2.71736E-01
1.00000E+00	1.54494E+01	2.64633E-01
1.00000E+00	1.57303E+01	2.57820E-01
1.00000E+00	1.60112E+01	2.51285E-01
1.00000E+00	1.62921E+01	2.45015E-01
1.00000E+00	1.65730E+01	2.38995E-01
1.00000E+00	1.68539E+01	2.33215E-01
1.00000E+00	1.71348E+01	2.27661E-01
1.00000E+00	1.74157E+01	2.22322E-01
1.00000E+00	1.76966E+01	2.17188E-01
1.00000E+00	1.79775E+01	2.12246E-01
1.00000E+00	1.82584E+01	2.07489E-01
1.00000E+00	1.85393E+01	2.02906E-01
1.00000E+00	1.88202E+01	1.98489E-01
1.00000E+00	1.91011E+01	1.94230E-01
1.00000E+00	1.93820E+01	1.90120E-01
1.00000E+00	1.96629E+01	1.86153E-01
1.00000E+00	1.99438E+01	1.82321E-01
1.00000E+00	2.02247E+01	1.78620E-01
1.00000E+00	2.05056E+01	1.75042E-01
1.00000E+00	2.07865E+01	1.71581E-01
1.00000E+00	2.10674E+01	1.68234E-01
1.00000E+00	2.13483E+01	1.64994E-01
1.00000E+00	2.16292E+01	1.61856E-01
1.00000E+00	2.19101E+01	1.58816E-01
1.00000E+00	2.21910E+01	1.55871E-01
1.00000E+00	2.24719E+01	1.53015E-01
1.00000E+00	2.27528E+01	1.50246E-01
1.00000E+00	2.30337E+01	1.47559E-01
1.00000E+00	2.33146E+01	1.44951E-01
1.00000E+00	2.35955E+01	1.42419E-01
1.00000E+00	2.38764E+01	1.39960E-01
1.00000E+00	2.41573E+01	1.37572E-01
1.00000E+00	2.44382E+01	1.35250E-01
1.00000E+00	2.47191E+01	1.32993E-01
1.00000E+00	2.50000E+01	1.30798E-01
1.50000E+00	0.00000E+00	1.01543E+00
1.50000E+00	2.80899E-01	1.05516E+00
1.50000E+00	5.61798E-01	1.14309E+00
1.50000E+00	8.42697E-01	1.19668E+00
1.50000E+00	1.12360E+00	1.24166E+00
1.50000E+00	1.40449E+00	1.28343E+00
1.50000E+00	1.68539E+00	1.32601E+00
1.50000E+00	1.96629E+00	1.37149E+00
1.50000E+00	2.24719E+00	1.41960E+00
1.50000E+00	2.52809E+00	1.46727E+00
1.50000E+00	2.80899E+00	1.50266E+00
1.50000E+00	3.08989E+00	1.50210E+00
1.50000E+00	3.37079E+00	1.45732E+00
1.50000E+00	3.65169E+00	1.38452E+00
1.50000E+00	3.93258E+00	1.30233E+00
1.50000E+00	4.21348E+00	1.22113E+00
1.50000E+00	4.49438E+00	1.14513E+00
1.50000E+00	4.77528E+00	1.07553E+00
1.50000E+00	5.05618E+00	1.01233E+00
1.50000E+00	5.33708E+00	9.55047E-01
1.50000E+00	5.61798E+00	9.03015E-01
1.50000E+00	5.89888E+00	8.55547E-01
1.50000E+00	6.17978E+00	8.12046E-01
1.50000E+00	6.46067E+00	7.72055E-01
1.50000E+00	6.74157E+00	7.35211E-01
1.50000E+00	7.02247E+00	7.01206E-01
1.50000E+00	7.30337E+00	6.69769E-01
1.50000E+00	7.58427E+00	6.40651E-01
1.50000E+00	7.86517E+00	6.13636E-01
1.50000E+00	8.14607E+00	5.88524E-01
1.50000E+00	8.42697E+00	5.65138E-01
1.50000E+00	8.70787E+00	5.43320E-01
1.50000E+00	8.98876E+00	5.22920E-01
1.50000E+00	9.26966E+00	5.03803E-01
1.50000E+00	9.55056E+00	4.85835E-01
1.50000E+00	9.83146E+00	4.68898E-01
1.50000E+00	1.01124E+01	4.52893E-01
1.50000E+00	1.03933E+01	4.37740E-01
1.50000E+00	1.06742E+01	4.23370E-01
1.50000E+00	1.09551E+01	4.09720E-01
1.50000E+00	1.12360E+01	3.96733E-01
1.50000E+00	1.15169E+01	3.84358E-01
1.50000E+00	1.17978E+01	3.72548E-01
1.50000E+00	1.20787E+01	3.61258E-01
1.50000E+00	1.23596E+01	3.50454E-01
1.50000E+00	1.26404E+01	3.40105E-01
1.50000E+00	1.29213E+01	3.30183E-01
1.50000E+00	1.32022E+01	3.20667E-01
1.50000E+00	1.34831E+01	3.11538E-01
1.50000E+00	1.37640E+01	3.02776E-01
1.50000E+00	1.40449E+01	2.94356E-01
1.50000E+00	1.43258E+01	2.86262E-01
1.50000E+00	1.46067E+01	2.78478E-01
1.50000E+00	1.48876E+01	2.70997E-01
1.50000E+00	1.51685E+01	2.63814E-01
1.50000E+00	1.54494E+01	2.56920E-01
1.50000E+00	1.57303E+01	2.50307E-01
1.50000E+00	1.60112E+01	2.43963E-01
1.50000E+00	1.62921E+01	2.37876E-01
1.50000E+00	1.65730E+01	2.32033E-01
1.50000E+00	1.68539E+01	2.26421E-01
1.50000E+00	1.71348E+01	2.21029E-01
1.50000E+00	1.74157E+01	2.15846E-01
1.50000E+00	1.76966E+01	2.10861E-01
1.50000E+00	1.79775E+01	2.06064E-01
1.50000E+00	1.82584E+01	2.01446E-01
1.50000E+00	1.85393E+01	1.96996E-01
1.50000E+00	1.88202E+01	1.92708E-01
1.50000E+00	1.91011E+01	1.88573E-01
1.50000E+00	1.93820E+01	1.84583E-01
1.50000E+00	1.96629E+01	1.80731E-01
1.50000E+00	1.99438E+01	1.77012E-01
1.50000E+00	2.02247E+01	1.73418E-01
1.50000E+00	2.05056E+01	1.69944E-01
1.50000E+00	2.07865E+01	1.66585E-01
1.50000E+00	2.10674E+01	1.63335E-01
1.50000E+00	2.13483E+01	1.60189E-01
1.50000E+00	2.16292E+01	1.57143E-01
1.50000E+00	2.19101E+01	1.54191E-01
1.50000E+00	2.21910E+01	1.51332E-01
1.50000E+00	2.24719E+01	1.48559E-01
1.50000E+00	2.27528E+01	1.45870E-01
1.50000E+00	2.30337E+01	1.43262E-01
1.50000E+00	2.33146E+01	1.40730E-01
1.50000E+00	2.35955E+01	1.38272E-01
1.50000E+00	2.38764E+01	1.35885E-01
1.50000E+00	2.41573E+01	1.33566E-01
1.50000E+00	2.44382E+01	1.31312E-01
1.50000E+00	2.47191E+01	1.29121E-01
1.50000E+00	2.50000E+01	1.26990E-01
2.00000E+00	0.00000E+00	1.02283E+00
2.00000E+00	2.80899E-01	1.05595E+00
2.00000E+00	5.61798E-01	1.12123E+00
2.00000E+00	8.42697E-01	1.17043E+00
2.00000E+00	1.12360E+00	1.20480E+00
2.00000E+00	1.40449E+00	1.24200E+00
2.00000E+00	1.68539E+00	1.28304E+00
2.00000E+00	1.96629E+00	1.32706E+00
2.00000E+00	2.24719E+00	1.37245E+00
2.00000E+00	2.52809E+00	1.41468E+00
2.00000E+00	2.80899E+00	1.44206E+00
2.00000E+00	3.08989E+00	1.43752E+00
2.00000E+00	3.37079E+00	1.39590E+00
2.00000E+00	3.65169E+00	1.32915E+00
2.00000E+00	3.93258E+00	1.25254E+00
2.00000E+00	4.21348E+00	1.17579E+00
2.00000E+00	4.49438E+00	1.10335E+00
2.00000E+00	4.77528E+00	1.03671E+00
2.00000E+00	5.05618E+00	9.76033E-01
2.00000E+00	5.33708E+00	9.20942E-01
2.00000E+00	5.61798E+00	8.70849E-01
2.00000E+00	5.89888E+00	8.25130E-01
2.00000E+00	6.17978E+00	7.83230E-01
2.00000E+00	6.46067E+00	7.44709E-01
2.00000E+00	6.74157E+00	7.09215E-01
2.00000E+00	7.02247E+00	6.76450E-01
2.00000E+00	7.30337E+00	6.46153E-01
2.00000E+00	7.58427E+00	6.18087E-01
2.00000E+00	7.86517E+00	5.92043E-01
2.00000E+00	8.14607E+00	5.67831E-01
2.00000E+00	8.42697E+00	5.45280E-01
2.00000E+00	8.70787E+00	5.24238E-01
2.00000E+00	8.98876E+00	5.04561E-01
2.00000E+00	9.26966E+00	4.86117E-01
2.00000E+00	9.55056E+00	4.68781E-01
2.00000E+00	9.83146E+00	4.52440E-01
2.00000E+00	1.01124E+01	4.37000E-01
2.00000E+00	1.03933E+01	4.22382E-01
2.00000E+00	1.06742E+01	4.08519E-01
2.00000E+00	1.09551E+01	3.95350E-01
2.00000E+00	1.12360E+01	3.82820E-01
2.00000E+00	1.15169E+01	3.70881E-01
2.00000E+00	1.17978E+01	3.59486E-01
2.00000E+00	1.20787E+01	3.48594E-01
2.00000E+00	1.23596E+01	3.38171E-01
2.00000E+00	1.26404E+01	3.28186E-01
2.00000E+00	1.29213E+01	3.18615E-01
2.00000E+00	1.32022E+01	3.09435E-01
2.00000E+00	1.34831E+01	3.00628E-01
2.00000E+00	1.37640E+01	2.92173E-01
2.00000E+00	1.40449E+01	2.84051E-01
2.00000E+00	1.43258E+01	2.76242E-01
2.00000E+00	1.46067E+01	2.68734E-01
2.00000E+00	1.48876E+01	2.61518E-01
2.00000E+00	1.51685E+01	2.54589E-01
2.00000E+00	1.54494E+01	2.47939E-01
2.00000E+00	1.57303E+01	2.41559E-01
2.00000E+00	1.60112E+01	2.35438E-01
2.00000E+00	1.62921E+01	2.29565E-01
2.00000E+00	1.65730E+01	2.23926E-01
2.00000E+00	1.68539E+01	2.18511E-01
2.00000E+00	1.71348E+01	2.13308E-01
2.00000E+00	1.74157E+01	2.08307E-01
2.00000E+00	1.76966E+01	2.03496E-01
2.00000E+00	1.79775E+01	1.98867E-01
2.00000E+00	1.82584E+01	1.94410E-01
2.00000E+00	1.85393E+01	1.90116E-01
2.00000E+00	1.88202E+01	1.85978E-01
2.00000E+00	1.91011E+01	1.81987E-01
2.00000E+00	1.93820E+01	1.78137E-01
2.00000E+00	1.96629E+01	1.74420E-01
2.00000E+00	1.99438E+01	1.70830E-01
2.00000E+00	2.02247E+01	1.67362E-01
2.00000E+00	2.05056E+01	1.64010E-01
2.00000E+00	2.07865E+01	1.60768E-01
2.00000E+00	2.10674E+01	1.57631E-01
2.00000E+00	2.13483E+01	1.54595E-01
2.00000E+00	2.16292E+01	1.51656E-01
2.00000E+00	2.19101E+01	1.48808E-01
2.00000E+00	2.21910E+01	1.46048E-01
2.00000E+00	2.24719E+01	1.43372E-01
2.00000E+00	2.27528E+01	1.40777E-01
2.00000E+00	2.30337E+01	1.38260E-01
2.00000E+00	2.33146E+01	1.35817E-01
2.00000E+00	2.35955E+01	1.33445E-01
2.00000E+00	2.38764E+01	1.31141E-01
2.00000E+00	2.41573E+01	1.28903E-01
2.00000E+00	2.44382E+01	1.26727E-01
2.00000E+00	2.47191E+01	1.24613E-01
2.00000E+00	2.50000E+01	1.22556E-01
2.50000E+00	0.00000E+00	1.02674E+00
2.50000E+00	2.80899E-01	1.05446E+00
2.50000E+00	5.61798E-01	1.09777E+00
2.50000E+00	8.42697E-01	1.14816E+00
2.50000E+00	1.12360E+00	1.17965E+00
2.50000E+00	1.40449E+00	1.21043E+00
2.50000E+00	1.68539E+00	1.24697E+00
2.50000E+00	1.96629E+00	1.28770E+00
2.50000E+00	2.24719E+00	1.32916E+00
2.50000E+00	2.52809E+00	1.36536E+00
2.50000E+00	2.80899E+00	1.38565E+00
2.50000E+00	3.08989E+00	1.37782E+00
2.50000E+00	3.37079E+00	1.33885E+00
2.50000E+00	3.65169E+00	1.27770E+00
2.50000E+00	3.93258E+00	1.20662E+00
2.50000E+00	4.21348E+00	1.13439E+00
2.50000E+00	4.49438E+00	1.06550E+00
2.50000E+00	4.77528E+00	1.00173E+00
2.50000E+00	5.05618E+00	9.43451E-01
2.50000E+00	5.33708E+00	8.90404E-01
2.50000E+00	5.61798E+00	8.42096E-01
2.50000E+00	5.89888E+00	7.97974E-01
2.50000E+00	6.17978E+00	7.57527E-01
2.50000E+00	6.46067E+00	7.20337E-01
2.50000E+00	6.74157E+00	6.86063E-01
2.50000E+00	7.02247E+00	6.54417E-01
2.50000E+00	7.30337E+00	6.25147E-01
2.50000E+00	7.58427E+00	5.98026E-01
2.50000E+00	7.86517E+00	5.72854E-01
2.50000E+00	8.14607E+00	5.49448E-01
2.50000E+00	8.42697E+00	5.27645E-01
2.50000E+00	8.70787E+00	5.07295E-01
2.50000E+00	8.98876E+00	4.88263E-01
2.50000E+00	9.26966E+00	4.70419E-01
2.50000E+00	9.55056E+00	4.53646E-01
2.50000E+00	9.83146E+00	4.37836E-01
2.50000E+00	1.01124E+01	4.22898E-01
2.50000E+00	1.03933E+01	4.08756E-01
2.50000E+00	1.06742E+01	3.95344E-01
2.50000E+00	1.09551E+01	3.82603E-01
2.50000E+00	1.12360E+01	3.70480E-01
2.50000E+00	1.15169E+01	3.58927E-01
2.50000E+00	1.17978E+01	3.47901E-01
2.50000E+00	1.20787E+01	3.37363E-01
2.50000E+00	1.23596E+01	3.27278E-01
2.50000E+00	1.26404E+01	3.17618E-01
2.50000E+00	1.29213E+01	3.08359E-01
2.50000E+00	1.32022E+01	2.99478E-01
2.50000E+00	1.34831E+01	2.90956E-01
2.50000E+00	1.37640E+01	2.82776E-01
2.50000E+00	1.40449E+01	2.74916E-01
2.50000E+00	1.43258E+01	2.67361E-01
2.50000E+00	1.46067E+01	2.60099E-01
2.50000E+00	1.48876E+01	2.53119E-01
2.50000E+00	1.51685E+01	2.46417E-01
2.50000E+00	1.54494E+01	2.39983E-01
2.50000E+00	1.57303E+01	2.33810E-01
2.50000E+00	1.60112E+01	2.27887E-01
2.50000E+00	1.62921E+01	2.22203E-01
2.50000E+00	1.65730E+01	2.16747E-01
2.50000E+00	1.68539E+01	2.11506E-01
2.50000E+00	1.71348E+01	2.06471E-01
2.50000E+00	1.74157E+01	2.01630E-01
2.50000E+00	1.76966E+01	1.96974E-01
2.50000E+00	1.79775E+01	1.92493E-01
2.50000E+00	1.82584E+01	1.88180E-01
2.50000E+00	1.85393E+01	1.84024E-01
2.50000E+00	1.88202E+01	1.80019E-01
2.50000E+00	1.91011E+01	1.76156E-01
2.50000E+00	1.93820E+01	1.72429E-01
2.50000E+00	1.96629E+01	1.68831E-01
2.50000E+00	1.99438E+01	1.65357E-01
2.50000E+00	2.02247E+01	1.62000E-01
2.50000E+00	2.05056E+01	1.58755E-01
2.50000E+00	2.07865E+01	1.55617E-01
2.50000E+00	2.10674E+01	1.52582E-01
2.50000E+00	2.13483E+01	1.49643E-01
2.50000E+00	2.16292E+01	1.46797E-01
2.50000E+00	2.19101E+01	1.44041E-01
2.50000E+00	2.21910E+01	1.41370E-01
2.50000E+00	2.24719E+01	1.38780E-01
2.50000E+00	2.27528E+01	1.36268E-01
2.50000E+00	2.30337E+01	1.33831E-01
2.50000E+00	2.33146E+01	1.31467E-01
2.50000E+00	2.35955E+01	1.29171E-01
2.50000E+00	2.38764E+01	1.26941E-01
2.50000E+00	2.41573E+01	1.24774E-01
2.50000E+00	2.44382E+01	1.22669E-01
2.50000E+00	2.47191E+01	1.20622E-01
2.50000E+00	2.50000E+01	1.18631E-01
3.00000E+00	0.00000E+00	1.02876E+00
3.00000E+00	2.80899E-01	1.05198E+00
3.00000E+00	5.61798E-01	1.08146E+00
3.00000E+00	8.42697E-01	1.12677E+00
3.00000E+00	1.12360E+00	1.16133E+00
3.00000E+00	1.40449E+00	1.18907E+00
3.00000E+00	1.68539E+00	1.22013E+00
3.00000E+00	1.96629E+00	1.25549E+00
3.00000E+00	2.24719E+00	1.29132E+00
3.00000E+00	2.52809E+00	1.32096E+00
3.00000E+00	2.80899E+00	1.33495E+00
3.00000E+00	3.08989E+00	1.32441E+00
3.00000E+00	3.37079E+00	1.28764E+00
3.00000E+00	3.65169E+00	1.23143E+00
3.00000E+00	3.93258E+00	1.16558E+00
3.00000E+00	4.21348E+00	1.09775E+00
3.00000E+00	4.49438E+00	1.03234E+00
3.00000E+00	4.77528E+00	9.71326E-01
3.00000E+00	5.05618E+00	9.15278E-01
3.00000E+00	5.33708E+00	8.64098E-01
3.00000E+00	5.61798E+00	8.17396E-01
3.00000E+00	5.89888E+00	7.74691E-01
3.00000E+00	6.17978E+00	7.35524E-01
3.00000E+00	6.46067E+00	6.99499E-01
3.00000E+00	6.74157E+00	6.66289E-01
3.00000E+00	7.02247E+00	6.35617E-01
3.00000E+00	7.30337E+00	6.07237E-01
3.00000E+00	7.58427E+00	5.80935E-01
3.00000E+00	7.86517E+00	5.56516E-01
3.00000E+00	8.14607E+00	5.33805E-01
3.00000E+00	8.42697E+00	5.12644E-01
3.00000E+00	8.70787E+00	4.92889E-01
3.00000E+00	8.98876E+00	4.74407E-01
3.00000E+00	9.26966E+00	4.57077E-01
3.00000E+00	9.55056E+00	4.40784E-01
3.00000E+00	9.83146E+00	4.25427E-01
3.00000E+00	1.01124E+01	4.10918E-01
3.00000E+00	1.03933E+01	3.97182E-01
3.00000E+00	1.06742E+01	3.84154E-01
3.00000E+00	1.09551E+01	3.71778E-01
3.00000E+00	1.12360E+01	3.60001E-01
3.00000E+00	1.15169E+01	3.48778E-01
3.00000E+00	1.17978E+01	3.38067E-01
3.00000E+00	1.20787E+01	3.27829E-01
3.00000E+00	1.23596E+01	3.18033E-01
3.00000E+00	1.26404E+01	3.08650E-01
3.00000E+00	1.29213E+01	2.99656E-01
3.00000E+00	1.32022E+01	2.91029E-01
3.00000E+00	1.34831E+01	2.82751E-01
3.00000E+00	1.37640E+01	2.74804E-01
3.00000E+00	1.40449E+01	2.67169E-01
3.00000E+00	1.43258E+01	2.59831E-01
3.00000E+00	1.46067E+01	2.52777E-01
3.00000E+00	1.48876E+01	2.45999E-01
3.00000E+00	1.51685E+01	2.39490E-01
3.00000E+00	1.54494E+01	2.33241E-01
3.00000E+00	1.57303E+01	2.27244E-01
3.00000E+00	1.60112E+01	2.21489E-01
3.00000E+00	1.62921E+01	2.15967E-01
3.00000E+00	1.65730E+01	2.10664E-01
3.00000E+00	1.68539E+01	2.05572E-01
3.00000E+00	1.71348E+01	2.00678E-01
3.00000E+00	1.74157E+01	1.95974E-01
3.00000E+00	1.76966E+01	1.91449E-01
3.00000E+00	1.79775E+01	1.87095E-01
3.00000E+00	1.82584E+01	1.82903E-01
3.00000E+00	1.85393E+01	1.78864E-01
3.00000E+00	1.88202E+01	1.74971E-01
3.00000E+00	1.91011E+01	1.71217E-01
3.00000E+00	1.93820E+01	1.67595E-01
3.00000E+00	1.96629E+01	1.64099E-01
3.00000E+00	1.99438E+01	1.60722E-01
3.00000E+00	2.02247E+01	1.57459E-01
3.00000E+00	2.05056E+01	1.54306E-01
3.00000E+00	2.07865E+01	1.51256E-01
3.00000E+00	2.10674E+01	1.48305E-01
3.00000E+00	2.13483E+01	1.45449E-01
3.00000E+00	2.16292E+01	1.42683E-01
3.00000E+00	2.19101E+01	1.40004E-01
3.00000E+00	2.21910E+01	1.37408E-01
3.00000E+00	2.24719E+01	1.34891E-01
3.00000E+00	2.27528E+01	1.32450E-01
3.00000E+00	2.30337E+01	1.30082E-01
3.00000E+00	2.33146E+01	1.27783E-01
3.00000E+00	2.35955E+01	1.25551E-01
3.00000E+00	2.38764E+01	1.23384E-01
3.00000E+00	2.41573E+01	1.21278E-01
3.00000E+00	2.44382E+01	1.19232E-01
3.00000E+00	2.47191E+01	1.17242E-01
3.00000E+00	2.50000E+01	1.15308E-01
3.50000E+00	0.00000E+00	1.02981E+00
3.50000E+00	2.80899E-01	1.04958E+00
3.50000E+00	5.61798E-01	1.07239E+00
3.50000E+00	8.42697E-01	1.10817E+00
3.50000E+00	1.12360E+00	1.14497E+00
3.50000E+00	1.40449E+00	1.17340E+00
3.50000E+00	1.68539E+00	1.20048E+00
3.50000E+00	1.96629E+00	1.22975E+00
3.50000E+00	2.24719E+00	1.25875E+00
3.50000E+00	2.52809E+00	1.28132E+00
3.50000E+00	2.80899E+00	1.28946E+00
3.50000E+00	3.08989E+00	1.27650E+00
3.50000E+00	3.37079E+00	1.24145E+00
3.50000E+00	3.65169E+00	1.18953E+00
3.50000E+00	3.93258E+00	1.12847E+00
3.50000E+00	4.21348E+00	1.06487E+00
3.50000E+00	4.49438E+00	1.00287E+00
3.50000E+00	4.77528E+00	9.44537E-01
3.50000E+00	5.05618E+00	8.90629E-01
3.50000E+00	5.33708E+00	8.41202E-01
3.50000E+00	5.61798E+00	7.95980E-01
3.50000E+00	5.89888E+00	7.54561E-01
3.50000E+00	6.17978E+00	7.16540E-01
3.50000E+00	6.46067E+00	6.81551E-01
3.50000E+00	6.74157E+00	6.49282E-01
3.50000E+00	7.02247E+00	6.19466E-01
3.50000E+00	7.30337E+00	5.91869E-01
3.50000E+00	7.58427E+00	5.66283E-01
3.50000E+00	7.86517E+00	5.42521E-01
3.50000E+00	8.14607E+00	5.20414E-01
3.50000E+00	8.42697E+00	4.99810E-01
3.50000E+00	8.70787E+00	4.80569E-01
3.50000E+00	8.98876E+00	4.62564E-01
3.50000E+00	9.26966E+00	4.45676E-01
3.50000E+00	9.55056E+00	4.29797E-01
3.50000E+00	9.83146E+00	4.14829E-01
3.50000E+00	1.01124E+01	4.00687E-01
3.50000E+00	1.03933E+01	3.87299E-01
3.50000E+00	1.06742E+01	3.74601E-01
3.50000E+00	1.09551E+01	3.62538E-01
3.50000E+00	1.12360E+01	3.51058E-01
3.50000E+00	1.15169E+01	3.40118E-01
3.50000E+00	1.17978E+01	3.29676E-01
3.50000E+00	1.20787E+01	3.19697E-01
3.50000E+00	1.23596E+01	3.10148E-01
3.50000E+00	1.26404E+01	3.01001E-01
3.50000E+00	1.29213E+01	2.92235E-01
3.50000E+00	1.32022E+01	2.83826E-01
3.50000E+00	1.34831E+01	2.75757E-01
3.50000E+00	1.37640E+01	2.68010E-01
3.50000E+00	1.40449E+01	2.60568E-01
3.50000E+00	1.43258E+01	2.53415E-01
3.50000E+00	1.46067E+01	2.46541E-01
3.50000E+00	1.48876E+01	2.39935E-01
3.50000E+00	1.51685E+01	2.33591E-01
3.50000E+00	1.54494E+01	2.27500E-01
3.50000E+00	1.57303E+01	2.21654E-01
3.50000E+00	1.60112E+01	2.16044E-01
3.50000E+00	1.62921E+01	2.10659E-01
3.50000E+00	1.65730E+01	2.05488E-01
3.50000E+00	1.68539E+01	2.00522E-01
3.50000E+00	1.71348E+01	1.95750E-01
3.50000E+00	1.74157E+01	1.91162E-01
3.50000E+00	1.76966E+01	1.86749E-01
3.50000E+00	1.79775E+01	1.82503E-01
3.50000E+00	1.82584E+01	1.78414E-01
3.50000E+00	1.85393E+01	1.74474E-01
3.50000E+00	1.88202E+01	1.70678E-01
3.50000E+00	1.91011E+01	1.67016E-01
3.50000E+00	1.93820E+01	1.63483E-01
3.50000E+00	1.96629E+01	1.60073E-01
3.50000E+00	1.99438E+01	1.56779E-01
3.50000E+00	2.02247E+01	1.53597E-01
3.50000E+00	2.05056E+01	1.50521E-01
3.50000E+00	2.07865E+01	1.47546E-01
3.50000E+00	2.10674E+01	1.44668E-01
3.50000E+00	2.13483E+01	1.41882E-01
3.50000E+00	2.16292E+01	1.39185E-01
3.50000E+00	2.19101E+01	1.36571E-01
3.50000E+00	2.21910E+01	1.34039E-01
3.50000E+00	2.24719E+01	1.31584E-01
3.50000E+00	2.27528E+01	1.29203E-01
3.50000E+00	2.30337E+01	1.26892E-01
3.50000E+00	2.33146E+01	1.24650E-01
3.50000E+00	2.35955E+01	1.22474E-01
3.50000E+00	2.38764E+01	1.20359E-01
3.50000E+00	2.41573E+01	1.18305E-01
3.50000E+00	2.44382E+01	1.16309E-01
3.50000E+00	2.47191E+01	1.14369E-01
3.50000E+00	2.50000E+01	1.12481E-01
4.00000E+00	0.00000E+00	1.03038E+00
4.00000E+00	2.80899E-01	1.04753E+00
4.00000E+00	5.61798E-01	1.06679E+00
4.00000E+00	8.42697E-01	1.09375E+00
4.00000E+00	1.12360E+00	1.12930E+00
4.00000E+00	1.40449E+00	1.15940E+00
4.00000E+00	1.68539E+00	1.18465E+00
4.00000E+00	1.96629E+00	1.20864E+00
4.00000E+00	2.24719E+00	1.23069E+00
4.00000E+00	2.52809E+00	1.24616E+00
4.00000E+00	2.80899E+00	1.24870E+00
4.00000E+00	3.08989E+00	1.23338E+00
4.00000E+00	3.37079E+00	1.19955E+00
4.00000E+00	3.65169E+00	1.15120E+00
4.00000E+00	3.93258E+00	1.09444E+00
4.00000E+00	4.21348E+00	1.03483E+00
4.00000E+00	4.49438E+00	9.76131E-01
4.00000E+00	4.77528E+00	9.20428E-01
4.00000E+00	5.05618E+00	8.68612E-01
4.00000E+00	5.33708E+00	8.20876E-01
4.00000E+00	5.61798E+00	7.77059E-01
4.00000E+00	5.89888E+00	7.36843E-01
4.00000E+00	6.17978E+00	6.99877E-01
4.00000E+00	6.46067E+00	6.65832E-01
4.00000E+00	6.74157E+00	6.34414E-01
4.00000E+00	7.02247E+00	6.05369E-01
4.00000E+00	7.30337E+00	5.78473E-01
4.00000E+00	7.58427E+00	5.53526E-01
4.00000E+00	7.86517E+00	5.30348E-01
4.00000E+00	8.14607E+00	5.08776E-01
4.00000E+00	8.42697E+00	4.88664E-01
4.00000E+00	8.70787E+00	4.69876E-01
4.00000E+00	8.98876E+00	4.52289E-01
4.00000E+00	9.26966E+00	4.35789E-01
4.00000E+00	9.55056E+00	4.20272E-01
4.00000E+00	9.83146E+00	4.05645E-01
4.00000E+00	1.01124E+01	3.91824E-01
4.00000E+00	1.03933E+01	3.78740E-01
4.00000E+00	1.06742E+01	3.66329E-01
4.00000E+00	1.09551E+01	3.54538E-01
4.00000E+00	1.12360E+01	3.43317E-01
4.00000E+00	1.15169E+01	3.32623E-01
4.00000E+00	1.17978E+01	3.22416E-01
4.00000E+00	1.20787E+01	3.12661E-01
4.00000E+00	1.23596E+01	3.03327E-01
4.00000E+00	1.26404E+01	2.94387E-01
4.00000E+00	1.29213E+01	2.85818E-01
4.00000E+00	1.32022E+01	2.77599E-01
4.00000E+00	1.34831E+01	2.69712E-01
4.00000E+00	1.37640E+01	2.62139E-01
4.00000E+00	1.40449E+01	2.54864E-01
4.00000E+00	1.43258E+01	2.47873E-01
4.00000E+00	1.46067E+01	2.41155E-01
4.00000E+00	1.48876E+01	2.34699E-01
4.00000E+00	1.51685E+01	2.28499E-01
4.00000E+00	1.54494E+01	2.22545E-01
4.00000E+00	1.57303E+01	2.16831E-01
4.00000E+00	1.60112E+01	2.11345E-01
4.00000E+00	1.62921E+01	2.06080E-01
4.00000E+00	1.65730E+01	2.01024E-01
4.00000E+00	1.68539E+01	1.96167E-01
4.00000E+00	1.71348E+01	1.91500E-01
4.00000E+00	1.74157E+01	1.87012E-01
4.00000E+00	1.76966E+01	1.82696E-01
4.00000E+00	1.79775E+01	1.78542E-01
4.00000E+00	1.82584E+01	1.74543E-01
4.00000E+00	1.85393E+01	1.70689E-01
4.00000E+00	1.88202E+01	1.66975E-01
4.00000E+00	1.91011E+01	1.63394E-01
4.00000E+00	1.93820E+01	1.59938E-01
4.00000E+00	1.96629E+01	1.56602E-01
4.00000E+00	1.99438E+01	1.53380E-01
4.00000E+00	2.02247E+01	1.50267E-01
4.00000E+00	2.05056E+01	1.47258E-01
4.00000E+00	2.07865E+01	1.44348E-01
4.00000E+00	2.10674E+01	1.41533E-01
4.00000E+00	2.13483E+01	1.38808E-01
4.00000E+00	2.16292E+01	1.36169E-01
4.00000E+00	2.19101E+01	1.33612E-01
4.00000E+00	2.21910E+01	1.31135E-01
4.00000E+00	2.24719E+01	1.28733E-01
4.00000E+00	2.27528E+01	1.26404E-01
4.00000E+00	2.30337E+01	1.24144E-01
4.00000E+00	2.33146E+01	1.21950E-01
4.00000E+00	2.35955E+01	1.19821E-01
4.00000E+00	2.38764E+01	1.17753E-01
4.00000E+00	2.41573E+01	1.15743E-01
4.00000E+00	2.44382E+01	1.13790E-01
4.00000E+00	2.47191E+01	1.11892E-01
4.00000E+00	2.50000E+01	1.10046E-01
5.00000E+00	0.00000E+00	1.03085E+00
5.00000E+00	2.80899E-01	1.04432E+00
5.00000E+00	5.61798E-01	1.05931E+00
5.00000E+00	8.42697E-01	1.07616E+00
5.00000E+00	1.12360E+00	1.10179E+00
5.00000E+00	1.40449E+00	1.13066E+00
5.00000E+00	1.68539E+00	1.15471E+00
5.00000E+00	1.96629E+00	1.17237E+00
5.00000E+00	2.24719E+00	1.18368E+00
5.00000E+00	2.52809E+00	1.18714E+00
5.00000E+00	2.80899E+00	1.17999E+00
5.00000E+00	3.08989E+00	1.16001E+00
5.00000E+00	3.37079E+00	1.12718E+00
5.00000E+00	3.65169E+00	1.08394E+00
5.00000E+00	3.93258E+00	1.03408E+00
5.00000E+00	4.21348E+00	9.81376E-01
5.00000E+00	4.49438E+00	9.28748E-01
5.00000E+00	4.77528E+00	8.78055E-01
5.00000E+00	5.05618E+00	8.30284E-01
5.00000E+00	5.33708E+00	7.85820E-01
5.00000E+00	5.61798E+00	7.44690E-01
5.00000E+00	5.89888E+00	7.06736E-01
5.00000E+00	6.17978E+00	6.71720E-01
5.00000E+00	6.46067E+00	6.39385E-01
5.00000E+00	6.74157E+00	6.09490E-01
5.00000E+00	7.02247E+00	5.81809E-01
5.00000E+00	7.30337E+00	5.56143E-01
5.00000E+00	7.58427E+00	5.32308E-01
5.00000E+00	7.86517E+00	5.10140E-01
5.00000E+00	8.14607E+00	4.89489E-01
5.00000E+00	8.42697E+00	4.70217E-01
5.00000E+00	8.70787E+00	4.52199E-01
5.00000E+00	8.98876E+00	4.35321E-01
5.00000E+00	9.26966E+00	4.19477E-01
5.00000E+00	9.55056E+00	4.04569E-01
5.00000E+00	9.83146E+00	3.90512E-01
5.00000E+00	1.01124E+01	3.77228E-01
5.00000E+00	1.03933E+01	3.64650E-01
5.00000E+00	1.06742E+01	3.52719E-01
5.00000E+00	1.09551E+01	3.41382E-01
5.00000E+00	1.12360E+01	3.30591E-01
5.00000E+00	1.15169E+01	3.20306E-01
5.00000E+00	1.17978E+01	3.10489E-01
5.00000E+00	1.20787E+01	3.01107E-01
5.00000E+00	1.23596E+01	2.92130E-01
5.00000E+00	1.26404E+01	2.83532E-01
5.00000E+00	1.29213E+01	2.75291E-01
5.00000E+00	1.32022E+01	2.67387E-01
5.00000E+00	1.34831E+01	2.59801E-01
5.00000E+00	1.37640E+01	2.52517E-01
5.00000E+00	1.40449E+01	2.45521E-01
5.00000E+00	1.43258E+01	2.38798E-01
5.00000E+00	1.46067E+01	2.32339E-01
5.00000E+00	1.48876E+01	2.26132E-01
5.00000E+00	1.51685E+01	2.20170E-01
5.00000E+00	1.54494E+01	2.14444E-01
5.00000E+00	1.57303E+01	2.08946E-01
5.00000E+00	1.60112E+01	2.03667E-01
5.00000E+00	1.62921E+01	1.98599E-01
5.00000E+00	1.65730E+01	1.93731E-01
5.00000E+00	1.68539E+01	1.89054E-01
5.00000E+00	1.71348E+01	1.84559E-01
5.00000E+00	1.74157E+01	1.80237E-01
5.00000E+00	1.76966E+01	1.76080E-01
5.00000E+00	1.79775E+01	1.72078E-01
5.00000E+00	1.82584E+01	1.68225E-01
5.00000E+00	1.85393E+01	1.64513E-01
5.00000E+00	1.88202E+01	1.60934E-01
5.00000E+00	1.91011E+01	1.57484E-01
5.00000E+00	1.93820E+01	1.54154E-01
5.00000E+00	1.96629E+01	1.50939E-01
5.00000E+00	1.99438E+01	1.47835E-01
5.00000E+00	2.02247E+01	1.44836E-01
5.00000E+00	2.05056E+01	1.41936E-01
5.00000E+00	2.07865E+01	1.39132E-01
5.00000E+00	2.10674E+01	1.36419E-01
5.00000E+00	2.13483E+01	1.33792E-01
5.00000E+00	2.16292E+01	1.31249E-01
5.00000E+00	2.19101E+01	1.28786E-01
5.00000E+00	2.21910E+01	1.26399E-01
5.00000E+00	2.24719E+01	1.24084E-01
5.00000E+00	2.27528E+01	1.21839E-01
5.00000E+00	2.30337E+01	1.19661E-01
5.00000E+00	2.33146E+01	1.17547E-01
5.00000E+00	2.35955E+01	1.15495E-01
5.00000E+00	2.38764E+01	1.13502E-01
5.00000E+00	2.41573E+01	1.11565E-01
5.00000E+00	2.44382E+01	1.09683E-01
5.00000E+00	2.47191E+01	1.07854E-01
5.00000E+00	2.50000E+01	1.06074E-01
6.00000E+00	0.00000E+00	1.03058E+00
6.00000E+00	2.80899E-01	1.04138E+00
6.00000E+00	5.61798E-01	1.05326E+00
6.00000E+00	8.42697E-01	1.06564E+00
6.00000E+00	1.12360E+00	1.08083E+00
6.00000E+00	1.40449E+00	1.10215E+00
6.00000E+00	1.68539E+00	1.12249E+00
6.00000E+00	1.96629E+00	1.13656E+00
6.00000E+00	2.24719E+00	1.14219E+00
6.00000E+00	2.52809E+00	1.13855E+00
6.00000E+00	2.80899E+00	1.12510E+00
6.00000E+00	3.08989E+00	1.10162E+00
6.00000E+00	3.37079E+00	1.06886E+00
6.00000E+00	3.65169E+00	1.02865E+00
6.00000E+00	3.93258E+00	9.83530E-01
6.00000E+00	4.21348E+00	9.36083E-01
6.00000E+00	4.49438E+00	8.88447E-01
6.00000E+00	4.77528E+00	8.42127E-01
6.00000E+00	5.05618E+00	7.98032E-01
6.00000E+00	5.33708E+00	7.56610E-01
6.00000E+00	5.61798E+00	7.17999E-01
6.00000E+00	5.89888E+00	6.82153E-01
6.00000E+00	6.17978E+00	6.48928E-01
6.00000E+00	6.46067E+00	6.18141E-01
6.00000E+00	6.74157E+00	5.89599E-01
6.00000E+00	7.02247E+00	5.63113E-01
6.00000E+00	7.30337E+00	5.38509E-01
6.00000E+00	7.58427E+00	5.15624E-01
6.00000E+00	7.86517E+00	4.94309E-01
6.00000E+00	8.14607E+00	4.74428E-01
6.00000E+00	8.42697E+00	4.55852E-01
6.00000E+00	8.70787E+00	4.38468E-01
6.00000E+00	8.98876E+00	4.22168E-01
6.00000E+00	9.26966E+00	4.06854E-01
6.00000E+00	9.55056E+00	3.92437E-01
6.00000E+00	9.83146E+00	3.78837E-01
6.00000E+00	1.01124E+01	3.65980E-01
6.00000E+00	1.03933E+01	3.53804E-01
6.00000E+00	1.06742E+01	3.42251E-01
6.00000E+00	1.09551E+01	3.31271E-01
6.00000E+00	1.12360E+01	3.20819E-01
6.00000E+00	1.15169E+01	3.10856E-01
6.00000E+00	1.17978E+01	3.01345E-01
6.00000E+00	1.20787E+01	2.92255E-01
6.00000E+00	1.23596E+01	2.83557E-01
6.00000E+00	1.26404E+01	2.75227E-01
6.00000E+00	1.29213E+01	2.67243E-01
6.00000E+00	1.32022E+01	2.59584E-01
6.00000E+00	1.34831E+01	2.52234E-01
6.00000E+00	1.37640E+01	2.45177E-01
6.00000E+00	1.40449E+01	2.38398E-01
6.00000E+00	1.43258E+01	2.31885E-01
6.00000E+00	1.46067E+01	2.25627E-01
6.00000E+00	1.48876E+01	2.19614E-01
6.00000E+00	1.51685E+01	2.13837E-01
6.00000E+00	1.54494E+01	2.08288E-01
6.00000E+00	1.57303E+01	2.02959E-01
6.00000E+00	1.60112E+01	1.97840E-01
6.00000E+00	1.62921E+01	1.92924E-01
6.00000E+00	1.65730E+01	1.88201E-01
6.00000E+00	1.68539E+01	1.83663E-01
6.00000E+00	1.71348E+01	1.79301E-01
6.00000E+00	1.74157E+01	1.75105E-01
6.00000E+00	1.76966E+01	1.71069E-01
6.00000E+00	1.79775E+01	1.67184E-01
6.00000E+00	1.82584E+01	1.63443E-01
6.00000E+00	1.85393E+01	1.59838E-01
6.00000E+00	1.88202E+01	1.56363E-01
6.00000E+00	1.91011E+01	1.53012E-01
6.00000E+00	1.93820E+01	1.49778E-01
6.00000E+00	1.96629E+01	1.46656E-01
6.00000E+00	1.99438E+01	1.43641E-01
6.00000E+00	2.02247E+01	1.40728E-01
6.00000E+00	2.05056E+01	1.37911E-01
6.00000E+00	2.07865E+01	1.35188E-01
6.00000E+00	2.10674E+01	1.32552E-01
6.00000E+00	2.13483E+01	1.30001E-01
6.00000E+00	2.16292E+01	1.27531E-01
6.00000E+00	2.19101E+01	1.25138E-01
6.00000E+00	2.21910E+01	1.22819E-01
6.00000E+00	2.24719E+01	1.20570E-01
6.00000E+00	2.27528E+01	1.18390E-01
6.00000E+00	2.30337E+01	1.16274E-01
6.00000E+00	2.33146E+01	1.14220E-01
6.00000E+00	2.35955E+01	1.12227E-01
6.00000E+00	2.38764E+01	1.10290E-01
6.00000E+00	2.41573E+01	1.08409E-01
6.00000E+00	2.44382E+01	1.06581E-01
6.00000E+00	2.47191E+01	1.04803E-01
6.00000E+00	2.50000E+01	1.03074E-01
7.00000E+00	0.00000E+00	1.02938E+00
7.00000E+00	2.80899E-01	1.03788E+00
7.00000E+00	5.61798E-01	1.04697E+00
7.00000E+00	8.42697E-01	1.05593E+00
7.00000E+00	1.12360E+00	1.06499E+00
7.00000E+00	1.40449E+00	1.07677E+00
7.00000E+00	1.68539E+00	1.09045E+00
7.00000E+00	1.96629E+00	1.10028E+00
7.00000E+00	2.24719E+00	1.10260E+00
7.00000E+00	2.52809E+00	1.09578E+00
7.00000E+00	2.80899E+00	1.07960E+00
7.00000E+00	3.08989E+00	1.05470E+00
7.00000E+00	3.37079E+00	1.02235E+00
7.00000E+00	3.65169E+00	9.84280E-01
7.00000E+00	3.93258E+00	9.42489E-01
7.00000E+00	4.21348E+00	8.98893E-01
7.00000E+00	4.49438E+00	8.55110E-01
7.00000E+00	4.77528E+00	8.12335E-01
7.00000E+00	5.05618E+00	7.71345E-01
7.00000E+00	5.33708E+00	7.32573E-01
7.00000E+00	5.61798E+00	6.96203E-01
7.00000E+00	5.89888E+00	6.62252E-01
7.00000E+00	6.17978E+00	6.30641E-01
7.00000E+00	6.46067E+00	6.01241E-01
7.00000E+00	6.74157E+00	5.73902E-01
7.00000E+00	7.02247E+00	5.48468E-01
7.00000E+00	7.30337E+00	5.24789E-01
7.00000E+00	7.58427E+00	5.02723E-01
7.00000E+00	7.86517E+00	4.82136E-01
7.00000E+00	8.14607E+00	4.62903E-01
7.00000E+00	8.42697E+00	4.44909E-01
7.00000E+00	8.70787E+00	4.28048E-01
7.00000E+00	8.98876E+00	4.12221E-01
7.00000E+00	9.26966E+00	3.97338E-01
7.00000E+00	9.55056E+00	3.83315E-01
7.00000E+00	9.83146E+00	3.70078E-01
7.00000E+00	1.01124E+01	3.57560E-01
7.00000E+00	1.03933E+01	3.45699E-01
7.00000E+00	1.06742E+01	3.34442E-01
7.00000E+00	1.09551E+01	3.23740E-01
7.00000E+00	1.12360E+01	3.13551E-01
7.00000E+00	1.15169E+01	3.03836E-01
7.00000E+00	1.17978E+01	2.94561E-01
7.00000E+00	1.20787E+01	2.85696E-01
7.00000E+00	1.23596E+01	2.77213E-01
7.00000E+00	1.26404E+01	2.69088E-01
7.00000E+00	1.29213E+01	2.61300E-01
7.00000E+00	1.32022E+01	2.53830E-01
7.00000E+00	1.34831E+01	2.46661E-01
7.00000E+00	1.37640E+01	2.39777E-01
7.00000E+00	1.40449E+01	2.33164E-01
7.00000E+00	1.43258E+01	2.26811E-01
7.00000E+00	1.46067E+01	2.20706E-01
7.00000E+00	1.48876E+01	2.14841E-01
7.00000E+00	1.51685E+01	2.09204E-01
7.00000E+00	1.54494E+01	2.03789E-01
7.00000E+00	1.57303E+01	1.98587E-01
7.00000E+00	1.60112E+01	1.93590E-01
7.00000E+00	1.62921E+01	1.88788E-01
7.00000E+00	1.65730E+01	1.84175E-01
7.00000E+00	1.68539E+01	1.79740E-01
7.00000E+00	1.71348E+01	1.75476E-01
7.00000E+00	1.74157E+01	1.71375E-01
7.00000E+00	1.76966E+01	1.67428E-01
7.00000E+00	1.79775E+01	1.63629E-01
7.00000E+00	1.82584E+01	1.59970E-01
7.00000E+00	1.85393E+01	1.56445E-01
7.00000E+00	1.88202E+01	1.53046E-01
7.00000E+00	1.91011E+01	1.49767E-01
7.00000E+00	1.93820E+01	1.46604E-01
7.00000E+00	1.96629E+01	1.43550E-01
7.00000E+00	1.99438E+01	1.40600E-01
7.00000E+00	2.02247E+01	1.37750E-01
7.00000E+00	2.05056E+01	1.34995E-01
7.00000E+00	2.07865E+01	1.32330E-01
7.00000E+00	2.10674E+01	1.29751E-01
7.00000E+00	2.13483E+01	1.27255E-01
7.00000E+00	2.16292E+01	1.24838E-01
7.00000E+00	2.19101E+01	1.22496E-01
7.00000E+00	2.21910E+01	1.20227E-01
7.00000E+00	2.24719E+01	1.18026E-01
7.00000E+00	2.27528E+01	1.15893E-01
7.00000E+00	2.30337E+01	1.13822E-01
7.00000E+00	2.33146E+01	1.11813E-01
7.00000E+00	2.35955E+01	1.09861E-01
7.00000E+00	2.38764E+01	1.07966E-01
7.00000E+00	2.41573E+01	1.06125E-01
7.00000E+00	2.44382E+01	1.04336E-01
7.00000E+00	2.47191E+01	1.02596E-01
7.00000E+00	2.50000E+01	1.00904E-01
8.00000E+00	0.00000E+00	1.02710E+00
8.00000E+00	2.80899E-01	1.03346E+00
8.00000E+00	5.61798E-01	1.03993E+00
8.00000E+00	8.42697E-01	1.04583E+00
8.00000E+00	1.12360E+00	1.05078E+00
8.00000E+00	1.40449E+00	1.05537E+00
8.00000E+00	1.68539E+00	1.06145E+00
8.00000E+00	1.96629E+00	1.06604E+00
8.00000E+00	2.24719E+00	1.06527E+00
8.00000E+00	2.52809E+00	1.05689E+00
8.00000E+00	2.80899E+00	1.04020E+00
8.00000E+00	3.08989E+00	1.01570E+00
8.00000E+00	3.37079E+00	9.84664E-01
8.00000E+00	3.65169E+00	9.48755E-01
8.00000E+00	3.93258E+00	9.09710E-01
8.00000E+00	4.21348E+00	8.69138E-01
8.00000E+00	4.49438E+00	8.28372E-01
8.00000E+00	4.77528E+00	7.88418E-01
8.00000E+00	5.05618E+00	7.49953E-01
8.00000E+00	5.33708E+00	7.13385E-01
8.00000E+00	5.61798E+00	6.78909E-01
8.00000E+00	5.89888E+00	6.46582E-01
8.00000E+00	6.17978E+00	6.16363E-01
8.00000E+00	6.46067E+00	5.88164E-01
8.00000E+00	6.74157E+00	5.61865E-01
8.00000E+00	7.02247E+00	5.37337E-01
8.00000E+00	7.30337E+00	5.14452E-01
8.00000E+00	7.58427E+00	4.93084E-01
8.00000E+00	7.86517E+00	4.73111E-01
8.00000E+00	8.14607E+00	4.54421E-01
8.00000E+00	8.42697E+00	4.36910E-01
8.00000E+00	8.70787E+00	4.20478E-01
8.00000E+00	8.98876E+00	4.05036E-01
8.00000E+00	9.26966E+00	3.90499E-01
8.00000E+00	9.55056E+00	3.76790E-01
8.00000E+00	9.83146E+00	3.63840E-01
8.00000E+00	1.01124E+01	3.51585E-01
8.00000E+00	1.03933E+01	3.39967E-01
8.00000E+00	1.06742E+01	3.28936E-01
8.00000E+00	1.09551E+01	3.18446E-01
8.00000E+00	1.12360E+01	3.08455E-01
8.00000E+00	1.15169E+01	2.98927E-01
8.00000E+00	1.17978E+01	2.89829E-01
8.00000E+00	1.20787E+01	2.81131E-01
8.00000E+00	1.23596E+01	2.72808E-01
8.00000E+00	1.26404E+01	2.64835E-01
8.00000E+00	1.29213E+01	2.57193E-01
8.00000E+00	1.32022E+01	2.49861E-01
8.00000E+00	1.34831E+01	2.42825E-01
8.00000E+00	1.37640E+01	2.36068E-01
8.00000E+00	1.40449E+01	2.29578E-01
8.00000E+00	1.43258E+01	2.23342E-01
8.00000E+00	1.46067E+01	2.17349E-01
8.00000E+00	1.48876E+01	2.11590E-01
8.00000E+00	1.51685E+01	2.06056E-01
8.00000E+00	1.54494E+01	2.00738E-01
8.00000E+00	1.57303E+01	1.95628E-01
8.00000E+00	1.60112E+01	1.90717E-01
8.00000E+00	1.62921E+01	1.85998E-01
8.00000E+00	1.65730E+01	1.81461E-01
8.00000E+00	1.68539E+01	1.77099E-01
8.00000E+00	1.71348E+01	1.72905E-01
8.00000E+00	1.74157E+01	1.68869E-01
8.00000E+00	1.76966E+01	1.64986E-01
8.00000E+00	1.79775E+01	1.61246E-01
8.00000E+00	1.82584E+01	1.57644E-01
8.00000E+00	1.85393E+01	1.54173E-01
8.00000E+00	1.88202E+01	1.50826E-01
8.00000E+00	1.91011E+01	1.47598E-01
8.00000E+00	1.93820E+01	1.44483E-01
8.00000E+00	1.96629E+01	1.41475E-01
8.00000E+00	1.99438E+01	1.38570E-01
8.00000E+00	2.02247E+01	1.35762E-01
8.00000E+00	2.05056E+01	1.33048E-01
8.00000E+00	2.07865E+01	1.30423E-01
8.00000E+00	2.10674E+01	1.27883E-01
8.00000E+00	2.13483E+01	1.25424E-01
8.00000E+00	2.16292E+01	1.23043E-01
8.00000E+00	2.19101E+01	1.20736E-01
8.00000E+00	2.21910E+01	1.18500E-01
8.00000E+00	2.24719E+01	1.16332E-01
8.00000E+00	2.27528E+01	1.14230E-01
8.00000E+00	2.30337E+01	1.12190E-01
8.00000E+00	2.33146E+01	1.10210E-01
8.00000E+00	2.35955E+01	1.08288E-01
8.00000E+00	2.38764E+01	1.06420E-01
8.00000E+00	2.41573E+01	1.04606E-01
8.00000E+00	2.44382E+01	1.02843E-01
8.00000E+00	2.47191E+01	1.01129E-01
8.00000E+00	2.50000E+01	9.94619E-02
9.00000E+00	0.00000E+00	1.02377E+00
9.00000E+00	2.80899E-01	1.02811E+00
9.00000E+00	5.61798E-01	1.03216E+00
9.00000E+00	8.42697E-01	1.03528E+00
9.00000E+00	1.12360E+00	1.03696E+00
9.00000E+00	1.40449E+00	1.03709E+00
9.00000E+00	1.68539E+00	1.03650E+00
9.00000E+00	1.96629E+00	1.03568E+00
9.00000E+00	2.24719E+00	1.03156E+00
9.00000E+00	2.52809E+00	1.02182E+00
9.00000E+00	2.80899E+00	1.00535E+00
9.00000E+00	3.08989E+00	9.82164E-01
9.00000E+00	3.37079E+00	9.53163E-01
9.00000E+00	3.65169E+00	9.19720E-01
9.00000E+00	3.93258E+00	8.83351E-01
9.00000E+00	4.21348E+00	8.45476E-01
9.00000E+00	4.49438E+00	8.07285E-01
9.00000E+00	4.77528E+00	7.69689E-01
9.00000E+00	5.05618E+00	7.33320E-01
9.00000E+00	5.33708E+00	6.98579E-01
9.00000E+00	5.61798E+00	6.65681E-01
9.00000E+00	5.89888E+00	6.34708E-01
9.00000E+00	6.17978E+00	6.05654E-01
9.00000E+00	6.46067E+00	5.78459E-01
9.00000E+00	6.74157E+00	5.53031E-01
9.00000E+00	7.02247E+00	5.29261E-01
9.00000E+00	7.30337E+00	5.07036E-01
9.00000E+00	7.58427E+00	4.86246E-01
9.00000E+00	7.86517E+00	4.66781E-01
9.00000E+00	8.14607E+00	4.48538E-01
9.00000E+00	8.42697E+00	4.31419E-01
9.00000E+00	8.70787E+00	4.15335E-01
9.00000E+00	8.98876E+00	4.00200E-01
9.00000E+00	9.26966E+00	3.85937E-01
9.00000E+00	9.55056E+00	3.72474E-01
9.00000E+00	9.83146E+00	3.59745E-01
9.00000E+00	1.01124E+01	3.47691E-01
9.00000E+00	1.03933E+01	3.36257E-01
9.00000E+00	1.06742E+01	3.25395E-01
9.00000E+00	1.09551E+01	3.15060E-01
9.00000E+00	1.12360E+01	3.05215E-01
9.00000E+00	1.15169E+01	2.95822E-01
9.00000E+00	1.17978E+01	2.86851E-01
9.00000E+00	1.20787E+01	2.78274E-01
9.00000E+00	1.23596E+01	2.70064E-01
9.00000E+00	1.26404E+01	2.62198E-01
9.00000E+00	1.29213E+01	2.54658E-01
9.00000E+00	1.32022E+01	2.47424E-01
9.00000E+00	1.34831E+01	2.40480E-01
9.00000E+00	1.37640E+01	2.33812E-01
9.00000E+00	1.40449E+01	2.27407E-01
9.00000E+00	1.43258E+01	2.21251E-01
9.00000E+00	1.46067E+01	2.15336E-01
9.00000E+00	1.48876E+01	2.09651E-01
9.00000E+00	1.51685E+01	2.04186E-01
9.00000E+00	1.54494E+01	1.98933E-01
9.00000E+00	1.57303E+01	1.93884E-01
9.00000E+00	1.60112E+01	1.89031E-01
9.00000E+00	1.62921E+01	1.84366E-01
9.00000E+00	1.65730E+01	1.79879E-01
9.00000E+00	1.68539E+01	1.75565E-01
9.00000E+00	1.71348E+01	1.71415E-01
9.00000E+00	1.74157E+01	1.67421E-01
9.00000E+00	1.76966E+01	1.63577E-01
9.00000E+00	1.79775E+01	1.59874E-01
9.00000E+00	1.82584E+01	1.56308E-01
9.00000E+00	1.85393E+01	1.52870E-01
9.00000E+00	1.88202E+01	1.49555E-01
9.00000E+00	1.91011E+01	1.46357E-01
9.00000E+00	1.93820E+01	1.43271E-01
9.00000E+00	1.96629E+01	1.40291E-01
9.00000E+00	1.99438E+01	1.37412E-01
9.00000E+00	2.02247E+01	1.34630E-01
9.00000E+00	2.05056E+01	1.31941E-01
9.00000E+00	2.07865E+01	1.29339E-01
9.00000E+00	2.10674E+01	1.26822E-01
9.00000E+00	2.13483E+01	1.24385E-01
9.00000E+00	2.16292E+01	1.22025E-01
9.00000E+00	2.19101E+01	1.19738E-01
9.00000E+00	2.21910E+01	1.17522E-01
9.00000E+00	2.24719E+01	1.15373E-01
9.00000E+00	2.27528E+01	1.13289E-01
9.00000E+00	2.30337E+01	1.11267E-01
9.00000E+00	2.33146E+01	1.09304E-01
9.00000E+00	2.35955E+01	1.07399E-01
9.00000E+00	2.38764E+01	1.05548E-01
9.00000E+00	2.41573E+01	1.03749E-01
9.00000E+00	2.44382E+01	1.02001E-01
9.00000E+00	2.47191E+01	1.00302E-01
9.00000E+00	2.50000E+01	9.86488E-02
1.00000E+01	0.00000E+00	1.01949E+00
1.00000E+01	2.80899E-01	1.02196E+00
1.00000E+01	5.61798E-01	1.02381E+00
1.00000E+01	8.42697E-01	1.02449E+00
1.00000E+01	1.12360E+00	1.02349E+00
1.00000E+01	1.40449E+00	1.02047E+00
1.00000E+01	1.68539E+00	1.01556E+00
1.00000E+01	1.96629E+00	1.00972E+00
1.00000E+01	2.24719E+00	1.00225E+00
1.00000E+01	2.52809E+00	9.90954E-01
1.00000E+01	2.80899E+00	9.74608E-01
1.00000E+01	3.08989E+00	9.52841E-01
1.00000E+01	3.37079E+00	9.26074E-01
1.00000E+01	3.65169E+00	8.95267E-01
1.00000E+01	3.93258E+00	8.61630E-01
1.00000E+01	4.21348E+00	8.26386E-01
1.00000E+01	4.49438E+00	7.90609E-01
1.00000E+01	4.77528E+00	7.55154E-01
1.00000E+01	5.05618E+00	7.20645E-01
1.00000E+01	5.33708E+00	6.87495E-01
1.00000E+01	5.61798E+00	6.55948E-01
1.00000E+01	5.89888E+00	6.26121E-01
1.00000E+01	6.17978E+00	5.98042E-01
1.00000E+01	6.46067E+00	5.71679E-01
1.00000E+01	6.74157E+00	5.46965E-01
1.00000E+01	7.02247E+00	5.23812E-01
1.00000E+01	7.30337E+00	5.02124E-01
1.00000E+01	7.58427E+00	4.81799E-01
1.00000E+01	7.86517E+00	4.62740E-01
1.00000E+01	8.14607E+00	4.44852E-01
1.00000E+01	8.42697E+00	4.28044E-01
1.00000E+01	8.70787E+00	4.12232E-01
1.00000E+01	8.98876E+00	3.97336E-01
1.00000E+01	9.26966E+00	3.83284E-01
1.00000E+01	9.55056E+00	3.70007E-01
1.00000E+01	9.83146E+00	3.57444E-01
1.00000E+01	1.01124E+01	3.45538E-01
1.00000E+01	1.03933E+01	3.34238E-01
1.00000E+01	1.06742E+01	3.23497E-01
1.00000E+01	1.09551E+01	3.13273E-01
1.00000E+01	1.12360E+01	3.03529E-01
1.00000E+01	1.15169E+01	2.94230E-01
1.00000E+01	1.17978E+01	2.85346E-01
1.00000E+01	1.20787E+01	2.76848E-01
1.00000E+01	1.23596E+01	2.68714E-01
1.00000E+01	1.26404E+01	2.60920E-01
1.00000E+01	1.29213E+01	2.53447E-01
1.00000E+01	1.32022E+01	2.46276E-01
1.00000E+01	1.34831E+01	2.39392E-01
1.00000E+01	1.37640E+01	2.32781E-01
1.00000E+01	1.40449E+01	2.26429E-01
1.00000E+01	1.43258E+01	2.20325E-01
1.00000E+01	1.46067E+01	2.14458E-01
1.00000E+01	1.48876E+01	2.08817E-01
1.00000E+01	1.51685E+01	2.03395E-01
1.00000E+01	1.54494E+01	1.98182E-01
1.00000E+01	1.57303E+01	1.93169E-01
1.00000E+01	1.60112E+01	1.88349E-01
1.00000E+01	1.62921E+01	1.83715E-01
1.00000E+01	1.65730E+01	1.79257E-01
1.00000E+01	1.68539E+01	1.74968E-01
1.00000E+01	1.71348E+01	1.70841E-01
1.00000E+01	1.74157E+01	1.66869E-01
1.00000E+01	1.76966E+01	1.63045E-01
1.00000E+01	1.79775E+01	1.59361E-01
1.00000E+01	1.82584E+01	1.55811E-01
1.00000E+01	1.85393E+01	1.52389E-01
1.00000E+01	1.88202E+01	1.49089E-01
1.00000E+01	1.91011E+01	1.45905E-01
1.00000E+01	1.93820E+01	1.42831E-01
1.00000E+01	1.96629E+01	1.39864E-01
1.00000E+01	1.99438E+01	1.36997E-01
1.00000E+01	2.02247E+01	1.34226E-01
1.00000E+01	2.05056E+01	1.31547E-01
1.00000E+01	2.07865E+01	1.28955E-01
1.00000E+01	2.10674E+01	1.26447E-01
1.00000E+01	2.13483E+01	1.24019E-01
1.00000E+01	2.16292E+01	1.21667E-01
1.00000E+01	2.19101E+01	1.19389E-01
1.00000E+01	2.21910E+01	1.17181E-01
1.00000E+01	2.24719E+01	1.15040E-01
1.00000E+01	2.27528E+01	1.12963E-01
1.00000E+01	2.30337E+01	1.10948E-01
1.00000E+01	2.33146E+01	1.08992E-01
1.00000E+01	2.35955E+01	1.07092E-01
1.00000E+01	2.38764E+01	1.05248E-01
1.00000E+01	2.41573E+01	1.03455E-01
1.00000E+01	2.44382E+01	1.01713E-01
1.00000E+01	2.47191E+01	1.00019E-01
1.00000E+01	2.50000E+01	9.83718E-02
