1.00000E-04	0.00000E+00	1.00258E+00
1.00000E-04	2.80899E-01	1.20648E+00
1.00000E-04	5.61798E-01	1.55173E+00
1.00000E-04	8.42697E-01	1.90150E+00
1.00000E-04	1.12360E+00	2.25542E+00
1.00000E-04	1.40449E+00	2.60115E+00
1.00000E-04	1.68539E+00	2.91259E+00
1.00000E-04	1.96629E+00	3.25205E+00
1.00000E-04	2.24719E+00	3.57676E+00
1.00000E-04	2.52809E+00	3.86305E+00
1.00000E-04	2.80899E+00	4.12229E+00
1.00000E-04	3.08989E+00	4.41738E+00
1.00000E-04	3.37079E+00	4.69831E+00
1.00000E-04	3.65169E+00	4.97023E+00
1.00000E-04	3.93258E+00	5.21936E+00
1.00000E-04	4.21348E+00	5.46309E+00
1.00000E-04	4.49438E+00	5.68304E+00
1.00000E-04	4.77528E+00	5.91617E+00
1.00000E-04	5.05618E+00	6.14592E+00
1.00000E-04	5.33708E+00	6.36065E+00
1.00000E-04	5.61798E+00	6.55961E+00
1.00000E-04	5.89888E+00	6.73740E+00
1.00000E-04	6.17978E+00	6.91075E+00
1.00000E-04	6.46067E+00	7.07131E+00
1.00000E-04	6.74157E+00	7.23475E+00
1.00000E-04	7.02247E+00	7.37205E+00
1.00000E-04	7.30337E+00	7.49600E+00
1.00000E-04	7.58427E+00	7.60147E+00
1.00000E-04	7.86517E+00	7.70313E+00
1.00000E-04	8.14607E+00	7.79422E+00
1.00000E-04	8.42697E+00	7.85182E+00
1.00000E-04	8.70787E+00	7.90134E+00
1.00000E-04	8.98876E+00	7.94103E+00
1.00000E-04	9.26966E+00	7.96996E+00
1.00000E-04	9.55056E+00	7.97792E+00
1.00000E-04	9.83146E+00	7.98352E+00
1.00000E-04	1.01124E+01	7.97453E+00
1.00000E-04	1.03933E+01	7.95348E+00
1.00000E-04	1.06742E+01	7.92356E+00
1.00000E-04	1.09551E+01	7.88849E+00
1.00000E-04	1.12360E+01	7.84185E+00
1.00000E-04	1.15169E+01	7.78498E+00
1.00000E-04	1.17978E+01	7.72135E+00
1.00000E-04	1.20787E+01	7.65679E+00
1.00000E-04	1.23596E+01	7.58088E+00
1.00000E-04	1.26404E+01	7.49930E+00
1.00000E-04	1.29213E+01	7.41649E+00
1.00000E-04	1.32022E+01	7.33266E+00
1.00000E-04	1.34831E+01	7.24300E+00
1.00000E-04	1.37640E+01	7.15094E+00
1.00000E-04	1.40449E+01	7.06187E+00
1.00000E-04	1.43258E+01	6.96754E+00
1.00000E-04	1.46067E+01	6.87513E+00
1.00000E-04	1.48876E+01	6.78013E+00
1.00000E-04	1.51685E+01	6.68795E+00
1.00000E-04	1.54494E+01	6.59525E+00
1.00000E-04	1.57303E+01	6.50235E+00
1.00000E-04	1.60112E+01	6.40945E+00
1.00000E-04	1.62921E+01	6.31917E+00
1.00000E-04	1.65730E+01	6.22999E+00
1.00000E-04	1.68539E+01	6.14051E+00
1.00000E-04	1.71348E+01	6.05313E+00
1.00000E-04	1.74157E+01	5.96593E+00
1.00000E-04	1.76966E+01	5.88042E+00
1.00000E-04	1.79775E+01	5.79585E+00
1.00000E-04	1.82584E+01	5.71395E+00
1.00000E-04	1.85393E+01	5.63146E+00
1.00000E-04	1.88202E+01	5.55085E+00
1.00000E-04	1.91011E+01	5.47160E+00
1.00000E-04	1.93820E+01	5.39356E+00
1.00000E-04	1.96629E+01	5.31749E+00
1.00000E-04	1.99438E+01	5.24292E+00
1.00000E-04	2.02247E+01	5.16820E+00
1.00000E-04	2.05056E+01	5.09532E+00
1.00000E-04	2.07865E+01	5.02479E+00
1.00000E-04	2.10674E+01	4.95336E+00
1.00000E-04	2.13483E+01	4.88509E+00
1.00000E-04	2.16292E+01	4.81714E+00
1.00000E-04	2.19101E+01	4.75065E+00
1.00000E-04	2.21910E+01	4.68565E+00
1.00000E-04	2.24719E+01	4.62173E+00
1.00000E-04	2.27528E+01	4.55862E+00
1.00000E-04	2.30337E+01	4.49727E+00
1.00000E-04	2.33146E+01	4.43650E+00
1.00000E-04	2.35955E+01	4.37692E+00
1.00000E-04	2.38764E+01	4.31876E+00
1.00000E-04	2.41573E+01	4.26212E+00
1.00000E-04	2.44382E+01	4.20582E+00
1.00000E-04	2.47191E+01	4.15135E+00
1.00000E-04	2.50000E+01	4.09728E+00
5.00000E-04	0.00000E+00	1.00383E+00
5.00000E-04	2.80899E-01	1.21971E+00
5.00000E-04	5.61798E-01	1.56901E+00
5.00000E-04	8.42697E-01	1.92295E+00
5.00000E-04	1.12360E+00	2.28001E+00
5.00000E-04	1.40449E+00	2.63009E+00
5.00000E-04	1.68539E+00	2.94500E+00
5.00000E-04	1.96629E+00	3.28824E+00
5.00000E-04	2.24719E+00	3.61656E+00
5.00000E-04	2.52809E+00	3.90604E+00
5.00000E-04	2.80899E+00	4.16816E+00
5.00000E-04	3.08989E+00	4.46687E+00
5.00000E-04	3.37079E+00	4.75060E+00
5.00000E-04	3.65169E+00	5.02546E+00
5.00000E-04	3.93258E+00	5.27753E+00
5.00000E-04	4.21348E+00	5.52252E+00
5.00000E-04	4.49438E+00	5.74627E+00
5.00000E-04	4.77528E+00	5.98199E+00
5.00000E-04	5.05618E+00	6.21434E+00
5.00000E-04	5.33708E+00	6.43143E+00
5.00000E-04	5.61798E+00	6.63261E+00
5.00000E-04	5.89888E+00	6.81233E+00
5.00000E-04	6.17978E+00	6.98766E+00
5.00000E-04	6.46067E+00	7.15001E+00
5.00000E-04	6.74157E+00	7.31525E+00
5.00000E-04	7.02247E+00	7.45408E+00
5.00000E-04	7.30337E+00	7.57964E+00
5.00000E-04	7.58427E+00	7.68606E+00
5.00000E-04	7.86517E+00	7.78886E+00
5.00000E-04	8.14607E+00	7.88095E+00
5.00000E-04	8.42697E+00	7.93920E+00
5.00000E-04	8.70787E+00	7.98927E+00
5.00000E-04	8.98876E+00	8.03088E+00
5.00000E-04	9.26966E+00	8.05865E+00
5.00000E-04	9.55056E+00	8.06670E+00
5.00000E-04	9.83146E+00	8.07236E+00
5.00000E-04	1.01124E+01	8.06327E+00
5.00000E-04	1.03933E+01	8.04153E+00
5.00000E-04	1.06742E+01	8.01173E+00
5.00000E-04	1.09551E+01	7.97628E+00
5.00000E-04	1.12360E+01	7.92912E+00
5.00000E-04	1.15169E+01	7.87161E+00
5.00000E-04	1.17978E+01	7.80728E+00
5.00000E-04	1.20787E+01	7.74200E+00
5.00000E-04	1.23596E+01	7.66525E+00
5.00000E-04	1.26404E+01	7.58275E+00
5.00000E-04	1.29213E+01	7.49902E+00
5.00000E-04	1.32022E+01	7.41426E+00
5.00000E-04	1.34831E+01	7.32360E+00
5.00000E-04	1.37640E+01	7.23052E+00
5.00000E-04	1.40449E+01	7.14046E+00
5.00000E-04	1.43258E+01	7.04508E+00
5.00000E-04	1.46067E+01	6.95164E+00
5.00000E-04	1.48876E+01	6.85558E+00
5.00000E-04	1.51685E+01	6.76238E+00
5.00000E-04	1.54494E+01	6.66864E+00
5.00000E-04	1.57303E+01	6.57471E+00
5.00000E-04	1.60112E+01	6.48077E+00
5.00000E-04	1.62921E+01	6.38949E+00
5.00000E-04	1.65730E+01	6.29932E+00
5.00000E-04	1.68539E+01	6.20884E+00
5.00000E-04	1.71348E+01	6.12049E+00
5.00000E-04	1.74157E+01	6.03232E+00
5.00000E-04	1.76966E+01	5.94586E+00
5.00000E-04	1.79775E+01	5.86035E+00
5.00000E-04	1.82584E+01	5.77753E+00
5.00000E-04	1.85393E+01	5.69413E+00
5.00000E-04	1.88202E+01	5.61263E+00
5.00000E-04	1.91011E+01	5.53249E+00
5.00000E-04	1.93820E+01	5.45358E+00
5.00000E-04	1.96629E+01	5.37667E+00
5.00000E-04	1.99438E+01	5.30112E+00
5.00000E-04	2.02247E+01	5.22571E+00
5.00000E-04	2.05056E+01	5.15202E+00
5.00000E-04	2.07865E+01	5.08071E+00
5.00000E-04	2.10674E+01	5.00848E+00
5.00000E-04	2.13483E+01	4.93945E+00
5.00000E-04	2.16292E+01	4.87074E+00
5.00000E-04	2.19101E+01	4.80351E+00
5.00000E-04	2.21910E+01	4.73779E+00
5.00000E-04	2.24719E+01	4.67316E+00
5.00000E-04	2.27528E+01	4.60935E+00
5.00000E-04	2.30337E+01	4.54731E+00
5.00000E-04	2.33146E+01	4.48587E+00
5.00000E-04	2.35955E+01	4.42563E+00
5.00000E-04	2.38764E+01	4.36682E+00
5.00000E-04	2.41573E+01	4.30955E+00
5.00000E-04	2.44382E+01	4.25263E+00
5.00000E-04	2.47191E+01	4.19754E+00
5.00000E-04	2.50000E+01	4.14288E+00
1.00000E-03	0.00000E+00	1.00435E+00
1.00000E-03	2.80899E-01	1.21872E+00
1.00000E-03	5.61798E-01	1.56775E+00
1.00000E-03	8.42697E-01	1.92160E+00
1.00000E-03	1.12360E+00	2.27776E+00
1.00000E-03	1.40449E+00	2.62782E+00
1.00000E-03	1.68539E+00	2.94265E+00
1.00000E-03	1.96629E+00	3.28559E+00
1.00000E-03	2.24719E+00	3.61361E+00
1.00000E-03	2.52809E+00	3.90286E+00
1.00000E-03	2.80899E+00	4.16481E+00
1.00000E-03	3.08989E+00	4.46399E+00
1.00000E-03	3.37079E+00	4.74687E+00
1.00000E-03	3.65169E+00	5.02086E+00
1.00000E-03	3.93258E+00	5.27389E+00
1.00000E-03	4.21348E+00	5.51754E+00
1.00000E-03	4.49438E+00	5.74133E+00
1.00000E-03	4.77528E+00	5.97696E+00
1.00000E-03	5.05618E+00	6.20968E+00
1.00000E-03	5.33708E+00	6.42625E+00
1.00000E-03	5.61798E+00	6.62727E+00
1.00000E-03	5.89888E+00	6.80639E+00
1.00000E-03	6.17978E+00	6.98203E+00
1.00000E-03	6.46067E+00	7.14425E+00
1.00000E-03	6.74157E+00	7.30912E+00
1.00000E-03	7.02247E+00	7.44807E+00
1.00000E-03	7.30337E+00	7.57357E+00
1.00000E-03	7.58427E+00	7.67987E+00
1.00000E-03	7.86517E+00	7.78259E+00
1.00000E-03	8.14607E+00	7.87461E+00
1.00000E-03	8.42697E+00	7.93281E+00
1.00000E-03	8.70787E+00	7.98284E+00
1.00000E-03	8.98876E+00	8.02466E+00
1.00000E-03	9.26966E+00	8.05217E+00
1.00000E-03	9.55056E+00	8.06021E+00
1.00000E-03	9.83146E+00	8.06586E+00
1.00000E-03	1.01124E+01	8.05678E+00
1.00000E-03	1.03933E+01	8.03499E+00
1.00000E-03	1.06742E+01	8.00529E+00
1.00000E-03	1.09551E+01	7.96986E+00
1.00000E-03	1.12360E+01	7.92273E+00
1.00000E-03	1.15169E+01	7.86528E+00
1.00000E-03	1.17978E+01	7.80099E+00
1.00000E-03	1.20787E+01	7.73575E+00
1.00000E-03	1.23596E+01	7.65908E+00
1.00000E-03	1.26404E+01	7.57665E+00
1.00000E-03	1.29213E+01	7.49300E+00
1.00000E-03	1.32022E+01	7.40829E+00
1.00000E-03	1.34831E+01	7.31771E+00
1.00000E-03	1.37640E+01	7.22470E+00
1.00000E-03	1.40449E+01	7.13471E+00
1.00000E-03	1.43258E+01	7.03941E+00
1.00000E-03	1.46067E+01	6.94604E+00
1.00000E-03	1.48876E+01	6.85006E+00
1.00000E-03	1.51685E+01	6.75694E+00
1.00000E-03	1.54494E+01	6.66327E+00
1.00000E-03	1.57303E+01	6.56942E+00
1.00000E-03	1.60112E+01	6.47556E+00
1.00000E-03	1.62921E+01	6.38435E+00
1.00000E-03	1.65730E+01	6.29425E+00
1.00000E-03	1.68539E+01	6.20384E+00
1.00000E-03	1.71348E+01	6.11556E+00
1.00000E-03	1.74157E+01	6.02750E+00
1.00000E-03	1.76966E+01	5.94107E+00
1.00000E-03	1.79775E+01	5.85564E+00
1.00000E-03	1.82584E+01	5.77288E+00
1.00000E-03	1.85393E+01	5.68955E+00
1.00000E-03	1.88202E+01	5.60811E+00
1.00000E-03	1.91011E+01	5.52806E+00
1.00000E-03	1.93820E+01	5.44919E+00
1.00000E-03	1.96629E+01	5.37234E+00
1.00000E-03	1.99438E+01	5.29661E+00
1.00000E-03	2.02247E+01	5.22150E+00
1.00000E-03	2.05056E+01	5.14788E+00
1.00000E-03	2.07865E+01	5.07662E+00
1.00000E-03	2.10674E+01	5.00445E+00
1.00000E-03	2.13483E+01	4.93548E+00
1.00000E-03	2.16292E+01	4.86682E+00
1.00000E-03	2.19101E+01	4.79965E+00
1.00000E-03	2.21910E+01	4.73398E+00
1.00000E-03	2.24719E+01	4.66940E+00
1.00000E-03	2.27528E+01	4.60564E+00
1.00000E-03	2.30337E+01	4.54365E+00
1.00000E-03	2.33146E+01	4.48226E+00
1.00000E-03	2.35955E+01	4.42207E+00
1.00000E-03	2.38764E+01	4.36331E+00
1.00000E-03	2.41573E+01	4.30608E+00
1.00000E-03	2.44382E+01	4.24921E+00
1.00000E-03	2.47191E+01	4.19416E+00
1.00000E-03	2.50000E+01	4.13954E+00
5.00000E-03	0.00000E+00	1.00394E+00
5.00000E-03	2.80899E-01	1.22659E+00
5.00000E-03	5.61798E-01	1.57788E+00
5.00000E-03	8.42697E-01	1.93405E+00
5.00000E-03	1.12360E+00	2.29218E+00
5.00000E-03	1.40449E+00	2.64442E+00
5.00000E-03	1.68539E+00	2.96171E+00
5.00000E-03	1.96629E+00	3.30661E+00
5.00000E-03	2.24719E+00	3.63650E+00
5.00000E-03	2.52809E+00	3.92801E+00
5.00000E-03	2.80899E+00	4.19164E+00
5.00000E-03	3.08989E+00	4.49383E+00
5.00000E-03	3.37079E+00	4.77781E+00
5.00000E-03	3.65169E+00	5.05158E+00
5.00000E-03	3.93258E+00	5.30980E+00
5.00000E-03	4.21348E+00	5.55271E+00
5.00000E-03	4.49438E+00	5.77602E+00
5.00000E-03	4.77528E+00	6.01373E+00
5.00000E-03	5.05618E+00	6.25150E+00
5.00000E-03	5.33708E+00	6.46690E+00
5.00000E-03	5.61798E+00	6.67080E+00
5.00000E-03	5.89888E+00	6.84846E+00
5.00000E-03	6.17978E+00	7.02600E+00
5.00000E-03	6.46067E+00	7.19051E+00
5.00000E-03	6.74157E+00	7.35387E+00
5.00000E-03	7.02247E+00	7.49481E+00
5.00000E-03	7.30337E+00	7.62247E+00
5.00000E-03	7.58427E+00	7.72932E+00
5.00000E-03	7.86517E+00	7.83334E+00
5.00000E-03	8.14607E+00	7.92421E+00
5.00000E-03	8.42697E+00	7.98391E+00
5.00000E-03	8.70787E+00	8.03442E+00
5.00000E-03	8.98876E+00	8.07668E+00
5.00000E-03	9.26966E+00	8.10359E+00
5.00000E-03	9.55056E+00	8.11225E+00
5.00000E-03	9.83146E+00	8.11768E+00
5.00000E-03	1.01124E+01	8.10862E+00
5.00000E-03	1.03933E+01	8.08684E+00
5.00000E-03	1.06742E+01	8.05696E+00
5.00000E-03	1.09551E+01	8.02136E+00
5.00000E-03	1.12360E+01	7.97282E+00
5.00000E-03	1.15169E+01	7.91551E+00
5.00000E-03	1.17978E+01	7.85139E+00
5.00000E-03	1.20787E+01	7.78472E+00
5.00000E-03	1.23596E+01	7.70850E+00
5.00000E-03	1.26404E+01	7.62561E+00
5.00000E-03	1.29213E+01	7.54221E+00
5.00000E-03	1.32022E+01	7.45612E+00
5.00000E-03	1.34831E+01	7.36531E+00
5.00000E-03	1.37640E+01	7.27192E+00
5.00000E-03	1.40449E+01	7.18077E+00
5.00000E-03	1.43258E+01	7.08488E+00
5.00000E-03	1.46067E+01	6.99090E+00
5.00000E-03	1.48876E+01	6.89436E+00
5.00000E-03	1.51685E+01	6.80057E+00
5.00000E-03	1.54494E+01	6.70630E+00
5.00000E-03	1.57303E+01	6.61182E+00
5.00000E-03	1.60112E+01	6.51739E+00
5.00000E-03	1.62921E+01	6.42565E+00
5.00000E-03	1.65730E+01	6.33483E+00
5.00000E-03	1.68539E+01	6.24391E+00
5.00000E-03	1.71348E+01	6.15506E+00
5.00000E-03	1.74157E+01	6.06677E+00
5.00000E-03	1.76966E+01	5.97953E+00
5.00000E-03	1.79775E+01	5.89345E+00
5.00000E-03	1.82584E+01	5.81012E+00
5.00000E-03	1.85393E+01	5.72629E+00
5.00000E-03	1.88202E+01	5.64435E+00
5.00000E-03	1.91011E+01	5.56382E+00
5.00000E-03	1.93820E+01	5.48438E+00
5.00000E-03	1.96629E+01	5.40703E+00
5.00000E-03	1.99438E+01	5.33050E+00
5.00000E-03	2.02247E+01	5.25522E+00
5.00000E-03	2.05056E+01	5.18115E+00
5.00000E-03	2.07865E+01	5.10934E+00
5.00000E-03	2.10674E+01	5.03677E+00
5.00000E-03	2.13483E+01	4.96735E+00
5.00000E-03	2.16292E+01	4.89825E+00
5.00000E-03	2.19101E+01	4.83064E+00
5.00000E-03	2.21910E+01	4.76455E+00
5.00000E-03	2.24719E+01	4.69955E+00
5.00000E-03	2.27528E+01	4.63538E+00
5.00000E-03	2.30337E+01	4.57298E+00
5.00000E-03	2.33146E+01	4.51117E+00
5.00000E-03	2.35955E+01	4.45062E+00
5.00000E-03	2.38764E+01	4.39150E+00
5.00000E-03	2.41573E+01	4.33383E+00
5.00000E-03	2.44382E+01	4.27665E+00
5.00000E-03	2.47191E+01	4.22125E+00
5.00000E-03	2.50000E+01	4.16627E+00
1.00000E-02	0.00000E+00	1.00507E+00
1.00000E-02	2.80899E-01	1.22259E+00
1.00000E-02	5.61798E-01	1.57273E+00
1.00000E-02	8.42697E-01	1.92773E+00
1.00000E-02	1.12360E+00	2.28469E+00
1.00000E-02	1.40449E+00	2.63578E+00
1.00000E-02	1.68539E+00	2.95203E+00
1.00000E-02	1.96629E+00	3.29580E+00
1.00000E-02	2.24719E+00	3.62461E+00
1.00000E-02	2.52809E+00	3.91517E+00
1.00000E-02	2.80899E+00	4.17793E+00
1.00000E-02	3.08989E+00	4.47916E+00
1.00000E-02	3.37079E+00	4.76219E+00
1.00000E-02	3.65169E+00	5.03496E+00
1.00000E-02	3.93258E+00	5.29261E+00
1.00000E-02	4.21348E+00	5.53457E+00
1.00000E-02	4.49438E+00	5.75670E+00
1.00000E-02	4.77528E+00	5.99384E+00
1.00000E-02	5.05618E+00	6.23121E+00
1.00000E-02	5.33708E+00	6.44548E+00
1.00000E-02	5.61798E+00	6.64933E+00
1.00000E-02	5.89888E+00	6.82585E+00
1.00000E-02	6.17978E+00	7.00236E+00
1.00000E-02	6.46067E+00	7.16709E+00
1.00000E-02	6.74157E+00	7.32925E+00
1.00000E-02	7.02247E+00	7.46992E+00
1.00000E-02	7.30337E+00	7.59751E+00
1.00000E-02	7.58427E+00	7.70404E+00
1.00000E-02	7.86517E+00	7.80795E+00
1.00000E-02	8.14607E+00	7.89709E+00
1.00000E-02	8.42697E+00	7.95732E+00
1.00000E-02	8.70787E+00	8.00835E+00
1.00000E-02	8.98876E+00	8.05033E+00
1.00000E-02	9.26966E+00	8.07649E+00
1.00000E-02	9.55056E+00	8.08568E+00
1.00000E-02	9.83146E+00	8.09047E+00
1.00000E-02	1.01124E+01	8.08152E+00
1.00000E-02	1.03933E+01	8.06043E+00
1.00000E-02	1.06742E+01	8.03035E+00
1.00000E-02	1.09551E+01	7.99550E+00
1.00000E-02	1.12360E+01	7.94588E+00
1.00000E-02	1.15169E+01	7.88899E+00
1.00000E-02	1.17978E+01	7.82569E+00
1.00000E-02	1.20787E+01	7.75875E+00
1.00000E-02	1.23596E+01	7.68297E+00
1.00000E-02	1.26404E+01	7.60100E+00
1.00000E-02	1.29213E+01	7.51799E+00
1.00000E-02	1.32022E+01	7.43177E+00
1.00000E-02	1.34831E+01	7.34163E+00
1.00000E-02	1.37640E+01	7.24862E+00
1.00000E-02	1.40449E+01	7.15713E+00
1.00000E-02	1.43258E+01	7.06183E+00
1.00000E-02	1.46067E+01	6.96805E+00
1.00000E-02	1.48876E+01	6.87201E+00
1.00000E-02	1.51685E+01	6.77837E+00
1.00000E-02	1.54494E+01	6.68438E+00
1.00000E-02	1.57303E+01	6.59006E+00
1.00000E-02	1.60112E+01	6.49621E+00
1.00000E-02	1.62921E+01	6.40476E+00
1.00000E-02	1.65730E+01	6.31391E+00
1.00000E-02	1.68539E+01	6.22351E+00
1.00000E-02	1.71348E+01	6.13493E+00
1.00000E-02	1.74157E+01	6.04703E+00
1.00000E-02	1.76966E+01	5.96008E+00
1.00000E-02	1.79775E+01	5.87419E+00
1.00000E-02	1.82584E+01	5.79090E+00
1.00000E-02	1.85393E+01	5.70759E+00
1.00000E-02	1.88202E+01	5.62600E+00
1.00000E-02	1.91011E+01	5.54563E+00
1.00000E-02	1.93820E+01	5.46651E+00
1.00000E-02	1.96629E+01	5.38936E+00
1.00000E-02	1.99438E+01	5.31303E+00
1.00000E-02	2.02247E+01	5.23800E+00
1.00000E-02	2.05056E+01	5.16428E+00
1.00000E-02	2.07865E+01	5.09243E+00
1.00000E-02	2.10674E+01	5.02034E+00
1.00000E-02	2.13483E+01	4.95111E+00
1.00000E-02	2.16292E+01	4.88228E+00
1.00000E-02	2.19101E+01	4.81486E+00
1.00000E-02	2.21910E+01	4.74897E+00
1.00000E-02	2.24719E+01	4.68418E+00
1.00000E-02	2.27528E+01	4.62025E+00
1.00000E-02	2.30337E+01	4.55794E+00
1.00000E-02	2.33146E+01	4.49634E+00
1.00000E-02	2.35955E+01	4.43608E+00
1.00000E-02	2.38764E+01	4.37721E+00
1.00000E-02	2.41573E+01	4.31954E+00
1.00000E-02	2.44382E+01	4.26267E+00
1.00000E-02	2.47191E+01	4.20745E+00
1.00000E-02	2.50000E+01	4.15266E+00
5.00000E-02	0.00000E+00	1.00209E+00
5.00000E-02	2.80899E-01	1.23242E+00
5.00000E-02	5.61798E-01	1.58516E+00
5.00000E-02	8.42697E-01	1.94285E+00
5.00000E-02	1.12360E+00	2.30256E+00
5.00000E-02	1.40449E+00	2.65637E+00
5.00000E-02	1.68539E+00	2.97504E+00
5.00000E-02	1.96629E+00	3.32150E+00
5.00000E-02	2.24719E+00	3.65285E+00
5.00000E-02	2.52809E+00	3.94568E+00
5.00000E-02	2.80899E+00	4.21049E+00
5.00000E-02	3.08989E+00	4.51404E+00
5.00000E-02	3.37079E+00	4.79932E+00
5.00000E-02	3.65169E+00	5.07416E+00
5.00000E-02	3.93258E+00	5.33388E+00
5.00000E-02	4.21348E+00	5.57770E+00
5.00000E-02	4.49438E+00	5.80147E+00
5.00000E-02	4.77528E+00	6.04052E+00
5.00000E-02	5.05618E+00	6.27973E+00
5.00000E-02	5.33708E+00	6.49568E+00
5.00000E-02	5.61798E+00	6.70115E+00
5.00000E-02	5.89888E+00	6.87902E+00
5.00000E-02	6.17978E+00	7.05684E+00
5.00000E-02	6.46067E+00	7.22293E+00
5.00000E-02	6.74157E+00	7.38619E+00
5.00000E-02	7.02247E+00	7.52810E+00
5.00000E-02	7.30337E+00	7.65667E+00
5.00000E-02	7.58427E+00	7.76406E+00
5.00000E-02	7.86517E+00	7.86876E+00
5.00000E-02	8.14607E+00	7.95806E+00
5.00000E-02	8.42697E+00	8.01906E+00
5.00000E-02	8.70787E+00	8.07089E+00
5.00000E-02	8.98876E+00	8.11307E+00
5.00000E-02	9.26966E+00	8.13923E+00
5.00000E-02	9.55056E+00	8.14860E+00
5.00000E-02	9.83146E+00	8.15313E+00
5.00000E-02	1.01124E+01	8.14411E+00
5.00000E-02	1.03933E+01	8.12325E+00
5.00000E-02	1.06742E+01	8.09233E+00
5.00000E-02	1.09551E+01	8.05860E+00
5.00000E-02	1.12360E+01	8.00715E+00
5.00000E-02	1.15169E+01	7.95004E+00
5.00000E-02	1.17978E+01	7.88662E+00
5.00000E-02	1.20787E+01	7.81893E+00
5.00000E-02	1.23596E+01	7.74213E+00
5.00000E-02	1.26404E+01	7.66080E+00
5.00000E-02	1.29213E+01	7.57673E+00
5.00000E-02	1.32022E+01	7.48966E+00
5.00000E-02	1.34831E+01	7.39904E+00
5.00000E-02	1.37640E+01	7.30538E+00
5.00000E-02	1.40449E+01	7.21247E+00
5.00000E-02	1.43258E+01	7.11704E+00
5.00000E-02	1.46067E+01	7.02206E+00
5.00000E-02	1.48876E+01	6.92563E+00
5.00000E-02	1.51685E+01	6.83122E+00
5.00000E-02	1.54494E+01	6.73626E+00
5.00000E-02	1.57303E+01	6.64114E+00
5.00000E-02	1.60112E+01	6.54704E+00
5.00000E-02	1.62921E+01	6.45467E+00
5.00000E-02	1.65730E+01	6.36287E+00
5.00000E-02	1.68539E+01	6.27201E+00
5.00000E-02	1.71348E+01	6.18236E+00
5.00000E-02	1.74157E+01	6.09414E+00
5.00000E-02	1.76966E+01	6.00652E+00
5.00000E-02	1.79775E+01	5.91989E+00
5.00000E-02	1.82584E+01	5.83537E+00
5.00000E-02	1.85393E+01	5.75210E+00
5.00000E-02	1.88202E+01	5.66991E+00
5.00000E-02	1.91011E+01	5.58882E+00
5.00000E-02	1.93820E+01	5.50963E+00
5.00000E-02	1.96629E+01	5.43126E+00
5.00000E-02	1.99438E+01	5.35437E+00
5.00000E-02	2.02247E+01	5.27859E+00
5.00000E-02	2.05056E+01	5.20455E+00
5.00000E-02	2.07865E+01	5.13170E+00
5.00000E-02	2.10674E+01	5.05981E+00
5.00000E-02	2.13483E+01	4.98950E+00
5.00000E-02	2.16292E+01	4.92050E+00
5.00000E-02	2.19101E+01	4.85258E+00
5.00000E-02	2.21910E+01	4.78583E+00
5.00000E-02	2.24719E+01	4.72056E+00
5.00000E-02	2.27528E+01	4.65643E+00
5.00000E-02	2.30337E+01	4.59325E+00
5.00000E-02	2.33146E+01	4.53127E+00
5.00000E-02	2.35955E+01	4.47082E+00
5.00000E-02	2.38764E+01	4.41143E+00
5.00000E-02	2.41573E+01	4.35304E+00
5.00000E-02	2.44382E+01	4.29590E+00
5.00000E-02	2.47191E+01	4.24004E+00
5.00000E-02	2.50000E+01	4.18500E+00
1.00000E-01	0.00000E+00	1.00255E+00
1.00000E-01	2.80899E-01	1.24223E+00
1.00000E-01	5.61798E-01	1.59664E+00
1.00000E-01	8.42697E-01	1.95662E+00
1.00000E-01	1.12360E+00	2.31866E+00
1.00000E-01	1.40449E+00	2.67495E+00
1.00000E-01	1.68539E+00	2.99578E+00
1.00000E-01	1.96629E+00	3.34473E+00
1.00000E-01	2.24719E+00	3.67825E+00
1.00000E-01	2.52809E+00	3.97317E+00
1.00000E-01	2.80899E+00	4.23974E+00
1.00000E-01	3.08989E+00	4.54526E+00
1.00000E-01	3.37079E+00	4.83267E+00
1.00000E-01	3.65169E+00	5.10927E+00
1.00000E-01	3.93258E+00	5.37092E+00
1.00000E-01	4.21348E+00	5.61638E+00
1.00000E-01	4.49438E+00	5.84164E+00
1.00000E-01	4.77528E+00	6.08238E+00
1.00000E-01	5.05618E+00	6.32320E+00
1.00000E-01	5.33708E+00	6.54067E+00
1.00000E-01	5.61798E+00	6.74756E+00
1.00000E-01	5.89888E+00	6.92673E+00
1.00000E-01	6.17978E+00	7.10576E+00
1.00000E-01	6.46067E+00	7.27300E+00
1.00000E-01	6.74157E+00	7.43729E+00
1.00000E-01	7.02247E+00	7.58028E+00
1.00000E-01	7.30337E+00	7.70967E+00
1.00000E-01	7.58427E+00	7.81784E+00
1.00000E-01	7.86517E+00	7.92322E+00
1.00000E-01	8.14607E+00	8.01307E+00
1.00000E-01	8.42697E+00	8.07457E+00
1.00000E-01	8.70787E+00	8.12674E+00
1.00000E-01	8.98876E+00	8.16922E+00
1.00000E-01	9.26966E+00	8.19555E+00
1.00000E-01	9.55056E+00	8.20501E+00
1.00000E-01	9.83146E+00	8.20956E+00
1.00000E-01	1.01124E+01	8.20048E+00
1.00000E-01	1.03933E+01	8.17946E+00
1.00000E-01	1.06742E+01	8.14834E+00
1.00000E-01	1.09551E+01	8.11433E+00
1.00000E-01	1.12360E+01	8.06257E+00
1.00000E-01	1.15169E+01	8.00506E+00
1.00000E-01	1.17978E+01	7.94121E+00
1.00000E-01	1.20787E+01	7.87302E+00
1.00000E-01	1.23596E+01	7.79571E+00
1.00000E-01	1.26404E+01	7.71382E+00
1.00000E-01	1.29213E+01	7.62916E+00
1.00000E-01	1.32022E+01	7.54149E+00
1.00000E-01	1.34831E+01	7.45024E+00
1.00000E-01	1.37640E+01	7.35595E+00
1.00000E-01	1.40449E+01	7.26238E+00
1.00000E-01	1.43258E+01	7.16630E+00
1.00000E-01	1.46067E+01	7.07063E+00
1.00000E-01	1.48876E+01	6.97357E+00
1.00000E-01	1.51685E+01	6.87850E+00
1.00000E-01	1.54494E+01	6.78288E+00
1.00000E-01	1.57303E+01	6.68710E+00
1.00000E-01	1.60112E+01	6.59235E+00
1.00000E-01	1.62921E+01	6.49934E+00
1.00000E-01	1.65730E+01	6.40691E+00
1.00000E-01	1.68539E+01	6.31542E+00
1.00000E-01	1.71348E+01	6.22512E+00
1.00000E-01	1.74157E+01	6.13632E+00
1.00000E-01	1.76966E+01	6.04809E+00
1.00000E-01	1.79775E+01	5.96086E+00
1.00000E-01	1.82584E+01	5.87574E+00
1.00000E-01	1.85393E+01	5.79191E+00
1.00000E-01	1.88202E+01	5.70915E+00
1.00000E-01	1.91011E+01	5.62750E+00
1.00000E-01	1.93820E+01	5.54778E+00
1.00000E-01	1.96629E+01	5.46885E+00
1.00000E-01	1.99438E+01	5.39142E+00
1.00000E-01	2.02247E+01	5.31512E+00
1.00000E-01	2.05056E+01	5.24057E+00
1.00000E-01	2.07865E+01	5.16720E+00
1.00000E-01	2.10674E+01	5.09484E+00
1.00000E-01	2.13483E+01	5.02403E+00
1.00000E-01	2.16292E+01	4.95456E+00
1.00000E-01	2.19101E+01	4.88618E+00
1.00000E-01	2.21910E+01	4.81895E+00
1.00000E-01	2.24719E+01	4.75323E+00
1.00000E-01	2.27528E+01	4.68866E+00
1.00000E-01	2.30337E+01	4.62504E+00
1.00000E-01	2.33146E+01	4.56264E+00
1.00000E-01	2.35955E+01	4.50178E+00
1.00000E-01	2.38764E+01	4.44196E+00
1.00000E-01	2.41573E+01	4.38317E+00
1.00000E-01	2.44382E+01	4.32563E+00
1.00000E-01	2.47191E+01	4.26938E+00
1.00000E-01	2.50000E+01	4.21396E+00
2.00000E-01	0.00000E+00	1.00475E+00
2.00000E-01	2.80899E-01	1.24547E+00
2.00000E-01	5.61798E-01	1.59682E+00
2.00000E-01	8.42697E-01	1.95594E+00
2.00000E-01	1.12360E+00	2.31710E+00
2.00000E-01	1.40449E+00	2.67307E+00
2.00000E-01	1.68539E+00	2.99374E+00
2.00000E-01	1.96629E+00	3.34237E+00
2.00000E-01	2.24719E+00	3.67529E+00
2.00000E-01	2.52809E+00	3.96997E+00
2.00000E-01	2.80899E+00	4.23636E+00
2.00000E-01	3.08989E+00	4.54089E+00
2.00000E-01	3.37079E+00	4.82830E+00
2.00000E-01	3.65169E+00	5.10426E+00
2.00000E-01	3.93258E+00	5.36594E+00
2.00000E-01	4.21348E+00	5.61098E+00
2.00000E-01	4.49438E+00	5.83599E+00
2.00000E-01	4.77528E+00	6.07649E+00
2.00000E-01	5.05618E+00	6.31695E+00
2.00000E-01	5.33708E+00	6.53436E+00
2.00000E-01	5.61798E+00	6.74096E+00
2.00000E-01	5.89888E+00	6.92019E+00
2.00000E-01	6.17978E+00	7.09894E+00
2.00000E-01	6.46067E+00	7.26600E+00
2.00000E-01	6.74157E+00	7.42984E+00
2.00000E-01	7.02247E+00	7.57300E+00
2.00000E-01	7.30337E+00	7.70200E+00
2.00000E-01	7.58427E+00	7.81025E+00
2.00000E-01	7.86517E+00	7.91536E+00
2.00000E-01	8.14607E+00	8.00488E+00
2.00000E-01	8.42697E+00	8.06657E+00
2.00000E-01	8.70787E+00	8.11865E+00
2.00000E-01	8.98876E+00	8.16110E+00
2.00000E-01	9.26966E+00	8.18736E+00
2.00000E-01	9.55056E+00	8.19687E+00
2.00000E-01	9.83146E+00	8.20139E+00
2.00000E-01	1.01124E+01	8.19237E+00
2.00000E-01	1.03933E+01	8.17129E+00
2.00000E-01	1.06742E+01	8.14024E+00
2.00000E-01	1.09551E+01	8.10610E+00
2.00000E-01	1.12360E+01	8.05456E+00
2.00000E-01	1.15169E+01	7.99708E+00
2.00000E-01	1.17978E+01	7.93330E+00
2.00000E-01	1.20787E+01	7.86510E+00
2.00000E-01	1.23596E+01	7.78792E+00
2.00000E-01	1.26404E+01	7.70615E+00
2.00000E-01	1.29213E+01	7.62156E+00
2.00000E-01	1.32022E+01	7.53397E+00
2.00000E-01	1.34831E+01	7.44280E+00
2.00000E-01	1.37640E+01	7.34864E+00
2.00000E-01	1.40449E+01	7.25513E+00
2.00000E-01	1.43258E+01	7.15917E+00
2.00000E-01	1.46067E+01	7.06357E+00
2.00000E-01	1.48876E+01	6.96664E+00
2.00000E-01	1.51685E+01	6.87165E+00
2.00000E-01	1.54494E+01	6.77612E+00
2.00000E-01	1.57303E+01	6.68046E+00
2.00000E-01	1.60112E+01	6.58580E+00
2.00000E-01	1.62921E+01	6.49286E+00
2.00000E-01	1.65730E+01	6.40053E+00
2.00000E-01	1.68539E+01	6.30914E+00
2.00000E-01	1.71348E+01	6.21893E+00
2.00000E-01	1.74157E+01	6.13022E+00
2.00000E-01	1.76966E+01	6.04207E+00
2.00000E-01	1.79775E+01	5.95494E+00
2.00000E-01	1.82584E+01	5.86989E+00
2.00000E-01	1.85393E+01	5.78616E+00
2.00000E-01	1.88202E+01	5.70347E+00
2.00000E-01	1.91011E+01	5.62191E+00
2.00000E-01	1.93820E+01	5.54226E+00
2.00000E-01	1.96629E+01	5.46341E+00
2.00000E-01	1.99438E+01	5.38606E+00
2.00000E-01	2.02247E+01	5.30984E+00
2.00000E-01	2.05056E+01	5.23536E+00
2.00000E-01	2.07865E+01	5.16207E+00
2.00000E-01	2.10674E+01	5.08978E+00
2.00000E-01	2.13483E+01	5.01904E+00
2.00000E-01	2.16292E+01	4.94964E+00
2.00000E-01	2.19101E+01	4.88132E+00
2.00000E-01	2.21910E+01	4.81416E+00
2.00000E-01	2.24719E+01	4.74850E+00
2.00000E-01	2.27528E+01	4.68400E+00
2.00000E-01	2.30337E+01	4.62044E+00
2.00000E-01	2.33146E+01	4.55811E+00
2.00000E-01	2.35955E+01	4.49730E+00
2.00000E-01	2.38764E+01	4.43755E+00
2.00000E-01	2.41573E+01	4.37882E+00
2.00000E-01	2.44382E+01	4.32134E+00
2.00000E-01	2.47191E+01	4.26513E+00
2.00000E-01	2.50000E+01	4.20977E+00
2.50000E-01	0.00000E+00	1.00584E+00
2.50000E-01	2.80899E-01	1.24394E+00
2.50000E-01	5.61798E-01	1.59289E+00
2.50000E-01	8.42697E-01	1.95053E+00
2.50000E-01	1.12360E+00	2.31019E+00
2.50000E-01	1.40449E+00	2.66486E+00
2.50000E-01	1.68539E+00	2.98464E+00
2.50000E-01	1.96629E+00	3.33201E+00
2.50000E-01	2.24719E+00	3.66375E+00
2.50000E-01	2.52809E+00	3.95743E+00
2.50000E-01	2.80899E+00	4.22321E+00
2.50000E-01	3.08989E+00	4.52619E+00
2.50000E-01	3.37079E+00	4.81274E+00
2.50000E-01	3.65169E+00	5.08759E+00
2.50000E-01	3.93258E+00	5.34854E+00
2.50000E-01	4.21348E+00	5.59268E+00
2.50000E-01	4.49438E+00	5.81700E+00
2.50000E-01	4.77528E+00	6.05666E+00
2.50000E-01	5.05618E+00	6.29627E+00
2.50000E-01	5.33708E+00	6.51309E+00
2.50000E-01	5.61798E+00	6.71890E+00
2.50000E-01	5.89888E+00	6.89771E+00
2.50000E-01	6.17978E+00	7.07578E+00
2.50000E-01	6.46067E+00	7.24232E+00
2.50000E-01	6.74157E+00	7.40543E+00
2.50000E-01	7.02247E+00	7.54831E+00
2.50000E-01	7.30337E+00	7.67673E+00
2.50000E-01	7.58427E+00	7.78474E+00
2.50000E-01	7.86517E+00	7.88939E+00
2.50000E-01	8.14607E+00	7.97847E+00
2.50000E-01	8.42697E+00	8.04011E+00
2.50000E-01	8.70787E+00	8.09200E+00
2.50000E-01	8.98876E+00	8.13432E+00
2.50000E-01	9.26966E+00	8.16045E+00
2.50000E-01	9.55056E+00	8.16998E+00
2.50000E-01	9.83146E+00	8.17447E+00
2.50000E-01	1.01124E+01	8.16551E+00
2.50000E-01	1.03933E+01	8.14445E+00
2.50000E-01	1.06742E+01	8.11354E+00
2.50000E-01	1.09551E+01	8.07939E+00
2.50000E-01	1.12360E+01	8.02813E+00
2.50000E-01	1.15169E+01	7.97082E+00
2.50000E-01	1.17978E+01	7.90725E+00
2.50000E-01	1.20787E+01	7.83924E+00
2.50000E-01	1.23596E+01	7.76234E+00
2.50000E-01	1.26404E+01	7.68085E+00
2.50000E-01	1.29213E+01	7.59653E+00
2.50000E-01	1.32022E+01	7.50923E+00
2.50000E-01	1.34831E+01	7.41835E+00
2.50000E-01	1.37640E+01	7.32453E+00
2.50000E-01	1.40449E+01	7.23130E+00
2.50000E-01	1.43258E+01	7.13568E+00
2.50000E-01	1.46067E+01	7.04036E+00
2.50000E-01	1.48876E+01	6.94378E+00
2.50000E-01	1.51685E+01	6.84908E+00
2.50000E-01	1.54494E+01	6.75388E+00
2.50000E-01	1.57303E+01	6.65853E+00
2.50000E-01	1.60112E+01	6.56419E+00
2.50000E-01	1.62921E+01	6.47155E+00
2.50000E-01	1.65730E+01	6.37953E+00
2.50000E-01	1.68539E+01	6.28844E+00
2.50000E-01	1.71348E+01	6.19853E+00
2.50000E-01	1.74157E+01	6.11010E+00
2.50000E-01	1.76966E+01	6.02224E+00
2.50000E-01	1.79775E+01	5.93540E+00
2.50000E-01	1.82584E+01	5.85063E+00
2.50000E-01	1.85393E+01	5.76718E+00
2.50000E-01	1.88202E+01	5.68476E+00
2.50000E-01	1.91011E+01	5.60346E+00
2.50000E-01	1.93820E+01	5.52407E+00
2.50000E-01	1.96629E+01	5.44549E+00
2.50000E-01	1.99438E+01	5.36839E+00
2.50000E-01	2.02247E+01	5.29242E+00
2.50000E-01	2.05056E+01	5.21818E+00
2.50000E-01	2.07865E+01	5.14513E+00
2.50000E-01	2.10674E+01	5.07308E+00
2.50000E-01	2.13483E+01	5.00257E+00
2.50000E-01	2.16292E+01	4.93340E+00
2.50000E-01	2.19101E+01	4.86530E+00
2.50000E-01	2.21910E+01	4.79837E+00
2.50000E-01	2.24719E+01	4.73292E+00
2.50000E-01	2.27528E+01	4.66863E+00
2.50000E-01	2.30337E+01	4.60528E+00
2.50000E-01	2.33146E+01	4.54315E+00
2.50000E-01	2.35955E+01	4.48255E+00
2.50000E-01	2.38764E+01	4.42299E+00
2.50000E-01	2.41573E+01	4.36445E+00
2.50000E-01	2.44382E+01	4.30716E+00
2.50000E-01	2.47191E+01	4.25114E+00
2.50000E-01	2.50000E+01	4.19596E+00
3.00000E-01	0.00000E+00	1.00708E+00
3.00000E-01	2.80899E-01	1.24089E+00
3.00000E-01	5.61798E-01	1.58710E+00
3.00000E-01	8.42697E-01	1.94278E+00
3.00000E-01	1.12360E+00	2.30041E+00
3.00000E-01	1.40449E+00	2.65317E+00
3.00000E-01	1.68539E+00	2.97169E+00
3.00000E-01	1.96629E+00	3.31723E+00
3.00000E-01	2.24719E+00	3.64735E+00
3.00000E-01	2.52809E+00	3.93962E+00
3.00000E-01	2.80899E+00	4.20454E+00
3.00000E-01	3.08989E+00	4.50549E+00
3.00000E-01	3.37079E+00	4.79075E+00
3.00000E-01	3.65169E+00	5.06412E+00
3.00000E-01	3.93258E+00	5.32395E+00
3.00000E-01	4.21348E+00	5.56685E+00
3.00000E-01	4.49438E+00	5.79023E+00
3.00000E-01	4.77528E+00	6.02870E+00
3.00000E-01	5.05618E+00	6.26713E+00
3.00000E-01	5.33708E+00	6.48308E+00
3.00000E-01	5.61798E+00	6.68779E+00
3.00000E-01	5.89888E+00	6.86597E+00
3.00000E-01	6.17978E+00	7.04310E+00
3.00000E-01	6.46067E+00	7.20890E+00
3.00000E-01	6.74157E+00	7.37106E+00
3.00000E-01	7.02247E+00	7.51345E+00
3.00000E-01	7.30337E+00	7.64113E+00
3.00000E-01	7.58427E+00	7.74876E+00
3.00000E-01	7.86517E+00	7.85280E+00
3.00000E-01	8.14607E+00	7.94131E+00
3.00000E-01	8.42697E+00	8.00283E+00
3.00000E-01	8.70787E+00	8.05446E+00
3.00000E-01	8.98876E+00	8.09658E+00
3.00000E-01	9.26966E+00	8.12255E+00
3.00000E-01	9.55056E+00	8.13209E+00
3.00000E-01	9.83146E+00	8.13653E+00
3.00000E-01	1.01124E+01	8.12765E+00
3.00000E-01	1.03933E+01	8.10663E+00
3.00000E-01	1.06742E+01	8.07591E+00
3.00000E-01	1.09551E+01	8.04178E+00
3.00000E-01	1.12360E+01	7.99088E+00
3.00000E-01	1.15169E+01	7.93381E+00
3.00000E-01	1.17978E+01	7.87055E+00
3.00000E-01	1.20787E+01	7.80281E+00
3.00000E-01	1.23596E+01	7.72630E+00
3.00000E-01	1.26404E+01	7.64521E+00
3.00000E-01	1.29213E+01	7.56127E+00
3.00000E-01	1.32022E+01	7.47438E+00
3.00000E-01	1.34831E+01	7.38391E+00
3.00000E-01	1.37640E+01	7.29055E+00
3.00000E-01	1.40449E+01	7.19773E+00
3.00000E-01	1.43258E+01	7.10257E+00
3.00000E-01	1.46067E+01	7.00768E+00
3.00000E-01	1.48876E+01	6.91157E+00
3.00000E-01	1.51685E+01	6.81729E+00
3.00000E-01	1.54494E+01	6.72254E+00
3.00000E-01	1.57303E+01	6.62764E+00
3.00000E-01	1.60112E+01	6.53373E+00
3.00000E-01	1.62921E+01	6.44151E+00
3.00000E-01	1.65730E+01	6.34992E+00
3.00000E-01	1.68539E+01	6.25926E+00
3.00000E-01	1.71348E+01	6.16977E+00
3.00000E-01	1.74157E+01	6.08175E+00
3.00000E-01	1.76966E+01	5.99430E+00
3.00000E-01	1.79775E+01	5.90787E+00
3.00000E-01	1.82584E+01	5.82348E+00
3.00000E-01	1.85393E+01	5.74042E+00
3.00000E-01	1.88202E+01	5.65838E+00
3.00000E-01	1.91011E+01	5.57747E+00
3.00000E-01	1.93820E+01	5.49843E+00
3.00000E-01	1.96629E+01	5.42023E+00
3.00000E-01	1.99438E+01	5.34348E+00
3.00000E-01	2.02247E+01	5.26787E+00
3.00000E-01	2.05056E+01	5.19397E+00
3.00000E-01	2.07865E+01	5.12126E+00
3.00000E-01	2.10674E+01	5.04955E+00
3.00000E-01	2.13483E+01	4.97936E+00
3.00000E-01	2.16292E+01	4.91051E+00
3.00000E-01	2.19101E+01	4.84273E+00
3.00000E-01	2.21910E+01	4.77611E+00
3.00000E-01	2.24719E+01	4.71097E+00
3.00000E-01	2.27528E+01	4.64698E+00
3.00000E-01	2.30337E+01	4.58392E+00
3.00000E-01	2.33146E+01	4.52208E+00
3.00000E-01	2.35955E+01	4.46175E+00
3.00000E-01	2.38764E+01	4.40247E+00
3.00000E-01	2.41573E+01	4.34420E+00
3.00000E-01	2.44382E+01	4.28718E+00
3.00000E-01	2.47191E+01	4.23142E+00
3.00000E-01	2.50000E+01	4.17650E+00
4.00000E-01	0.00000E+00	1.01018E+00
4.00000E-01	2.80899E-01	1.23260E+00
4.00000E-01	5.61798E-01	1.57065E+00
4.00000E-01	8.42697E-01	1.92119E+00
4.00000E-01	1.12360E+00	2.27333E+00
4.00000E-01	1.40449E+00	2.62069E+00
4.00000E-01	1.68539E+00	2.93569E+00
4.00000E-01	1.96629E+00	3.27604E+00
4.00000E-01	2.24719E+00	3.60175E+00
4.00000E-01	2.52809E+00	3.89009E+00
4.00000E-01	2.80899E+00	4.15256E+00
4.00000E-01	3.08989E+00	4.44824E+00
4.00000E-01	3.37079E+00	4.72986E+00
4.00000E-01	3.65169E+00	4.99935E+00
4.00000E-01	3.93258E+00	5.25594E+00
4.00000E-01	4.21348E+00	5.49545E+00
4.00000E-01	4.49438E+00	5.71629E+00
4.00000E-01	4.77528E+00	5.95144E+00
4.00000E-01	5.05618E+00	6.18664E+00
4.00000E-01	5.33708E+00	6.40010E+00
4.00000E-01	5.61798E+00	6.60178E+00
4.00000E-01	5.89888E+00	6.77814E+00
4.00000E-01	6.17978E+00	6.95269E+00
4.00000E-01	6.46067E+00	7.11647E+00
4.00000E-01	6.74157E+00	7.27611E+00
4.00000E-01	7.02247E+00	7.41701E+00
4.00000E-01	7.30337E+00	7.54275E+00
4.00000E-01	7.58427E+00	7.64927E+00
4.00000E-01	7.86517E+00	7.75170E+00
4.00000E-01	8.14607E+00	7.83875E+00
4.00000E-01	8.42697E+00	7.89980E+00
4.00000E-01	8.70787E+00	7.95075E+00
4.00000E-01	8.98876E+00	7.99229E+00
4.00000E-01	9.26966E+00	8.01783E+00
4.00000E-01	9.55056E+00	8.02740E+00
4.00000E-01	9.83146E+00	8.03170E+00
4.00000E-01	1.01124E+01	8.02301E+00
4.00000E-01	1.03933E+01	8.00216E+00
4.00000E-01	1.06742E+01	7.97194E+00
4.00000E-01	1.09551E+01	7.93793E+00
4.00000E-01	1.12360E+01	7.88796E+00
4.00000E-01	1.15169E+01	7.83158E+00
4.00000E-01	1.17978E+01	7.76916E+00
4.00000E-01	1.20787E+01	7.70218E+00
4.00000E-01	1.23596E+01	7.62673E+00
4.00000E-01	1.26404E+01	7.54672E+00
4.00000E-01	1.29213E+01	7.46386E+00
4.00000E-01	1.32022E+01	7.37807E+00
4.00000E-01	1.34831E+01	7.28875E+00
4.00000E-01	1.37640E+01	7.19667E+00
4.00000E-01	1.40449E+01	7.10498E+00
4.00000E-01	1.43258E+01	7.01110E+00
4.00000E-01	1.46067E+01	6.91737E+00
4.00000E-01	1.48876E+01	6.82258E+00
4.00000E-01	1.51685E+01	6.72947E+00
4.00000E-01	1.54494E+01	6.63595E+00
4.00000E-01	1.57303E+01	6.54228E+00
4.00000E-01	1.60112E+01	6.44959E+00
4.00000E-01	1.62921E+01	6.35854E+00
4.00000E-01	1.65730E+01	6.26814E+00
4.00000E-01	1.68539E+01	6.17865E+00
4.00000E-01	1.71348E+01	6.09032E+00
4.00000E-01	1.74157E+01	6.00342E+00
4.00000E-01	1.76966E+01	5.91710E+00
4.00000E-01	1.79775E+01	5.83180E+00
4.00000E-01	1.82584E+01	5.74849E+00
4.00000E-01	1.85393E+01	5.66650E+00
4.00000E-01	1.88202E+01	5.58551E+00
4.00000E-01	1.91011E+01	5.50565E+00
4.00000E-01	1.93820E+01	5.42762E+00
4.00000E-01	1.96629E+01	5.35044E+00
4.00000E-01	1.99438E+01	5.27467E+00
4.00000E-01	2.02247E+01	5.20004E+00
4.00000E-01	2.05056E+01	5.12709E+00
4.00000E-01	2.07865E+01	5.05531E+00
4.00000E-01	2.10674E+01	4.98453E+00
4.00000E-01	2.13483E+01	4.91525E+00
4.00000E-01	2.16292E+01	4.84728E+00
4.00000E-01	2.19101E+01	4.78037E+00
4.00000E-01	2.21910E+01	4.71462E+00
4.00000E-01	2.24719E+01	4.65031E+00
4.00000E-01	2.27528E+01	4.58714E+00
4.00000E-01	2.30337E+01	4.52490E+00
4.00000E-01	2.33146E+01	4.46386E+00
4.00000E-01	2.35955E+01	4.40430E+00
4.00000E-01	2.38764E+01	4.34578E+00
4.00000E-01	2.41573E+01	4.28827E+00
4.00000E-01	2.44382E+01	4.23198E+00
4.00000E-01	2.47191E+01	4.17693E+00
4.00000E-01	2.50000E+01	4.12272E+00
5.00000E-01	0.00000E+00	1.01393E+00
5.00000E-01	2.80899E-01	1.22559E+00
5.00000E-01	5.61798E-01	1.54919E+00
5.00000E-01	8.42697E-01	1.89341E+00
5.00000E-01	1.12360E+00	2.23861E+00
5.00000E-01	1.40449E+00	2.57894E+00
5.00000E-01	1.68539E+00	2.88939E+00
5.00000E-01	1.96629E+00	3.22298E+00
5.00000E-01	2.24719E+00	3.54297E+00
5.00000E-01	2.52809E+00	3.82625E+00
5.00000E-01	2.80899E+00	4.08544E+00
5.00000E-01	3.08989E+00	4.37471E+00
5.00000E-01	3.37079E+00	4.65161E+00
5.00000E-01	3.65169E+00	4.91626E+00
5.00000E-01	3.93258E+00	5.16857E+00
5.00000E-01	4.21348E+00	5.40379E+00
5.00000E-01	4.49438E+00	5.62137E+00
5.00000E-01	4.77528E+00	5.85229E+00
5.00000E-01	5.05618E+00	6.08330E+00
5.00000E-01	5.33708E+00	6.29347E+00
5.00000E-01	5.61798E+00	6.49129E+00
5.00000E-01	5.89888E+00	6.66522E+00
5.00000E-01	6.17978E+00	6.83652E+00
5.00000E-01	6.46067E+00	6.99772E+00
5.00000E-01	6.74157E+00	7.15422E+00
5.00000E-01	7.02247E+00	7.29305E+00
5.00000E-01	7.30337E+00	7.41642E+00
5.00000E-01	7.58427E+00	7.52144E+00
5.00000E-01	7.86517E+00	7.62187E+00
5.00000E-01	8.14607E+00	7.70714E+00
5.00000E-01	8.42697E+00	7.76750E+00
5.00000E-01	8.70787E+00	7.81758E+00
5.00000E-01	8.98876E+00	7.85835E+00
5.00000E-01	9.26966E+00	7.88336E+00
5.00000E-01	9.55056E+00	7.89295E+00
5.00000E-01	9.83146E+00	7.89706E+00
5.00000E-01	1.01124E+01	7.88860E+00
5.00000E-01	1.03933E+01	7.86801E+00
5.00000E-01	1.06742E+01	7.83842E+00
5.00000E-01	1.09551E+01	7.80465E+00
5.00000E-01	1.12360E+01	7.75577E+00
5.00000E-01	1.15169E+01	7.70031E+00
5.00000E-01	1.17978E+01	7.63896E+00
5.00000E-01	1.20787E+01	7.57299E+00
5.00000E-01	1.23596E+01	7.49889E+00
5.00000E-01	1.26404E+01	7.42024E+00
5.00000E-01	1.29213E+01	7.33877E+00
5.00000E-01	1.32022E+01	7.25441E+00
5.00000E-01	1.34831E+01	7.16657E+00
5.00000E-01	1.37640E+01	7.07610E+00
5.00000E-01	1.40449E+01	6.98589E+00
5.00000E-01	1.43258E+01	6.89364E+00
5.00000E-01	1.46067E+01	6.80143E+00
5.00000E-01	1.48876E+01	6.70829E+00
5.00000E-01	1.51685E+01	6.61669E+00
5.00000E-01	1.54494E+01	6.52475E+00
5.00000E-01	1.57303E+01	6.43267E+00
5.00000E-01	1.60112E+01	6.34155E+00
5.00000E-01	1.62921E+01	6.25199E+00
5.00000E-01	1.65730E+01	6.16312E+00
5.00000E-01	1.68539E+01	6.07514E+00
5.00000E-01	1.71348E+01	5.98829E+00
5.00000E-01	1.74157E+01	5.90284E+00
5.00000E-01	1.76966E+01	5.81797E+00
5.00000E-01	1.79775E+01	5.73411E+00
5.00000E-01	1.82584E+01	5.65218E+00
5.00000E-01	1.85393E+01	5.57158E+00
5.00000E-01	1.88202E+01	5.49193E+00
5.00000E-01	1.91011E+01	5.41343E+00
5.00000E-01	1.93820E+01	5.33668E+00
5.00000E-01	1.96629E+01	5.26081E+00
5.00000E-01	1.99438E+01	5.18631E+00
5.00000E-01	2.02247E+01	5.11294E+00
5.00000E-01	2.05056E+01	5.04120E+00
5.00000E-01	2.07865E+01	4.97062E+00
5.00000E-01	2.10674E+01	4.90104E+00
5.00000E-01	2.13483E+01	4.83292E+00
5.00000E-01	2.16292E+01	4.76608E+00
5.00000E-01	2.19101E+01	4.70029E+00
5.00000E-01	2.21910E+01	4.63565E+00
5.00000E-01	2.24719E+01	4.57241E+00
5.00000E-01	2.27528E+01	4.51030E+00
5.00000E-01	2.30337E+01	4.44910E+00
5.00000E-01	2.33146E+01	4.38909E+00
5.00000E-01	2.35955E+01	4.33052E+00
5.00000E-01	2.38764E+01	4.27299E+00
5.00000E-01	2.41573E+01	4.21644E+00
5.00000E-01	2.44382E+01	4.16110E+00
5.00000E-01	2.47191E+01	4.10696E+00
5.00000E-01	2.50000E+01	4.05366E+00
6.00000E-01	0.00000E+00	1.01796E+00
6.00000E-01	2.80899E-01	1.22098E+00
6.00000E-01	5.61798E-01	1.52483E+00
6.00000E-01	8.42697E-01	1.86176E+00
6.00000E-01	1.12360E+00	2.19918E+00
6.00000E-01	1.40449E+00	2.53148E+00
6.00000E-01	1.68539E+00	2.83669E+00
6.00000E-01	1.96629E+00	3.16254E+00
6.00000E-01	2.24719E+00	3.47587E+00
6.00000E-01	2.52809E+00	3.75340E+00
6.00000E-01	2.80899E+00	4.00873E+00
6.00000E-01	3.08989E+00	4.29095E+00
6.00000E-01	3.37079E+00	4.56243E+00
6.00000E-01	3.65169E+00	4.82166E+00
6.00000E-01	3.93258E+00	5.06900E+00
6.00000E-01	4.21348E+00	5.29938E+00
6.00000E-01	4.49438E+00	5.51326E+00
6.00000E-01	4.77528E+00	5.73937E+00
6.00000E-01	5.05618E+00	5.96554E+00
6.00000E-01	5.33708E+00	6.17189E+00
6.00000E-01	5.61798E+00	6.36536E+00
6.00000E-01	5.89888E+00	6.53646E+00
6.00000E-01	6.17978E+00	6.70409E+00
6.00000E-01	6.46067E+00	6.86233E+00
6.00000E-01	6.74157E+00	7.01534E+00
6.00000E-01	7.02247E+00	7.15168E+00
6.00000E-01	7.30337E+00	7.27243E+00
6.00000E-01	7.58427E+00	7.37570E+00
6.00000E-01	7.86517E+00	7.47389E+00
6.00000E-01	8.14607E+00	7.55719E+00
6.00000E-01	8.42697E+00	7.61670E+00
6.00000E-01	8.70787E+00	7.66579E+00
6.00000E-01	8.98876E+00	7.70567E+00
6.00000E-01	9.26966E+00	7.73010E+00
6.00000E-01	9.55056E+00	7.73970E+00
6.00000E-01	9.83146E+00	7.74359E+00
6.00000E-01	1.01124E+01	7.73536E+00
6.00000E-01	1.03933E+01	7.71510E+00
6.00000E-01	1.06742E+01	7.68623E+00
6.00000E-01	1.09551E+01	7.65277E+00
6.00000E-01	1.12360E+01	7.60510E+00
6.00000E-01	1.15169E+01	7.55068E+00
6.00000E-01	1.17978E+01	7.49056E+00
6.00000E-01	1.20787E+01	7.42576E+00
6.00000E-01	1.23596E+01	7.35317E+00
6.00000E-01	1.26404E+01	7.27608E+00
6.00000E-01	1.29213E+01	7.19619E+00
6.00000E-01	1.32022E+01	7.11345E+00
6.00000E-01	1.34831E+01	7.02731E+00
6.00000E-01	1.37640E+01	6.93868E+00
6.00000E-01	1.40449E+01	6.85015E+00
6.00000E-01	1.43258E+01	6.75975E+00
6.00000E-01	1.46067E+01	6.66928E+00
6.00000E-01	1.48876E+01	6.57803E+00
6.00000E-01	1.51685E+01	6.48815E+00
6.00000E-01	1.54494E+01	6.39802E+00
6.00000E-01	1.57303E+01	6.30774E+00
6.00000E-01	1.60112E+01	6.21840E+00
6.00000E-01	1.62921E+01	6.13055E+00
6.00000E-01	1.65730E+01	6.04343E+00
6.00000E-01	1.68539E+01	5.95716E+00
6.00000E-01	1.71348E+01	5.87200E+00
6.00000E-01	1.74157E+01	5.78820E+00
6.00000E-01	1.76966E+01	5.70498E+00
6.00000E-01	1.79775E+01	5.62277E+00
6.00000E-01	1.82584E+01	5.54242E+00
6.00000E-01	1.85393E+01	5.46338E+00
6.00000E-01	1.88202E+01	5.38528E+00
6.00000E-01	1.91011E+01	5.30832E+00
6.00000E-01	1.93820E+01	5.23303E+00
6.00000E-01	1.96629E+01	5.15866E+00
6.00000E-01	1.99438E+01	5.08560E+00
6.00000E-01	2.02247E+01	5.01366E+00
6.00000E-01	2.05056E+01	4.94331E+00
6.00000E-01	2.07865E+01	4.87410E+00
6.00000E-01	2.10674E+01	4.80588E+00
6.00000E-01	2.13483E+01	4.73908E+00
6.00000E-01	2.16292E+01	4.67353E+00
6.00000E-01	2.19101E+01	4.60902E+00
6.00000E-01	2.21910E+01	4.54564E+00
6.00000E-01	2.24719E+01	4.48363E+00
6.00000E-01	2.27528E+01	4.42272E+00
6.00000E-01	2.30337E+01	4.36272E+00
6.00000E-01	2.33146E+01	4.30388E+00
6.00000E-01	2.35955E+01	4.24644E+00
6.00000E-01	2.38764E+01	4.19002E+00
6.00000E-01	2.41573E+01	4.13458E+00
6.00000E-01	2.44382E+01	4.08031E+00
6.00000E-01	2.47191E+01	4.02721E+00
6.00000E-01	2.50000E+01	3.97496E+00
7.00000E-01	0.00000E+00	1.02198E+00
7.00000E-01	2.80899E-01	1.21669E+00
7.00000E-01	5.61798E-01	1.49973E+00
7.00000E-01	8.42697E-01	1.82819E+00
7.00000E-01	1.12360E+00	2.15744E+00
7.00000E-01	1.40449E+00	2.48121E+00
7.00000E-01	1.68539E+00	2.78075E+00
7.00000E-01	1.96629E+00	3.09841E+00
7.00000E-01	2.24719E+00	3.40448E+00
7.00000E-01	2.52809E+00	3.67593E+00
7.00000E-01	2.80899E+00	3.92705E+00
7.00000E-01	3.08989E+00	4.20196E+00
7.00000E-01	3.37079E+00	4.46762E+00
7.00000E-01	3.65169E+00	4.72114E+00
7.00000E-01	3.93258E+00	4.96313E+00
7.00000E-01	4.21348E+00	5.18840E+00
7.00000E-01	4.49438E+00	5.39836E+00
7.00000E-01	4.77528E+00	5.61936E+00
7.00000E-01	5.05618E+00	5.84032E+00
7.00000E-01	5.33708E+00	6.04254E+00
7.00000E-01	5.61798E+00	6.23146E+00
7.00000E-01	5.89888E+00	6.39947E+00
7.00000E-01	6.17978E+00	6.56325E+00
7.00000E-01	6.46067E+00	6.71831E+00
7.00000E-01	6.74157E+00	6.86765E+00
7.00000E-01	7.02247E+00	7.00128E+00
7.00000E-01	7.30337E+00	7.11927E+00
7.00000E-01	7.58427E+00	7.22067E+00
7.00000E-01	7.86517E+00	7.31649E+00
7.00000E-01	8.14607E+00	7.39772E+00
7.00000E-01	8.42697E+00	7.45630E+00
7.00000E-01	8.70787E+00	7.50435E+00
7.00000E-01	8.98876E+00	7.54325E+00
7.00000E-01	9.26966E+00	7.56708E+00
7.00000E-01	9.55056E+00	7.57669E+00
7.00000E-01	9.83146E+00	7.58034E+00
7.00000E-01	1.01124E+01	7.57232E+00
7.00000E-01	1.03933E+01	7.55246E+00
7.00000E-01	1.06742E+01	7.52432E+00
7.00000E-01	1.09551E+01	7.49124E+00
7.00000E-01	1.12360E+01	7.44482E+00
7.00000E-01	1.15169E+01	7.39152E+00
7.00000E-01	1.17978E+01	7.33269E+00
7.00000E-01	1.20787E+01	7.26915E+00
7.00000E-01	1.23596E+01	7.19817E+00
7.00000E-01	1.26404E+01	7.12274E+00
7.00000E-01	1.29213E+01	7.04453E+00
7.00000E-01	1.32022E+01	6.96352E+00
7.00000E-01	1.34831E+01	6.87918E+00
7.00000E-01	1.37640E+01	6.79250E+00
7.00000E-01	1.40449E+01	6.70577E+00
7.00000E-01	1.43258E+01	6.61734E+00
7.00000E-01	1.46067E+01	6.52872E+00
7.00000E-01	1.48876E+01	6.43947E+00
7.00000E-01	1.51685E+01	6.35143E+00
7.00000E-01	1.54494E+01	6.26321E+00
7.00000E-01	1.57303E+01	6.17485E+00
7.00000E-01	1.60112E+01	6.08741E+00
7.00000E-01	1.62921E+01	6.00139E+00
7.00000E-01	1.65730E+01	5.91611E+00
7.00000E-01	1.68539E+01	5.83167E+00
7.00000E-01	1.71348E+01	5.74831E+00
7.00000E-01	1.74157E+01	5.66625E+00
7.00000E-01	1.76966E+01	5.58480E+00
7.00000E-01	1.79775E+01	5.50434E+00
7.00000E-01	1.82584E+01	5.42567E+00
7.00000E-01	1.85393E+01	5.34830E+00
7.00000E-01	1.88202E+01	5.27184E+00
7.00000E-01	1.91011E+01	5.19652E+00
7.00000E-01	1.93820E+01	5.12280E+00
7.00000E-01	1.96629E+01	5.05001E+00
7.00000E-01	1.99438E+01	4.97847E+00
7.00000E-01	2.02247E+01	4.90807E+00
7.00000E-01	2.05056E+01	4.83918E+00
7.00000E-01	2.07865E+01	4.77143E+00
7.00000E-01	2.10674E+01	4.70466E+00
7.00000E-01	2.13483E+01	4.63926E+00
7.00000E-01	2.16292E+01	4.57509E+00
7.00000E-01	2.19101E+01	4.51194E+00
7.00000E-01	2.21910E+01	4.44991E+00
7.00000E-01	2.24719E+01	4.38919E+00
7.00000E-01	2.27528E+01	4.32956E+00
7.00000E-01	2.30337E+01	4.27083E+00
7.00000E-01	2.33146E+01	4.21324E+00
7.00000E-01	2.35955E+01	4.15700E+00
7.00000E-01	2.38764E+01	4.10177E+00
7.00000E-01	2.41573E+01	4.04750E+00
7.00000E-01	2.44382E+01	3.99438E+00
7.00000E-01	2.47191E+01	3.94239E+00
7.00000E-01	2.50000E+01	3.89124E+00
8.00000E-01	0.00000E+00	1.02583E+00
8.00000E-01	2.80899E-01	1.21082E+00
8.00000E-01	5.61798E-01	1.47571E+00
8.00000E-01	8.42697E-01	1.79411E+00
8.00000E-01	1.12360E+00	2.11503E+00
8.00000E-01	1.40449E+00	2.43016E+00
8.00000E-01	1.68539E+00	2.72385E+00
8.00000E-01	1.96629E+00	3.03317E+00
8.00000E-01	2.24719E+00	3.33169E+00
8.00000E-01	2.52809E+00	3.59695E+00
8.00000E-01	2.80899E+00	3.84369E+00
8.00000E-01	3.08989E+00	4.11128E+00
8.00000E-01	3.37079E+00	4.37096E+00
8.00000E-01	3.65169E+00	4.61867E+00
8.00000E-01	3.93258E+00	4.85515E+00
8.00000E-01	4.21348E+00	5.07524E+00
8.00000E-01	4.49438E+00	5.28120E+00
8.00000E-01	4.77528E+00	5.49699E+00
8.00000E-01	5.05618E+00	5.71260E+00
8.00000E-01	5.33708E+00	5.91053E+00
8.00000E-01	5.61798E+00	6.09486E+00
8.00000E-01	5.89888E+00	6.25966E+00
8.00000E-01	6.17978E+00	6.41957E+00
8.00000E-01	6.46067E+00	6.57134E+00
8.00000E-01	6.74157E+00	6.71698E+00
8.00000E-01	7.02247E+00	6.84776E+00
8.00000E-01	7.30337E+00	6.96299E+00
8.00000E-01	7.58427E+00	7.06244E+00
8.00000E-01	7.86517E+00	7.15586E+00
8.00000E-01	8.14607E+00	7.23500E+00
8.00000E-01	8.42697E+00	7.29261E+00
8.00000E-01	8.70787E+00	7.33960E+00
8.00000E-01	8.98876E+00	7.37749E+00
8.00000E-01	9.26966E+00	7.40073E+00
8.00000E-01	9.55056E+00	7.41034E+00
8.00000E-01	9.83146E+00	7.41373E+00
8.00000E-01	1.01124E+01	7.40591E+00
8.00000E-01	1.03933E+01	7.38649E+00
8.00000E-01	1.06742E+01	7.35908E+00
8.00000E-01	1.09551E+01	7.32641E+00
8.00000E-01	1.12360E+01	7.28123E+00
8.00000E-01	1.15169E+01	7.22909E+00
8.00000E-01	1.17978E+01	7.17159E+00
8.00000E-01	1.20787E+01	7.10934E+00
8.00000E-01	1.23596E+01	7.03999E+00
8.00000E-01	1.26404E+01	6.96625E+00
8.00000E-01	1.29213E+01	6.88976E+00
8.00000E-01	1.32022E+01	6.81051E+00
8.00000E-01	1.34831E+01	6.72803E+00
8.00000E-01	1.37640E+01	6.64332E+00
8.00000E-01	1.40449E+01	6.55843E+00
8.00000E-01	1.43258E+01	6.47200E+00
8.00000E-01	1.46067E+01	6.38529E+00
8.00000E-01	1.48876E+01	6.29807E+00
8.00000E-01	1.51685E+01	6.21191E+00
8.00000E-01	1.54494E+01	6.12564E+00
8.00000E-01	1.57303E+01	6.03925E+00
8.00000E-01	1.60112E+01	5.95374E+00
8.00000E-01	1.62921E+01	5.86959E+00
8.00000E-01	1.65730E+01	5.78619E+00
8.00000E-01	1.68539E+01	5.70361E+00
8.00000E-01	1.71348E+01	5.62209E+00
8.00000E-01	1.74157E+01	5.54181E+00
8.00000E-01	1.76966E+01	5.46216E+00
8.00000E-01	1.79775E+01	5.38349E+00
8.00000E-01	1.82584E+01	5.30654E+00
8.00000E-01	1.85393E+01	5.23086E+00
8.00000E-01	1.88202E+01	5.15608E+00
8.00000E-01	1.91011E+01	5.08243E+00
8.00000E-01	1.93820E+01	5.01030E+00
8.00000E-01	1.96629E+01	4.93913E+00
8.00000E-01	1.99438E+01	4.86916E+00
8.00000E-01	2.02247E+01	4.80031E+00
8.00000E-01	2.05056E+01	4.73293E+00
8.00000E-01	2.07865E+01	4.66666E+00
8.00000E-01	2.10674E+01	4.60137E+00
8.00000E-01	2.13483E+01	4.53741E+00
8.00000E-01	2.16292E+01	4.47464E+00
8.00000E-01	2.19101E+01	4.41288E+00
8.00000E-01	2.21910E+01	4.35222E+00
8.00000E-01	2.24719E+01	4.29283E+00
8.00000E-01	2.27528E+01	4.23450E+00
8.00000E-01	2.30337E+01	4.17707E+00
8.00000E-01	2.33146E+01	4.12075E+00
8.00000E-01	2.35955E+01	4.06574E+00
8.00000E-01	2.38764E+01	4.01172E+00
8.00000E-01	2.41573E+01	3.95865E+00
8.00000E-01	2.44382E+01	3.90669E+00
8.00000E-01	2.47191E+01	3.85584E+00
8.00000E-01	2.50000E+01	3.80581E+00
9.00000E-01	0.00000E+00	1.02942E+00
9.00000E-01	2.80899E-01	1.20300E+00
9.00000E-01	5.61798E-01	1.45392E+00
9.00000E-01	8.42697E-01	1.76053E+00
9.00000E-01	1.12360E+00	2.07303E+00
9.00000E-01	1.40449E+00	2.37964E+00
9.00000E-01	1.68539E+00	2.66741E+00
9.00000E-01	1.96629E+00	2.96849E+00
9.00000E-01	2.24719E+00	3.25935E+00
9.00000E-01	2.52809E+00	3.51849E+00
9.00000E-01	2.80899E+00	3.76079E+00
9.00000E-01	3.08989E+00	4.02121E+00
9.00000E-01	3.37079E+00	4.27486E+00
9.00000E-01	3.65169E+00	4.51682E+00
9.00000E-01	3.93258E+00	4.74776E+00
9.00000E-01	4.21348E+00	4.96274E+00
9.00000E-01	4.49438E+00	5.16470E+00
9.00000E-01	4.77528E+00	5.37532E+00
9.00000E-01	5.05618E+00	5.58558E+00
9.00000E-01	5.33708E+00	5.77918E+00
9.00000E-01	5.61798E+00	5.95898E+00
9.00000E-01	5.89888E+00	6.12055E+00
9.00000E-01	6.17978E+00	6.27663E+00
9.00000E-01	6.46067E+00	6.42510E+00
9.00000E-01	6.74157E+00	6.56710E+00
9.00000E-01	7.02247E+00	6.69497E+00
9.00000E-01	7.30337E+00	6.80749E+00
9.00000E-01	7.58427E+00	6.90498E+00
9.00000E-01	7.86517E+00	6.99602E+00
9.00000E-01	8.14607E+00	7.07309E+00
9.00000E-01	8.42697E+00	7.12971E+00
9.00000E-01	8.70787E+00	7.17564E+00
9.00000E-01	8.98876E+00	7.21252E+00
9.00000E-01	9.26966E+00	7.23519E+00
9.00000E-01	9.55056E+00	7.24479E+00
9.00000E-01	9.83146E+00	7.24793E+00
9.00000E-01	1.01124E+01	7.24029E+00
9.00000E-01	1.03933E+01	7.22133E+00
9.00000E-01	1.06742E+01	7.19463E+00
9.00000E-01	1.09551E+01	7.16240E+00
9.00000E-01	1.12360E+01	7.11842E+00
9.00000E-01	1.15169E+01	7.06745E+00
9.00000E-01	1.17978E+01	7.01125E+00
9.00000E-01	1.20787E+01	6.95030E+00
9.00000E-01	1.23596E+01	6.88257E+00
9.00000E-01	1.26404E+01	6.81052E+00
9.00000E-01	1.29213E+01	6.73573E+00
9.00000E-01	1.32022E+01	6.65823E+00
9.00000E-01	1.34831E+01	6.57761E+00
9.00000E-01	1.37640E+01	6.49486E+00
9.00000E-01	1.40449E+01	6.41181E+00
9.00000E-01	1.43258E+01	6.32736E+00
9.00000E-01	1.46067E+01	6.24257E+00
9.00000E-01	1.48876E+01	6.15735E+00
9.00000E-01	1.51685E+01	6.07307E+00
9.00000E-01	1.54494E+01	5.98874E+00
9.00000E-01	1.57303E+01	5.90430E+00
9.00000E-01	1.60112E+01	5.82072E+00
9.00000E-01	1.62921E+01	5.73843E+00
9.00000E-01	1.65730E+01	5.65690E+00
9.00000E-01	1.68539E+01	5.57617E+00
9.00000E-01	1.71348E+01	5.49649E+00
9.00000E-01	1.74157E+01	5.41798E+00
9.00000E-01	1.76966E+01	5.34012E+00
9.00000E-01	1.79775E+01	5.26323E+00
9.00000E-01	1.82584E+01	5.18799E+00
9.00000E-01	1.85393E+01	5.11399E+00
9.00000E-01	1.88202E+01	5.04088E+00
9.00000E-01	1.91011E+01	4.96890E+00
9.00000E-01	1.93820E+01	4.89836E+00
9.00000E-01	1.96629E+01	4.82880E+00
9.00000E-01	1.99438E+01	4.76038E+00
9.00000E-01	2.02247E+01	4.69309E+00
9.00000E-01	2.05056E+01	4.62720E+00
9.00000E-01	2.07865E+01	4.56241E+00
9.00000E-01	2.10674E+01	4.49859E+00
9.00000E-01	2.13483E+01	4.43605E+00
9.00000E-01	2.16292E+01	4.37469E+00
9.00000E-01	2.19101E+01	4.31431E+00
9.00000E-01	2.21910E+01	4.25500E+00
9.00000E-01	2.24719E+01	4.19694E+00
9.00000E-01	2.27528E+01	4.13991E+00
9.00000E-01	2.30337E+01	4.08377E+00
9.00000E-01	2.33146E+01	4.02871E+00
9.00000E-01	2.35955E+01	3.97492E+00
9.00000E-01	2.38764E+01	3.92211E+00
9.00000E-01	2.41573E+01	3.87023E+00
9.00000E-01	2.44382E+01	3.81943E+00
9.00000E-01	2.47191E+01	3.76971E+00
9.00000E-01	2.50000E+01	3.72080E+00
1.00000E+00	0.00000E+00	1.03273E+00
1.00000E+00	2.80899E-01	1.19403E+00
1.00000E+00	5.61798E-01	1.43481E+00
1.00000E+00	8.42697E-01	1.72819E+00
1.00000E+00	1.12360E+00	2.03208E+00
1.00000E+00	1.40449E+00	2.33041E+00
1.00000E+00	1.68539E+00	2.61228E+00
1.00000E+00	1.96629E+00	2.90533E+00
1.00000E+00	2.24719E+00	3.18858E+00
1.00000E+00	2.52809E+00	3.44176E+00
1.00000E+00	2.80899E+00	3.67962E+00
1.00000E+00	3.08989E+00	3.93312E+00
1.00000E+00	3.37079E+00	4.18080E+00
1.00000E+00	3.65169E+00	4.41711E+00
1.00000E+00	3.93258E+00	4.64258E+00
1.00000E+00	4.21348E+00	4.85259E+00
1.00000E+00	4.49438E+00	5.05062E+00
1.00000E+00	4.77528E+00	5.25618E+00
1.00000E+00	5.05618E+00	5.46115E+00
1.00000E+00	5.33708E+00	5.65045E+00
1.00000E+00	5.61798E+00	5.82588E+00
1.00000E+00	5.89888E+00	5.98421E+00
1.00000E+00	6.17978E+00	6.13660E+00
1.00000E+00	6.46067E+00	6.28178E+00
1.00000E+00	6.74157E+00	6.42023E+00
1.00000E+00	7.02247E+00	6.54522E+00
1.00000E+00	7.30337E+00	6.65510E+00
1.00000E+00	7.58427E+00	6.75065E+00
1.00000E+00	7.86517E+00	6.83936E+00
1.00000E+00	8.14607E+00	6.91442E+00
1.00000E+00	8.42697E+00	6.97004E+00
1.00000E+00	8.70787E+00	7.01495E+00
1.00000E+00	8.98876E+00	7.05081E+00
1.00000E+00	9.26966E+00	7.07294E+00
1.00000E+00	9.55056E+00	7.08251E+00
1.00000E+00	9.83146E+00	7.08542E+00
1.00000E+00	1.01124E+01	7.07794E+00
1.00000E+00	1.03933E+01	7.05944E+00
1.00000E+00	1.06742E+01	7.03342E+00
1.00000E+00	1.09551E+01	7.00166E+00
1.00000E+00	1.12360E+01	6.95883E+00
1.00000E+00	1.15169E+01	6.90902E+00
1.00000E+00	1.17978E+01	6.85409E+00
1.00000E+00	1.20787E+01	6.79441E+00
1.00000E+00	1.23596E+01	6.72828E+00
1.00000E+00	1.26404E+01	6.65788E+00
1.00000E+00	1.29213E+01	6.58476E+00
1.00000E+00	1.32022E+01	6.50898E+00
1.00000E+00	1.34831E+01	6.43018E+00
1.00000E+00	1.37640E+01	6.34935E+00
1.00000E+00	1.40449E+01	6.26812E+00
1.00000E+00	1.43258E+01	6.18560E+00
1.00000E+00	1.46067E+01	6.10269E+00
1.00000E+00	1.48876E+01	6.01943E+00
1.00000E+00	1.51685E+01	5.93700E+00
1.00000E+00	1.54494E+01	5.85457E+00
1.00000E+00	1.57303E+01	5.77205E+00
1.00000E+00	1.60112E+01	5.69035E+00
1.00000E+00	1.62921E+01	5.60988E+00
1.00000E+00	1.65730E+01	5.53019E+00
1.00000E+00	1.68539E+01	5.45128E+00
1.00000E+00	1.71348E+01	5.37338E+00
1.00000E+00	1.74157E+01	5.29662E+00
1.00000E+00	1.76966E+01	5.22051E+00
1.00000E+00	1.79775E+01	5.14537E+00
1.00000E+00	1.82584E+01	5.07179E+00
1.00000E+00	1.85393E+01	4.99945E+00
1.00000E+00	1.88202E+01	4.92799E+00
1.00000E+00	1.91011E+01	4.85762E+00
1.00000E+00	1.93820E+01	4.78866E+00
1.00000E+00	1.96629E+01	4.72066E+00
1.00000E+00	1.99438E+01	4.65377E+00
1.00000E+00	2.02247E+01	4.58800E+00
1.00000E+00	2.05056E+01	4.52358E+00
1.00000E+00	2.07865E+01	4.46024E+00
1.00000E+00	2.10674E+01	4.39786E+00
1.00000E+00	2.13483E+01	4.33672E+00
1.00000E+00	2.16292E+01	4.27672E+00
1.00000E+00	2.19101E+01	4.21769E+00
1.00000E+00	2.21910E+01	4.15973E+00
1.00000E+00	2.24719E+01	4.10296E+00
1.00000E+00	2.27528E+01	4.04720E+00
1.00000E+00	2.30337E+01	3.99233E+00
1.00000E+00	2.33146E+01	3.93851E+00
1.00000E+00	2.35955E+01	3.88591E+00
1.00000E+00	2.38764E+01	3.83429E+00
1.00000E+00	2.41573E+01	3.78357E+00
1.00000E+00	2.44382E+01	3.73392E+00
1.00000E+00	2.47191E+01	3.68530E+00
1.00000E+00	2.50000E+01	3.63749E+00
1.50000E+00	0.00000E+00	1.04571E+00
1.50000E+00	2.80899E-01	1.15822E+00
1.50000E+00	5.61798E-01	1.36759E+00
1.50000E+00	8.42697E-01	1.59722E+00
1.50000E+00	1.12360E+00	1.85241E+00
1.50000E+00	1.40449E+00	2.11201E+00
1.50000E+00	1.68539E+00	2.36549E+00
1.50000E+00	1.96629E+00	2.62264E+00
1.50000E+00	2.24719E+00	2.87089E+00
1.50000E+00	2.52809E+00	3.09751E+00
1.50000E+00	2.80899E+00	3.31412E+00
1.50000E+00	3.08989E+00	3.53737E+00
1.50000E+00	3.37079E+00	3.75732E+00
1.50000E+00	3.65169E+00	3.96790E+00
1.50000E+00	3.93258E+00	4.16841E+00
1.50000E+00	4.21348E+00	4.35634E+00
1.50000E+00	4.49438E+00	4.53615E+00
1.50000E+00	4.77528E+00	4.71889E+00
1.50000E+00	5.05618E+00	4.89983E+00
1.50000E+00	5.33708E+00	5.06901E+00
1.50000E+00	5.61798E+00	5.22516E+00
1.50000E+00	5.89888E+00	5.36831E+00
1.50000E+00	6.17978E+00	5.50438E+00
1.50000E+00	6.46067E+00	5.63428E+00
1.50000E+00	6.74157E+00	5.75692E+00
1.50000E+00	7.02247E+00	5.86837E+00
1.50000E+00	7.30337E+00	5.96657E+00
1.50000E+00	7.58427E+00	6.05299E+00
1.50000E+00	7.86517E+00	6.13123E+00
1.50000E+00	8.14607E+00	6.19732E+00
1.50000E+00	8.42697E+00	6.24814E+00
1.50000E+00	8.70787E+00	6.28845E+00
1.50000E+00	8.98876E+00	6.31976E+00
1.50000E+00	9.26966E+00	6.33951E+00
1.50000E+00	9.55056E+00	6.34877E+00
1.50000E+00	9.83146E+00	6.35073E+00
1.50000E+00	1.01124E+01	6.34381E+00
1.50000E+00	1.03933E+01	6.32756E+00
1.50000E+00	1.06742E+01	6.30441E+00
1.50000E+00	1.09551E+01	6.27504E+00
1.50000E+00	1.12360E+01	6.23716E+00
1.50000E+00	1.15169E+01	6.19272E+00
1.50000E+00	1.17978E+01	6.14349E+00
1.50000E+00	1.20787E+01	6.08969E+00
1.50000E+00	1.23596E+01	6.03068E+00
1.50000E+00	1.26404E+01	5.96777E+00
1.50000E+00	1.29213E+01	5.90223E+00
1.50000E+00	1.32022E+01	5.83423E+00
1.50000E+00	1.34831E+01	5.76372E+00
1.50000E+00	1.37640E+01	5.69150E+00
1.50000E+00	1.40449E+01	5.61856E+00
1.50000E+00	1.43258E+01	5.54473E+00
1.50000E+00	1.46067E+01	5.47041E+00
1.50000E+00	1.48876E+01	5.39596E+00
1.50000E+00	1.51685E+01	5.32195E+00
1.50000E+00	1.54494E+01	5.24806E+00
1.50000E+00	1.57303E+01	5.17422E+00
1.50000E+00	1.60112E+01	5.10106E+00
1.50000E+00	1.62921E+01	5.02887E+00
1.50000E+00	1.65730E+01	4.95744E+00
1.50000E+00	1.68539E+01	4.88674E+00
1.50000E+00	1.71348E+01	4.81694E+00
1.50000E+00	1.74157E+01	4.74807E+00
1.50000E+00	1.76966E+01	4.67990E+00
1.50000E+00	1.79775E+01	4.61263E+00
1.50000E+00	1.82584E+01	4.54664E+00
1.50000E+00	1.85393E+01	4.48175E+00
1.50000E+00	1.88202E+01	4.41772E+00
1.50000E+00	1.91011E+01	4.35470E+00
1.50000E+00	1.93820E+01	4.29282E+00
1.50000E+00	1.96629E+01	4.23189E+00
1.50000E+00	1.99438E+01	4.17194E+00
1.50000E+00	2.02247E+01	4.11302E+00
1.50000E+00	2.05056E+01	4.05524E+00
1.50000E+00	2.07865E+01	3.99845E+00
1.50000E+00	2.10674E+01	3.94257E+00
1.50000E+00	2.13483E+01	3.88776E+00
1.50000E+00	2.16292E+01	3.83396E+00
1.50000E+00	2.19101E+01	3.78106E+00
1.50000E+00	2.21910E+01	3.72912E+00
1.50000E+00	2.24719E+01	3.67821E+00
1.50000E+00	2.27528E+01	3.62821E+00
1.50000E+00	2.30337E+01	3.57905E+00
1.50000E+00	2.33146E+01	3.53084E+00
1.50000E+00	2.35955E+01	3.48366E+00
1.50000E+00	2.38764E+01	3.43737E+00
1.50000E+00	2.41573E+01	3.39193E+00
1.50000E+00	2.44382E+01	3.34742E+00
1.50000E+00	2.47191E+01	3.30381E+00
1.50000E+00	2.50000E+01	3.26095E+00
2.00000E+00	0.00000E+00	1.05502E+00
2.00000E+00	2.80899E-01	1.14664E+00
2.00000E+00	5.61798E-01	1.31524E+00
2.00000E+00	8.42697E-01	1.51256E+00
2.00000E+00	1.12360E+00	1.72047E+00
2.00000E+00	1.40449E+00	1.94129E+00
2.00000E+00	1.68539E+00	2.16608E+00
2.00000E+00	1.96629E+00	2.39306E+00
2.00000E+00	2.24719E+00	2.61259E+00
2.00000E+00	2.52809E+00	2.81737E+00
2.00000E+00	2.80899E+00	3.01497E+00
2.00000E+00	3.08989E+00	3.21432E+00
2.00000E+00	3.37079E+00	3.41084E+00
2.00000E+00	3.65169E+00	3.59975E+00
2.00000E+00	3.93258E+00	3.77967E+00
2.00000E+00	4.21348E+00	3.94968E+00
2.00000E+00	4.49438E+00	4.11365E+00
2.00000E+00	4.77528E+00	4.27765E+00
2.00000E+00	5.05618E+00	4.43881E+00
2.00000E+00	5.33708E+00	4.59070E+00
2.00000E+00	5.61798E+00	4.73130E+00
2.00000E+00	5.89888E+00	4.86134E+00
2.00000E+00	6.17978E+00	4.98423E+00
2.00000E+00	6.46067E+00	5.10110E+00
2.00000E+00	6.74157E+00	5.21082E+00
2.00000E+00	7.02247E+00	5.31078E+00
2.00000E+00	7.30337E+00	5.39942E+00
2.00000E+00	7.58427E+00	5.47780E+00
2.00000E+00	7.86517E+00	5.54754E+00
2.00000E+00	8.14607E+00	5.60641E+00
2.00000E+00	8.42697E+00	5.65284E+00
2.00000E+00	8.70787E+00	5.68932E+00
2.00000E+00	8.98876E+00	5.71702E+00
2.00000E+00	9.26966E+00	5.73483E+00
2.00000E+00	9.55056E+00	5.74355E+00
2.00000E+00	9.83146E+00	5.74492E+00
2.00000E+00	1.01124E+01	5.73843E+00
2.00000E+00	1.03933E+01	5.72398E+00
2.00000E+00	1.06742E+01	5.70304E+00
2.00000E+00	1.09551E+01	5.67598E+00
2.00000E+00	1.12360E+01	5.64194E+00
2.00000E+00	1.15169E+01	5.60198E+00
2.00000E+00	1.17978E+01	5.55744E+00
2.00000E+00	1.20787E+01	5.50862E+00
2.00000E+00	1.23596E+01	5.45542E+00
2.00000E+00	1.26404E+01	5.39872E+00
2.00000E+00	1.29213E+01	5.33945E+00
2.00000E+00	1.32022E+01	5.27792E+00
2.00000E+00	1.34831E+01	5.21426E+00
2.00000E+00	1.37640E+01	5.14911E+00
2.00000E+00	1.40449E+01	5.08311E+00
2.00000E+00	1.43258E+01	5.01639E+00
2.00000E+00	1.46067E+01	4.94923E+00
2.00000E+00	1.48876E+01	4.88199E+00
2.00000E+00	1.51685E+01	4.81499E+00
2.00000E+00	1.54494E+01	4.74814E+00
2.00000E+00	1.57303E+01	4.68146E+00
2.00000E+00	1.60112E+01	4.61534E+00
2.00000E+00	1.62921E+01	4.55000E+00
2.00000E+00	1.65730E+01	4.48538E+00
2.00000E+00	1.68539E+01	4.42146E+00
2.00000E+00	1.71348E+01	4.35832E+00
2.00000E+00	1.74157E+01	4.29598E+00
2.00000E+00	1.76966E+01	4.23435E+00
2.00000E+00	1.79775E+01	4.17357E+00
2.00000E+00	1.82584E+01	4.11385E+00
2.00000E+00	1.85393E+01	4.05511E+00
2.00000E+00	1.88202E+01	3.99721E+00
2.00000E+00	1.91011E+01	3.94022E+00
2.00000E+00	1.93820E+01	3.88421E+00
2.00000E+00	1.96629E+01	3.82910E+00
2.00000E+00	1.99438E+01	3.77487E+00
2.00000E+00	2.02247E+01	3.72159E+00
2.00000E+00	2.05056E+01	3.66930E+00
2.00000E+00	2.07865E+01	3.61791E+00
2.00000E+00	2.10674E+01	3.56738E+00
2.00000E+00	2.13483E+01	3.51779E+00
2.00000E+00	2.16292E+01	3.46910E+00
2.00000E+00	2.19101E+01	3.42125E+00
2.00000E+00	2.21910E+01	3.37428E+00
2.00000E+00	2.24719E+01	3.32820E+00
2.00000E+00	2.27528E+01	3.28296E+00
2.00000E+00	2.30337E+01	3.23850E+00
2.00000E+00	2.33146E+01	3.19490E+00
2.00000E+00	2.35955E+01	3.15219E+00
2.00000E+00	2.38764E+01	3.11031E+00
2.00000E+00	2.41573E+01	3.06922E+00
2.00000E+00	2.44382E+01	3.02894E+00
2.00000E+00	2.47191E+01	2.98946E+00
2.00000E+00	2.50000E+01	2.95068E+00
2.50000E+00	0.00000E+00	1.06241E+00
2.50000E+00	2.80899E-01	1.14163E+00
2.50000E+00	5.61798E-01	1.27275E+00
2.50000E+00	8.42697E-01	1.44915E+00
2.50000E+00	1.12360E+00	1.62698E+00
2.50000E+00	1.40449E+00	1.81287E+00
2.50000E+00	1.68539E+00	2.00769E+00
2.50000E+00	1.96629E+00	2.20692E+00
2.50000E+00	2.24719E+00	2.40203E+00
2.50000E+00	2.52809E+00	2.58795E+00
2.50000E+00	2.80899E+00	2.76859E+00
2.50000E+00	3.08989E+00	2.94857E+00
2.50000E+00	3.37079E+00	3.12560E+00
2.50000E+00	3.65169E+00	3.29630E+00
2.50000E+00	3.93258E+00	3.45926E+00
2.50000E+00	4.21348E+00	3.61439E+00
2.50000E+00	4.49438E+00	3.76454E+00
2.50000E+00	4.77528E+00	3.91300E+00
2.50000E+00	5.05618E+00	4.05794E+00
2.50000E+00	5.33708E+00	4.19518E+00
2.50000E+00	5.61798E+00	4.32291E+00
2.50000E+00	5.89888E+00	4.44169E+00
2.50000E+00	6.17978E+00	4.55360E+00
2.50000E+00	6.46067E+00	4.65951E+00
2.50000E+00	6.74157E+00	4.75854E+00
2.50000E+00	7.02247E+00	4.84888E+00
2.50000E+00	7.30337E+00	4.92945E+00
2.50000E+00	7.58427E+00	5.00080E+00
2.50000E+00	7.86517E+00	5.06360E+00
2.50000E+00	8.14607E+00	5.11661E+00
2.50000E+00	8.42697E+00	5.15907E+00
2.50000E+00	8.70787E+00	5.19232E+00
2.50000E+00	8.98876E+00	5.21717E+00
2.50000E+00	9.26966E+00	5.23333E+00
2.50000E+00	9.55056E+00	5.24141E+00
2.50000E+00	9.83146E+00	5.24241E+00
2.50000E+00	1.01124E+01	5.23632E+00
2.50000E+00	1.03933E+01	5.22325E+00
2.50000E+00	1.06742E+01	5.20408E+00
2.50000E+00	1.09551E+01	5.17913E+00
2.50000E+00	1.12360E+01	5.14817E+00
2.50000E+00	1.15169E+01	5.11190E+00
2.50000E+00	1.17978E+01	5.07128E+00
2.50000E+00	1.20787E+01	5.02668E+00
2.50000E+00	1.23596E+01	4.97828E+00
2.50000E+00	1.26404E+01	4.92671E+00
2.50000E+00	1.29213E+01	4.87269E+00
2.50000E+00	1.32022E+01	4.81658E+00
2.50000E+00	1.34831E+01	4.75862E+00
2.50000E+00	1.37640E+01	4.69930E+00
2.50000E+00	1.40449E+01	4.63913E+00
2.50000E+00	1.43258E+01	4.57832E+00
2.50000E+00	1.46067E+01	4.51712E+00
2.50000E+00	1.48876E+01	4.45583E+00
2.50000E+00	1.51685E+01	4.39469E+00
2.50000E+00	1.54494E+01	4.33370E+00
2.50000E+00	1.57303E+01	4.27294E+00
2.50000E+00	1.60112E+01	4.21266E+00
2.50000E+00	1.62921E+01	4.15304E+00
2.50000E+00	1.65730E+01	4.09407E+00
2.50000E+00	1.68539E+01	4.03575E+00
2.50000E+00	1.71348E+01	3.97814E+00
2.50000E+00	1.74157E+01	3.92124E+00
2.50000E+00	1.76966E+01	3.86504E+00
2.50000E+00	1.79775E+01	3.80962E+00
2.50000E+00	1.82584E+01	3.75511E+00
2.50000E+00	1.85393E+01	3.70148E+00
2.50000E+00	1.88202E+01	3.64865E+00
2.50000E+00	1.91011E+01	3.59666E+00
2.50000E+00	1.93820E+01	3.54554E+00
2.50000E+00	1.96629E+01	3.49524E+00
2.50000E+00	1.99438E+01	3.44577E+00
2.50000E+00	2.02247E+01	3.39716E+00
2.50000E+00	2.05056E+01	3.34942E+00
2.50000E+00	2.07865E+01	3.30251E+00
2.50000E+00	2.10674E+01	3.25642E+00
2.50000E+00	2.13483E+01	3.21115E+00
2.50000E+00	2.16292E+01	3.16671E+00
2.50000E+00	2.19101E+01	3.12305E+00
2.50000E+00	2.21910E+01	3.08019E+00
2.50000E+00	2.24719E+01	3.03812E+00
2.50000E+00	2.27528E+01	2.99682E+00
2.50000E+00	2.30337E+01	2.95627E+00
2.50000E+00	2.33146E+01	2.91648E+00
2.50000E+00	2.35955E+01	2.87750E+00
2.50000E+00	2.38764E+01	2.83927E+00
2.50000E+00	2.41573E+01	2.80177E+00
2.50000E+00	2.44382E+01	2.76500E+00
2.50000E+00	2.47191E+01	2.72895E+00
2.50000E+00	2.50000E+01	2.69355E+00
3.00000E+00	0.00000E+00	1.06848E+00
3.00000E+00	2.80899E-01	1.13847E+00
3.00000E+00	5.61798E-01	1.24343E+00
3.00000E+00	8.42697E-01	1.39546E+00
3.00000E+00	1.12360E+00	1.55573E+00
3.00000E+00	1.40449E+00	1.71657E+00
3.00000E+00	1.68539E+00	1.88411E+00
3.00000E+00	1.96629E+00	2.05735E+00
3.00000E+00	2.24719E+00	2.23022E+00
3.00000E+00	2.52809E+00	2.39859E+00
3.00000E+00	2.80899E+00	2.56365E+00
3.00000E+00	3.08989E+00	2.72727E+00
3.00000E+00	3.37079E+00	2.88795E+00
3.00000E+00	3.65169E+00	3.04329E+00
3.00000E+00	3.93258E+00	3.19211E+00
3.00000E+00	4.21348E+00	3.33458E+00
3.00000E+00	4.49438E+00	3.47264E+00
3.00000E+00	4.77528E+00	3.60804E+00
3.00000E+00	5.05618E+00	3.73955E+00
3.00000E+00	5.33708E+00	3.86443E+00
3.00000E+00	5.61798E+00	3.98124E+00
3.00000E+00	5.89888E+00	4.09031E+00
3.00000E+00	6.17978E+00	4.19288E+00
3.00000E+00	6.46067E+00	4.28952E+00
3.00000E+00	6.74157E+00	4.37957E+00
3.00000E+00	7.02247E+00	4.46181E+00
3.00000E+00	7.30337E+00	4.53544E+00
3.00000E+00	7.58427E+00	4.60067E+00
3.00000E+00	7.86517E+00	4.65770E+00
3.00000E+00	8.14607E+00	4.70586E+00
3.00000E+00	8.42697E+00	4.74479E+00
3.00000E+00	8.70787E+00	4.77524E+00
3.00000E+00	8.98876E+00	4.79779E+00
3.00000E+00	9.26966E+00	4.81255E+00
3.00000E+00	9.55056E+00	4.81997E+00
3.00000E+00	9.83146E+00	4.82072E+00
3.00000E+00	1.01124E+01	4.81498E+00
3.00000E+00	1.03933E+01	4.80299E+00
3.00000E+00	1.06742E+01	4.78530E+00
3.00000E+00	1.09551E+01	4.76222E+00
3.00000E+00	1.12360E+01	4.73381E+00
3.00000E+00	1.15169E+01	4.70060E+00
3.00000E+00	1.17978E+01	4.66330E+00
3.00000E+00	1.20787E+01	4.62231E+00
3.00000E+00	1.23596E+01	4.57793E+00
3.00000E+00	1.26404E+01	4.53066E+00
3.00000E+00	1.29213E+01	4.48108E+00
3.00000E+00	1.32022E+01	4.42956E+00
3.00000E+00	1.34831E+01	4.37639E+00
3.00000E+00	1.37640E+01	4.32197E+00
3.00000E+00	1.40449E+01	4.26672E+00
3.00000E+00	1.43258E+01	4.21088E+00
3.00000E+00	1.46067E+01	4.15469E+00
3.00000E+00	1.48876E+01	4.09840E+00
3.00000E+00	1.51685E+01	4.04220E+00
3.00000E+00	1.54494E+01	3.98615E+00
3.00000E+00	1.57303E+01	3.93035E+00
3.00000E+00	1.60112E+01	3.87497E+00
3.00000E+00	1.62921E+01	3.82016E+00
3.00000E+00	1.65730E+01	3.76594E+00
3.00000E+00	1.68539E+01	3.71233E+00
3.00000E+00	1.71348E+01	3.65936E+00
3.00000E+00	1.74157E+01	3.60704E+00
3.00000E+00	1.76966E+01	3.55538E+00
3.00000E+00	1.79775E+01	3.50445E+00
3.00000E+00	1.82584E+01	3.45432E+00
3.00000E+00	1.85393E+01	3.40499E+00
3.00000E+00	1.88202E+01	3.35642E+00
3.00000E+00	1.91011E+01	3.30861E+00
3.00000E+00	1.93820E+01	3.26159E+00
3.00000E+00	1.96629E+01	3.21534E+00
3.00000E+00	1.99438E+01	3.16986E+00
3.00000E+00	2.02247E+01	3.12516E+00
3.00000E+00	2.05056E+01	3.08125E+00
3.00000E+00	2.07865E+01	3.03811E+00
3.00000E+00	2.10674E+01	2.99572E+00
3.00000E+00	2.13483E+01	2.95409E+00
3.00000E+00	2.16292E+01	2.91321E+00
3.00000E+00	2.19101E+01	2.87306E+00
3.00000E+00	2.21910E+01	2.83364E+00
3.00000E+00	2.24719E+01	2.79495E+00
3.00000E+00	2.27528E+01	2.75696E+00
3.00000E+00	2.30337E+01	2.71967E+00
3.00000E+00	2.33146E+01	2.68308E+00
3.00000E+00	2.35955E+01	2.64722E+00
3.00000E+00	2.38764E+01	2.61205E+00
3.00000E+00	2.41573E+01	2.57756E+00
3.00000E+00	2.44382E+01	2.54374E+00
3.00000E+00	2.47191E+01	2.51057E+00
3.00000E+00	2.50000E+01	2.47801E+00
3.50000E+00	0.00000E+00	1.07351E+00
3.50000E+00	2.80899E-01	1.13616E+00
3.50000E+00	5.61798E-01	1.22484E+00
3.50000E+00	8.42697E-01	1.35099E+00
3.50000E+00	1.12360E+00	1.49645E+00
3.50000E+00	1.40449E+00	1.64112E+00
3.50000E+00	1.68539E+00	1.78751E+00
3.50000E+00	1.96629E+00	1.93816E+00
3.50000E+00	2.24719E+00	2.09064E+00
3.50000E+00	2.52809E+00	2.24214E+00
3.50000E+00	2.80899E+00	2.39235E+00
3.50000E+00	3.08989E+00	2.54143E+00
3.50000E+00	3.37079E+00	2.68798E+00
3.50000E+00	3.65169E+00	2.83013E+00
3.50000E+00	3.93258E+00	2.96690E+00
3.50000E+00	4.21348E+00	3.09841E+00
3.50000E+00	4.49438E+00	3.22587E+00
3.50000E+00	4.77528E+00	3.35017E+00
3.50000E+00	5.05618E+00	3.47042E+00
3.50000E+00	5.33708E+00	3.58481E+00
3.50000E+00	5.61798E+00	3.69226E+00
3.50000E+00	5.89888E+00	3.79288E+00
3.50000E+00	6.17978E+00	3.88738E+00
3.50000E+00	6.46067E+00	3.97610E+00
3.50000E+00	6.74157E+00	4.05855E+00
3.50000E+00	7.02247E+00	4.13387E+00
3.50000E+00	7.30337E+00	4.20148E+00
3.50000E+00	7.58427E+00	4.26136E+00
3.50000E+00	7.86517E+00	4.31352E+00
3.50000E+00	8.14607E+00	4.35759E+00
3.50000E+00	8.42697E+00	4.39340E+00
3.50000E+00	8.70787E+00	4.42141E+00
3.50000E+00	8.98876E+00	4.44206E+00
3.50000E+00	9.26966E+00	4.45559E+00
3.50000E+00	9.55056E+00	4.46240E+00
3.50000E+00	9.83146E+00	4.46296E+00
3.50000E+00	1.01124E+01	4.45754E+00
3.50000E+00	1.03933E+01	4.44641E+00
3.50000E+00	1.06742E+01	4.42999E+00
3.50000E+00	1.09551E+01	4.40854E+00
3.50000E+00	1.12360E+01	4.38228E+00
3.50000E+00	1.15169E+01	4.35165E+00
3.50000E+00	1.17978E+01	4.31719E+00
3.50000E+00	1.20787E+01	4.27931E+00
3.50000E+00	1.23596E+01	4.23834E+00
3.50000E+00	1.26404E+01	4.19472E+00
3.50000E+00	1.29213E+01	4.14894E+00
3.50000E+00	1.32022E+01	4.10134E+00
3.50000E+00	1.34831E+01	4.05224E+00
3.50000E+00	1.37640E+01	4.00199E+00
3.50000E+00	1.40449E+01	3.95094E+00
3.50000E+00	1.43258E+01	3.89934E+00
3.50000E+00	1.46067E+01	3.84741E+00
3.50000E+00	1.48876E+01	3.79537E+00
3.50000E+00	1.51685E+01	3.74337E+00
3.50000E+00	1.54494E+01	3.69153E+00
3.50000E+00	1.57303E+01	3.63993E+00
3.50000E+00	1.60112E+01	3.58871E+00
3.50000E+00	1.62921E+01	3.53799E+00
3.50000E+00	1.65730E+01	3.48781E+00
3.50000E+00	1.68539E+01	3.43819E+00
3.50000E+00	1.71348E+01	3.38916E+00
3.50000E+00	1.74157E+01	3.34073E+00
3.50000E+00	1.76966E+01	3.29293E+00
3.50000E+00	1.79775E+01	3.24580E+00
3.50000E+00	1.82584E+01	3.19939E+00
3.50000E+00	1.85393E+01	3.15372E+00
3.50000E+00	1.88202E+01	3.10875E+00
3.50000E+00	1.91011E+01	3.06450E+00
3.50000E+00	1.93820E+01	3.02096E+00
3.50000E+00	1.96629E+01	2.97814E+00
3.50000E+00	1.99438E+01	2.93603E+00
3.50000E+00	2.02247E+01	2.89465E+00
3.50000E+00	2.05056E+01	2.85399E+00
3.50000E+00	2.07865E+01	2.81404E+00
3.50000E+00	2.10674E+01	2.77480E+00
3.50000E+00	2.13483E+01	2.73625E+00
3.50000E+00	2.16292E+01	2.69839E+00
3.50000E+00	2.19101E+01	2.66122E+00
3.50000E+00	2.21910E+01	2.62472E+00
3.50000E+00	2.24719E+01	2.58888E+00
3.50000E+00	2.27528E+01	2.55371E+00
3.50000E+00	2.30337E+01	2.51918E+00
3.50000E+00	2.33146E+01	2.48531E+00
3.50000E+00	2.35955E+01	2.45210E+00
3.50000E+00	2.38764E+01	2.41953E+00
3.50000E+00	2.41573E+01	2.38759E+00
3.50000E+00	2.44382E+01	2.35627E+00
3.50000E+00	2.47191E+01	2.32554E+00
3.50000E+00	2.50000E+01	2.29538E+00
4.00000E+00	0.00000E+00	1.07768E+00
4.00000E+00	2.80899E-01	1.13430E+00
4.00000E+00	5.61798E-01	1.21171E+00
4.00000E+00	8.42697E-01	1.31596E+00
4.00000E+00	1.12360E+00	1.44563E+00
4.00000E+00	1.40449E+00	1.57849E+00
4.00000E+00	1.68539E+00	1.70996E+00
4.00000E+00	1.96629E+00	1.84274E+00
4.00000E+00	2.24719E+00	1.97744E+00
4.00000E+00	2.52809E+00	2.11309E+00
4.00000E+00	2.80899E+00	2.24906E+00
4.00000E+00	3.08989E+00	2.38471E+00
4.00000E+00	3.37079E+00	2.51858E+00
4.00000E+00	3.65169E+00	2.64908E+00
4.00000E+00	3.93258E+00	2.77525E+00
4.00000E+00	4.21348E+00	2.89706E+00
4.00000E+00	4.49438E+00	3.01514E+00
4.00000E+00	4.77528E+00	3.12987E+00
4.00000E+00	5.05618E+00	3.24057E+00
4.00000E+00	5.33708E+00	3.34598E+00
4.00000E+00	5.61798E+00	3.44531E+00
4.00000E+00	5.89888E+00	3.53851E+00
4.00000E+00	6.17978E+00	3.62598E+00
4.00000E+00	6.46067E+00	3.70787E+00
4.00000E+00	6.74157E+00	3.78380E+00
4.00000E+00	7.02247E+00	3.85317E+00
4.00000E+00	7.30337E+00	3.91552E+00
4.00000E+00	7.58427E+00	3.97072E+00
4.00000E+00	7.86517E+00	4.01871E+00
4.00000E+00	8.14607E+00	4.05927E+00
4.00000E+00	8.42697E+00	4.09233E+00
4.00000E+00	8.70787E+00	4.11820E+00
4.00000E+00	8.98876E+00	4.13722E+00
4.00000E+00	9.26966E+00	4.14968E+00
4.00000E+00	9.55056E+00	4.15593E+00
4.00000E+00	9.83146E+00	4.15634E+00
4.00000E+00	1.01124E+01	4.15120E+00
4.00000E+00	1.03933E+01	4.14080E+00
4.00000E+00	1.06742E+01	4.12545E+00
4.00000E+00	1.09551E+01	4.10544E+00
4.00000E+00	1.12360E+01	4.08103E+00
4.00000E+00	1.15169E+01	4.05260E+00
4.00000E+00	1.17978E+01	4.02059E+00
4.00000E+00	1.20787E+01	3.98539E+00
4.00000E+00	1.23596E+01	3.94736E+00
4.00000E+00	1.26404E+01	3.90688E+00
4.00000E+00	1.29213E+01	3.86437E+00
4.00000E+00	1.32022E+01	3.82016E+00
4.00000E+00	1.34831E+01	3.77457E+00
4.00000E+00	1.37640E+01	3.72790E+00
4.00000E+00	1.40449E+01	3.68047E+00
4.00000E+00	1.43258E+01	3.63251E+00
4.00000E+00	1.46067E+01	3.58424E+00
4.00000E+00	1.48876E+01	3.53585E+00
4.00000E+00	1.51685E+01	3.48748E+00
4.00000E+00	1.54494E+01	3.43925E+00
4.00000E+00	1.57303E+01	3.39125E+00
4.00000E+00	1.60112E+01	3.34360E+00
4.00000E+00	1.62921E+01	3.29640E+00
4.00000E+00	1.65730E+01	3.24968E+00
4.00000E+00	1.68539E+01	3.20348E+00
4.00000E+00	1.71348E+01	3.15783E+00
4.00000E+00	1.74157E+01	3.11274E+00
4.00000E+00	1.76966E+01	3.06825E+00
4.00000E+00	1.79775E+01	3.02437E+00
4.00000E+00	1.82584E+01	2.98116E+00
4.00000E+00	1.85393E+01	2.93862E+00
4.00000E+00	1.88202E+01	2.89674E+00
4.00000E+00	1.91011E+01	2.85553E+00
4.00000E+00	1.93820E+01	2.81498E+00
4.00000E+00	1.96629E+01	2.77510E+00
4.00000E+00	1.99438E+01	2.73589E+00
4.00000E+00	2.02247E+01	2.69734E+00
4.00000E+00	2.05056E+01	2.65947E+00
4.00000E+00	2.07865E+01	2.62226E+00
4.00000E+00	2.10674E+01	2.58570E+00
4.00000E+00	2.13483E+01	2.54980E+00
4.00000E+00	2.16292E+01	2.51453E+00
4.00000E+00	2.19101E+01	2.47990E+00
4.00000E+00	2.21910E+01	2.44590E+00
4.00000E+00	2.24719E+01	2.41252E+00
4.00000E+00	2.27528E+01	2.37976E+00
4.00000E+00	2.30337E+01	2.34760E+00
4.00000E+00	2.33146E+01	2.31605E+00
4.00000E+00	2.35955E+01	2.28511E+00
4.00000E+00	2.38764E+01	2.25476E+00
4.00000E+00	2.41573E+01	2.22501E+00
4.00000E+00	2.44382E+01	2.19582E+00
4.00000E+00	2.47191E+01	2.16719E+00
4.00000E+00	2.50000E+01	2.13909E+00
5.00000E+00	0.00000E+00	1.08405E+00
5.00000E+00	2.80899E-01	1.13134E+00
5.00000E+00	5.61798E-01	1.19305E+00
5.00000E+00	8.42697E-01	1.26925E+00
5.00000E+00	1.12360E+00	1.36679E+00
5.00000E+00	1.40449E+00	1.47761E+00
5.00000E+00	1.68539E+00	1.58958E+00
5.00000E+00	1.96629E+00	1.69945E+00
5.00000E+00	2.24719E+00	1.80839E+00
5.00000E+00	2.52809E+00	1.91794E+00
5.00000E+00	2.80899E+00	2.02870E+00
5.00000E+00	3.08989E+00	2.14032E+00
5.00000E+00	3.37079E+00	2.25174E+00
5.00000E+00	3.65169E+00	2.36173E+00
5.00000E+00	3.93258E+00	2.46938E+00
5.00000E+00	4.21348E+00	2.57422E+00
5.00000E+00	4.49438E+00	2.67615E+00
5.00000E+00	4.77528E+00	2.77496E+00
5.00000E+00	5.05618E+00	2.87010E+00
5.00000E+00	5.33708E+00	2.96089E+00
5.00000E+00	5.61798E+00	3.04679E+00
5.00000E+00	5.89888E+00	3.12762E+00
5.00000E+00	6.17978E+00	3.20341E+00
5.00000E+00	6.46067E+00	3.27409E+00
5.00000E+00	6.74157E+00	3.33943E+00
5.00000E+00	7.02247E+00	3.39907E+00
5.00000E+00	7.30337E+00	3.45272E+00
5.00000E+00	7.58427E+00	3.50019E+00
5.00000E+00	7.86517E+00	3.54139E+00
5.00000E+00	8.14607E+00	3.57622E+00
5.00000E+00	8.42697E+00	3.60470E+00
5.00000E+00	8.70787E+00	3.62700E+00
5.00000E+00	8.98876E+00	3.64337E+00
5.00000E+00	9.26966E+00	3.65405E+00
5.00000E+00	9.55056E+00	3.65934E+00
5.00000E+00	9.83146E+00	3.65951E+00
5.00000E+00	1.01124E+01	3.65484E+00
5.00000E+00	1.03933E+01	3.64558E+00
5.00000E+00	1.06742E+01	3.63201E+00
5.00000E+00	1.09551E+01	3.61439E+00
5.00000E+00	1.12360E+01	3.59298E+00
5.00000E+00	1.15169E+01	3.56811E+00
5.00000E+00	1.17978E+01	3.54012E+00
5.00000E+00	1.20787E+01	3.50934E+00
5.00000E+00	1.23596E+01	3.47610E+00
5.00000E+00	1.26404E+01	3.44074E+00
5.00000E+00	1.29213E+01	3.40357E+00
5.00000E+00	1.32022E+01	3.36491E+00
5.00000E+00	1.34831E+01	3.32504E+00
5.00000E+00	1.37640E+01	3.28421E+00
5.00000E+00	1.40449E+01	3.24268E+00
5.00000E+00	1.43258E+01	3.20067E+00
5.00000E+00	1.46067E+01	3.15836E+00
5.00000E+00	1.48876E+01	3.11591E+00
5.00000E+00	1.51685E+01	3.07345E+00
5.00000E+00	1.54494E+01	3.03111E+00
5.00000E+00	1.57303E+01	2.98896E+00
5.00000E+00	1.60112E+01	2.94710E+00
5.00000E+00	1.62921E+01	2.90560E+00
5.00000E+00	1.65730E+01	2.86452E+00
5.00000E+00	1.68539E+01	2.82388E+00
5.00000E+00	1.71348E+01	2.78372E+00
5.00000E+00	1.74157E+01	2.74405E+00
5.00000E+00	1.76966E+01	2.70490E+00
5.00000E+00	1.79775E+01	2.66630E+00
5.00000E+00	1.82584E+01	2.62827E+00
5.00000E+00	1.85393E+01	2.59082E+00
5.00000E+00	1.88202E+01	2.55394E+00
5.00000E+00	1.91011E+01	2.51765E+00
5.00000E+00	1.93820E+01	2.48195E+00
5.00000E+00	1.96629E+01	2.44683E+00
5.00000E+00	1.99438E+01	2.41230E+00
5.00000E+00	2.02247E+01	2.37836E+00
5.00000E+00	2.05056E+01	2.34500E+00
5.00000E+00	2.07865E+01	2.31222E+00
5.00000E+00	2.10674E+01	2.28002E+00
5.00000E+00	2.13483E+01	2.24839E+00
5.00000E+00	2.16292E+01	2.21732E+00
5.00000E+00	2.19101E+01	2.18681E+00
5.00000E+00	2.21910E+01	2.15686E+00
5.00000E+00	2.24719E+01	2.12745E+00
5.00000E+00	2.27528E+01	2.09858E+00
5.00000E+00	2.30337E+01	2.07025E+00
5.00000E+00	2.33146E+01	2.04246E+00
5.00000E+00	2.35955E+01	2.01519E+00
5.00000E+00	2.38764E+01	1.98845E+00
5.00000E+00	2.41573E+01	1.96222E+00
5.00000E+00	2.44382E+01	1.93649E+00
5.00000E+00	2.47191E+01	1.91126E+00
5.00000E+00	2.50000E+01	1.88649E+00
6.00000E+00	0.00000E+00	1.08851E+00
6.00000E+00	2.80899E-01	1.12893E+00
6.00000E+00	5.61798E-01	1.17992E+00
6.00000E+00	8.42697E-01	1.24084E+00
6.00000E+00	1.12360E+00	1.31375E+00
6.00000E+00	1.40449E+00	1.40234E+00
6.00000E+00	1.68539E+00	1.49784E+00
6.00000E+00	1.96629E+00	1.59352E+00
6.00000E+00	2.24719E+00	1.68719E+00
6.00000E+00	2.52809E+00	1.77947E+00
6.00000E+00	2.80899E+00	1.87154E+00
6.00000E+00	3.08989E+00	1.96402E+00
6.00000E+00	3.37079E+00	2.05675E+00
6.00000E+00	3.65169E+00	2.14916E+00
6.00000E+00	3.93258E+00	2.24060E+00
6.00000E+00	4.21348E+00	2.33052E+00
6.00000E+00	4.49438E+00	2.41846E+00
6.00000E+00	4.77528E+00	2.50396E+00
6.00000E+00	5.05618E+00	2.58649E+00
6.00000E+00	5.33708E+00	2.66548E+00
6.00000E+00	5.61798E+00	2.74050E+00
6.00000E+00	5.89888E+00	2.81128E+00
6.00000E+00	6.17978E+00	2.87765E+00
6.00000E+00	6.46067E+00	2.93946E+00
6.00000E+00	6.74157E+00	2.99649E+00
6.00000E+00	7.02247E+00	3.04851E+00
6.00000E+00	7.30337E+00	3.09528E+00
6.00000E+00	7.58427E+00	3.13665E+00
6.00000E+00	7.86517E+00	3.17253E+00
6.00000E+00	8.14607E+00	3.20288E+00
6.00000E+00	8.42697E+00	3.22772E+00
6.00000E+00	8.70787E+00	3.24719E+00
6.00000E+00	8.98876E+00	3.26145E+00
6.00000E+00	9.26966E+00	3.27072E+00
6.00000E+00	9.55056E+00	3.27523E+00
6.00000E+00	9.83146E+00	3.27522E+00
6.00000E+00	1.01124E+01	3.27092E+00
6.00000E+00	1.03933E+01	3.26257E+00
6.00000E+00	1.06742E+01	3.25040E+00
6.00000E+00	1.09551E+01	3.23467E+00
6.00000E+00	1.12360E+01	3.21562E+00
6.00000E+00	1.15169E+01	3.19352E+00
6.00000E+00	1.17978E+01	3.16868E+00
6.00000E+00	1.20787E+01	3.14137E+00
6.00000E+00	1.23596E+01	3.11190E+00
6.00000E+00	1.26404E+01	3.08053E+00
6.00000E+00	1.29213E+01	3.04756E+00
6.00000E+00	1.32022E+01	3.01325E+00
6.00000E+00	1.34831E+01	2.97785E+00
6.00000E+00	1.37640E+01	2.94158E+00
6.00000E+00	1.40449E+01	2.90467E+00
6.00000E+00	1.43258E+01	2.86729E+00
6.00000E+00	1.46067E+01	2.82963E+00
6.00000E+00	1.48876E+01	2.79181E+00
6.00000E+00	1.51685E+01	2.75397E+00
6.00000E+00	1.54494E+01	2.71621E+00
6.00000E+00	1.57303E+01	2.67860E+00
6.00000E+00	1.60112E+01	2.64124E+00
6.00000E+00	1.62921E+01	2.60418E+00
6.00000E+00	1.65730E+01	2.56747E+00
6.00000E+00	1.68539E+01	2.53114E+00
6.00000E+00	1.71348E+01	2.49524E+00
6.00000E+00	1.74157E+01	2.45977E+00
6.00000E+00	1.76966E+01	2.42477E+00
6.00000E+00	1.79775E+01	2.39024E+00
6.00000E+00	1.82584E+01	2.35622E+00
6.00000E+00	1.85393E+01	2.32271E+00
6.00000E+00	1.88202E+01	2.28971E+00
6.00000E+00	1.91011E+01	2.25723E+00
6.00000E+00	1.93820E+01	2.22527E+00
6.00000E+00	1.96629E+01	2.19384E+00
6.00000E+00	1.99438E+01	2.16292E+00
6.00000E+00	2.02247E+01	2.13253E+00
6.00000E+00	2.05056E+01	2.10266E+00
6.00000E+00	2.07865E+01	2.07331E+00
6.00000E+00	2.10674E+01	2.04447E+00
6.00000E+00	2.13483E+01	2.01614E+00
6.00000E+00	2.16292E+01	1.98832E+00
6.00000E+00	2.19101E+01	1.96100E+00
6.00000E+00	2.21910E+01	1.93417E+00
6.00000E+00	2.24719E+01	1.90782E+00
6.00000E+00	2.27528E+01	1.88197E+00
6.00000E+00	2.30337E+01	1.85659E+00
6.00000E+00	2.33146E+01	1.83169E+00
6.00000E+00	2.35955E+01	1.80727E+00
6.00000E+00	2.38764E+01	1.78330E+00
6.00000E+00	2.41573E+01	1.75980E+00
6.00000E+00	2.44382E+01	1.73674E+00
6.00000E+00	2.47191E+01	1.71412E+00
6.00000E+00	2.50000E+01	1.69193E+00
7.00000E+00	0.00000E+00	1.09167E+00
7.00000E+00	2.80899E-01	1.12682E+00
7.00000E+00	5.61798E-01	1.17001E+00
7.00000E+00	8.42697E-01	1.22068E+00
7.00000E+00	1.12360E+00	1.27892E+00
7.00000E+00	1.40449E+00	1.34789E+00
7.00000E+00	1.68539E+00	1.42719E+00
7.00000E+00	1.96629E+00	1.51035E+00
7.00000E+00	2.24719E+00	1.59327E+00
7.00000E+00	2.52809E+00	1.67446E+00
7.00000E+00	2.80899E+00	1.75411E+00
7.00000E+00	3.08989E+00	1.83291E+00
7.00000E+00	3.37079E+00	1.91132E+00
7.00000E+00	3.65169E+00	1.98943E+00
7.00000E+00	3.93258E+00	2.06706E+00
7.00000E+00	4.21348E+00	2.14385E+00
7.00000E+00	4.49438E+00	2.21940E+00
7.00000E+00	4.77528E+00	2.29322E+00
7.00000E+00	5.05618E+00	2.36479E+00
7.00000E+00	5.33708E+00	2.43363E+00
7.00000E+00	5.61798E+00	2.49928E+00
7.00000E+00	5.89888E+00	2.56143E+00
7.00000E+00	6.17978E+00	2.61982E+00
7.00000E+00	6.46067E+00	2.67421E+00
7.00000E+00	6.74157E+00	2.72440E+00
7.00000E+00	7.02247E+00	2.77016E+00
7.00000E+00	7.30337E+00	2.81132E+00
7.00000E+00	7.58427E+00	2.84772E+00
7.00000E+00	7.86517E+00	2.87930E+00
7.00000E+00	8.14607E+00	2.90602E+00
7.00000E+00	8.42697E+00	2.92790E+00
7.00000E+00	8.70787E+00	2.94505E+00
7.00000E+00	8.98876E+00	2.95760E+00
7.00000E+00	9.26966E+00	2.96571E+00
7.00000E+00	9.55056E+00	2.96959E+00
7.00000E+00	9.83146E+00	2.96943E+00
7.00000E+00	1.01124E+01	2.96544E+00
7.00000E+00	1.03933E+01	2.95784E+00
7.00000E+00	1.06742E+01	2.94683E+00
7.00000E+00	1.09551E+01	2.93264E+00
7.00000E+00	1.12360E+01	2.91550E+00
7.00000E+00	1.15169E+01	2.89565E+00
7.00000E+00	1.17978E+01	2.87335E+00
7.00000E+00	1.20787E+01	2.84885E+00
7.00000E+00	1.23596E+01	2.82241E+00
7.00000E+00	1.26404E+01	2.79427E+00
7.00000E+00	1.29213E+01	2.76468E+00
7.00000E+00	1.32022E+01	2.73388E+00
7.00000E+00	1.34831E+01	2.70207E+00
7.00000E+00	1.37640E+01	2.66948E+00
7.00000E+00	1.40449E+01	2.63627E+00
7.00000E+00	1.43258E+01	2.60263E+00
7.00000E+00	1.46067E+01	2.56870E+00
7.00000E+00	1.48876E+01	2.53461E+00
7.00000E+00	1.51685E+01	2.50047E+00
7.00000E+00	1.54494E+01	2.46638E+00
7.00000E+00	1.57303E+01	2.43241E+00
7.00000E+00	1.60112E+01	2.39864E+00
7.00000E+00	1.62921E+01	2.36513E+00
7.00000E+00	1.65730E+01	2.33192E+00
7.00000E+00	1.68539E+01	2.29905E+00
7.00000E+00	1.71348E+01	2.26654E+00
7.00000E+00	1.74157E+01	2.23443E+00
7.00000E+00	1.76966E+01	2.20272E+00
7.00000E+00	1.79775E+01	2.17145E+00
7.00000E+00	1.82584E+01	2.14062E+00
7.00000E+00	1.85393E+01	2.11024E+00
7.00000E+00	1.88202E+01	2.08033E+00
7.00000E+00	1.91011E+01	2.05089E+00
7.00000E+00	1.93820E+01	2.02191E+00
7.00000E+00	1.96629E+01	1.99340E+00
7.00000E+00	1.99438E+01	1.96536E+00
7.00000E+00	2.02247E+01	1.93780E+00
7.00000E+00	2.05056E+01	1.91070E+00
7.00000E+00	2.07865E+01	1.88407E+00
7.00000E+00	2.10674E+01	1.85791E+00
7.00000E+00	2.13483E+01	1.83220E+00
7.00000E+00	2.16292E+01	1.80695E+00
7.00000E+00	2.19101E+01	1.78216E+00
7.00000E+00	2.21910E+01	1.75781E+00
7.00000E+00	2.24719E+01	1.73390E+00
7.00000E+00	2.27528E+01	1.71044E+00
7.00000E+00	2.30337E+01	1.68741E+00
7.00000E+00	2.33146E+01	1.66480E+00
7.00000E+00	2.35955E+01	1.64263E+00
7.00000E+00	2.38764E+01	1.62087E+00
7.00000E+00	2.41573E+01	1.59953E+00
7.00000E+00	2.44382E+01	1.57860E+00
7.00000E+00	2.47191E+01	1.55806E+00
7.00000E+00	2.50000E+01	1.53791E+00
8.00000E+00	0.00000E+00	1.09389E+00
8.00000E+00	2.80899E-01	1.12489E+00
8.00000E+00	5.61798E-01	1.16217E+00
8.00000E+00	8.42697E-01	1.20531E+00
8.00000E+00	1.12360E+00	1.25402E+00
8.00000E+00	1.40449E+00	1.30916E+00
8.00000E+00	1.68539E+00	1.37358E+00
8.00000E+00	1.96629E+00	1.44447E+00
8.00000E+00	2.24719E+00	1.51757E+00
8.00000E+00	2.52809E+00	1.59022E+00
8.00000E+00	2.80899E+00	1.66130E+00
8.00000E+00	3.08989E+00	1.73075E+00
8.00000E+00	3.37079E+00	1.79895E+00
8.00000E+00	3.65169E+00	1.86624E+00
8.00000E+00	3.93258E+00	1.93281E+00
8.00000E+00	4.21348E+00	1.99863E+00
8.00000E+00	4.49438E+00	2.06349E+00
8.00000E+00	4.77528E+00	2.12707E+00
8.00000E+00	5.05618E+00	2.18897E+00
8.00000E+00	5.33708E+00	2.24877E+00
8.00000E+00	5.61798E+00	2.30606E+00
8.00000E+00	5.89888E+00	2.36050E+00
8.00000E+00	6.17978E+00	2.41180E+00
8.00000E+00	6.46067E+00	2.45969E+00
8.00000E+00	6.74157E+00	2.50394E+00
8.00000E+00	7.02247E+00	2.54432E+00
8.00000E+00	7.30337E+00	2.58068E+00
8.00000E+00	7.58427E+00	2.61287E+00
8.00000E+00	7.86517E+00	2.64080E+00
8.00000E+00	8.14607E+00	2.66446E+00
8.00000E+00	8.42697E+00	2.68385E+00
8.00000E+00	8.70787E+00	2.69904E+00
8.00000E+00	8.98876E+00	2.71014E+00
8.00000E+00	9.26966E+00	2.71729E+00
8.00000E+00	9.55056E+00	2.72063E+00
8.00000E+00	9.83146E+00	2.72035E+00
8.00000E+00	1.01124E+01	2.71663E+00
8.00000E+00	1.03933E+01	2.70965E+00
8.00000E+00	1.06742E+01	2.69962E+00
8.00000E+00	1.09551E+01	2.68672E+00
8.00000E+00	1.12360E+01	2.67117E+00
8.00000E+00	1.15169E+01	2.65319E+00
8.00000E+00	1.17978E+01	2.63300E+00
8.00000E+00	1.20787E+01	2.61083E+00
8.00000E+00	1.23596E+01	2.58689E+00
8.00000E+00	1.26404E+01	2.56142E+00
8.00000E+00	1.29213E+01	2.53463E+00
8.00000E+00	1.32022E+01	2.50672E+00
8.00000E+00	1.34831E+01	2.47789E+00
8.00000E+00	1.37640E+01	2.44832E+00
8.00000E+00	1.40449E+01	2.41817E+00
8.00000E+00	1.43258E+01	2.38761E+00
8.00000E+00	1.46067E+01	2.35675E+00
8.00000E+00	1.48876E+01	2.32572E+00
8.00000E+00	1.51685E+01	2.29463E+00
8.00000E+00	1.54494E+01	2.26355E+00
8.00000E+00	1.57303E+01	2.23257E+00
8.00000E+00	1.60112E+01	2.20176E+00
8.00000E+00	1.62921E+01	2.17115E+00
8.00000E+00	1.65730E+01	2.14081E+00
8.00000E+00	1.68539E+01	2.11076E+00
8.00000E+00	1.71348E+01	2.08104E+00
8.00000E+00	1.74157E+01	2.05166E+00
8.00000E+00	1.76966E+01	2.02265E+00
8.00000E+00	1.79775E+01	1.99403E+00
8.00000E+00	1.82584E+01	1.96581E+00
8.00000E+00	1.85393E+01	1.93799E+00
8.00000E+00	1.88202E+01	1.91060E+00
8.00000E+00	1.91011E+01	1.88362E+00
8.00000E+00	1.93820E+01	1.85707E+00
8.00000E+00	1.96629E+01	1.83095E+00
8.00000E+00	1.99438E+01	1.80525E+00
8.00000E+00	2.02247E+01	1.77999E+00
8.00000E+00	2.05056E+01	1.75515E+00
8.00000E+00	2.07865E+01	1.73074E+00
8.00000E+00	2.10674E+01	1.70675E+00
8.00000E+00	2.13483E+01	1.68318E+00
8.00000E+00	2.16292E+01	1.66002E+00
8.00000E+00	2.19101E+01	1.63728E+00
8.00000E+00	2.21910E+01	1.61495E+00
8.00000E+00	2.24719E+01	1.59302E+00
8.00000E+00	2.27528E+01	1.57150E+00
8.00000E+00	2.30337E+01	1.55037E+00
8.00000E+00	2.33146E+01	1.52964E+00
8.00000E+00	2.35955E+01	1.50929E+00
8.00000E+00	2.38764E+01	1.48933E+00
8.00000E+00	2.41573E+01	1.46974E+00
8.00000E+00	2.44382E+01	1.45053E+00
8.00000E+00	2.47191E+01	1.43168E+00
8.00000E+00	2.50000E+01	1.41318E+00
9.00000E+00	0.00000E+00	1.09544E+00
9.00000E+00	2.80899E-01	1.12307E+00
9.00000E+00	5.61798E-01	1.15571E+00
9.00000E+00	8.42697E-01	1.19308E+00
9.00000E+00	1.12360E+00	1.23481E+00
9.00000E+00	1.40449E+00	1.28103E+00
9.00000E+00	1.68539E+00	1.33318E+00
9.00000E+00	1.96629E+00	1.39263E+00
9.00000E+00	2.24719E+00	1.45611E+00
9.00000E+00	2.52809E+00	1.52083E+00
9.00000E+00	2.80899E+00	1.58491E+00
9.00000E+00	3.08989E+00	1.64750E+00
9.00000E+00	3.37079E+00	1.70841E+00
9.00000E+00	3.65169E+00	1.76784E+00
9.00000E+00	3.93258E+00	1.82604E+00
9.00000E+00	4.21348E+00	1.88318E+00
9.00000E+00	4.49438E+00	1.93927E+00
9.00000E+00	4.77528E+00	1.99419E+00
9.00000E+00	5.05618E+00	2.04770E+00
9.00000E+00	5.33708E+00	2.09952E+00
9.00000E+00	5.61798E+00	2.14932E+00
9.00000E+00	5.89888E+00	2.19681E+00
9.00000E+00	6.17978E+00	2.24169E+00
9.00000E+00	6.46067E+00	2.28369E+00
9.00000E+00	6.74157E+00	2.32258E+00
9.00000E+00	7.02247E+00	2.35816E+00
9.00000E+00	7.30337E+00	2.39023E+00
9.00000E+00	7.58427E+00	2.41867E+00
9.00000E+00	7.86517E+00	2.44339E+00
9.00000E+00	8.14607E+00	2.46435E+00
9.00000E+00	8.42697E+00	2.48153E+00
9.00000E+00	8.70787E+00	2.49500E+00
9.00000E+00	8.98876E+00	2.50482E+00
9.00000E+00	9.26966E+00	2.51110E+00
9.00000E+00	9.55056E+00	2.51397E+00
9.00000E+00	9.83146E+00	2.51357E+00
9.00000E+00	1.01124E+01	2.51007E+00
9.00000E+00	1.03933E+01	2.50362E+00
9.00000E+00	1.06742E+01	2.49441E+00
9.00000E+00	1.09551E+01	2.48261E+00
9.00000E+00	1.12360E+01	2.46842E+00
9.00000E+00	1.15169E+01	2.45202E+00
9.00000E+00	1.17978E+01	2.43361E+00
9.00000E+00	1.20787E+01	2.41340E+00
9.00000E+00	1.23596E+01	2.39159E+00
9.00000E+00	1.26404E+01	2.36836E+00
9.00000E+00	1.29213E+01	2.34392E+00
9.00000E+00	1.32022E+01	2.31845E+00
9.00000E+00	1.34831E+01	2.29212E+00
9.00000E+00	1.37640E+01	2.26510E+00
9.00000E+00	1.40449E+01	2.23752E+00
9.00000E+00	1.43258E+01	2.20954E+00
9.00000E+00	1.46067E+01	2.18127E+00
9.00000E+00	1.48876E+01	2.15281E+00
9.00000E+00	1.51685E+01	2.12427E+00
9.00000E+00	1.54494E+01	2.09573E+00
9.00000E+00	1.57303E+01	2.06726E+00
9.00000E+00	1.60112E+01	2.03891E+00
9.00000E+00	1.62921E+01	2.01074E+00
9.00000E+00	1.65730E+01	1.98280E+00
9.00000E+00	1.68539E+01	1.95511E+00
9.00000E+00	1.71348E+01	1.92771E+00
9.00000E+00	1.74157E+01	1.90062E+00
9.00000E+00	1.76966E+01	1.87386E+00
9.00000E+00	1.79775E+01	1.84744E+00
9.00000E+00	1.82584E+01	1.82139E+00
9.00000E+00	1.85393E+01	1.79571E+00
9.00000E+00	1.88202E+01	1.77040E+00
9.00000E+00	1.91011E+01	1.74548E+00
9.00000E+00	1.93820E+01	1.72095E+00
9.00000E+00	1.96629E+01	1.69681E+00
9.00000E+00	1.99438E+01	1.67306E+00
9.00000E+00	2.02247E+01	1.64970E+00
9.00000E+00	2.05056E+01	1.62674E+00
9.00000E+00	2.07865E+01	1.60416E+00
9.00000E+00	2.10674E+01	1.58197E+00
9.00000E+00	2.13483E+01	1.56017E+00
9.00000E+00	2.16292E+01	1.53875E+00
9.00000E+00	2.19101E+01	1.51772E+00
9.00000E+00	2.21910E+01	1.49706E+00
9.00000E+00	2.24719E+01	1.47677E+00
9.00000E+00	2.27528E+01	1.45685E+00
9.00000E+00	2.30337E+01	1.43730E+00
9.00000E+00	2.33146E+01	1.41811E+00
9.00000E+00	2.35955E+01	1.39928E+00
9.00000E+00	2.38764E+01	1.38080E+00
9.00000E+00	2.41573E+01	1.36267E+00
9.00000E+00	2.44382E+01	1.34488E+00
9.00000E+00	2.47191E+01	1.32743E+00
9.00000E+00	2.50000E+01	1.31030E+00
1.00000E+01	0.00000E+00	1.09646E+00
1.00000E+01	2.80899E-01	1.12130E+00
1.00000E+01	5.61798E-01	1.15022E+00
1.00000E+01	8.42697E-01	1.18300E+00
1.00000E+01	1.12360E+00	1.21933E+00
1.00000E+01	1.40449E+00	1.25909E+00
1.00000E+01	1.68539E+00	1.30274E+00
1.00000E+01	1.96629E+00	1.35193E+00
1.00000E+01	2.24719E+00	1.40632E+00
1.00000E+01	2.52809E+00	1.46328E+00
1.00000E+01	2.80899E+00	1.52080E+00
1.00000E+01	3.08989E+00	1.57755E+00
1.00000E+01	3.37079E+00	1.63282E+00
1.00000E+01	3.65169E+00	1.68641E+00
1.00000E+01	3.93258E+00	1.73839E+00
1.00000E+01	4.21348E+00	1.78891E+00
1.00000E+01	4.49438E+00	1.83809E+00
1.00000E+01	4.77528E+00	1.88597E+00
1.00000E+01	5.05618E+00	1.93248E+00
1.00000E+01	5.33708E+00	1.97745E+00
1.00000E+01	5.61798E+00	2.02069E+00
1.00000E+01	5.89888E+00	2.06198E+00
1.00000E+01	6.17978E+00	2.10107E+00
1.00000E+01	6.46067E+00	2.13773E+00
1.00000E+01	6.74157E+00	2.17174E+00
1.00000E+01	7.02247E+00	2.20291E+00
1.00000E+01	7.30337E+00	2.23106E+00
1.00000E+01	7.58427E+00	2.25607E+00
1.00000E+01	7.86517E+00	2.27784E+00
1.00000E+01	8.14607E+00	2.29631E+00
1.00000E+01	8.42697E+00	2.31147E+00
1.00000E+01	8.70787E+00	2.32333E+00
1.00000E+01	8.98876E+00	2.33195E+00
1.00000E+01	9.26966E+00	2.33741E+00
1.00000E+01	9.55056E+00	2.33981E+00
1.00000E+01	9.83146E+00	2.33927E+00
1.00000E+01	1.01124E+01	2.33593E+00
1.00000E+01	1.03933E+01	2.32992E+00
1.00000E+01	1.06742E+01	2.32141E+00
1.00000E+01	1.09551E+01	2.31054E+00
1.00000E+01	1.12360E+01	2.29750E+00
1.00000E+01	1.15169E+01	2.28245E+00
1.00000E+01	1.17978E+01	2.26557E+00
1.00000E+01	1.20787E+01	2.24704E+00
1.00000E+01	1.23596E+01	2.22704E+00
1.00000E+01	1.26404E+01	2.20574E+00
1.00000E+01	1.29213E+01	2.18332E+00
1.00000E+01	1.32022E+01	2.15994E+00
1.00000E+01	1.34831E+01	2.13575E+00
1.00000E+01	1.37640E+01	2.11090E+00
1.00000E+01	1.40449E+01	2.08552E+00
1.00000E+01	1.43258E+01	2.05974E+00
1.00000E+01	1.46067E+01	2.03368E+00
1.00000E+01	1.48876E+01	2.00742E+00
1.00000E+01	1.51685E+01	1.98106E+00
1.00000E+01	1.54494E+01	1.95468E+00
1.00000E+01	1.57303E+01	1.92834E+00
1.00000E+01	1.60112E+01	1.90210E+00
1.00000E+01	1.62921E+01	1.87600E+00
1.00000E+01	1.65730E+01	1.85010E+00
1.00000E+01	1.68539E+01	1.82442E+00
1.00000E+01	1.71348E+01	1.79899E+00
1.00000E+01	1.74157E+01	1.77384E+00
1.00000E+01	1.76966E+01	1.74898E+00
1.00000E+01	1.79775E+01	1.72444E+00
1.00000E+01	1.82584E+01	1.70023E+00
1.00000E+01	1.85393E+01	1.67635E+00
1.00000E+01	1.88202E+01	1.65281E+00
1.00000E+01	1.91011E+01	1.62963E+00
1.00000E+01	1.93820E+01	1.60680E+00
1.00000E+01	1.96629E+01	1.58433E+00
1.00000E+01	1.99438E+01	1.56222E+00
1.00000E+01	2.02247E+01	1.54048E+00
1.00000E+01	2.05056E+01	1.51909E+00
1.00000E+01	2.07865E+01	1.49807E+00
1.00000E+01	2.10674E+01	1.47740E+00
1.00000E+01	2.13483E+01	1.45709E+00
1.00000E+01	2.16292E+01	1.43714E+00
1.00000E+01	2.19101E+01	1.41753E+00
1.00000E+01	2.21910E+01	1.39828E+00
1.00000E+01	2.24719E+01	1.37937E+00
1.00000E+01	2.27528E+01	1.36081E+00
1.00000E+01	2.30337E+01	1.34258E+00
1.00000E+01	2.33146E+01	1.32469E+00
1.00000E+01	2.35955E+01	1.30713E+00
1.00000E+01	2.38764E+01	1.28990E+00
1.00000E+01	2.41573E+01	1.27299E+00
1.00000E+01	2.44382E+01	1.25640E+00
1.00000E+01	2.47191E+01	1.24012E+00
1.00000E+01	2.50000E+01	1.22415E+00
