1.00000E-04	0.00000E+00	2.35338E+05
1.00000E-04	2.80899E-01	3.72802E+04
1.00000E-04	5.61798E-01	5.31030E+04
1.00000E-04	8.42697E-01	6.12131E+04
1.00000E-04	1.12360E+00	6.59781E+04
1.00000E-04	1.40449E+00	6.93367E+04
1.00000E-04	1.68539E+00	7.22838E+04
1.00000E-04	1.96629E+00	7.50807E+04
1.00000E-04	2.24719E+00	7.78353E+04
1.00000E-04	2.52809E+00	8.03592E+04
1.00000E-04	2.80899E+00	8.26610E+04
1.00000E-04	3.08989E+00	8.45798E+04
1.00000E-04	3.37079E+00	8.61674E+04
1.00000E-04	3.65169E+00	8.74111E+04
1.00000E-04	3.93258E+00	8.82155E+04
1.00000E-04	4.21348E+00	8.88979E+04
1.00000E-04	4.49438E+00	8.94627E+04
1.00000E-04	4.77528E+00	8.98183E+04
1.00000E-04	5.05618E+00	8.96830E+04
1.00000E-04	5.33708E+00	8.95383E+04
1.00000E-04	5.61798E+00	8.93533E+04
1.00000E-04	5.89888E+00	8.90077E+04
1.00000E-04	6.17978E+00	8.83871E+04
1.00000E-04	6.46067E+00	8.77964E+04
1.00000E-04	6.74157E+00	8.72483E+04
1.00000E-04	7.02247E+00	8.64072E+04
1.00000E-04	7.30337E+00	8.55121E+04
1.00000E-04	7.58427E+00	8.47308E+04
1.00000E-04	7.86517E+00	8.38987E+04
1.00000E-04	8.14607E+00	8.28655E+04
1.00000E-04	8.42697E+00	8.18242E+04
1.00000E-04	8.70787E+00	8.08512E+04
1.00000E-04	8.98876E+00	7.97782E+04
1.00000E-04	9.26966E+00	7.86621E+04
1.00000E-04	9.55056E+00	7.75865E+04
1.00000E-04	9.83146E+00	7.65528E+04
1.00000E-04	1.01124E+01	7.54259E+04
1.00000E-04	1.03933E+01	7.43207E+04
1.00000E-04	1.06742E+01	7.32881E+04
1.00000E-04	1.09551E+01	7.22330E+04
1.00000E-04	1.12360E+01	7.12004E+04
1.00000E-04	1.15169E+01	7.01848E+04
1.00000E-04	1.17978E+01	6.92061E+04
1.00000E-04	1.20787E+01	6.82418E+04
1.00000E-04	1.23596E+01	6.72784E+04
1.00000E-04	1.26404E+01	6.63552E+04
1.00000E-04	1.29213E+01	6.54678E+04
1.00000E-04	1.32022E+01	6.45950E+04
1.00000E-04	1.34831E+01	6.37372E+04
1.00000E-04	1.37640E+01	6.29229E+04
1.00000E-04	1.40449E+01	6.21371E+04
1.00000E-04	1.43258E+01	6.13434E+04
1.00000E-04	1.46067E+01	6.05965E+04
1.00000E-04	1.48876E+01	5.98638E+04
1.00000E-04	1.51685E+01	5.91443E+04
1.00000E-04	1.54494E+01	5.84431E+04
1.00000E-04	1.57303E+01	5.77687E+04
1.00000E-04	1.60112E+01	5.70961E+04
1.00000E-04	1.62921E+01	5.64372E+04
1.00000E-04	1.65730E+01	5.58051E+04
1.00000E-04	1.68539E+01	5.51767E+04
1.00000E-04	1.71348E+01	5.45651E+04
1.00000E-04	1.74157E+01	5.39471E+04
1.00000E-04	1.76966E+01	5.33622E+04
1.00000E-04	1.79775E+01	5.27892E+04
1.00000E-04	1.82584E+01	5.22271E+04
1.00000E-04	1.85393E+01	5.16533E+04
1.00000E-04	1.88202E+01	5.11042E+04
1.00000E-04	1.91011E+01	5.05673E+04
1.00000E-04	1.93820E+01	5.00246E+04
1.00000E-04	1.96629E+01	4.95132E+04
1.00000E-04	1.99438E+01	4.90154E+04
1.00000E-04	2.02247E+01	4.85008E+04
1.00000E-04	2.05056E+01	4.79966E+04
1.00000E-04	2.07865E+01	4.75241E+04
1.00000E-04	2.10674E+01	4.70277E+04
1.00000E-04	2.13483E+01	4.65606E+04
1.00000E-04	2.16292E+01	4.60896E+04
1.00000E-04	2.19101E+01	4.56365E+04
1.00000E-04	2.21910E+01	4.51938E+04
1.00000E-04	2.24719E+01	4.47488E+04
1.00000E-04	2.27528E+01	4.43089E+04
1.00000E-04	2.30337E+01	4.38928E+04
1.00000E-04	2.33146E+01	4.34686E+04
1.00000E-04	2.35955E+01	4.30447E+04
1.00000E-04	2.38764E+01	4.26365E+04
1.00000E-04	2.41573E+01	4.22443E+04
1.00000E-04	2.44382E+01	4.18389E+04
1.00000E-04	2.47191E+01	4.14520E+04
1.00000E-04	2.50000E+01	4.10660E+04
5.00000E-04	0.00000E+00	3.33191E+04
5.00000E-04	2.80899E-01	3.72736E+04
5.00000E-04	5.61798E-01	5.31033E+04
5.00000E-04	8.42697E-01	6.12210E+04
5.00000E-04	1.12360E+00	6.59656E+04
5.00000E-04	1.40449E+00	6.93365E+04
5.00000E-04	1.68539E+00	7.22838E+04
5.00000E-04	1.96629E+00	7.50807E+04
5.00000E-04	2.24719E+00	7.78353E+04
5.00000E-04	2.52809E+00	8.03591E+04
5.00000E-04	2.80899E+00	8.26610E+04
5.00000E-04	3.08989E+00	8.45846E+04
5.00000E-04	3.37079E+00	8.61674E+04
5.00000E-04	3.65169E+00	8.74100E+04
5.00000E-04	3.93258E+00	8.82166E+04
5.00000E-04	4.21348E+00	8.88812E+04
5.00000E-04	4.49438E+00	8.94626E+04
5.00000E-04	4.77528E+00	8.98182E+04
5.00000E-04	5.05618E+00	8.96833E+04
5.00000E-04	5.33708E+00	8.95383E+04
5.00000E-04	5.61798E+00	8.93533E+04
5.00000E-04	5.89888E+00	8.90073E+04
5.00000E-04	6.17978E+00	8.83871E+04
5.00000E-04	6.46067E+00	8.77964E+04
5.00000E-04	6.74157E+00	8.72482E+04
5.00000E-04	7.02247E+00	8.64072E+04
5.00000E-04	7.30337E+00	8.55138E+04
5.00000E-04	7.58427E+00	8.47308E+04
5.00000E-04	7.86517E+00	8.38987E+04
5.00000E-04	8.14607E+00	8.28655E+04
5.00000E-04	8.42697E+00	8.18242E+04
5.00000E-04	8.70787E+00	8.08512E+04
5.00000E-04	8.98876E+00	7.97878E+04
5.00000E-04	9.26966E+00	7.86621E+04
5.00000E-04	9.55056E+00	7.75865E+04
5.00000E-04	9.83146E+00	7.65528E+04
5.00000E-04	1.01124E+01	7.54259E+04
5.00000E-04	1.03933E+01	7.43177E+04
5.00000E-04	1.06742E+01	7.32881E+04
5.00000E-04	1.09551E+01	7.22330E+04
5.00000E-04	1.12360E+01	7.12004E+04
5.00000E-04	1.15169E+01	7.01848E+04
5.00000E-04	1.17978E+01	6.92061E+04
5.00000E-04	1.20787E+01	6.82418E+04
5.00000E-04	1.23596E+01	6.72784E+04
5.00000E-04	1.26404E+01	6.63552E+04
5.00000E-04	1.29213E+01	6.54678E+04
5.00000E-04	1.32022E+01	6.45950E+04
5.00000E-04	1.34831E+01	6.37372E+04
5.00000E-04	1.37640E+01	6.29229E+04
5.00000E-04	1.40449E+01	6.21371E+04
5.00000E-04	1.43258E+01	6.13434E+04
5.00000E-04	1.46067E+01	6.05965E+04
5.00000E-04	1.48876E+01	5.98638E+04
5.00000E-04	1.51685E+01	5.91443E+04
5.00000E-04	1.54494E+01	5.84431E+04
5.00000E-04	1.57303E+01	5.77687E+04
5.00000E-04	1.60112E+01	5.70961E+04
5.00000E-04	1.62921E+01	5.64372E+04
5.00000E-04	1.65730E+01	5.58051E+04
5.00000E-04	1.68539E+01	5.51767E+04
5.00000E-04	1.71348E+01	5.45651E+04
5.00000E-04	1.74157E+01	5.39471E+04
5.00000E-04	1.76966E+01	5.33622E+04
5.00000E-04	1.79775E+01	5.27892E+04
5.00000E-04	1.82584E+01	5.22271E+04
5.00000E-04	1.85393E+01	5.16533E+04
5.00000E-04	1.88202E+01	5.11042E+04
5.00000E-04	1.91011E+01	5.05673E+04
5.00000E-04	1.93820E+01	5.00246E+04
5.00000E-04	1.96629E+01	4.95132E+04
5.00000E-04	1.99438E+01	4.90131E+04
5.00000E-04	2.02247E+01	4.85008E+04
5.00000E-04	2.05056E+01	4.79966E+04
5.00000E-04	2.07865E+01	4.75241E+04
5.00000E-04	2.10674E+01	4.70277E+04
5.00000E-04	2.13483E+01	4.65606E+04
5.00000E-04	2.16292E+01	4.60896E+04
5.00000E-04	2.19101E+01	4.56365E+04
5.00000E-04	2.21910E+01	4.51938E+04
5.00000E-04	2.24719E+01	4.47488E+04
5.00000E-04	2.27528E+01	4.43089E+04
5.00000E-04	2.30337E+01	4.38928E+04
5.00000E-04	2.33146E+01	4.34686E+04
5.00000E-04	2.35955E+01	4.30447E+04
5.00000E-04	2.38764E+01	4.26365E+04
5.00000E-04	2.41573E+01	4.22443E+04
5.00000E-04	2.44382E+01	4.18389E+04
5.00000E-04	2.47191E+01	4.14520E+04
5.00000E-04	2.50000E+01	4.10660E+04
1.00000E-03	0.00000E+00	2.02480E+04
1.00000E-03	2.80899E-01	3.72732E+04
1.00000E-03	5.61798E-01	5.31034E+04
1.00000E-03	8.42697E-01	6.12263E+04
1.00000E-03	1.12360E+00	6.59554E+04
1.00000E-03	1.40449E+00	6.93332E+04
1.00000E-03	1.68539E+00	7.22842E+04
1.00000E-03	1.96629E+00	7.50806E+04
1.00000E-03	2.24719E+00	7.78347E+04
1.00000E-03	2.52809E+00	8.03587E+04
1.00000E-03	2.80899E+00	8.26610E+04
1.00000E-03	3.08989E+00	8.45948E+04
1.00000E-03	3.37079E+00	8.61688E+04
1.00000E-03	3.65169E+00	8.74027E+04
1.00000E-03	3.93258E+00	8.82241E+04
1.00000E-03	4.21348E+00	8.88745E+04
1.00000E-03	4.49438E+00	8.94590E+04
1.00000E-03	4.77528E+00	8.98159E+04
1.00000E-03	5.05618E+00	8.96866E+04
1.00000E-03	5.33708E+00	8.95382E+04
1.00000E-03	5.61798E+00	8.93533E+04
1.00000E-03	5.89888E+00	8.90032E+04
1.00000E-03	6.17978E+00	8.83871E+04
1.00000E-03	6.46067E+00	8.77964E+04
1.00000E-03	6.74157E+00	8.72463E+04
1.00000E-03	7.02247E+00	8.64071E+04
1.00000E-03	7.30337E+00	8.55140E+04
1.00000E-03	7.58427E+00	8.47308E+04
1.00000E-03	7.86517E+00	8.38987E+04
1.00000E-03	8.14607E+00	8.28654E+04
1.00000E-03	8.42697E+00	8.18242E+04
1.00000E-03	8.70787E+00	8.08512E+04
1.00000E-03	8.98876E+00	7.97893E+04
1.00000E-03	9.26966E+00	7.86621E+04
1.00000E-03	9.55056E+00	7.75865E+04
1.00000E-03	9.83146E+00	7.65528E+04
1.00000E-03	1.01124E+01	7.54259E+04
1.00000E-03	1.03933E+01	7.43173E+04
1.00000E-03	1.06742E+01	7.32881E+04
1.00000E-03	1.09551E+01	7.22330E+04
1.00000E-03	1.12360E+01	7.12004E+04
1.00000E-03	1.15169E+01	7.01848E+04
1.00000E-03	1.17978E+01	6.92061E+04
1.00000E-03	1.20787E+01	6.82418E+04
1.00000E-03	1.23596E+01	6.72784E+04
1.00000E-03	1.26404E+01	6.63552E+04
1.00000E-03	1.29213E+01	6.54678E+04
1.00000E-03	1.32022E+01	6.45950E+04
1.00000E-03	1.34831E+01	6.37372E+04
1.00000E-03	1.37640E+01	6.29229E+04
1.00000E-03	1.40449E+01	6.21371E+04
1.00000E-03	1.43258E+01	6.13434E+04
1.00000E-03	1.46067E+01	6.05965E+04
1.00000E-03	1.48876E+01	5.98638E+04
1.00000E-03	1.51685E+01	5.91443E+04
1.00000E-03	1.54494E+01	5.84431E+04
1.00000E-03	1.57303E+01	5.77687E+04
1.00000E-03	1.60112E+01	5.70961E+04
1.00000E-03	1.62921E+01	5.64372E+04
1.00000E-03	1.65730E+01	5.58051E+04
1.00000E-03	1.68539E+01	5.51767E+04
1.00000E-03	1.71348E+01	5.45651E+04
1.00000E-03	1.74157E+01	5.39475E+04
1.00000E-03	1.76966E+01	5.33622E+04
1.00000E-03	1.79775E+01	5.27892E+04
1.00000E-03	1.82584E+01	5.22271E+04
1.00000E-03	1.85393E+01	5.16533E+04
1.00000E-03	1.88202E+01	5.11042E+04
1.00000E-03	1.91011E+01	5.05676E+04
1.00000E-03	1.93820E+01	5.00246E+04
1.00000E-03	1.96629E+01	4.95132E+04
1.00000E-03	1.99438E+01	4.90097E+04
1.00000E-03	2.02247E+01	4.85008E+04
1.00000E-03	2.05056E+01	4.79966E+04
1.00000E-03	2.07865E+01	4.75241E+04
1.00000E-03	2.10674E+01	4.70277E+04
1.00000E-03	2.13483E+01	4.65606E+04
1.00000E-03	2.16292E+01	4.60896E+04
1.00000E-03	2.19101E+01	4.56365E+04
1.00000E-03	2.21910E+01	4.51938E+04
1.00000E-03	2.24719E+01	4.47488E+04
1.00000E-03	2.27528E+01	4.43089E+04
1.00000E-03	2.30337E+01	4.38928E+04
1.00000E-03	2.33146E+01	4.34686E+04
1.00000E-03	2.35955E+01	4.30447E+04
1.00000E-03	2.38764E+01	4.26365E+04
1.00000E-03	2.41573E+01	4.22443E+04
1.00000E-03	2.44382E+01	4.18389E+04
1.00000E-03	2.47191E+01	4.14520E+04
1.00000E-03	2.50000E+01	4.10660E+04
5.00000E-03	0.00000E+00	1.37145E+04
5.00000E-03	2.80899E-01	3.72734E+04
5.00000E-03	5.61798E-01	5.31035E+04
5.00000E-03	8.42697E-01	6.12274E+04
5.00000E-03	1.12360E+00	6.59485E+04
5.00000E-03	1.40449E+00	6.93255E+04
5.00000E-03	1.68539E+00	7.22853E+04
5.00000E-03	1.96629E+00	7.50770E+04
5.00000E-03	2.24719E+00	7.78270E+04
5.00000E-03	2.52809E+00	8.03576E+04
5.00000E-03	2.80899E+00	8.26600E+04
5.00000E-03	3.08989E+00	8.46094E+04
5.00000E-03	3.37079E+00	8.61727E+04
5.00000E-03	3.65169E+00	8.73803E+04
5.00000E-03	3.93258E+00	8.82467E+04
5.00000E-03	4.21348E+00	8.88690E+04
5.00000E-03	4.49438E+00	8.94313E+04
5.00000E-03	4.77528E+00	8.97968E+04
5.00000E-03	5.05618E+00	8.97033E+04
5.00000E-03	5.33708E+00	8.95300E+04
5.00000E-03	5.61798E+00	8.93602E+04
5.00000E-03	5.89888E+00	8.89866E+04
5.00000E-03	6.17978E+00	8.83778E+04
5.00000E-03	6.46067E+00	8.77974E+04
5.00000E-03	6.74157E+00	8.72270E+04
5.00000E-03	7.02247E+00	8.63974E+04
5.00000E-03	7.30337E+00	8.55140E+04
5.00000E-03	7.58427E+00	8.47296E+04
5.00000E-03	7.86517E+00	8.39020E+04
5.00000E-03	8.14607E+00	8.28572E+04
5.00000E-03	8.42697E+00	8.18233E+04
5.00000E-03	8.70787E+00	8.08513E+04
5.00000E-03	8.98876E+00	7.97906E+04
5.00000E-03	9.26966E+00	7.86584E+04
5.00000E-03	9.55056E+00	7.75865E+04
5.00000E-03	9.83146E+00	7.65511E+04
5.00000E-03	1.01124E+01	7.54247E+04
5.00000E-03	1.03933E+01	7.43170E+04
5.00000E-03	1.06742E+01	7.32880E+04
5.00000E-03	1.09551E+01	7.22332E+04
5.00000E-03	1.12360E+01	7.11932E+04
5.00000E-03	1.15169E+01	7.01808E+04
5.00000E-03	1.17978E+01	6.92062E+04
5.00000E-03	1.20787E+01	6.82347E+04
5.00000E-03	1.23596E+01	6.72781E+04
5.00000E-03	1.26404E+01	6.63555E+04
5.00000E-03	1.29213E+01	6.54741E+04
5.00000E-03	1.32022E+01	6.45949E+04
5.00000E-03	1.34831E+01	6.37401E+04
5.00000E-03	1.37640E+01	6.29279E+04
5.00000E-03	1.40449E+01	6.21370E+04
5.00000E-03	1.43258E+01	6.13434E+04
5.00000E-03	1.46067E+01	6.05965E+04
5.00000E-03	1.48876E+01	5.98644E+04
5.00000E-03	1.51685E+01	5.91443E+04
5.00000E-03	1.54494E+01	5.84431E+04
5.00000E-03	1.57303E+01	5.77685E+04
5.00000E-03	1.60112E+01	5.70963E+04
5.00000E-03	1.62921E+01	5.64380E+04
5.00000E-03	1.65730E+01	5.58043E+04
5.00000E-03	1.68539E+01	5.51767E+04
5.00000E-03	1.71348E+01	5.45651E+04
5.00000E-03	1.74157E+01	5.39517E+04
5.00000E-03	1.76966E+01	5.33634E+04
5.00000E-03	1.79775E+01	5.27892E+04
5.00000E-03	1.82584E+01	5.22266E+04
5.00000E-03	1.85393E+01	5.16533E+04
5.00000E-03	1.88202E+01	5.11044E+04
5.00000E-03	1.91011E+01	5.05684E+04
5.00000E-03	1.93820E+01	5.00246E+04
5.00000E-03	1.96629E+01	4.95132E+04
5.00000E-03	1.99438E+01	4.90051E+04
5.00000E-03	2.02247E+01	4.85008E+04
5.00000E-03	2.05056E+01	4.79970E+04
5.00000E-03	2.07865E+01	4.75231E+04
5.00000E-03	2.10674E+01	4.70277E+04
5.00000E-03	2.13483E+01	4.65606E+04
5.00000E-03	2.16292E+01	4.60896E+04
5.00000E-03	2.19101E+01	4.56365E+04
5.00000E-03	2.21910E+01	4.51938E+04
5.00000E-03	2.24719E+01	4.47488E+04
5.00000E-03	2.27528E+01	4.43089E+04
5.00000E-03	2.30337E+01	4.38925E+04
5.00000E-03	2.33146E+01	4.34679E+04
5.00000E-03	2.35955E+01	4.30447E+04
5.00000E-03	2.38764E+01	4.26368E+04
5.00000E-03	2.41573E+01	4.22430E+04
5.00000E-03	2.44382E+01	4.18389E+04
5.00000E-03	2.47191E+01	4.14520E+04
5.00000E-03	2.50000E+01	4.10660E+04
1.00000E-02	0.00000E+00	1.34755E+04
1.00000E-02	2.80899E-01	3.72742E+04
1.00000E-02	5.61798E-01	5.31036E+04
1.00000E-02	8.42697E-01	6.12274E+04
1.00000E-02	1.12360E+00	6.59485E+04
1.00000E-02	1.40449E+00	6.93256E+04
1.00000E-02	1.68539E+00	7.22853E+04
1.00000E-02	1.96629E+00	7.50770E+04
1.00000E-02	2.24719E+00	7.78269E+04
1.00000E-02	2.52809E+00	8.03577E+04
1.00000E-02	2.80899E+00	8.26600E+04
1.00000E-02	3.08989E+00	8.46098E+04
1.00000E-02	3.37079E+00	8.61727E+04
1.00000E-02	3.65169E+00	8.73789E+04
1.00000E-02	3.93258E+00	8.82487E+04
1.00000E-02	4.21348E+00	8.88690E+04
1.00000E-02	4.49438E+00	8.94263E+04
1.00000E-02	4.77528E+00	8.97943E+04
1.00000E-02	5.05618E+00	8.97047E+04
1.00000E-02	5.33708E+00	8.95272E+04
1.00000E-02	5.61798E+00	8.93633E+04
1.00000E-02	5.89888E+00	8.89846E+04
1.00000E-02	6.17978E+00	8.83722E+04
1.00000E-02	6.46067E+00	8.77981E+04
1.00000E-02	6.74157E+00	8.72224E+04
1.00000E-02	7.02247E+00	8.63946E+04
1.00000E-02	7.30337E+00	8.55136E+04
1.00000E-02	7.58427E+00	8.47296E+04
1.00000E-02	7.86517E+00	8.39034E+04
1.00000E-02	8.14607E+00	8.28492E+04
1.00000E-02	8.42697E+00	8.18199E+04
1.00000E-02	8.70787E+00	8.08526E+04
1.00000E-02	8.98876E+00	7.97909E+04
1.00000E-02	9.26966E+00	7.86544E+04
1.00000E-02	9.55056E+00	7.75861E+04
1.00000E-02	9.83146E+00	7.65469E+04
1.00000E-02	1.01124E+01	7.54210E+04
1.00000E-02	1.03933E+01	7.43171E+04
1.00000E-02	1.06742E+01	7.32862E+04
1.00000E-02	1.09551E+01	7.22355E+04
1.00000E-02	1.12360E+01	7.11874E+04
1.00000E-02	1.15169E+01	7.01763E+04
1.00000E-02	1.17978E+01	6.92059E+04
1.00000E-02	1.20787E+01	6.82310E+04
1.00000E-02	1.23596E+01	6.72756E+04
1.00000E-02	1.26404E+01	6.63579E+04
1.00000E-02	1.29213E+01	6.54774E+04
1.00000E-02	1.32022E+01	6.45951E+04
1.00000E-02	1.34831E+01	6.37434E+04
1.00000E-02	1.37640E+01	6.29319E+04
1.00000E-02	1.40449E+01	6.21355E+04
1.00000E-02	1.43258E+01	6.13445E+04
1.00000E-02	1.46067E+01	6.05965E+04
1.00000E-02	1.48876E+01	5.98662E+04
1.00000E-02	1.51685E+01	5.91446E+04
1.00000E-02	1.54494E+01	5.84430E+04
1.00000E-02	1.57303E+01	5.77669E+04
1.00000E-02	1.60112E+01	5.70975E+04
1.00000E-02	1.62921E+01	5.64392E+04
1.00000E-02	1.65730E+01	5.58019E+04
1.00000E-02	1.68539E+01	5.51768E+04
1.00000E-02	1.71348E+01	5.45650E+04
1.00000E-02	1.74157E+01	5.39528E+04
1.00000E-02	1.76966E+01	5.33645E+04
1.00000E-02	1.79775E+01	5.27892E+04
1.00000E-02	1.82584E+01	5.22237E+04
1.00000E-02	1.85393E+01	5.16535E+04
1.00000E-02	1.88202E+01	5.11058E+04
1.00000E-02	1.91011E+01	5.05684E+04
1.00000E-02	1.93820E+01	5.00254E+04
1.00000E-02	1.96629E+01	4.95132E+04
1.00000E-02	1.99438E+01	4.90044E+04
1.00000E-02	2.02247E+01	4.85002E+04
1.00000E-02	2.05056E+01	4.79981E+04
1.00000E-02	2.07865E+01	4.75199E+04
1.00000E-02	2.10674E+01	4.70283E+04
1.00000E-02	2.13483E+01	4.65605E+04
1.00000E-02	2.16292E+01	4.60902E+04
1.00000E-02	2.19101E+01	4.56366E+04
1.00000E-02	2.21910E+01	4.51938E+04
1.00000E-02	2.24719E+01	4.47487E+04
1.00000E-02	2.27528E+01	4.43092E+04
1.00000E-02	2.30337E+01	4.38909E+04
1.00000E-02	2.33146E+01	4.34665E+04
1.00000E-02	2.35955E+01	4.30448E+04
1.00000E-02	2.38764E+01	4.26380E+04
1.00000E-02	2.41573E+01	4.22408E+04
1.00000E-02	2.44382E+01	4.18389E+04
1.00000E-02	2.47191E+01	4.14519E+04
1.00000E-02	2.50000E+01	4.10660E+04
5.00000E-02	0.00000E+00	1.40448E+04
5.00000E-02	2.80899E-01	3.72980E+04
5.00000E-02	5.61798E-01	5.31088E+04
5.00000E-02	8.42697E-01	6.12295E+04
5.00000E-02	1.12360E+00	6.59499E+04
5.00000E-02	1.40449E+00	6.93274E+04
5.00000E-02	1.68539E+00	7.22863E+04
5.00000E-02	1.96629E+00	7.50778E+04
5.00000E-02	2.24719E+00	7.78267E+04
5.00000E-02	2.52809E+00	8.03582E+04
5.00000E-02	2.80899E+00	8.26604E+04
5.00000E-02	3.08989E+00	8.46100E+04
5.00000E-02	3.37079E+00	8.61729E+04
5.00000E-02	3.65169E+00	8.73790E+04
5.00000E-02	3.93258E+00	8.82486E+04
5.00000E-02	4.21348E+00	8.88692E+04
5.00000E-02	4.49438E+00	8.94257E+04
5.00000E-02	4.77528E+00	8.97932E+04
5.00000E-02	5.05618E+00	8.97048E+04
5.00000E-02	5.33708E+00	8.95272E+04
5.00000E-02	5.61798E+00	8.93635E+04
5.00000E-02	5.89888E+00	8.89845E+04
5.00000E-02	6.17978E+00	8.83715E+04
5.00000E-02	6.46067E+00	8.77981E+04
5.00000E-02	6.74157E+00	8.72215E+04
5.00000E-02	7.02247E+00	8.63944E+04
5.00000E-02	7.30337E+00	8.55136E+04
5.00000E-02	7.58427E+00	8.47296E+04
5.00000E-02	7.86517E+00	8.39031E+04
5.00000E-02	8.14607E+00	8.28459E+04
5.00000E-02	8.42697E+00	8.18183E+04
5.00000E-02	8.70787E+00	8.08538E+04
5.00000E-02	8.98876E+00	7.97912E+04
5.00000E-02	9.26966E+00	7.86535E+04
5.00000E-02	9.55056E+00	7.75858E+04
5.00000E-02	9.83146E+00	7.65446E+04
5.00000E-02	1.01124E+01	7.54188E+04
5.00000E-02	1.03933E+01	7.43175E+04
5.00000E-02	1.06742E+01	7.32825E+04
5.00000E-02	1.09551E+01	7.22411E+04
5.00000E-02	1.12360E+01	7.11835E+04
5.00000E-02	1.15169E+01	7.01736E+04
5.00000E-02	1.17978E+01	6.92059E+04
5.00000E-02	1.20787E+01	6.82292E+04
5.00000E-02	1.23596E+01	6.72708E+04
5.00000E-02	1.26404E+01	6.63627E+04
5.00000E-02	1.29213E+01	6.54789E+04
5.00000E-02	1.32022E+01	6.45952E+04
5.00000E-02	1.34831E+01	6.37453E+04
5.00000E-02	1.37640E+01	6.29346E+04
5.00000E-02	1.40449E+01	6.21321E+04
5.00000E-02	1.43258E+01	6.13465E+04
5.00000E-02	1.46067E+01	6.05941E+04
5.00000E-02	1.48876E+01	5.98672E+04
5.00000E-02	1.51685E+01	5.91452E+04
5.00000E-02	1.54494E+01	5.84412E+04
5.00000E-02	1.57303E+01	5.77643E+04
5.00000E-02	1.60112E+01	5.71001E+04
5.00000E-02	1.62921E+01	5.64396E+04
5.00000E-02	1.65730E+01	5.57995E+04
5.00000E-02	1.68539E+01	5.51772E+04
5.00000E-02	1.71348E+01	5.45609E+04
5.00000E-02	1.74157E+01	5.39531E+04
5.00000E-02	1.76966E+01	5.33648E+04
5.00000E-02	1.79775E+01	5.27886E+04
5.00000E-02	1.82584E+01	5.22159E+04
5.00000E-02	1.85393E+01	5.16542E+04
5.00000E-02	1.88202E+01	5.11072E+04
5.00000E-02	1.91011E+01	5.05684E+04
5.00000E-02	1.93820E+01	5.00328E+04
5.00000E-02	1.96629E+01	4.95122E+04
5.00000E-02	1.99438E+01	4.90038E+04
5.00000E-02	2.02247E+01	4.84972E+04
5.00000E-02	2.05056E+01	4.79987E+04
5.00000E-02	2.07865E+01	4.75139E+04
5.00000E-02	2.10674E+01	4.70339E+04
5.00000E-02	2.13483E+01	4.65580E+04
5.00000E-02	2.16292E+01	4.60935E+04
5.00000E-02	2.19101E+01	4.56403E+04
5.00000E-02	2.21910E+01	4.51917E+04
5.00000E-02	2.24719E+01	4.47469E+04
5.00000E-02	2.27528E+01	4.43127E+04
5.00000E-02	2.30337E+01	4.38875E+04
5.00000E-02	2.33146E+01	4.34650E+04
5.00000E-02	2.35955E+01	4.30482E+04
5.00000E-02	2.38764E+01	4.26404E+04
5.00000E-02	2.41573E+01	4.22382E+04
5.00000E-02	2.44382E+01	4.18395E+04
5.00000E-02	2.47191E+01	4.14486E+04
5.00000E-02	2.50000E+01	4.10660E+04
1.00000E-01	0.00000E+00	1.51004E+04
1.00000E-01	2.80899E-01	3.73644E+04
1.00000E-01	5.61798E-01	5.31238E+04
1.00000E-01	8.42697E-01	6.12351E+04
1.00000E-01	1.12360E+00	6.59537E+04
1.00000E-01	1.40449E+00	6.93317E+04
1.00000E-01	1.68539E+00	7.22890E+04
1.00000E-01	1.96629E+00	7.50801E+04
1.00000E-01	2.24719E+00	7.78268E+04
1.00000E-01	2.52809E+00	8.03598E+04
1.00000E-01	2.80899E+00	8.26617E+04
1.00000E-01	3.08989E+00	8.46105E+04
1.00000E-01	3.37079E+00	8.61737E+04
1.00000E-01	3.65169E+00	8.73795E+04
1.00000E-01	3.93258E+00	8.82482E+04
1.00000E-01	4.21348E+00	8.88695E+04
1.00000E-01	4.49438E+00	8.94259E+04
1.00000E-01	4.77528E+00	8.97908E+04
1.00000E-01	5.05618E+00	8.97050E+04
1.00000E-01	5.33708E+00	8.95274E+04
1.00000E-01	5.61798E+00	8.93633E+04
1.00000E-01	5.89888E+00	8.89847E+04
1.00000E-01	6.17978E+00	8.83717E+04
1.00000E-01	6.46067E+00	8.77982E+04
1.00000E-01	6.74157E+00	8.72216E+04
1.00000E-01	7.02247E+00	8.63945E+04
1.00000E-01	7.30337E+00	8.55137E+04
1.00000E-01	7.58427E+00	8.47297E+04
1.00000E-01	7.86517E+00	8.39023E+04
1.00000E-01	8.14607E+00	8.28459E+04
1.00000E-01	8.42697E+00	8.18184E+04
1.00000E-01	8.70787E+00	8.08538E+04
1.00000E-01	8.98876E+00	7.97912E+04
1.00000E-01	9.26966E+00	7.86535E+04
1.00000E-01	9.55056E+00	7.75858E+04
1.00000E-01	9.83146E+00	7.65441E+04
1.00000E-01	1.01124E+01	7.54188E+04
1.00000E-01	1.03933E+01	7.43175E+04
1.00000E-01	1.06742E+01	7.32824E+04
1.00000E-01	1.09551E+01	7.22411E+04
1.00000E-01	1.12360E+01	7.11835E+04
1.00000E-01	1.15169E+01	7.01736E+04
1.00000E-01	1.17978E+01	6.92058E+04
1.00000E-01	1.20787E+01	6.82292E+04
1.00000E-01	1.23596E+01	6.72708E+04
1.00000E-01	1.26404E+01	6.63627E+04
1.00000E-01	1.29213E+01	6.54789E+04
1.00000E-01	1.32022E+01	6.45952E+04
1.00000E-01	1.34831E+01	6.37453E+04
1.00000E-01	1.37640E+01	6.29346E+04
1.00000E-01	1.40449E+01	6.21320E+04
1.00000E-01	1.43258E+01	6.13465E+04
1.00000E-01	1.46067E+01	6.05939E+04
1.00000E-01	1.48876E+01	5.98672E+04
1.00000E-01	1.51685E+01	5.91452E+04
1.00000E-01	1.54494E+01	5.84412E+04
1.00000E-01	1.57303E+01	5.77642E+04
1.00000E-01	1.60112E+01	5.71001E+04
1.00000E-01	1.62921E+01	5.64396E+04
1.00000E-01	1.65730E+01	5.57996E+04
1.00000E-01	1.68539E+01	5.51772E+04
1.00000E-01	1.71348E+01	5.45607E+04
1.00000E-01	1.74157E+01	5.39531E+04
1.00000E-01	1.76966E+01	5.33648E+04
1.00000E-01	1.79775E+01	5.27886E+04
1.00000E-01	1.82584E+01	5.22157E+04
1.00000E-01	1.85393E+01	5.16542E+04
1.00000E-01	1.88202E+01	5.11071E+04
1.00000E-01	1.91011E+01	5.05683E+04
1.00000E-01	1.93820E+01	5.00331E+04
1.00000E-01	1.96629E+01	4.95122E+04
1.00000E-01	1.99438E+01	4.90037E+04
1.00000E-01	2.02247E+01	4.84972E+04
1.00000E-01	2.05056E+01	4.79987E+04
1.00000E-01	2.07865E+01	4.75137E+04
1.00000E-01	2.10674E+01	4.70341E+04
1.00000E-01	2.13483E+01	4.65579E+04
1.00000E-01	2.16292E+01	4.60935E+04
1.00000E-01	2.19101E+01	4.56405E+04
1.00000E-01	2.21910E+01	4.51916E+04
1.00000E-01	2.24719E+01	4.47469E+04
1.00000E-01	2.27528E+01	4.43128E+04
1.00000E-01	2.30337E+01	4.38875E+04
1.00000E-01	2.33146E+01	4.34650E+04
1.00000E-01	2.35955E+01	4.30484E+04
1.00000E-01	2.38764E+01	4.26404E+04
1.00000E-01	2.41573E+01	4.22382E+04
1.00000E-01	2.44382E+01	4.18395E+04
1.00000E-01	2.47191E+01	4.14485E+04
1.00000E-01	2.50000E+01	4.10660E+04
2.00000E-01	0.00000E+00	1.74173E+04
2.00000E-01	2.80899E-01	3.75858E+04
2.00000E-01	5.61798E-01	5.31775E+04
2.00000E-01	8.42697E-01	6.12553E+04
2.00000E-01	1.12360E+00	6.59669E+04
2.00000E-01	1.40449E+00	6.93455E+04
2.00000E-01	1.68539E+00	7.22988E+04
2.00000E-01	1.96629E+00	7.50891E+04
2.00000E-01	2.24719E+00	7.78299E+04
2.00000E-01	2.52809E+00	8.03648E+04
2.00000E-01	2.80899E+00	8.26661E+04
2.00000E-01	3.08989E+00	8.46122E+04
2.00000E-01	3.37079E+00	8.61762E+04
2.00000E-01	3.65169E+00	8.73814E+04
2.00000E-01	3.93258E+00	8.82477E+04
2.00000E-01	4.21348E+00	8.88707E+04
2.00000E-01	4.49438E+00	8.94267E+04
2.00000E-01	4.77528E+00	8.97851E+04
2.00000E-01	5.05618E+00	8.97056E+04
2.00000E-01	5.33708E+00	8.95281E+04
2.00000E-01	5.61798E+00	8.93622E+04
2.00000E-01	5.89888E+00	8.89851E+04
2.00000E-01	6.17978E+00	8.83721E+04
2.00000E-01	6.46067E+00	8.77987E+04
2.00000E-01	6.74157E+00	8.72210E+04
2.00000E-01	7.02247E+00	8.63946E+04
2.00000E-01	7.30337E+00	8.55141E+04
2.00000E-01	7.58427E+00	8.47298E+04
2.00000E-01	7.86517E+00	8.38997E+04
2.00000E-01	8.14607E+00	8.28461E+04
2.00000E-01	8.42697E+00	8.18186E+04
2.00000E-01	8.70787E+00	8.08537E+04
2.00000E-01	8.98876E+00	7.97908E+04
2.00000E-01	9.26966E+00	7.86536E+04
2.00000E-01	9.55056E+00	7.75859E+04
2.00000E-01	9.83146E+00	7.65425E+04
2.00000E-01	1.01124E+01	7.54186E+04
2.00000E-01	1.03933E+01	7.43176E+04
2.00000E-01	1.06742E+01	7.32820E+04
2.00000E-01	1.09551E+01	7.22411E+04
2.00000E-01	1.12360E+01	7.11835E+04
2.00000E-01	1.15169E+01	7.01737E+04
2.00000E-01	1.17978E+01	6.92055E+04
2.00000E-01	1.20787E+01	6.82289E+04
2.00000E-01	1.23596E+01	6.72709E+04
2.00000E-01	1.26404E+01	6.63627E+04
2.00000E-01	1.29213E+01	6.54788E+04
2.00000E-01	1.32022E+01	6.45952E+04
2.00000E-01	1.34831E+01	6.37454E+04
2.00000E-01	1.37640E+01	6.29344E+04
2.00000E-01	1.40449E+01	6.21319E+04
2.00000E-01	1.43258E+01	6.13465E+04
2.00000E-01	1.46067E+01	6.05939E+04
2.00000E-01	1.48876E+01	5.98672E+04
2.00000E-01	1.51685E+01	5.91452E+04
2.00000E-01	1.54494E+01	5.84413E+04
2.00000E-01	1.57303E+01	5.77641E+04
2.00000E-01	1.60112E+01	5.71000E+04
2.00000E-01	1.62921E+01	5.64396E+04
2.00000E-01	1.65730E+01	5.57995E+04
2.00000E-01	1.68539E+01	5.51772E+04
2.00000E-01	1.71348E+01	5.45606E+04
2.00000E-01	1.74157E+01	5.39531E+04
2.00000E-01	1.76966E+01	5.33647E+04
2.00000E-01	1.79775E+01	5.27885E+04
2.00000E-01	1.82584E+01	5.22157E+04
2.00000E-01	1.85393E+01	5.16542E+04
2.00000E-01	1.88202E+01	5.11071E+04
2.00000E-01	1.91011E+01	5.05683E+04
2.00000E-01	1.93820E+01	5.00331E+04
2.00000E-01	1.96629E+01	4.95122E+04
2.00000E-01	1.99438E+01	4.90037E+04
2.00000E-01	2.02247E+01	4.84972E+04
2.00000E-01	2.05056E+01	4.79987E+04
2.00000E-01	2.07865E+01	4.75137E+04
2.00000E-01	2.10674E+01	4.70341E+04
2.00000E-01	2.13483E+01	4.65579E+04
2.00000E-01	2.16292E+01	4.60935E+04
2.00000E-01	2.19101E+01	4.56405E+04
2.00000E-01	2.21910E+01	4.51916E+04
2.00000E-01	2.24719E+01	4.47469E+04
2.00000E-01	2.27528E+01	4.43128E+04
2.00000E-01	2.30337E+01	4.38874E+04
2.00000E-01	2.33146E+01	4.34649E+04
2.00000E-01	2.35955E+01	4.30484E+04
2.00000E-01	2.38764E+01	4.26404E+04
2.00000E-01	2.41573E+01	4.22382E+04
2.00000E-01	2.44382E+01	4.18395E+04
2.00000E-01	2.47191E+01	4.14485E+04
2.00000E-01	2.50000E+01	4.10660E+04
2.50000E-01	0.00000E+00	1.85660E+04
2.50000E-01	2.80899E-01	3.77255E+04
2.50000E-01	5.61798E-01	5.32124E+04
2.50000E-01	8.42697E-01	6.12690E+04
2.50000E-01	1.12360E+00	6.59760E+04
2.50000E-01	1.40449E+00	6.93545E+04
2.50000E-01	1.68539E+00	7.23058E+04
2.50000E-01	1.96629E+00	7.50954E+04
2.50000E-01	2.24719E+00	7.78330E+04
2.50000E-01	2.52809E+00	8.03682E+04
2.50000E-01	2.80899E+00	8.26690E+04
2.50000E-01	3.08989E+00	8.46135E+04
2.50000E-01	3.37079E+00	8.61778E+04
2.50000E-01	3.65169E+00	8.73825E+04
2.50000E-01	3.93258E+00	8.82477E+04
2.50000E-01	4.21348E+00	8.88716E+04
2.50000E-01	4.49438E+00	8.94272E+04
2.50000E-01	4.77528E+00	8.97823E+04
2.50000E-01	5.05618E+00	8.97059E+04
2.50000E-01	5.33708E+00	8.95286E+04
2.50000E-01	5.61798E+00	8.93614E+04
2.50000E-01	5.89888E+00	8.89850E+04
2.50000E-01	6.17978E+00	8.83724E+04
2.50000E-01	6.46067E+00	8.77990E+04
2.50000E-01	6.74157E+00	8.72202E+04
2.50000E-01	7.02247E+00	8.63946E+04
2.50000E-01	7.30337E+00	8.55144E+04
2.50000E-01	7.58427E+00	8.47297E+04
2.50000E-01	7.86517E+00	8.38979E+04
2.50000E-01	8.14607E+00	8.28462E+04
2.50000E-01	8.42697E+00	8.18187E+04
2.50000E-01	8.70787E+00	8.08536E+04
2.50000E-01	8.98876E+00	7.97904E+04
2.50000E-01	9.26966E+00	7.86537E+04
2.50000E-01	9.55056E+00	7.75860E+04
2.50000E-01	9.83146E+00	7.65415E+04
2.50000E-01	1.01124E+01	7.54185E+04
2.50000E-01	1.03933E+01	7.43177E+04
2.50000E-01	1.06742E+01	7.32817E+04
2.50000E-01	1.09551E+01	7.22410E+04
2.50000E-01	1.12360E+01	7.11835E+04
2.50000E-01	1.15169E+01	7.01737E+04
2.50000E-01	1.17978E+01	6.92052E+04
2.50000E-01	1.20787E+01	6.82288E+04
2.50000E-01	1.23596E+01	6.72709E+04
2.50000E-01	1.26404E+01	6.63627E+04
2.50000E-01	1.29213E+01	6.54787E+04
2.50000E-01	1.32022E+01	6.45952E+04
2.50000E-01	1.34831E+01	6.37454E+04
2.50000E-01	1.37640E+01	6.29343E+04
2.50000E-01	1.40449E+01	6.21318E+04
2.50000E-01	1.43258E+01	6.13465E+04
2.50000E-01	1.46067E+01	6.05939E+04
2.50000E-01	1.48876E+01	5.98671E+04
2.50000E-01	1.51685E+01	5.91452E+04
2.50000E-01	1.54494E+01	5.84413E+04
2.50000E-01	1.57303E+01	5.77641E+04
2.50000E-01	1.60112E+01	5.70999E+04
2.50000E-01	1.62921E+01	5.64396E+04
2.50000E-01	1.65730E+01	5.57995E+04
2.50000E-01	1.68539E+01	5.51772E+04
2.50000E-01	1.71348E+01	5.45606E+04
2.50000E-01	1.74157E+01	5.39531E+04
2.50000E-01	1.76966E+01	5.33647E+04
2.50000E-01	1.79775E+01	5.27884E+04
2.50000E-01	1.82584E+01	5.22157E+04
2.50000E-01	1.85393E+01	5.16542E+04
2.50000E-01	1.88202E+01	5.11071E+04
2.50000E-01	1.91011E+01	5.05682E+04
2.50000E-01	1.93820E+01	5.00331E+04
2.50000E-01	1.96629E+01	4.95122E+04
2.50000E-01	1.99438E+01	4.90036E+04
2.50000E-01	2.02247E+01	4.84972E+04
2.50000E-01	2.05056E+01	4.79987E+04
2.50000E-01	2.07865E+01	4.75137E+04
2.50000E-01	2.10674E+01	4.70341E+04
2.50000E-01	2.13483E+01	4.65579E+04
2.50000E-01	2.16292E+01	4.60935E+04
2.50000E-01	2.19101E+01	4.56405E+04
2.50000E-01	2.21910E+01	4.51915E+04
2.50000E-01	2.24719E+01	4.47469E+04
2.50000E-01	2.27528E+01	4.43128E+04
2.50000E-01	2.30337E+01	4.38874E+04
2.50000E-01	2.33146E+01	4.34649E+04
2.50000E-01	2.35955E+01	4.30484E+04
2.50000E-01	2.38764E+01	4.26403E+04
2.50000E-01	2.41573E+01	4.22382E+04
2.50000E-01	2.44382E+01	4.18395E+04
2.50000E-01	2.47191E+01	4.14484E+04
2.50000E-01	2.50000E+01	4.10660E+04
3.00000E-01	0.00000E+00	1.96961E+04
3.00000E-01	2.80899E-01	3.78830E+04
3.00000E-01	5.61798E-01	5.32505E+04
3.00000E-01	8.42697E-01	6.12846E+04
3.00000E-01	1.12360E+00	6.59866E+04
3.00000E-01	1.40449E+00	6.93648E+04
3.00000E-01	1.68539E+00	7.23139E+04
3.00000E-01	1.96629E+00	7.51029E+04
3.00000E-01	2.24719E+00	7.78372E+04
3.00000E-01	2.52809E+00	8.03723E+04
3.00000E-01	2.80899E+00	8.26721E+04
3.00000E-01	3.08989E+00	8.46153E+04
3.00000E-01	3.37079E+00	8.61796E+04
3.00000E-01	3.65169E+00	8.73837E+04
3.00000E-01	3.93258E+00	8.82478E+04
3.00000E-01	4.21348E+00	8.88727E+04
3.00000E-01	4.49438E+00	8.94277E+04
3.00000E-01	4.77528E+00	8.97796E+04
3.00000E-01	5.05618E+00	8.97063E+04
3.00000E-01	5.33708E+00	8.95292E+04
3.00000E-01	5.61798E+00	8.93605E+04
3.00000E-01	5.89888E+00	8.89847E+04
3.00000E-01	6.17978E+00	8.83728E+04
3.00000E-01	6.46067E+00	8.77993E+04
3.00000E-01	6.74157E+00	8.72191E+04
3.00000E-01	7.02247E+00	8.63945E+04
3.00000E-01	7.30337E+00	8.55147E+04
3.00000E-01	7.58427E+00	8.47295E+04
3.00000E-01	7.86517E+00	8.38960E+04
3.00000E-01	8.14607E+00	8.28463E+04
3.00000E-01	8.42697E+00	8.18189E+04
3.00000E-01	8.70787E+00	8.08532E+04
3.00000E-01	8.98876E+00	7.97899E+04
3.00000E-01	9.26966E+00	7.86538E+04
3.00000E-01	9.55056E+00	7.75860E+04
3.00000E-01	9.83146E+00	7.65404E+04
3.00000E-01	1.01124E+01	7.54182E+04
3.00000E-01	1.03933E+01	7.43177E+04
3.00000E-01	1.06742E+01	7.32814E+04
3.00000E-01	1.09551E+01	7.22409E+04
3.00000E-01	1.12360E+01	7.11836E+04
3.00000E-01	1.15169E+01	7.01737E+04
3.00000E-01	1.17978E+01	6.92050E+04
3.00000E-01	1.20787E+01	6.82286E+04
3.00000E-01	1.23596E+01	6.72709E+04
3.00000E-01	1.26404E+01	6.63627E+04
3.00000E-01	1.29213E+01	6.54786E+04
3.00000E-01	1.32022E+01	6.45952E+04
3.00000E-01	1.34831E+01	6.37454E+04
3.00000E-01	1.37640E+01	6.29342E+04
3.00000E-01	1.40449E+01	6.21317E+04
3.00000E-01	1.43258E+01	6.13465E+04
3.00000E-01	1.46067E+01	6.05939E+04
3.00000E-01	1.48876E+01	5.98670E+04
3.00000E-01	1.51685E+01	5.91452E+04
3.00000E-01	1.54494E+01	5.84413E+04
3.00000E-01	1.57303E+01	5.77640E+04
3.00000E-01	1.60112E+01	5.70998E+04
3.00000E-01	1.62921E+01	5.64396E+04
3.00000E-01	1.65730E+01	5.57995E+04
3.00000E-01	1.68539E+01	5.51772E+04
3.00000E-01	1.71348E+01	5.45605E+04
3.00000E-01	1.74157E+01	5.39531E+04
3.00000E-01	1.76966E+01	5.33647E+04
3.00000E-01	1.79775E+01	5.27884E+04
3.00000E-01	1.82584E+01	5.22157E+04
3.00000E-01	1.85393E+01	5.16542E+04
3.00000E-01	1.88202E+01	5.11071E+04
3.00000E-01	1.91011E+01	5.05681E+04
3.00000E-01	1.93820E+01	5.00331E+04
3.00000E-01	1.96629E+01	4.95121E+04
3.00000E-01	1.99438E+01	4.90036E+04
3.00000E-01	2.02247E+01	4.84972E+04
3.00000E-01	2.05056E+01	4.79987E+04
3.00000E-01	2.07865E+01	4.75136E+04
3.00000E-01	2.10674E+01	4.70340E+04
3.00000E-01	2.13483E+01	4.65579E+04
3.00000E-01	2.16292E+01	4.60935E+04
3.00000E-01	2.19101E+01	4.56404E+04
3.00000E-01	2.21910E+01	4.51915E+04
3.00000E-01	2.24719E+01	4.47469E+04
3.00000E-01	2.27528E+01	4.43128E+04
3.00000E-01	2.30337E+01	4.38874E+04
3.00000E-01	2.33146E+01	4.34649E+04
3.00000E-01	2.35955E+01	4.30484E+04
3.00000E-01	2.38764E+01	4.26403E+04
3.00000E-01	2.41573E+01	4.22381E+04
3.00000E-01	2.44382E+01	4.18395E+04
3.00000E-01	2.47191E+01	4.14484E+04
3.00000E-01	2.50000E+01	4.10660E+04
4.00000E-01	0.00000E+00	2.18986E+04
4.00000E-01	2.80899E-01	3.83045E+04
4.00000E-01	5.61798E-01	5.33300E+04
4.00000E-01	8.42697E-01	6.13192E+04
4.00000E-01	1.12360E+00	6.60112E+04
4.00000E-01	1.40449E+00	6.93887E+04
4.00000E-01	1.68539E+00	7.23337E+04
4.00000E-01	1.96629E+00	7.51210E+04
4.00000E-01	2.24719E+00	7.78484E+04
4.00000E-01	2.52809E+00	8.03826E+04
4.00000E-01	2.80899E+00	8.26791E+04
4.00000E-01	3.08989E+00	8.46196E+04
4.00000E-01	3.37079E+00	8.61833E+04
4.00000E-01	3.65169E+00	8.73859E+04
4.00000E-01	3.93258E+00	8.82486E+04
4.00000E-01	4.21348E+00	8.88751E+04
4.00000E-01	4.49438E+00	8.94286E+04
4.00000E-01	4.77528E+00	8.97741E+04
4.00000E-01	5.05618E+00	8.97068E+04
4.00000E-01	5.33708E+00	8.95306E+04
4.00000E-01	5.61798E+00	8.93586E+04
4.00000E-01	5.89888E+00	8.89830E+04
4.00000E-01	6.17978E+00	8.83737E+04
4.00000E-01	6.46067E+00	8.77999E+04
4.00000E-01	6.74157E+00	8.72160E+04
4.00000E-01	7.02247E+00	8.63939E+04
4.00000E-01	7.30337E+00	8.55154E+04
4.00000E-01	7.58427E+00	8.47289E+04
4.00000E-01	7.86517E+00	8.38918E+04
4.00000E-01	8.14607E+00	8.28464E+04
4.00000E-01	8.42697E+00	8.18193E+04
4.00000E-01	8.70787E+00	8.08520E+04
4.00000E-01	8.98876E+00	7.97886E+04
4.00000E-01	9.26966E+00	7.86541E+04
4.00000E-01	9.55056E+00	7.75859E+04
4.00000E-01	9.83146E+00	7.65380E+04
4.00000E-01	1.01124E+01	7.54177E+04
4.00000E-01	1.03933E+01	7.43179E+04
4.00000E-01	1.06742E+01	7.32807E+04
4.00000E-01	1.09551E+01	7.22403E+04
4.00000E-01	1.12360E+01	7.11836E+04
4.00000E-01	1.15169E+01	7.01737E+04
4.00000E-01	1.17978E+01	6.92042E+04
4.00000E-01	1.20787E+01	6.82282E+04
4.00000E-01	1.23596E+01	6.72710E+04
4.00000E-01	1.26404E+01	6.63626E+04
4.00000E-01	1.29213E+01	6.54782E+04
4.00000E-01	1.32022E+01	6.45952E+04
4.00000E-01	1.34831E+01	6.37455E+04
4.00000E-01	1.37640E+01	6.29338E+04
4.00000E-01	1.40449E+01	6.21315E+04
4.00000E-01	1.43258E+01	6.13465E+04
4.00000E-01	1.46067E+01	6.05939E+04
4.00000E-01	1.48876E+01	5.98668E+04
4.00000E-01	1.51685E+01	5.91452E+04
4.00000E-01	1.54494E+01	5.84413E+04
4.00000E-01	1.57303E+01	5.77638E+04
4.00000E-01	1.60112E+01	5.70995E+04
4.00000E-01	1.62921E+01	5.64396E+04
4.00000E-01	1.65730E+01	5.57995E+04
4.00000E-01	1.68539E+01	5.51770E+04
4.00000E-01	1.71348E+01	5.45604E+04
4.00000E-01	1.74157E+01	5.39530E+04
4.00000E-01	1.76966E+01	5.33646E+04
4.00000E-01	1.79775E+01	5.27882E+04
4.00000E-01	1.82584E+01	5.22156E+04
4.00000E-01	1.85393E+01	5.16542E+04
4.00000E-01	1.88202E+01	5.11070E+04
4.00000E-01	1.91011E+01	5.05680E+04
4.00000E-01	1.93820E+01	5.00331E+04
4.00000E-01	1.96629E+01	4.95121E+04
4.00000E-01	1.99438E+01	4.90034E+04
4.00000E-01	2.02247E+01	4.84971E+04
4.00000E-01	2.05056E+01	4.79987E+04
4.00000E-01	2.07865E+01	4.75135E+04
4.00000E-01	2.10674E+01	4.70339E+04
4.00000E-01	2.13483E+01	4.65579E+04
4.00000E-01	2.16292E+01	4.60935E+04
4.00000E-01	2.19101E+01	4.56403E+04
4.00000E-01	2.21910E+01	4.51914E+04
4.00000E-01	2.24719E+01	4.47468E+04
4.00000E-01	2.27528E+01	4.43128E+04
4.00000E-01	2.30337E+01	4.38873E+04
4.00000E-01	2.33146E+01	4.34649E+04
4.00000E-01	2.35955E+01	4.30484E+04
4.00000E-01	2.38764E+01	4.26403E+04
4.00000E-01	2.41573E+01	4.22380E+04
4.00000E-01	2.44382E+01	4.18395E+04
4.00000E-01	2.47191E+01	4.14484E+04
4.00000E-01	2.50000E+01	4.10660E+04
5.00000E-01	0.00000E+00	2.40261E+04
5.00000E-01	2.80899E-01	3.89544E+04
5.00000E-01	5.61798E-01	5.34077E+04
5.00000E-01	8.42697E-01	6.13550E+04
5.00000E-01	1.12360E+00	6.60391E+04
5.00000E-01	1.40449E+00	6.94161E+04
5.00000E-01	1.68539E+00	7.23575E+04
5.00000E-01	1.96629E+00	7.51427E+04
5.00000E-01	2.24719E+00	7.78631E+04
5.00000E-01	2.52809E+00	8.03951E+04
5.00000E-01	2.80899E+00	8.26870E+04
5.00000E-01	3.08989E+00	8.46248E+04
5.00000E-01	3.37079E+00	8.61871E+04
5.00000E-01	3.65169E+00	8.73879E+04
5.00000E-01	3.93258E+00	8.82497E+04
5.00000E-01	4.21348E+00	8.88781E+04
5.00000E-01	4.49438E+00	8.94294E+04
5.00000E-01	4.77528E+00	8.97686E+04
5.00000E-01	5.05618E+00	8.97070E+04
5.00000E-01	5.33708E+00	8.95322E+04
5.00000E-01	5.61798E+00	8.93564E+04
5.00000E-01	5.89888E+00	8.89801E+04
5.00000E-01	6.17978E+00	8.83747E+04
5.00000E-01	6.46067E+00	8.78003E+04
5.00000E-01	6.74157E+00	8.72120E+04
5.00000E-01	7.02247E+00	8.63929E+04
5.00000E-01	7.30337E+00	8.55163E+04
5.00000E-01	7.58427E+00	8.47279E+04
5.00000E-01	7.86517E+00	8.38871E+04
5.00000E-01	8.14607E+00	8.28463E+04
5.00000E-01	8.42697E+00	8.18197E+04
5.00000E-01	8.70787E+00	8.08502E+04
5.00000E-01	8.98876E+00	7.97868E+04
5.00000E-01	9.26966E+00	7.86543E+04
5.00000E-01	9.55056E+00	7.75857E+04
5.00000E-01	9.83146E+00	7.65355E+04
5.00000E-01	1.01124E+01	7.54169E+04
5.00000E-01	1.03933E+01	7.43181E+04
5.00000E-01	1.06742E+01	7.32799E+04
5.00000E-01	1.09551E+01	7.22394E+04
5.00000E-01	1.12360E+01	7.11837E+04
5.00000E-01	1.15169E+01	7.01737E+04
5.00000E-01	1.17978E+01	6.92033E+04
5.00000E-01	1.20787E+01	6.82277E+04
5.00000E-01	1.23596E+01	6.72711E+04
5.00000E-01	1.26404E+01	6.63625E+04
5.00000E-01	1.29213E+01	6.54777E+04
5.00000E-01	1.32022E+01	6.45952E+04
5.00000E-01	1.34831E+01	6.37455E+04
5.00000E-01	1.37640E+01	6.29333E+04
5.00000E-01	1.40449E+01	6.21313E+04
5.00000E-01	1.43258E+01	6.13465E+04
5.00000E-01	1.46067E+01	6.05938E+04
5.00000E-01	1.48876E+01	5.98664E+04
5.00000E-01	1.51685E+01	5.91451E+04
5.00000E-01	1.54494E+01	5.84413E+04
5.00000E-01	1.57303E+01	5.77636E+04
5.00000E-01	1.60112E+01	5.70991E+04
5.00000E-01	1.62921E+01	5.64396E+04
5.00000E-01	1.65730E+01	5.57994E+04
5.00000E-01	1.68539E+01	5.51768E+04
5.00000E-01	1.71348E+01	5.45602E+04
5.00000E-01	1.74157E+01	5.39530E+04
5.00000E-01	1.76966E+01	5.33644E+04
5.00000E-01	1.79775E+01	5.27879E+04
5.00000E-01	1.82584E+01	5.22155E+04
5.00000E-01	1.85393E+01	5.16542E+04
5.00000E-01	1.88202E+01	5.11069E+04
5.00000E-01	1.91011E+01	5.05677E+04
5.00000E-01	1.93820E+01	5.00331E+04
5.00000E-01	1.96629E+01	4.95121E+04
5.00000E-01	1.99438E+01	4.90032E+04
5.00000E-01	2.02247E+01	4.84970E+04
5.00000E-01	2.05056E+01	4.79987E+04
5.00000E-01	2.07865E+01	4.75134E+04
5.00000E-01	2.10674E+01	4.70338E+04
5.00000E-01	2.13483E+01	4.65579E+04
5.00000E-01	2.16292E+01	4.60935E+04
5.00000E-01	2.19101E+01	4.56402E+04
5.00000E-01	2.21910E+01	4.51913E+04
5.00000E-01	2.24719E+01	4.47468E+04
5.00000E-01	2.27528E+01	4.43127E+04
5.00000E-01	2.30337E+01	4.38871E+04
5.00000E-01	2.33146E+01	4.34648E+04
5.00000E-01	2.35955E+01	4.30484E+04
5.00000E-01	2.38764E+01	4.26402E+04
5.00000E-01	2.41573E+01	4.22379E+04
5.00000E-01	2.44382E+01	4.18395E+04
5.00000E-01	2.47191E+01	4.14484E+04
5.00000E-01	2.50000E+01	4.10660E+04
6.00000E-01	0.00000E+00	2.60781E+04
6.00000E-01	2.80899E-01	3.98172E+04
6.00000E-01	5.61798E-01	5.34868E+04
6.00000E-01	8.42697E-01	6.13879E+04
6.00000E-01	1.12360E+00	6.60681E+04
6.00000E-01	1.40449E+00	6.94462E+04
6.00000E-01	1.68539E+00	7.23847E+04
6.00000E-01	1.96629E+00	7.51677E+04
6.00000E-01	2.24719E+00	7.78809E+04
6.00000E-01	2.52809E+00	8.04098E+04
6.00000E-01	2.80899E+00	8.26959E+04
6.00000E-01	3.08989E+00	8.46307E+04
6.00000E-01	3.37079E+00	8.61909E+04
6.00000E-01	3.65169E+00	8.73897E+04
6.00000E-01	3.93258E+00	8.82511E+04
6.00000E-01	4.21348E+00	8.88815E+04
6.00000E-01	4.49438E+00	8.94300E+04
6.00000E-01	4.77528E+00	8.97628E+04
6.00000E-01	5.05618E+00	8.97069E+04
6.00000E-01	5.33708E+00	8.95339E+04
6.00000E-01	5.61798E+00	8.93538E+04
6.00000E-01	5.89888E+00	8.89762E+04
6.00000E-01	6.17978E+00	8.83757E+04
6.00000E-01	6.46067E+00	8.78005E+04
6.00000E-01	6.74157E+00	8.72072E+04
6.00000E-01	7.02247E+00	8.63915E+04
6.00000E-01	7.30337E+00	8.55173E+04
6.00000E-01	7.58427E+00	8.47265E+04
6.00000E-01	7.86517E+00	8.38818E+04
6.00000E-01	8.14607E+00	8.28459E+04
6.00000E-01	8.42697E+00	8.18200E+04
6.00000E-01	8.70787E+00	8.08476E+04
6.00000E-01	8.98876E+00	7.97846E+04
6.00000E-01	9.26966E+00	7.86546E+04
6.00000E-01	9.55056E+00	7.75852E+04
6.00000E-01	9.83146E+00	7.65327E+04
6.00000E-01	1.01124E+01	7.54161E+04
6.00000E-01	1.03933E+01	7.43182E+04
6.00000E-01	1.06742E+01	7.32789E+04
6.00000E-01	1.09551E+01	7.22382E+04
6.00000E-01	1.12360E+01	7.11836E+04
6.00000E-01	1.15169E+01	7.01736E+04
6.00000E-01	1.17978E+01	6.92023E+04
6.00000E-01	1.20787E+01	6.82272E+04
6.00000E-01	1.23596E+01	6.72712E+04
6.00000E-01	1.26404E+01	6.63623E+04
6.00000E-01	1.29213E+01	6.54770E+04
6.00000E-01	1.32022E+01	6.45951E+04
6.00000E-01	1.34831E+01	6.37455E+04
6.00000E-01	1.37640E+01	6.29328E+04
6.00000E-01	1.40449E+01	6.21310E+04
6.00000E-01	1.43258E+01	6.13466E+04
6.00000E-01	1.46067E+01	6.05938E+04
6.00000E-01	1.48876E+01	5.98660E+04
6.00000E-01	1.51685E+01	5.91449E+04
6.00000E-01	1.54494E+01	5.84413E+04
6.00000E-01	1.57303E+01	5.77634E+04
6.00000E-01	1.60112E+01	5.70987E+04
6.00000E-01	1.62921E+01	5.64395E+04
6.00000E-01	1.65730E+01	5.57993E+04
6.00000E-01	1.68539E+01	5.51766E+04
6.00000E-01	1.71348E+01	5.45600E+04
6.00000E-01	1.74157E+01	5.39530E+04
6.00000E-01	1.76966E+01	5.33643E+04
6.00000E-01	1.79775E+01	5.27876E+04
6.00000E-01	1.82584E+01	5.22154E+04
6.00000E-01	1.85393E+01	5.16541E+04
6.00000E-01	1.88202E+01	5.11068E+04
6.00000E-01	1.91011E+01	5.05675E+04
6.00000E-01	1.93820E+01	5.00330E+04
6.00000E-01	1.96629E+01	4.95120E+04
6.00000E-01	1.99438E+01	4.90029E+04
6.00000E-01	2.02247E+01	4.84969E+04
6.00000E-01	2.05056E+01	4.79987E+04
6.00000E-01	2.07865E+01	4.75133E+04
6.00000E-01	2.10674E+01	4.70336E+04
6.00000E-01	2.13483E+01	4.65578E+04
6.00000E-01	2.16292E+01	4.60934E+04
6.00000E-01	2.19101E+01	4.56401E+04
6.00000E-01	2.21910E+01	4.51912E+04
6.00000E-01	2.24719E+01	4.47468E+04
6.00000E-01	2.27528E+01	4.43127E+04
6.00000E-01	2.30337E+01	4.38870E+04
6.00000E-01	2.33146E+01	4.34647E+04
6.00000E-01	2.35955E+01	4.30483E+04
6.00000E-01	2.38764E+01	4.26401E+04
6.00000E-01	2.41573E+01	4.22378E+04
6.00000E-01	2.44382E+01	4.18394E+04
6.00000E-01	2.47191E+01	4.14484E+04
6.00000E-01	2.50000E+01	4.10660E+04
7.00000E-01	0.00000E+00	2.80514E+04
7.00000E-01	2.80899E-01	4.07789E+04
7.00000E-01	5.61798E-01	5.35864E+04
7.00000E-01	8.42697E-01	6.14150E+04
7.00000E-01	1.12360E+00	6.60964E+04
7.00000E-01	1.40449E+00	6.94779E+04
7.00000E-01	1.68539E+00	7.24147E+04
7.00000E-01	1.96629E+00	7.51955E+04
7.00000E-01	2.24719E+00	7.79012E+04
7.00000E-01	2.52809E+00	8.04262E+04
7.00000E-01	2.80899E+00	8.27058E+04
7.00000E-01	3.08989E+00	8.46370E+04
7.00000E-01	3.37079E+00	8.61946E+04
7.00000E-01	3.65169E+00	8.73912E+04
7.00000E-01	3.93258E+00	8.82526E+04
7.00000E-01	4.21348E+00	8.88852E+04
7.00000E-01	4.49438E+00	8.94302E+04
7.00000E-01	4.77528E+00	8.97566E+04
7.00000E-01	5.05618E+00	8.97065E+04
7.00000E-01	5.33708E+00	8.95356E+04
7.00000E-01	5.61798E+00	8.93507E+04
7.00000E-01	5.89888E+00	8.89715E+04
7.00000E-01	6.17978E+00	8.83765E+04
7.00000E-01	6.46067E+00	8.78004E+04
7.00000E-01	6.74157E+00	8.72017E+04
7.00000E-01	7.02247E+00	8.63897E+04
7.00000E-01	7.30337E+00	8.55183E+04
7.00000E-01	7.58427E+00	8.47247E+04
7.00000E-01	7.86517E+00	8.38761E+04
7.00000E-01	8.14607E+00	8.28452E+04
7.00000E-01	8.42697E+00	8.18202E+04
7.00000E-01	8.70787E+00	8.08446E+04
7.00000E-01	8.98876E+00	7.97819E+04
7.00000E-01	9.26966E+00	7.86547E+04
7.00000E-01	9.55056E+00	7.75845E+04
7.00000E-01	9.83146E+00	7.65297E+04
7.00000E-01	1.01124E+01	7.54151E+04
7.00000E-01	1.03933E+01	7.43183E+04
7.00000E-01	1.06742E+01	7.32777E+04
7.00000E-01	1.09551E+01	7.22367E+04
7.00000E-01	1.12360E+01	7.11835E+04
7.00000E-01	1.15169E+01	7.01734E+04
7.00000E-01	1.17978E+01	6.92011E+04
7.00000E-01	1.20787E+01	6.82265E+04
7.00000E-01	1.23596E+01	6.72712E+04
7.00000E-01	1.26404E+01	6.63619E+04
7.00000E-01	1.29213E+01	6.54762E+04
7.00000E-01	1.32022E+01	6.45950E+04
7.00000E-01	1.34831E+01	6.37456E+04
7.00000E-01	1.37640E+01	6.29322E+04
7.00000E-01	1.40449E+01	6.21306E+04
7.00000E-01	1.43258E+01	6.13466E+04
7.00000E-01	1.46067E+01	6.05937E+04
7.00000E-01	1.48876E+01	5.98655E+04
7.00000E-01	1.51685E+01	5.91448E+04
7.00000E-01	1.54494E+01	5.84413E+04
7.00000E-01	1.57303E+01	5.77631E+04
7.00000E-01	1.60112E+01	5.70983E+04
7.00000E-01	1.62921E+01	5.64394E+04
7.00000E-01	1.65730E+01	5.57992E+04
7.00000E-01	1.68539E+01	5.51762E+04
7.00000E-01	1.71348E+01	5.45598E+04
7.00000E-01	1.74157E+01	5.39530E+04
7.00000E-01	1.76966E+01	5.33641E+04
7.00000E-01	1.79775E+01	5.27873E+04
7.00000E-01	1.82584E+01	5.22153E+04
7.00000E-01	1.85393E+01	5.16540E+04
7.00000E-01	1.88202E+01	5.11066E+04
7.00000E-01	1.91011E+01	5.05672E+04
7.00000E-01	1.93820E+01	5.00330E+04
7.00000E-01	1.96629E+01	4.95120E+04
7.00000E-01	1.99438E+01	4.90027E+04
7.00000E-01	2.02247E+01	4.84967E+04
7.00000E-01	2.05056E+01	4.79986E+04
7.00000E-01	2.07865E+01	4.75131E+04
7.00000E-01	2.10674E+01	4.70334E+04
7.00000E-01	2.13483E+01	4.65578E+04
7.00000E-01	2.16292E+01	4.60934E+04
7.00000E-01	2.19101E+01	4.56399E+04
7.00000E-01	2.21910E+01	4.51910E+04
7.00000E-01	2.24719E+01	4.47468E+04
7.00000E-01	2.27528E+01	4.43126E+04
7.00000E-01	2.30337E+01	4.38868E+04
7.00000E-01	2.33146E+01	4.34646E+04
7.00000E-01	2.35955E+01	4.30483E+04
7.00000E-01	2.38764E+01	4.26400E+04
7.00000E-01	2.41573E+01	4.22376E+04
7.00000E-01	2.44382E+01	4.18394E+04
7.00000E-01	2.47191E+01	4.14484E+04
7.00000E-01	2.50000E+01	4.10659E+04
8.00000E-01	0.00000E+00	2.99423E+04
8.00000E-01	2.80899E-01	4.17339E+04
8.00000E-01	5.61798E-01	5.37334E+04
8.00000E-01	8.42697E-01	6.14360E+04
8.00000E-01	1.12360E+00	6.61222E+04
8.00000E-01	1.40449E+00	6.95103E+04
8.00000E-01	1.68539E+00	7.24468E+04
8.00000E-01	1.96629E+00	7.52256E+04
8.00000E-01	2.24719E+00	7.79238E+04
8.00000E-01	2.52809E+00	8.04439E+04
8.00000E-01	2.80899E+00	8.27165E+04
8.00000E-01	3.08989E+00	8.46435E+04
8.00000E-01	3.37079E+00	8.61983E+04
8.00000E-01	3.65169E+00	8.73925E+04
8.00000E-01	3.93258E+00	8.82541E+04
8.00000E-01	4.21348E+00	8.88890E+04
8.00000E-01	4.49438E+00	8.94300E+04
8.00000E-01	4.77528E+00	8.97500E+04
8.00000E-01	5.05618E+00	8.97057E+04
8.00000E-01	5.33708E+00	8.95371E+04
8.00000E-01	5.61798E+00	8.93471E+04
8.00000E-01	5.89888E+00	8.89662E+04
8.00000E-01	6.17978E+00	8.83772E+04
8.00000E-01	6.46067E+00	8.78000E+04
8.00000E-01	6.74157E+00	8.71957E+04
8.00000E-01	7.02247E+00	8.63875E+04
8.00000E-01	7.30337E+00	8.55192E+04
8.00000E-01	7.58427E+00	8.47226E+04
8.00000E-01	7.86517E+00	8.38699E+04
8.00000E-01	8.14607E+00	8.28442E+04
8.00000E-01	8.42697E+00	8.18202E+04
8.00000E-01	8.70787E+00	8.08410E+04
8.00000E-01	8.98876E+00	7.97788E+04
8.00000E-01	9.26966E+00	7.86546E+04
8.00000E-01	9.55056E+00	7.75836E+04
8.00000E-01	9.83146E+00	7.65265E+04
8.00000E-01	1.01124E+01	7.54139E+04
8.00000E-01	1.03933E+01	7.43183E+04
8.00000E-01	1.06742E+01	7.32763E+04
8.00000E-01	1.09551E+01	7.22351E+04
8.00000E-01	1.12360E+01	7.11833E+04
8.00000E-01	1.15169E+01	7.01731E+04
8.00000E-01	1.17978E+01	6.91997E+04
8.00000E-01	1.20787E+01	6.82258E+04
8.00000E-01	1.23596E+01	6.72712E+04
8.00000E-01	1.26404E+01	6.63615E+04
8.00000E-01	1.29213E+01	6.54753E+04
8.00000E-01	1.32022E+01	6.45948E+04
8.00000E-01	1.34831E+01	6.37455E+04
8.00000E-01	1.37640E+01	6.29315E+04
8.00000E-01	1.40449E+01	6.21302E+04
8.00000E-01	1.43258E+01	6.13465E+04
8.00000E-01	1.46067E+01	6.05935E+04
8.00000E-01	1.48876E+01	5.98649E+04
8.00000E-01	1.51685E+01	5.91445E+04
8.00000E-01	1.54494E+01	5.84412E+04
8.00000E-01	1.57303E+01	5.77628E+04
8.00000E-01	1.60112E+01	5.70978E+04
8.00000E-01	1.62921E+01	5.64393E+04
8.00000E-01	1.65730E+01	5.57991E+04
8.00000E-01	1.68539E+01	5.51758E+04
8.00000E-01	1.71348E+01	5.45595E+04
8.00000E-01	1.74157E+01	5.39529E+04
8.00000E-01	1.76966E+01	5.33639E+04
8.00000E-01	1.79775E+01	5.27869E+04
8.00000E-01	1.82584E+01	5.22151E+04
8.00000E-01	1.85393E+01	5.16539E+04
8.00000E-01	1.88202E+01	5.11064E+04
8.00000E-01	1.91011E+01	5.05669E+04
8.00000E-01	1.93820E+01	5.00329E+04
8.00000E-01	1.96629E+01	4.95119E+04
8.00000E-01	1.99438E+01	4.90023E+04
8.00000E-01	2.02247E+01	4.84965E+04
8.00000E-01	2.05056E+01	4.79986E+04
8.00000E-01	2.07865E+01	4.75129E+04
8.00000E-01	2.10674E+01	4.70331E+04
8.00000E-01	2.13483E+01	4.65577E+04
8.00000E-01	2.16292E+01	4.60933E+04
8.00000E-01	2.19101E+01	4.56397E+04
8.00000E-01	2.21910E+01	4.51908E+04
8.00000E-01	2.24719E+01	4.47467E+04
8.00000E-01	2.27528E+01	4.43125E+04
8.00000E-01	2.30337E+01	4.38866E+04
8.00000E-01	2.33146E+01	4.34645E+04
8.00000E-01	2.35955E+01	4.30482E+04
8.00000E-01	2.38764E+01	4.26399E+04
8.00000E-01	2.41573E+01	4.22375E+04
8.00000E-01	2.44382E+01	4.18393E+04
8.00000E-01	2.47191E+01	4.14483E+04
8.00000E-01	2.50000E+01	4.10659E+04
9.00000E-01	0.00000E+00	3.17487E+04
9.00000E-01	2.80899E-01	4.26344E+04
9.00000E-01	5.61798E-01	5.39476E+04
9.00000E-01	8.42697E-01	6.14549E+04
9.00000E-01	1.12360E+00	6.61441E+04
9.00000E-01	1.40449E+00	6.95422E+04
9.00000E-01	1.68539E+00	7.24804E+04
9.00000E-01	1.96629E+00	7.52575E+04
9.00000E-01	2.24719E+00	7.79483E+04
9.00000E-01	2.52809E+00	8.04629E+04
9.00000E-01	2.80899E+00	8.27280E+04
9.00000E-01	3.08989E+00	8.46503E+04
9.00000E-01	3.37079E+00	8.62019E+04
9.00000E-01	3.65169E+00	8.73936E+04
9.00000E-01	3.93258E+00	8.82556E+04
9.00000E-01	4.21348E+00	8.88929E+04
9.00000E-01	4.49438E+00	8.94294E+04
9.00000E-01	4.77528E+00	8.97429E+04
9.00000E-01	5.05618E+00	8.97046E+04
9.00000E-01	5.33708E+00	8.95384E+04
9.00000E-01	5.61798E+00	8.93430E+04
9.00000E-01	5.89888E+00	8.89605E+04
9.00000E-01	6.17978E+00	8.83775E+04
9.00000E-01	6.46067E+00	8.77991E+04
9.00000E-01	6.74157E+00	8.71891E+04
9.00000E-01	7.02247E+00	8.63849E+04
9.00000E-01	7.30337E+00	8.55201E+04
9.00000E-01	7.58427E+00	8.47201E+04
9.00000E-01	7.86517E+00	8.38634E+04
9.00000E-01	8.14607E+00	8.28428E+04
9.00000E-01	8.42697E+00	8.18200E+04
9.00000E-01	8.70787E+00	8.08371E+04
9.00000E-01	8.98876E+00	7.97753E+04
9.00000E-01	9.26966E+00	7.86544E+04
9.00000E-01	9.55056E+00	7.75824E+04
9.00000E-01	9.83146E+00	7.65230E+04
9.00000E-01	1.01124E+01	7.54126E+04
9.00000E-01	1.03933E+01	7.43182E+04
9.00000E-01	1.06742E+01	7.32747E+04
9.00000E-01	1.09551E+01	7.22332E+04
9.00000E-01	1.12360E+01	7.11830E+04
9.00000E-01	1.15169E+01	7.01727E+04
9.00000E-01	1.17978E+01	6.91983E+04
9.00000E-01	1.20787E+01	6.82250E+04
9.00000E-01	1.23596E+01	6.72712E+04
9.00000E-01	1.26404E+01	6.63610E+04
9.00000E-01	1.29213E+01	6.54743E+04
9.00000E-01	1.32022E+01	6.45946E+04
9.00000E-01	1.34831E+01	6.37455E+04
9.00000E-01	1.37640E+01	6.29308E+04
9.00000E-01	1.40449E+01	6.21298E+04
9.00000E-01	1.43258E+01	6.13465E+04
9.00000E-01	1.46067E+01	6.05934E+04
9.00000E-01	1.48876E+01	5.98643E+04
9.00000E-01	1.51685E+01	5.91442E+04
9.00000E-01	1.54494E+01	5.84412E+04
9.00000E-01	1.57303E+01	5.77625E+04
9.00000E-01	1.60112E+01	5.70972E+04
9.00000E-01	1.62921E+01	5.64391E+04
9.00000E-01	1.65730E+01	5.57989E+04
9.00000E-01	1.68539E+01	5.51754E+04
9.00000E-01	1.71348E+01	5.45592E+04
9.00000E-01	1.74157E+01	5.39528E+04
9.00000E-01	1.76966E+01	5.33636E+04
9.00000E-01	1.79775E+01	5.27865E+04
9.00000E-01	1.82584E+01	5.22148E+04
9.00000E-01	1.85393E+01	5.16538E+04
9.00000E-01	1.88202E+01	5.11061E+04
9.00000E-01	1.91011E+01	5.05665E+04
9.00000E-01	1.93820E+01	5.00328E+04
9.00000E-01	1.96629E+01	4.95117E+04
9.00000E-01	1.99438E+01	4.90020E+04
9.00000E-01	2.02247E+01	4.84963E+04
9.00000E-01	2.05056E+01	4.79985E+04
9.00000E-01	2.07865E+01	4.75127E+04
9.00000E-01	2.10674E+01	4.70328E+04
9.00000E-01	2.13483E+01	4.65576E+04
9.00000E-01	2.16292E+01	4.60933E+04
9.00000E-01	2.19101E+01	4.56395E+04
9.00000E-01	2.21910E+01	4.51906E+04
9.00000E-01	2.24719E+01	4.47466E+04
9.00000E-01	2.27528E+01	4.43124E+04
9.00000E-01	2.30337E+01	4.38864E+04
9.00000E-01	2.33146E+01	4.34643E+04
9.00000E-01	2.35955E+01	4.30481E+04
9.00000E-01	2.38764E+01	4.26398E+04
9.00000E-01	2.41573E+01	4.22373E+04
9.00000E-01	2.44382E+01	4.18392E+04
9.00000E-01	2.47191E+01	4.14483E+04
9.00000E-01	2.50000E+01	4.10659E+04
1.00000E+00	0.00000E+00	3.34698E+04
1.00000E+00	2.80899E-01	4.34802E+04
1.00000E+00	5.61798E-01	5.42343E+04
1.00000E+00	8.42697E-01	6.14796E+04
1.00000E+00	1.12360E+00	6.61618E+04
1.00000E+00	1.40449E+00	6.95729E+04
1.00000E+00	1.68539E+00	7.25148E+04
1.00000E+00	1.96629E+00	7.52908E+04
1.00000E+00	2.24719E+00	7.79744E+04
1.00000E+00	2.52809E+00	8.04828E+04
1.00000E+00	2.80899E+00	8.27401E+04
1.00000E+00	3.08989E+00	8.46572E+04
1.00000E+00	3.37079E+00	8.62052E+04
1.00000E+00	3.65169E+00	8.73944E+04
1.00000E+00	3.93258E+00	8.82570E+04
1.00000E+00	4.21348E+00	8.88966E+04
1.00000E+00	4.49438E+00	8.94283E+04
1.00000E+00	4.77528E+00	8.97355E+04
1.00000E+00	5.05618E+00	8.97030E+04
1.00000E+00	5.33708E+00	8.95393E+04
1.00000E+00	5.61798E+00	8.93384E+04
1.00000E+00	5.89888E+00	8.89543E+04
1.00000E+00	6.17978E+00	8.83774E+04
1.00000E+00	6.46067E+00	8.77978E+04
1.00000E+00	6.74157E+00	8.71822E+04
1.00000E+00	7.02247E+00	8.63818E+04
1.00000E+00	7.30337E+00	8.55207E+04
1.00000E+00	7.58427E+00	8.47171E+04
1.00000E+00	7.86517E+00	8.38565E+04
1.00000E+00	8.14607E+00	8.28409E+04
1.00000E+00	8.42697E+00	8.18195E+04
1.00000E+00	8.70787E+00	8.08328E+04
1.00000E+00	8.98876E+00	7.97715E+04
1.00000E+00	9.26966E+00	7.86539E+04
1.00000E+00	9.55056E+00	7.75810E+04
1.00000E+00	9.83146E+00	7.65194E+04
1.00000E+00	1.01124E+01	7.54111E+04
1.00000E+00	1.03933E+01	7.43179E+04
1.00000E+00	1.06742E+01	7.32730E+04
1.00000E+00	1.09551E+01	7.22311E+04
1.00000E+00	1.12360E+01	7.11825E+04
1.00000E+00	1.15169E+01	7.01722E+04
1.00000E+00	1.17978E+01	6.91967E+04
1.00000E+00	1.20787E+01	6.82241E+04
1.00000E+00	1.23596E+01	6.72711E+04
1.00000E+00	1.26404E+01	6.63604E+04
1.00000E+00	1.29213E+01	6.54732E+04
1.00000E+00	1.32022E+01	6.45943E+04
1.00000E+00	1.34831E+01	6.37454E+04
1.00000E+00	1.37640E+01	6.29301E+04
1.00000E+00	1.40449E+01	6.21292E+04
1.00000E+00	1.43258E+01	6.13464E+04
1.00000E+00	1.46067E+01	6.05931E+04
1.00000E+00	1.48876E+01	5.98637E+04
1.00000E+00	1.51685E+01	5.91439E+04
1.00000E+00	1.54494E+01	5.84411E+04
1.00000E+00	1.57303E+01	5.77621E+04
1.00000E+00	1.60112E+01	5.70966E+04
1.00000E+00	1.62921E+01	5.64389E+04
1.00000E+00	1.65730E+01	5.57987E+04
1.00000E+00	1.68539E+01	5.51749E+04
1.00000E+00	1.71348E+01	5.45588E+04
1.00000E+00	1.74157E+01	5.39527E+04
1.00000E+00	1.76966E+01	5.33634E+04
1.00000E+00	1.79775E+01	5.27861E+04
1.00000E+00	1.82584E+01	5.22146E+04
1.00000E+00	1.85393E+01	5.16536E+04
1.00000E+00	1.88202E+01	5.11058E+04
1.00000E+00	1.91011E+01	5.05661E+04
1.00000E+00	1.93820E+01	5.00326E+04
1.00000E+00	1.96629E+01	4.95116E+04
1.00000E+00	1.99438E+01	4.90016E+04
1.00000E+00	2.02247E+01	4.84961E+04
1.00000E+00	2.05056E+01	4.79984E+04
1.00000E+00	2.07865E+01	4.75124E+04
1.00000E+00	2.10674E+01	4.70325E+04
1.00000E+00	2.13483E+01	4.65575E+04
1.00000E+00	2.16292E+01	4.60932E+04
1.00000E+00	2.19101E+01	4.56392E+04
1.00000E+00	2.21910E+01	4.51904E+04
1.00000E+00	2.24719E+01	4.47466E+04
1.00000E+00	2.27528E+01	4.43123E+04
1.00000E+00	2.30337E+01	4.38861E+04
1.00000E+00	2.33146E+01	4.34641E+04
1.00000E+00	2.35955E+01	4.30480E+04
1.00000E+00	2.38764E+01	4.26396E+04
1.00000E+00	2.41573E+01	4.22371E+04
1.00000E+00	2.44382E+01	4.18391E+04
1.00000E+00	2.47191E+01	4.14482E+04
1.00000E+00	2.50000E+01	4.10658E+04
1.50000E+00	0.00000E+00	4.08597E+04
1.50000E+00	2.80899E-01	4.74705E+04
1.50000E+00	5.61798E-01	5.62441E+04
1.50000E+00	8.42697E-01	6.19776E+04
1.50000E+00	1.12360E+00	6.62707E+04
1.50000E+00	1.40449E+00	6.96986E+04
1.50000E+00	1.68539E+00	7.26791E+04
1.50000E+00	1.96629E+00	7.54614E+04
1.50000E+00	2.24719E+00	7.81154E+04
1.50000E+00	2.52809E+00	8.05881E+04
1.50000E+00	2.80899E+00	8.28037E+04
1.50000E+00	3.08989E+00	8.46900E+04
1.50000E+00	3.37079E+00	8.62170E+04
1.50000E+00	3.65169E+00	8.73938E+04
1.50000E+00	3.93258E+00	8.82606E+04
1.50000E+00	4.21348E+00	8.89094E+04
1.50000E+00	4.49438E+00	8.94144E+04
1.50000E+00	4.77528E+00	8.96932E+04
1.50000E+00	5.05618E+00	8.96867E+04
1.50000E+00	5.33708E+00	8.95351E+04
1.50000E+00	5.61798E+00	8.93082E+04
1.50000E+00	5.89888E+00	8.89179E+04
1.50000E+00	6.17978E+00	8.83690E+04
1.50000E+00	6.46067E+00	8.77836E+04
1.50000E+00	6.74157E+00	8.71425E+04
1.50000E+00	7.02247E+00	8.63600E+04
1.50000E+00	7.30337E+00	8.55174E+04
1.50000E+00	7.58427E+00	8.46959E+04
1.50000E+00	7.86517E+00	8.38178E+04
1.50000E+00	8.14607E+00	8.28250E+04
1.50000E+00	8.42697E+00	8.18107E+04
1.50000E+00	8.70787E+00	8.08069E+04
1.50000E+00	8.98876E+00	7.97479E+04
1.50000E+00	9.26966E+00	7.86466E+04
1.50000E+00	9.55056E+00	7.75695E+04
1.50000E+00	9.83146E+00	7.64987E+04
1.50000E+00	1.01124E+01	7.54004E+04
1.50000E+00	1.03933E+01	7.43134E+04
1.50000E+00	1.06742E+01	7.32620E+04
1.50000E+00	1.09551E+01	7.22189E+04
1.50000E+00	1.12360E+01	7.11778E+04
1.50000E+00	1.15169E+01	7.01678E+04
1.50000E+00	1.17978E+01	6.91877E+04
1.50000E+00	1.20787E+01	6.82181E+04
1.50000E+00	1.23596E+01	6.72692E+04
1.50000E+00	1.26404E+01	6.63561E+04
1.50000E+00	1.29213E+01	6.54668E+04
1.50000E+00	1.32022E+01	6.45916E+04
1.50000E+00	1.34831E+01	6.37438E+04
1.50000E+00	1.37640E+01	6.29258E+04
1.50000E+00	1.40449E+01	6.21258E+04
1.50000E+00	1.43258E+01	6.13451E+04
1.50000E+00	1.46067E+01	6.05913E+04
1.50000E+00	1.48876E+01	5.98598E+04
1.50000E+00	1.51685E+01	5.91413E+04
1.50000E+00	1.54494E+01	5.84398E+04
1.50000E+00	1.57303E+01	5.77594E+04
1.50000E+00	1.60112E+01	5.70932E+04
1.50000E+00	1.62921E+01	5.64371E+04
1.50000E+00	1.65730E+01	5.57969E+04
1.50000E+00	1.68539E+01	5.51720E+04
1.50000E+00	1.71348E+01	5.45563E+04
1.50000E+00	1.74157E+01	5.39514E+04
1.50000E+00	1.76966E+01	5.33615E+04
1.50000E+00	1.79775E+01	5.27833E+04
1.50000E+00	1.82584E+01	5.22127E+04
1.50000E+00	1.85393E+01	5.16522E+04
1.50000E+00	1.88202E+01	5.11038E+04
1.50000E+00	1.91011E+01	5.05639E+04
1.50000E+00	1.93820E+01	5.00315E+04
1.50000E+00	1.96629E+01	4.95103E+04
1.50000E+00	1.99438E+01	4.89994E+04
1.50000E+00	2.02247E+01	4.84945E+04
1.50000E+00	2.05056E+01	4.79975E+04
1.50000E+00	2.07865E+01	4.75107E+04
1.50000E+00	2.10674E+01	4.70307E+04
1.50000E+00	2.13483E+01	4.65567E+04
1.50000E+00	2.16292E+01	4.60924E+04
1.50000E+00	2.19101E+01	4.56377E+04
1.50000E+00	2.21910E+01	4.51888E+04
1.50000E+00	2.24719E+01	4.47458E+04
1.50000E+00	2.27528E+01	4.43114E+04
1.50000E+00	2.30337E+01	4.38846E+04
1.50000E+00	2.33146E+01	4.34630E+04
1.50000E+00	2.35955E+01	4.30472E+04
1.50000E+00	2.38764E+01	4.26386E+04
1.50000E+00	2.41573E+01	4.22359E+04
1.50000E+00	2.44382E+01	4.18384E+04
1.50000E+00	2.47191E+01	4.14478E+04
1.50000E+00	2.50000E+01	4.10655E+04
2.00000E+00	0.00000E+00	4.65433E+04
2.00000E+00	2.80899E-01	5.13691E+04
2.00000E+00	5.61798E-01	5.80186E+04
2.00000E+00	8.42697E-01	6.31464E+04
2.00000E+00	1.12360E+00	6.67396E+04
2.00000E+00	1.40449E+00	6.99002E+04
2.00000E+00	1.68539E+00	7.28361E+04
2.00000E+00	1.96629E+00	7.56146E+04
2.00000E+00	2.24719E+00	7.82466E+04
2.00000E+00	2.52809E+00	8.06836E+04
2.00000E+00	2.80899E+00	8.28579E+04
2.00000E+00	3.08989E+00	8.47102E+04
2.00000E+00	3.37079E+00	8.62145E+04
2.00000E+00	3.65169E+00	8.73808E+04
2.00000E+00	3.93258E+00	8.82523E+04
2.00000E+00	4.21348E+00	8.89043E+04
2.00000E+00	4.49438E+00	8.93838E+04
2.00000E+00	4.77528E+00	8.96416E+04
2.00000E+00	5.05618E+00	8.96538E+04
2.00000E+00	5.33708E+00	8.95118E+04
2.00000E+00	5.61798E+00	8.92657E+04
2.00000E+00	5.89888E+00	8.88725E+04
2.00000E+00	6.17978E+00	8.83438E+04
2.00000E+00	6.46067E+00	8.77541E+04
2.00000E+00	6.74157E+00	8.70960E+04
2.00000E+00	7.02247E+00	8.63272E+04
2.00000E+00	7.30337E+00	8.54996E+04
2.00000E+00	7.58427E+00	8.46637E+04
2.00000E+00	7.86517E+00	8.37735E+04
2.00000E+00	8.14607E+00	8.27970E+04
2.00000E+00	8.42697E+00	8.17895E+04
2.00000E+00	8.70787E+00	8.07744E+04
2.00000E+00	8.98876E+00	7.97178E+04
2.00000E+00	9.26966E+00	7.86295E+04
2.00000E+00	9.55056E+00	7.75505E+04
2.00000E+00	9.83146E+00	7.64743E+04
2.00000E+00	1.01124E+01	7.53837E+04
2.00000E+00	1.03933E+01	7.43025E+04
2.00000E+00	1.06742E+01	7.32472E+04
2.00000E+00	1.09551E+01	7.22036E+04
2.00000E+00	1.12360E+01	7.11686E+04
2.00000E+00	1.15169E+01	7.01594E+04
2.00000E+00	1.17978E+01	6.91765E+04
2.00000E+00	1.20787E+01	6.82094E+04
2.00000E+00	1.23596E+01	6.72641E+04
2.00000E+00	1.26404E+01	6.63496E+04
2.00000E+00	1.29213E+01	6.54590E+04
2.00000E+00	1.32022E+01	6.45868E+04
2.00000E+00	1.34831E+01	6.37401E+04
2.00000E+00	1.37640E+01	6.29205E+04
2.00000E+00	1.40449E+01	6.21211E+04
2.00000E+00	1.43258E+01	6.13422E+04
2.00000E+00	1.46067E+01	6.05879E+04
2.00000E+00	1.48876E+01	5.98550E+04
2.00000E+00	1.51685E+01	5.91375E+04
2.00000E+00	1.54494E+01	5.84370E+04
2.00000E+00	1.57303E+01	5.77556E+04
2.00000E+00	1.60112E+01	5.70888E+04
2.00000E+00	1.62921E+01	5.64340E+04
2.00000E+00	1.65730E+01	5.57939E+04
2.00000E+00	1.68539E+01	5.51681E+04
2.00000E+00	1.71348E+01	5.45529E+04
2.00000E+00	1.74157E+01	5.39490E+04
2.00000E+00	1.76966E+01	5.33586E+04
2.00000E+00	1.79775E+01	5.27798E+04
2.00000E+00	1.82584E+01	5.22098E+04
2.00000E+00	1.85393E+01	5.16499E+04
2.00000E+00	1.88202E+01	5.11009E+04
2.00000E+00	1.91011E+01	5.05610E+04
2.00000E+00	1.93820E+01	5.00294E+04
2.00000E+00	1.96629E+01	4.95082E+04
2.00000E+00	1.99438E+01	4.89966E+04
2.00000E+00	2.02247E+01	4.84921E+04
2.00000E+00	2.05056E+01	4.79956E+04
2.00000E+00	2.07865E+01	4.75084E+04
2.00000E+00	2.10674E+01	4.70283E+04
2.00000E+00	2.13483E+01	4.65551E+04
2.00000E+00	2.16292E+01	4.60909E+04
2.00000E+00	2.19101E+01	4.56356E+04
2.00000E+00	2.21910E+01	4.51868E+04
2.00000E+00	2.24719E+01	4.47444E+04
2.00000E+00	2.27528E+01	4.43099E+04
2.00000E+00	2.30337E+01	4.38828E+04
2.00000E+00	2.33146E+01	4.34613E+04
2.00000E+00	2.35955E+01	4.30458E+04
2.00000E+00	2.38764E+01	4.26371E+04
2.00000E+00	2.41573E+01	4.22343E+04
2.00000E+00	2.44382E+01	4.18373E+04
2.00000E+00	2.47191E+01	4.14471E+04
2.00000E+00	2.50000E+01	4.10648E+04
2.50000E+00	0.00000E+00	5.09854E+04
2.50000E+00	2.80899E-01	5.47174E+04
2.50000E+00	5.61798E-01	5.95228E+04
2.50000E+00	8.42697E-01	6.43648E+04
2.50000E+00	1.12360E+00	6.76424E+04
2.50000E+00	1.40449E+00	7.03991E+04
2.50000E+00	1.68539E+00	7.31083E+04
2.50000E+00	1.96629E+00	7.57861E+04
2.50000E+00	2.24719E+00	7.83619E+04
2.50000E+00	2.52809E+00	8.07535E+04
2.50000E+00	2.80899E+00	8.28862E+04
2.50000E+00	3.08989E+00	8.47056E+04
2.50000E+00	3.37079E+00	8.61890E+04
2.50000E+00	3.65169E+00	8.73477E+04
2.50000E+00	3.93258E+00	8.82228E+04
2.50000E+00	4.21348E+00	8.88739E+04
2.50000E+00	4.49438E+00	8.93334E+04
2.50000E+00	4.77528E+00	8.95772E+04
2.50000E+00	5.05618E+00	8.96013E+04
2.50000E+00	5.33708E+00	8.94661E+04
2.50000E+00	5.61798E+00	8.92090E+04
2.50000E+00	5.89888E+00	8.88155E+04
2.50000E+00	6.17978E+00	8.82999E+04
2.50000E+00	6.46067E+00	8.77083E+04
2.50000E+00	6.74157E+00	8.70413E+04
2.50000E+00	7.02247E+00	8.62824E+04
2.50000E+00	7.30337E+00	8.54651E+04
2.50000E+00	7.58427E+00	8.46199E+04
2.50000E+00	7.86517E+00	8.37225E+04
2.50000E+00	8.14607E+00	8.27568E+04
2.50000E+00	8.42697E+00	8.17552E+04
2.50000E+00	8.70787E+00	8.07347E+04
2.50000E+00	8.98876E+00	7.96809E+04
2.50000E+00	9.26966E+00	7.86021E+04
2.50000E+00	9.55056E+00	7.75237E+04
2.50000E+00	9.83146E+00	7.64455E+04
2.50000E+00	1.01124E+01	7.53609E+04
2.50000E+00	1.03933E+01	7.42846E+04
2.50000E+00	1.06742E+01	7.32281E+04
2.50000E+00	1.09551E+01	7.21850E+04
2.50000E+00	1.12360E+01	7.11546E+04
2.50000E+00	1.15169E+01	7.01468E+04
2.50000E+00	1.17978E+01	6.91630E+04
2.50000E+00	1.20787E+01	6.81981E+04
2.50000E+00	1.23596E+01	6.72556E+04
2.50000E+00	1.26404E+01	6.63407E+04
2.50000E+00	1.29213E+01	6.54498E+04
2.50000E+00	1.32022E+01	6.45797E+04
2.50000E+00	1.34831E+01	6.37340E+04
2.50000E+00	1.37640E+01	6.29138E+04
2.50000E+00	1.40449E+01	6.21150E+04
2.50000E+00	1.43258E+01	6.13374E+04
2.50000E+00	1.46067E+01	6.05829E+04
2.50000E+00	1.48876E+01	5.98492E+04
2.50000E+00	1.51685E+01	5.91323E+04
2.50000E+00	1.54494E+01	5.84325E+04
2.50000E+00	1.57303E+01	5.77506E+04
2.50000E+00	1.60112E+01	5.70835E+04
2.50000E+00	1.62921E+01	5.64295E+04
2.50000E+00	1.65730E+01	5.57896E+04
2.50000E+00	1.68539E+01	5.51633E+04
2.50000E+00	1.71348E+01	5.45484E+04
2.50000E+00	1.74157E+01	5.39452E+04
2.50000E+00	1.76966E+01	5.33547E+04
2.50000E+00	1.79775E+01	5.27755E+04
2.50000E+00	1.82584E+01	5.22059E+04
2.50000E+00	1.85393E+01	5.16464E+04
2.50000E+00	1.88202E+01	5.10972E+04
2.50000E+00	1.91011E+01	5.05573E+04
2.50000E+00	1.93820E+01	5.00263E+04
2.50000E+00	1.96629E+01	4.95051E+04
2.50000E+00	1.99438E+01	4.89932E+04
2.50000E+00	2.02247E+01	4.84890E+04
2.50000E+00	2.05056E+01	4.79929E+04
2.50000E+00	2.07865E+01	4.75054E+04
2.50000E+00	2.10674E+01	4.70255E+04
2.50000E+00	2.13483E+01	4.65528E+04
2.50000E+00	2.16292E+01	4.60887E+04
2.50000E+00	2.19101E+01	4.56331E+04
2.50000E+00	2.21910E+01	4.51843E+04
2.50000E+00	2.24719E+01	4.47423E+04
2.50000E+00	2.27528E+01	4.43078E+04
2.50000E+00	2.30337E+01	4.38804E+04
2.50000E+00	2.33146E+01	4.34591E+04
2.50000E+00	2.35955E+01	4.30439E+04
2.50000E+00	2.38764E+01	4.26351E+04
2.50000E+00	2.41573E+01	4.22324E+04
2.50000E+00	2.44382E+01	4.18358E+04
2.50000E+00	2.47191E+01	4.14460E+04
2.50000E+00	2.50000E+01	4.10639E+04
3.00000E+00	0.00000E+00	5.45536E+04
3.00000E+00	2.80899E-01	5.75438E+04
3.00000E+00	5.61798E-01	6.10950E+04
3.00000E+00	8.42697E-01	6.53620E+04
3.00000E+00	1.12360E+00	6.86655E+04
3.00000E+00	1.40449E+00	7.11951E+04
3.00000E+00	1.68539E+00	7.36095E+04
3.00000E+00	1.96629E+00	7.60720E+04
3.00000E+00	2.24719E+00	7.85119E+04
3.00000E+00	2.52809E+00	8.08164E+04
3.00000E+00	2.80899E+00	8.28906E+04
3.00000E+00	3.08989E+00	8.46720E+04
3.00000E+00	3.37079E+00	8.61347E+04
3.00000E+00	3.65169E+00	8.72871E+04
3.00000E+00	3.93258E+00	8.81646E+04
3.00000E+00	4.21348E+00	8.88136E+04
3.00000E+00	4.49438E+00	8.92592E+04
3.00000E+00	4.77528E+00	8.94947E+04
3.00000E+00	5.05618E+00	8.95265E+04
3.00000E+00	5.33708E+00	8.93968E+04
3.00000E+00	5.61798E+00	8.91353E+04
3.00000E+00	5.89888E+00	8.87434E+04
3.00000E+00	6.17978E+00	8.82368E+04
3.00000E+00	6.46067E+00	8.76455E+04
3.00000E+00	6.74157E+00	8.69755E+04
3.00000E+00	7.02247E+00	8.62240E+04
3.00000E+00	7.30337E+00	8.54137E+04
3.00000E+00	7.58427E+00	8.45638E+04
3.00000E+00	7.86517E+00	8.36630E+04
3.00000E+00	8.14607E+00	8.27046E+04
3.00000E+00	8.42697E+00	8.17082E+04
3.00000E+00	8.70787E+00	8.06865E+04
3.00000E+00	8.98876E+00	7.96362E+04
3.00000E+00	9.26966E+00	7.85647E+04
3.00000E+00	9.55056E+00	7.74886E+04
3.00000E+00	9.83146E+00	7.64112E+04
3.00000E+00	1.01124E+01	7.53317E+04
3.00000E+00	1.03933E+01	7.42599E+04
3.00000E+00	1.06742E+01	7.32041E+04
3.00000E+00	1.09551E+01	7.21625E+04
3.00000E+00	1.12360E+01	7.11358E+04
3.00000E+00	1.15169E+01	7.01300E+04
3.00000E+00	1.17978E+01	6.91466E+04
3.00000E+00	1.20787E+01	6.81838E+04
3.00000E+00	1.23596E+01	6.72436E+04
3.00000E+00	1.26404E+01	6.63292E+04
3.00000E+00	1.29213E+01	6.54386E+04
3.00000E+00	1.32022E+01	6.45702E+04
3.00000E+00	1.34831E+01	6.37257E+04
3.00000E+00	1.37640E+01	6.29054E+04
3.00000E+00	1.40449E+01	6.21073E+04
3.00000E+00	1.43258E+01	6.13307E+04
3.00000E+00	1.46067E+01	6.05762E+04
3.00000E+00	1.48876E+01	5.98421E+04
3.00000E+00	1.51685E+01	5.91256E+04
3.00000E+00	1.54494E+01	5.84264E+04
3.00000E+00	1.57303E+01	5.77442E+04
3.00000E+00	1.60112E+01	5.70770E+04
3.00000E+00	1.62921E+01	5.64235E+04
3.00000E+00	1.65730E+01	5.57838E+04
3.00000E+00	1.68539E+01	5.51574E+04
3.00000E+00	1.71348E+01	5.45429E+04
3.00000E+00	1.74157E+01	5.39402E+04
3.00000E+00	1.76966E+01	5.33496E+04
3.00000E+00	1.79775E+01	5.27703E+04
3.00000E+00	1.82584E+01	5.22010E+04
3.00000E+00	1.85393E+01	5.16417E+04
3.00000E+00	1.88202E+01	5.10926E+04
3.00000E+00	1.91011E+01	5.05529E+04
3.00000E+00	1.93820E+01	5.00223E+04
3.00000E+00	1.96629E+01	4.95011E+04
3.00000E+00	1.99438E+01	4.89890E+04
3.00000E+00	2.02247E+01	4.84851E+04
3.00000E+00	2.05056E+01	4.79893E+04
3.00000E+00	2.07865E+01	4.75018E+04
3.00000E+00	2.10674E+01	4.70220E+04
3.00000E+00	2.13483E+01	4.65498E+04
3.00000E+00	2.16292E+01	4.60858E+04
3.00000E+00	2.19101E+01	4.56300E+04
3.00000E+00	2.21910E+01	4.51813E+04
3.00000E+00	2.24719E+01	4.47396E+04
3.00000E+00	2.27528E+01	4.43051E+04
3.00000E+00	2.30337E+01	4.38776E+04
3.00000E+00	2.33146E+01	4.34564E+04
3.00000E+00	2.35955E+01	4.30414E+04
3.00000E+00	2.38764E+01	4.26327E+04
3.00000E+00	2.41573E+01	4.22302E+04
3.00000E+00	2.44382E+01	4.18339E+04
3.00000E+00	2.47191E+01	4.14445E+04
3.00000E+00	2.50000E+01	4.10625E+04
3.50000E+00	0.00000E+00	5.75057E+04
3.50000E+00	2.80899E-01	5.99720E+04
3.50000E+00	5.61798E-01	6.27870E+04
3.50000E+00	8.42697E-01	6.62669E+04
3.50000E+00	1.12360E+00	6.95773E+04
3.50000E+00	1.40449E+00	7.21077E+04
3.50000E+00	1.68539E+00	7.43190E+04
3.50000E+00	1.96629E+00	7.65304E+04
3.50000E+00	2.24719E+00	7.87633E+04
3.50000E+00	2.52809E+00	8.09213E+04
3.50000E+00	2.80899E+00	8.28994E+04
3.50000E+00	3.08989E+00	8.46227E+04
3.50000E+00	3.37079E+00	8.60553E+04
3.50000E+00	3.65169E+00	8.71972E+04
3.50000E+00	3.93258E+00	8.80740E+04
3.50000E+00	4.21348E+00	8.87204E+04
3.50000E+00	4.49438E+00	8.91577E+04
3.50000E+00	4.77528E+00	8.93891E+04
3.50000E+00	5.05618E+00	8.94270E+04
3.50000E+00	5.33708E+00	8.93028E+04
3.50000E+00	5.61798E+00	8.90416E+04
3.50000E+00	5.89888E+00	8.86533E+04
3.50000E+00	6.17978E+00	8.81538E+04
3.50000E+00	6.46067E+00	8.75650E+04
3.50000E+00	6.74157E+00	8.68958E+04
3.50000E+00	7.02247E+00	8.61506E+04
3.50000E+00	7.30337E+00	8.53458E+04
3.50000E+00	7.58427E+00	8.44944E+04
3.50000E+00	7.86517E+00	8.35930E+04
3.50000E+00	8.14607E+00	8.26402E+04
3.50000E+00	8.42697E+00	8.16487E+04
3.50000E+00	8.70787E+00	8.06289E+04
3.50000E+00	8.98876E+00	7.95827E+04
3.50000E+00	9.26966E+00	7.85176E+04
3.50000E+00	9.55056E+00	7.74452E+04
3.50000E+00	9.83146E+00	7.63704E+04
3.50000E+00	1.01124E+01	7.52957E+04
3.50000E+00	1.03933E+01	7.42284E+04
3.50000E+00	1.06742E+01	7.31748E+04
3.50000E+00	1.09551E+01	7.21355E+04
3.50000E+00	1.12360E+01	7.11122E+04
3.50000E+00	1.15169E+01	7.01087E+04
3.50000E+00	1.17978E+01	6.91268E+04
3.50000E+00	1.20787E+01	6.81662E+04
3.50000E+00	1.23596E+01	6.72282E+04
3.50000E+00	1.26404E+01	6.63148E+04
3.50000E+00	1.29213E+01	6.54251E+04
3.50000E+00	1.32022E+01	6.45582E+04
3.50000E+00	1.34831E+01	6.37149E+04
3.50000E+00	1.37640E+01	6.28952E+04
3.50000E+00	1.40449E+01	6.20978E+04
3.50000E+00	1.43258E+01	6.13220E+04
3.50000E+00	1.46067E+01	6.05678E+04
3.50000E+00	1.48876E+01	5.98336E+04
3.50000E+00	1.51685E+01	5.91175E+04
3.50000E+00	1.54494E+01	5.84186E+04
3.50000E+00	1.57303E+01	5.77363E+04
3.50000E+00	1.60112E+01	5.70692E+04
3.50000E+00	1.62921E+01	5.64161E+04
3.50000E+00	1.65730E+01	5.57767E+04
3.50000E+00	1.68539E+01	5.51503E+04
3.50000E+00	1.71348E+01	5.45361E+04
3.50000E+00	1.74157E+01	5.39338E+04
3.50000E+00	1.76966E+01	5.33434E+04
3.50000E+00	1.79775E+01	5.27640E+04
3.50000E+00	1.82584E+01	5.21950E+04
3.50000E+00	1.85393E+01	5.16360E+04
3.50000E+00	1.88202E+01	5.10870E+04
3.50000E+00	1.91011E+01	5.05475E+04
3.50000E+00	1.93820E+01	5.00172E+04
3.50000E+00	1.96629E+01	4.94962E+04
3.50000E+00	1.99438E+01	4.89841E+04
3.50000E+00	2.02247E+01	4.84804E+04
3.50000E+00	2.05056E+01	4.79848E+04
3.50000E+00	2.07865E+01	4.74974E+04
3.50000E+00	2.10674E+01	4.70178E+04
3.50000E+00	2.13483E+01	4.65460E+04
3.50000E+00	2.16292E+01	4.60822E+04
3.50000E+00	2.19101E+01	4.56263E+04
3.50000E+00	2.21910E+01	4.51777E+04
3.50000E+00	2.24719E+01	4.47362E+04
3.50000E+00	2.27528E+01	4.43018E+04
3.50000E+00	2.30337E+01	4.38743E+04
3.50000E+00	2.33146E+01	4.34531E+04
3.50000E+00	2.35955E+01	4.30383E+04
3.50000E+00	2.38764E+01	4.26297E+04
3.50000E+00	2.41573E+01	4.22275E+04
3.50000E+00	2.44382E+01	4.18316E+04
3.50000E+00	2.47191E+01	4.14425E+04
3.50000E+00	2.50000E+01	4.10607E+04
4.00000E+00	0.00000E+00	6.00155E+04
4.00000E+00	2.80899E-01	6.21009E+04
4.00000E+00	5.61798E-01	6.44500E+04
4.00000E+00	8.42697E-01	6.72166E+04
4.00000E+00	1.12360E+00	7.03569E+04
4.00000E+00	1.40449E+00	7.29715E+04
4.00000E+00	1.68539E+00	7.51240E+04
4.00000E+00	1.96629E+00	7.71386E+04
4.00000E+00	2.24719E+00	7.91463E+04
4.00000E+00	2.52809E+00	8.11135E+04
4.00000E+00	2.80899E+00	8.29527E+04
4.00000E+00	3.08989E+00	8.45861E+04
4.00000E+00	3.37079E+00	8.59679E+04
4.00000E+00	3.65169E+00	8.70861E+04
4.00000E+00	3.93258E+00	8.79542E+04
4.00000E+00	4.21348E+00	8.85956E+04
4.00000E+00	4.49438E+00	8.90272E+04
4.00000E+00	4.77528E+00	8.92575E+04
4.00000E+00	5.05618E+00	8.93009E+04
4.00000E+00	5.33708E+00	8.91829E+04
4.00000E+00	5.61798E+00	8.89254E+04
4.00000E+00	5.89888E+00	8.85425E+04
4.00000E+00	6.17978E+00	8.80501E+04
4.00000E+00	6.46067E+00	8.74657E+04
4.00000E+00	6.74157E+00	8.68000E+04
4.00000E+00	7.02247E+00	8.60609E+04
4.00000E+00	7.30337E+00	8.52611E+04
4.00000E+00	7.58427E+00	8.44110E+04
4.00000E+00	7.86517E+00	8.35111E+04
4.00000E+00	8.14607E+00	8.25633E+04
4.00000E+00	8.42697E+00	8.15770E+04
4.00000E+00	8.70787E+00	8.05609E+04
4.00000E+00	8.98876E+00	7.95198E+04
4.00000E+00	9.26966E+00	7.84608E+04
4.00000E+00	9.55056E+00	7.73931E+04
4.00000E+00	9.83146E+00	7.63225E+04
4.00000E+00	1.01124E+01	7.52528E+04
4.00000E+00	1.03933E+01	7.41901E+04
4.00000E+00	1.06742E+01	7.31397E+04
4.00000E+00	1.09551E+01	7.21035E+04
4.00000E+00	1.12360E+01	7.10836E+04
4.00000E+00	1.15169E+01	7.00830E+04
4.00000E+00	1.17978E+01	6.91033E+04
4.00000E+00	1.20787E+01	6.81450E+04
4.00000E+00	1.23596E+01	6.72093E+04
4.00000E+00	1.26404E+01	6.62974E+04
4.00000E+00	1.29213E+01	6.54091E+04
4.00000E+00	1.32022E+01	6.45437E+04
4.00000E+00	1.34831E+01	6.37017E+04
4.00000E+00	1.37640E+01	6.28828E+04
4.00000E+00	1.40449E+01	6.20862E+04
4.00000E+00	1.43258E+01	6.13113E+04
4.00000E+00	1.46067E+01	6.05574E+04
4.00000E+00	1.48876E+01	5.98234E+04
4.00000E+00	1.51685E+01	5.91076E+04
4.00000E+00	1.54494E+01	5.84091E+04
4.00000E+00	1.57303E+01	5.77270E+04
4.00000E+00	1.60112E+01	5.70600E+04
4.00000E+00	1.62921E+01	5.64072E+04
4.00000E+00	1.65730E+01	5.57681E+04
4.00000E+00	1.68539E+01	5.51419E+04
4.00000E+00	1.71348E+01	5.45281E+04
4.00000E+00	1.74157E+01	5.39261E+04
4.00000E+00	1.76966E+01	5.33359E+04
4.00000E+00	1.79775E+01	5.27567E+04
4.00000E+00	1.82584E+01	5.21879E+04
4.00000E+00	1.85393E+01	5.16292E+04
4.00000E+00	1.88202E+01	5.10804E+04
4.00000E+00	1.91011E+01	5.05411E+04
4.00000E+00	1.93820E+01	5.00111E+04
4.00000E+00	1.96629E+01	4.94903E+04
4.00000E+00	1.99438E+01	4.89783E+04
4.00000E+00	2.02247E+01	4.84748E+04
4.00000E+00	2.05056E+01	4.79795E+04
4.00000E+00	2.07865E+01	4.74922E+04
4.00000E+00	2.10674E+01	4.70129E+04
4.00000E+00	2.13483E+01	4.65413E+04
4.00000E+00	2.16292E+01	4.60777E+04
4.00000E+00	2.19101E+01	4.56219E+04
4.00000E+00	2.21910E+01	4.51734E+04
4.00000E+00	2.24719E+01	4.47321E+04
4.00000E+00	2.27528E+01	4.42978E+04
4.00000E+00	2.30337E+01	4.38703E+04
4.00000E+00	2.33146E+01	4.34493E+04
4.00000E+00	2.35955E+01	4.30347E+04
4.00000E+00	2.38764E+01	4.26263E+04
4.00000E+00	2.41573E+01	4.22243E+04
4.00000E+00	2.44382E+01	4.18288E+04
4.00000E+00	2.47191E+01	4.14400E+04
4.00000E+00	2.50000E+01	4.10583E+04
5.00000E+00	0.00000E+00	6.41353E+04
5.00000E+00	2.80899E-01	6.57191E+04
5.00000E+00	5.61798E-01	6.74933E+04
5.00000E+00	8.42697E-01	6.93903E+04
5.00000E+00	1.12360E+00	7.18035E+04
5.00000E+00	1.40449E+00	7.43719E+04
5.00000E+00	1.68539E+00	7.66084E+04
5.00000E+00	1.96629E+00	7.85000E+04
5.00000E+00	2.24719E+00	8.01964E+04
5.00000E+00	2.52809E+00	8.17912E+04
5.00000E+00	2.80899E+00	8.32921E+04
5.00000E+00	3.08989E+00	8.46635E+04
5.00000E+00	3.37079E+00	8.58657E+04
5.00000E+00	3.65169E+00	8.68735E+04
5.00000E+00	3.93258E+00	8.76787E+04
5.00000E+00	4.21348E+00	8.82838E+04
5.00000E+00	4.49438E+00	8.86950E+04
5.00000E+00	4.77528E+00	8.89199E+04
5.00000E+00	5.05618E+00	8.89708E+04
5.00000E+00	5.33708E+00	8.88653E+04
5.00000E+00	5.61798E+00	8.86209E+04
5.00000E+00	5.89888E+00	8.82531E+04
5.00000E+00	6.17978E+00	8.77768E+04
5.00000E+00	6.46067E+00	8.72065E+04
5.00000E+00	6.74157E+00	8.65536E+04
5.00000E+00	7.02247E+00	8.58283E+04
5.00000E+00	7.30337E+00	8.50406E+04
5.00000E+00	7.58427E+00	8.41985E+04
5.00000E+00	7.86517E+00	8.33069E+04
5.00000E+00	8.14607E+00	8.23705E+04
5.00000E+00	8.42697E+00	8.13964E+04
5.00000E+00	8.70787E+00	8.03918E+04
5.00000E+00	8.98876E+00	7.93632E+04
5.00000E+00	9.26966E+00	7.83176E+04
5.00000E+00	9.55056E+00	7.72621E+04
5.00000E+00	9.83146E+00	7.62027E+04
5.00000E+00	1.01124E+01	7.51445E+04
5.00000E+00	1.03933E+01	7.40924E+04
5.00000E+00	1.06742E+01	7.30509E+04
5.00000E+00	1.09551E+01	7.20229E+04
5.00000E+00	1.12360E+01	7.10109E+04
5.00000E+00	1.15169E+01	7.00172E+04
5.00000E+00	1.17978E+01	6.90435E+04
5.00000E+00	1.20787E+01	6.80909E+04
5.00000E+00	1.23596E+01	6.71604E+04
5.00000E+00	1.26404E+01	6.62528E+04
5.00000E+00	1.29213E+01	6.53681E+04
5.00000E+00	1.32022E+01	6.45063E+04
5.00000E+00	1.34831E+01	6.36673E+04
5.00000E+00	1.37640E+01	6.28509E+04
5.00000E+00	1.40449E+01	6.20565E+04
5.00000E+00	1.43258E+01	6.12833E+04
5.00000E+00	1.46067E+01	6.05307E+04
5.00000E+00	1.48876E+01	5.97975E+04
5.00000E+00	1.51685E+01	5.90826E+04
5.00000E+00	1.54494E+01	5.83848E+04
5.00000E+00	1.57303E+01	5.77033E+04
5.00000E+00	1.60112E+01	5.70369E+04
5.00000E+00	1.62921E+01	5.63849E+04
5.00000E+00	1.65730E+01	5.57465E+04
5.00000E+00	1.68539E+01	5.51210E+04
5.00000E+00	1.71348E+01	5.45079E+04
5.00000E+00	1.74157E+01	5.39067E+04
5.00000E+00	1.76966E+01	5.33170E+04
5.00000E+00	1.79775E+01	5.27383E+04
5.00000E+00	1.82584E+01	5.21701E+04
5.00000E+00	1.85393E+01	5.16121E+04
5.00000E+00	1.88202E+01	5.10639E+04
5.00000E+00	1.91011E+01	5.05252E+04
5.00000E+00	1.93820E+01	4.99959E+04
5.00000E+00	1.96629E+01	4.94755E+04
5.00000E+00	1.99438E+01	4.89640E+04
5.00000E+00	2.02247E+01	4.84610E+04
5.00000E+00	2.05056E+01	4.79662E+04
5.00000E+00	2.07865E+01	4.74794E+04
5.00000E+00	2.10674E+01	4.70007E+04
5.00000E+00	2.13483E+01	4.65297E+04
5.00000E+00	2.16292E+01	4.60666E+04
5.00000E+00	2.19101E+01	4.56110E+04
5.00000E+00	2.21910E+01	4.51629E+04
5.00000E+00	2.24719E+01	4.47219E+04
5.00000E+00	2.27528E+01	4.42879E+04
5.00000E+00	2.30337E+01	4.38607E+04
5.00000E+00	2.33146E+01	4.34400E+04
5.00000E+00	2.35955E+01	4.30258E+04
5.00000E+00	2.38764E+01	4.26180E+04
5.00000E+00	2.41573E+01	4.22166E+04
5.00000E+00	2.44382E+01	4.18216E+04
5.00000E+00	2.47191E+01	4.14334E+04
5.00000E+00	2.50000E+01	4.10519E+04
6.00000E+00	0.00000E+00	6.74577E+04
6.00000E+00	2.80899E-01	6.87341E+04
6.00000E+00	5.61798E-01	7.01618E+04
6.00000E+00	8.42697E-01	7.16638E+04
6.00000E+00	1.12360E+00	7.33761E+04
6.00000E+00	1.40449E+00	7.55390E+04
6.00000E+00	1.68539E+00	7.77224E+04
6.00000E+00	1.96629E+00	7.96461E+04
6.00000E+00	2.24719E+00	8.12700E+04
6.00000E+00	2.52809E+00	8.26640E+04
6.00000E+00	2.80899E+00	8.38957E+04
6.00000E+00	3.08989E+00	8.49951E+04
6.00000E+00	3.37079E+00	8.59630E+04
6.00000E+00	3.65169E+00	8.67893E+04
6.00000E+00	3.93258E+00	8.74635E+04
6.00000E+00	4.21348E+00	8.79791E+04
6.00000E+00	4.49438E+00	8.83332E+04
6.00000E+00	4.77528E+00	8.85273E+04
6.00000E+00	5.05618E+00	8.85674E+04
6.00000E+00	5.33708E+00	8.84640E+04
6.00000E+00	5.61798E+00	8.82293E+04
6.00000E+00	5.89888E+00	8.78761E+04
6.00000E+00	6.17978E+00	8.74171E+04
6.00000E+00	6.46067E+00	8.68644E+04
6.00000E+00	6.74157E+00	8.62291E+04
6.00000E+00	7.02247E+00	8.55211E+04
6.00000E+00	7.30337E+00	8.47493E+04
6.00000E+00	7.58427E+00	8.39215E+04
6.00000E+00	7.86517E+00	8.30440E+04
6.00000E+00	8.14607E+00	8.21227E+04
6.00000E+00	8.42697E+00	8.11643E+04
6.00000E+00	8.70787E+00	8.01755E+04
6.00000E+00	8.98876E+00	7.91630E+04
6.00000E+00	9.26966E+00	7.81334E+04
6.00000E+00	9.55056E+00	7.70934E+04
6.00000E+00	9.83146E+00	7.60485E+04
6.00000E+00	1.01124E+01	7.50042E+04
6.00000E+00	1.03933E+01	7.39651E+04
6.00000E+00	1.06742E+01	7.29353E+04
6.00000E+00	1.09551E+01	7.19180E+04
6.00000E+00	1.12360E+01	7.09158E+04
6.00000E+00	1.15169E+01	6.99309E+04
6.00000E+00	1.17978E+01	6.89651E+04
6.00000E+00	1.20787E+01	6.80197E+04
6.00000E+00	1.23596E+01	6.70957E+04
6.00000E+00	1.26404E+01	6.61937E+04
6.00000E+00	1.29213E+01	6.53140E+04
6.00000E+00	1.32022E+01	6.44566E+04
6.00000E+00	1.34831E+01	6.36215E+04
6.00000E+00	1.37640E+01	6.28084E+04
6.00000E+00	1.40449E+01	6.20167E+04
6.00000E+00	1.43258E+01	6.12459E+04
6.00000E+00	1.46067E+01	6.04951E+04
6.00000E+00	1.48876E+01	5.97633E+04
6.00000E+00	1.51685E+01	5.90497E+04
6.00000E+00	1.54494E+01	5.83530E+04
6.00000E+00	1.57303E+01	5.76725E+04
6.00000E+00	1.60112E+01	5.70071E+04
6.00000E+00	1.62921E+01	5.63560E+04
6.00000E+00	1.65730E+01	5.57185E+04
6.00000E+00	1.68539E+01	5.50940E+04
6.00000E+00	1.71348E+01	5.44818E+04
6.00000E+00	1.74157E+01	5.38816E+04
6.00000E+00	1.76966E+01	5.32927E+04
6.00000E+00	1.79775E+01	5.27148E+04
6.00000E+00	1.82584E+01	5.21474E+04
6.00000E+00	1.85393E+01	5.15902E+04
6.00000E+00	1.88202E+01	5.10428E+04
6.00000E+00	1.91011E+01	5.05049E+04
6.00000E+00	1.93820E+01	4.99762E+04
6.00000E+00	1.96629E+01	4.94566E+04
6.00000E+00	1.99438E+01	4.89457E+04
6.00000E+00	2.02247E+01	4.84433E+04
6.00000E+00	2.05056E+01	4.79492E+04
6.00000E+00	2.07865E+01	4.74631E+04
6.00000E+00	2.10674E+01	4.69850E+04
6.00000E+00	2.13483E+01	4.65148E+04
6.00000E+00	2.16292E+01	4.60522E+04
6.00000E+00	2.19101E+01	4.55971E+04
6.00000E+00	2.21910E+01	4.51494E+04
6.00000E+00	2.24719E+01	4.47089E+04
6.00000E+00	2.27528E+01	4.42753E+04
6.00000E+00	2.30337E+01	4.38485E+04
6.00000E+00	2.33146E+01	4.34283E+04
6.00000E+00	2.35955E+01	4.30146E+04
6.00000E+00	2.38764E+01	4.26074E+04
6.00000E+00	2.41573E+01	4.22066E+04
6.00000E+00	2.44382E+01	4.18123E+04
6.00000E+00	2.47191E+01	4.14246E+04
6.00000E+00	2.50000E+01	4.10433E+04
7.00000E+00	0.00000E+00	7.02371E+04
7.00000E+00	2.80899E-01	7.13064E+04
7.00000E+00	5.61798E-01	7.24979E+04
7.00000E+00	8.42697E-01	7.37521E+04
7.00000E+00	1.12360E+00	7.50852E+04
7.00000E+00	1.40449E+00	7.67065E+04
7.00000E+00	1.68539E+00	7.86122E+04
7.00000E+00	1.96629E+00	8.04667E+04
7.00000E+00	2.24719E+00	8.20887E+04
7.00000E+00	2.52809E+00	8.34361E+04
7.00000E+00	2.80899E+00	8.45444E+04
7.00000E+00	3.08989E+00	8.54649E+04
7.00000E+00	3.37079E+00	8.62347E+04
7.00000E+00	3.65169E+00	8.68726E+04
7.00000E+00	3.93258E+00	8.73847E+04
7.00000E+00	4.21348E+00	8.77704E+04
7.00000E+00	4.49438E+00	8.80275E+04
7.00000E+00	4.77528E+00	8.81548E+04
7.00000E+00	5.05618E+00	8.81537E+04
7.00000E+00	5.33708E+00	8.80289E+04
7.00000E+00	5.61798E+00	8.77874E+04
7.00000E+00	5.89888E+00	8.74377E+04
7.00000E+00	6.17978E+00	8.69891E+04
7.00000E+00	6.46067E+00	8.64511E+04
7.00000E+00	6.74157E+00	8.58327E+04
7.00000E+00	7.02247E+00	8.51429E+04
7.00000E+00	7.30337E+00	8.43895E+04
7.00000E+00	7.58427E+00	8.35799E+04
7.00000E+00	7.86517E+00	8.27207E+04
7.00000E+00	8.14607E+00	8.18183E+04
7.00000E+00	8.42697E+00	8.08791E+04
7.00000E+00	8.70787E+00	7.99098E+04
7.00000E+00	8.98876E+00	7.89167E+04
7.00000E+00	9.26966E+00	7.79063E+04
7.00000E+00	9.55056E+00	7.68847E+04
7.00000E+00	9.83146E+00	7.58575E+04
7.00000E+00	1.01124E+01	7.48299E+04
7.00000E+00	1.03933E+01	7.38063E+04
7.00000E+00	1.06742E+01	7.27907E+04
7.00000E+00	1.09551E+01	7.17865E+04
7.00000E+00	1.12360E+01	7.07962E+04
7.00000E+00	1.15169E+01	6.98222E+04
7.00000E+00	1.17978E+01	6.88662E+04
7.00000E+00	1.20787E+01	6.79297E+04
7.00000E+00	1.23596E+01	6.70136E+04
7.00000E+00	1.26404E+01	6.61186E+04
7.00000E+00	1.29213E+01	6.52451E+04
7.00000E+00	1.32022E+01	6.43932E+04
7.00000E+00	1.34831E+01	6.35629E+04
7.00000E+00	1.37640E+01	6.27539E+04
7.00000E+00	1.40449E+01	6.19658E+04
7.00000E+00	1.43258E+01	6.11979E+04
7.00000E+00	1.46067E+01	6.04496E+04
7.00000E+00	1.48876E+01	5.97200E+04
7.00000E+00	1.51685E+01	5.90081E+04
7.00000E+00	1.54494E+01	5.83131E+04
7.00000E+00	1.57303E+01	5.76339E+04
7.00000E+00	1.60112E+01	5.69699E+04
7.00000E+00	1.62921E+01	5.63201E+04
7.00000E+00	1.65730E+01	5.56838E+04
7.00000E+00	1.68539E+01	5.50605E+04
7.00000E+00	1.71348E+01	5.44495E+04
7.00000E+00	1.74157E+01	5.38504E+04
7.00000E+00	1.76966E+01	5.32626E+04
7.00000E+00	1.79775E+01	5.26857E+04
7.00000E+00	1.82584E+01	5.21194E+04
7.00000E+00	1.85393E+01	5.15631E+04
7.00000E+00	1.88202E+01	5.10167E+04
7.00000E+00	1.91011E+01	5.04798E+04
7.00000E+00	1.93820E+01	4.99520E+04
7.00000E+00	1.96629E+01	4.94333E+04
7.00000E+00	1.99438E+01	4.89232E+04
7.00000E+00	2.02247E+01	4.84216E+04
7.00000E+00	2.05056E+01	4.79283E+04
7.00000E+00	2.07865E+01	4.74431E+04
7.00000E+00	2.10674E+01	4.69658E+04
7.00000E+00	2.13483E+01	4.64963E+04
7.00000E+00	2.16292E+01	4.60344E+04
7.00000E+00	2.19101E+01	4.55800E+04
7.00000E+00	2.21910E+01	4.51329E+04
7.00000E+00	2.24719E+01	4.46929E+04
7.00000E+00	2.27528E+01	4.42599E+04
7.00000E+00	2.30337E+01	4.38336E+04
7.00000E+00	2.33146E+01	4.34141E+04
7.00000E+00	2.35955E+01	4.30010E+04
7.00000E+00	2.38764E+01	4.25944E+04
7.00000E+00	2.41573E+01	4.21943E+04
7.00000E+00	2.44382E+01	4.18006E+04
7.00000E+00	2.47191E+01	4.14134E+04
7.00000E+00	2.50000E+01	4.10325E+04
8.00000E+00	0.00000E+00	7.26022E+04
8.00000E+00	2.80899E-01	7.35194E+04
8.00000E+00	5.61798E-01	7.45348E+04
8.00000E+00	8.42697E-01	7.56046E+04
8.00000E+00	1.12360E+00	7.67136E+04
8.00000E+00	1.40449E+00	7.79318E+04
8.00000E+00	1.68539E+00	7.94416E+04
8.00000E+00	1.96629E+00	8.10847E+04
8.00000E+00	2.24719E+00	8.26338E+04
8.00000E+00	2.52809E+00	8.39656E+04
8.00000E+00	2.80899E+00	8.50454E+04
8.00000E+00	3.08989E+00	8.58937E+04
8.00000E+00	3.37079E+00	8.65503E+04
8.00000E+00	3.65169E+00	8.70513E+04
8.00000E+00	3.93258E+00	8.74217E+04
8.00000E+00	4.21348E+00	8.76754E+04
8.00000E+00	4.49438E+00	8.78190E+04
8.00000E+00	4.77528E+00	8.78554E+04
8.00000E+00	5.05618E+00	8.77865E+04
8.00000E+00	5.33708E+00	8.76149E+04
8.00000E+00	5.61798E+00	8.73444E+04
8.00000E+00	5.89888E+00	8.69800E+04
8.00000E+00	6.17978E+00	8.65276E+04
8.00000E+00	6.46067E+00	8.59939E+04
8.00000E+00	6.74157E+00	8.53857E+04
8.00000E+00	7.02247E+00	8.47098E+04
8.00000E+00	7.30337E+00	8.39731E+04
8.00000E+00	7.58427E+00	8.31818E+04
8.00000E+00	7.86517E+00	8.23423E+04
8.00000E+00	8.14607E+00	8.14606E+04
8.00000E+00	8.42697E+00	8.05430E+04
8.00000E+00	8.70787E+00	7.95955E+04
8.00000E+00	8.98876E+00	7.86245E+04
8.00000E+00	9.26966E+00	7.76358E+04
8.00000E+00	9.55056E+00	7.66354E+04
8.00000E+00	9.83146E+00	7.56284E+04
8.00000E+00	1.01124E+01	7.46200E+04
8.00000E+00	1.03933E+01	7.36144E+04
8.00000E+00	1.06742E+01	7.26156E+04
8.00000E+00	1.09551E+01	7.16267E+04
8.00000E+00	1.12360E+01	7.06505E+04
8.00000E+00	1.15169E+01	6.96894E+04
8.00000E+00	1.17978E+01	6.87451E+04
8.00000E+00	1.20787E+01	6.78191E+04
8.00000E+00	1.23596E+01	6.69124E+04
8.00000E+00	1.26404E+01	6.60259E+04
8.00000E+00	1.29213E+01	6.51599E+04
8.00000E+00	1.32022E+01	6.43146E+04
8.00000E+00	1.34831E+01	6.34902E+04
8.00000E+00	1.37640E+01	6.26863E+04
8.00000E+00	1.40449E+01	6.19026E+04
8.00000E+00	1.43258E+01	6.11385E+04
8.00000E+00	1.46067E+01	6.03934E+04
8.00000E+00	1.48876E+01	5.96666E+04
8.00000E+00	1.51685E+01	5.89571E+04
8.00000E+00	1.54494E+01	5.82642E+04
8.00000E+00	1.57303E+01	5.75870E+04
8.00000E+00	1.60112E+01	5.69247E+04
8.00000E+00	1.62921E+01	5.62766E+04
8.00000E+00	1.65730E+01	5.56419E+04
8.00000E+00	1.68539E+01	5.50201E+04
8.00000E+00	1.71348E+01	5.44106E+04
8.00000E+00	1.74157E+01	5.38128E+04
8.00000E+00	1.76966E+01	5.32264E+04
8.00000E+00	1.79775E+01	5.26508E+04
8.00000E+00	1.82584E+01	5.20857E+04
8.00000E+00	1.85393E+01	5.15307E+04
8.00000E+00	1.88202E+01	5.09854E+04
8.00000E+00	1.91011E+01	5.04496E+04
8.00000E+00	1.93820E+01	4.99230E+04
8.00000E+00	1.96629E+01	4.94053E+04
8.00000E+00	1.99438E+01	4.88963E+04
8.00000E+00	2.02247E+01	4.83957E+04
8.00000E+00	2.05056E+01	4.79034E+04
8.00000E+00	2.07865E+01	4.74191E+04
8.00000E+00	2.10674E+01	4.69428E+04
8.00000E+00	2.13483E+01	4.64741E+04
8.00000E+00	2.16292E+01	4.60131E+04
8.00000E+00	2.19101E+01	4.55595E+04
8.00000E+00	2.21910E+01	4.51131E+04
8.00000E+00	2.24719E+01	4.46738E+04
8.00000E+00	2.27528E+01	4.42415E+04
8.00000E+00	2.30337E+01	4.38160E+04
8.00000E+00	2.33146E+01	4.33971E+04
8.00000E+00	2.35955E+01	4.29848E+04
8.00000E+00	2.38764E+01	4.25789E+04
8.00000E+00	2.41573E+01	4.21795E+04
8.00000E+00	2.44382E+01	4.17865E+04
8.00000E+00	2.47191E+01	4.13998E+04
8.00000E+00	2.50000E+01	4.10193E+04
9.00000E+00	0.00000E+00	7.46257E+04
9.00000E+00	2.80899E-01	7.54231E+04
9.00000E+00	5.61798E-01	7.62988E+04
9.00000E+00	8.42697E-01	7.72197E+04
9.00000E+00	1.12360E+00	7.81633E+04
9.00000E+00	1.40449E+00	7.91471E+04
9.00000E+00	1.68539E+00	8.02710E+04
9.00000E+00	1.96629E+00	8.16202E+04
9.00000E+00	2.24719E+00	8.30032E+04
9.00000E+00	2.52809E+00	8.42685E+04
9.00000E+00	2.80899E+00	8.53307E+04
9.00000E+00	3.08989E+00	8.61638E+04
9.00000E+00	3.37079E+00	8.67813E+04
9.00000E+00	3.65169E+00	8.72141E+04
9.00000E+00	3.93258E+00	8.74943E+04
9.00000E+00	4.21348E+00	8.76474E+04
9.00000E+00	4.49438E+00	8.76909E+04
9.00000E+00	4.77528E+00	8.76358E+04
9.00000E+00	5.05618E+00	8.74891E+04
9.00000E+00	5.33708E+00	8.72553E+04
9.00000E+00	5.61798E+00	8.69382E+04
9.00000E+00	5.89888E+00	8.65416E+04
9.00000E+00	6.17978E+00	8.60695E+04
9.00000E+00	6.46067E+00	8.55265E+04
9.00000E+00	6.74157E+00	8.49173E+04
9.00000E+00	7.02247E+00	8.42470E+04
9.00000E+00	7.30337E+00	8.35208E+04
9.00000E+00	7.58427E+00	8.27439E+04
9.00000E+00	7.86517E+00	8.19217E+04
9.00000E+00	8.14607E+00	8.10597E+04
9.00000E+00	8.42697E+00	8.01633E+04
9.00000E+00	8.70787E+00	7.92383E+04
9.00000E+00	8.98876E+00	7.82902E+04
9.00000E+00	9.26966E+00	7.73246E+04
9.00000E+00	9.55056E+00	7.63469E+04
9.00000E+00	9.83146E+00	7.53621E+04
9.00000E+00	1.01124E+01	7.43748E+04
9.00000E+00	1.03933E+01	7.33892E+04
9.00000E+00	1.06742E+01	7.24091E+04
9.00000E+00	1.09551E+01	7.14376E+04
9.00000E+00	1.12360E+01	7.04775E+04
9.00000E+00	1.15169E+01	6.95311E+04
9.00000E+00	1.17978E+01	6.86003E+04
9.00000E+00	1.20787E+01	6.76865E+04
9.00000E+00	1.23596E+01	6.67908E+04
9.00000E+00	1.26404E+01	6.59142E+04
9.00000E+00	1.29213E+01	6.50570E+04
9.00000E+00	1.32022E+01	6.42197E+04
9.00000E+00	1.34831E+01	6.34022E+04
9.00000E+00	1.37640E+01	6.26044E+04
9.00000E+00	1.40449E+01	6.18260E+04
9.00000E+00	1.43258E+01	6.10666E+04
9.00000E+00	1.46067E+01	6.03255E+04
9.00000E+00	1.48876E+01	5.96022E+04
9.00000E+00	1.51685E+01	5.88958E+04
9.00000E+00	1.54494E+01	5.82056E+04
9.00000E+00	1.57303E+01	5.75309E+04
9.00000E+00	1.60112E+01	5.68709E+04
9.00000E+00	1.62921E+01	5.62248E+04
9.00000E+00	1.65730E+01	5.55922E+04
9.00000E+00	1.68539E+01	5.49722E+04
9.00000E+00	1.71348E+01	5.43645E+04
9.00000E+00	1.74157E+01	5.37685E+04
9.00000E+00	1.76966E+01	5.31837E+04
9.00000E+00	1.79775E+01	5.26097E+04
9.00000E+00	1.82584E+01	5.20461E+04
9.00000E+00	1.85393E+01	5.14925E+04
9.00000E+00	1.88202E+01	5.09487E+04
9.00000E+00	1.91011E+01	5.04142E+04
9.00000E+00	1.93820E+01	4.98889E+04
9.00000E+00	1.96629E+01	4.93725E+04
9.00000E+00	1.99438E+01	4.88647E+04
9.00000E+00	2.02247E+01	4.83653E+04
9.00000E+00	2.05056E+01	4.78742E+04
9.00000E+00	2.07865E+01	4.73910E+04
9.00000E+00	2.10674E+01	4.69157E+04
9.00000E+00	2.13483E+01	4.64481E+04
9.00000E+00	2.16292E+01	4.59881E+04
9.00000E+00	2.19101E+01	4.55354E+04
9.00000E+00	2.21910E+01	4.50899E+04
9.00000E+00	2.24719E+01	4.46515E+04
9.00000E+00	2.27528E+01	4.42200E+04
9.00000E+00	2.30337E+01	4.37953E+04
9.00000E+00	2.33146E+01	4.33772E+04
9.00000E+00	2.35955E+01	4.29657E+04
9.00000E+00	2.38764E+01	4.25607E+04
9.00000E+00	2.41573E+01	4.21621E+04
9.00000E+00	2.44382E+01	4.17698E+04
9.00000E+00	2.47191E+01	4.13837E+04
9.00000E+00	2.50000E+01	4.10038E+04
1.00000E+01	0.00000E+00	7.63549E+04
1.00000E+01	2.80899E-01	7.70530E+04
1.00000E+01	5.61798E-01	7.78125E+04
1.00000E+01	8.42697E-01	7.86080E+04
1.00000E+01	1.12360E+00	7.94171E+04
1.00000E+01	1.40449E+00	8.02370E+04
1.00000E+01	1.68539E+00	8.11051E+04
1.00000E+01	1.96629E+00	8.21294E+04
1.00000E+01	2.24719E+00	8.32868E+04
1.00000E+01	2.52809E+00	8.44216E+04
1.00000E+01	2.80899E+00	8.54283E+04
1.00000E+01	3.08989E+00	8.62471E+04
1.00000E+01	3.37079E+00	8.68592E+04
1.00000E+01	3.65169E+00	8.72745E+04
1.00000E+01	3.93258E+00	8.75173E+04
1.00000E+01	4.21348E+00	8.76148E+04
1.00000E+01	4.49438E+00	8.75910E+04
1.00000E+01	4.77528E+00	8.74645E+04
1.00000E+01	5.05618E+00	8.72485E+04
1.00000E+01	5.33708E+00	8.69523E+04
1.00000E+01	5.61798E+00	8.65824E+04
1.00000E+01	5.89888E+00	8.61438E+04
1.00000E+01	6.17978E+00	8.56405E+04
1.00000E+01	6.46067E+00	8.50763E+04
1.00000E+01	6.74157E+00	8.44550E+04
1.00000E+01	7.02247E+00	8.37803E+04
1.00000E+01	7.30337E+00	8.30563E+04
1.00000E+01	7.58427E+00	8.22871E+04
1.00000E+01	7.86517E+00	8.14771E+04
1.00000E+01	8.14607E+00	8.06307E+04
1.00000E+01	8.42697E+00	7.97529E+04
1.00000E+01	8.70787E+00	7.88483E+04
1.00000E+01	8.98876E+00	7.79221E+04
1.00000E+01	9.26966E+00	7.69792E+04
1.00000E+01	9.55056E+00	7.60243E+04
1.00000E+01	9.83146E+00	7.50621E+04
1.00000E+01	1.01124E+01	7.40968E+04
1.00000E+01	1.03933E+01	7.31324E+04
1.00000E+01	1.06742E+01	7.21723E+04
1.00000E+01	1.09551E+01	7.12197E+04
1.00000E+01	1.12360E+01	7.02772E+04
1.00000E+01	1.15169E+01	6.93471E+04
1.00000E+01	1.17978E+01	6.84312E+04
1.00000E+01	1.20787E+01	6.75311E+04
1.00000E+01	1.23596E+01	6.66479E+04
1.00000E+01	1.26404E+01	6.57825E+04
1.00000E+01	1.29213E+01	6.49355E+04
1.00000E+01	1.32022E+01	6.41072E+04
1.00000E+01	1.34831E+01	6.32977E+04
1.00000E+01	1.37640E+01	6.25071E+04
1.00000E+01	1.40449E+01	6.17350E+04
1.00000E+01	1.43258E+01	6.09811E+04
1.00000E+01	1.46067E+01	6.02450E+04
1.00000E+01	1.48876E+01	5.95259E+04
1.00000E+01	1.51685E+01	5.88234E+04
1.00000E+01	1.54494E+01	5.81366E+04
1.00000E+01	1.57303E+01	5.74650E+04
1.00000E+01	1.60112E+01	5.68078E+04
1.00000E+01	1.62921E+01	5.61644E+04
1.00000E+01	1.65730E+01	5.55341E+04
1.00000E+01	1.68539E+01	5.49165E+04
1.00000E+01	1.71348E+01	5.43109E+04
1.00000E+01	1.74157E+01	5.37170E+04
1.00000E+01	1.76966E+01	5.31341E+04
1.00000E+01	1.79775E+01	5.25620E+04
1.00000E+01	1.82584E+01	5.20002E+04
1.00000E+01	1.85393E+01	5.14483E+04
1.00000E+01	1.88202E+01	5.09061E+04
1.00000E+01	1.91011E+01	5.03733E+04
1.00000E+01	1.93820E+01	4.98495E+04
1.00000E+01	1.96629E+01	4.93346E+04
1.00000E+01	1.99438E+01	4.88282E+04
1.00000E+01	2.02247E+01	4.83302E+04
1.00000E+01	2.05056E+01	4.78404E+04
1.00000E+01	2.07865E+01	4.73586E+04
1.00000E+01	2.10674E+01	4.68845E+04
1.00000E+01	2.13483E+01	4.64181E+04
1.00000E+01	2.16292E+01	4.59592E+04
1.00000E+01	2.19101E+01	4.55076E+04
1.00000E+01	2.21910E+01	4.50632E+04
1.00000E+01	2.24719E+01	4.46258E+04
1.00000E+01	2.27528E+01	4.41953E+04
1.00000E+01	2.30337E+01	4.37715E+04
1.00000E+01	2.33146E+01	4.33544E+04
1.00000E+01	2.35955E+01	4.29438E+04
1.00000E+01	2.38764E+01	4.25397E+04
1.00000E+01	2.41573E+01	4.21419E+04
1.00000E+01	2.44382E+01	4.17503E+04
1.00000E+01	2.47191E+01	4.13650E+04
1.00000E+01	2.50000E+01	4.09857E+04
