1.00000E-04	0.00000E+00	1.57405E+07
1.00000E-04	2.80899E-01	4.16298E+06
1.00000E-04	5.61798E-01	6.06295E+06
1.00000E-04	8.42697E-01	5.58123E+06
1.00000E-04	1.12360E+00	5.23287E+06
1.00000E-04	1.40449E+00	5.14296E+06
1.00000E-04	1.68539E+00	5.14754E+06
1.00000E-04	1.96629E+00	5.39065E+06
1.00000E-04	2.24719E+00	5.78239E+06
1.00000E-04	2.52809E+00	6.31948E+06
1.00000E-04	2.80899E+00	6.96528E+06
1.00000E-04	3.08989E+00	7.74058E+06
1.00000E-04	3.37079E+00	8.75217E+06
1.00000E-04	3.65169E+00	9.79223E+06
1.00000E-04	3.93258E+00	1.05216E+07
1.00000E-04	4.21348E+00	1.08956E+07
1.00000E-04	4.49438E+00	1.09400E+07
1.00000E-04	4.77528E+00	1.07611E+07
1.00000E-04	5.05618E+00	1.04358E+07
1.00000E-04	5.33708E+00	1.00366E+07
1.00000E-04	5.61798E+00	9.59337E+06
1.00000E-04	5.89888E+00	9.12646E+06
1.00000E-04	6.17978E+00	8.64940E+06
1.00000E-04	6.46067E+00	8.18785E+06
1.00000E-04	6.74157E+00	7.75577E+06
1.00000E-04	7.02247E+00	7.35614E+06
1.00000E-04	7.30337E+00	6.99008E+06
1.00000E-04	7.58427E+00	6.65591E+06
1.00000E-04	7.86517E+00	6.35210E+06
1.00000E-04	8.14607E+00	6.07630E+06
1.00000E-04	8.42697E+00	5.82565E+06
1.00000E-04	8.70787E+00	5.59963E+06
1.00000E-04	8.98876E+00	5.39512E+06
1.00000E-04	9.26966E+00	5.21310E+06
1.00000E-04	9.55056E+00	5.04919E+06
1.00000E-04	9.83146E+00	4.90460E+06
1.00000E-04	1.01124E+01	4.77639E+06
1.00000E-04	1.03933E+01	4.66417E+06
1.00000E-04	1.06742E+01	4.56682E+06
1.00000E-04	1.09551E+01	4.48146E+06
1.00000E-04	1.12360E+01	4.41048E+06
1.00000E-04	1.15169E+01	4.34622E+06
1.00000E-04	1.17978E+01	4.29110E+06
1.00000E-04	1.20787E+01	4.24314E+06
1.00000E-04	1.23596E+01	4.20100E+06
1.00000E-04	1.26404E+01	4.16222E+06
1.00000E-04	1.29213E+01	4.12907E+06
1.00000E-04	1.32022E+01	4.10042E+06
1.00000E-04	1.34831E+01	4.07310E+06
1.00000E-04	1.37640E+01	4.04913E+06
1.00000E-04	1.40449E+01	4.02875E+06
1.00000E-04	1.43258E+01	4.00855E+06
1.00000E-04	1.46067E+01	3.99035E+06
1.00000E-04	1.48876E+01	3.97193E+06
1.00000E-04	1.51685E+01	3.95427E+06
1.00000E-04	1.54494E+01	3.93735E+06
1.00000E-04	1.57303E+01	3.92023E+06
1.00000E-04	1.60112E+01	3.90123E+06
1.00000E-04	1.62921E+01	3.88245E+06
1.00000E-04	1.65730E+01	3.86434E+06
1.00000E-04	1.68539E+01	3.84280E+06
1.00000E-04	1.71348E+01	3.82112E+06
1.00000E-04	1.74157E+01	3.79808E+06
1.00000E-04	1.76966E+01	3.77599E+06
1.00000E-04	1.79775E+01	3.75200E+06
1.00000E-04	1.82584E+01	3.72807E+06
1.00000E-04	1.85393E+01	3.70216E+06
1.00000E-04	1.88202E+01	3.67625E+06
1.00000E-04	1.91011E+01	3.64944E+06
1.00000E-04	1.93820E+01	3.62168E+06
1.00000E-04	1.96629E+01	3.59549E+06
1.00000E-04	1.99438E+01	3.56832E+06
1.00000E-04	2.02247E+01	3.53888E+06
1.00000E-04	2.05056E+01	3.50987E+06
1.00000E-04	2.07865E+01	3.48182E+06
1.00000E-04	2.10674E+01	3.45030E+06
1.00000E-04	2.13483E+01	3.42091E+06
1.00000E-04	2.16292E+01	3.39024E+06
1.00000E-04	2.19101E+01	3.35916E+06
1.00000E-04	2.21910E+01	3.32794E+06
1.00000E-04	2.24719E+01	3.29653E+06
1.00000E-04	2.27528E+01	3.26477E+06
1.00000E-04	2.30337E+01	3.23376E+06
1.00000E-04	2.33146E+01	3.20209E+06
1.00000E-04	2.35955E+01	3.17041E+06
1.00000E-04	2.38764E+01	3.13925E+06
1.00000E-04	2.41573E+01	3.10862E+06
1.00000E-04	2.44382E+01	3.07717E+06
1.00000E-04	2.47191E+01	3.04682E+06
1.00000E-04	2.50000E+01	3.01597E+06
5.00000E-04	0.00000E+00	8.60352E+06
5.00000E-04	2.80899E-01	4.16228E+06
5.00000E-04	5.61798E-01	6.06299E+06
5.00000E-04	8.42697E-01	5.58175E+06
5.00000E-04	1.12360E+00	5.23213E+06
5.00000E-04	1.40449E+00	5.14294E+06
5.00000E-04	1.68539E+00	5.14754E+06
5.00000E-04	1.96629E+00	5.39065E+06
5.00000E-04	2.24719E+00	5.78239E+06
5.00000E-04	2.52809E+00	6.31948E+06
5.00000E-04	2.80899E+00	6.96528E+06
5.00000E-04	3.08989E+00	7.74129E+06
5.00000E-04	3.37079E+00	8.75218E+06
5.00000E-04	3.65169E+00	9.79203E+06
5.00000E-04	3.93258E+00	1.05218E+07
5.00000E-04	4.21348E+00	1.08933E+07
5.00000E-04	4.49438E+00	1.09400E+07
5.00000E-04	4.77528E+00	1.07611E+07
5.00000E-04	5.05618E+00	1.04358E+07
5.00000E-04	5.33708E+00	1.00366E+07
5.00000E-04	5.61798E+00	9.59337E+06
5.00000E-04	5.89888E+00	9.12645E+06
5.00000E-04	6.17978E+00	8.64940E+06
5.00000E-04	6.46067E+00	8.18785E+06
5.00000E-04	6.74157E+00	7.75577E+06
5.00000E-04	7.02247E+00	7.35614E+06
5.00000E-04	7.30337E+00	6.99010E+06
5.00000E-04	7.58427E+00	6.65591E+06
5.00000E-04	7.86517E+00	6.35210E+06
5.00000E-04	8.14607E+00	6.07630E+06
5.00000E-04	8.42697E+00	5.82565E+06
5.00000E-04	8.70787E+00	5.59963E+06
5.00000E-04	8.98876E+00	5.39534E+06
5.00000E-04	9.26966E+00	5.21310E+06
5.00000E-04	9.55056E+00	5.04919E+06
5.00000E-04	9.83146E+00	4.90460E+06
5.00000E-04	1.01124E+01	4.77639E+06
5.00000E-04	1.03933E+01	4.66403E+06
5.00000E-04	1.06742E+01	4.56682E+06
5.00000E-04	1.09551E+01	4.48146E+06
5.00000E-04	1.12360E+01	4.41048E+06
5.00000E-04	1.15169E+01	4.34622E+06
5.00000E-04	1.17978E+01	4.29110E+06
5.00000E-04	1.20787E+01	4.24314E+06
5.00000E-04	1.23596E+01	4.20100E+06
5.00000E-04	1.26404E+01	4.16222E+06
5.00000E-04	1.29213E+01	4.12907E+06
5.00000E-04	1.32022E+01	4.10042E+06
5.00000E-04	1.34831E+01	4.07310E+06
5.00000E-04	1.37640E+01	4.04913E+06
5.00000E-04	1.40449E+01	4.02875E+06
5.00000E-04	1.43258E+01	4.00855E+06
5.00000E-04	1.46067E+01	3.99035E+06
5.00000E-04	1.48876E+01	3.97193E+06
5.00000E-04	1.51685E+01	3.95427E+06
5.00000E-04	1.54494E+01	3.93735E+06
5.00000E-04	1.57303E+01	3.92023E+06
5.00000E-04	1.60112E+01	3.90123E+06
5.00000E-04	1.62921E+01	3.88245E+06
5.00000E-04	1.65730E+01	3.86434E+06
5.00000E-04	1.68539E+01	3.84280E+06
5.00000E-04	1.71348E+01	3.82112E+06
5.00000E-04	1.74157E+01	3.79808E+06
5.00000E-04	1.76966E+01	3.77599E+06
5.00000E-04	1.79775E+01	3.75200E+06
5.00000E-04	1.82584E+01	3.72807E+06
5.00000E-04	1.85393E+01	3.70216E+06
5.00000E-04	1.88202E+01	3.67625E+06
5.00000E-04	1.91011E+01	3.64945E+06
5.00000E-04	1.93820E+01	3.62168E+06
5.00000E-04	1.96629E+01	3.59549E+06
5.00000E-04	1.99438E+01	3.56812E+06
5.00000E-04	2.02247E+01	3.53888E+06
5.00000E-04	2.05056E+01	3.50987E+06
5.00000E-04	2.07865E+01	3.48182E+06
5.00000E-04	2.10674E+01	3.45030E+06
5.00000E-04	2.13483E+01	3.42091E+06
5.00000E-04	2.16292E+01	3.39024E+06
5.00000E-04	2.19101E+01	3.35916E+06
5.00000E-04	2.21910E+01	3.32794E+06
5.00000E-04	2.24719E+01	3.29653E+06
5.00000E-04	2.27528E+01	3.26477E+06
5.00000E-04	2.30337E+01	3.23376E+06
5.00000E-04	2.33146E+01	3.20209E+06
5.00000E-04	2.35955E+01	3.17041E+06
5.00000E-04	2.38764E+01	3.13925E+06
5.00000E-04	2.41573E+01	3.10862E+06
5.00000E-04	2.44382E+01	3.07717E+06
5.00000E-04	2.47191E+01	3.04682E+06
5.00000E-04	2.50000E+01	3.01597E+06
1.00000E-03	0.00000E+00	6.93145E+06
1.00000E-03	2.80899E-01	4.16223E+06
1.00000E-03	5.61798E-01	6.06300E+06
1.00000E-03	8.42697E-01	5.58209E+06
1.00000E-03	1.12360E+00	5.23153E+06
1.00000E-03	1.40449E+00	5.14274E+06
1.00000E-03	1.68539E+00	5.14756E+06
1.00000E-03	1.96629E+00	5.39065E+06
1.00000E-03	2.24719E+00	5.78233E+06
1.00000E-03	2.52809E+00	6.31943E+06
1.00000E-03	2.80899E+00	6.96527E+06
1.00000E-03	3.08989E+00	7.74280E+06
1.00000E-03	3.37079E+00	8.75243E+06
1.00000E-03	3.65169E+00	9.79068E+06
1.00000E-03	3.93258E+00	1.05230E+07
1.00000E-03	4.21348E+00	1.08924E+07
1.00000E-03	4.49438E+00	1.09396E+07
1.00000E-03	4.77528E+00	1.07609E+07
1.00000E-03	5.05618E+00	1.04360E+07
1.00000E-03	5.33708E+00	1.00366E+07
1.00000E-03	5.61798E+00	9.59337E+06
1.00000E-03	5.89888E+00	9.12633E+06
1.00000E-03	6.17978E+00	8.64940E+06
1.00000E-03	6.46067E+00	8.18785E+06
1.00000E-03	6.74157E+00	7.75574E+06
1.00000E-03	7.02247E+00	7.35614E+06
1.00000E-03	7.30337E+00	6.99010E+06
1.00000E-03	7.58427E+00	6.65591E+06
1.00000E-03	7.86517E+00	6.35210E+06
1.00000E-03	8.14607E+00	6.07630E+06
1.00000E-03	8.42697E+00	5.82565E+06
1.00000E-03	8.70787E+00	5.59963E+06
1.00000E-03	8.98876E+00	5.39538E+06
1.00000E-03	9.26966E+00	5.21310E+06
1.00000E-03	9.55056E+00	5.04919E+06
1.00000E-03	9.83146E+00	4.90460E+06
1.00000E-03	1.01124E+01	4.77639E+06
1.00000E-03	1.03933E+01	4.66402E+06
1.00000E-03	1.06742E+01	4.56682E+06
1.00000E-03	1.09551E+01	4.48146E+06
1.00000E-03	1.12360E+01	4.41048E+06
1.00000E-03	1.15169E+01	4.34622E+06
1.00000E-03	1.17978E+01	4.29110E+06
1.00000E-03	1.20787E+01	4.24313E+06
1.00000E-03	1.23596E+01	4.20100E+06
1.00000E-03	1.26404E+01	4.16222E+06
1.00000E-03	1.29213E+01	4.12908E+06
1.00000E-03	1.32022E+01	4.10042E+06
1.00000E-03	1.34831E+01	4.07310E+06
1.00000E-03	1.37640E+01	4.04913E+06
1.00000E-03	1.40449E+01	4.02875E+06
1.00000E-03	1.43258E+01	4.00855E+06
1.00000E-03	1.46067E+01	3.99035E+06
1.00000E-03	1.48876E+01	3.97193E+06
1.00000E-03	1.51685E+01	3.95427E+06
1.00000E-03	1.54494E+01	3.93735E+06
1.00000E-03	1.57303E+01	3.92023E+06
1.00000E-03	1.60112E+01	3.90123E+06
1.00000E-03	1.62921E+01	3.88245E+06
1.00000E-03	1.65730E+01	3.86434E+06
1.00000E-03	1.68539E+01	3.84280E+06
1.00000E-03	1.71348E+01	3.82112E+06
1.00000E-03	1.74157E+01	3.79812E+06
1.00000E-03	1.76966E+01	3.77599E+06
1.00000E-03	1.79775E+01	3.75200E+06
1.00000E-03	1.82584E+01	3.72807E+06
1.00000E-03	1.85393E+01	3.70216E+06
1.00000E-03	1.88202E+01	3.67625E+06
1.00000E-03	1.91011E+01	3.64947E+06
1.00000E-03	1.93820E+01	3.62168E+06
1.00000E-03	1.96629E+01	3.59549E+06
1.00000E-03	1.99438E+01	3.56782E+06
1.00000E-03	2.02247E+01	3.53888E+06
1.00000E-03	2.05056E+01	3.50987E+06
1.00000E-03	2.07865E+01	3.48182E+06
1.00000E-03	2.10674E+01	3.45030E+06
1.00000E-03	2.13483E+01	3.42091E+06
1.00000E-03	2.16292E+01	3.39024E+06
1.00000E-03	2.19101E+01	3.35916E+06
1.00000E-03	2.21910E+01	3.32794E+06
1.00000E-03	2.24719E+01	3.29653E+06
1.00000E-03	2.27528E+01	3.26477E+06
1.00000E-03	2.30337E+01	3.23376E+06
1.00000E-03	2.33146E+01	3.20209E+06
1.00000E-03	2.35955E+01	3.17041E+06
1.00000E-03	2.38764E+01	3.13925E+06
1.00000E-03	2.41573E+01	3.10862E+06
1.00000E-03	2.44382E+01	3.07717E+06
1.00000E-03	2.47191E+01	3.04682E+06
1.00000E-03	2.50000E+01	3.01597E+06
5.00000E-03	0.00000E+00	5.32413E+06
5.00000E-03	2.80899E-01	4.16227E+06
5.00000E-03	5.61798E-01	6.06302E+06
5.00000E-03	8.42697E-01	5.58216E+06
5.00000E-03	1.12360E+00	5.23112E+06
5.00000E-03	1.40449E+00	5.14226E+06
5.00000E-03	1.68539E+00	5.14764E+06
5.00000E-03	1.96629E+00	5.39036E+06
5.00000E-03	2.24719E+00	5.78164E+06
5.00000E-03	2.52809E+00	6.31932E+06
5.00000E-03	2.80899E+00	6.96515E+06
5.00000E-03	3.08989E+00	7.74495E+06
5.00000E-03	3.37079E+00	8.75313E+06
5.00000E-03	3.65169E+00	9.78656E+06
5.00000E-03	3.93258E+00	1.05268E+07
5.00000E-03	4.21348E+00	1.08916E+07
5.00000E-03	4.49438E+00	1.09367E+07
5.00000E-03	4.77528E+00	1.07593E+07
5.00000E-03	5.05618E+00	1.04372E+07
5.00000E-03	5.33708E+00	1.00361E+07
5.00000E-03	5.61798E+00	9.59365E+06
5.00000E-03	5.89888E+00	9.12583E+06
5.00000E-03	6.17978E+00	8.64920E+06
5.00000E-03	6.46067E+00	8.18787E+06
5.00000E-03	6.74157E+00	7.75547E+06
5.00000E-03	7.02247E+00	7.35600E+06
5.00000E-03	7.30337E+00	6.99010E+06
5.00000E-03	7.58427E+00	6.65590E+06
5.00000E-03	7.86517E+00	6.35215E+06
5.00000E-03	8.14607E+00	6.07617E+06
5.00000E-03	8.42697E+00	5.82563E+06
5.00000E-03	8.70787E+00	5.59963E+06
5.00000E-03	8.98876E+00	5.39541E+06
5.00000E-03	9.26966E+00	5.21300E+06
5.00000E-03	9.55056E+00	5.04919E+06
5.00000E-03	9.83146E+00	4.90454E+06
5.00000E-03	1.01124E+01	4.77635E+06
5.00000E-03	1.03933E+01	4.66400E+06
5.00000E-03	1.06742E+01	4.56681E+06
5.00000E-03	1.09551E+01	4.48147E+06
5.00000E-03	1.12360E+01	4.41005E+06
5.00000E-03	1.15169E+01	4.34597E+06
5.00000E-03	1.17978E+01	4.29111E+06
5.00000E-03	1.20787E+01	4.24261E+06
5.00000E-03	1.23596E+01	4.20098E+06
5.00000E-03	1.26404E+01	4.16224E+06
5.00000E-03	1.29213E+01	4.12960E+06
5.00000E-03	1.32022E+01	4.10041E+06
5.00000E-03	1.34831E+01	4.07335E+06
5.00000E-03	1.37640E+01	4.04958E+06
5.00000E-03	1.40449E+01	4.02874E+06
5.00000E-03	1.43258E+01	4.00856E+06
5.00000E-03	1.46067E+01	3.99035E+06
5.00000E-03	1.48876E+01	3.97199E+06
5.00000E-03	1.51685E+01	3.95427E+06
5.00000E-03	1.54494E+01	3.93735E+06
5.00000E-03	1.57303E+01	3.92021E+06
5.00000E-03	1.60112E+01	3.90124E+06
5.00000E-03	1.62921E+01	3.88252E+06
5.00000E-03	1.65730E+01	3.86426E+06
5.00000E-03	1.68539E+01	3.84280E+06
5.00000E-03	1.71348E+01	3.82112E+06
5.00000E-03	1.74157E+01	3.79854E+06
5.00000E-03	1.76966E+01	3.77610E+06
5.00000E-03	1.79775E+01	3.75200E+06
5.00000E-03	1.82584E+01	3.72803E+06
5.00000E-03	1.85393E+01	3.70216E+06
5.00000E-03	1.88202E+01	3.67628E+06
5.00000E-03	1.91011E+01	3.64955E+06
5.00000E-03	1.93820E+01	3.62168E+06
5.00000E-03	1.96629E+01	3.59549E+06
5.00000E-03	1.99438E+01	3.56741E+06
5.00000E-03	2.02247E+01	3.53888E+06
5.00000E-03	2.05056E+01	3.50990E+06
5.00000E-03	2.07865E+01	3.48175E+06
5.00000E-03	2.10674E+01	3.45030E+06
5.00000E-03	2.13483E+01	3.42091E+06
5.00000E-03	2.16292E+01	3.39024E+06
5.00000E-03	2.19101E+01	3.35916E+06
5.00000E-03	2.21910E+01	3.32794E+06
5.00000E-03	2.24719E+01	3.29653E+06
5.00000E-03	2.27528E+01	3.26477E+06
5.00000E-03	2.30337E+01	3.23373E+06
5.00000E-03	2.33146E+01	3.20204E+06
5.00000E-03	2.35955E+01	3.17041E+06
5.00000E-03	2.38764E+01	3.13926E+06
5.00000E-03	2.41573E+01	3.10853E+06
5.00000E-03	2.44382E+01	3.07717E+06
5.00000E-03	2.47191E+01	3.04682E+06
5.00000E-03	2.50000E+01	3.01597E+06
1.00000E-02	0.00000E+00	5.15766E+06
1.00000E-02	2.80899E-01	4.16236E+06
1.00000E-02	5.61798E-01	6.06307E+06
1.00000E-02	8.42697E-01	5.58217E+06
1.00000E-02	1.12360E+00	5.23112E+06
1.00000E-02	1.40449E+00	5.14226E+06
1.00000E-02	1.68539E+00	5.14764E+06
1.00000E-02	1.96629E+00	5.39036E+06
1.00000E-02	2.24719E+00	5.78164E+06
1.00000E-02	2.52809E+00	6.31933E+06
1.00000E-02	2.80899E+00	6.96515E+06
1.00000E-02	3.08989E+00	7.74501E+06
1.00000E-02	3.37079E+00	8.75313E+06
1.00000E-02	3.65169E+00	9.78630E+06
1.00000E-02	3.93258E+00	1.05271E+07
1.00000E-02	4.21348E+00	1.08916E+07
1.00000E-02	4.49438E+00	1.09361E+07
1.00000E-02	4.77528E+00	1.07591E+07
1.00000E-02	5.05618E+00	1.04373E+07
1.00000E-02	5.33708E+00	1.00360E+07
1.00000E-02	5.61798E+00	9.59378E+06
1.00000E-02	5.89888E+00	9.12577E+06
1.00000E-02	6.17978E+00	8.64908E+06
1.00000E-02	6.46067E+00	8.18788E+06
1.00000E-02	6.74157E+00	7.75540E+06
1.00000E-02	7.02247E+00	7.35596E+06
1.00000E-02	7.30337E+00	6.99010E+06
1.00000E-02	7.58427E+00	6.65590E+06
1.00000E-02	7.86517E+00	6.35217E+06
1.00000E-02	8.14607E+00	6.07604E+06
1.00000E-02	8.42697E+00	5.82557E+06
1.00000E-02	8.70787E+00	5.59966E+06
1.00000E-02	8.98876E+00	5.39541E+06
1.00000E-02	9.26966E+00	5.21290E+06
1.00000E-02	9.55056E+00	5.04918E+06
1.00000E-02	9.83146E+00	4.90440E+06
1.00000E-02	1.01124E+01	4.77620E+06
1.00000E-02	1.03933E+01	4.66401E+06
1.00000E-02	1.06742E+01	4.56672E+06
1.00000E-02	1.09551E+01	4.48160E+06
1.00000E-02	1.12360E+01	4.40970E+06
1.00000E-02	1.15169E+01	4.34568E+06
1.00000E-02	1.17978E+01	4.29109E+06
1.00000E-02	1.20787E+01	4.24234E+06
1.00000E-02	1.23596E+01	4.20079E+06
1.00000E-02	1.26404E+01	4.16243E+06
1.00000E-02	1.29213E+01	4.12987E+06
1.00000E-02	1.32022E+01	4.10043E+06
1.00000E-02	1.34831E+01	4.07364E+06
1.00000E-02	1.37640E+01	4.04994E+06
1.00000E-02	1.40449E+01	4.02860E+06
1.00000E-02	1.43258E+01	4.00866E+06
1.00000E-02	1.46067E+01	3.99035E+06
1.00000E-02	1.48876E+01	3.97216E+06
1.00000E-02	1.51685E+01	3.95430E+06
1.00000E-02	1.54494E+01	3.93735E+06
1.00000E-02	1.57303E+01	3.92005E+06
1.00000E-02	1.60112E+01	3.90137E+06
1.00000E-02	1.62921E+01	3.88265E+06
1.00000E-02	1.65730E+01	3.86402E+06
1.00000E-02	1.68539E+01	3.84281E+06
1.00000E-02	1.71348E+01	3.82111E+06
1.00000E-02	1.74157E+01	3.79864E+06
1.00000E-02	1.76966E+01	3.77621E+06
1.00000E-02	1.79775E+01	3.75200E+06
1.00000E-02	1.82584E+01	3.72774E+06
1.00000E-02	1.85393E+01	3.70218E+06
1.00000E-02	1.88202E+01	3.67640E+06
1.00000E-02	1.91011E+01	3.64954E+06
1.00000E-02	1.93820E+01	3.62176E+06
1.00000E-02	1.96629E+01	3.59549E+06
1.00000E-02	1.99438E+01	3.56735E+06
1.00000E-02	2.02247E+01	3.53882E+06
1.00000E-02	2.05056E+01	3.51000E+06
1.00000E-02	2.07865E+01	3.48147E+06
1.00000E-02	2.10674E+01	3.45035E+06
1.00000E-02	2.13483E+01	3.42090E+06
1.00000E-02	2.16292E+01	3.39028E+06
1.00000E-02	2.19101E+01	3.35916E+06
1.00000E-02	2.21910E+01	3.32794E+06
1.00000E-02	2.24719E+01	3.29652E+06
1.00000E-02	2.27528E+01	3.26480E+06
1.00000E-02	2.30337E+01	3.23362E+06
1.00000E-02	2.33146E+01	3.20194E+06
1.00000E-02	2.35955E+01	3.17041E+06
1.00000E-02	2.38764E+01	3.13935E+06
1.00000E-02	2.41573E+01	3.10838E+06
1.00000E-02	2.44382E+01	3.07717E+06
1.00000E-02	2.47191E+01	3.04681E+06
1.00000E-02	2.50000E+01	3.01597E+06
5.00000E-02	0.00000E+00	4.27596E+06
5.00000E-02	2.80899E-01	4.16506E+06
5.00000E-02	5.61798E-01	6.06391E+06
5.00000E-02	8.42697E-01	5.58246E+06
5.00000E-02	1.12360E+00	5.23128E+06
5.00000E-02	1.40449E+00	5.14221E+06
5.00000E-02	1.68539E+00	5.14780E+06
5.00000E-02	1.96629E+00	5.39047E+06
5.00000E-02	2.24719E+00	5.78177E+06
5.00000E-02	2.52809E+00	6.31945E+06
5.00000E-02	2.80899E+00	6.96529E+06
5.00000E-02	3.08989E+00	7.74523E+06
5.00000E-02	3.37079E+00	8.75326E+06
5.00000E-02	3.65169E+00	9.78627E+06
5.00000E-02	3.93258E+00	1.05270E+07
5.00000E-02	4.21348E+00	1.08916E+07
5.00000E-02	4.49438E+00	1.09360E+07
5.00000E-02	4.77528E+00	1.07590E+07
5.00000E-02	5.05618E+00	1.04372E+07
5.00000E-02	5.33708E+00	1.00360E+07
5.00000E-02	5.61798E+00	9.59376E+06
5.00000E-02	5.89888E+00	9.12574E+06
5.00000E-02	6.17978E+00	8.64905E+06
5.00000E-02	6.46067E+00	8.18787E+06
5.00000E-02	6.74157E+00	7.75539E+06
5.00000E-02	7.02247E+00	7.35596E+06
5.00000E-02	7.30337E+00	6.99010E+06
5.00000E-02	7.58427E+00	6.65590E+06
5.00000E-02	7.86517E+00	6.35217E+06
5.00000E-02	8.14607E+00	6.07599E+06
5.00000E-02	8.42697E+00	5.82555E+06
5.00000E-02	8.70787E+00	5.59968E+06
5.00000E-02	8.98876E+00	5.39542E+06
5.00000E-02	9.26966E+00	5.21288E+06
5.00000E-02	9.55056E+00	5.04917E+06
5.00000E-02	9.83146E+00	4.90433E+06
5.00000E-02	1.01124E+01	4.77611E+06
5.00000E-02	1.03933E+01	4.66403E+06
5.00000E-02	1.06742E+01	4.56655E+06
5.00000E-02	1.09551E+01	4.48190E+06
5.00000E-02	1.12360E+01	4.40946E+06
5.00000E-02	1.15169E+01	4.34552E+06
5.00000E-02	1.17978E+01	4.29109E+06
5.00000E-02	1.20787E+01	4.24222E+06
5.00000E-02	1.23596E+01	4.20043E+06
5.00000E-02	1.26404E+01	4.16281E+06
5.00000E-02	1.29213E+01	4.12999E+06
5.00000E-02	1.32022E+01	4.10043E+06
5.00000E-02	1.34831E+01	4.07381E+06
5.00000E-02	1.37640E+01	4.05019E+06
5.00000E-02	1.40449E+01	4.02828E+06
5.00000E-02	1.43258E+01	4.00885E+06
5.00000E-02	1.46067E+01	3.99012E+06
5.00000E-02	1.48876E+01	3.97226E+06
5.00000E-02	1.51685E+01	3.95437E+06
5.00000E-02	1.54494E+01	3.93717E+06
5.00000E-02	1.57303E+01	3.91979E+06
5.00000E-02	1.60112E+01	3.90163E+06
5.00000E-02	1.62921E+01	3.88269E+06
5.00000E-02	1.65730E+01	3.86379E+06
5.00000E-02	1.68539E+01	3.84285E+06
5.00000E-02	1.71348E+01	3.82071E+06
5.00000E-02	1.74157E+01	3.79867E+06
5.00000E-02	1.76966E+01	3.77624E+06
5.00000E-02	1.79775E+01	3.75195E+06
5.00000E-02	1.82584E+01	3.72699E+06
5.00000E-02	1.85393E+01	3.70225E+06
5.00000E-02	1.88202E+01	3.67653E+06
5.00000E-02	1.91011E+01	3.64954E+06
5.00000E-02	1.93820E+01	3.62244E+06
5.00000E-02	1.96629E+01	3.59539E+06
5.00000E-02	1.99438E+01	3.56730E+06
5.00000E-02	2.02247E+01	3.53856E+06
5.00000E-02	2.05056E+01	3.51006E+06
5.00000E-02	2.07865E+01	3.48097E+06
5.00000E-02	2.10674E+01	3.45082E+06
5.00000E-02	2.13483E+01	3.42069E+06
5.00000E-02	2.16292E+01	3.39055E+06
5.00000E-02	2.19101E+01	3.35945E+06
5.00000E-02	2.21910E+01	3.32778E+06
5.00000E-02	2.24719E+01	3.29638E+06
5.00000E-02	2.27528E+01	3.26506E+06
5.00000E-02	2.30337E+01	3.23338E+06
5.00000E-02	2.33146E+01	3.20183E+06
5.00000E-02	2.35955E+01	3.17066E+06
5.00000E-02	2.38764E+01	3.13951E+06
5.00000E-02	2.41573E+01	3.10821E+06
5.00000E-02	2.44382E+01	3.07721E+06
5.00000E-02	2.47191E+01	3.04660E+06
5.00000E-02	2.50000E+01	3.01597E+06
1.00000E-01	0.00000E+00	3.70956E+06
1.00000E-01	2.80899E-01	4.17261E+06
1.00000E-01	5.61798E-01	6.05986E+06
1.00000E-01	8.42697E-01	5.58329E+06
1.00000E-01	1.12360E+00	5.23173E+06
1.00000E-01	1.40449E+00	5.14202E+06
1.00000E-01	1.68539E+00	5.14828E+06
1.00000E-01	1.96629E+00	5.39081E+06
1.00000E-01	2.24719E+00	5.78216E+06
1.00000E-01	2.52809E+00	6.31983E+06
1.00000E-01	2.80899E+00	6.96569E+06
1.00000E-01	3.08989E+00	7.74589E+06
1.00000E-01	3.37079E+00	8.75367E+06
1.00000E-01	3.65169E+00	9.78618E+06
1.00000E-01	3.93258E+00	1.05268E+07
1.00000E-01	4.21348E+00	1.08912E+07
1.00000E-01	4.49438E+00	1.09358E+07
1.00000E-01	4.77528E+00	1.07588E+07
1.00000E-01	5.05618E+00	1.04371E+07
1.00000E-01	5.33708E+00	1.00359E+07
1.00000E-01	5.61798E+00	9.59366E+06
1.00000E-01	5.89888E+00	9.12566E+06
1.00000E-01	6.17978E+00	8.64901E+06
1.00000E-01	6.46067E+00	8.18785E+06
1.00000E-01	6.74157E+00	7.75538E+06
1.00000E-01	7.02247E+00	7.35595E+06
1.00000E-01	7.30337E+00	6.99009E+06
1.00000E-01	7.58427E+00	6.65590E+06
1.00000E-01	7.86517E+00	6.35217E+06
1.00000E-01	8.14607E+00	6.07599E+06
1.00000E-01	8.42697E+00	5.82555E+06
1.00000E-01	8.70787E+00	5.59968E+06
1.00000E-01	8.98876E+00	5.39543E+06
1.00000E-01	9.26966E+00	5.21289E+06
1.00000E-01	9.55056E+00	5.04918E+06
1.00000E-01	9.83146E+00	4.90434E+06
1.00000E-01	1.01124E+01	4.77612E+06
1.00000E-01	1.03933E+01	4.66404E+06
1.00000E-01	1.06742E+01	4.56656E+06
1.00000E-01	1.09551E+01	4.48191E+06
1.00000E-01	1.12360E+01	4.40946E+06
1.00000E-01	1.15169E+01	4.34553E+06
1.00000E-01	1.17978E+01	4.29109E+06
1.00000E-01	1.20787E+01	4.24222E+06
1.00000E-01	1.23596E+01	4.20043E+06
1.00000E-01	1.26404E+01	4.16282E+06
1.00000E-01	1.29213E+01	4.13000E+06
1.00000E-01	1.32022E+01	4.10044E+06
1.00000E-01	1.34831E+01	4.07381E+06
1.00000E-01	1.37640E+01	4.05019E+06
1.00000E-01	1.40449E+01	4.02829E+06
1.00000E-01	1.43258E+01	4.00885E+06
1.00000E-01	1.46067E+01	3.99010E+06
1.00000E-01	1.48876E+01	3.97226E+06
1.00000E-01	1.51685E+01	3.95437E+06
1.00000E-01	1.54494E+01	3.93717E+06
1.00000E-01	1.57303E+01	3.91979E+06
1.00000E-01	1.60112E+01	3.90163E+06
1.00000E-01	1.62921E+01	3.88269E+06
1.00000E-01	1.65730E+01	3.86379E+06
1.00000E-01	1.68539E+01	3.84285E+06
1.00000E-01	1.71348E+01	3.82068E+06
1.00000E-01	1.74157E+01	3.79867E+06
1.00000E-01	1.76966E+01	3.77623E+06
1.00000E-01	1.79775E+01	3.75195E+06
1.00000E-01	1.82584E+01	3.72697E+06
1.00000E-01	1.85393E+01	3.70225E+06
1.00000E-01	1.88202E+01	3.67652E+06
1.00000E-01	1.91011E+01	3.64954E+06
1.00000E-01	1.93820E+01	3.62247E+06
1.00000E-01	1.96629E+01	3.59539E+06
1.00000E-01	1.99438E+01	3.56729E+06
1.00000E-01	2.02247E+01	3.53856E+06
1.00000E-01	2.05056E+01	3.51005E+06
1.00000E-01	2.07865E+01	3.48095E+06
1.00000E-01	2.10674E+01	3.45084E+06
1.00000E-01	2.13483E+01	3.42068E+06
1.00000E-01	2.16292E+01	3.39055E+06
1.00000E-01	2.19101E+01	3.35946E+06
1.00000E-01	2.21910E+01	3.32777E+06
1.00000E-01	2.24719E+01	3.29638E+06
1.00000E-01	2.27528E+01	3.26506E+06
1.00000E-01	2.30337E+01	3.23337E+06
1.00000E-01	2.33146E+01	3.20183E+06
1.00000E-01	2.35955E+01	3.17068E+06
1.00000E-01	2.38764E+01	3.13951E+06
1.00000E-01	2.41573E+01	3.10820E+06
1.00000E-01	2.44382E+01	3.07721E+06
1.00000E-01	2.47191E+01	3.04658E+06
1.00000E-01	2.50000E+01	3.01597E+06
2.00000E-01	0.00000E+00	3.30312E+06
2.00000E-01	2.80899E-01	4.19770E+06
2.00000E-01	5.61798E-01	6.03497E+06
2.00000E-01	8.42697E-01	5.58612E+06
2.00000E-01	1.12360E+00	5.23332E+06
2.00000E-01	1.40449E+00	5.14142E+06
2.00000E-01	1.68539E+00	5.15011E+06
2.00000E-01	1.96629E+00	5.39214E+06
2.00000E-01	2.24719E+00	5.78372E+06
2.00000E-01	2.52809E+00	6.32135E+06
2.00000E-01	2.80899E+00	6.96732E+06
2.00000E-01	3.08989E+00	7.74840E+06
2.00000E-01	3.37079E+00	8.75530E+06
2.00000E-01	3.65169E+00	9.78584E+06
2.00000E-01	3.93258E+00	1.05257E+07
2.00000E-01	4.21348E+00	1.08900E+07
2.00000E-01	4.49438E+00	1.09348E+07
2.00000E-01	4.77528E+00	1.07580E+07
2.00000E-01	5.05618E+00	1.04365E+07
2.00000E-01	5.33708E+00	1.00355E+07
2.00000E-01	5.61798E+00	9.59329E+06
2.00000E-01	5.89888E+00	9.12536E+06
2.00000E-01	6.17978E+00	8.64883E+06
2.00000E-01	6.46067E+00	8.18776E+06
2.00000E-01	6.74157E+00	7.75533E+06
2.00000E-01	7.02247E+00	7.35593E+06
2.00000E-01	7.30337E+00	6.99008E+06
2.00000E-01	7.58427E+00	6.65591E+06
2.00000E-01	7.86517E+00	6.35218E+06
2.00000E-01	8.14607E+00	6.07600E+06
2.00000E-01	8.42697E+00	5.82557E+06
2.00000E-01	8.70787E+00	5.59969E+06
2.00000E-01	8.98876E+00	5.39547E+06
2.00000E-01	9.26966E+00	5.21291E+06
2.00000E-01	9.55056E+00	5.04923E+06
2.00000E-01	9.83146E+00	4.90437E+06
2.00000E-01	1.01124E+01	4.77616E+06
2.00000E-01	1.03933E+01	4.66407E+06
2.00000E-01	1.06742E+01	4.56659E+06
2.00000E-01	1.09551E+01	4.48195E+06
2.00000E-01	1.12360E+01	4.40947E+06
2.00000E-01	1.15169E+01	4.34557E+06
2.00000E-01	1.17978E+01	4.29109E+06
2.00000E-01	1.20787E+01	4.24226E+06
2.00000E-01	1.23596E+01	4.20044E+06
2.00000E-01	1.26404E+01	4.16284E+06
2.00000E-01	1.29213E+01	4.13001E+06
2.00000E-01	1.32022E+01	4.10045E+06
2.00000E-01	1.34831E+01	4.07383E+06
2.00000E-01	1.37640E+01	4.05019E+06
2.00000E-01	1.40449E+01	4.02830E+06
2.00000E-01	1.43258E+01	4.00885E+06
2.00000E-01	1.46067E+01	3.99011E+06
2.00000E-01	1.48876E+01	3.97226E+06
2.00000E-01	1.51685E+01	3.95438E+06
2.00000E-01	1.54494E+01	3.93717E+06
2.00000E-01	1.57303E+01	3.91978E+06
2.00000E-01	1.60112E+01	3.90163E+06
2.00000E-01	1.62921E+01	3.88269E+06
2.00000E-01	1.65730E+01	3.86377E+06
2.00000E-01	1.68539E+01	3.84284E+06
2.00000E-01	1.71348E+01	3.82068E+06
2.00000E-01	1.74157E+01	3.79867E+06
2.00000E-01	1.76966E+01	3.77622E+06
2.00000E-01	1.79775E+01	3.75194E+06
2.00000E-01	1.82584E+01	3.72697E+06
2.00000E-01	1.85393E+01	3.70224E+06
2.00000E-01	1.88202E+01	3.67651E+06
2.00000E-01	1.91011E+01	3.64954E+06
2.00000E-01	1.93820E+01	3.62247E+06
2.00000E-01	1.96629E+01	3.59538E+06
2.00000E-01	1.99438E+01	3.56728E+06
2.00000E-01	2.02247E+01	3.53855E+06
2.00000E-01	2.05056E+01	3.51005E+06
2.00000E-01	2.07865E+01	3.48094E+06
2.00000E-01	2.10674E+01	3.45084E+06
2.00000E-01	2.13483E+01	3.42068E+06
2.00000E-01	2.16292E+01	3.39054E+06
2.00000E-01	2.19101E+01	3.35946E+06
2.00000E-01	2.21910E+01	3.32777E+06
2.00000E-01	2.24719E+01	3.29638E+06
2.00000E-01	2.27528E+01	3.26506E+06
2.00000E-01	2.30337E+01	3.23337E+06
2.00000E-01	2.33146E+01	3.20183E+06
2.00000E-01	2.35955E+01	3.17067E+06
2.00000E-01	2.38764E+01	3.13951E+06
2.00000E-01	2.41573E+01	3.10820E+06
2.00000E-01	2.44382E+01	3.07721E+06
2.00000E-01	2.47191E+01	3.04658E+06
2.00000E-01	2.50000E+01	3.01596E+06
2.50000E-01	0.00000E+00	3.23808E+06
2.50000E-01	2.80899E-01	4.21340E+06
2.50000E-01	5.61798E-01	6.01815E+06
2.50000E-01	8.42697E-01	5.58775E+06
2.50000E-01	1.12360E+00	5.23440E+06
2.50000E-01	1.40449E+00	5.14108E+06
2.50000E-01	1.68539E+00	5.15142E+06
2.50000E-01	1.96629E+00	5.39314E+06
2.50000E-01	2.24719E+00	5.78490E+06
2.50000E-01	2.52809E+00	6.32249E+06
2.50000E-01	2.80899E+00	6.96856E+06
2.50000E-01	3.08989E+00	7.75024E+06
2.50000E-01	3.37079E+00	8.75650E+06
2.50000E-01	3.65169E+00	9.78560E+06
2.50000E-01	3.93258E+00	1.05249E+07
2.50000E-01	4.21348E+00	1.08890E+07
2.50000E-01	4.49438E+00	1.09341E+07
2.50000E-01	4.77528E+00	1.07574E+07
2.50000E-01	5.05618E+00	1.04361E+07
2.50000E-01	5.33708E+00	1.00351E+07
2.50000E-01	5.61798E+00	9.59301E+06
2.50000E-01	5.89888E+00	9.12513E+06
2.50000E-01	6.17978E+00	8.64870E+06
2.50000E-01	6.46067E+00	8.18769E+06
2.50000E-01	6.74157E+00	7.75529E+06
2.50000E-01	7.02247E+00	7.35591E+06
2.50000E-01	7.30337E+00	6.99007E+06
2.50000E-01	7.58427E+00	6.65591E+06
2.50000E-01	7.86517E+00	6.35218E+06
2.50000E-01	8.14607E+00	6.07601E+06
2.50000E-01	8.42697E+00	5.82559E+06
2.50000E-01	8.70787E+00	5.59970E+06
2.50000E-01	8.98876E+00	5.39549E+06
2.50000E-01	9.26966E+00	5.21293E+06
2.50000E-01	9.55056E+00	5.04926E+06
2.50000E-01	9.83146E+00	4.90439E+06
2.50000E-01	1.01124E+01	4.77619E+06
2.50000E-01	1.03933E+01	4.66410E+06
2.50000E-01	1.06742E+01	4.56662E+06
2.50000E-01	1.09551E+01	4.48198E+06
2.50000E-01	1.12360E+01	4.40948E+06
2.50000E-01	1.15169E+01	4.34560E+06
2.50000E-01	1.17978E+01	4.29110E+06
2.50000E-01	1.20787E+01	4.24229E+06
2.50000E-01	1.23596E+01	4.20045E+06
2.50000E-01	1.26404E+01	4.16286E+06
2.50000E-01	1.29213E+01	4.13002E+06
2.50000E-01	1.32022E+01	4.10045E+06
2.50000E-01	1.34831E+01	4.07384E+06
2.50000E-01	1.37640E+01	4.05018E+06
2.50000E-01	1.40449E+01	4.02831E+06
2.50000E-01	1.43258E+01	4.00884E+06
2.50000E-01	1.46067E+01	3.99012E+06
2.50000E-01	1.48876E+01	3.97226E+06
2.50000E-01	1.51685E+01	3.95439E+06
2.50000E-01	1.54494E+01	3.93717E+06
2.50000E-01	1.57303E+01	3.91977E+06
2.50000E-01	1.60112E+01	3.90162E+06
2.50000E-01	1.62921E+01	3.88269E+06
2.50000E-01	1.65730E+01	3.86376E+06
2.50000E-01	1.68539E+01	3.84283E+06
2.50000E-01	1.71348E+01	3.82068E+06
2.50000E-01	1.74157E+01	3.79867E+06
2.50000E-01	1.76966E+01	3.77621E+06
2.50000E-01	1.79775E+01	3.75194E+06
2.50000E-01	1.82584E+01	3.72697E+06
2.50000E-01	1.85393E+01	3.70223E+06
2.50000E-01	1.88202E+01	3.67651E+06
2.50000E-01	1.91011E+01	3.64954E+06
2.50000E-01	1.93820E+01	3.62247E+06
2.50000E-01	1.96629E+01	3.59537E+06
2.50000E-01	1.99438E+01	3.56728E+06
2.50000E-01	2.02247E+01	3.53855E+06
2.50000E-01	2.05056E+01	3.51004E+06
2.50000E-01	2.07865E+01	3.48093E+06
2.50000E-01	2.10674E+01	3.45083E+06
2.50000E-01	2.13483E+01	3.42068E+06
2.50000E-01	2.16292E+01	3.39053E+06
2.50000E-01	2.19101E+01	3.35945E+06
2.50000E-01	2.21910E+01	3.32777E+06
2.50000E-01	2.24719E+01	3.29637E+06
2.50000E-01	2.27528E+01	3.26505E+06
2.50000E-01	2.30337E+01	3.23337E+06
2.50000E-01	2.33146E+01	3.20183E+06
2.50000E-01	2.35955E+01	3.17067E+06
2.50000E-01	2.38764E+01	3.13950E+06
2.50000E-01	2.41573E+01	3.10820E+06
2.50000E-01	2.44382E+01	3.07721E+06
2.50000E-01	2.47191E+01	3.04657E+06
2.50000E-01	2.50000E+01	3.01596E+06
3.00000E-01	0.00000E+00	3.21534E+06
3.00000E-01	2.80899E-01	4.23102E+06
3.00000E-01	5.61798E-01	5.99969E+06
3.00000E-01	8.42697E-01	5.58925E+06
3.00000E-01	1.12360E+00	5.23563E+06
3.00000E-01	1.40449E+00	5.14078E+06
3.00000E-01	1.68539E+00	5.15299E+06
3.00000E-01	1.96629E+00	5.39436E+06
3.00000E-01	2.24719E+00	5.78636E+06
3.00000E-01	2.52809E+00	6.32388E+06
3.00000E-01	2.80899E+00	6.97008E+06
3.00000E-01	3.08989E+00	7.75245E+06
3.00000E-01	3.37079E+00	8.75794E+06
3.00000E-01	3.65169E+00	9.78531E+06
3.00000E-01	3.93258E+00	1.05239E+07
3.00000E-01	4.21348E+00	1.08878E+07
3.00000E-01	4.49438E+00	1.09332E+07
3.00000E-01	4.77528E+00	1.07567E+07
3.00000E-01	5.05618E+00	1.04356E+07
3.00000E-01	5.33708E+00	1.00348E+07
3.00000E-01	5.61798E+00	9.59266E+06
3.00000E-01	5.89888E+00	9.12485E+06
3.00000E-01	6.17978E+00	8.64853E+06
3.00000E-01	6.46067E+00	8.18760E+06
3.00000E-01	6.74157E+00	7.75524E+06
3.00000E-01	7.02247E+00	7.35589E+06
3.00000E-01	7.30337E+00	6.99006E+06
3.00000E-01	7.58427E+00	6.65592E+06
3.00000E-01	7.86517E+00	6.35218E+06
3.00000E-01	8.14607E+00	6.07602E+06
3.00000E-01	8.42697E+00	5.82561E+06
3.00000E-01	8.70787E+00	5.59971E+06
3.00000E-01	8.98876E+00	5.39552E+06
3.00000E-01	9.26966E+00	5.21295E+06
3.00000E-01	9.55056E+00	5.04930E+06
3.00000E-01	9.83146E+00	4.90442E+06
3.00000E-01	1.01124E+01	4.77623E+06
3.00000E-01	1.03933E+01	4.66413E+06
3.00000E-01	1.06742E+01	4.56665E+06
3.00000E-01	1.09551E+01	4.48201E+06
3.00000E-01	1.12360E+01	4.40949E+06
3.00000E-01	1.15169E+01	4.34564E+06
3.00000E-01	1.17978E+01	4.29110E+06
3.00000E-01	1.20787E+01	4.24232E+06
3.00000E-01	1.23596E+01	4.20045E+06
3.00000E-01	1.26404E+01	4.16288E+06
3.00000E-01	1.29213E+01	4.13003E+06
3.00000E-01	1.32022E+01	4.10046E+06
3.00000E-01	1.34831E+01	4.07385E+06
3.00000E-01	1.37640E+01	4.05018E+06
3.00000E-01	1.40449E+01	4.02832E+06
3.00000E-01	1.43258E+01	4.00884E+06
3.00000E-01	1.46067E+01	3.99012E+06
3.00000E-01	1.48876E+01	3.97226E+06
3.00000E-01	1.51685E+01	3.95440E+06
3.00000E-01	1.54494E+01	3.93717E+06
3.00000E-01	1.57303E+01	3.91976E+06
3.00000E-01	1.60112E+01	3.90162E+06
3.00000E-01	1.62921E+01	3.88269E+06
3.00000E-01	1.65730E+01	3.86375E+06
3.00000E-01	1.68539E+01	3.84283E+06
3.00000E-01	1.71348E+01	3.82068E+06
3.00000E-01	1.74157E+01	3.79866E+06
3.00000E-01	1.76966E+01	3.77620E+06
3.00000E-01	1.79775E+01	3.75193E+06
3.00000E-01	1.82584E+01	3.72697E+06
3.00000E-01	1.85393E+01	3.70222E+06
3.00000E-01	1.88202E+01	3.67650E+06
3.00000E-01	1.91011E+01	3.64953E+06
3.00000E-01	1.93820E+01	3.62246E+06
3.00000E-01	1.96629E+01	3.59537E+06
3.00000E-01	1.99438E+01	3.56727E+06
3.00000E-01	2.02247E+01	3.53855E+06
3.00000E-01	2.05056E+01	3.51004E+06
3.00000E-01	2.07865E+01	3.48092E+06
3.00000E-01	2.10674E+01	3.45083E+06
3.00000E-01	2.13483E+01	3.42067E+06
3.00000E-01	2.16292E+01	3.39052E+06
3.00000E-01	2.19101E+01	3.35945E+06
3.00000E-01	2.21910E+01	3.32777E+06
3.00000E-01	2.24719E+01	3.29637E+06
3.00000E-01	2.27528E+01	3.26505E+06
3.00000E-01	2.30337E+01	3.23336E+06
3.00000E-01	2.33146E+01	3.20182E+06
3.00000E-01	2.35955E+01	3.17067E+06
3.00000E-01	2.38764E+01	3.13950E+06
3.00000E-01	2.41573E+01	3.10820E+06
3.00000E-01	2.44382E+01	3.07721E+06
3.00000E-01	2.47191E+01	3.04657E+06
3.00000E-01	2.50000E+01	3.01596E+06
4.00000E-01	0.00000E+00	3.24249E+06
4.00000E-01	2.80899E-01	4.27809E+06
4.00000E-01	5.61798E-01	5.95935E+06
4.00000E-01	8.42697E-01	5.59125E+06
4.00000E-01	1.12360E+00	5.23834E+06
4.00000E-01	1.40449E+00	5.14042E+06
4.00000E-01	1.68539E+00	5.15683E+06
4.00000E-01	1.96629E+00	5.39750E+06
4.00000E-01	2.24719E+00	5.79010E+06
4.00000E-01	2.52809E+00	6.32742E+06
4.00000E-01	2.80899E+00	6.97397E+06
4.00000E-01	3.08989E+00	7.75802E+06
4.00000E-01	3.37079E+00	8.76152E+06
4.00000E-01	3.65169E+00	9.78458E+06
4.00000E-01	3.93258E+00	1.05214E+07
4.00000E-01	4.21348E+00	1.08849E+07
4.00000E-01	4.49438E+00	1.09309E+07
4.00000E-01	4.77528E+00	1.07548E+07
4.00000E-01	5.05618E+00	1.04343E+07
4.00000E-01	5.33708E+00	1.00338E+07
4.00000E-01	5.61798E+00	9.59176E+06
4.00000E-01	5.89888E+00	9.12413E+06
4.00000E-01	6.17978E+00	8.64811E+06
4.00000E-01	6.46067E+00	8.18737E+06
4.00000E-01	6.74157E+00	7.75510E+06
4.00000E-01	7.02247E+00	7.35582E+06
4.00000E-01	7.30337E+00	6.99002E+06
4.00000E-01	7.58427E+00	6.65592E+06
4.00000E-01	7.86517E+00	6.35219E+06
4.00000E-01	8.14607E+00	6.07604E+06
4.00000E-01	8.42697E+00	5.82565E+06
4.00000E-01	8.70787E+00	5.59974E+06
4.00000E-01	8.98876E+00	5.39560E+06
4.00000E-01	9.26966E+00	5.21300E+06
4.00000E-01	9.55056E+00	5.04940E+06
4.00000E-01	9.83146E+00	4.90449E+06
4.00000E-01	1.01124E+01	4.77632E+06
4.00000E-01	1.03933E+01	4.66421E+06
4.00000E-01	1.06742E+01	4.56672E+06
4.00000E-01	1.09551E+01	4.48210E+06
4.00000E-01	1.12360E+01	4.40952E+06
4.00000E-01	1.15169E+01	4.34573E+06
4.00000E-01	1.17978E+01	4.29112E+06
4.00000E-01	1.20787E+01	4.24239E+06
4.00000E-01	1.23596E+01	4.20048E+06
4.00000E-01	1.26404E+01	4.16293E+06
4.00000E-01	1.29213E+01	4.13005E+06
4.00000E-01	1.32022E+01	4.10048E+06
4.00000E-01	1.34831E+01	4.07387E+06
4.00000E-01	1.37640E+01	4.05018E+06
4.00000E-01	1.40449E+01	4.02835E+06
4.00000E-01	1.43258E+01	4.00884E+06
4.00000E-01	1.46067E+01	3.99014E+06
4.00000E-01	1.48876E+01	3.97225E+06
4.00000E-01	1.51685E+01	3.95442E+06
4.00000E-01	1.54494E+01	3.93717E+06
4.00000E-01	1.57303E+01	3.91975E+06
4.00000E-01	1.60112E+01	3.90161E+06
4.00000E-01	1.62921E+01	3.88270E+06
4.00000E-01	1.65730E+01	3.86371E+06
4.00000E-01	1.68539E+01	3.84281E+06
4.00000E-01	1.71348E+01	3.82068E+06
4.00000E-01	1.74157E+01	3.79866E+06
4.00000E-01	1.76966E+01	3.77617E+06
4.00000E-01	1.79775E+01	3.75192E+06
4.00000E-01	1.82584E+01	3.72697E+06
4.00000E-01	1.85393E+01	3.70220E+06
4.00000E-01	1.88202E+01	3.67648E+06
4.00000E-01	1.91011E+01	3.64953E+06
4.00000E-01	1.93820E+01	3.62246E+06
4.00000E-01	1.96629E+01	3.59535E+06
4.00000E-01	1.99438E+01	3.56726E+06
4.00000E-01	2.02247E+01	3.53855E+06
4.00000E-01	2.05056E+01	3.51002E+06
4.00000E-01	2.07865E+01	3.48090E+06
4.00000E-01	2.10674E+01	3.45082E+06
4.00000E-01	2.13483E+01	3.42067E+06
4.00000E-01	2.16292E+01	3.39050E+06
4.00000E-01	2.19101E+01	3.35943E+06
4.00000E-01	2.21910E+01	3.32776E+06
4.00000E-01	2.24719E+01	3.29636E+06
4.00000E-01	2.27528E+01	3.26503E+06
4.00000E-01	2.30337E+01	3.23336E+06
4.00000E-01	2.33146E+01	3.20182E+06
4.00000E-01	2.35955E+01	3.17066E+06
4.00000E-01	2.38764E+01	3.13949E+06
4.00000E-01	2.41573E+01	3.10819E+06
4.00000E-01	2.44382E+01	3.07720E+06
4.00000E-01	2.47191E+01	3.04656E+06
4.00000E-01	2.50000E+01	3.01595E+06
5.00000E-01	0.00000E+00	3.32333E+06
5.00000E-01	2.80899E-01	4.35083E+06
5.00000E-01	5.61798E-01	5.91567E+06
5.00000E-01	8.42697E-01	5.59106E+06
5.00000E-01	1.12360E+00	5.24115E+06
5.00000E-01	1.40449E+00	5.14051E+06
5.00000E-01	1.68539E+00	5.16156E+06
5.00000E-01	1.96629E+00	5.40158E+06
5.00000E-01	2.24719E+00	5.79491E+06
5.00000E-01	2.52809E+00	6.33195E+06
5.00000E-01	2.80899E+00	6.97901E+06
5.00000E-01	3.08989E+00	7.76506E+06
5.00000E-01	3.37079E+00	8.76596E+06
5.00000E-01	3.65169E+00	9.78367E+06
5.00000E-01	3.93258E+00	1.05180E+07
5.00000E-01	4.21348E+00	1.08812E+07
5.00000E-01	4.49438E+00	1.09280E+07
5.00000E-01	4.77528E+00	1.07523E+07
5.00000E-01	5.05618E+00	1.04326E+07
5.00000E-01	5.33708E+00	1.00325E+07
5.00000E-01	5.61798E+00	9.59060E+06
5.00000E-01	5.89888E+00	9.12320E+06
5.00000E-01	6.17978E+00	8.64755E+06
5.00000E-01	6.46067E+00	8.18707E+06
5.00000E-01	6.74157E+00	7.75493E+06
5.00000E-01	7.02247E+00	7.35573E+06
5.00000E-01	7.30337E+00	6.98996E+06
5.00000E-01	7.58427E+00	6.65592E+06
5.00000E-01	7.86517E+00	6.35219E+06
5.00000E-01	8.14607E+00	6.07607E+06
5.00000E-01	8.42697E+00	5.82571E+06
5.00000E-01	8.70787E+00	5.59978E+06
5.00000E-01	8.98876E+00	5.39570E+06
5.00000E-01	9.26966E+00	5.21307E+06
5.00000E-01	9.55056E+00	5.04952E+06
5.00000E-01	9.83146E+00	4.90458E+06
5.00000E-01	1.01124E+01	4.77644E+06
5.00000E-01	1.03933E+01	4.66432E+06
5.00000E-01	1.06742E+01	4.56682E+06
5.00000E-01	1.09551E+01	4.48222E+06
5.00000E-01	1.12360E+01	4.40957E+06
5.00000E-01	1.15169E+01	4.34583E+06
5.00000E-01	1.17978E+01	4.29115E+06
5.00000E-01	1.20787E+01	4.24248E+06
5.00000E-01	1.23596E+01	4.20050E+06
5.00000E-01	1.26404E+01	4.16299E+06
5.00000E-01	1.29213E+01	4.13008E+06
5.00000E-01	1.32022E+01	4.10051E+06
5.00000E-01	1.34831E+01	4.07391E+06
5.00000E-01	1.37640E+01	4.05019E+06
5.00000E-01	1.40449E+01	4.02839E+06
5.00000E-01	1.43258E+01	4.00884E+06
5.00000E-01	1.46067E+01	3.99016E+06
5.00000E-01	1.48876E+01	3.97225E+06
5.00000E-01	1.51685E+01	3.95443E+06
5.00000E-01	1.54494E+01	3.93716E+06
5.00000E-01	1.57303E+01	3.91973E+06
5.00000E-01	1.60112E+01	3.90160E+06
5.00000E-01	1.62921E+01	3.88270E+06
5.00000E-01	1.65730E+01	3.86367E+06
5.00000E-01	1.68539E+01	3.84278E+06
5.00000E-01	1.71348E+01	3.82068E+06
5.00000E-01	1.74157E+01	3.79865E+06
5.00000E-01	1.76966E+01	3.77614E+06
5.00000E-01	1.79775E+01	3.75190E+06
5.00000E-01	1.82584E+01	3.72696E+06
5.00000E-01	1.85393E+01	3.70218E+06
5.00000E-01	1.88202E+01	3.67645E+06
5.00000E-01	1.91011E+01	3.64952E+06
5.00000E-01	1.93820E+01	3.62245E+06
5.00000E-01	1.96629E+01	3.59532E+06
5.00000E-01	1.99438E+01	3.56723E+06
5.00000E-01	2.02247E+01	3.53854E+06
5.00000E-01	2.05056E+01	3.51000E+06
5.00000E-01	2.07865E+01	3.48088E+06
5.00000E-01	2.10674E+01	3.45081E+06
5.00000E-01	2.13483E+01	3.42066E+06
5.00000E-01	2.16292E+01	3.39047E+06
5.00000E-01	2.19101E+01	3.35941E+06
5.00000E-01	2.21910E+01	3.32775E+06
5.00000E-01	2.24719E+01	3.29635E+06
5.00000E-01	2.27528E+01	3.26501E+06
5.00000E-01	2.30337E+01	3.23335E+06
5.00000E-01	2.33146E+01	3.20181E+06
5.00000E-01	2.35955E+01	3.17064E+06
5.00000E-01	2.38764E+01	3.13947E+06
5.00000E-01	2.41573E+01	3.10818E+06
5.00000E-01	2.44382E+01	3.07720E+06
5.00000E-01	2.47191E+01	3.04655E+06
5.00000E-01	2.50000E+01	3.01594E+06
6.00000E-01	0.00000E+00	3.43287E+06
6.00000E-01	2.80899E-01	4.44698E+06
6.00000E-01	5.61798E-01	5.87029E+06
6.00000E-01	8.42697E-01	5.58792E+06
6.00000E-01	1.12360E+00	5.24375E+06
6.00000E-01	1.40449E+00	5.14112E+06
6.00000E-01	1.68539E+00	5.16710E+06
6.00000E-01	1.96629E+00	5.40662E+06
6.00000E-01	2.24719E+00	5.80075E+06
6.00000E-01	2.52809E+00	6.33747E+06
6.00000E-01	2.80899E+00	6.98521E+06
6.00000E-01	3.08989E+00	7.77351E+06
6.00000E-01	3.37079E+00	8.77120E+06
6.00000E-01	3.65169E+00	9.78255E+06
6.00000E-01	3.93258E+00	1.05139E+07
6.00000E-01	4.21348E+00	1.08767E+07
6.00000E-01	4.49438E+00	1.09243E+07
6.00000E-01	4.77528E+00	1.07493E+07
6.00000E-01	5.05618E+00	1.04305E+07
6.00000E-01	5.33708E+00	1.00309E+07
6.00000E-01	5.61798E+00	9.58917E+06
6.00000E-01	5.89888E+00	9.12206E+06
6.00000E-01	6.17978E+00	8.64686E+06
6.00000E-01	6.46067E+00	8.18669E+06
6.00000E-01	6.74157E+00	7.75471E+06
6.00000E-01	7.02247E+00	7.35562E+06
6.00000E-01	7.30337E+00	6.98990E+06
6.00000E-01	7.58427E+00	6.65591E+06
6.00000E-01	7.86517E+00	6.35220E+06
6.00000E-01	8.14607E+00	6.07610E+06
6.00000E-01	8.42697E+00	5.82578E+06
6.00000E-01	8.70787E+00	5.59983E+06
6.00000E-01	8.98876E+00	5.39581E+06
6.00000E-01	9.26966E+00	5.21316E+06
6.00000E-01	9.55056E+00	5.04965E+06
6.00000E-01	9.83146E+00	4.90469E+06
6.00000E-01	1.01124E+01	4.77658E+06
6.00000E-01	1.03933E+01	4.66445E+06
6.00000E-01	1.06742E+01	4.56694E+06
6.00000E-01	1.09551E+01	4.48235E+06
6.00000E-01	1.12360E+01	4.40964E+06
6.00000E-01	1.15169E+01	4.34596E+06
6.00000E-01	1.17978E+01	4.29119E+06
6.00000E-01	1.20787E+01	4.24258E+06
6.00000E-01	1.23596E+01	4.20054E+06
6.00000E-01	1.26404E+01	4.16306E+06
6.00000E-01	1.29213E+01	4.13012E+06
6.00000E-01	1.32022E+01	4.10055E+06
6.00000E-01	1.34831E+01	4.07395E+06
6.00000E-01	1.37640E+01	4.05021E+06
6.00000E-01	1.40449E+01	4.02843E+06
6.00000E-01	1.43258E+01	4.00884E+06
6.00000E-01	1.46067E+01	3.99017E+06
6.00000E-01	1.48876E+01	3.97224E+06
6.00000E-01	1.51685E+01	3.95445E+06
6.00000E-01	1.54494E+01	3.93715E+06
6.00000E-01	1.57303E+01	3.91971E+06
6.00000E-01	1.60112E+01	3.90158E+06
6.00000E-01	1.62921E+01	3.88269E+06
6.00000E-01	1.65730E+01	3.86363E+06
6.00000E-01	1.68539E+01	3.84275E+06
6.00000E-01	1.71348E+01	3.82067E+06
6.00000E-01	1.74157E+01	3.79863E+06
6.00000E-01	1.76966E+01	3.77609E+06
6.00000E-01	1.79775E+01	3.75188E+06
6.00000E-01	1.82584E+01	3.72696E+06
6.00000E-01	1.85393E+01	3.70215E+06
6.00000E-01	1.88202E+01	3.67641E+06
6.00000E-01	1.91011E+01	3.64950E+06
6.00000E-01	1.93820E+01	3.62244E+06
6.00000E-01	1.96629E+01	3.59529E+06
6.00000E-01	1.99438E+01	3.56721E+06
6.00000E-01	2.02247E+01	3.53853E+06
6.00000E-01	2.05056E+01	3.50998E+06
6.00000E-01	2.07865E+01	3.48085E+06
6.00000E-01	2.10674E+01	3.45080E+06
6.00000E-01	2.13483E+01	3.42064E+06
6.00000E-01	2.16292E+01	3.39044E+06
6.00000E-01	2.19101E+01	3.35938E+06
6.00000E-01	2.21910E+01	3.32775E+06
6.00000E-01	2.24719E+01	3.29634E+06
6.00000E-01	2.27528E+01	3.26499E+06
6.00000E-01	2.30337E+01	3.23334E+06
6.00000E-01	2.33146E+01	3.20181E+06
6.00000E-01	2.35955E+01	3.17063E+06
6.00000E-01	2.38764E+01	3.13946E+06
6.00000E-01	2.41573E+01	3.10817E+06
6.00000E-01	2.44382E+01	3.07719E+06
6.00000E-01	2.47191E+01	3.04654E+06
6.00000E-01	2.50000E+01	3.01593E+06
7.00000E-01	0.00000E+00	3.55862E+06
7.00000E-01	2.80899E-01	4.55255E+06
7.00000E-01	5.61798E-01	5.82605E+06
7.00000E-01	8.42697E-01	5.58135E+06
7.00000E-01	1.12360E+00	5.24588E+06
7.00000E-01	1.40449E+00	5.14226E+06
7.00000E-01	1.68539E+00	5.17336E+06
7.00000E-01	1.96629E+00	5.41259E+06
7.00000E-01	2.24719E+00	5.80755E+06
7.00000E-01	2.52809E+00	6.34398E+06
7.00000E-01	2.80899E+00	6.99256E+06
7.00000E-01	3.08989E+00	7.78329E+06
7.00000E-01	3.37079E+00	8.77720E+06
7.00000E-01	3.65169E+00	9.78125E+06
7.00000E-01	3.93258E+00	1.05091E+07
7.00000E-01	4.21348E+00	1.08714E+07
7.00000E-01	4.49438E+00	1.09199E+07
7.00000E-01	4.77528E+00	1.07458E+07
7.00000E-01	5.05618E+00	1.04279E+07
7.00000E-01	5.33708E+00	1.00290E+07
7.00000E-01	5.61798E+00	9.58748E+06
7.00000E-01	5.89888E+00	9.12071E+06
7.00000E-01	6.17978E+00	8.64604E+06
7.00000E-01	6.46067E+00	8.18622E+06
7.00000E-01	6.74157E+00	7.75444E+06
7.00000E-01	7.02247E+00	7.35547E+06
7.00000E-01	7.30337E+00	6.98981E+06
7.00000E-01	7.58427E+00	6.65590E+06
7.00000E-01	7.86517E+00	6.35220E+06
7.00000E-01	8.14607E+00	6.07613E+06
7.00000E-01	8.42697E+00	5.82585E+06
7.00000E-01	8.70787E+00	5.59990E+06
7.00000E-01	8.98876E+00	5.39593E+06
7.00000E-01	9.26966E+00	5.21326E+06
7.00000E-01	9.55056E+00	5.04980E+06
7.00000E-01	9.83146E+00	4.90483E+06
7.00000E-01	1.01124E+01	4.77674E+06
7.00000E-01	1.03933E+01	4.66461E+06
7.00000E-01	1.06742E+01	4.56708E+06
7.00000E-01	1.09551E+01	4.48251E+06
7.00000E-01	1.12360E+01	4.40973E+06
7.00000E-01	1.15169E+01	4.34609E+06
7.00000E-01	1.17978E+01	4.29125E+06
7.00000E-01	1.20787E+01	4.24268E+06
7.00000E-01	1.23596E+01	4.20059E+06
7.00000E-01	1.26404E+01	4.16313E+06
7.00000E-01	1.29213E+01	4.13016E+06
7.00000E-01	1.32022E+01	4.10059E+06
7.00000E-01	1.34831E+01	4.07400E+06
7.00000E-01	1.37640E+01	4.05023E+06
7.00000E-01	1.40449E+01	4.02847E+06
7.00000E-01	1.43258E+01	4.00884E+06
7.00000E-01	1.46067E+01	3.99019E+06
7.00000E-01	1.48876E+01	3.97223E+06
7.00000E-01	1.51685E+01	3.95446E+06
7.00000E-01	1.54494E+01	3.93714E+06
7.00000E-01	1.57303E+01	3.91969E+06
7.00000E-01	1.60112E+01	3.90156E+06
7.00000E-01	1.62921E+01	3.88269E+06
7.00000E-01	1.65730E+01	3.86358E+06
7.00000E-01	1.68539E+01	3.84271E+06
7.00000E-01	1.71348E+01	3.82066E+06
7.00000E-01	1.74157E+01	3.79861E+06
7.00000E-01	1.76966E+01	3.77604E+06
7.00000E-01	1.79775E+01	3.75185E+06
7.00000E-01	1.82584E+01	3.72695E+06
7.00000E-01	1.85393E+01	3.70211E+06
7.00000E-01	1.88202E+01	3.67637E+06
7.00000E-01	1.91011E+01	3.64949E+06
7.00000E-01	1.93820E+01	3.62242E+06
7.00000E-01	1.96629E+01	3.59525E+06
7.00000E-01	1.99438E+01	3.56718E+06
7.00000E-01	2.02247E+01	3.53852E+06
7.00000E-01	2.05056E+01	3.50995E+06
7.00000E-01	2.07865E+01	3.48081E+06
7.00000E-01	2.10674E+01	3.45078E+06
7.00000E-01	2.13483E+01	3.42063E+06
7.00000E-01	2.16292E+01	3.39040E+06
7.00000E-01	2.19101E+01	3.35935E+06
7.00000E-01	2.21910E+01	3.32773E+06
7.00000E-01	2.24719E+01	3.29632E+06
7.00000E-01	2.27528E+01	3.26497E+06
7.00000E-01	2.30337E+01	3.23332E+06
7.00000E-01	2.33146E+01	3.20180E+06
7.00000E-01	2.35955E+01	3.17061E+06
7.00000E-01	2.38764E+01	3.13944E+06
7.00000E-01	2.41573E+01	3.10816E+06
7.00000E-01	2.44382E+01	3.07718E+06
7.00000E-01	2.47191E+01	3.04652E+06
7.00000E-01	2.50000E+01	3.01592E+06
8.00000E-01	0.00000E+00	3.69314E+06
8.00000E-01	2.80899E-01	4.65420E+06
8.00000E-01	5.61798E-01	5.78620E+06
8.00000E-01	8.42697E-01	5.57137E+06
8.00000E-01	1.12360E+00	5.24733E+06
8.00000E-01	1.40449E+00	5.14388E+06
8.00000E-01	1.68539E+00	5.18024E+06
8.00000E-01	1.96629E+00	5.41947E+06
8.00000E-01	2.24719E+00	5.81529E+06
8.00000E-01	2.52809E+00	6.35146E+06
8.00000E-01	2.80899E+00	7.00109E+06
8.00000E-01	3.08989E+00	7.79430E+06
8.00000E-01	3.37079E+00	8.78387E+06
8.00000E-01	3.65169E+00	9.77977E+06
8.00000E-01	3.93258E+00	1.05036E+07
8.00000E-01	4.21348E+00	1.08654E+07
8.00000E-01	4.49438E+00	1.09148E+07
8.00000E-01	4.77528E+00	1.07417E+07
8.00000E-01	5.05618E+00	1.04249E+07
8.00000E-01	5.33708E+00	1.00267E+07
8.00000E-01	5.61798E+00	9.58551E+06
8.00000E-01	5.89888E+00	9.11915E+06
8.00000E-01	6.17978E+00	8.64508E+06
8.00000E-01	6.46067E+00	8.18568E+06
8.00000E-01	6.74157E+00	7.75412E+06
8.00000E-01	7.02247E+00	7.35530E+06
8.00000E-01	7.30337E+00	6.98971E+06
8.00000E-01	7.58427E+00	6.65587E+06
8.00000E-01	7.86517E+00	6.35220E+06
8.00000E-01	8.14607E+00	6.07617E+06
8.00000E-01	8.42697E+00	5.82593E+06
8.00000E-01	8.70787E+00	5.59998E+06
8.00000E-01	8.98876E+00	5.39607E+06
8.00000E-01	9.26966E+00	5.21339E+06
8.00000E-01	9.55056E+00	5.04997E+06
8.00000E-01	9.83146E+00	4.90499E+06
8.00000E-01	1.01124E+01	4.77692E+06
8.00000E-01	1.03933E+01	4.66478E+06
8.00000E-01	1.06742E+01	4.56724E+06
8.00000E-01	1.09551E+01	4.48268E+06
8.00000E-01	1.12360E+01	4.40984E+06
8.00000E-01	1.15169E+01	4.34624E+06
8.00000E-01	1.17978E+01	4.29132E+06
8.00000E-01	1.20787E+01	4.24280E+06
8.00000E-01	1.23596E+01	4.20065E+06
8.00000E-01	1.26404E+01	4.16321E+06
8.00000E-01	1.29213E+01	4.13021E+06
8.00000E-01	1.32022E+01	4.10064E+06
8.00000E-01	1.34831E+01	4.07405E+06
8.00000E-01	1.37640E+01	4.05025E+06
8.00000E-01	1.40449E+01	4.02852E+06
8.00000E-01	1.43258E+01	4.00885E+06
8.00000E-01	1.46067E+01	3.99020E+06
8.00000E-01	1.48876E+01	3.97223E+06
8.00000E-01	1.51685E+01	3.95447E+06
8.00000E-01	1.54494E+01	3.93713E+06
8.00000E-01	1.57303E+01	3.91966E+06
8.00000E-01	1.60112E+01	3.90153E+06
8.00000E-01	1.62921E+01	3.88268E+06
8.00000E-01	1.65730E+01	3.86352E+06
8.00000E-01	1.68539E+01	3.84267E+06
8.00000E-01	1.71348E+01	3.82065E+06
8.00000E-01	1.74157E+01	3.79859E+06
8.00000E-01	1.76966E+01	3.77599E+06
8.00000E-01	1.79775E+01	3.75182E+06
8.00000E-01	1.82584E+01	3.72694E+06
8.00000E-01	1.85393E+01	3.70207E+06
8.00000E-01	1.88202E+01	3.67633E+06
8.00000E-01	1.91011E+01	3.64946E+06
8.00000E-01	1.93820E+01	3.62240E+06
8.00000E-01	1.96629E+01	3.59521E+06
8.00000E-01	1.99438E+01	3.56715E+06
8.00000E-01	2.02247E+01	3.53850E+06
8.00000E-01	2.05056E+01	3.50991E+06
8.00000E-01	2.07865E+01	3.48077E+06
8.00000E-01	2.10674E+01	3.45076E+06
8.00000E-01	2.13483E+01	3.42061E+06
8.00000E-01	2.16292E+01	3.39036E+06
8.00000E-01	2.19101E+01	3.35932E+06
8.00000E-01	2.21910E+01	3.32772E+06
8.00000E-01	2.24719E+01	3.29630E+06
8.00000E-01	2.27528E+01	3.26494E+06
8.00000E-01	2.30337E+01	3.23330E+06
8.00000E-01	2.33146E+01	3.20178E+06
8.00000E-01	2.35955E+01	3.17059E+06
8.00000E-01	2.38764E+01	3.13941E+06
8.00000E-01	2.41573E+01	3.10815E+06
8.00000E-01	2.44382E+01	3.07717E+06
8.00000E-01	2.47191E+01	3.04650E+06
8.00000E-01	2.50000E+01	3.01591E+06
9.00000E-01	0.00000E+00	3.83122E+06
9.00000E-01	2.80899E-01	4.74521E+06
9.00000E-01	5.61798E-01	5.75304E+06
9.00000E-01	8.42697E-01	5.55853E+06
9.00000E-01	1.12360E+00	5.24794E+06
9.00000E-01	1.40449E+00	5.14592E+06
9.00000E-01	1.68539E+00	5.18768E+06
9.00000E-01	1.96629E+00	5.42724E+06
9.00000E-01	2.24719E+00	5.82392E+06
9.00000E-01	2.52809E+00	6.35992E+06
9.00000E-01	2.80899E+00	7.01078E+06
9.00000E-01	3.08989E+00	7.80646E+06
9.00000E-01	3.37079E+00	8.79116E+06
9.00000E-01	3.65169E+00	9.77814E+06
9.00000E-01	3.93258E+00	1.04974E+07
9.00000E-01	4.21348E+00	1.08585E+07
9.00000E-01	4.49438E+00	1.09091E+07
9.00000E-01	4.77528E+00	1.07371E+07
9.00000E-01	5.05618E+00	1.04215E+07
9.00000E-01	5.33708E+00	1.00241E+07
9.00000E-01	5.61798E+00	9.58328E+06
9.00000E-01	5.89888E+00	9.11737E+06
9.00000E-01	6.17978E+00	8.64397E+06
9.00000E-01	6.46067E+00	8.18504E+06
9.00000E-01	6.74157E+00	7.75376E+06
9.00000E-01	7.02247E+00	7.35509E+06
9.00000E-01	7.30337E+00	6.98959E+06
9.00000E-01	7.58427E+00	6.65584E+06
9.00000E-01	7.86517E+00	6.35219E+06
9.00000E-01	8.14607E+00	6.07621E+06
9.00000E-01	8.42697E+00	5.82602E+06
9.00000E-01	8.70787E+00	5.60007E+06
9.00000E-01	8.98876E+00	5.39622E+06
9.00000E-01	9.26966E+00	5.21353E+06
9.00000E-01	9.55056E+00	5.05016E+06
9.00000E-01	9.83146E+00	4.90517E+06
9.00000E-01	1.01124E+01	4.77713E+06
9.00000E-01	1.03933E+01	4.66498E+06
9.00000E-01	1.06742E+01	4.56743E+06
9.00000E-01	1.09551E+01	4.48287E+06
9.00000E-01	1.12360E+01	4.40997E+06
9.00000E-01	1.15169E+01	4.34639E+06
9.00000E-01	1.17978E+01	4.29141E+06
9.00000E-01	1.20787E+01	4.24292E+06
9.00000E-01	1.23596E+01	4.20073E+06
9.00000E-01	1.26404E+01	4.16330E+06
9.00000E-01	1.29213E+01	4.13027E+06
9.00000E-01	1.32022E+01	4.10069E+06
9.00000E-01	1.34831E+01	4.07411E+06
9.00000E-01	1.37640E+01	4.05029E+06
9.00000E-01	1.40449E+01	4.02857E+06
9.00000E-01	1.43258E+01	4.00886E+06
9.00000E-01	1.46067E+01	3.99022E+06
9.00000E-01	1.48876E+01	3.97222E+06
9.00000E-01	1.51685E+01	3.95447E+06
9.00000E-01	1.54494E+01	3.93712E+06
9.00000E-01	1.57303E+01	3.91964E+06
9.00000E-01	1.60112E+01	3.90150E+06
9.00000E-01	1.62921E+01	3.88267E+06
9.00000E-01	1.65730E+01	3.86346E+06
9.00000E-01	1.68539E+01	3.84263E+06
9.00000E-01	1.71348E+01	3.82064E+06
9.00000E-01	1.74157E+01	3.79856E+06
9.00000E-01	1.76966E+01	3.77593E+06
9.00000E-01	1.79775E+01	3.75178E+06
9.00000E-01	1.82584E+01	3.72692E+06
9.00000E-01	1.85393E+01	3.70203E+06
9.00000E-01	1.88202E+01	3.67628E+06
9.00000E-01	1.91011E+01	3.64944E+06
9.00000E-01	1.93820E+01	3.62238E+06
9.00000E-01	1.96629E+01	3.59517E+06
9.00000E-01	1.99438E+01	3.56711E+06
9.00000E-01	2.02247E+01	3.53849E+06
9.00000E-01	2.05056E+01	3.50988E+06
9.00000E-01	2.07865E+01	3.48072E+06
9.00000E-01	2.10674E+01	3.45073E+06
9.00000E-01	2.13483E+01	3.42058E+06
9.00000E-01	2.16292E+01	3.39032E+06
9.00000E-01	2.19101E+01	3.35928E+06
9.00000E-01	2.21910E+01	3.32770E+06
9.00000E-01	2.24719E+01	3.29628E+06
9.00000E-01	2.27528E+01	3.26491E+06
9.00000E-01	2.30337E+01	3.23328E+06
9.00000E-01	2.33146E+01	3.20177E+06
9.00000E-01	2.35955E+01	3.17057E+06
9.00000E-01	2.38764E+01	3.13939E+06
9.00000E-01	2.41573E+01	3.10814E+06
9.00000E-01	2.44382E+01	3.07715E+06
9.00000E-01	2.47191E+01	3.04648E+06
9.00000E-01	2.50000E+01	3.01589E+06
1.00000E+00	0.00000E+00	3.96891E+06
1.00000E+00	2.80899E-01	4.82466E+06
1.00000E+00	5.61798E-01	5.72716E+06
1.00000E+00	8.42697E-01	5.54380E+06
1.00000E+00	1.12360E+00	5.24767E+06
1.00000E+00	1.40449E+00	5.14829E+06
1.00000E+00	1.68539E+00	5.19561E+06
1.00000E+00	1.96629E+00	5.43585E+06
1.00000E+00	2.24719E+00	5.83342E+06
1.00000E+00	2.52809E+00	6.36937E+06
1.00000E+00	2.80899E+00	7.02164E+06
1.00000E+00	3.08989E+00	7.81966E+06
1.00000E+00	3.37079E+00	8.79898E+06
1.00000E+00	3.65169E+00	9.77639E+06
1.00000E+00	3.93258E+00	1.04906E+07
1.00000E+00	4.21348E+00	1.08510E+07
1.00000E+00	4.49438E+00	1.09026E+07
1.00000E+00	4.77528E+00	1.07319E+07
1.00000E+00	5.05618E+00	1.04177E+07
1.00000E+00	5.33708E+00	1.00212E+07
1.00000E+00	5.61798E+00	9.58078E+06
1.00000E+00	5.89888E+00	9.11539E+06
1.00000E+00	6.17978E+00	8.64272E+06
1.00000E+00	6.46067E+00	8.18432E+06
1.00000E+00	6.74157E+00	7.75334E+06
1.00000E+00	7.02247E+00	7.35485E+06
1.00000E+00	7.30337E+00	6.98945E+06
1.00000E+00	7.58427E+00	6.65579E+06
1.00000E+00	7.86517E+00	6.35219E+06
1.00000E+00	8.14607E+00	6.07626E+06
1.00000E+00	8.42697E+00	5.82611E+06
1.00000E+00	8.70787E+00	5.60017E+06
1.00000E+00	8.98876E+00	5.39638E+06
1.00000E+00	9.26966E+00	5.21369E+06
1.00000E+00	9.55056E+00	5.05036E+06
1.00000E+00	9.83146E+00	4.90537E+06
1.00000E+00	1.01124E+01	4.77735E+06
1.00000E+00	1.03933E+01	4.66520E+06
1.00000E+00	1.06742E+01	4.56764E+06
1.00000E+00	1.09551E+01	4.48308E+06
1.00000E+00	1.12360E+01	4.41012E+06
1.00000E+00	1.15169E+01	4.34656E+06
1.00000E+00	1.17978E+01	4.29151E+06
1.00000E+00	1.20787E+01	4.24305E+06
1.00000E+00	1.23596E+01	4.20081E+06
1.00000E+00	1.26404E+01	4.16339E+06
1.00000E+00	1.29213E+01	4.13034E+06
1.00000E+00	1.32022E+01	4.10075E+06
1.00000E+00	1.34831E+01	4.07417E+06
1.00000E+00	1.37640E+01	4.05033E+06
1.00000E+00	1.40449E+01	4.02862E+06
1.00000E+00	1.43258E+01	4.00887E+06
1.00000E+00	1.46067E+01	3.99023E+06
1.00000E+00	1.48876E+01	3.97222E+06
1.00000E+00	1.51685E+01	3.95448E+06
1.00000E+00	1.54494E+01	3.93711E+06
1.00000E+00	1.57303E+01	3.91961E+06
1.00000E+00	1.60112E+01	3.90147E+06
1.00000E+00	1.62921E+01	3.88265E+06
1.00000E+00	1.65730E+01	3.86339E+06
1.00000E+00	1.68539E+01	3.84258E+06
1.00000E+00	1.71348E+01	3.82062E+06
1.00000E+00	1.74157E+01	3.79853E+06
1.00000E+00	1.76966E+01	3.77586E+06
1.00000E+00	1.79775E+01	3.75174E+06
1.00000E+00	1.82584E+01	3.72690E+06
1.00000E+00	1.85393E+01	3.70198E+06
1.00000E+00	1.88202E+01	3.67622E+06
1.00000E+00	1.91011E+01	3.64941E+06
1.00000E+00	1.93820E+01	3.62236E+06
1.00000E+00	1.96629E+01	3.59512E+06
1.00000E+00	1.99438E+01	3.56707E+06
1.00000E+00	2.02247E+01	3.53846E+06
1.00000E+00	2.05056E+01	3.50984E+06
1.00000E+00	2.07865E+01	3.48067E+06
1.00000E+00	2.10674E+01	3.45070E+06
1.00000E+00	2.13483E+01	3.42055E+06
1.00000E+00	2.16292E+01	3.39027E+06
1.00000E+00	2.19101E+01	3.35924E+06
1.00000E+00	2.21910E+01	3.32768E+06
1.00000E+00	2.24719E+01	3.29626E+06
1.00000E+00	2.27528E+01	3.26487E+06
1.00000E+00	2.30337E+01	3.23326E+06
1.00000E+00	2.33146E+01	3.20175E+06
1.00000E+00	2.35955E+01	3.17054E+06
1.00000E+00	2.38764E+01	3.13936E+06
1.00000E+00	2.41573E+01	3.10812E+06
1.00000E+00	2.44382E+01	3.07714E+06
1.00000E+00	2.47191E+01	3.04646E+06
1.00000E+00	2.50000E+01	3.01588E+06
1.50000E+00	0.00000E+00	4.56975E+06
1.50000E+00	2.80899E-01	5.10945E+06
1.50000E+00	5.61798E-01	5.65373E+06
1.50000E+00	8.42697E-01	5.47827E+06
1.50000E+00	1.12360E+00	5.23977E+06
1.50000E+00	1.40449E+00	5.16417E+06
1.50000E+00	1.68539E+00	5.24098E+06
1.50000E+00	1.96629E+00	5.49009E+06
1.50000E+00	2.24719E+00	5.89320E+06
1.50000E+00	2.52809E+00	6.43119E+06
1.50000E+00	2.80899E+00	7.09234E+06
1.50000E+00	3.08989E+00	7.89797E+06
1.50000E+00	3.37079E+00	8.84386E+06
1.50000E+00	3.65169E+00	9.76610E+06
1.50000E+00	3.93258E+00	1.04485E+07
1.50000E+00	4.21348E+00	1.08023E+07
1.50000E+00	4.49438E+00	1.08597E+07
1.50000E+00	4.77528E+00	1.06976E+07
1.50000E+00	5.05618E+00	1.03917E+07
1.50000E+00	5.33708E+00	1.00012E+07
1.50000E+00	5.61798E+00	9.56415E+06
1.50000E+00	5.89888E+00	9.10233E+06
1.50000E+00	6.17978E+00	8.63418E+06
1.50000E+00	6.46067E+00	8.17922E+06
1.50000E+00	6.74157E+00	7.75034E+06
1.50000E+00	7.02247E+00	7.35309E+06
1.50000E+00	7.30337E+00	6.98844E+06
1.50000E+00	7.58427E+00	6.65534E+06
1.50000E+00	7.86517E+00	6.35208E+06
1.50000E+00	8.14607E+00	6.07647E+06
1.50000E+00	8.42697E+00	5.82663E+06
1.50000E+00	8.70787E+00	5.60085E+06
1.50000E+00	8.98876E+00	5.39733E+06
1.50000E+00	9.26966E+00	5.21474E+06
1.50000E+00	9.55056E+00	5.05159E+06
1.50000E+00	9.83146E+00	4.90668E+06
1.50000E+00	1.01124E+01	4.77876E+06
1.50000E+00	1.03933E+01	4.66663E+06
1.50000E+00	1.06742E+01	4.56900E+06
1.50000E+00	1.09551E+01	4.48437E+06
1.50000E+00	1.12360E+01	4.41117E+06
1.50000E+00	1.15169E+01	4.34757E+06
1.50000E+00	1.17978E+01	4.29227E+06
1.50000E+00	1.20787E+01	4.24382E+06
1.50000E+00	1.23596E+01	4.20140E+06
1.50000E+00	1.26404E+01	4.16395E+06
1.50000E+00	1.29213E+01	4.13078E+06
1.50000E+00	1.32022E+01	4.10114E+06
1.50000E+00	1.34831E+01	4.07454E+06
1.50000E+00	1.37640E+01	4.05061E+06
1.50000E+00	1.40449E+01	4.02889E+06
1.50000E+00	1.43258E+01	4.00900E+06
1.50000E+00	1.46067E+01	3.99028E+06
1.50000E+00	1.48876E+01	3.97220E+06
1.50000E+00	1.51685E+01	3.95447E+06
1.50000E+00	1.54494E+01	3.93701E+06
1.50000E+00	1.57303E+01	3.91942E+06
1.50000E+00	1.60112E+01	3.90126E+06
1.50000E+00	1.62921E+01	3.88246E+06
1.50000E+00	1.65730E+01	3.86301E+06
1.50000E+00	1.68539E+01	3.84226E+06
1.50000E+00	1.71348E+01	3.82046E+06
1.50000E+00	1.74157E+01	3.79829E+06
1.50000E+00	1.76966E+01	3.77548E+06
1.50000E+00	1.79775E+01	3.75146E+06
1.50000E+00	1.82584E+01	3.72672E+06
1.50000E+00	1.85393E+01	3.70168E+06
1.50000E+00	1.88202E+01	3.67588E+06
1.50000E+00	1.91011E+01	3.64920E+06
1.50000E+00	1.93820E+01	3.62215E+06
1.50000E+00	1.96629E+01	3.59481E+06
1.50000E+00	1.99438E+01	3.56680E+06
1.50000E+00	2.02247E+01	3.53828E+06
1.50000E+00	2.05056E+01	3.50957E+06
1.50000E+00	2.07865E+01	3.48036E+06
1.50000E+00	2.10674E+01	3.45049E+06
1.50000E+00	2.13483E+01	3.42034E+06
1.50000E+00	2.16292E+01	3.38996E+06
1.50000E+00	2.19101E+01	3.35896E+06
1.50000E+00	2.21910E+01	3.32751E+06
1.50000E+00	2.24719E+01	3.29608E+06
1.50000E+00	2.27528E+01	3.26466E+06
1.50000E+00	2.30337E+01	3.23310E+06
1.50000E+00	2.33146E+01	3.20163E+06
1.50000E+00	2.35955E+01	3.17038E+06
1.50000E+00	2.38764E+01	3.13918E+06
1.50000E+00	2.41573E+01	3.10800E+06
1.50000E+00	2.44382E+01	3.07703E+06
1.50000E+00	2.47191E+01	3.04632E+06
1.50000E+00	2.50000E+01	3.01576E+06
2.00000E+00	0.00000E+00	4.95845E+06
2.00000E+00	2.80899E-01	5.28115E+06
2.00000E+00	5.61798E-01	5.56244E+06
2.00000E+00	8.42697E-01	5.45224E+06
2.00000E+00	1.12360E+00	5.25033E+06
2.00000E+00	1.40449E+00	5.19442E+06
2.00000E+00	1.68539E+00	5.29699E+06
2.00000E+00	1.96629E+00	5.56055E+06
2.00000E+00	2.24719E+00	5.97205E+06
2.00000E+00	2.52809E+00	6.51609E+06
2.00000E+00	2.80899E+00	7.18598E+06
2.00000E+00	3.08989E+00	7.98908E+06
2.00000E+00	3.37079E+00	8.89289E+06
2.00000E+00	3.65169E+00	9.75347E+06
2.00000E+00	3.93258E+00	1.03956E+07
2.00000E+00	4.21348E+00	1.07381E+07
2.00000E+00	4.49438E+00	1.08006E+07
2.00000E+00	4.77528E+00	1.06493E+07
2.00000E+00	5.05618E+00	1.03542E+07
2.00000E+00	5.33708E+00	9.97187E+06
2.00000E+00	5.61798E+00	9.54051E+06
2.00000E+00	5.89888E+00	9.08403E+06
2.00000E+00	6.17978E+00	8.62167E+06
2.00000E+00	6.46067E+00	8.17138E+06
2.00000E+00	6.74157E+00	7.74558E+06
2.00000E+00	7.02247E+00	7.35021E+06
2.00000E+00	7.30337E+00	6.98674E+06
2.00000E+00	7.58427E+00	6.65447E+06
2.00000E+00	7.86517E+00	6.35177E+06
2.00000E+00	8.14607E+00	6.07664E+06
2.00000E+00	8.42697E+00	5.82721E+06
2.00000E+00	8.70787E+00	5.60173E+06
2.00000E+00	8.98876E+00	5.39852E+06
2.00000E+00	9.26966E+00	5.21615E+06
2.00000E+00	9.55056E+00	5.05322E+06
2.00000E+00	9.83146E+00	4.90845E+06
2.00000E+00	1.01124E+01	4.78064E+06
2.00000E+00	1.03933E+01	4.66854E+06
2.00000E+00	1.06742E+01	4.57084E+06
2.00000E+00	1.09551E+01	4.48607E+06
2.00000E+00	1.12360E+01	4.41264E+06
2.00000E+00	1.15169E+01	4.34888E+06
2.00000E+00	1.17978E+01	4.29337E+06
2.00000E+00	1.20787E+01	4.24481E+06
2.00000E+00	1.23596E+01	4.20223E+06
2.00000E+00	1.26404E+01	4.16467E+06
2.00000E+00	1.29213E+01	4.13138E+06
2.00000E+00	1.32022E+01	4.10167E+06
2.00000E+00	1.34831E+01	4.07501E+06
2.00000E+00	1.37640E+01	4.05100E+06
2.00000E+00	1.40449E+01	4.02920E+06
2.00000E+00	1.43258E+01	4.00917E+06
2.00000E+00	1.46067E+01	3.99033E+06
2.00000E+00	1.48876E+01	3.97218E+06
2.00000E+00	1.51685E+01	3.95441E+06
2.00000E+00	1.54494E+01	3.93685E+06
2.00000E+00	1.57303E+01	3.91916E+06
2.00000E+00	1.60112E+01	3.90096E+06
2.00000E+00	1.62921E+01	3.88213E+06
2.00000E+00	1.65730E+01	3.86254E+06
2.00000E+00	1.68539E+01	3.84182E+06
2.00000E+00	1.71348E+01	3.82014E+06
2.00000E+00	1.74157E+01	3.79792E+06
2.00000E+00	1.76966E+01	3.77500E+06
2.00000E+00	1.79775E+01	3.75106E+06
2.00000E+00	1.82584E+01	3.72640E+06
2.00000E+00	1.85393E+01	3.70127E+06
2.00000E+00	1.88202E+01	3.67545E+06
2.00000E+00	1.91011E+01	3.64886E+06
2.00000E+00	1.93820E+01	3.62182E+06
2.00000E+00	1.96629E+01	3.59442E+06
2.00000E+00	1.99438E+01	3.56643E+06
2.00000E+00	2.02247E+01	3.53796E+06
2.00000E+00	2.05056E+01	3.50919E+06
2.00000E+00	2.07865E+01	3.47995E+06
2.00000E+00	2.10674E+01	3.45015E+06
2.00000E+00	2.13483E+01	3.42001E+06
2.00000E+00	2.16292E+01	3.38956E+06
2.00000E+00	2.19101E+01	3.35860E+06
2.00000E+00	2.21910E+01	3.32724E+06
2.00000E+00	2.24719E+01	3.29582E+06
2.00000E+00	2.27528E+01	3.26438E+06
2.00000E+00	2.30337E+01	3.23287E+06
2.00000E+00	2.33146E+01	3.20143E+06
2.00000E+00	2.35955E+01	3.17015E+06
2.00000E+00	2.38764E+01	3.13895E+06
2.00000E+00	2.41573E+01	3.10781E+06
2.00000E+00	2.44382E+01	3.07686E+06
2.00000E+00	2.47191E+01	3.04613E+06
2.00000E+00	2.50000E+01	3.01560E+06
2.50000E+00	0.00000E+00	5.17286E+06
2.50000E+00	2.80899E-01	5.35732E+06
2.50000E+00	5.61798E-01	5.46749E+06
2.50000E+00	8.42697E-01	5.43196E+06
2.50000E+00	1.12360E+00	5.29311E+06
2.50000E+00	1.40449E+00	5.25550E+06
2.50000E+00	1.68539E+00	5.37377E+06
2.50000E+00	1.96629E+00	5.64941E+06
2.50000E+00	2.24719E+00	6.06966E+06
2.50000E+00	2.52809E+00	6.62066E+06
2.50000E+00	2.80899E+00	7.29474E+06
2.50000E+00	3.08989E+00	8.08433E+06
2.50000E+00	3.37079E+00	8.94027E+06
2.50000E+00	3.65169E+00	9.73756E+06
2.50000E+00	3.93258E+00	1.03350E+07
2.50000E+00	4.21348E+00	1.06614E+07
2.50000E+00	4.49438E+00	1.07273E+07
2.50000E+00	4.77528E+00	1.05874E+07
2.50000E+00	5.05618E+00	1.03049E+07
2.50000E+00	5.33708E+00	9.93297E+06
2.50000E+00	5.61798E+00	9.50960E+06
2.50000E+00	5.89888E+00	9.06032E+06
2.50000E+00	6.17978E+00	8.60497E+06
2.50000E+00	6.46067E+00	8.16045E+06
2.50000E+00	6.74157E+00	7.73870E+06
2.50000E+00	7.02247E+00	7.34595E+06
2.50000E+00	7.30337E+00	6.98417E+06
2.50000E+00	7.58427E+00	6.65304E+06
2.50000E+00	7.86517E+00	6.35116E+06
2.50000E+00	8.14607E+00	6.07668E+06
2.50000E+00	8.42697E+00	5.82778E+06
2.50000E+00	8.70787E+00	5.60274E+06
2.50000E+00	8.98876E+00	5.39992E+06
2.50000E+00	9.26966E+00	5.21787E+06
2.50000E+00	9.55056E+00	5.05520E+06
2.50000E+00	9.83146E+00	4.91063E+06
2.50000E+00	1.01124E+01	4.78294E+06
2.50000E+00	1.03933E+01	4.67088E+06
2.50000E+00	1.06742E+01	4.57311E+06
2.50000E+00	1.09551E+01	4.48817E+06
2.50000E+00	1.12360E+01	4.41450E+06
2.50000E+00	1.15169E+01	4.35050E+06
2.50000E+00	1.17978E+01	4.29477E+06
2.50000E+00	1.20787E+01	4.24603E+06
2.50000E+00	1.23596E+01	4.20327E+06
2.50000E+00	1.26404E+01	4.16557E+06
2.50000E+00	1.29213E+01	4.13214E+06
2.50000E+00	1.32022E+01	4.10233E+06
2.50000E+00	1.34831E+01	4.07558E+06
2.50000E+00	1.37640E+01	4.05147E+06
2.50000E+00	1.40449E+01	4.02956E+06
2.50000E+00	1.43258E+01	4.00937E+06
2.50000E+00	1.46067E+01	3.99039E+06
2.50000E+00	1.48876E+01	3.97214E+06
2.50000E+00	1.51685E+01	3.95430E+06
2.50000E+00	1.54494E+01	3.93663E+06
2.50000E+00	1.57303E+01	3.91882E+06
2.50000E+00	1.60112E+01	3.90055E+06
2.50000E+00	1.62921E+01	3.88166E+06
2.50000E+00	1.65730E+01	3.86198E+06
2.50000E+00	1.68539E+01	3.84128E+06
2.50000E+00	1.71348E+01	3.81968E+06
2.50000E+00	1.74157E+01	3.79742E+06
2.50000E+00	1.76966E+01	3.77443E+06
2.50000E+00	1.79775E+01	3.75054E+06
2.50000E+00	1.82584E+01	3.72593E+06
2.50000E+00	1.85393E+01	3.70075E+06
2.50000E+00	1.88202E+01	3.67491E+06
2.50000E+00	1.91011E+01	3.64839E+06
2.50000E+00	1.93820E+01	3.62137E+06
2.50000E+00	1.96629E+01	3.59392E+06
2.50000E+00	1.99438E+01	3.56595E+06
2.50000E+00	2.02247E+01	3.53752E+06
2.50000E+00	2.05056E+01	3.50871E+06
2.50000E+00	2.07865E+01	3.47945E+06
2.50000E+00	2.10674E+01	3.44969E+06
2.50000E+00	2.13483E+01	3.41956E+06
2.50000E+00	2.16292E+01	3.38907E+06
2.50000E+00	2.19101E+01	3.35814E+06
2.50000E+00	2.21910E+01	3.32687E+06
2.50000E+00	2.24719E+01	3.29548E+06
2.50000E+00	2.27528E+01	3.26404E+06
2.50000E+00	2.30337E+01	3.23256E+06
2.50000E+00	2.33146E+01	3.20115E+06
2.50000E+00	2.35955E+01	3.16986E+06
2.50000E+00	2.38764E+01	3.13867E+06
2.50000E+00	2.41573E+01	3.10756E+06
2.50000E+00	2.44382E+01	3.07662E+06
2.50000E+00	2.47191E+01	3.04590E+06
2.50000E+00	2.50000E+01	3.01539E+06
3.00000E+00	0.00000E+00	5.28379E+06
3.00000E+00	2.80899E-01	5.38560E+06
3.00000E+00	5.61798E-01	5.41008E+06
3.00000E+00	8.42697E-01	5.40821E+06
3.00000E+00	1.12360E+00	5.35200E+06
3.00000E+00	1.40449E+00	5.34960E+06
3.00000E+00	1.68539E+00	5.48103E+06
3.00000E+00	1.96629E+00	5.76341E+06
3.00000E+00	2.24719E+00	6.18822E+06
3.00000E+00	2.52809E+00	6.74182E+06
3.00000E+00	2.80899E+00	7.41185E+06
3.00000E+00	3.08989E+00	8.17779E+06
3.00000E+00	3.37079E+00	8.98218E+06
3.00000E+00	3.65169E+00	9.71703E+06
3.00000E+00	3.93258E+00	1.02683E+07
3.00000E+00	4.21348E+00	1.05751E+07
3.00000E+00	4.49438E+00	1.06418E+07
3.00000E+00	4.77528E+00	1.05130E+07
3.00000E+00	5.05618E+00	1.02441E+07
3.00000E+00	5.33708E+00	9.88440E+06
3.00000E+00	5.61798E+00	9.47121E+06
3.00000E+00	5.89888E+00	9.03093E+06
3.00000E+00	6.17978E+00	8.58381E+06
3.00000E+00	6.46067E+00	8.14611E+06
3.00000E+00	6.74157E+00	7.72937E+06
3.00000E+00	7.02247E+00	7.34000E+06
3.00000E+00	7.30337E+00	6.98049E+06
3.00000E+00	7.58427E+00	6.65091E+06
3.00000E+00	7.86517E+00	6.35013E+06
3.00000E+00	8.14607E+00	6.07651E+06
3.00000E+00	8.42697E+00	5.82830E+06
3.00000E+00	8.70787E+00	5.60383E+06
3.00000E+00	8.98876E+00	5.40149E+06
3.00000E+00	9.26966E+00	5.21984E+06
3.00000E+00	9.55056E+00	5.05749E+06
3.00000E+00	9.83146E+00	4.91317E+06
3.00000E+00	1.01124E+01	4.78563E+06
3.00000E+00	1.03933E+01	4.67361E+06
3.00000E+00	1.06742E+01	4.57575E+06
3.00000E+00	1.09551E+01	4.49062E+06
3.00000E+00	1.12360E+01	4.41669E+06
3.00000E+00	1.15169E+01	4.35243E+06
3.00000E+00	1.17978E+01	4.29644E+06
3.00000E+00	1.20787E+01	4.24748E+06
3.00000E+00	1.23596E+01	4.20452E+06
3.00000E+00	1.26404E+01	4.16663E+06
3.00000E+00	1.29213E+01	4.13305E+06
3.00000E+00	1.32022E+01	4.10310E+06
3.00000E+00	1.34831E+01	4.07624E+06
3.00000E+00	1.37640E+01	4.05201E+06
3.00000E+00	1.40449E+01	4.02995E+06
3.00000E+00	1.43258E+01	4.00960E+06
3.00000E+00	1.46067E+01	3.99045E+06
3.00000E+00	1.48876E+01	3.97208E+06
3.00000E+00	1.51685E+01	3.95413E+06
3.00000E+00	1.54494E+01	3.93634E+06
3.00000E+00	1.57303E+01	3.91840E+06
3.00000E+00	1.60112E+01	3.90004E+06
3.00000E+00	1.62921E+01	3.88107E+06
3.00000E+00	1.65730E+01	3.86131E+06
3.00000E+00	1.68539E+01	3.84062E+06
3.00000E+00	1.71348E+01	3.81906E+06
3.00000E+00	1.74157E+01	3.79678E+06
3.00000E+00	1.76966E+01	3.77375E+06
3.00000E+00	1.79775E+01	3.74989E+06
3.00000E+00	1.82584E+01	3.72531E+06
3.00000E+00	1.85393E+01	3.70011E+06
3.00000E+00	1.88202E+01	3.67427E+06
3.00000E+00	1.91011E+01	3.64779E+06
3.00000E+00	1.93820E+01	3.62079E+06
3.00000E+00	1.96629E+01	3.59332E+06
3.00000E+00	1.99438E+01	3.56536E+06
3.00000E+00	2.02247E+01	3.53695E+06
3.00000E+00	2.05056E+01	3.50812E+06
3.00000E+00	2.07865E+01	3.47885E+06
3.00000E+00	2.10674E+01	3.44912E+06
3.00000E+00	2.13483E+01	3.41899E+06
3.00000E+00	2.16292E+01	3.38849E+06
3.00000E+00	2.19101E+01	3.35760E+06
3.00000E+00	2.21910E+01	3.32639E+06
3.00000E+00	2.24719E+01	3.29503E+06
3.00000E+00	2.27528E+01	3.26362E+06
3.00000E+00	2.30337E+01	3.23218E+06
3.00000E+00	2.33146E+01	3.20079E+06
3.00000E+00	2.35955E+01	3.16951E+06
3.00000E+00	2.38764E+01	3.13832E+06
3.00000E+00	2.41573E+01	3.10724E+06
3.00000E+00	2.44382E+01	3.07633E+06
3.00000E+00	2.47191E+01	3.04562E+06
3.00000E+00	2.50000E+01	3.01514E+06
3.50000E+00	0.00000E+00	5.34493E+06
3.50000E+00	2.80899E-01	5.40117E+06
3.50000E+00	5.61798E-01	5.39793E+06
3.50000E+00	8.42697E-01	5.40018E+06
3.50000E+00	1.12360E+00	5.41596E+06
3.50000E+00	1.40449E+00	5.46602E+06
3.50000E+00	1.68539E+00	5.61837E+06
3.50000E+00	1.96629E+00	5.90596E+06
3.50000E+00	2.24719E+00	6.32979E+06
3.50000E+00	2.52809E+00	6.87808E+06
3.50000E+00	2.80899E+00	7.53372E+06
3.50000E+00	3.08989E+00	8.26680E+06
3.50000E+00	3.37079E+00	9.01702E+06
3.50000E+00	3.65169E+00	9.69118E+06
3.50000E+00	3.93258E+00	1.01964E+07
3.50000E+00	4.21348E+00	1.04813E+07
3.50000E+00	4.49438E+00	1.05465E+07
3.50000E+00	4.77528E+00	1.04275E+07
3.50000E+00	5.05618E+00	1.01724E+07
3.50000E+00	5.33708E+00	9.82639E+06
3.50000E+00	5.61798E+00	9.42522E+06
3.50000E+00	5.89888E+00	8.99560E+06
3.50000E+00	6.17978E+00	8.55793E+06
3.50000E+00	6.46067E+00	8.12807E+06
3.50000E+00	6.74157E+00	7.71725E+06
3.50000E+00	7.02247E+00	7.33208E+06
3.50000E+00	7.30337E+00	6.97546E+06
3.50000E+00	7.58427E+00	6.64788E+06
3.50000E+00	7.86517E+00	6.34855E+06
3.50000E+00	8.14607E+00	6.07602E+06
3.50000E+00	8.42697E+00	5.82869E+06
3.50000E+00	8.70787E+00	5.60493E+06
3.50000E+00	8.98876E+00	5.40318E+06
3.50000E+00	9.26966E+00	5.22201E+06
3.50000E+00	9.55056E+00	5.06005E+06
3.50000E+00	9.83146E+00	4.91602E+06
3.50000E+00	1.01124E+01	4.78865E+06
3.50000E+00	1.03933E+01	4.67667E+06
3.50000E+00	1.06742E+01	4.57873E+06
3.50000E+00	1.09551E+01	4.49340E+06
3.50000E+00	1.12360E+01	4.41920E+06
3.50000E+00	1.15169E+01	4.35465E+06
3.50000E+00	1.17978E+01	4.29837E+06
3.50000E+00	1.20787E+01	4.24915E+06
3.50000E+00	1.23596E+01	4.20595E+06
3.50000E+00	1.26404E+01	4.16785E+06
3.50000E+00	1.29213E+01	4.13408E+06
3.50000E+00	1.32022E+01	4.10398E+06
3.50000E+00	1.34831E+01	4.07697E+06
3.50000E+00	1.37640E+01	4.05259E+06
3.50000E+00	1.40449E+01	4.03036E+06
3.50000E+00	1.43258E+01	4.00983E+06
3.50000E+00	1.46067E+01	3.99051E+06
3.50000E+00	1.48876E+01	3.97198E+06
3.50000E+00	1.51685E+01	3.95389E+06
3.50000E+00	1.54494E+01	3.93596E+06
3.50000E+00	1.57303E+01	3.91790E+06
3.50000E+00	1.60112E+01	3.89943E+06
3.50000E+00	1.62921E+01	3.88036E+06
3.50000E+00	1.65730E+01	3.86053E+06
3.50000E+00	1.68539E+01	3.83984E+06
3.50000E+00	1.71348E+01	3.81830E+06
3.50000E+00	1.74157E+01	3.79600E+06
3.50000E+00	1.76966E+01	3.77295E+06
3.50000E+00	1.79775E+01	3.74911E+06
3.50000E+00	1.82584E+01	3.72455E+06
3.50000E+00	1.85393E+01	3.69935E+06
3.50000E+00	1.88202E+01	3.67351E+06
3.50000E+00	1.91011E+01	3.64706E+06
3.50000E+00	1.93820E+01	3.62007E+06
3.50000E+00	1.96629E+01	3.59261E+06
3.50000E+00	1.99438E+01	3.56466E+06
3.50000E+00	2.02247E+01	3.53625E+06
3.50000E+00	2.05056E+01	3.50742E+06
3.50000E+00	2.07865E+01	3.47814E+06
3.50000E+00	2.10674E+01	3.44842E+06
3.50000E+00	2.13483E+01	3.41831E+06
3.50000E+00	2.16292E+01	3.38782E+06
3.50000E+00	2.19101E+01	3.35696E+06
3.50000E+00	2.21910E+01	3.32581E+06
3.50000E+00	2.24719E+01	3.29450E+06
3.50000E+00	2.27528E+01	3.26311E+06
3.50000E+00	2.30337E+01	3.23171E+06
3.50000E+00	2.33146E+01	3.20035E+06
3.50000E+00	2.35955E+01	3.16908E+06
3.50000E+00	2.38764E+01	3.13791E+06
3.50000E+00	2.41573E+01	3.10686E+06
3.50000E+00	2.44382E+01	3.07597E+06
3.50000E+00	2.47191E+01	3.04529E+06
3.50000E+00	2.50000E+01	3.01483E+06
4.00000E+00	0.00000E+00	5.38980E+06
4.00000E+00	2.80899E-01	5.42383E+06
4.00000E+00	5.61798E-01	5.41919E+06
4.00000E+00	8.42697E-01	5.42304E+06
4.00000E+00	1.12360E+00	5.48781E+06
4.00000E+00	1.40449E+00	5.59406E+06
4.00000E+00	1.68539E+00	5.77742E+06
4.00000E+00	1.96629E+00	6.07354E+06
4.00000E+00	2.24719E+00	6.49299E+06
4.00000E+00	2.52809E+00	7.02804E+06
4.00000E+00	2.80899E+00	7.65920E+06
4.00000E+00	3.08989E+00	8.35146E+06
4.00000E+00	3.37079E+00	9.04538E+06
4.00000E+00	3.65169E+00	9.66050E+06
4.00000E+00	3.93258E+00	1.01205E+07
4.00000E+00	4.21348E+00	1.03820E+07
4.00000E+00	4.49438E+00	1.04432E+07
4.00000E+00	4.77528E+00	1.03325E+07
4.00000E+00	5.05618E+00	1.00911E+07
4.00000E+00	5.33708E+00	9.75947E+06
4.00000E+00	5.61798E+00	9.37173E+06
4.00000E+00	5.89888E+00	8.95417E+06
4.00000E+00	6.17978E+00	8.52710E+06
4.00000E+00	6.46067E+00	8.10605E+06
4.00000E+00	6.74157E+00	7.70207E+06
4.00000E+00	7.02247E+00	7.32189E+06
4.00000E+00	7.30337E+00	6.96882E+06
4.00000E+00	7.58427E+00	6.64377E+06
4.00000E+00	7.86517E+00	6.34626E+06
4.00000E+00	8.14607E+00	6.07511E+06
4.00000E+00	8.42697E+00	5.82886E+06
4.00000E+00	8.70787E+00	5.60596E+06
4.00000E+00	8.98876E+00	5.40492E+06
4.00000E+00	9.26966E+00	5.22433E+06
4.00000E+00	9.55056E+00	5.06282E+06
4.00000E+00	9.83146E+00	4.91912E+06
4.00000E+00	1.01124E+01	4.79195E+06
4.00000E+00	1.03933E+01	4.68002E+06
4.00000E+00	1.06742E+01	4.58200E+06
4.00000E+00	1.09551E+01	4.49647E+06
4.00000E+00	1.12360E+01	4.42199E+06
4.00000E+00	1.15169E+01	4.35712E+06
4.00000E+00	1.17978E+01	4.30053E+06
4.00000E+00	1.20787E+01	4.25102E+06
4.00000E+00	1.23596E+01	4.20756E+06
4.00000E+00	1.26404E+01	4.16922E+06
4.00000E+00	1.29213E+01	4.13524E+06
4.00000E+00	1.32022E+01	4.10495E+06
4.00000E+00	1.34831E+01	4.07777E+06
4.00000E+00	1.37640E+01	4.05321E+06
4.00000E+00	1.40449E+01	4.03079E+06
4.00000E+00	1.43258E+01	4.01006E+06
4.00000E+00	1.46067E+01	3.99054E+06
4.00000E+00	1.48876E+01	3.97184E+06
4.00000E+00	1.51685E+01	3.95360E+06
4.00000E+00	1.54494E+01	3.93551E+06
4.00000E+00	1.57303E+01	3.91730E+06
4.00000E+00	1.60112E+01	3.89871E+06
4.00000E+00	1.62921E+01	3.87954E+06
4.00000E+00	1.65730E+01	3.85965E+06
4.00000E+00	1.68539E+01	3.83893E+06
4.00000E+00	1.71348E+01	3.81739E+06
4.00000E+00	1.74157E+01	3.79509E+06
4.00000E+00	1.76966E+01	3.77202E+06
4.00000E+00	1.79775E+01	3.74819E+06
4.00000E+00	1.82584E+01	3.72365E+06
4.00000E+00	1.85393E+01	3.69846E+06
4.00000E+00	1.88202E+01	3.67263E+06
4.00000E+00	1.91011E+01	3.64620E+06
4.00000E+00	1.93820E+01	3.61923E+06
4.00000E+00	1.96629E+01	3.59177E+06
4.00000E+00	1.99438E+01	3.56383E+06
4.00000E+00	2.02247E+01	3.53543E+06
4.00000E+00	2.05056E+01	3.50659E+06
4.00000E+00	2.07865E+01	3.47732E+06
4.00000E+00	2.10674E+01	3.44762E+06
4.00000E+00	2.13483E+01	3.41751E+06
4.00000E+00	2.16292E+01	3.38704E+06
4.00000E+00	2.19101E+01	3.35622E+06
4.00000E+00	2.21910E+01	3.32513E+06
4.00000E+00	2.24719E+01	3.29387E+06
4.00000E+00	2.27528E+01	3.26252E+06
4.00000E+00	2.30337E+01	3.23116E+06
4.00000E+00	2.33146E+01	3.19983E+06
4.00000E+00	2.35955E+01	3.16858E+06
4.00000E+00	2.38764E+01	3.13744E+06
4.00000E+00	2.41573E+01	3.10642E+06
4.00000E+00	2.44382E+01	3.07556E+06
4.00000E+00	2.47191E+01	3.04490E+06
4.00000E+00	2.50000E+01	3.01447E+06
5.00000E+00	0.00000E+00	5.49832E+06
5.00000E+00	2.80899E-01	5.52496E+06
5.00000E+00	5.61798E-01	5.54374E+06
5.00000E+00	8.42697E-01	5.57421E+06
5.00000E+00	1.12360E+00	5.68207E+06
5.00000E+00	1.40449E+00	5.87013E+06
5.00000E+00	1.68539E+00	6.12263E+06
5.00000E+00	1.96629E+00	6.44866E+06
5.00000E+00	2.24719E+00	6.85973E+06
5.00000E+00	2.52809E+00	7.35498E+06
5.00000E+00	2.80899E+00	7.91734E+06
5.00000E+00	3.08989E+00	8.51265E+06
5.00000E+00	3.37079E+00	9.09050E+06
5.00000E+00	3.65169E+00	9.59165E+06
5.00000E+00	3.93258E+00	9.96344E+06
5.00000E+00	4.21348E+00	1.01748E+07
5.00000E+00	4.49438E+00	1.02218E+07
5.00000E+00	4.77528E+00	1.01220E+07
5.00000E+00	5.05618E+00	9.90483E+06
5.00000E+00	5.33708E+00	9.60237E+06
5.00000E+00	5.61798E+00	9.24376E+06
5.00000E+00	5.89888E+00	8.85326E+06
5.00000E+00	6.17978E+00	8.45019E+06
5.00000E+00	6.46067E+00	8.04938E+06
5.00000E+00	6.74157E+00	7.66156E+06
5.00000E+00	7.02247E+00	7.29371E+06
5.00000E+00	7.30337E+00	6.94977E+06
5.00000E+00	7.58427E+00	6.63141E+06
5.00000E+00	7.86517E+00	6.33886E+06
5.00000E+00	8.14607E+00	6.07145E+06
5.00000E+00	8.42697E+00	5.82809E+06
5.00000E+00	8.70787E+00	5.60748E+06
5.00000E+00	8.98876E+00	5.40827E+06
5.00000E+00	9.26966E+00	5.22912E+06
5.00000E+00	9.55056E+00	5.06874E+06
5.00000E+00	9.83146E+00	4.92583E+06
5.00000E+00	1.01124E+01	4.79914E+06
5.00000E+00	1.03933E+01	4.68738E+06
5.00000E+00	1.06742E+01	4.58922E+06
5.00000E+00	1.09551E+01	4.50330E+06
5.00000E+00	1.12360E+01	4.42826E+06
5.00000E+00	1.15169E+01	4.36274E+06
5.00000E+00	1.17978E+01	4.30548E+06
5.00000E+00	1.20787E+01	4.25533E+06
5.00000E+00	1.23596E+01	4.21126E+06
5.00000E+00	1.26404E+01	4.17237E+06
5.00000E+00	1.29213E+01	4.13789E+06
5.00000E+00	1.32022E+01	4.10714E+06
5.00000E+00	1.34831E+01	4.07952E+06
5.00000E+00	1.37640E+01	4.05453E+06
5.00000E+00	1.40449E+01	4.03167E+06
5.00000E+00	1.43258E+01	4.01048E+06
5.00000E+00	1.46067E+01	3.99053E+06
5.00000E+00	1.48876E+01	3.97142E+06
5.00000E+00	1.51685E+01	3.95280E+06
5.00000E+00	1.54494E+01	3.93436E+06
5.00000E+00	1.57303E+01	3.91583E+06
5.00000E+00	1.60112E+01	3.89696E+06
5.00000E+00	1.62921E+01	3.87758E+06
5.00000E+00	1.65730E+01	3.85753E+06
5.00000E+00	1.68539E+01	3.83674E+06
5.00000E+00	1.71348E+01	3.81518E+06
5.00000E+00	1.74157E+01	3.79285E+06
5.00000E+00	1.76966E+01	3.76977E+06
5.00000E+00	1.79775E+01	3.74596E+06
5.00000E+00	1.82584E+01	3.72145E+06
5.00000E+00	1.85393E+01	3.69628E+06
5.00000E+00	1.88202E+01	3.67048E+06
5.00000E+00	1.91011E+01	3.64409E+06
5.00000E+00	1.93820E+01	3.61716E+06
5.00000E+00	1.96629E+01	3.58972E+06
5.00000E+00	1.99438E+01	3.56180E+06
5.00000E+00	2.02247E+01	3.53342E+06
5.00000E+00	2.05056E+01	3.50459E+06
5.00000E+00	2.07865E+01	3.47533E+06
5.00000E+00	2.10674E+01	3.44566E+06
5.00000E+00	2.13483E+01	3.41560E+06
5.00000E+00	2.16292E+01	3.38519E+06
5.00000E+00	2.19101E+01	3.35445E+06
5.00000E+00	2.21910E+01	3.32347E+06
5.00000E+00	2.24719E+01	3.29232E+06
5.00000E+00	2.27528E+01	3.26108E+06
5.00000E+00	2.30337E+01	3.22980E+06
5.00000E+00	2.33146E+01	3.19855E+06
5.00000E+00	2.35955E+01	3.16737E+06
5.00000E+00	2.38764E+01	3.13628E+06
5.00000E+00	2.41573E+01	3.10533E+06
5.00000E+00	2.44382E+01	3.07454E+06
5.00000E+00	2.47191E+01	3.04395E+06
5.00000E+00	2.50000E+01	3.01359E+06
6.00000E+00	0.00000E+00	5.67172E+06
6.00000E+00	2.80899E-01	5.71162E+06
6.00000E+00	5.61798E-01	5.76094E+06
6.00000E+00	8.42697E-01	5.83124E+06
6.00000E+00	1.12360E+00	5.95560E+06
6.00000E+00	1.40449E+00	6.17421E+06
6.00000E+00	1.68539E+00	6.46775E+06
6.00000E+00	1.96629E+00	6.82043E+06
6.00000E+00	2.24719E+00	7.22645E+06
6.00000E+00	2.52809E+00	7.68044E+06
6.00000E+00	2.80899E+00	8.16842E+06
6.00000E+00	3.08989E+00	8.66397E+06
6.00000E+00	3.37079E+00	9.12986E+06
6.00000E+00	3.65169E+00	9.52455E+06
6.00000E+00	3.93258E+00	9.81200E+06
6.00000E+00	4.21348E+00	9.97035E+06
6.00000E+00	4.49438E+00	9.99533E+06
6.00000E+00	4.77528E+00	9.89799E+06
6.00000E+00	5.05618E+00	9.69898E+06
6.00000E+00	5.33708E+00	9.42270E+06
6.00000E+00	5.61798E+00	9.09298E+06
6.00000E+00	5.89888E+00	8.73089E+06
6.00000E+00	6.17978E+00	8.35391E+06
6.00000E+00	6.46067E+00	7.97581E+06
6.00000E+00	6.74157E+00	7.60682E+06
6.00000E+00	7.02247E+00	7.25401E+06
6.00000E+00	7.30337E+00	6.92174E+06
6.00000E+00	7.58427E+00	6.61231E+06
6.00000E+00	7.86517E+00	6.32655E+06
6.00000E+00	8.14607E+00	6.06435E+06
6.00000E+00	8.42697E+00	5.82502E+06
6.00000E+00	8.70787E+00	5.60756E+06
6.00000E+00	8.98876E+00	5.41082E+06
6.00000E+00	9.26966E+00	5.23360E+06
6.00000E+00	9.55056E+00	5.07467E+06
6.00000E+00	9.83146E+00	4.93280E+06
6.00000E+00	1.01124E+01	4.80675E+06
6.00000E+00	1.03933E+01	4.69525E+06
6.00000E+00	1.06742E+01	4.59704E+06
6.00000E+00	1.09551E+01	4.51080E+06
6.00000E+00	1.12360E+01	4.43523E+06
6.00000E+00	1.15169E+01	4.36906E+06
6.00000E+00	1.17978E+01	4.31110E+06
6.00000E+00	1.20787E+01	4.26024E+06
6.00000E+00	1.23596E+01	4.21549E+06
6.00000E+00	1.26404E+01	4.17596E+06
6.00000E+00	1.29213E+01	4.14088E+06
6.00000E+00	1.32022E+01	4.10957E+06
6.00000E+00	1.34831E+01	4.08142E+06
6.00000E+00	1.37640E+01	4.05590E+06
6.00000E+00	1.40449E+01	4.03252E+06
6.00000E+00	1.43258E+01	4.01081E+06
6.00000E+00	1.46067E+01	3.99036E+06
6.00000E+00	1.48876E+01	3.97077E+06
6.00000E+00	1.51685E+01	3.95171E+06
6.00000E+00	1.54494E+01	3.93287E+06
6.00000E+00	1.57303E+01	3.91397E+06
6.00000E+00	1.60112E+01	3.89481E+06
6.00000E+00	1.62921E+01	3.87518E+06
6.00000E+00	1.65730E+01	3.85496E+06
6.00000E+00	1.68539E+01	3.83405E+06
6.00000E+00	1.71348E+01	3.81243E+06
6.00000E+00	1.74157E+01	3.79007E+06
6.00000E+00	1.76966E+01	3.76698E+06
6.00000E+00	1.79775E+01	3.74318E+06
6.00000E+00	1.82584E+01	3.71869E+06
6.00000E+00	1.85393E+01	3.69355E+06
6.00000E+00	1.88202E+01	3.66779E+06
6.00000E+00	1.91011E+01	3.64145E+06
6.00000E+00	1.93820E+01	3.61455E+06
6.00000E+00	1.96629E+01	3.58715E+06
6.00000E+00	1.99438E+01	3.55926E+06
6.00000E+00	2.02247E+01	3.53090E+06
6.00000E+00	2.05056E+01	3.50210E+06
6.00000E+00	2.07865E+01	3.47288E+06
6.00000E+00	2.10674E+01	3.44326E+06
6.00000E+00	2.13483E+01	3.41326E+06
6.00000E+00	2.16292E+01	3.38292E+06
6.00000E+00	2.19101E+01	3.35229E+06
6.00000E+00	2.21910E+01	3.32143E+06
6.00000E+00	2.24719E+01	3.29039E+06
6.00000E+00	2.27528E+01	3.25926E+06
6.00000E+00	2.30337E+01	3.22810E+06
6.00000E+00	2.33146E+01	3.19694E+06
6.00000E+00	2.35955E+01	3.16585E+06
6.00000E+00	2.38764E+01	3.13485E+06
6.00000E+00	2.41573E+01	3.10398E+06
6.00000E+00	2.44382E+01	3.07327E+06
6.00000E+00	2.47191E+01	3.04276E+06
6.00000E+00	2.50000E+01	3.01248E+06
7.00000E+00	0.00000E+00	5.90883E+06
7.00000E+00	2.80899E-01	5.96633E+06
7.00000E+00	5.61798E-01	6.04184E+06
7.00000E+00	8.42697E-01	6.14312E+06
7.00000E+00	1.12360E+00	6.28591E+06
7.00000E+00	1.40449E+00	6.50091E+06
7.00000E+00	1.68539E+00	6.79790E+06
7.00000E+00	1.96629E+00	7.15266E+06
7.00000E+00	2.24719E+00	7.54579E+06
7.00000E+00	2.52809E+00	7.96168E+06
7.00000E+00	2.80899E+00	8.38422E+06
7.00000E+00	3.08989E+00	8.79276E+06
7.00000E+00	3.37079E+00	9.16154E+06
7.00000E+00	3.65169E+00	9.46316E+06
7.00000E+00	3.93258E+00	9.67422E+06
7.00000E+00	4.21348E+00	9.78036E+06
7.00000E+00	4.49438E+00	9.77857E+06
7.00000E+00	4.77528E+00	9.67626E+06
7.00000E+00	5.05618E+00	9.48813E+06
7.00000E+00	5.33708E+00	9.23252E+06
7.00000E+00	5.61798E+00	8.92835E+06
7.00000E+00	5.89888E+00	8.59316E+06
7.00000E+00	6.17978E+00	8.24207E+06
7.00000E+00	6.46067E+00	7.88742E+06
7.00000E+00	6.74157E+00	7.53869E+06
7.00000E+00	7.02247E+00	7.20274E+06
7.00000E+00	7.30337E+00	6.88411E+06
7.00000E+00	7.58427E+00	6.58551E+06
7.00000E+00	7.86517E+00	6.30827E+06
7.00000E+00	8.14607E+00	6.05274E+06
7.00000E+00	8.42697E+00	5.81864E+06
7.00000E+00	8.70787E+00	5.60529E+06
7.00000E+00	8.98876E+00	5.41177E+06
7.00000E+00	9.26966E+00	5.23703E+06
7.00000E+00	9.55056E+00	5.07998E+06
7.00000E+00	9.83146E+00	4.93944E+06
7.00000E+00	1.01124E+01	4.81426E+06
7.00000E+00	1.03933E+01	4.70320E+06
7.00000E+00	1.06742E+01	4.60506E+06
7.00000E+00	1.09551E+01	4.51860E+06
7.00000E+00	1.12360E+01	4.44258E+06
7.00000E+00	1.15169E+01	4.37581E+06
7.00000E+00	1.17978E+01	4.31716E+06
7.00000E+00	1.20787E+01	4.26558E+06
7.00000E+00	1.23596E+01	4.22010E+06
7.00000E+00	1.26404E+01	4.17987E+06
7.00000E+00	1.29213E+01	4.14412E+06
7.00000E+00	1.32022E+01	4.11216E+06
7.00000E+00	1.34831E+01	4.08338E+06
7.00000E+00	1.37640E+01	4.05725E+06
7.00000E+00	1.40449E+01	4.03327E+06
7.00000E+00	1.43258E+01	4.01099E+06
7.00000E+00	1.46067E+01	3.98998E+06
7.00000E+00	1.48876E+01	3.96987E+06
7.00000E+00	1.51685E+01	3.95032E+06
7.00000E+00	1.54494E+01	3.93103E+06
7.00000E+00	1.57303E+01	3.91174E+06
7.00000E+00	1.60112E+01	3.89224E+06
7.00000E+00	1.62921E+01	3.87234E+06
7.00000E+00	1.65730E+01	3.85192E+06
7.00000E+00	1.68539E+01	3.83087E+06
7.00000E+00	1.71348E+01	3.80916E+06
7.00000E+00	1.74157E+01	3.78675E+06
7.00000E+00	1.76966E+01	3.76364E+06
7.00000E+00	1.79775E+01	3.73985E+06
7.00000E+00	1.82584E+01	3.71538E+06
7.00000E+00	1.85393E+01	3.69027E+06
7.00000E+00	1.88202E+01	3.66455E+06
7.00000E+00	1.91011E+01	3.63825E+06
7.00000E+00	1.93820E+01	3.61140E+06
7.00000E+00	1.96629E+01	3.58404E+06
7.00000E+00	1.99438E+01	3.55619E+06
7.00000E+00	2.02247E+01	3.52788E+06
7.00000E+00	2.05056E+01	3.49913E+06
7.00000E+00	2.07865E+01	3.46996E+06
7.00000E+00	2.10674E+01	3.44040E+06
7.00000E+00	2.13483E+01	3.41048E+06
7.00000E+00	2.16292E+01	3.38024E+06
7.00000E+00	2.19101E+01	3.34972E+06
7.00000E+00	2.21910E+01	3.31898E+06
7.00000E+00	2.24719E+01	3.28808E+06
7.00000E+00	2.27528E+01	3.25708E+06
7.00000E+00	2.30337E+01	3.22603E+06
7.00000E+00	2.33146E+01	3.19500E+06
7.00000E+00	2.35955E+01	3.16401E+06
7.00000E+00	2.38764E+01	3.13311E+06
7.00000E+00	2.41573E+01	3.10235E+06
7.00000E+00	2.44382E+01	3.07174E+06
7.00000E+00	2.47191E+01	3.04133E+06
7.00000E+00	2.50000E+01	3.01115E+06
8.00000E+00	0.00000E+00	6.18681E+06
8.00000E+00	2.80899E-01	6.25960E+06
8.00000E+00	5.61798E-01	6.35363E+06
8.00000E+00	8.42697E-01	6.47413E+06
8.00000E+00	1.12360E+00	6.62910E+06
8.00000E+00	1.40449E+00	6.83257E+06
8.00000E+00	1.68539E+00	7.10597E+06
8.00000E+00	1.96629E+00	7.43718E+06
8.00000E+00	2.24719E+00	7.80166E+06
8.00000E+00	2.52809E+00	8.17725E+06
8.00000E+00	2.80899E+00	8.54385E+06
8.00000E+00	3.08989E+00	8.88232E+06
8.00000E+00	3.37079E+00	9.17370E+06
8.00000E+00	3.65169E+00	9.40015E+06
8.00000E+00	3.93258E+00	9.54733E+06
8.00000E+00	4.21348E+00	9.60697E+06
8.00000E+00	4.49438E+00	9.57807E+06
8.00000E+00	4.77528E+00	9.46651E+06
8.00000E+00	5.05618E+00	9.28338E+06
8.00000E+00	5.33708E+00	9.04269E+06
8.00000E+00	5.61798E+00	8.75937E+06
8.00000E+00	5.89888E+00	8.44773E+06
8.00000E+00	6.17978E+00	8.12050E+06
8.00000E+00	6.46067E+00	7.78840E+06
8.00000E+00	6.74157E+00	7.45993E+06
8.00000E+00	7.02247E+00	7.14150E+06
8.00000E+00	7.30337E+00	6.83759E+06
8.00000E+00	7.58427E+00	6.55111E+06
8.00000E+00	7.86517E+00	6.28370E+06
8.00000E+00	8.14607E+00	6.03608E+06
8.00000E+00	8.42697E+00	5.80829E+06
8.00000E+00	8.70787E+00	5.59996E+06
8.00000E+00	8.98876E+00	5.41039E+06
8.00000E+00	9.26966E+00	5.23874E+06
8.00000E+00	9.55056E+00	5.08402E+06
8.00000E+00	9.83146E+00	4.94519E+06
8.00000E+00	1.01124E+01	4.82115E+06
8.00000E+00	1.03933E+01	4.71076E+06
8.00000E+00	1.06742E+01	4.61288E+06
8.00000E+00	1.09551E+01	4.52634E+06
8.00000E+00	1.12360E+01	4.44998E+06
8.00000E+00	1.15169E+01	4.38270E+06
8.00000E+00	1.17978E+01	4.32341E+06
8.00000E+00	1.20787E+01	4.27112E+06
8.00000E+00	1.23596E+01	4.22491E+06
8.00000E+00	1.26404E+01	4.18393E+06
8.00000E+00	1.29213E+01	4.14745E+06
8.00000E+00	1.32022E+01	4.11478E+06
8.00000E+00	1.34831E+01	4.08532E+06
8.00000E+00	1.37640E+01	4.05852E+06
8.00000E+00	1.40449E+01	4.03388E+06
8.00000E+00	1.43258E+01	4.01096E+06
8.00000E+00	1.46067E+01	3.98935E+06
8.00000E+00	1.48876E+01	3.96867E+06
8.00000E+00	1.51685E+01	3.94859E+06
8.00000E+00	1.54494E+01	3.92883E+06
8.00000E+00	1.57303E+01	3.90912E+06
8.00000E+00	1.60112E+01	3.88925E+06
8.00000E+00	1.62921E+01	3.86906E+06
8.00000E+00	1.65730E+01	3.84841E+06
8.00000E+00	1.68539E+01	3.82720E+06
8.00000E+00	1.71348E+01	3.80538E+06
8.00000E+00	1.74157E+01	3.78290E+06
8.00000E+00	1.76966E+01	3.75976E+06
8.00000E+00	1.79775E+01	3.73596E+06
8.00000E+00	1.82584E+01	3.71151E+06
8.00000E+00	1.85393E+01	3.68643E+06
8.00000E+00	1.88202E+01	3.66075E+06
8.00000E+00	1.91011E+01	3.63450E+06
8.00000E+00	1.93820E+01	3.60771E+06
8.00000E+00	1.96629E+01	3.58040E+06
8.00000E+00	1.99438E+01	3.55261E+06
8.00000E+00	2.02247E+01	3.52435E+06
8.00000E+00	2.05056E+01	3.49566E+06
8.00000E+00	2.07865E+01	3.46657E+06
8.00000E+00	2.10674E+01	3.43709E+06
8.00000E+00	2.13483E+01	3.40727E+06
8.00000E+00	2.16292E+01	3.37714E+06
8.00000E+00	2.19101E+01	3.34674E+06
8.00000E+00	2.21910E+01	3.31614E+06
8.00000E+00	2.24719E+01	3.28538E+06
8.00000E+00	2.27528E+01	3.25452E+06
8.00000E+00	2.30337E+01	3.22361E+06
8.00000E+00	2.33146E+01	3.19271E+06
8.00000E+00	2.35955E+01	3.16185E+06
8.00000E+00	2.38764E+01	3.13108E+06
8.00000E+00	2.41573E+01	3.10043E+06
8.00000E+00	2.44382E+01	3.06994E+06
8.00000E+00	2.47191E+01	3.03964E+06
8.00000E+00	2.50000E+01	3.00957E+06
9.00000E+00	0.00000E+00	6.47961E+06
9.00000E+00	2.80899E-01	6.56295E+06
9.00000E+00	5.61798E-01	6.66760E+06
9.00000E+00	8.42697E-01	6.79682E+06
9.00000E+00	1.12360E+00	6.95449E+06
9.00000E+00	1.40449E+00	7.14660E+06
9.00000E+00	1.68539E+00	7.38438E+06
9.00000E+00	1.96629E+00	7.67522E+06
9.00000E+00	2.24719E+00	7.99720E+06
9.00000E+00	2.52809E+00	8.32679E+06
9.00000E+00	2.80899E+00	8.64206E+06
9.00000E+00	3.08989E+00	8.92371E+06
9.00000E+00	3.37079E+00	9.15556E+06
9.00000E+00	3.65169E+00	9.32478E+06
9.00000E+00	3.93258E+00	9.42258E+06
9.00000E+00	4.21348E+00	9.44488E+06
9.00000E+00	4.49438E+00	9.39261E+06
9.00000E+00	4.77528E+00	9.27131E+06
9.00000E+00	5.05618E+00	9.09005E+06
9.00000E+00	5.33708E+00	8.86003E+06
9.00000E+00	5.61798E+00	8.59325E+06
9.00000E+00	5.89888E+00	8.30141E+06
9.00000E+00	6.17978E+00	7.99516E+06
9.00000E+00	6.46067E+00	7.68365E+06
9.00000E+00	6.74157E+00	7.37436E+06
9.00000E+00	7.02247E+00	7.07309E+06
9.00000E+00	7.30337E+00	6.78409E+06
9.00000E+00	7.58427E+00	6.51027E+06
9.00000E+00	7.86517E+00	6.25343E+06
9.00000E+00	8.14607E+00	6.01451E+06
9.00000E+00	8.42697E+00	5.79383E+06
9.00000E+00	8.70787E+00	5.59124E+06
9.00000E+00	8.98876E+00	5.40628E+06
9.00000E+00	9.26966E+00	5.23824E+06
9.00000E+00	9.55056E+00	5.08631E+06
9.00000E+00	9.83146E+00	4.94955E+06
9.00000E+00	1.01124E+01	4.82696E+06
9.00000E+00	1.03933E+01	4.71750E+06
9.00000E+00	1.06742E+01	4.62009E+06
9.00000E+00	1.09551E+01	4.53365E+06
9.00000E+00	1.12360E+01	4.45711E+06
9.00000E+00	1.15169E+01	4.38941E+06
9.00000E+00	1.17978E+01	4.32957E+06
9.00000E+00	1.20787E+01	4.27662E+06
9.00000E+00	1.23596E+01	4.22969E+06
9.00000E+00	1.26404E+01	4.18798E+06
9.00000E+00	1.29213E+01	4.15074E+06
9.00000E+00	1.32022E+01	4.11733E+06
9.00000E+00	1.34831E+01	4.08713E+06
9.00000E+00	1.37640E+01	4.05961E+06
9.00000E+00	1.40449E+01	4.03428E+06
9.00000E+00	1.43258E+01	4.01069E+06
9.00000E+00	1.46067E+01	3.98843E+06
9.00000E+00	1.48876E+01	3.96715E+06
9.00000E+00	1.51685E+01	3.94652E+06
9.00000E+00	1.54494E+01	3.92625E+06
9.00000E+00	1.57303E+01	3.90610E+06
9.00000E+00	1.60112E+01	3.88585E+06
9.00000E+00	1.62921E+01	3.86535E+06
9.00000E+00	1.65730E+01	3.84445E+06
9.00000E+00	1.68539E+01	3.82305E+06
9.00000E+00	1.71348E+01	3.80109E+06
9.00000E+00	1.74157E+01	3.77853E+06
9.00000E+00	1.76966E+01	3.75534E+06
9.00000E+00	1.79775E+01	3.73152E+06
9.00000E+00	1.82584E+01	3.70708E+06
9.00000E+00	1.85393E+01	3.68203E+06
9.00000E+00	1.88202E+01	3.65640E+06
9.00000E+00	1.91011E+01	3.63020E+06
9.00000E+00	1.93820E+01	3.60346E+06
9.00000E+00	1.96629E+01	3.57622E+06
9.00000E+00	1.99438E+01	3.54849E+06
9.00000E+00	2.02247E+01	3.52031E+06
9.00000E+00	2.05056E+01	3.49170E+06
9.00000E+00	2.07865E+01	3.46270E+06
9.00000E+00	2.10674E+01	3.43332E+06
9.00000E+00	2.13483E+01	3.40361E+06
9.00000E+00	2.16292E+01	3.37361E+06
9.00000E+00	2.19101E+01	3.34335E+06
9.00000E+00	2.21910E+01	3.31290E+06
9.00000E+00	2.24719E+01	3.28229E+06
9.00000E+00	2.27528E+01	3.25159E+06
9.00000E+00	2.30337E+01	3.22083E+06
9.00000E+00	2.33146E+01	3.19007E+06
9.00000E+00	2.35955E+01	3.15936E+06
9.00000E+00	2.38764E+01	3.12873E+06
9.00000E+00	2.41573E+01	3.09821E+06
9.00000E+00	2.44382E+01	3.06786E+06
9.00000E+00	2.47191E+01	3.03769E+06
9.00000E+00	2.50000E+01	3.00774E+06
1.00000E+01	0.00000E+00	6.76533E+06
1.00000E+01	2.80899E-01	6.85413E+06
1.00000E+01	5.61798E-01	6.96249E+06
1.00000E+01	8.42697E-01	7.09220E+06
1.00000E+01	1.12360E+00	7.24470E+06
1.00000E+01	1.40449E+00	7.42187E+06
1.00000E+01	1.68539E+00	7.62733E+06
1.00000E+01	1.96629E+00	7.86924E+06
1.00000E+01	2.24719E+00	8.14108E+06
1.00000E+01	2.52809E+00	8.42023E+06
1.00000E+01	2.80899E+00	8.68557E+06
1.00000E+01	3.08989E+00	8.91831E+06
1.00000E+01	3.37079E+00	9.10330E+06
1.00000E+01	3.65169E+00	9.22975E+06
1.00000E+01	3.93258E+00	9.29140E+06
1.00000E+01	4.21348E+00	9.28638E+06
1.00000E+01	4.49438E+00	9.21679E+06
1.00000E+01	4.77528E+00	9.08813E+06
1.00000E+01	5.05618E+00	8.90833E+06
1.00000E+01	5.33708E+00	8.68686E+06
1.00000E+01	5.61798E+00	8.43369E+06
1.00000E+01	5.89888E+00	8.15860E+06
1.00000E+01	6.17978E+00	7.87057E+06
1.00000E+01	6.46067E+00	7.57743E+06
1.00000E+01	6.74157E+00	7.28571E+06
1.00000E+01	7.02247E+00	7.00061E+06
1.00000E+01	7.30337E+00	6.72603E+06
1.00000E+01	7.58427E+00	6.46477E+06
1.00000E+01	7.86517E+00	6.21868E+06
1.00000E+01	8.14607E+00	5.98883E+06
1.00000E+01	8.42697E+00	5.77570E+06
1.00000E+01	8.70787E+00	5.57932E+06
1.00000E+01	8.98876E+00	5.39940E+06
1.00000E+01	9.26966E+00	5.23540E+06
1.00000E+01	9.55056E+00	5.08662E+06
1.00000E+01	9.83146E+00	4.95225E+06
1.00000E+01	1.01124E+01	4.83140E+06
1.00000E+01	1.03933E+01	4.72310E+06
1.00000E+01	1.06742E+01	4.62638E+06
1.00000E+01	1.09551E+01	4.54023E+06
1.00000E+01	1.12360E+01	4.46366E+06
1.00000E+01	1.15169E+01	4.39570E+06
1.00000E+01	1.17978E+01	4.33539E+06
1.00000E+01	1.20787E+01	4.28186E+06
1.00000E+01	1.23596E+01	4.23425E+06
1.00000E+01	1.26404E+01	4.19182E+06
1.00000E+01	1.29213E+01	4.15383E+06
1.00000E+01	1.32022E+01	4.11966E+06
1.00000E+01	1.34831E+01	4.08871E+06
1.00000E+01	1.37640E+01	4.06045E+06
1.00000E+01	1.40449E+01	4.03439E+06
1.00000E+01	1.43258E+01	4.01010E+06
1.00000E+01	1.46067E+01	3.98718E+06
1.00000E+01	1.48876E+01	3.96528E+06
1.00000E+01	1.51685E+01	3.94407E+06
1.00000E+01	1.54494E+01	3.92328E+06
1.00000E+01	1.57303E+01	3.90267E+06
1.00000E+01	1.60112E+01	3.88202E+06
1.00000E+01	1.62921E+01	3.86119E+06
1.00000E+01	1.65730E+01	3.84002E+06
1.00000E+01	1.68539E+01	3.81841E+06
1.00000E+01	1.71348E+01	3.79630E+06
1.00000E+01	1.74157E+01	3.77364E+06
1.00000E+01	1.76966E+01	3.75039E+06
1.00000E+01	1.79775E+01	3.72655E+06
1.00000E+01	1.82584E+01	3.70211E+06
1.00000E+01	1.85393E+01	3.67708E+06
1.00000E+01	1.88202E+01	3.65149E+06
1.00000E+01	1.91011E+01	3.62534E+06
1.00000E+01	1.93820E+01	3.59867E+06
1.00000E+01	1.96629E+01	3.57150E+06
1.00000E+01	1.99438E+01	3.54385E+06
1.00000E+01	2.02247E+01	3.51576E+06
1.00000E+01	2.05056E+01	3.48725E+06
1.00000E+01	2.07865E+01	3.45835E+06
1.00000E+01	2.10674E+01	3.42909E+06
1.00000E+01	2.13483E+01	3.39951E+06
1.00000E+01	2.16292E+01	3.36965E+06
1.00000E+01	2.19101E+01	3.33955E+06
1.00000E+01	2.21910E+01	3.30925E+06
1.00000E+01	2.24719E+01	3.27881E+06
1.00000E+01	2.27528E+01	3.24827E+06
1.00000E+01	2.30337E+01	3.21769E+06
1.00000E+01	2.33146E+01	3.18709E+06
1.00000E+01	2.35955E+01	3.15654E+06
1.00000E+01	2.38764E+01	3.12606E+06
1.00000E+01	2.41573E+01	3.09570E+06
1.00000E+01	2.44382E+01	3.06549E+06
1.00000E+01	2.47191E+01	3.03546E+06
1.00000E+01	2.50000E+01	3.00565E+06
