1.00000E-04	0.00000E+00	1.12379E+05
1.00000E-04	2.80899E-01	5.95765E+03
1.00000E-04	5.61798E-01	4.44357E+03
1.00000E-04	8.42697E-01	4.30863E+03
1.00000E-04	1.12360E+00	4.57288E+03
1.00000E-04	1.40449E+00	5.02972E+03
1.00000E-04	1.68539E+00	5.59484E+03
1.00000E-04	1.96629E+00	6.24703E+03
1.00000E-04	2.24719E+00	6.90104E+03
1.00000E-04	2.52809E+00	7.51959E+03
1.00000E-04	2.80899E+00	8.12522E+03
1.00000E-04	3.08989E+00	8.73616E+03
1.00000E-04	3.37079E+00	9.43253E+03
1.00000E-04	3.65169E+00	1.01852E+04
1.00000E-04	3.93258E+00	1.10327E+04
1.00000E-04	4.21348E+00	1.19135E+04
1.00000E-04	4.49438E+00	1.29378E+04
1.00000E-04	4.77528E+00	1.39438E+04
1.00000E-04	5.05618E+00	1.50805E+04
1.00000E-04	5.33708E+00	1.61848E+04
1.00000E-04	5.61798E+00	1.72723E+04
1.00000E-04	5.89888E+00	1.85173E+04
1.00000E-04	6.17978E+00	1.96147E+04
1.00000E-04	6.46067E+00	2.10377E+04
1.00000E-04	6.74157E+00	2.24110E+04
1.00000E-04	7.02247E+00	2.41264E+04
1.00000E-04	7.30337E+00	2.60258E+04
1.00000E-04	7.58427E+00	2.86209E+04
1.00000E-04	7.86517E+00	3.16836E+04
1.00000E-04	8.14607E+00	3.53379E+04
1.00000E-04	8.42697E+00	4.02351E+04
1.00000E-04	8.70787E+00	4.55035E+04
1.00000E-04	8.98876E+00	5.24376E+04
1.00000E-04	9.26966E+00	5.92765E+04
1.00000E-04	9.55056E+00	6.78691E+04
1.00000E-04	9.83146E+00	7.70804E+04
1.00000E-04	1.01124E+01	8.79900E+04
1.00000E-04	1.03933E+01	1.00422E+05
1.00000E-04	1.06742E+01	1.13398E+05
1.00000E-04	1.09551E+01	1.27954E+05
1.00000E-04	1.12360E+01	1.41667E+05
1.00000E-04	1.15169E+01	1.56776E+05
1.00000E-04	1.17978E+01	1.71545E+05
1.00000E-04	1.20787E+01	1.88661E+05
1.00000E-04	1.23596E+01	2.06756E+05
1.00000E-04	1.26404E+01	2.25868E+05
1.00000E-04	1.29213E+01	2.48715E+05
1.00000E-04	1.32022E+01	2.73981E+05
1.00000E-04	1.34831E+01	3.01420E+05
1.00000E-04	1.37640E+01	3.26889E+05
1.00000E-04	1.40449E+01	3.53699E+05
1.00000E-04	1.43258E+01	3.78300E+05
1.00000E-04	1.46067E+01	4.03420E+05
1.00000E-04	1.48876E+01	4.26285E+05
1.00000E-04	1.51685E+01	4.47365E+05
1.00000E-04	1.54494E+01	4.65236E+05
1.00000E-04	1.57303E+01	4.81192E+05
1.00000E-04	1.60112E+01	4.96848E+05
1.00000E-04	1.62921E+01	5.10372E+05
1.00000E-04	1.65730E+01	5.24891E+05
1.00000E-04	1.68539E+01	5.37645E+05
1.00000E-04	1.71348E+01	5.50245E+05
1.00000E-04	1.74157E+01	5.59170E+05
1.00000E-04	1.76966E+01	5.66231E+05
1.00000E-04	1.79775E+01	5.72382E+05
1.00000E-04	1.82584E+01	5.77344E+05
1.00000E-04	1.85393E+01	5.81115E+05
1.00000E-04	1.88202E+01	5.85313E+05
1.00000E-04	1.91011E+01	5.88415E+05
1.00000E-04	1.93820E+01	5.89607E+05
1.00000E-04	1.96629E+01	5.91273E+05
1.00000E-04	1.99438E+01	5.92613E+05
1.00000E-04	2.02247E+01	5.91512E+05
1.00000E-04	2.05056E+01	5.90233E+05
1.00000E-04	2.07865E+01	5.89674E+05
1.00000E-04	2.10674E+01	5.87882E+05
1.00000E-04	2.13483E+01	5.85370E+05
1.00000E-04	2.16292E+01	5.82971E+05
1.00000E-04	2.19101E+01	5.80717E+05
1.00000E-04	2.21910E+01	5.77854E+05
1.00000E-04	2.24719E+01	5.74836E+05
1.00000E-04	2.27528E+01	5.71668E+05
1.00000E-04	2.30337E+01	5.68763E+05
1.00000E-04	2.33146E+01	5.64845E+05
1.00000E-04	2.35955E+01	5.61237E+05
1.00000E-04	2.38764E+01	5.56926E+05
1.00000E-04	2.41573E+01	5.52111E+05
1.00000E-04	2.44382E+01	5.46629E+05
1.00000E-04	2.47191E+01	5.41755E+05
1.00000E-04	2.50000E+01	5.36920E+05
5.00000E-04	0.00000E+00	7.42563E+04
5.00000E-04	2.80899E-01	5.95718E+03
5.00000E-04	5.61798E-01	4.44358E+03
5.00000E-04	8.42697E-01	4.30911E+03
5.00000E-04	1.12360E+00	4.57195E+03
5.00000E-04	1.40449E+00	5.02970E+03
5.00000E-04	1.68539E+00	5.59484E+03
5.00000E-04	1.96629E+00	6.24703E+03
5.00000E-04	2.24719E+00	6.90104E+03
5.00000E-04	2.52809E+00	7.51959E+03
5.00000E-04	2.80899E+00	8.12522E+03
5.00000E-04	3.08989E+00	8.73682E+03
5.00000E-04	3.37079E+00	9.43254E+03
5.00000E-04	3.65169E+00	1.01850E+04
5.00000E-04	3.93258E+00	1.10329E+04
5.00000E-04	4.21348E+00	1.19098E+04
5.00000E-04	4.49438E+00	1.29378E+04
5.00000E-04	4.77528E+00	1.39438E+04
5.00000E-04	5.05618E+00	1.50806E+04
5.00000E-04	5.33708E+00	1.61848E+04
5.00000E-04	5.61798E+00	1.72723E+04
5.00000E-04	5.89888E+00	1.85171E+04
5.00000E-04	6.17978E+00	1.96147E+04
5.00000E-04	6.46067E+00	2.10377E+04
5.00000E-04	6.74157E+00	2.24110E+04
5.00000E-04	7.02247E+00	2.41264E+04
5.00000E-04	7.30337E+00	2.60274E+04
5.00000E-04	7.58427E+00	2.86209E+04
5.00000E-04	7.86517E+00	3.16836E+04
5.00000E-04	8.14607E+00	3.53379E+04
5.00000E-04	8.42697E+00	4.02351E+04
5.00000E-04	8.70787E+00	4.55035E+04
5.00000E-04	8.98876E+00	5.24724E+04
5.00000E-04	9.26966E+00	5.92765E+04
5.00000E-04	9.55056E+00	6.78691E+04
5.00000E-04	9.83146E+00	7.70804E+04
5.00000E-04	1.01124E+01	8.79900E+04
5.00000E-04	1.03933E+01	1.00394E+05
5.00000E-04	1.06742E+01	1.13398E+05
5.00000E-04	1.09551E+01	1.27954E+05
5.00000E-04	1.12360E+01	1.41667E+05
5.00000E-04	1.15169E+01	1.56776E+05
5.00000E-04	1.17978E+01	1.71545E+05
5.00000E-04	1.20787E+01	1.88661E+05
5.00000E-04	1.23596E+01	2.06756E+05
5.00000E-04	1.26404E+01	2.25868E+05
5.00000E-04	1.29213E+01	2.48715E+05
5.00000E-04	1.32022E+01	2.73981E+05
5.00000E-04	1.34831E+01	3.01420E+05
5.00000E-04	1.37640E+01	3.26889E+05
5.00000E-04	1.40449E+01	3.53699E+05
5.00000E-04	1.43258E+01	3.78300E+05
5.00000E-04	1.46067E+01	4.03420E+05
5.00000E-04	1.48876E+01	4.26285E+05
5.00000E-04	1.51685E+01	4.47365E+05
5.00000E-04	1.54494E+01	4.65236E+05
5.00000E-04	1.57303E+01	4.81192E+05
5.00000E-04	1.60112E+01	4.96848E+05
5.00000E-04	1.62921E+01	5.10372E+05
5.00000E-04	1.65730E+01	5.24891E+05
5.00000E-04	1.68539E+01	5.37645E+05
5.00000E-04	1.71348E+01	5.50245E+05
5.00000E-04	1.74157E+01	5.59170E+05
5.00000E-04	1.76966E+01	5.66231E+05
5.00000E-04	1.79775E+01	5.72382E+05
5.00000E-04	1.82584E+01	5.77344E+05
5.00000E-04	1.85393E+01	5.81115E+05
5.00000E-04	1.88202E+01	5.85313E+05
5.00000E-04	1.91011E+01	5.88416E+05
5.00000E-04	1.93820E+01	5.89607E+05
5.00000E-04	1.96629E+01	5.91273E+05
5.00000E-04	1.99438E+01	5.92559E+05
5.00000E-04	2.02247E+01	5.91512E+05
5.00000E-04	2.05056E+01	5.90233E+05
5.00000E-04	2.07865E+01	5.89674E+05
5.00000E-04	2.10674E+01	5.87882E+05
5.00000E-04	2.13483E+01	5.85370E+05
5.00000E-04	2.16292E+01	5.82971E+05
5.00000E-04	2.19101E+01	5.80717E+05
5.00000E-04	2.21910E+01	5.77854E+05
5.00000E-04	2.24719E+01	5.74836E+05
5.00000E-04	2.27528E+01	5.71668E+05
5.00000E-04	2.30337E+01	5.68763E+05
5.00000E-04	2.33146E+01	5.64845E+05
5.00000E-04	2.35955E+01	5.61237E+05
5.00000E-04	2.38764E+01	5.56926E+05
5.00000E-04	2.41573E+01	5.52111E+05
5.00000E-04	2.44382E+01	5.46629E+05
5.00000E-04	2.47191E+01	5.41755E+05
5.00000E-04	2.50000E+01	5.36920E+05
1.00000E-03	0.00000E+00	5.98708E+04
1.00000E-03	2.80899E-01	5.95715E+03
1.00000E-03	5.61798E-01	4.44359E+03
1.00000E-03	8.42697E-01	4.30944E+03
1.00000E-03	1.12360E+00	4.57120E+03
1.00000E-03	1.40449E+00	5.02942E+03
1.00000E-03	1.68539E+00	5.59487E+03
1.00000E-03	1.96629E+00	6.24702E+03
1.00000E-03	2.24719E+00	6.90097E+03
1.00000E-03	2.52809E+00	7.51953E+03
1.00000E-03	2.80899E+00	8.12522E+03
1.00000E-03	3.08989E+00	8.73822E+03
1.00000E-03	3.37079E+00	9.43275E+03
1.00000E-03	3.65169E+00	1.01837E+04
1.00000E-03	3.93258E+00	1.10345E+04
1.00000E-03	4.21348E+00	1.19083E+04
1.00000E-03	4.49438E+00	1.29369E+04
1.00000E-03	4.77528E+00	1.39431E+04
1.00000E-03	5.05618E+00	1.50816E+04
1.00000E-03	5.33708E+00	1.61848E+04
1.00000E-03	5.61798E+00	1.72723E+04
1.00000E-03	5.89888E+00	1.85153E+04
1.00000E-03	6.17978E+00	1.96147E+04
1.00000E-03	6.46067E+00	2.10377E+04
1.00000E-03	6.74157E+00	2.24098E+04
1.00000E-03	7.02247E+00	2.41263E+04
1.00000E-03	7.30337E+00	2.60276E+04
1.00000E-03	7.58427E+00	2.86209E+04
1.00000E-03	7.86517E+00	3.16836E+04
1.00000E-03	8.14607E+00	3.53379E+04
1.00000E-03	8.42697E+00	4.02351E+04
1.00000E-03	8.70787E+00	4.55035E+04
1.00000E-03	8.98876E+00	5.24781E+04
1.00000E-03	9.26966E+00	5.92764E+04
1.00000E-03	9.55056E+00	6.78691E+04
1.00000E-03	9.83146E+00	7.70804E+04
1.00000E-03	1.01124E+01	8.79900E+04
1.00000E-03	1.03933E+01	1.00390E+05
1.00000E-03	1.06742E+01	1.13398E+05
1.00000E-03	1.09551E+01	1.27954E+05
1.00000E-03	1.12360E+01	1.41667E+05
1.00000E-03	1.15169E+01	1.56776E+05
1.00000E-03	1.17978E+01	1.71545E+05
1.00000E-03	1.20787E+01	1.88660E+05
1.00000E-03	1.23596E+01	2.06756E+05
1.00000E-03	1.26404E+01	2.25868E+05
1.00000E-03	1.29213E+01	2.48717E+05
1.00000E-03	1.32022E+01	2.73981E+05
1.00000E-03	1.34831E+01	3.01420E+05
1.00000E-03	1.37640E+01	3.26890E+05
1.00000E-03	1.40449E+01	3.53699E+05
1.00000E-03	1.43258E+01	3.78300E+05
1.00000E-03	1.46067E+01	4.03420E+05
1.00000E-03	1.48876E+01	4.26285E+05
1.00000E-03	1.51685E+01	4.47365E+05
1.00000E-03	1.54494E+01	4.65236E+05
1.00000E-03	1.57303E+01	4.81192E+05
1.00000E-03	1.60112E+01	4.96848E+05
1.00000E-03	1.62921E+01	5.10372E+05
1.00000E-03	1.65730E+01	5.24891E+05
1.00000E-03	1.68539E+01	5.37645E+05
1.00000E-03	1.71348E+01	5.50245E+05
1.00000E-03	1.74157E+01	5.59183E+05
1.00000E-03	1.76966E+01	5.66231E+05
1.00000E-03	1.79775E+01	5.72382E+05
1.00000E-03	1.82584E+01	5.77344E+05
1.00000E-03	1.85393E+01	5.81115E+05
1.00000E-03	1.88202E+01	5.85313E+05
1.00000E-03	1.91011E+01	5.88424E+05
1.00000E-03	1.93820E+01	5.89607E+05
1.00000E-03	1.96629E+01	5.91273E+05
1.00000E-03	1.99438E+01	5.92474E+05
1.00000E-03	2.02247E+01	5.91512E+05
1.00000E-03	2.05056E+01	5.90233E+05
1.00000E-03	2.07865E+01	5.89674E+05
1.00000E-03	2.10674E+01	5.87882E+05
1.00000E-03	2.13483E+01	5.85370E+05
1.00000E-03	2.16292E+01	5.82971E+05
1.00000E-03	2.19101E+01	5.80717E+05
1.00000E-03	2.21910E+01	5.77854E+05
1.00000E-03	2.24719E+01	5.74836E+05
1.00000E-03	2.27528E+01	5.71668E+05
1.00000E-03	2.30337E+01	5.68763E+05
1.00000E-03	2.33146E+01	5.64845E+05
1.00000E-03	2.35955E+01	5.61237E+05
1.00000E-03	2.38764E+01	5.56926E+05
1.00000E-03	2.41573E+01	5.52111E+05
1.00000E-03	2.44382E+01	5.46629E+05
1.00000E-03	2.47191E+01	5.41755E+05
1.00000E-03	2.50000E+01	5.36920E+05
5.00000E-03	0.00000E+00	3.18194E+04
5.00000E-03	2.80899E-01	5.95716E+03
5.00000E-03	5.61798E-01	4.44359E+03
5.00000E-03	8.42697E-01	4.30950E+03
5.00000E-03	1.12360E+00	4.57068E+03
5.00000E-03	1.40449E+00	5.02875E+03
5.00000E-03	1.68539E+00	5.59498E+03
5.00000E-03	1.96629E+00	6.24664E+03
5.00000E-03	2.24719E+00	6.90010E+03
5.00000E-03	2.52809E+00	7.51941E+03
5.00000E-03	2.80899E+00	8.12508E+03
5.00000E-03	3.08989E+00	8.74020E+03
5.00000E-03	3.37079E+00	9.43337E+03
5.00000E-03	3.65169E+00	1.01797E+04
5.00000E-03	3.93258E+00	1.10392E+04
5.00000E-03	4.21348E+00	1.19070E+04
5.00000E-03	4.49438E+00	1.29302E+04
5.00000E-03	4.77528E+00	1.39375E+04
5.00000E-03	5.05618E+00	1.50869E+04
5.00000E-03	5.33708E+00	1.61819E+04
5.00000E-03	5.61798E+00	1.72748E+04
5.00000E-03	5.89888E+00	1.85081E+04
5.00000E-03	6.17978E+00	1.96102E+04
5.00000E-03	6.46067E+00	2.10383E+04
5.00000E-03	6.74157E+00	2.23978E+04
5.00000E-03	7.02247E+00	2.41193E+04
5.00000E-03	7.30337E+00	2.60276E+04
5.00000E-03	7.58427E+00	2.86198E+04
5.00000E-03	7.86517E+00	3.16888E+04
5.00000E-03	8.14607E+00	3.53229E+04
5.00000E-03	8.42697E+00	4.02329E+04
5.00000E-03	8.70787E+00	4.55040E+04
5.00000E-03	8.98876E+00	5.24827E+04
5.00000E-03	9.26966E+00	5.92600E+04
5.00000E-03	9.55056E+00	6.78688E+04
5.00000E-03	9.83146E+00	7.70693E+04
5.00000E-03	1.01124E+01	8.79818E+04
5.00000E-03	1.03933E+01	1.00387E+05
5.00000E-03	1.06742E+01	1.13396E+05
5.00000E-03	1.09551E+01	1.27956E+05
5.00000E-03	1.12360E+01	1.41579E+05
5.00000E-03	1.15169E+01	1.56725E+05
5.00000E-03	1.17978E+01	1.71548E+05
5.00000E-03	1.20787E+01	1.88550E+05
5.00000E-03	1.23596E+01	2.06751E+05
5.00000E-03	1.26404E+01	2.25873E+05
5.00000E-03	1.29213E+01	2.48885E+05
5.00000E-03	1.32022E+01	2.73978E+05
5.00000E-03	1.34831E+01	3.01512E+05
5.00000E-03	1.37640E+01	3.27046E+05
5.00000E-03	1.40449E+01	3.53695E+05
5.00000E-03	1.43258E+01	3.78303E+05
5.00000E-03	1.46067E+01	4.03420E+05
5.00000E-03	1.48876E+01	4.26306E+05
5.00000E-03	1.51685E+01	4.47365E+05
5.00000E-03	1.54494E+01	4.65236E+05
5.00000E-03	1.57303E+01	4.81186E+05
5.00000E-03	1.60112E+01	4.96852E+05
5.00000E-03	1.62921E+01	5.10398E+05
5.00000E-03	1.65730E+01	5.24865E+05
5.00000E-03	1.68539E+01	5.37645E+05
5.00000E-03	1.71348E+01	5.50245E+05
5.00000E-03	1.74157E+01	5.59313E+05
5.00000E-03	1.76966E+01	5.66261E+05
5.00000E-03	1.79775E+01	5.72382E+05
5.00000E-03	1.82584E+01	5.77331E+05
5.00000E-03	1.85393E+01	5.81115E+05
5.00000E-03	1.88202E+01	5.85321E+05
5.00000E-03	1.91011E+01	5.88445E+05
5.00000E-03	1.93820E+01	5.89608E+05
5.00000E-03	1.96629E+01	5.91273E+05
5.00000E-03	1.99438E+01	5.92362E+05
5.00000E-03	2.02247E+01	5.91511E+05
5.00000E-03	2.05056E+01	5.90242E+05
5.00000E-03	2.07865E+01	5.89653E+05
5.00000E-03	2.10674E+01	5.87882E+05
5.00000E-03	2.13483E+01	5.85370E+05
5.00000E-03	2.16292E+01	5.82971E+05
5.00000E-03	2.19101E+01	5.80717E+05
5.00000E-03	2.21910E+01	5.77854E+05
5.00000E-03	2.24719E+01	5.74836E+05
5.00000E-03	2.27528E+01	5.71668E+05
5.00000E-03	2.30337E+01	5.68758E+05
5.00000E-03	2.33146E+01	5.64832E+05
5.00000E-03	2.35955E+01	5.61237E+05
5.00000E-03	2.38764E+01	5.56929E+05
5.00000E-03	2.41573E+01	5.52096E+05
5.00000E-03	2.44382E+01	5.46629E+05
5.00000E-03	2.47191E+01	5.41755E+05
5.00000E-03	2.50000E+01	5.36920E+05
1.00000E-02	0.00000E+00	2.41328E+04
1.00000E-02	2.80899E-01	5.95717E+03
1.00000E-02	5.61798E-01	4.44361E+03
1.00000E-02	8.42697E-01	4.30951E+03
1.00000E-02	1.12360E+00	4.57069E+03
1.00000E-02	1.40449E+00	5.02876E+03
1.00000E-02	1.68539E+00	5.59499E+03
1.00000E-02	1.96629E+00	6.24664E+03
1.00000E-02	2.24719E+00	6.90009E+03
1.00000E-02	2.52809E+00	7.51942E+03
1.00000E-02	2.80899E+00	8.12508E+03
1.00000E-02	3.08989E+00	8.74026E+03
1.00000E-02	3.37079E+00	9.43337E+03
1.00000E-02	3.65169E+00	1.01795E+04
1.00000E-02	3.93258E+00	1.10396E+04
1.00000E-02	4.21348E+00	1.19070E+04
1.00000E-02	4.49438E+00	1.29290E+04
1.00000E-02	4.77528E+00	1.39368E+04
1.00000E-02	5.05618E+00	1.50874E+04
1.00000E-02	5.33708E+00	1.61809E+04
1.00000E-02	5.61798E+00	1.72760E+04
1.00000E-02	5.89888E+00	1.85072E+04
1.00000E-02	6.17978E+00	1.96075E+04
1.00000E-02	6.46067E+00	2.10386E+04
1.00000E-02	6.74157E+00	2.23950E+04
1.00000E-02	7.02247E+00	2.41172E+04
1.00000E-02	7.30337E+00	2.60273E+04
1.00000E-02	7.58427E+00	2.86198E+04
1.00000E-02	7.86517E+00	3.16911E+04
1.00000E-02	8.14607E+00	3.53085E+04
1.00000E-02	8.42697E+00	4.02247E+04
1.00000E-02	8.70787E+00	4.55077E+04
1.00000E-02	8.98876E+00	5.24837E+04
1.00000E-02	9.26966E+00	5.92427E+04
1.00000E-02	9.55056E+00	6.78670E+04
1.00000E-02	9.83146E+00	7.70419E+04
1.00000E-02	1.01124E+01	8.79567E+04
1.00000E-02	1.03933E+01	1.00389E+05
1.00000E-02	1.06742E+01	1.13379E+05
1.00000E-02	1.09551E+01	1.27982E+05
1.00000E-02	1.12360E+01	1.41508E+05
1.00000E-02	1.15169E+01	1.56667E+05
1.00000E-02	1.17978E+01	1.71544E+05
1.00000E-02	1.20787E+01	1.88492E+05
1.00000E-02	1.23596E+01	2.06701E+05
1.00000E-02	1.26404E+01	2.25923E+05
1.00000E-02	1.29213E+01	2.48973E+05
1.00000E-02	1.32022E+01	2.73984E+05
1.00000E-02	1.34831E+01	3.01617E+05
1.00000E-02	1.37640E+01	3.27174E+05
1.00000E-02	1.40449E+01	3.53646E+05
1.00000E-02	1.43258E+01	3.78338E+05
1.00000E-02	1.46067E+01	4.03419E+05
1.00000E-02	1.48876E+01	4.26370E+05
1.00000E-02	1.51685E+01	4.47374E+05
1.00000E-02	1.54494E+01	4.65235E+05
1.00000E-02	1.57303E+01	4.81137E+05
1.00000E-02	1.60112E+01	4.96897E+05
1.00000E-02	1.62921E+01	5.10441E+05
1.00000E-02	1.65730E+01	5.24784E+05
1.00000E-02	1.68539E+01	5.37649E+05
1.00000E-02	1.71348E+01	5.50243E+05
1.00000E-02	1.74157E+01	5.59346E+05
1.00000E-02	1.76966E+01	5.66290E+05
1.00000E-02	1.79775E+01	5.72382E+05
1.00000E-02	1.82584E+01	5.77251E+05
1.00000E-02	1.85393E+01	5.81121E+05
1.00000E-02	1.88202E+01	5.85360E+05
1.00000E-02	1.91011E+01	5.88443E+05
1.00000E-02	1.93820E+01	5.89628E+05
1.00000E-02	1.96629E+01	5.91272E+05
1.00000E-02	1.99438E+01	5.92347E+05
1.00000E-02	2.02247E+01	5.91499E+05
1.00000E-02	2.05056E+01	5.90267E+05
1.00000E-02	2.07865E+01	5.89580E+05
1.00000E-02	2.10674E+01	5.87894E+05
1.00000E-02	2.13483E+01	5.85368E+05
1.00000E-02	2.16292E+01	5.82983E+05
1.00000E-02	2.19101E+01	5.80719E+05
1.00000E-02	2.21910E+01	5.77853E+05
1.00000E-02	2.24719E+01	5.74834E+05
1.00000E-02	2.27528E+01	5.71674E+05
1.00000E-02	2.30337E+01	5.68729E+05
1.00000E-02	2.33146E+01	5.64805E+05
1.00000E-02	2.35955E+01	5.61239E+05
1.00000E-02	2.38764E+01	5.56948E+05
1.00000E-02	2.41573E+01	5.52070E+05
1.00000E-02	2.44382E+01	5.46629E+05
1.00000E-02	2.47191E+01	5.41754E+05
1.00000E-02	2.50000E+01	5.36920E+05
5.00000E-02	0.00000E+00	1.36415E+04
5.00000E-02	2.80899E-01	5.95713E+03
5.00000E-02	5.61798E-01	4.44389E+03
5.00000E-02	8.42697E-01	4.30971E+03
5.00000E-02	1.12360E+00	4.57096E+03
5.00000E-02	1.40449E+00	5.02893E+03
5.00000E-02	1.68539E+00	5.59528E+03
5.00000E-02	1.96629E+00	6.24682E+03
5.00000E-02	2.24719E+00	6.90024E+03
5.00000E-02	2.52809E+00	7.51950E+03
5.00000E-02	2.80899E+00	8.12523E+03
5.00000E-02	3.08989E+00	8.74036E+03
5.00000E-02	3.37079E+00	9.43351E+03
5.00000E-02	3.65169E+00	1.01796E+04
5.00000E-02	3.93258E+00	1.10396E+04
5.00000E-02	4.21348E+00	1.19072E+04
5.00000E-02	4.49438E+00	1.29289E+04
5.00000E-02	4.77528E+00	1.39369E+04
5.00000E-02	5.05618E+00	1.50870E+04
5.00000E-02	5.33708E+00	1.61810E+04
5.00000E-02	5.61798E+00	1.72769E+04
5.00000E-02	5.89888E+00	1.85072E+04
5.00000E-02	6.17978E+00	1.96073E+04
5.00000E-02	6.46067E+00	2.10385E+04
5.00000E-02	6.74157E+00	2.23946E+04
5.00000E-02	7.02247E+00	2.41170E+04
5.00000E-02	7.30337E+00	2.60277E+04
5.00000E-02	7.58427E+00	2.86197E+04
5.00000E-02	7.86517E+00	3.16917E+04
5.00000E-02	8.14607E+00	3.53047E+04
5.00000E-02	8.42697E+00	4.02205E+04
5.00000E-02	8.70787E+00	4.55117E+04
5.00000E-02	8.98876E+00	5.24843E+04
5.00000E-02	9.26966E+00	5.92393E+04
5.00000E-02	9.55056E+00	6.78653E+04
5.00000E-02	9.83146E+00	7.70294E+04
5.00000E-02	1.01124E+01	8.79454E+04
5.00000E-02	1.03933E+01	1.00393E+05
5.00000E-02	1.06742E+01	1.13347E+05
5.00000E-02	1.09551E+01	1.28044E+05
5.00000E-02	1.12360E+01	1.41460E+05
5.00000E-02	1.15169E+01	1.56631E+05
5.00000E-02	1.17978E+01	1.71544E+05
5.00000E-02	1.20787E+01	1.88464E+05
5.00000E-02	1.23596E+01	2.06606E+05
5.00000E-02	1.26404E+01	2.26024E+05
5.00000E-02	1.29213E+01	2.49014E+05
5.00000E-02	1.32022E+01	2.73988E+05
5.00000E-02	1.34831E+01	3.01678E+05
5.00000E-02	1.37640E+01	3.27262E+05
5.00000E-02	1.40449E+01	3.53527E+05
5.00000E-02	1.43258E+01	3.78409E+05
5.00000E-02	1.46067E+01	4.03334E+05
5.00000E-02	1.48876E+01	4.26409E+05
5.00000E-02	1.51685E+01	4.47390E+05
5.00000E-02	1.54494E+01	4.65174E+05
5.00000E-02	1.57303E+01	4.81062E+05
5.00000E-02	1.60112E+01	4.96984E+05
5.00000E-02	1.62921E+01	5.10457E+05
5.00000E-02	1.65730E+01	5.24704E+05
5.00000E-02	1.68539E+01	5.37663E+05
5.00000E-02	1.71348E+01	5.50106E+05
5.00000E-02	1.74157E+01	5.59356E+05
5.00000E-02	1.76966E+01	5.66297E+05
5.00000E-02	1.79775E+01	5.72366E+05
5.00000E-02	1.82584E+01	5.77046E+05
5.00000E-02	1.85393E+01	5.81143E+05
5.00000E-02	1.88202E+01	5.85398E+05
5.00000E-02	1.91011E+01	5.88442E+05
5.00000E-02	1.93820E+01	5.89823E+05
5.00000E-02	1.96629E+01	5.91246E+05
5.00000E-02	1.99438E+01	5.92331E+05
5.00000E-02	2.02247E+01	5.91440E+05
5.00000E-02	2.05056E+01	5.90281E+05
5.00000E-02	2.07865E+01	5.89443E+05
5.00000E-02	2.10674E+01	5.88009E+05
5.00000E-02	2.13483E+01	5.85314E+05
5.00000E-02	2.16292E+01	5.83051E+05
5.00000E-02	2.19101E+01	5.80793E+05
5.00000E-02	2.21910E+01	5.77815E+05
5.00000E-02	2.24719E+01	5.74799E+05
5.00000E-02	2.27528E+01	5.71743E+05
5.00000E-02	2.30337E+01	5.68666E+05
5.00000E-02	2.33146E+01	5.64776E+05
5.00000E-02	2.35955E+01	5.61297E+05
5.00000E-02	2.38764E+01	5.56985E+05
5.00000E-02	2.41573E+01	5.52039E+05
5.00000E-02	2.44382E+01	5.46637E+05
5.00000E-02	2.47191E+01	5.41709E+05
5.00000E-02	2.50000E+01	5.36920E+05
1.00000E-01	0.00000E+00	1.11108E+04
1.00000E-01	2.80899E-01	5.95534E+03
1.00000E-01	5.61798E-01	4.44465E+03
1.00000E-01	8.42697E-01	4.31027E+03
1.00000E-01	1.12360E+00	4.57175E+03
1.00000E-01	1.40449E+00	5.02927E+03
1.00000E-01	1.68539E+00	5.59619E+03
1.00000E-01	1.96629E+00	6.24732E+03
1.00000E-01	2.24719E+00	6.90069E+03
1.00000E-01	2.52809E+00	7.51984E+03
1.00000E-01	2.80899E+00	8.12568E+03
1.00000E-01	3.08989E+00	8.74083E+03
1.00000E-01	3.37079E+00	9.43394E+03
1.00000E-01	3.65169E+00	1.01800E+04
1.00000E-01	3.93258E+00	1.10398E+04
1.00000E-01	4.21348E+00	1.19076E+04
1.00000E-01	4.49438E+00	1.29289E+04
1.00000E-01	4.77528E+00	1.39374E+04
1.00000E-01	5.05618E+00	1.50862E+04
1.00000E-01	5.33708E+00	1.61814E+04
1.00000E-01	5.61798E+00	1.72788E+04
1.00000E-01	5.89888E+00	1.85074E+04
1.00000E-01	6.17978E+00	1.96079E+04
1.00000E-01	6.46067E+00	2.10381E+04
1.00000E-01	6.74157E+00	2.23952E+04
1.00000E-01	7.02247E+00	2.41167E+04
1.00000E-01	7.30337E+00	2.60289E+04
1.00000E-01	7.58427E+00	2.86191E+04
1.00000E-01	7.86517E+00	3.16935E+04
1.00000E-01	8.14607E+00	3.53115E+04
1.00000E-01	8.42697E+00	4.02199E+04
1.00000E-01	8.70787E+00	4.55136E+04
1.00000E-01	8.98876E+00	5.24824E+04
1.00000E-01	9.26966E+00	5.92418E+04
1.00000E-01	9.55056E+00	6.78636E+04
1.00000E-01	9.83146E+00	7.70333E+04
1.00000E-01	1.01124E+01	8.79535E+04
1.00000E-01	1.03933E+01	1.00396E+05
1.00000E-01	1.06742E+01	1.13357E+05
1.00000E-01	1.09551E+01	1.28043E+05
1.00000E-01	1.12360E+01	1.41462E+05
1.00000E-01	1.15169E+01	1.56625E+05
1.00000E-01	1.17978E+01	1.71547E+05
1.00000E-01	1.20787E+01	1.88459E+05
1.00000E-01	1.23596E+01	2.06611E+05
1.00000E-01	1.26404E+01	2.26043E+05
1.00000E-01	1.29213E+01	2.49019E+05
1.00000E-01	1.32022E+01	2.73995E+05
1.00000E-01	1.34831E+01	3.01674E+05
1.00000E-01	1.37640E+01	3.27264E+05
1.00000E-01	1.40449E+01	3.53520E+05
1.00000E-01	1.43258E+01	3.78412E+05
1.00000E-01	1.46067E+01	4.03325E+05
1.00000E-01	1.48876E+01	4.26410E+05
1.00000E-01	1.51685E+01	4.47378E+05
1.00000E-01	1.54494E+01	4.65171E+05
1.00000E-01	1.57303E+01	4.81073E+05
1.00000E-01	1.60112E+01	4.96979E+05
1.00000E-01	1.62921E+01	5.10465E+05
1.00000E-01	1.65730E+01	5.24700E+05
1.00000E-01	1.68539E+01	5.37664E+05
1.00000E-01	1.71348E+01	5.50092E+05
1.00000E-01	1.74157E+01	5.59355E+05
1.00000E-01	1.76966E+01	5.66297E+05
1.00000E-01	1.79775E+01	5.72364E+05
1.00000E-01	1.82584E+01	5.77042E+05
1.00000E-01	1.85393E+01	5.81143E+05
1.00000E-01	1.88202E+01	5.85396E+05
1.00000E-01	1.91011E+01	5.88437E+05
1.00000E-01	1.93820E+01	5.89830E+05
1.00000E-01	1.96629E+01	5.91246E+05
1.00000E-01	1.99438E+01	5.92328E+05
1.00000E-01	2.02247E+01	5.91442E+05
1.00000E-01	2.05056E+01	5.90281E+05
1.00000E-01	2.07865E+01	5.89438E+05
1.00000E-01	2.10674E+01	5.88011E+05
1.00000E-01	2.13483E+01	5.85313E+05
1.00000E-01	2.16292E+01	5.83052E+05
1.00000E-01	2.19101E+01	5.80797E+05
1.00000E-01	2.21910E+01	5.77813E+05
1.00000E-01	2.24719E+01	5.74798E+05
1.00000E-01	2.27528E+01	5.71745E+05
1.00000E-01	2.30337E+01	5.68663E+05
1.00000E-01	2.33146E+01	5.64776E+05
1.00000E-01	2.35955E+01	5.61300E+05
1.00000E-01	2.38764E+01	5.56985E+05
1.00000E-01	2.41573E+01	5.52037E+05
1.00000E-01	2.44382E+01	5.46637E+05
1.00000E-01	2.47191E+01	5.41706E+05
1.00000E-01	2.50000E+01	5.36919E+05
2.00000E-01	0.00000E+00	9.40271E+03
2.00000E-01	2.80899E-01	5.93694E+03
2.00000E-01	5.61798E-01	4.44710E+03
2.00000E-01	8.42697E-01	4.31272E+03
2.00000E-01	1.12360E+00	4.57455E+03
2.00000E-01	1.40449E+00	5.03094E+03
2.00000E-01	1.68539E+00	5.59915E+03
2.00000E-01	1.96629E+00	6.24903E+03
2.00000E-01	2.24719E+00	6.90244E+03
2.00000E-01	2.52809E+00	7.52117E+03
2.00000E-01	2.80899E+00	8.12731E+03
2.00000E-01	3.08989E+00	8.74299E+03
2.00000E-01	3.37079E+00	9.43556E+03
2.00000E-01	3.65169E+00	1.01818E+04
2.00000E-01	3.93258E+00	1.10405E+04
2.00000E-01	4.21348E+00	1.19094E+04
2.00000E-01	4.49438E+00	1.29282E+04
2.00000E-01	4.77528E+00	1.39393E+04
2.00000E-01	5.05618E+00	1.50843E+04
2.00000E-01	5.33708E+00	1.61830E+04
2.00000E-01	5.61798E+00	1.72846E+04
2.00000E-01	5.89888E+00	1.85075E+04
2.00000E-01	6.17978E+00	1.96106E+04
2.00000E-01	6.46067E+00	2.10371E+04
2.00000E-01	6.74157E+00	2.23978E+04
2.00000E-01	7.02247E+00	2.41149E+04
2.00000E-01	7.30337E+00	2.60339E+04
2.00000E-01	7.58427E+00	2.86178E+04
2.00000E-01	7.86517E+00	3.17003E+04
2.00000E-01	8.14607E+00	3.53339E+04
2.00000E-01	8.42697E+00	4.02197E+04
2.00000E-01	8.70787E+00	4.55236E+04
2.00000E-01	8.98876E+00	5.24752E+04
2.00000E-01	9.26966E+00	5.92529E+04
2.00000E-01	9.55056E+00	6.78558E+04
2.00000E-01	9.83146E+00	7.70492E+04
2.00000E-01	1.01124E+01	8.79780E+04
2.00000E-01	1.03933E+01	1.00406E+05
2.00000E-01	1.06742E+01	1.13395E+05
2.00000E-01	1.09551E+01	1.28037E+05
2.00000E-01	1.12360E+01	1.41474E+05
2.00000E-01	1.15169E+01	1.56606E+05
2.00000E-01	1.17978E+01	1.71562E+05
2.00000E-01	1.20787E+01	1.88451E+05
2.00000E-01	1.23596E+01	2.06631E+05
2.00000E-01	1.26404E+01	2.26107E+05
2.00000E-01	1.29213E+01	2.49040E+05
2.00000E-01	1.32022E+01	2.74027E+05
2.00000E-01	1.34831E+01	3.01656E+05
2.00000E-01	1.37640E+01	3.27272E+05
2.00000E-01	1.40449E+01	3.53499E+05
2.00000E-01	1.43258E+01	3.78422E+05
2.00000E-01	1.46067E+01	4.03319E+05
2.00000E-01	1.48876E+01	4.26416E+05
2.00000E-01	1.51685E+01	4.47341E+05
2.00000E-01	1.54494E+01	4.65162E+05
2.00000E-01	1.57303E+01	4.81107E+05
2.00000E-01	1.60112E+01	4.96963E+05
2.00000E-01	1.62921E+01	5.10492E+05
2.00000E-01	1.65730E+01	5.24685E+05
2.00000E-01	1.68539E+01	5.37665E+05
2.00000E-01	1.71348E+01	5.50072E+05
2.00000E-01	1.74157E+01	5.59352E+05
2.00000E-01	1.76966E+01	5.66298E+05
2.00000E-01	1.79775E+01	5.72358E+05
2.00000E-01	1.82584E+01	5.77049E+05
2.00000E-01	1.85393E+01	5.81144E+05
2.00000E-01	1.88202E+01	5.85390E+05
2.00000E-01	1.91011E+01	5.88420E+05
2.00000E-01	1.93820E+01	5.89824E+05
2.00000E-01	1.96629E+01	5.91247E+05
2.00000E-01	1.99438E+01	5.92318E+05
2.00000E-01	2.02247E+01	5.91447E+05
2.00000E-01	2.05056E+01	5.90281E+05
2.00000E-01	2.07865E+01	5.89436E+05
2.00000E-01	2.10674E+01	5.87999E+05
2.00000E-01	2.13483E+01	5.85311E+05
2.00000E-01	2.16292E+01	5.83053E+05
2.00000E-01	2.19101E+01	5.80793E+05
2.00000E-01	2.21910E+01	5.77815E+05
2.00000E-01	2.24719E+01	5.74797E+05
2.00000E-01	2.27528E+01	5.71746E+05
2.00000E-01	2.30337E+01	5.68656E+05
2.00000E-01	2.33146E+01	5.64779E+05
2.00000E-01	2.35955E+01	5.61293E+05
2.00000E-01	2.38764E+01	5.56983E+05
2.00000E-01	2.41573E+01	5.52030E+05
2.00000E-01	2.44382E+01	5.46637E+05
2.00000E-01	2.47191E+01	5.41707E+05
2.00000E-01	2.50000E+01	5.36915E+05
2.50000E-01	0.00000E+00	8.97170E+03
2.50000E-01	2.80899E-01	5.91559E+03
2.50000E-01	5.61798E-01	4.44849E+03
2.50000E-01	8.42697E-01	4.31461E+03
2.50000E-01	1.12360E+00	4.57654E+03
2.50000E-01	1.40449E+00	5.03237E+03
2.50000E-01	1.68539E+00	5.60103E+03
2.50000E-01	1.96629E+00	6.25020E+03
2.50000E-01	2.24719E+00	6.90366E+03
2.50000E-01	2.52809E+00	7.52210E+03
2.50000E-01	2.80899E+00	8.12837E+03
2.50000E-01	3.08989E+00	8.74454E+03
2.50000E-01	3.37079E+00	9.43671E+03
2.50000E-01	3.65169E+00	1.01832E+04
2.50000E-01	3.93258E+00	1.10409E+04
2.50000E-01	4.21348E+00	1.19108E+04
2.50000E-01	4.49438E+00	1.29278E+04
2.50000E-01	4.77528E+00	1.39407E+04
2.50000E-01	5.05618E+00	1.50837E+04
2.50000E-01	5.33708E+00	1.61841E+04
2.50000E-01	5.61798E+00	1.72878E+04
2.50000E-01	5.89888E+00	1.85076E+04
2.50000E-01	6.17978E+00	1.96129E+04
2.50000E-01	6.46067E+00	2.10364E+04
2.50000E-01	6.74157E+00	2.24000E+04
2.50000E-01	7.02247E+00	2.41136E+04
2.50000E-01	7.30337E+00	2.60377E+04
2.50000E-01	7.58427E+00	2.86180E+04
2.50000E-01	7.86517E+00	3.17049E+04
2.50000E-01	8.14607E+00	3.53476E+04
2.50000E-01	8.42697E+00	4.02204E+04
2.50000E-01	8.70787E+00	4.55328E+04
2.50000E-01	8.98876E+00	5.24702E+04
2.50000E-01	9.26966E+00	5.92626E+04
2.50000E-01	9.55056E+00	6.78505E+04
2.50000E-01	9.83146E+00	7.70610E+04
2.50000E-01	1.01124E+01	8.79934E+04
2.50000E-01	1.03933E+01	1.00413E+05
2.50000E-01	1.06742E+01	1.13420E+05
2.50000E-01	1.09551E+01	1.28032E+05
2.50000E-01	1.12360E+01	1.41486E+05
2.50000E-01	1.15169E+01	1.56594E+05
2.50000E-01	1.17978E+01	1.71573E+05
2.50000E-01	1.20787E+01	1.88450E+05
2.50000E-01	1.23596E+01	2.06644E+05
2.50000E-01	1.26404E+01	2.26148E+05
2.50000E-01	1.29213E+01	2.49055E+05
2.50000E-01	1.32022E+01	2.74050E+05
2.50000E-01	1.34831E+01	3.01643E+05
2.50000E-01	1.37640E+01	3.27280E+05
2.50000E-01	1.40449E+01	3.53486E+05
2.50000E-01	1.43258E+01	3.78429E+05
2.50000E-01	1.46067E+01	4.03315E+05
2.50000E-01	1.48876E+01	4.26420E+05
2.50000E-01	1.51685E+01	4.47320E+05
2.50000E-01	1.54494E+01	4.65156E+05
2.50000E-01	1.57303E+01	4.81127E+05
2.50000E-01	1.60112E+01	4.96952E+05
2.50000E-01	1.62921E+01	5.10509E+05
2.50000E-01	1.65730E+01	5.24677E+05
2.50000E-01	1.68539E+01	5.37667E+05
2.50000E-01	1.71348E+01	5.50057E+05
2.50000E-01	1.74157E+01	5.59349E+05
2.50000E-01	1.76966E+01	5.66300E+05
2.50000E-01	1.79775E+01	5.72354E+05
2.50000E-01	1.82584E+01	5.77054E+05
2.50000E-01	1.85393E+01	5.81145E+05
2.50000E-01	1.88202E+01	5.85385E+05
2.50000E-01	1.91011E+01	5.88408E+05
2.50000E-01	1.93820E+01	5.89819E+05
2.50000E-01	1.96629E+01	5.91248E+05
2.50000E-01	1.99438E+01	5.92311E+05
2.50000E-01	2.02247E+01	5.91449E+05
2.50000E-01	2.05056E+01	5.90281E+05
2.50000E-01	2.07865E+01	5.89434E+05
2.50000E-01	2.10674E+01	5.87990E+05
2.50000E-01	2.13483E+01	5.85312E+05
2.50000E-01	2.16292E+01	5.83053E+05
2.50000E-01	2.19101E+01	5.80790E+05
2.50000E-01	2.21910E+01	5.77817E+05
2.50000E-01	2.24719E+01	5.74796E+05
2.50000E-01	2.27528E+01	5.71747E+05
2.50000E-01	2.30337E+01	5.68651E+05
2.50000E-01	2.33146E+01	5.64782E+05
2.50000E-01	2.35955E+01	5.61288E+05
2.50000E-01	2.38764E+01	5.56981E+05
2.50000E-01	2.41573E+01	5.52026E+05
2.50000E-01	2.44382E+01	5.46638E+05
2.50000E-01	2.47191E+01	5.41708E+05
2.50000E-01	2.50000E+01	5.36912E+05
3.00000E-01	0.00000E+00	8.65051E+03
3.00000E-01	2.80899E-01	5.88584E+03
3.00000E-01	5.61798E-01	4.44982E+03
3.00000E-01	8.42697E-01	4.31690E+03
3.00000E-01	1.12360E+00	4.57889E+03
3.00000E-01	1.40449E+00	5.03420E+03
3.00000E-01	1.68539E+00	5.60315E+03
3.00000E-01	1.96629E+00	6.25159E+03
3.00000E-01	2.24719E+00	6.90506E+03
3.00000E-01	2.52809E+00	7.52318E+03
3.00000E-01	2.80899E+00	8.12956E+03
3.00000E-01	3.08989E+00	8.74632E+03
3.00000E-01	3.37079E+00	9.43807E+03
3.00000E-01	3.65169E+00	1.01848E+04
3.00000E-01	3.93258E+00	1.10414E+04
3.00000E-01	4.21348E+00	1.19125E+04
3.00000E-01	4.49438E+00	1.29274E+04
3.00000E-01	4.77528E+00	1.39424E+04
3.00000E-01	5.05618E+00	1.50834E+04
3.00000E-01	5.33708E+00	1.61853E+04
3.00000E-01	5.61798E+00	1.72913E+04
3.00000E-01	5.89888E+00	1.85076E+04
3.00000E-01	6.17978E+00	1.96158E+04
3.00000E-01	6.46067E+00	2.10357E+04
3.00000E-01	6.74157E+00	2.24028E+04
3.00000E-01	7.02247E+00	2.41123E+04
3.00000E-01	7.30337E+00	2.60422E+04
3.00000E-01	7.58427E+00	2.86192E+04
3.00000E-01	7.86517E+00	3.17100E+04
3.00000E-01	8.14607E+00	3.53622E+04
3.00000E-01	8.42697E+00	4.02218E+04
3.00000E-01	8.70787E+00	4.55448E+04
3.00000E-01	8.98876E+00	5.24648E+04
3.00000E-01	9.26966E+00	5.92754E+04
3.00000E-01	9.55056E+00	6.78455E+04
3.00000E-01	9.83146E+00	7.70751E+04
3.00000E-01	1.01124E+01	8.80105E+04
3.00000E-01	1.03933E+01	1.00420E+05
3.00000E-01	1.06742E+01	1.13447E+05
3.00000E-01	1.09551E+01	1.28025E+05
3.00000E-01	1.12360E+01	1.41501E+05
3.00000E-01	1.15169E+01	1.56582E+05
3.00000E-01	1.17978E+01	1.71588E+05
3.00000E-01	1.20787E+01	1.88453E+05
3.00000E-01	1.23596E+01	2.06659E+05
3.00000E-01	1.26404E+01	2.26191E+05
3.00000E-01	1.29213E+01	2.49073E+05
3.00000E-01	1.32022E+01	2.74078E+05
3.00000E-01	1.34831E+01	3.01628E+05
3.00000E-01	1.37640E+01	3.27290E+05
3.00000E-01	1.40449E+01	3.53474E+05
3.00000E-01	1.43258E+01	3.78437E+05
3.00000E-01	1.46067E+01	4.03311E+05
3.00000E-01	1.48876E+01	4.26425E+05
3.00000E-01	1.51685E+01	4.47298E+05
3.00000E-01	1.54494E+01	4.65148E+05
3.00000E-01	1.57303E+01	4.81146E+05
3.00000E-01	1.60112E+01	4.96940E+05
3.00000E-01	1.62921E+01	5.10529E+05
3.00000E-01	1.65730E+01	5.24668E+05
3.00000E-01	1.68539E+01	5.37669E+05
3.00000E-01	1.71348E+01	5.50040E+05
3.00000E-01	1.74157E+01	5.59345E+05
3.00000E-01	1.76966E+01	5.66301E+05
3.00000E-01	1.79775E+01	5.72348E+05
3.00000E-01	1.82584E+01	5.77058E+05
3.00000E-01	1.85393E+01	5.81146E+05
3.00000E-01	1.88202E+01	5.85381E+05
3.00000E-01	1.91011E+01	5.88394E+05
3.00000E-01	1.93820E+01	5.89815E+05
3.00000E-01	1.96629E+01	5.91250E+05
3.00000E-01	1.99438E+01	5.92302E+05
3.00000E-01	2.02247E+01	5.91451E+05
3.00000E-01	2.05056E+01	5.90280E+05
3.00000E-01	2.07865E+01	5.89431E+05
3.00000E-01	2.10674E+01	5.87980E+05
3.00000E-01	2.13483E+01	5.85312E+05
3.00000E-01	2.16292E+01	5.83054E+05
3.00000E-01	2.19101E+01	5.80786E+05
3.00000E-01	2.21910E+01	5.77819E+05
3.00000E-01	2.24719E+01	5.74795E+05
3.00000E-01	2.27528E+01	5.71747E+05
3.00000E-01	2.30337E+01	5.68645E+05
3.00000E-01	2.33146E+01	5.64786E+05
3.00000E-01	2.35955E+01	5.61283E+05
3.00000E-01	2.38764E+01	5.56979E+05
3.00000E-01	2.41573E+01	5.52021E+05
3.00000E-01	2.44382E+01	5.46638E+05
3.00000E-01	2.47191E+01	5.41709E+05
3.00000E-01	2.50000E+01	5.36909E+05
4.00000E-01	0.00000E+00	8.18582E+03
4.00000E-01	2.80899E-01	5.81340E+03
4.00000E-01	5.61798E-01	4.45175E+03
4.00000E-01	8.42697E-01	4.32240E+03
4.00000E-01	1.12360E+00	4.58461E+03
4.00000E-01	1.40449E+00	5.03901E+03
4.00000E-01	1.68539E+00	5.60815E+03
4.00000E-01	1.96629E+00	6.25510E+03
4.00000E-01	2.24719E+00	6.90827E+03
4.00000E-01	2.52809E+00	7.52578E+03
4.00000E-01	2.80899E+00	8.13231E+03
4.00000E-01	3.08989E+00	8.75043E+03
4.00000E-01	3.37079E+00	9.44137E+03
4.00000E-01	3.65169E+00	1.01889E+04
4.00000E-01	3.93258E+00	1.10428E+04
4.00000E-01	4.21348E+00	1.19170E+04
4.00000E-01	4.49438E+00	1.29272E+04
4.00000E-01	4.77528E+00	1.39465E+04
4.00000E-01	5.05618E+00	1.50835E+04
4.00000E-01	5.33708E+00	1.61881E+04
4.00000E-01	5.61798E+00	1.72983E+04
4.00000E-01	5.89888E+00	1.85075E+04
4.00000E-01	6.17978E+00	1.96234E+04
4.00000E-01	6.46067E+00	2.10344E+04
4.00000E-01	6.74157E+00	2.24105E+04
4.00000E-01	7.02247E+00	2.41104E+04
4.00000E-01	7.30337E+00	2.60538E+04
4.00000E-01	7.58427E+00	2.86244E+04
4.00000E-01	7.86517E+00	3.17216E+04
4.00000E-01	8.14607E+00	3.53933E+04
4.00000E-01	8.42697E+00	4.02264E+04
4.00000E-01	8.70787E+00	4.55762E+04
4.00000E-01	8.98876E+00	5.24540E+04
4.00000E-01	9.26966E+00	5.93101E+04
4.00000E-01	9.55056E+00	6.78388E+04
4.00000E-01	9.83146E+00	7.71095E+04
4.00000E-01	1.01124E+01	8.80489E+04
4.00000E-01	1.03933E+01	1.00439E+05
4.00000E-01	1.06742E+01	1.13508E+05
4.00000E-01	1.09551E+01	1.28009E+05
4.00000E-01	1.12360E+01	1.41541E+05
4.00000E-01	1.15169E+01	1.56561E+05
4.00000E-01	1.17978E+01	1.71625E+05
4.00000E-01	1.20787E+01	1.88468E+05
4.00000E-01	1.23596E+01	2.06693E+05
4.00000E-01	1.26404E+01	2.26285E+05
4.00000E-01	1.29213E+01	2.49117E+05
4.00000E-01	1.32022E+01	2.74145E+05
4.00000E-01	1.34831E+01	3.01595E+05
4.00000E-01	1.37640E+01	3.27318E+05
4.00000E-01	1.40449E+01	3.53453E+05
4.00000E-01	1.43258E+01	3.78456E+05
4.00000E-01	1.46067E+01	4.03300E+05
4.00000E-01	1.48876E+01	4.26433E+05
4.00000E-01	1.51685E+01	4.47254E+05
4.00000E-01	1.54494E+01	4.65132E+05
4.00000E-01	1.57303E+01	4.81184E+05
4.00000E-01	1.60112E+01	4.96910E+05
4.00000E-01	1.62921E+01	5.10574E+05
4.00000E-01	1.65730E+01	5.24649E+05
4.00000E-01	1.68539E+01	5.37675E+05
4.00000E-01	1.71348E+01	5.50000E+05
4.00000E-01	1.74157E+01	5.59334E+05
4.00000E-01	1.76966E+01	5.66304E+05
4.00000E-01	1.79775E+01	5.72334E+05
4.00000E-01	1.82584E+01	5.77064E+05
4.00000E-01	1.85393E+01	5.81149E+05
4.00000E-01	1.88202E+01	5.85369E+05
4.00000E-01	1.91011E+01	5.88362E+05
4.00000E-01	1.93820E+01	5.89807E+05
4.00000E-01	1.96629E+01	5.91252E+05
4.00000E-01	1.99438E+01	5.92280E+05
4.00000E-01	2.02247E+01	5.91453E+05
4.00000E-01	2.05056E+01	5.90280E+05
4.00000E-01	2.07865E+01	5.89426E+05
4.00000E-01	2.10674E+01	5.87955E+05
4.00000E-01	2.13483E+01	5.85316E+05
4.00000E-01	2.16292E+01	5.83056E+05
4.00000E-01	2.19101E+01	5.80775E+05
4.00000E-01	2.21910E+01	5.77823E+05
4.00000E-01	2.24719E+01	5.74793E+05
4.00000E-01	2.27528E+01	5.71748E+05
4.00000E-01	2.30337E+01	5.68630E+05
4.00000E-01	2.33146E+01	5.64795E+05
4.00000E-01	2.35955E+01	5.61269E+05
4.00000E-01	2.38764E+01	5.56973E+05
4.00000E-01	2.41573E+01	5.52010E+05
4.00000E-01	2.44382E+01	5.46640E+05
4.00000E-01	2.47191E+01	5.41710E+05
4.00000E-01	2.50000E+01	5.36900E+05
5.00000E-01	0.00000E+00	7.84010E+03
5.00000E-01	2.80899E-01	5.74470E+03
5.00000E-01	5.61798E-01	4.45205E+03
5.00000E-01	8.42697E-01	4.32883E+03
5.00000E-01	1.12360E+00	4.59156E+03
5.00000E-01	1.40449E+00	5.04524E+03
5.00000E-01	1.68539E+00	5.61418E+03
5.00000E-01	1.96629E+00	6.25953E+03
5.00000E-01	2.24719E+00	6.91196E+03
5.00000E-01	2.52809E+00	7.52893E+03
5.00000E-01	2.80899E+00	8.13557E+03
5.00000E-01	3.08989E+00	8.75518E+03
5.00000E-01	3.37079E+00	9.44537E+03
5.00000E-01	3.65169E+00	1.01937E+04
5.00000E-01	3.93258E+00	1.10448E+04
5.00000E-01	4.21348E+00	1.19228E+04
5.00000E-01	4.49438E+00	1.29281E+04
5.00000E-01	4.77528E+00	1.39517E+04
5.00000E-01	5.05618E+00	1.50846E+04
5.00000E-01	5.33708E+00	1.61914E+04
5.00000E-01	5.61798E+00	1.73055E+04
5.00000E-01	5.89888E+00	1.85075E+04
5.00000E-01	6.17978E+00	1.96326E+04
5.00000E-01	6.46067E+00	2.10336E+04
5.00000E-01	6.74157E+00	2.24203E+04
5.00000E-01	7.02247E+00	2.41106E+04
5.00000E-01	7.30337E+00	2.60685E+04
5.00000E-01	7.58427E+00	2.86335E+04
5.00000E-01	7.86517E+00	3.17353E+04
5.00000E-01	8.14607E+00	3.54266E+04
5.00000E-01	8.42697E+00	4.02342E+04
5.00000E-01	8.70787E+00	4.56152E+04
5.00000E-01	8.98876E+00	5.24456E+04
5.00000E-01	9.26966E+00	5.93548E+04
5.00000E-01	9.55056E+00	6.78397E+04
5.00000E-01	9.83146E+00	7.71517E+04
5.00000E-01	1.01124E+01	8.80923E+04
5.00000E-01	1.03933E+01	1.00461E+05
5.00000E-01	1.06742E+01	1.13572E+05
5.00000E-01	1.09551E+01	1.27992E+05
5.00000E-01	1.12360E+01	1.41592E+05
5.00000E-01	1.15169E+01	1.56547E+05
5.00000E-01	1.17978E+01	1.71672E+05
5.00000E-01	1.20787E+01	1.88495E+05
5.00000E-01	1.23596E+01	2.06733E+05
5.00000E-01	1.26404E+01	2.26383E+05
5.00000E-01	1.29213E+01	2.49169E+05
5.00000E-01	1.32022E+01	2.74225E+05
5.00000E-01	1.34831E+01	3.01563E+05
5.00000E-01	1.37640E+01	3.27355E+05
5.00000E-01	1.40449E+01	3.53437E+05
5.00000E-01	1.43258E+01	3.78480E+05
5.00000E-01	1.46067E+01	4.03289E+05
5.00000E-01	1.48876E+01	4.26438E+05
5.00000E-01	1.51685E+01	4.47209E+05
5.00000E-01	1.54494E+01	4.65113E+05
5.00000E-01	1.57303E+01	4.81217E+05
5.00000E-01	1.60112E+01	4.96876E+05
5.00000E-01	1.62921E+01	5.10620E+05
5.00000E-01	1.65730E+01	5.24632E+05
5.00000E-01	1.68539E+01	5.37682E+05
5.00000E-01	1.71348E+01	5.49953E+05
5.00000E-01	1.74157E+01	5.59315E+05
5.00000E-01	1.76966E+01	5.66305E+05
5.00000E-01	1.79775E+01	5.72317E+05
5.00000E-01	1.82584E+01	5.77068E+05
5.00000E-01	1.85393E+01	5.81153E+05
5.00000E-01	1.88202E+01	5.85355E+05
5.00000E-01	1.91011E+01	5.88327E+05
5.00000E-01	1.93820E+01	5.89802E+05
5.00000E-01	1.96629E+01	5.91254E+05
5.00000E-01	1.99438E+01	5.92253E+05
5.00000E-01	2.02247E+01	5.91454E+05
5.00000E-01	2.05056E+01	5.90281E+05
5.00000E-01	2.07865E+01	5.89418E+05
5.00000E-01	2.10674E+01	5.87927E+05
5.00000E-01	2.13483E+01	5.85323E+05
5.00000E-01	2.16292E+01	5.83057E+05
5.00000E-01	2.19101E+01	5.80763E+05
5.00000E-01	2.21910E+01	5.77826E+05
5.00000E-01	2.24719E+01	5.74790E+05
5.00000E-01	2.27528E+01	5.71749E+05
5.00000E-01	2.30337E+01	5.68613E+05
5.00000E-01	2.33146E+01	5.64806E+05
5.00000E-01	2.35955E+01	5.61253E+05
5.00000E-01	2.38764E+01	5.56965E+05
5.00000E-01	2.41573E+01	5.51998E+05
5.00000E-01	2.44382E+01	5.46644E+05
5.00000E-01	2.47191E+01	5.41711E+05
5.00000E-01	2.50000E+01	5.36890E+05
6.00000E-01	0.00000E+00	7.54836E+03
6.00000E-01	2.80899E-01	5.68524E+03
6.00000E-01	5.61798E-01	4.45078E+03
6.00000E-01	8.42697E-01	4.33586E+03
6.00000E-01	1.12360E+00	4.59959E+03
6.00000E-01	1.40449E+00	5.05273E+03
6.00000E-01	1.68539E+00	5.62125E+03
6.00000E-01	1.96629E+00	6.26486E+03
6.00000E-01	2.24719E+00	6.91613E+03
6.00000E-01	2.52809E+00	7.53267E+03
6.00000E-01	2.80899E+00	8.13938E+03
6.00000E-01	3.08989E+00	8.76051E+03
6.00000E-01	3.37079E+00	9.45005E+03
6.00000E-01	3.65169E+00	1.01994E+04
6.00000E-01	3.93258E+00	1.10476E+04
6.00000E-01	4.21348E+00	1.19296E+04
6.00000E-01	4.49438E+00	1.29301E+04
6.00000E-01	4.77528E+00	1.39578E+04
6.00000E-01	5.05618E+00	1.50866E+04
6.00000E-01	5.33708E+00	1.61951E+04
6.00000E-01	5.61798E+00	1.73128E+04
6.00000E-01	5.89888E+00	1.85077E+04
6.00000E-01	6.17978E+00	1.96430E+04
6.00000E-01	6.46067E+00	2.10337E+04
6.00000E-01	6.74157E+00	2.24317E+04
6.00000E-01	7.02247E+00	2.41135E+04
6.00000E-01	7.30337E+00	2.60859E+04
6.00000E-01	7.58427E+00	2.86462E+04
6.00000E-01	7.86517E+00	3.17513E+04
6.00000E-01	8.14607E+00	3.54619E+04
6.00000E-01	8.42697E+00	4.02461E+04
6.00000E-01	8.70787E+00	4.56598E+04
6.00000E-01	8.98876E+00	5.24419E+04
6.00000E-01	9.26966E+00	5.94065E+04
6.00000E-01	9.55056E+00	6.78501E+04
6.00000E-01	9.83146E+00	7.72009E+04
6.00000E-01	1.01124E+01	8.81406E+04
6.00000E-01	1.03933E+01	1.00487E+05
6.00000E-01	1.06742E+01	1.13638E+05
6.00000E-01	1.09551E+01	1.27978E+05
6.00000E-01	1.12360E+01	1.41650E+05
6.00000E-01	1.15169E+01	1.56544E+05
6.00000E-01	1.17978E+01	1.71730E+05
6.00000E-01	1.20787E+01	1.88533E+05
6.00000E-01	1.23596E+01	2.06780E+05
6.00000E-01	1.26404E+01	2.26487E+05
6.00000E-01	1.29213E+01	2.49232E+05
6.00000E-01	1.32022E+01	2.74314E+05
6.00000E-01	1.34831E+01	3.01537E+05
6.00000E-01	1.37640E+01	3.27398E+05
6.00000E-01	1.40449E+01	3.53429E+05
6.00000E-01	1.43258E+01	3.78507E+05
6.00000E-01	1.46067E+01	4.03278E+05
6.00000E-01	1.48876E+01	4.26438E+05
6.00000E-01	1.51685E+01	4.47164E+05
6.00000E-01	1.54494E+01	4.65093E+05
6.00000E-01	1.57303E+01	4.81245E+05
6.00000E-01	1.60112E+01	4.96840E+05
6.00000E-01	1.62921E+01	5.10664E+05
6.00000E-01	1.65730E+01	5.24617E+05
6.00000E-01	1.68539E+01	5.37688E+05
6.00000E-01	1.71348E+01	5.49901E+05
6.00000E-01	1.74157E+01	5.59290E+05
6.00000E-01	1.76966E+01	5.66303E+05
6.00000E-01	1.79775E+01	5.72297E+05
6.00000E-01	1.82584E+01	5.77069E+05
6.00000E-01	1.85393E+01	5.81158E+05
6.00000E-01	1.88202E+01	5.85337E+05
6.00000E-01	1.91011E+01	5.88291E+05
6.00000E-01	1.93820E+01	5.89800E+05
6.00000E-01	1.96629E+01	5.91253E+05
6.00000E-01	1.99438E+01	5.92221E+05
6.00000E-01	2.02247E+01	5.91452E+05
6.00000E-01	2.05056E+01	5.90284E+05
6.00000E-01	2.07865E+01	5.89409E+05
6.00000E-01	2.10674E+01	5.87897E+05
6.00000E-01	2.13483E+01	5.85331E+05
6.00000E-01	2.16292E+01	5.83058E+05
6.00000E-01	2.19101E+01	5.80748E+05
6.00000E-01	2.21910E+01	5.77827E+05
6.00000E-01	2.24719E+01	5.74787E+05
6.00000E-01	2.27528E+01	5.71748E+05
6.00000E-01	2.30337E+01	5.68594E+05
6.00000E-01	2.33146E+01	5.64816E+05
6.00000E-01	2.35955E+01	5.61235E+05
6.00000E-01	2.38764E+01	5.56954E+05
6.00000E-01	2.41573E+01	5.51986E+05
6.00000E-01	2.44382E+01	5.46649E+05
6.00000E-01	2.47191E+01	5.41713E+05
6.00000E-01	2.50000E+01	5.36877E+05
7.00000E-01	0.00000E+00	7.28509E+03
7.00000E-01	2.80899E-01	5.62517E+03
7.00000E-01	5.61798E-01	4.44939E+03
7.00000E-01	8.42697E-01	4.34323E+03
7.00000E-01	1.12360E+00	4.60857E+03
7.00000E-01	1.40449E+00	5.06138E+03
7.00000E-01	1.68539E+00	5.62933E+03
7.00000E-01	1.96629E+00	6.27102E+03
7.00000E-01	2.24719E+00	6.92080E+03
7.00000E-01	2.52809E+00	7.53698E+03
7.00000E-01	2.80899E+00	8.14380E+03
7.00000E-01	3.08989E+00	8.76643E+03
7.00000E-01	3.37079E+00	9.45543E+03
7.00000E-01	3.65169E+00	1.02059E+04
7.00000E-01	3.93258E+00	1.10514E+04
7.00000E-01	4.21348E+00	1.19372E+04
7.00000E-01	4.49438E+00	1.29333E+04
7.00000E-01	4.77528E+00	1.39646E+04
7.00000E-01	5.05618E+00	1.50895E+04
7.00000E-01	5.33708E+00	1.61993E+04
7.00000E-01	5.61798E+00	1.73201E+04
7.00000E-01	5.89888E+00	1.85086E+04
7.00000E-01	6.17978E+00	1.96541E+04
7.00000E-01	6.46067E+00	2.10351E+04
7.00000E-01	6.74157E+00	2.24442E+04
7.00000E-01	7.02247E+00	2.41196E+04
7.00000E-01	7.30337E+00	2.61055E+04
7.00000E-01	7.58427E+00	2.86622E+04
7.00000E-01	7.86517E+00	3.17702E+04
7.00000E-01	8.14607E+00	3.54995E+04
7.00000E-01	8.42697E+00	4.02630E+04
7.00000E-01	8.70787E+00	4.57085E+04
7.00000E-01	8.98876E+00	5.24446E+04
7.00000E-01	9.26966E+00	5.94630E+04
7.00000E-01	9.55056E+00	6.78705E+04
7.00000E-01	9.83146E+00	7.72564E+04
7.00000E-01	1.01124E+01	8.81940E+04
7.00000E-01	1.03933E+01	1.00520E+05
7.00000E-01	1.06742E+01	1.13704E+05
7.00000E-01	1.09551E+01	1.27969E+05
7.00000E-01	1.12360E+01	1.41712E+05
7.00000E-01	1.15169E+01	1.56551E+05
7.00000E-01	1.17978E+01	1.71794E+05
7.00000E-01	1.20787E+01	1.88582E+05
7.00000E-01	1.23596E+01	2.06835E+05
7.00000E-01	1.26404E+01	2.26597E+05
7.00000E-01	1.29213E+01	2.49307E+05
7.00000E-01	1.32022E+01	2.74410E+05
7.00000E-01	1.34831E+01	3.01520E+05
7.00000E-01	1.37640E+01	3.27446E+05
7.00000E-01	1.40449E+01	3.53428E+05
7.00000E-01	1.43258E+01	3.78537E+05
7.00000E-01	1.46067E+01	4.03268E+05
7.00000E-01	1.48876E+01	4.26430E+05
7.00000E-01	1.51685E+01	4.47119E+05
7.00000E-01	1.54494E+01	4.65072E+05
7.00000E-01	1.57303E+01	4.81269E+05
7.00000E-01	1.60112E+01	4.96805E+05
7.00000E-01	1.62921E+01	5.10705E+05
7.00000E-01	1.65730E+01	5.24605E+05
7.00000E-01	1.68539E+01	5.37692E+05
7.00000E-01	1.71348E+01	5.49845E+05
7.00000E-01	1.74157E+01	5.59257E+05
7.00000E-01	1.76966E+01	5.66296E+05
7.00000E-01	1.79775E+01	5.72274E+05
7.00000E-01	1.82584E+01	5.77066E+05
7.00000E-01	1.85393E+01	5.81164E+05
7.00000E-01	1.88202E+01	5.85317E+05
7.00000E-01	1.91011E+01	5.88254E+05
7.00000E-01	1.93820E+01	5.89799E+05
7.00000E-01	1.96629E+01	5.91251E+05
7.00000E-01	1.99438E+01	5.92184E+05
7.00000E-01	2.02247E+01	5.91447E+05
7.00000E-01	2.05056E+01	5.90288E+05
7.00000E-01	2.07865E+01	5.89397E+05
7.00000E-01	2.10674E+01	5.87866E+05
7.00000E-01	2.13483E+01	5.85340E+05
7.00000E-01	2.16292E+01	5.83058E+05
7.00000E-01	2.19101E+01	5.80733E+05
7.00000E-01	2.21910E+01	5.77827E+05
7.00000E-01	2.24719E+01	5.74784E+05
7.00000E-01	2.27528E+01	5.71746E+05
7.00000E-01	2.30337E+01	5.68574E+05
7.00000E-01	2.33146E+01	5.64825E+05
7.00000E-01	2.35955E+01	5.61215E+05
7.00000E-01	2.38764E+01	5.56940E+05
7.00000E-01	2.41573E+01	5.51973E+05
7.00000E-01	2.44382E+01	5.46654E+05
7.00000E-01	2.47191E+01	5.41713E+05
7.00000E-01	2.50000E+01	5.36864E+05
8.00000E-01	0.00000E+00	7.04144E+03
8.00000E-01	2.80899E-01	5.55596E+03
8.00000E-01	5.61798E-01	4.44997E+03
8.00000E-01	8.42697E-01	4.35088E+03
8.00000E-01	1.12360E+00	4.61838E+03
8.00000E-01	1.40449E+00	5.07106E+03
8.00000E-01	1.68539E+00	5.63837E+03
8.00000E-01	1.96629E+00	6.27798E+03
8.00000E-01	2.24719E+00	6.92601E+03
8.00000E-01	2.52809E+00	7.54187E+03
8.00000E-01	2.80899E+00	8.14883E+03
8.00000E-01	3.08989E+00	8.77294E+03
8.00000E-01	3.37079E+00	9.46152E+03
8.00000E-01	3.65169E+00	1.02131E+04
8.00000E-01	3.93258E+00	1.10562E+04
8.00000E-01	4.21348E+00	1.19454E+04
8.00000E-01	4.49438E+00	1.29378E+04
8.00000E-01	4.77528E+00	1.39722E+04
8.00000E-01	5.05618E+00	1.50932E+04
8.00000E-01	5.33708E+00	1.62040E+04
8.00000E-01	5.61798E+00	1.73276E+04
8.00000E-01	5.89888E+00	1.85104E+04
8.00000E-01	6.17978E+00	1.96659E+04
8.00000E-01	6.46067E+00	2.10380E+04
8.00000E-01	6.74157E+00	2.24575E+04
8.00000E-01	7.02247E+00	2.41287E+04
8.00000E-01	7.30337E+00	2.61272E+04
8.00000E-01	7.58427E+00	2.86815E+04
8.00000E-01	7.86517E+00	3.17925E+04
8.00000E-01	8.14607E+00	3.55393E+04
8.00000E-01	8.42697E+00	4.02854E+04
8.00000E-01	8.70787E+00	4.57603E+04
8.00000E-01	8.98876E+00	5.24547E+04
8.00000E-01	9.26966E+00	5.95227E+04
8.00000E-01	9.55056E+00	6.79010E+04
8.00000E-01	9.83146E+00	7.73179E+04
8.00000E-01	1.01124E+01	8.82530E+04
8.00000E-01	1.03933E+01	1.00560E+05
8.00000E-01	1.06742E+01	1.13771E+05
8.00000E-01	1.09551E+01	1.27968E+05
8.00000E-01	1.12360E+01	1.41777E+05
8.00000E-01	1.15169E+01	1.56571E+05
8.00000E-01	1.17978E+01	1.71865E+05
8.00000E-01	1.20787E+01	1.88641E+05
8.00000E-01	1.23596E+01	2.06899E+05
8.00000E-01	1.26404E+01	2.26714E+05
8.00000E-01	1.29213E+01	2.49395E+05
8.00000E-01	1.32022E+01	2.74512E+05
8.00000E-01	1.34831E+01	3.01512E+05
8.00000E-01	1.37640E+01	3.27496E+05
8.00000E-01	1.40449E+01	3.53433E+05
8.00000E-01	1.43258E+01	3.78569E+05
8.00000E-01	1.46067E+01	4.03259E+05
8.00000E-01	1.48876E+01	4.26414E+05
8.00000E-01	1.51685E+01	4.47073E+05
8.00000E-01	1.54494E+01	4.65050E+05
8.00000E-01	1.57303E+01	4.81288E+05
8.00000E-01	1.60112E+01	4.96772E+05
8.00000E-01	1.62921E+01	5.10741E+05
8.00000E-01	1.65730E+01	5.24595E+05
8.00000E-01	1.68539E+01	5.37693E+05
8.00000E-01	1.71348E+01	5.49787E+05
8.00000E-01	1.74157E+01	5.59217E+05
8.00000E-01	1.76966E+01	5.66286E+05
8.00000E-01	1.79775E+01	5.72250E+05
8.00000E-01	1.82584E+01	5.77060E+05
8.00000E-01	1.85393E+01	5.81170E+05
8.00000E-01	1.88202E+01	5.85295E+05
8.00000E-01	1.91011E+01	5.88218E+05
8.00000E-01	1.93820E+01	5.89799E+05
8.00000E-01	1.96629E+01	5.91245E+05
8.00000E-01	1.99438E+01	5.92144E+05
8.00000E-01	2.02247E+01	5.91441E+05
8.00000E-01	2.05056E+01	5.90294E+05
8.00000E-01	2.07865E+01	5.89383E+05
8.00000E-01	2.10674E+01	5.87835E+05
8.00000E-01	2.13483E+01	5.85347E+05
8.00000E-01	2.16292E+01	5.83058E+05
8.00000E-01	2.19101E+01	5.80716E+05
8.00000E-01	2.21910E+01	5.77825E+05
8.00000E-01	2.24719E+01	5.74782E+05
8.00000E-01	2.27528E+01	5.71743E+05
8.00000E-01	2.30337E+01	5.68554E+05
8.00000E-01	2.33146E+01	5.64832E+05
8.00000E-01	2.35955E+01	5.61194E+05
8.00000E-01	2.38764E+01	5.56923E+05
8.00000E-01	2.41573E+01	5.51959E+05
8.00000E-01	2.44382E+01	5.46660E+05
8.00000E-01	2.47191E+01	5.41714E+05
8.00000E-01	2.50000E+01	5.36851E+05
9.00000E-01	0.00000E+00	6.81492E+03
9.00000E-01	2.80899E-01	5.47680E+03
9.00000E-01	5.61798E-01	4.45418E+03
9.00000E-01	8.42697E-01	4.35902E+03
9.00000E-01	1.12360E+00	4.62889E+03
9.00000E-01	1.40449E+00	5.08168E+03
9.00000E-01	1.68539E+00	5.64829E+03
9.00000E-01	1.96629E+00	6.28569E+03
9.00000E-01	2.24719E+00	6.93176E+03
9.00000E-01	2.52809E+00	7.54735E+03
9.00000E-01	2.80899E+00	8.15449E+03
9.00000E-01	3.08989E+00	8.78004E+03
9.00000E-01	3.37079E+00	9.46835E+03
9.00000E-01	3.65169E+00	1.02210E+04
9.00000E-01	3.93258E+00	1.10621E+04
9.00000E-01	4.21348E+00	1.19543E+04
9.00000E-01	4.49438E+00	1.29434E+04
9.00000E-01	4.77528E+00	1.39804E+04
9.00000E-01	5.05618E+00	1.50977E+04
9.00000E-01	5.33708E+00	1.62094E+04
9.00000E-01	5.61798E+00	1.73352E+04
9.00000E-01	5.89888E+00	1.85132E+04
9.00000E-01	6.17978E+00	1.96780E+04
9.00000E-01	6.46067E+00	2.10425E+04
9.00000E-01	6.74157E+00	2.24715E+04
9.00000E-01	7.02247E+00	2.41407E+04
9.00000E-01	7.30337E+00	2.61508E+04
9.00000E-01	7.58427E+00	2.87040E+04
9.00000E-01	7.86517E+00	3.18182E+04
9.00000E-01	8.14607E+00	3.55815E+04
9.00000E-01	8.42697E+00	4.03138E+04
9.00000E-01	8.70787E+00	4.58147E+04
9.00000E-01	8.98876E+00	5.24725E+04
9.00000E-01	9.26966E+00	5.95850E+04
9.00000E-01	9.55056E+00	6.79411E+04
9.00000E-01	9.83146E+00	7.73852E+04
9.00000E-01	1.01124E+01	8.83179E+04
9.00000E-01	1.03933E+01	1.00607E+05
9.00000E-01	1.06742E+01	1.13838E+05
9.00000E-01	1.09551E+01	1.27974E+05
9.00000E-01	1.12360E+01	1.41843E+05
9.00000E-01	1.15169E+01	1.56601E+05
9.00000E-01	1.17978E+01	1.71942E+05
9.00000E-01	1.20787E+01	1.88711E+05
9.00000E-01	1.23596E+01	2.06973E+05
9.00000E-01	1.26404E+01	2.26839E+05
9.00000E-01	1.29213E+01	2.49497E+05
9.00000E-01	1.32022E+01	2.74618E+05
9.00000E-01	1.34831E+01	3.01514E+05
9.00000E-01	1.37640E+01	3.27547E+05
9.00000E-01	1.40449E+01	3.53446E+05
9.00000E-01	1.43258E+01	3.78602E+05
9.00000E-01	1.46067E+01	4.03253E+05
9.00000E-01	1.48876E+01	4.26392E+05
9.00000E-01	1.51685E+01	4.47026E+05
9.00000E-01	1.54494E+01	4.65028E+05
9.00000E-01	1.57303E+01	4.81302E+05
9.00000E-01	1.60112E+01	4.96743E+05
9.00000E-01	1.62921E+01	5.10773E+05
9.00000E-01	1.65730E+01	5.24589E+05
9.00000E-01	1.68539E+01	5.37691E+05
9.00000E-01	1.71348E+01	5.49725E+05
9.00000E-01	1.74157E+01	5.59170E+05
9.00000E-01	1.76966E+01	5.66271E+05
9.00000E-01	1.79775E+01	5.72225E+05
9.00000E-01	1.82584E+01	5.77052E+05
9.00000E-01	1.85393E+01	5.81177E+05
9.00000E-01	1.88202E+01	5.85269E+05
9.00000E-01	1.91011E+01	5.88181E+05
9.00000E-01	1.93820E+01	5.89798E+05
9.00000E-01	1.96629E+01	5.91237E+05
9.00000E-01	1.99438E+01	5.92101E+05
9.00000E-01	2.02247E+01	5.91432E+05
9.00000E-01	2.05056E+01	5.90299E+05
9.00000E-01	2.07865E+01	5.89368E+05
9.00000E-01	2.10674E+01	5.87804E+05
9.00000E-01	2.13483E+01	5.85354E+05
9.00000E-01	2.16292E+01	5.83056E+05
9.00000E-01	2.19101E+01	5.80698E+05
9.00000E-01	2.21910E+01	5.77822E+05
9.00000E-01	2.24719E+01	5.74779E+05
9.00000E-01	2.27528E+01	5.71739E+05
9.00000E-01	2.30337E+01	5.68534E+05
9.00000E-01	2.33146E+01	5.64836E+05
9.00000E-01	2.35955E+01	5.61172E+05
9.00000E-01	2.38764E+01	5.56903E+05
9.00000E-01	2.41573E+01	5.51945E+05
9.00000E-01	2.44382E+01	5.46666E+05
9.00000E-01	2.47191E+01	5.41713E+05
9.00000E-01	2.50000E+01	5.36838E+05
1.00000E+00	0.00000E+00	6.60512E+03
1.00000E+00	2.80899E-01	5.39221E+03
1.00000E+00	5.61798E-01	4.46254E+03
1.00000E+00	8.42697E-01	4.36816E+03
1.00000E+00	1.12360E+00	4.64005E+03
1.00000E+00	1.40449E+00	5.09316E+03
1.00000E+00	1.68539E+00	5.65904E+03
1.00000E+00	1.96629E+00	6.29410E+03
1.00000E+00	2.24719E+00	6.93808E+03
1.00000E+00	2.52809E+00	7.55339E+03
1.00000E+00	2.80899E+00	8.16079E+03
1.00000E+00	3.08989E+00	8.78775E+03
1.00000E+00	3.37079E+00	9.47594E+03
1.00000E+00	3.65169E+00	1.02296E+04
1.00000E+00	3.93258E+00	1.10689E+04
1.00000E+00	4.21348E+00	1.19637E+04
1.00000E+00	4.49438E+00	1.29501E+04
1.00000E+00	4.77528E+00	1.39891E+04
1.00000E+00	5.05618E+00	1.51031E+04
1.00000E+00	5.33708E+00	1.62154E+04
1.00000E+00	5.61798E+00	1.73431E+04
1.00000E+00	5.89888E+00	1.85172E+04
1.00000E+00	6.17978E+00	1.96906E+04
1.00000E+00	6.46067E+00	2.10487E+04
1.00000E+00	6.74157E+00	2.24862E+04
1.00000E+00	7.02247E+00	2.41556E+04
1.00000E+00	7.30337E+00	2.61763E+04
1.00000E+00	7.58427E+00	2.87296E+04
1.00000E+00	7.86517E+00	3.18477E+04
1.00000E+00	8.14607E+00	3.56264E+04
1.00000E+00	8.42697E+00	4.03482E+04
1.00000E+00	8.70787E+00	4.58715E+04
1.00000E+00	8.98876E+00	5.24981E+04
1.00000E+00	9.26966E+00	5.96499E+04
1.00000E+00	9.55056E+00	6.79905E+04
1.00000E+00	9.83146E+00	7.74582E+04
1.00000E+00	1.01124E+01	8.83887E+04
1.00000E+00	1.03933E+01	1.00662E+05
1.00000E+00	1.06742E+01	1.13907E+05
1.00000E+00	1.09551E+01	1.27989E+05
1.00000E+00	1.12360E+01	1.41911E+05
1.00000E+00	1.15169E+01	1.56643E+05
1.00000E+00	1.17978E+01	1.72024E+05
1.00000E+00	1.20787E+01	1.88790E+05
1.00000E+00	1.23596E+01	2.07058E+05
1.00000E+00	1.26404E+01	2.26971E+05
1.00000E+00	1.29213E+01	2.49612E+05
1.00000E+00	1.32022E+01	2.74730E+05
1.00000E+00	1.34831E+01	3.01527E+05
1.00000E+00	1.37640E+01	3.27599E+05
1.00000E+00	1.40449E+01	3.53464E+05
1.00000E+00	1.43258E+01	3.78635E+05
1.00000E+00	1.46067E+01	4.03247E+05
1.00000E+00	1.48876E+01	4.26364E+05
1.00000E+00	1.51685E+01	4.46977E+05
1.00000E+00	1.54494E+01	4.65004E+05
1.00000E+00	1.57303E+01	4.81312E+05
1.00000E+00	1.60112E+01	4.96717E+05
1.00000E+00	1.62921E+01	5.10801E+05
1.00000E+00	1.65730E+01	5.24585E+05
1.00000E+00	1.68539E+01	5.37684E+05
1.00000E+00	1.71348E+01	5.49661E+05
1.00000E+00	1.74157E+01	5.59118E+05
1.00000E+00	1.76966E+01	5.66251E+05
1.00000E+00	1.79775E+01	5.72199E+05
1.00000E+00	1.82584E+01	5.77042E+05
1.00000E+00	1.85393E+01	5.81183E+05
1.00000E+00	1.88202E+01	5.85241E+05
1.00000E+00	1.91011E+01	5.88143E+05
1.00000E+00	1.93820E+01	5.89797E+05
1.00000E+00	1.96629E+01	5.91226E+05
1.00000E+00	1.99438E+01	5.92056E+05
1.00000E+00	2.02247E+01	5.91420E+05
1.00000E+00	2.05056E+01	5.90305E+05
1.00000E+00	2.07865E+01	5.89350E+05
1.00000E+00	2.10674E+01	5.87773E+05
1.00000E+00	2.13483E+01	5.85360E+05
1.00000E+00	2.16292E+01	5.83054E+05
1.00000E+00	2.19101E+01	5.80680E+05
1.00000E+00	2.21910E+01	5.77817E+05
1.00000E+00	2.24719E+01	5.74777E+05
1.00000E+00	2.27528E+01	5.71733E+05
1.00000E+00	2.30337E+01	5.68514E+05
1.00000E+00	2.33146E+01	5.64838E+05
1.00000E+00	2.35955E+01	5.61150E+05
1.00000E+00	2.38764E+01	5.56880E+05
1.00000E+00	2.41573E+01	5.51930E+05
1.00000E+00	2.44382E+01	5.46672E+05
1.00000E+00	2.47191E+01	5.41712E+05
1.00000E+00	2.50000E+01	5.36824E+05
1.50000E+00	0.00000E+00	5.79677E+03
1.50000E+00	2.80899E-01	5.03378E+03
1.50000E+00	5.61798E-01	4.53262E+03
1.50000E+00	8.42697E-01	4.44732E+03
1.50000E+00	1.12360E+00	4.71040E+03
1.50000E+00	1.40449E+00	5.16181E+03
1.50000E+00	1.68539E+00	5.72290E+03
1.50000E+00	1.96629E+00	6.34534E+03
1.50000E+00	2.24719E+00	6.97794E+03
1.50000E+00	2.52809E+00	7.59179E+03
1.50000E+00	2.80899E+00	8.20168E+03
1.50000E+00	3.08989E+00	8.83549E+03
1.50000E+00	3.37079E+00	9.52523E+03
1.50000E+00	3.65169E+00	1.02830E+04
1.50000E+00	3.93258E+00	1.11176E+04
1.50000E+00	4.21348E+00	1.20196E+04
1.50000E+00	4.49438E+00	1.29987E+04
1.50000E+00	4.77528E+00	1.40415E+04
1.50000E+00	5.05618E+00	1.51415E+04
1.50000E+00	5.33708E+00	1.62551E+04
1.50000E+00	5.61798E+00	1.73881E+04
1.50000E+00	5.89888E+00	1.85539E+04
1.50000E+00	6.17978E+00	1.97600E+04
1.50000E+00	6.46067E+00	2.11035E+04
1.50000E+00	6.74157E+00	2.25740E+04
1.50000E+00	7.02247E+00	2.42671E+04
1.50000E+00	7.30337E+00	2.63331E+04
1.50000E+00	7.58427E+00	2.89029E+04
1.50000E+00	7.86517E+00	3.20513E+04
1.50000E+00	8.14607E+00	3.58950E+04
1.50000E+00	8.42697E+00	4.06049E+04
1.50000E+00	8.70787E+00	4.61969E+04
1.50000E+00	8.98876E+00	5.27357E+04
1.50000E+00	9.26966E+00	6.00222E+04
1.50000E+00	9.55056E+00	6.83601E+04
1.50000E+00	9.83146E+00	7.79115E+04
1.50000E+00	1.01124E+01	8.88370E+04
1.50000E+00	1.03933E+01	1.01050E+05
1.50000E+00	1.06742E+01	1.14285E+05
1.50000E+00	1.09551E+01	1.28188E+05
1.50000E+00	1.12360E+01	1.42283E+05
1.50000E+00	1.15169E+01	1.56988E+05
1.50000E+00	1.17978E+01	1.72522E+05
1.50000E+00	1.20787E+01	1.89323E+05
1.50000E+00	1.23596E+01	2.07648E+05
1.50000E+00	1.26404E+01	2.27771E+05
1.50000E+00	1.29213E+01	2.50378E+05
1.50000E+00	1.32022E+01	2.75372E+05
1.50000E+00	1.34831E+01	3.01742E+05
1.50000E+00	1.37640E+01	3.27877E+05
1.50000E+00	1.40449E+01	3.53635E+05
1.50000E+00	1.43258E+01	3.78809E+05
1.50000E+00	1.46067E+01	4.03228E+05
1.50000E+00	1.48876E+01	4.26160E+05
1.50000E+00	1.51685E+01	4.46710E+05
1.50000E+00	1.54494E+01	4.64863E+05
1.50000E+00	1.57303E+01	4.81308E+05
1.50000E+00	1.60112E+01	4.96630E+05
1.50000E+00	1.62921E+01	5.10890E+05
1.50000E+00	1.65730E+01	5.24584E+05
1.50000E+00	1.68539E+01	5.37593E+05
1.50000E+00	1.71348E+01	5.49308E+05
1.50000E+00	1.74157E+01	5.58782E+05
1.50000E+00	1.76966E+01	5.66085E+05
1.50000E+00	1.79775E+01	5.72047E+05
1.50000E+00	1.82584E+01	5.76964E+05
1.50000E+00	1.85393E+01	5.81187E+05
1.50000E+00	1.88202E+01	5.85076E+05
1.50000E+00	1.91011E+01	5.87945E+05
1.50000E+00	1.93820E+01	5.89755E+05
1.50000E+00	1.96629E+01	5.91127E+05
1.50000E+00	1.99438E+01	5.91812E+05
1.50000E+00	2.02247E+01	5.91330E+05
1.50000E+00	2.05056E+01	5.90313E+05
1.50000E+00	2.07865E+01	5.89240E+05
1.50000E+00	2.10674E+01	5.87619E+05
1.50000E+00	2.13483E+01	5.85359E+05
1.50000E+00	2.16292E+01	5.83029E+05
1.50000E+00	2.19101E+01	5.80584E+05
1.50000E+00	2.21910E+01	5.77771E+05
1.50000E+00	2.24719E+01	5.74755E+05
1.50000E+00	2.27528E+01	5.71685E+05
1.50000E+00	2.30337E+01	5.68415E+05
1.50000E+00	2.33146E+01	5.64808E+05
1.50000E+00	2.35955E+01	5.61022E+05
1.50000E+00	2.38764E+01	5.56736E+05
1.50000E+00	2.41573E+01	5.51845E+05
1.50000E+00	2.44382E+01	5.46689E+05
1.50000E+00	2.47191E+01	5.41700E+05
1.50000E+00	2.50000E+01	5.36764E+05
2.00000E+00	0.00000E+00	5.31768E+03
2.00000E+00	2.80899E-01	4.85539E+03
2.00000E+00	5.61798E-01	4.58041E+03
2.00000E+00	8.42697E-01	4.58391E+03
2.00000E+00	1.12360E+00	4.82475E+03
2.00000E+00	1.40449E+00	5.25539E+03
2.00000E+00	1.68539E+00	5.80236E+03
2.00000E+00	1.96629E+00	6.40960E+03
2.00000E+00	2.24719E+00	7.03079E+03
2.00000E+00	2.52809E+00	7.64318E+03
2.00000E+00	2.80899E+00	8.25730E+03
2.00000E+00	3.08989E+00	8.89825E+03
2.00000E+00	3.37079E+00	9.59224E+03
2.00000E+00	3.65169E+00	1.03533E+04
2.00000E+00	3.93258E+00	1.11873E+04
2.00000E+00	4.21348E+00	1.20918E+04
2.00000E+00	4.49438E+00	1.30681E+04
2.00000E+00	4.77528E+00	1.41084E+04
2.00000E+00	5.05618E+00	1.51985E+04
2.00000E+00	5.33708E+00	1.63112E+04
2.00000E+00	5.61798E+00	1.74469E+04
2.00000E+00	5.89888E+00	1.86164E+04
2.00000E+00	6.17978E+00	1.98449E+04
2.00000E+00	6.46067E+00	2.11948E+04
2.00000E+00	6.74157E+00	2.26956E+04
2.00000E+00	7.02247E+00	2.44325E+04
2.00000E+00	7.30337E+00	2.65446E+04
2.00000E+00	7.58427E+00	2.91513E+04
2.00000E+00	7.86517E+00	3.23466E+04
2.00000E+00	8.14607E+00	3.62485E+04
2.00000E+00	8.42697E+00	4.09850E+04
2.00000E+00	8.70787E+00	4.66105E+04
2.00000E+00	8.98876E+00	5.31344E+04
2.00000E+00	9.26966E+00	6.05053E+04
2.00000E+00	9.55056E+00	6.89035E+04
2.00000E+00	9.83146E+00	7.85146E+04
2.00000E+00	1.01124E+01	8.94402E+04
2.00000E+00	1.03933E+01	1.01602E+05
2.00000E+00	1.06742E+01	1.14764E+05
2.00000E+00	1.09551E+01	1.28572E+05
2.00000E+00	1.12360E+01	1.42755E+05
2.00000E+00	1.15169E+01	1.57528E+05
2.00000E+00	1.17978E+01	1.73186E+05
2.00000E+00	1.20787E+01	1.90081E+05
2.00000E+00	1.23596E+01	2.08511E+05
2.00000E+00	1.26404E+01	2.28803E+05
2.00000E+00	1.29213E+01	2.51399E+05
2.00000E+00	1.32022E+01	2.76172E+05
2.00000E+00	1.34831E+01	3.02182E+05
2.00000E+00	1.37640E+01	3.28227E+05
2.00000E+00	1.40449E+01	3.53899E+05
2.00000E+00	1.43258E+01	3.78988E+05
2.00000E+00	1.46067E+01	4.03202E+05
2.00000E+00	1.48876E+01	4.25907E+05
2.00000E+00	1.51685E+01	4.46405E+05
2.00000E+00	1.54494E+01	4.64674E+05
2.00000E+00	1.57303E+01	4.81236E+05
2.00000E+00	1.60112E+01	4.96577E+05
2.00000E+00	1.62921E+01	5.10924E+05
2.00000E+00	1.65730E+01	5.24567E+05
2.00000E+00	1.68539E+01	5.37415E+05
2.00000E+00	1.71348E+01	5.48902E+05
2.00000E+00	1.74157E+01	5.58360E+05
2.00000E+00	1.76966E+01	5.65812E+05
2.00000E+00	1.79775E+01	5.71848E+05
2.00000E+00	1.82584E+01	5.76843E+05
2.00000E+00	1.85393E+01	5.81122E+05
2.00000E+00	1.88202E+01	5.84879E+05
2.00000E+00	1.91011E+01	5.87727E+05
2.00000E+00	1.93820E+01	5.89639E+05
2.00000E+00	1.96629E+01	5.90960E+05
2.00000E+00	1.99438E+01	5.91554E+05
2.00000E+00	2.02247E+01	5.91187E+05
2.00000E+00	2.05056E+01	5.90261E+05
2.00000E+00	2.07865E+01	5.89104E+05
2.00000E+00	2.10674E+01	5.87462E+05
2.00000E+00	2.13483E+01	5.85307E+05
2.00000E+00	2.16292E+01	5.82975E+05
2.00000E+00	2.19101E+01	5.80484E+05
2.00000E+00	2.21910E+01	5.77698E+05
2.00000E+00	2.24719E+01	5.74708E+05
2.00000E+00	2.27528E+01	5.71610E+05
2.00000E+00	2.30337E+01	5.68308E+05
2.00000E+00	2.33146E+01	5.64719E+05
2.00000E+00	2.35955E+01	5.60866E+05
2.00000E+00	2.38764E+01	5.56560E+05
2.00000E+00	2.41573E+01	5.51740E+05
2.00000E+00	2.44382E+01	5.46675E+05
2.00000E+00	2.47191E+01	5.41674E+05
2.00000E+00	2.50000E+01	5.36713E+05
2.50000E+00	0.00000E+00	5.06051E+03
2.50000E+00	2.80899E-01	4.78689E+03
2.50000E+00	5.61798E-01	4.63154E+03
2.50000E+00	8.42697E-01	4.73436E+03
2.50000E+00	1.12360E+00	4.98517E+03
2.50000E+00	1.40449E+00	5.38691E+03
2.50000E+00	1.68539E+00	5.90533E+03
2.50000E+00	1.96629E+00	6.48991E+03
2.50000E+00	2.24719E+00	7.09755E+03
2.50000E+00	2.52809E+00	7.70764E+03
2.50000E+00	2.80899E+00	8.32666E+03
2.50000E+00	3.08989E+00	8.97523E+03
2.50000E+00	3.37079E+00	9.67513E+03
2.50000E+00	3.65169E+00	1.04400E+04
2.50000E+00	3.93258E+00	1.12752E+04
2.50000E+00	4.21348E+00	1.21806E+04
2.50000E+00	4.49438E+00	1.31548E+04
2.50000E+00	4.77528E+00	1.41904E+04
2.50000E+00	5.05618E+00	1.52729E+04
2.50000E+00	5.33708E+00	1.63842E+04
2.50000E+00	5.61798E+00	1.75234E+04
2.50000E+00	5.89888E+00	1.87028E+04
2.50000E+00	6.17978E+00	1.99521E+04
2.50000E+00	6.46067E+00	2.13216E+04
2.50000E+00	6.74157E+00	2.28591E+04
2.50000E+00	7.02247E+00	2.46491E+04
2.50000E+00	7.30337E+00	2.68162E+04
2.50000E+00	7.58427E+00	2.94757E+04
2.50000E+00	7.86517E+00	3.27303E+04
2.50000E+00	8.14607E+00	3.66938E+04
2.50000E+00	8.42697E+00	4.14741E+04
2.50000E+00	8.70787E+00	4.71316E+04
2.50000E+00	8.98876E+00	5.36780E+04
2.50000E+00	9.26966E+00	6.11226E+04
2.50000E+00	9.55056E+00	6.95988E+04
2.50000E+00	9.83146E+00	7.92642E+04
2.50000E+00	1.01124E+01	9.01901E+04
2.50000E+00	1.03933E+01	1.02300E+05
2.50000E+00	1.06742E+01	1.15377E+05
2.50000E+00	1.09551E+01	1.29126E+05
2.50000E+00	1.12360E+01	1.43370E+05
2.50000E+00	1.15169E+01	1.58246E+05
2.50000E+00	1.17978E+01	1.74036E+05
2.50000E+00	1.20787E+01	1.91060E+05
2.50000E+00	1.23596E+01	2.09627E+05
2.50000E+00	1.26404E+01	2.30053E+05
2.50000E+00	1.29213E+01	2.52620E+05
2.50000E+00	1.32022E+01	2.77144E+05
2.50000E+00	1.34831E+01	3.02819E+05
2.50000E+00	1.37640E+01	3.28684E+05
2.50000E+00	1.40449E+01	3.54230E+05
2.50000E+00	1.43258E+01	3.79174E+05
2.50000E+00	1.46067E+01	4.03163E+05
2.50000E+00	1.48876E+01	4.25642E+05
2.50000E+00	1.51685E+01	4.46081E+05
2.50000E+00	1.54494E+01	4.64441E+05
2.50000E+00	1.57303E+01	4.81113E+05
2.50000E+00	1.60112E+01	4.96514E+05
2.50000E+00	1.62921E+01	5.10911E+05
2.50000E+00	1.65730E+01	5.24496E+05
2.50000E+00	1.68539E+01	5.37165E+05
2.50000E+00	1.71348E+01	5.48454E+05
2.50000E+00	1.74157E+01	5.57881E+05
2.50000E+00	1.76966E+01	5.65451E+05
2.50000E+00	1.79775E+01	5.71588E+05
2.50000E+00	1.82584E+01	5.76667E+05
2.50000E+00	1.85393E+01	5.80981E+05
2.50000E+00	1.88202E+01	5.84652E+05
2.50000E+00	1.91011E+01	5.87480E+05
2.50000E+00	1.93820E+01	5.89447E+05
2.50000E+00	1.96629E+01	5.90735E+05
2.50000E+00	1.99438E+01	5.91281E+05
2.50000E+00	2.02247E+01	5.90997E+05
2.50000E+00	2.05056E+01	5.90144E+05
2.50000E+00	2.07865E+01	5.88943E+05
2.50000E+00	2.10674E+01	5.87297E+05
2.50000E+00	2.13483E+01	5.85211E+05
2.50000E+00	2.16292E+01	5.82889E+05
2.50000E+00	2.19101E+01	5.80373E+05
2.50000E+00	2.21910E+01	5.77603E+05
2.50000E+00	2.24719E+01	5.74630E+05
2.50000E+00	2.27528E+01	5.71509E+05
2.50000E+00	2.30337E+01	5.68181E+05
2.50000E+00	2.33146E+01	5.64582E+05
2.50000E+00	2.35955E+01	5.60682E+05
2.50000E+00	2.38764E+01	5.56365E+05
2.50000E+00	2.41573E+01	5.51611E+05
2.50000E+00	2.44382E+01	5.46625E+05
2.50000E+00	2.47191E+01	5.41634E+05
2.50000E+00	2.50000E+01	5.36666E+05
3.00000E+00	0.00000E+00	4.94966E+03
3.00000E+00	2.80899E-01	4.79679E+03
3.00000E+00	5.61798E-01	4.72302E+03
3.00000E+00	8.42697E-01	4.88073E+03
3.00000E+00	1.12360E+00	5.16679E+03
3.00000E+00	1.40449E+00	5.55430E+03
3.00000E+00	1.68539E+00	6.04017E+03
3.00000E+00	1.96629E+00	6.59477E+03
3.00000E+00	2.24719E+00	7.18369E+03
3.00000E+00	2.52809E+00	7.78815E+03
3.00000E+00	2.80899E+00	8.41054E+03
3.00000E+00	3.08989E+00	9.06623E+03
3.00000E+00	3.37079E+00	9.77265E+03
3.00000E+00	3.65169E+00	1.05419E+04
3.00000E+00	3.93258E+00	1.13792E+04
3.00000E+00	4.21348E+00	1.22851E+04
3.00000E+00	4.49438E+00	1.32571E+04
3.00000E+00	4.77528E+00	1.42878E+04
3.00000E+00	5.05618E+00	1.53647E+04
3.00000E+00	5.33708E+00	1.64755E+04
3.00000E+00	5.61798E+00	1.76206E+04
3.00000E+00	5.89888E+00	1.88140E+04
3.00000E+00	6.17978E+00	2.00869E+04
3.00000E+00	6.46067E+00	2.14864E+04
3.00000E+00	6.74157E+00	2.30690E+04
3.00000E+00	7.02247E+00	2.49196E+04
3.00000E+00	7.30337E+00	2.71516E+04
3.00000E+00	7.58427E+00	2.98771E+04
3.00000E+00	7.86517E+00	3.32016E+04
3.00000E+00	8.14607E+00	3.72332E+04
3.00000E+00	8.42697E+00	4.20687E+04
3.00000E+00	8.70787E+00	4.77691E+04
3.00000E+00	8.98876E+00	5.43605E+04
3.00000E+00	9.26966E+00	6.18800E+04
3.00000E+00	9.55056E+00	7.04364E+04
3.00000E+00	9.83146E+00	8.01532E+04
3.00000E+00	1.01124E+01	9.10788E+04
3.00000E+00	1.03933E+01	1.03138E+05
3.00000E+00	1.06742E+01	1.16141E+05
3.00000E+00	1.09551E+01	1.29853E+05
3.00000E+00	1.12360E+01	1.44152E+05
3.00000E+00	1.15169E+01	1.59145E+05
3.00000E+00	1.17978E+01	1.75080E+05
3.00000E+00	1.20787E+01	1.92256E+05
3.00000E+00	1.23596E+01	2.10968E+05
3.00000E+00	1.26404E+01	2.31496E+05
3.00000E+00	1.29213E+01	2.54007E+05
3.00000E+00	1.32022E+01	2.78279E+05
3.00000E+00	1.34831E+01	3.03630E+05
3.00000E+00	1.37640E+01	3.29257E+05
3.00000E+00	1.40449E+01	3.54623E+05
3.00000E+00	1.43258E+01	3.79372E+05
3.00000E+00	1.46067E+01	4.03121E+05
3.00000E+00	1.48876E+01	4.25384E+05
3.00000E+00	1.51685E+01	4.45751E+05
3.00000E+00	1.54494E+01	4.64175E+05
3.00000E+00	1.57303E+01	4.80947E+05
3.00000E+00	1.60112E+01	4.96416E+05
3.00000E+00	1.62921E+01	5.10840E+05
3.00000E+00	1.65730E+01	5.24355E+05
3.00000E+00	1.68539E+01	5.36852E+05
3.00000E+00	1.71348E+01	5.47968E+05
3.00000E+00	1.74157E+01	5.57357E+05
3.00000E+00	1.76966E+01	5.65018E+05
3.00000E+00	1.79775E+01	5.71261E+05
3.00000E+00	1.82584E+01	5.76424E+05
3.00000E+00	1.85393E+01	5.80767E+05
3.00000E+00	1.88202E+01	5.84388E+05
3.00000E+00	1.91011E+01	5.87198E+05
3.00000E+00	1.93820E+01	5.89189E+05
3.00000E+00	1.96629E+01	5.90458E+05
3.00000E+00	1.99438E+01	5.90987E+05
3.00000E+00	2.02247E+01	5.90763E+05
3.00000E+00	2.05056E+01	5.89965E+05
3.00000E+00	2.07865E+01	5.88754E+05
3.00000E+00	2.10674E+01	5.87114E+05
3.00000E+00	2.13483E+01	5.85076E+05
3.00000E+00	2.16292E+01	5.82770E+05
3.00000E+00	2.19101E+01	5.80245E+05
3.00000E+00	2.21910E+01	5.77485E+05
3.00000E+00	2.24719E+01	5.74520E+05
3.00000E+00	2.27528E+01	5.71380E+05
3.00000E+00	2.30337E+01	5.68026E+05
3.00000E+00	2.33146E+01	5.64406E+05
3.00000E+00	2.35955E+01	5.60474E+05
3.00000E+00	2.38764E+01	5.56156E+05
3.00000E+00	2.41573E+01	5.51460E+05
3.00000E+00	2.44382E+01	5.46542E+05
3.00000E+00	2.47191E+01	5.41575E+05
3.00000E+00	2.50000E+01	5.36617E+05
3.50000E+00	0.00000E+00	4.93803E+03
3.50000E+00	2.80899E-01	4.86620E+03
3.50000E+00	5.61798E-01	4.85913E+03
3.50000E+00	8.42697E-01	5.03349E+03
3.50000E+00	1.12360E+00	5.35089E+03
3.50000E+00	1.40449E+00	5.74274E+03
3.50000E+00	1.68539E+00	6.20536E+03
3.50000E+00	1.96629E+00	6.72980E+03
3.50000E+00	2.24719E+00	7.29606E+03
3.50000E+00	2.52809E+00	7.89018E+03
3.50000E+00	2.80899E+00	8.51224E+03
3.50000E+00	3.08989E+00	9.17276E+03
3.50000E+00	3.37079E+00	9.88486E+03
3.50000E+00	3.65169E+00	1.06584E+04
3.50000E+00	3.93258E+00	1.14980E+04
3.50000E+00	4.21348E+00	1.24043E+04
3.50000E+00	4.49438E+00	1.33741E+04
3.50000E+00	4.77528E+00	1.44009E+04
3.50000E+00	5.05618E+00	1.54744E+04
3.50000E+00	5.33708E+00	1.65868E+04
3.50000E+00	5.61798E+00	1.77409E+04
3.50000E+00	5.89888E+00	1.89528E+04
3.50000E+00	6.17978E+00	2.02544E+04
3.50000E+00	6.46067E+00	2.16928E+04
3.50000E+00	6.74157E+00	2.33291E+04
3.50000E+00	7.02247E+00	2.52478E+04
3.50000E+00	7.30337E+00	2.75542E+04
3.50000E+00	7.58427E+00	3.03569E+04
3.50000E+00	7.86517E+00	3.37608E+04
3.50000E+00	8.14607E+00	3.78685E+04
3.50000E+00	8.42697E+00	4.27697E+04
3.50000E+00	8.70787E+00	4.85266E+04
3.50000E+00	8.98876E+00	5.51786E+04
3.50000E+00	9.26966E+00	6.27760E+04
3.50000E+00	9.55056E+00	7.14104E+04
3.50000E+00	9.83146E+00	8.11758E+04
3.50000E+00	1.01124E+01	9.21020E+04
3.50000E+00	1.03933E+01	1.04118E+05
3.50000E+00	1.06742E+01	1.17063E+05
3.50000E+00	1.09551E+01	1.30757E+05
3.50000E+00	1.12360E+01	1.45116E+05
3.50000E+00	1.15169E+01	1.60231E+05
3.50000E+00	1.17978E+01	1.76321E+05
3.50000E+00	1.20787E+01	1.93657E+05
3.50000E+00	1.23596E+01	2.12510E+05
3.50000E+00	1.26404E+01	2.33110E+05
3.50000E+00	1.29213E+01	2.55539E+05
3.50000E+00	1.32022E+01	2.79562E+05
3.50000E+00	1.34831E+01	3.04594E+05
3.50000E+00	1.37640E+01	3.29944E+05
3.50000E+00	1.40449E+01	3.55077E+05
3.50000E+00	1.43258E+01	3.79590E+05
3.50000E+00	1.46067E+01	4.03088E+05
3.50000E+00	1.48876E+01	4.25144E+05
3.50000E+00	1.51685E+01	4.45426E+05
3.50000E+00	1.54494E+01	4.63887E+05
3.50000E+00	1.57303E+01	4.80739E+05
3.50000E+00	1.60112E+01	4.96268E+05
3.50000E+00	1.62921E+01	5.10702E+05
3.50000E+00	1.65730E+01	5.24139E+05
3.50000E+00	1.68539E+01	5.36480E+05
3.50000E+00	1.71348E+01	5.47449E+05
3.50000E+00	1.74157E+01	5.56798E+05
3.50000E+00	1.76966E+01	5.64525E+05
3.50000E+00	1.79775E+01	5.70866E+05
3.50000E+00	1.82584E+01	5.76109E+05
3.50000E+00	1.85393E+01	5.80481E+05
3.50000E+00	1.88202E+01	5.84078E+05
3.50000E+00	1.91011E+01	5.86874E+05
3.50000E+00	1.93820E+01	5.88874E+05
3.50000E+00	1.96629E+01	5.90134E+05
3.50000E+00	1.99438E+01	5.90662E+05
3.50000E+00	2.02247E+01	5.90486E+05
3.50000E+00	2.05056E+01	5.89734E+05
3.50000E+00	2.07865E+01	5.88532E+05
3.50000E+00	2.10674E+01	5.86908E+05
3.50000E+00	2.13483E+01	5.84906E+05
3.50000E+00	2.16292E+01	5.82618E+05
3.50000E+00	2.19101E+01	5.80094E+05
3.50000E+00	2.21910E+01	5.77340E+05
3.50000E+00	2.24719E+01	5.74378E+05
3.50000E+00	2.27528E+01	5.71221E+05
3.50000E+00	2.30337E+01	5.67843E+05
3.50000E+00	2.33146E+01	5.64199E+05
3.50000E+00	2.35955E+01	5.60243E+05
3.50000E+00	2.38764E+01	5.55932E+05
3.50000E+00	2.41573E+01	5.51287E+05
3.50000E+00	2.44382E+01	5.46430E+05
3.50000E+00	2.47191E+01	5.41497E+05
3.50000E+00	2.50000E+01	5.36558E+05
4.00000E+00	0.00000E+00	4.99602E+03
4.00000E+00	2.80899E-01	4.98094E+03
4.00000E+00	5.61798E-01	5.02532E+03
4.00000E+00	8.42697E-01	5.20353E+03
4.00000E+00	1.12360E+00	5.53486E+03
4.00000E+00	1.40449E+00	5.93875E+03
4.00000E+00	1.68539E+00	6.39213E+03
4.00000E+00	1.96629E+00	6.89387E+03
4.00000E+00	2.24719E+00	7.43816E+03
4.00000E+00	2.52809E+00	8.01875E+03
4.00000E+00	2.80899E+00	8.63627E+03
4.00000E+00	3.08989E+00	9.29803E+03
4.00000E+00	3.37079E+00	1.00135E+04
4.00000E+00	3.65169E+00	1.07901E+04
4.00000E+00	3.93258E+00	1.16316E+04
4.00000E+00	4.21348E+00	1.25380E+04
4.00000E+00	4.49438E+00	1.35062E+04
4.00000E+00	4.77528E+00	1.45304E+04
4.00000E+00	5.05618E+00	1.56032E+04
4.00000E+00	5.33708E+00	1.67205E+04
4.00000E+00	5.61798E+00	1.78876E+04
4.00000E+00	5.89888E+00	1.91229E+04
4.00000E+00	6.17978E+00	2.04595E+04
4.00000E+00	6.46067E+00	2.19452E+04
4.00000E+00	6.74157E+00	2.36435E+04
4.00000E+00	7.02247E+00	2.56377E+04
4.00000E+00	7.30337E+00	2.80274E+04
4.00000E+00	7.58427E+00	3.09171E+04
4.00000E+00	7.86517E+00	3.44091E+04
4.00000E+00	8.14607E+00	3.86012E+04
4.00000E+00	8.42697E+00	4.35785E+04
4.00000E+00	8.70787E+00	4.94050E+04
4.00000E+00	8.98876E+00	5.61292E+04
4.00000E+00	9.26966E+00	6.38073E+04
4.00000E+00	9.55056E+00	7.25169E+04
4.00000E+00	9.83146E+00	8.23288E+04
4.00000E+00	1.01124E+01	9.32591E+04
4.00000E+00	1.03933E+01	1.05243E+05
4.00000E+00	1.06742E+01	1.18150E+05
4.00000E+00	1.09551E+01	1.31843E+05
4.00000E+00	1.12360E+01	1.46268E+05
4.00000E+00	1.15169E+01	1.61509E+05
4.00000E+00	1.17978E+01	1.77756E+05
4.00000E+00	1.20787E+01	1.95250E+05
4.00000E+00	1.23596E+01	2.14229E+05
4.00000E+00	1.26404E+01	2.34871E+05
4.00000E+00	1.29213E+01	2.57201E+05
4.00000E+00	1.32022E+01	2.80977E+05
4.00000E+00	1.34831E+01	3.05690E+05
4.00000E+00	1.37640E+01	3.30736E+05
4.00000E+00	1.40449E+01	3.55594E+05
4.00000E+00	1.43258E+01	3.79840E+05
4.00000E+00	1.46067E+01	4.03079E+05
4.00000E+00	1.48876E+01	4.24928E+05
4.00000E+00	1.51685E+01	4.45114E+05
4.00000E+00	1.54494E+01	4.63584E+05
4.00000E+00	1.57303E+01	4.80491E+05
4.00000E+00	1.60112E+01	4.96065E+05
4.00000E+00	1.62921E+01	5.10493E+05
4.00000E+00	1.65730E+01	5.23850E+05
4.00000E+00	1.68539E+01	5.36053E+05
4.00000E+00	1.71348E+01	5.46897E+05
4.00000E+00	1.74157E+01	5.56204E+05
4.00000E+00	1.76966E+01	5.63979E+05
4.00000E+00	1.79775E+01	5.70405E+05
4.00000E+00	1.82584E+01	5.75721E+05
4.00000E+00	1.85393E+01	5.80125E+05
4.00000E+00	1.88202E+01	5.83715E+05
4.00000E+00	1.91011E+01	5.86504E+05
4.00000E+00	1.93820E+01	5.88507E+05
4.00000E+00	1.96629E+01	5.89766E+05
4.00000E+00	1.99438E+01	5.90304E+05
4.00000E+00	2.02247E+01	5.90167E+05
4.00000E+00	2.05056E+01	5.89456E+05
4.00000E+00	2.07865E+01	5.88275E+05
4.00000E+00	2.10674E+01	5.86673E+05
4.00000E+00	2.13483E+01	5.84702E+05
4.00000E+00	2.16292E+01	5.82434E+05
4.00000E+00	2.19101E+01	5.79917E+05
4.00000E+00	2.21910E+01	5.77167E+05
4.00000E+00	2.24719E+01	5.74204E+05
4.00000E+00	2.27528E+01	5.71032E+05
4.00000E+00	2.30337E+01	5.67631E+05
4.00000E+00	2.33146E+01	5.63964E+05
4.00000E+00	2.35955E+01	5.59994E+05
4.00000E+00	2.38764E+01	5.55694E+05
4.00000E+00	2.41573E+01	5.51095E+05
4.00000E+00	2.44382E+01	5.46293E+05
4.00000E+00	2.47191E+01	5.41399E+05
4.00000E+00	2.50000E+01	5.36487E+05
5.00000E+00	0.00000E+00	5.25095E+03
5.00000E+00	2.80899E-01	5.30771E+03
5.00000E+00	5.61798E-01	5.41833E+03
5.00000E+00	8.42697E-01	5.60829E+03
5.00000E+00	1.12360E+00	5.92468E+03
5.00000E+00	1.40449E+00	6.33837E+03
5.00000E+00	1.68539E+00	6.79743E+03
5.00000E+00	1.96629E+00	7.28510E+03
5.00000E+00	2.24719E+00	7.80395E+03
5.00000E+00	2.52809E+00	8.36100E+03
5.00000E+00	2.80899E+00	8.96344E+03
5.00000E+00	3.08989E+00	9.61834E+03
5.00000E+00	3.37079E+00	1.03319E+04
5.00000E+00	3.65169E+00	1.11085E+04
5.00000E+00	3.93258E+00	1.19497E+04
5.00000E+00	4.21348E+00	1.28551E+04
5.00000E+00	4.49438E+00	1.38221E+04
5.00000E+00	4.77528E+00	1.48472E+04
5.00000E+00	5.05618E+00	1.59282E+04
5.00000E+00	5.33708E+00	1.70673E+04
5.00000E+00	5.61798E+00	1.82754E+04
5.00000E+00	5.89888E+00	1.95749E+04
5.00000E+00	6.17978E+00	2.10017E+04
5.00000E+00	6.46067E+00	2.26057E+04
5.00000E+00	6.74157E+00	2.44517E+04
5.00000E+00	7.02247E+00	2.66192E+04
5.00000E+00	7.30337E+00	2.91993E+04
5.00000E+00	7.58427E+00	3.22880E+04
5.00000E+00	7.86517E+00	3.59805E+04
5.00000E+00	8.14607E+00	4.03665E+04
5.00000E+00	8.42697E+00	4.55251E+04
5.00000E+00	8.70787E+00	5.15226E+04
5.00000E+00	8.98876E+00	5.84161E+04
5.00000E+00	9.26966E+00	6.62623E+04
5.00000E+00	9.55056E+00	7.51179E+04
5.00000E+00	9.83146E+00	8.50239E+04
5.00000E+00	1.01124E+01	9.59818E+04
5.00000E+00	1.03933E+01	1.07944E+05
5.00000E+00	1.06742E+01	1.20831E+05
5.00000E+00	1.09551E+01	1.34571E+05
5.00000E+00	1.12360E+01	1.49150E+05
5.00000E+00	1.15169E+01	1.64638E+05
5.00000E+00	1.17978E+01	1.81181E+05
5.00000E+00	1.20787E+01	1.98956E+05
5.00000E+00	1.23596E+01	2.18123E+05
5.00000E+00	1.26404E+01	2.38772E+05
5.00000E+00	1.29213E+01	2.60855E+05
5.00000E+00	1.32022E+01	2.84136E+05
5.00000E+00	1.34831E+01	3.08212E+05
5.00000E+00	1.37640E+01	3.32597E+05
5.00000E+00	1.40449E+01	3.56822E+05
5.00000E+00	1.43258E+01	3.80469E+05
5.00000E+00	1.46067E+01	4.03165E+05
5.00000E+00	1.48876E+01	4.24594E+05
5.00000E+00	1.51685E+01	4.44544E+05
5.00000E+00	1.54494E+01	4.62952E+05
5.00000E+00	1.57303E+01	4.79889E+05
5.00000E+00	1.60112E+01	4.95488E+05
5.00000E+00	1.62921E+01	5.09866E+05
5.00000E+00	1.65730E+01	5.23067E+05
5.00000E+00	1.68539E+01	5.35042E+05
5.00000E+00	1.71348E+01	5.45686E+05
5.00000E+00	1.74157E+01	5.54916E+05
5.00000E+00	1.76966E+01	5.62748E+05
5.00000E+00	1.79775E+01	5.69300E+05
5.00000E+00	1.82584E+01	5.74738E+05
5.00000E+00	1.85393E+01	5.79212E+05
5.00000E+00	1.88202E+01	5.82819E+05
5.00000E+00	1.91011E+01	5.85612E+05
5.00000E+00	1.93820E+01	5.87626E+05
5.00000E+00	1.96629E+01	5.88900E+05
5.00000E+00	1.99438E+01	5.89475E+05
5.00000E+00	2.02247E+01	5.89406E+05
5.00000E+00	2.05056E+01	5.88772E+05
5.00000E+00	2.07865E+01	5.87650E+05
5.00000E+00	2.10674E+01	5.86104E+05
5.00000E+00	2.13483E+01	5.84190E+05
5.00000E+00	2.16292E+01	5.81964E+05
5.00000E+00	2.19101E+01	5.79468E+05
5.00000E+00	2.21910E+01	5.76728E+05
5.00000E+00	2.24719E+01	5.73758E+05
5.00000E+00	2.27528E+01	5.70561E+05
5.00000E+00	2.30337E+01	5.67123E+05
5.00000E+00	2.33146E+01	5.63423E+05
5.00000E+00	2.35955E+01	5.59441E+05
5.00000E+00	2.38764E+01	5.55174E+05
5.00000E+00	2.41573E+01	5.50655E+05
5.00000E+00	2.44382E+01	5.45951E+05
5.00000E+00	2.47191E+01	5.41142E+05
5.00000E+00	2.50000E+01	5.36294E+05
6.00000E+00	0.00000E+00	5.62663E+03
6.00000E+00	2.80899E-01	5.72554E+03
6.00000E+00	5.61798E-01	5.87376E+03
6.00000E+00	8.42697E-01	6.08215E+03
6.00000E+00	1.12360E+00	6.37212E+03
6.00000E+00	1.40449E+00	6.76770E+03
6.00000E+00	1.68539E+00	7.22938E+03
6.00000E+00	1.96629E+00	7.72589E+03
6.00000E+00	2.24719E+00	8.24792E+03
6.00000E+00	2.52809E+00	8.80101E+03
6.00000E+00	2.80899E+00	9.39584E+03
6.00000E+00	3.08989E+00	1.00426E+04
6.00000E+00	3.37079E+00	1.07490E+04
6.00000E+00	3.65169E+00	1.15198E+04
6.00000E+00	3.93258E+00	1.23571E+04
6.00000E+00	4.21348E+00	1.32611E+04
6.00000E+00	4.49438E+00	1.42311E+04
6.00000E+00	4.77528E+00	1.52668E+04
6.00000E+00	5.05618E+00	1.63707E+04
6.00000E+00	5.33708E+00	1.75503E+04
6.00000E+00	5.61798E+00	1.88214E+04
6.00000E+00	5.89888E+00	2.02102E+04
6.00000E+00	6.17978E+00	2.17549E+04
6.00000E+00	6.46067E+00	2.35066E+04
6.00000E+00	6.74157E+00	2.55289E+04
6.00000E+00	7.02247E+00	2.78972E+04
6.00000E+00	7.30337E+00	3.06954E+04
6.00000E+00	7.58427E+00	3.40116E+04
6.00000E+00	7.86517E+00	3.79330E+04
6.00000E+00	8.14607E+00	4.25426E+04
6.00000E+00	8.42697E+00	4.79150E+04
6.00000E+00	8.70787E+00	5.41157E+04
6.00000E+00	8.98876E+00	6.12022E+04
6.00000E+00	9.26966E+00	6.92265E+04
6.00000E+00	9.55056E+00	7.82321E+04
6.00000E+00	9.83146E+00	8.82455E+04
6.00000E+00	1.01124E+01	9.92659E+04
6.00000E+00	1.03933E+01	1.11265E+05
6.00000E+00	1.06742E+01	1.24198E+05
6.00000E+00	1.09551E+01	1.38033E+05
6.00000E+00	1.12360E+01	1.52778E+05
6.00000E+00	1.15169E+01	1.68493E+05
6.00000E+00	1.17978E+01	1.85280E+05
6.00000E+00	1.20787E+01	2.03257E+05
6.00000E+00	1.23596E+01	2.22517E+05
6.00000E+00	1.26404E+01	2.43082E+05
6.00000E+00	1.29213E+01	2.64864E+05
6.00000E+00	1.32022E+01	2.87641E+05
6.00000E+00	1.34831E+01	3.11077E+05
6.00000E+00	1.37640E+01	3.34768E+05
6.00000E+00	1.40449E+01	3.58305E+05
6.00000E+00	1.43258E+01	3.81304E+05
6.00000E+00	1.46067E+01	4.03429E+05
6.00000E+00	1.48876E+01	4.24409E+05
6.00000E+00	1.51685E+01	4.44061E+05
6.00000E+00	1.54494E+01	4.62310E+05
6.00000E+00	1.57303E+01	4.79171E+05
6.00000E+00	1.60112E+01	4.94710E+05
6.00000E+00	1.62921E+01	5.08991E+05
6.00000E+00	1.65730E+01	5.22040E+05
6.00000E+00	1.68539E+01	5.33835E+05
6.00000E+00	1.71348E+01	5.44328E+05
6.00000E+00	1.74157E+01	5.53488E+05
6.00000E+00	1.76966E+01	5.61341E+05
6.00000E+00	1.79775E+01	5.67973E+05
6.00000E+00	1.82584E+01	5.73501E+05
6.00000E+00	1.85393E+01	5.78044E+05
6.00000E+00	1.88202E+01	5.81693E+05
6.00000E+00	1.91011E+01	5.84514E+05
6.00000E+00	1.93820E+01	5.86554E+05
6.00000E+00	1.96629E+01	5.87863E+05
6.00000E+00	1.99438E+01	5.88487E+05
6.00000E+00	2.02247E+01	5.88485E+05
6.00000E+00	2.05056E+01	5.87924E+05
6.00000E+00	2.07865E+01	5.86872E+05
6.00000E+00	2.10674E+01	5.85390E+05
6.00000E+00	2.13483E+01	5.83533E+05
6.00000E+00	2.16292E+01	5.81352E+05
6.00000E+00	2.19101E+01	5.78883E+05
6.00000E+00	2.21910E+01	5.76155E+05
6.00000E+00	2.24719E+01	5.73182E+05
6.00000E+00	2.27528E+01	5.69969E+05
6.00000E+00	2.30337E+01	5.66510E+05
6.00000E+00	2.33146E+01	5.62796E+05
6.00000E+00	2.35955E+01	5.58821E+05
6.00000E+00	2.38764E+01	5.54594E+05
6.00000E+00	2.41573E+01	5.50147E+05
6.00000E+00	2.44382E+01	5.45531E+05
6.00000E+00	2.47191E+01	5.40806E+05
6.00000E+00	2.50000E+01	5.36030E+05
7.00000E+00	0.00000E+00	6.08471E+03
7.00000E+00	2.80899E-01	6.21118E+03
7.00000E+00	5.61798E-01	6.38316E+03
7.00000E+00	8.42697E-01	6.60639E+03
7.00000E+00	1.12360E+00	6.88938E+03
7.00000E+00	1.40449E+00	7.25488E+03
7.00000E+00	1.68539E+00	7.70495E+03
7.00000E+00	1.96629E+00	8.20815E+03
7.00000E+00	2.24719E+00	8.74581E+03
7.00000E+00	2.52809E+00	9.31375E+03
7.00000E+00	2.80899E+00	9.91804E+03
7.00000E+00	3.08989E+00	1.05687E+04
7.00000E+00	3.37079E+00	1.12753E+04
7.00000E+00	3.65169E+00	1.20449E+04
7.00000E+00	3.93258E+00	1.28825E+04
7.00000E+00	4.21348E+00	1.37909E+04
7.00000E+00	4.49438E+00	1.47730E+04
7.00000E+00	4.77528E+00	1.58323E+04
7.00000E+00	5.05618E+00	1.69760E+04
7.00000E+00	5.33708E+00	1.82162E+04
7.00000E+00	5.61798E+00	1.95731E+04
7.00000E+00	5.89888E+00	2.10758E+04
7.00000E+00	6.17978E+00	2.27643E+04
7.00000E+00	6.46067E+00	2.46896E+04
7.00000E+00	6.74157E+00	2.69132E+04
7.00000E+00	7.02247E+00	2.95059E+04
7.00000E+00	7.30337E+00	3.25452E+04
7.00000E+00	7.58427E+00	3.61116E+04
7.00000E+00	7.86517E+00	4.02852E+04
7.00000E+00	8.14607E+00	4.51426E+04
7.00000E+00	8.42697E+00	5.07535E+04
7.00000E+00	8.70787E+00	5.71805E+04
7.00000E+00	8.98876E+00	6.44782E+04
7.00000E+00	9.26966E+00	7.26932E+04
7.00000E+00	9.55056E+00	8.18614E+04
7.00000E+00	9.83146E+00	9.20038E+04
7.00000E+00	1.01124E+01	1.03123E+05
7.00000E+00	1.03933E+01	1.15205E+05
7.00000E+00	1.06742E+01	1.28229E+05
7.00000E+00	1.09551E+01	1.42188E+05
7.00000E+00	1.12360E+01	1.57094E+05
7.00000E+00	1.15169E+01	1.72995E+05
7.00000E+00	1.17978E+01	1.89958E+05
7.00000E+00	1.20787E+01	2.08049E+05
7.00000E+00	1.23596E+01	2.27307E+05
7.00000E+00	1.26404E+01	2.47709E+05
7.00000E+00	1.29213E+01	2.69143E+05
7.00000E+00	1.32022E+01	2.91404E+05
7.00000E+00	1.34831E+01	3.14200E+05
7.00000E+00	1.37640E+01	3.37190E+05
7.00000E+00	1.40449E+01	3.60019E+05
7.00000E+00	1.43258E+01	3.82349E+05
7.00000E+00	1.46067E+01	4.03882E+05
7.00000E+00	1.48876E+01	4.24379E+05
7.00000E+00	1.51685E+01	4.43674E+05
7.00000E+00	1.54494E+01	4.61678E+05
7.00000E+00	1.57303E+01	4.78373E+05
7.00000E+00	1.60112E+01	4.93777E+05
7.00000E+00	1.62921E+01	5.07919E+05
7.00000E+00	1.65730E+01	5.20813E+05
7.00000E+00	1.68539E+01	5.32452E+05
7.00000E+00	1.71348E+01	5.42820E+05
7.00000E+00	1.74157E+01	5.51914E+05
7.00000E+00	1.76966E+01	5.59767E+05
7.00000E+00	1.79775E+01	5.66445E+05
7.00000E+00	1.82584E+01	5.72039E+05
7.00000E+00	1.85393E+01	5.76645E+05
7.00000E+00	1.88202E+01	5.80346E+05
7.00000E+00	1.91011E+01	5.83209E+05
7.00000E+00	1.93820E+01	5.85293E+05
7.00000E+00	1.96629E+01	5.86650E+05
7.00000E+00	1.99438E+01	5.87334E+05
7.00000E+00	2.02247E+01	5.87402E+05
7.00000E+00	2.05056E+01	5.86916E+05
7.00000E+00	2.07865E+01	5.85936E+05
7.00000E+00	2.10674E+01	5.84522E+05
7.00000E+00	2.13483E+01	5.82725E+05
7.00000E+00	2.16292E+01	5.80591E+05
7.00000E+00	2.19101E+01	5.78155E+05
7.00000E+00	2.21910E+01	5.75446E+05
7.00000E+00	2.24719E+01	5.72478E+05
7.00000E+00	2.27528E+01	5.69262E+05
7.00000E+00	2.30337E+01	5.65798E+05
7.00000E+00	2.33146E+01	5.62087E+05
7.00000E+00	2.35955E+01	5.58133E+05
7.00000E+00	2.38764E+01	5.53952E+05
7.00000E+00	2.41573E+01	5.49572E+05
7.00000E+00	2.44382E+01	5.45037E+05
7.00000E+00	2.47191E+01	5.40394E+05
7.00000E+00	2.50000E+01	5.35691E+05
8.00000E+00	0.00000E+00	6.61107E+03
8.00000E+00	2.80899E-01	6.75799E+03
8.00000E+00	5.61798E-01	6.94752E+03
8.00000E+00	8.42697E-01	7.18345E+03
8.00000E+00	1.12360E+00	7.47010E+03
8.00000E+00	1.40449E+00	7.81795E+03
8.00000E+00	1.68539E+00	8.24870E+03
8.00000E+00	1.96629E+00	8.75036E+03
8.00000E+00	2.24719E+00	9.30212E+03
8.00000E+00	2.52809E+00	9.89292E+03
8.00000E+00	2.80899E+00	1.05213E+04
8.00000E+00	3.08989E+00	1.11928E+04
8.00000E+00	3.37079E+00	1.19161E+04
8.00000E+00	3.65169E+00	1.27001E+04
8.00000E+00	3.93258E+00	1.35527E+04
8.00000E+00	4.21348E+00	1.44807E+04
8.00000E+00	4.49438E+00	1.54910E+04
8.00000E+00	4.77528E+00	1.65922E+04
8.00000E+00	5.05618E+00	1.77957E+04
8.00000E+00	5.33708E+00	1.91184E+04
8.00000E+00	5.61798E+00	2.05837E+04
8.00000E+00	5.89888E+00	2.22237E+04
8.00000E+00	6.17978E+00	2.40790E+04
8.00000E+00	6.46067E+00	2.61999E+04
8.00000E+00	6.74157E+00	2.86453E+04
8.00000E+00	7.02247E+00	3.14814E+04
8.00000E+00	7.30337E+00	3.47797E+04
8.00000E+00	7.58427E+00	3.86139E+04
8.00000E+00	7.86517E+00	4.30574E+04
8.00000E+00	8.14607E+00	4.81804E+04
8.00000E+00	8.42697E+00	5.40478E+04
8.00000E+00	8.70787E+00	6.07179E+04
8.00000E+00	8.98876E+00	6.82414E+04
8.00000E+00	9.26966E+00	7.66603E+04
8.00000E+00	9.55056E+00	8.60064E+04
8.00000E+00	9.83146E+00	9.62992E+04
8.00000E+00	1.01124E+01	1.07545E+05
8.00000E+00	1.03933E+01	1.19742E+05
8.00000E+00	1.06742E+01	1.32883E+05
8.00000E+00	1.09551E+01	1.46969E+05
8.00000E+00	1.12360E+01	1.62016E+05
8.00000E+00	1.15169E+01	1.78053E+05
8.00000E+00	1.17978E+01	1.95117E+05
8.00000E+00	1.20787E+01	2.13236E+05
8.00000E+00	1.23596E+01	2.32409E+05
8.00000E+00	1.26404E+01	2.52579E+05
8.00000E+00	1.29213E+01	2.73627E+05
8.00000E+00	1.32022E+01	2.95357E+05
8.00000E+00	1.34831E+01	3.17517E+05
8.00000E+00	1.37640E+01	3.39811E+05
8.00000E+00	1.40449E+01	3.61932E+05
8.00000E+00	1.43258E+01	3.83587E+05
8.00000E+00	1.46067E+01	4.04513E+05
8.00000E+00	1.48876E+01	4.24497E+05
8.00000E+00	1.51685E+01	4.43382E+05
8.00000E+00	1.54494E+01	4.61073E+05
8.00000E+00	1.57303E+01	4.77527E+05
8.00000E+00	1.60112E+01	4.92735E+05
8.00000E+00	1.62921E+01	5.06700E+05
8.00000E+00	1.65730E+01	5.19428E+05
8.00000E+00	1.68539E+01	5.30918E+05
8.00000E+00	1.71348E+01	5.41171E+05
8.00000E+00	1.74157E+01	5.50198E+05
8.00000E+00	1.76966E+01	5.58033E+05
8.00000E+00	1.79775E+01	5.64734E+05
8.00000E+00	1.82584E+01	5.70376E+05
8.00000E+00	1.85393E+01	5.75036E+05
8.00000E+00	1.88202E+01	5.78791E+05
8.00000E+00	1.91011E+01	5.81707E+05
8.00000E+00	1.93820E+01	5.83845E+05
8.00000E+00	1.96629E+01	5.85262E+05
8.00000E+00	1.99438E+01	5.86012E+05
8.00000E+00	2.02247E+01	5.86154E+05
8.00000E+00	2.05056E+01	5.85744E+05
8.00000E+00	2.07865E+01	5.84840E+05
8.00000E+00	2.10674E+01	5.83497E+05
8.00000E+00	2.13483E+01	5.81762E+05
8.00000E+00	2.16292E+01	5.79678E+05
8.00000E+00	2.19101E+01	5.77282E+05
8.00000E+00	2.21910E+01	5.74598E+05
8.00000E+00	2.24719E+01	5.71647E+05
8.00000E+00	2.27528E+01	5.68441E+05
8.00000E+00	2.30337E+01	5.64989E+05
8.00000E+00	2.33146E+01	5.61296E+05
8.00000E+00	2.35955E+01	5.57375E+05
8.00000E+00	2.38764E+01	5.53244E+05
8.00000E+00	2.41573E+01	5.48931E+05
8.00000E+00	2.44382E+01	5.44472E+05
8.00000E+00	2.47191E+01	5.39908E+05
8.00000E+00	2.50000E+01	5.35277E+05
9.00000E+00	0.00000E+00	7.20636E+03
9.00000E+00	2.80899E-01	7.37077E+03
9.00000E+00	5.61798E-01	7.57589E+03
9.00000E+00	8.42697E-01	7.82481E+03
9.00000E+00	1.12360E+00	8.12041E+03
9.00000E+00	1.40449E+00	8.46845E+03
9.00000E+00	1.68539E+00	8.88339E+03
9.00000E+00	1.96629E+00	9.37972E+03
9.00000E+00	2.24719E+00	9.94167E+03
9.00000E+00	2.52809E+00	1.05563E+04
9.00000E+00	2.80899E+00	1.12172E+04
9.00000E+00	3.08989E+00	1.19247E+04
9.00000E+00	3.37079E+00	1.26841E+04
9.00000E+00	3.65169E+00	1.35040E+04
9.00000E+00	3.93258E+00	1.43941E+04
9.00000E+00	4.21348E+00	1.53645E+04
9.00000E+00	4.49438E+00	1.64266E+04
9.00000E+00	4.77528E+00	1.75932E+04
9.00000E+00	5.05618E+00	1.88806E+04
9.00000E+00	5.33708E+00	2.03095E+04
9.00000E+00	5.61798E+00	2.19066E+04
9.00000E+00	5.89888E+00	2.37059E+04
9.00000E+00	6.17978E+00	2.57486E+04
9.00000E+00	6.46067E+00	2.80837E+04
9.00000E+00	6.74157E+00	3.07674E+04
9.00000E+00	7.02247E+00	3.38616E+04
9.00000E+00	7.30337E+00	3.74320E+04
9.00000E+00	7.58427E+00	4.15463E+04
9.00000E+00	7.86517E+00	4.62715E+04
9.00000E+00	8.14607E+00	5.16720E+04
9.00000E+00	8.42697E+00	5.78075E+04
9.00000E+00	8.70787E+00	6.47316E+04
9.00000E+00	8.98876E+00	7.24911E+04
9.00000E+00	9.26966E+00	8.11243E+04
9.00000E+00	9.55056E+00	9.06604E+04
9.00000E+00	9.83146E+00	1.01119E+05
9.00000E+00	1.01124E+01	1.12509E+05
9.00000E+00	1.03933E+01	1.24835E+05
9.00000E+00	1.06742E+01	1.38097E+05
9.00000E+00	1.09551E+01	1.52300E+05
9.00000E+00	1.12360E+01	1.67452E+05
9.00000E+00	1.15169E+01	1.83570E+05
9.00000E+00	1.17978E+01	2.00664E+05
9.00000E+00	1.20787E+01	2.18734E+05
9.00000E+00	1.23596E+01	2.37747E+05
9.00000E+00	1.26404E+01	2.57631E+05
9.00000E+00	1.29213E+01	2.78258E+05
9.00000E+00	1.32022E+01	2.99448E+05
9.00000E+00	1.34831E+01	3.20976E+05
9.00000E+00	1.37640E+01	3.42584E+05
9.00000E+00	1.40449E+01	3.64007E+05
9.00000E+00	1.43258E+01	3.84990E+05
9.00000E+00	1.46067E+01	4.05300E+05
9.00000E+00	1.48876E+01	4.24745E+05
9.00000E+00	1.51685E+01	4.43180E+05
9.00000E+00	1.54494E+01	4.60505E+05
9.00000E+00	1.57303E+01	4.76663E+05
9.00000E+00	1.60112E+01	4.91624E+05
9.00000E+00	1.62921E+01	5.05378E+05
9.00000E+00	1.65730E+01	5.17923E+05
9.00000E+00	1.68539E+01	5.29259E+05
9.00000E+00	1.71348E+01	5.39395E+05
9.00000E+00	1.74157E+01	5.48348E+05
9.00000E+00	1.76966E+01	5.56153E+05
9.00000E+00	1.79775E+01	5.62860E+05
9.00000E+00	1.82584E+01	5.68532E+05
9.00000E+00	1.85393E+01	5.73238E+05
9.00000E+00	1.88202E+01	5.77045E+05
9.00000E+00	1.91011E+01	5.80018E+05
9.00000E+00	1.93820E+01	5.82217E+05
9.00000E+00	1.96629E+01	5.83700E+05
9.00000E+00	1.99438E+01	5.84522E+05
9.00000E+00	2.02247E+01	5.84740E+05
9.00000E+00	2.05056E+01	5.84409E+05
9.00000E+00	2.07865E+01	5.83583E+05
9.00000E+00	2.10674E+01	5.82311E+05
9.00000E+00	2.13483E+01	5.80642E+05
9.00000E+00	2.16292E+01	5.78614E+05
9.00000E+00	2.19101E+01	5.76263E+05
9.00000E+00	2.21910E+01	5.73615E+05
9.00000E+00	2.24719E+01	5.70692E+05
9.00000E+00	2.27528E+01	5.67510E+05
9.00000E+00	2.30337E+01	5.64083E+05
9.00000E+00	2.33146E+01	5.60422E+05
9.00000E+00	2.35955E+01	5.56544E+05
9.00000E+00	2.38764E+01	5.52468E+05
9.00000E+00	2.41573E+01	5.48222E+05
9.00000E+00	2.44382E+01	5.43837E+05
9.00000E+00	2.47191E+01	5.39349E+05
9.00000E+00	2.50000E+01	5.34791E+05
1.00000E+01	0.00000E+00	7.88239E+03
1.00000E+01	2.80899E-01	8.06407E+03
1.00000E+01	5.61798E-01	8.28557E+03
1.00000E+01	8.42697E-01	8.54981E+03
1.00000E+01	1.12360E+00	8.85934E+03
1.00000E+01	1.40449E+00	9.21815E+03
1.00000E+01	1.68539E+00	9.63467E+03
1.00000E+01	1.96629E+00	1.01269E+04
1.00000E+01	2.24719E+00	1.06989E+04
1.00000E+01	2.52809E+00	1.13382E+04
1.00000E+01	2.80899E+00	1.20368E+04
1.00000E+01	3.08989E+00	1.27917E+04
1.00000E+01	3.37079E+00	1.36051E+04
1.00000E+01	3.65169E+00	1.44835E+04
1.00000E+01	3.93258E+00	1.54367E+04
1.00000E+01	4.21348E+00	1.64770E+04
1.00000E+01	4.49438E+00	1.76187E+04
1.00000E+01	4.77528E+00	1.88787E+04
1.00000E+01	5.05618E+00	2.02769E+04
1.00000E+01	5.33708E+00	2.18377E+04
1.00000E+01	5.61798E+00	2.35904E+04
1.00000E+01	5.89888E+00	2.55704E+04
1.00000E+01	6.17978E+00	2.78192E+04
1.00000E+01	6.46067E+00	3.03846E+04
1.00000E+01	6.74157E+00	3.33199E+04
1.00000E+01	7.02247E+00	3.66828E+04
1.00000E+01	7.30337E+00	4.05342E+04
1.00000E+01	7.58427E+00	4.49359E+04
1.00000E+01	7.86517E+00	4.99494E+04
1.00000E+01	8.14607E+00	5.56333E+04
1.00000E+01	8.42697E+00	6.20422E+04
1.00000E+01	8.70787E+00	6.92254E+04
1.00000E+01	8.98876E+00	7.72254E+04
1.00000E+01	9.26966E+00	8.60775E+04
1.00000E+01	9.55056E+00	9.58089E+04
1.00000E+01	9.83146E+00	1.06439E+05
1.00000E+01	1.01124E+01	1.17978E+05
1.00000E+01	1.03933E+01	1.30432E+05
1.00000E+01	1.06742E+01	1.43806E+05
1.00000E+01	1.09551E+01	1.58099E+05
1.00000E+01	1.12360E+01	1.73317E+05
1.00000E+01	1.15169E+01	1.89458E+05
1.00000E+01	1.17978E+01	2.06516E+05
1.00000E+01	1.20787E+01	2.24468E+05
1.00000E+01	1.23596E+01	2.43262E+05
1.00000E+01	1.26404E+01	2.62812E+05
1.00000E+01	1.29213E+01	2.82992E+05
1.00000E+01	1.32022E+01	3.03634E+05
1.00000E+01	1.34831E+01	3.24534E+05
1.00000E+01	1.37640E+01	3.45469E+05
1.00000E+01	1.40449E+01	3.66207E+05
1.00000E+01	1.43258E+01	3.86524E+05
1.00000E+01	1.46067E+01	4.06214E+05
1.00000E+01	1.48876E+01	4.25106E+05
1.00000E+01	1.51685E+01	4.43061E+05
1.00000E+01	1.54494E+01	4.59980E+05
1.00000E+01	1.57303E+01	4.75797E+05
1.00000E+01	1.60112E+01	4.90473E+05
1.00000E+01	1.62921E+01	5.03987E+05
1.00000E+01	1.65730E+01	5.16329E+05
1.00000E+01	1.68539E+01	5.27501E+05
1.00000E+01	1.71348E+01	5.37511E+05
1.00000E+01	1.74157E+01	5.46381E+05
1.00000E+01	1.76966E+01	5.54141E+05
1.00000E+01	1.79775E+01	5.60839E+05
1.00000E+01	1.82584E+01	5.66529E+05
1.00000E+01	1.85393E+01	5.71270E+05
1.00000E+01	1.88202E+01	5.75125E+05
1.00000E+01	1.91011E+01	5.78155E+05
1.00000E+01	1.93820E+01	5.80417E+05
1.00000E+01	1.96629E+01	5.81969E+05
1.00000E+01	1.99438E+01	5.82866E+05
1.00000E+01	2.02247E+01	5.83163E+05
1.00000E+01	2.05056E+01	5.82912E+05
1.00000E+01	2.07865E+01	5.82164E+05
1.00000E+01	2.10674E+01	5.80968E+05
1.00000E+01	2.13483E+01	5.79367E+05
1.00000E+01	2.16292E+01	5.77400E+05
1.00000E+01	2.19101E+01	5.75101E+05
1.00000E+01	2.21910E+01	5.72498E+05
1.00000E+01	2.24719E+01	5.69615E+05
1.00000E+01	2.27528E+01	5.66469E+05
1.00000E+01	2.30337E+01	5.63080E+05
1.00000E+01	2.33146E+01	5.59462E+05
1.00000E+01	2.35955E+01	5.55634E+05
1.00000E+01	2.38764E+01	5.51619E+05
1.00000E+01	2.41573E+01	5.47442E+05
1.00000E+01	2.44382E+01	5.43131E+05
1.00000E+01	2.47191E+01	5.38717E+05
1.00000E+01	2.50000E+01	5.34232E+05
