1.00000E-04	0.00000E+00	5.99315E+03
1.00000E-04	2.80899E-01	3.03760E+02
1.00000E-04	5.61798E-01	1.05154E+03
1.00000E-04	8.42697E-01	1.33422E+03
1.00000E-04	1.12360E+00	1.17017E+03
1.00000E-04	1.40449E+00	1.05733E+03
1.00000E-04	1.68539E+00	9.67579E+02
1.00000E-04	1.96629E+00	9.09418E+02
1.00000E-04	2.24719E+00	8.83556E+02
1.00000E-04	2.52809E+00	8.77924E+02
1.00000E-04	2.80899E+00	8.91914E+02
1.00000E-04	3.08989E+00	9.20891E+02
1.00000E-04	3.37079E+00	9.70540E+02
1.00000E-04	3.65169E+00	1.04268E+03
1.00000E-04	3.93258E+00	1.12563E+03
1.00000E-04	4.21348E+00	1.30181E+03
1.00000E-04	4.49438E+00	1.53288E+03
1.00000E-04	4.77528E+00	1.81016E+03
1.00000E-04	5.05618E+00	2.11009E+03
1.00000E-04	5.33708E+00	2.50892E+03
1.00000E-04	5.61798E+00	3.00342E+03
1.00000E-04	5.89888E+00	3.71149E+03
1.00000E-04	6.17978E+00	4.73773E+03
1.00000E-04	6.46067E+00	5.96590E+03
1.00000E-04	6.74157E+00	7.91943E+03
1.00000E-04	7.02247E+00	1.01944E+04
1.00000E-04	7.30337E+00	1.30670E+04
1.00000E-04	7.58427E+00	1.57529E+04
1.00000E-04	7.86517E+00	1.79282E+04
1.00000E-04	8.14607E+00	1.96727E+04
1.00000E-04	8.42697E+00	2.12940E+04
1.00000E-04	8.70787E+00	2.28503E+04
1.00000E-04	8.98876E+00	2.43434E+04
1.00000E-04	9.26966E+00	2.59751E+04
1.00000E-04	9.55056E+00	2.77411E+04
1.00000E-04	9.83146E+00	2.92516E+04
1.00000E-04	1.01124E+01	3.09273E+04
1.00000E-04	1.03933E+01	3.26966E+04
1.00000E-04	1.06742E+01	3.45009E+04
1.00000E-04	1.09551E+01	3.65551E+04
1.00000E-04	1.12360E+01	3.89384E+04
1.00000E-04	1.15169E+01	4.15548E+04
1.00000E-04	1.17978E+01	4.46327E+04
1.00000E-04	1.20787E+01	4.83014E+04
1.00000E-04	1.23596E+01	5.26082E+04
1.00000E-04	1.26404E+01	5.74835E+04
1.00000E-04	1.29213E+01	6.32708E+04
1.00000E-04	1.32022E+01	6.97574E+04
1.00000E-04	1.34831E+01	7.55355E+04
1.00000E-04	1.37640E+01	8.14206E+04
1.00000E-04	1.40449E+01	8.78002E+04
1.00000E-04	1.43258E+01	9.42071E+04
1.00000E-04	1.46067E+01	1.00929E+05
1.00000E-04	1.48876E+01	1.07411E+05
1.00000E-04	1.51685E+01	1.13841E+05
1.00000E-04	1.54494E+01	1.19860E+05
1.00000E-04	1.57303E+01	1.25411E+05
1.00000E-04	1.60112E+01	1.30536E+05
1.00000E-04	1.62921E+01	1.35206E+05
1.00000E-04	1.65730E+01	1.39639E+05
1.00000E-04	1.68539E+01	1.43391E+05
1.00000E-04	1.71348E+01	1.46971E+05
1.00000E-04	1.74157E+01	1.49944E+05
1.00000E-04	1.76966E+01	1.52843E+05
1.00000E-04	1.79775E+01	1.55450E+05
1.00000E-04	1.82584E+01	1.57954E+05
1.00000E-04	1.85393E+01	1.60054E+05
1.00000E-04	1.88202E+01	1.61998E+05
1.00000E-04	1.91011E+01	1.63803E+05
1.00000E-04	1.93820E+01	1.65167E+05
1.00000E-04	1.96629E+01	1.65417E+05
1.00000E-04	1.99438E+01	1.64702E+05
1.00000E-04	2.02247E+01	1.63736E+05
1.00000E-04	2.05056E+01	1.62688E+05
1.00000E-04	2.07865E+01	1.61613E+05
1.00000E-04	2.10674E+01	1.60304E+05
1.00000E-04	2.13483E+01	1.58834E+05
1.00000E-04	2.16292E+01	1.57220E+05
1.00000E-04	2.19101E+01	1.55539E+05
1.00000E-04	2.21910E+01	1.53905E+05
1.00000E-04	2.24719E+01	1.52298E+05
1.00000E-04	2.27528E+01	1.50649E+05
1.00000E-04	2.30337E+01	1.49022E+05
1.00000E-04	2.33146E+01	1.47429E+05
1.00000E-04	2.35955E+01	1.45850E+05
1.00000E-04	2.38764E+01	1.44273E+05
1.00000E-04	2.41573E+01	1.42750E+05
1.00000E-04	2.44382E+01	1.41226E+05
1.00000E-04	2.47191E+01	1.39752E+05
1.00000E-04	2.50000E+01	1.38267E+05
5.00000E-04	0.00000E+00	3.06544E+03
5.00000E-04	2.80899E-01	3.03742E+02
5.00000E-04	5.61798E-01	1.05156E+03
5.00000E-04	8.42697E-01	1.33431E+03
5.00000E-04	1.12360E+00	1.17001E+03
5.00000E-04	1.40449E+00	1.05733E+03
5.00000E-04	1.68539E+00	9.67579E+02
5.00000E-04	1.96629E+00	9.09418E+02
5.00000E-04	2.24719E+00	8.83556E+02
5.00000E-04	2.52809E+00	8.77924E+02
5.00000E-04	2.80899E+00	8.91914E+02
5.00000E-04	3.08989E+00	9.20949E+02
5.00000E-04	3.37079E+00	9.70541E+02
5.00000E-04	3.65169E+00	1.04267E+03
5.00000E-04	3.93258E+00	1.12566E+03
5.00000E-04	4.21348E+00	1.30120E+03
5.00000E-04	4.49438E+00	1.53288E+03
5.00000E-04	4.77528E+00	1.81015E+03
5.00000E-04	5.05618E+00	2.11010E+03
5.00000E-04	5.33708E+00	2.50892E+03
5.00000E-04	5.61798E+00	3.00342E+03
5.00000E-04	5.89888E+00	3.71141E+03
5.00000E-04	6.17978E+00	4.73773E+03
5.00000E-04	6.46067E+00	5.96590E+03
5.00000E-04	6.74157E+00	7.91939E+03
5.00000E-04	7.02247E+00	1.01944E+04
5.00000E-04	7.30337E+00	1.30686E+04
5.00000E-04	7.58427E+00	1.57529E+04
5.00000E-04	7.86517E+00	1.79282E+04
5.00000E-04	8.14607E+00	1.96727E+04
5.00000E-04	8.42697E+00	2.12940E+04
5.00000E-04	8.70787E+00	2.28503E+04
5.00000E-04	8.98876E+00	2.43530E+04
5.00000E-04	9.26966E+00	2.59751E+04
5.00000E-04	9.55056E+00	2.77411E+04
5.00000E-04	9.83146E+00	2.92516E+04
5.00000E-04	1.01124E+01	3.09273E+04
5.00000E-04	1.03933E+01	3.26918E+04
5.00000E-04	1.06742E+01	3.45009E+04
5.00000E-04	1.09551E+01	3.65551E+04
5.00000E-04	1.12360E+01	3.89384E+04
5.00000E-04	1.15169E+01	4.15548E+04
5.00000E-04	1.17978E+01	4.46327E+04
5.00000E-04	1.20787E+01	4.83014E+04
5.00000E-04	1.23596E+01	5.26082E+04
5.00000E-04	1.26404E+01	5.74835E+04
5.00000E-04	1.29213E+01	6.32708E+04
5.00000E-04	1.32022E+01	6.97574E+04
5.00000E-04	1.34831E+01	7.55355E+04
5.00000E-04	1.37640E+01	8.14206E+04
5.00000E-04	1.40449E+01	8.78002E+04
5.00000E-04	1.43258E+01	9.42071E+04
5.00000E-04	1.46067E+01	1.00929E+05
5.00000E-04	1.48876E+01	1.07411E+05
5.00000E-04	1.51685E+01	1.13841E+05
5.00000E-04	1.54494E+01	1.19860E+05
5.00000E-04	1.57303E+01	1.25411E+05
5.00000E-04	1.60112E+01	1.30536E+05
5.00000E-04	1.62921E+01	1.35206E+05
5.00000E-04	1.65730E+01	1.39639E+05
5.00000E-04	1.68539E+01	1.43391E+05
5.00000E-04	1.71348E+01	1.46971E+05
5.00000E-04	1.74157E+01	1.49944E+05
5.00000E-04	1.76966E+01	1.52843E+05
5.00000E-04	1.79775E+01	1.55450E+05
5.00000E-04	1.82584E+01	1.57954E+05
5.00000E-04	1.85393E+01	1.60054E+05
5.00000E-04	1.88202E+01	1.61998E+05
5.00000E-04	1.91011E+01	1.63803E+05
5.00000E-04	1.93820E+01	1.65167E+05
5.00000E-04	1.96629E+01	1.65417E+05
5.00000E-04	1.99438E+01	1.64691E+05
5.00000E-04	2.02247E+01	1.63736E+05
5.00000E-04	2.05056E+01	1.62688E+05
5.00000E-04	2.07865E+01	1.61613E+05
5.00000E-04	2.10674E+01	1.60304E+05
5.00000E-04	2.13483E+01	1.58834E+05
5.00000E-04	2.16292E+01	1.57220E+05
5.00000E-04	2.19101E+01	1.55539E+05
5.00000E-04	2.21910E+01	1.53905E+05
5.00000E-04	2.24719E+01	1.52298E+05
5.00000E-04	2.27528E+01	1.50649E+05
5.00000E-04	2.30337E+01	1.49022E+05
5.00000E-04	2.33146E+01	1.47429E+05
5.00000E-04	2.35955E+01	1.45850E+05
5.00000E-04	2.38764E+01	1.44273E+05
5.00000E-04	2.41573E+01	1.42750E+05
5.00000E-04	2.44382E+01	1.41226E+05
5.00000E-04	2.47191E+01	1.39752E+05
5.00000E-04	2.50000E+01	1.38267E+05
1.00000E-03	0.00000E+00	2.24759E+03
1.00000E-03	2.80899E-01	3.03741E+02
1.00000E-03	5.61798E-01	1.05156E+03
1.00000E-03	8.42697E-01	1.33438E+03
1.00000E-03	1.12360E+00	1.16988E+03
1.00000E-03	1.40449E+00	1.05730E+03
1.00000E-03	1.68539E+00	9.67581E+02
1.00000E-03	1.96629E+00	9.09418E+02
1.00000E-03	2.24719E+00	8.83550E+02
1.00000E-03	2.52809E+00	8.77919E+02
1.00000E-03	2.80899E+00	8.91914E+02
1.00000E-03	3.08989E+00	9.21072E+02
1.00000E-03	3.37079E+00	9.70562E+02
1.00000E-03	3.65169E+00	1.04254E+03
1.00000E-03	3.93258E+00	1.12583E+03
1.00000E-03	4.21348E+00	1.30096E+03
1.00000E-03	4.49438E+00	1.53272E+03
1.00000E-03	4.77528E+00	1.81002E+03
1.00000E-03	5.05618E+00	2.11035E+03
1.00000E-03	5.33708E+00	2.50892E+03
1.00000E-03	5.61798E+00	3.00342E+03
1.00000E-03	5.89888E+00	3.71068E+03
1.00000E-03	6.17978E+00	4.73772E+03
1.00000E-03	6.46067E+00	5.96590E+03
1.00000E-03	6.74157E+00	7.91833E+03
1.00000E-03	7.02247E+00	1.01942E+04
1.00000E-03	7.30337E+00	1.30688E+04
1.00000E-03	7.58427E+00	1.57529E+04
1.00000E-03	7.86517E+00	1.79282E+04
1.00000E-03	8.14607E+00	1.96727E+04
1.00000E-03	8.42697E+00	2.12940E+04
1.00000E-03	8.70787E+00	2.28503E+04
1.00000E-03	8.98876E+00	2.43545E+04
1.00000E-03	9.26966E+00	2.59751E+04
1.00000E-03	9.55056E+00	2.77411E+04
1.00000E-03	9.83146E+00	2.92516E+04
1.00000E-03	1.01124E+01	3.09273E+04
1.00000E-03	1.03933E+01	3.26912E+04
1.00000E-03	1.06742E+01	3.45009E+04
1.00000E-03	1.09551E+01	3.65551E+04
1.00000E-03	1.12360E+01	3.89384E+04
1.00000E-03	1.15169E+01	4.15548E+04
1.00000E-03	1.17978E+01	4.46327E+04
1.00000E-03	1.20787E+01	4.83011E+04
1.00000E-03	1.23596E+01	5.26082E+04
1.00000E-03	1.26404E+01	5.74835E+04
1.00000E-03	1.29213E+01	6.32712E+04
1.00000E-03	1.32022E+01	6.97574E+04
1.00000E-03	1.34831E+01	7.55355E+04
1.00000E-03	1.37640E+01	8.14207E+04
1.00000E-03	1.40449E+01	8.78002E+04
1.00000E-03	1.43258E+01	9.42071E+04
1.00000E-03	1.46067E+01	1.00929E+05
1.00000E-03	1.48876E+01	1.07411E+05
1.00000E-03	1.51685E+01	1.13841E+05
1.00000E-03	1.54494E+01	1.19860E+05
1.00000E-03	1.57303E+01	1.25411E+05
1.00000E-03	1.60112E+01	1.30536E+05
1.00000E-03	1.62921E+01	1.35206E+05
1.00000E-03	1.65730E+01	1.39639E+05
1.00000E-03	1.68539E+01	1.43391E+05
1.00000E-03	1.71348E+01	1.46971E+05
1.00000E-03	1.74157E+01	1.49948E+05
1.00000E-03	1.76966E+01	1.52843E+05
1.00000E-03	1.79775E+01	1.55450E+05
1.00000E-03	1.82584E+01	1.57954E+05
1.00000E-03	1.85393E+01	1.60054E+05
1.00000E-03	1.88202E+01	1.61998E+05
1.00000E-03	1.91011E+01	1.63806E+05
1.00000E-03	1.93820E+01	1.65167E+05
1.00000E-03	1.96629E+01	1.65417E+05
1.00000E-03	1.99438E+01	1.64675E+05
1.00000E-03	2.02247E+01	1.63736E+05
1.00000E-03	2.05056E+01	1.62688E+05
1.00000E-03	2.07865E+01	1.61613E+05
1.00000E-03	2.10674E+01	1.60304E+05
1.00000E-03	2.13483E+01	1.58834E+05
1.00000E-03	2.16292E+01	1.57220E+05
1.00000E-03	2.19101E+01	1.55539E+05
1.00000E-03	2.21910E+01	1.53905E+05
1.00000E-03	2.24719E+01	1.52298E+05
1.00000E-03	2.27528E+01	1.50649E+05
1.00000E-03	2.30337E+01	1.49022E+05
1.00000E-03	2.33146E+01	1.47429E+05
1.00000E-03	2.35955E+01	1.45850E+05
1.00000E-03	2.38764E+01	1.44273E+05
1.00000E-03	2.41573E+01	1.42750E+05
1.00000E-03	2.44382E+01	1.41226E+05
1.00000E-03	2.47191E+01	1.39752E+05
1.00000E-03	2.50000E+01	1.38267E+05
5.00000E-03	0.00000E+00	1.08437E+03
5.00000E-03	2.80899E-01	3.03741E+02
5.00000E-03	5.61798E-01	1.05153E+03
5.00000E-03	8.42697E-01	1.33439E+03
5.00000E-03	1.12360E+00	1.16979E+03
5.00000E-03	1.40449E+00	1.05723E+03
5.00000E-03	1.68539E+00	9.67590E+02
5.00000E-03	1.96629E+00	9.09389E+02
5.00000E-03	2.24719E+00	8.83480E+02
5.00000E-03	2.52809E+00	8.77910E+02
5.00000E-03	2.80899E+00	8.91902E+02
5.00000E-03	3.08989E+00	9.21247E+02
5.00000E-03	3.37079E+00	9.70623E+02
5.00000E-03	3.65169E+00	1.04216E+03
5.00000E-03	3.93258E+00	1.12634E+03
5.00000E-03	4.21348E+00	1.30076E+03
5.00000E-03	4.49438E+00	1.53151E+03
5.00000E-03	4.77528E+00	1.80890E+03
5.00000E-03	5.05618E+00	2.11158E+03
5.00000E-03	5.33708E+00	2.50819E+03
5.00000E-03	5.61798E+00	3.00432E+03
5.00000E-03	5.89888E+00	3.70772E+03
5.00000E-03	6.17978E+00	4.73516E+03
5.00000E-03	6.46067E+00	5.96626E+03
5.00000E-03	6.74157E+00	7.90773E+03
5.00000E-03	7.02247E+00	1.01873E+04
5.00000E-03	7.30337E+00	1.30687E+04
5.00000E-03	7.58427E+00	1.57520E+04
5.00000E-03	7.86517E+00	1.79310E+04
5.00000E-03	8.14607E+00	1.96659E+04
5.00000E-03	8.42697E+00	2.12933E+04
5.00000E-03	8.70787E+00	2.28505E+04
5.00000E-03	8.98876E+00	2.43558E+04
5.00000E-03	9.26966E+00	2.59706E+04
5.00000E-03	9.55056E+00	2.77410E+04
5.00000E-03	9.83146E+00	2.92493E+04
5.00000E-03	1.01124E+01	3.09254E+04
5.00000E-03	1.03933E+01	3.26907E+04
5.00000E-03	1.06742E+01	3.45006E+04
5.00000E-03	1.09551E+01	3.65555E+04
5.00000E-03	1.12360E+01	3.89212E+04
5.00000E-03	1.15169E+01	4.15438E+04
5.00000E-03	1.17978E+01	4.46332E+04
5.00000E-03	1.20787E+01	4.82720E+04
5.00000E-03	1.23596E+01	5.26070E+04
5.00000E-03	1.26404E+01	5.74850E+04
5.00000E-03	1.29213E+01	6.33125E+04
5.00000E-03	1.32022E+01	6.97566E+04
5.00000E-03	1.34831E+01	7.55556E+04
5.00000E-03	1.37640E+01	8.14584E+04
5.00000E-03	1.40449E+01	8.77993E+04
5.00000E-03	1.43258E+01	9.42078E+04
5.00000E-03	1.46067E+01	1.00929E+05
5.00000E-03	1.48876E+01	1.07417E+05
5.00000E-03	1.51685E+01	1.13841E+05
5.00000E-03	1.54494E+01	1.19860E+05
5.00000E-03	1.57303E+01	1.25409E+05
5.00000E-03	1.60112E+01	1.30537E+05
5.00000E-03	1.62921E+01	1.35214E+05
5.00000E-03	1.65730E+01	1.39631E+05
5.00000E-03	1.68539E+01	1.43391E+05
5.00000E-03	1.71348E+01	1.46971E+05
5.00000E-03	1.74157E+01	1.49988E+05
5.00000E-03	1.76966E+01	1.52853E+05
5.00000E-03	1.79775E+01	1.55450E+05
5.00000E-03	1.82584E+01	1.57950E+05
5.00000E-03	1.85393E+01	1.60054E+05
5.00000E-03	1.88202E+01	1.62001E+05
5.00000E-03	1.91011E+01	1.63813E+05
5.00000E-03	1.93820E+01	1.65168E+05
5.00000E-03	1.96629E+01	1.65417E+05
5.00000E-03	1.99438E+01	1.64653E+05
5.00000E-03	2.02247E+01	1.63736E+05
5.00000E-03	2.05056E+01	1.62690E+05
5.00000E-03	2.07865E+01	1.61609E+05
5.00000E-03	2.10674E+01	1.60304E+05
5.00000E-03	2.13483E+01	1.58834E+05
5.00000E-03	2.16292E+01	1.57220E+05
5.00000E-03	2.19101E+01	1.55539E+05
5.00000E-03	2.21910E+01	1.53905E+05
5.00000E-03	2.24719E+01	1.52298E+05
5.00000E-03	2.27528E+01	1.50649E+05
5.00000E-03	2.30337E+01	1.49021E+05
5.00000E-03	2.33146E+01	1.47427E+05
5.00000E-03	2.35955E+01	1.45850E+05
5.00000E-03	2.38764E+01	1.44274E+05
5.00000E-03	2.41573E+01	1.42746E+05
5.00000E-03	2.44382E+01	1.41226E+05
5.00000E-03	2.47191E+01	1.39752E+05
5.00000E-03	2.50000E+01	1.38267E+05
1.00000E-02	0.00000E+00	9.44025E+02
1.00000E-02	2.80899E-01	3.03742E+02
1.00000E-02	5.61798E-01	1.05142E+03
1.00000E-02	8.42697E-01	1.33438E+03
1.00000E-02	1.12360E+00	1.16979E+03
1.00000E-02	1.40449E+00	1.05723E+03
1.00000E-02	1.68539E+00	9.67590E+02
1.00000E-02	1.96629E+00	9.09389E+02
1.00000E-02	2.24719E+00	8.83479E+02
1.00000E-02	2.52809E+00	8.77911E+02
1.00000E-02	2.80899E+00	8.91903E+02
1.00000E-02	3.08989E+00	9.21251E+02
1.00000E-02	3.37079E+00	9.70623E+02
1.00000E-02	3.65169E+00	1.04213E+03
1.00000E-02	3.93258E+00	1.12639E+03
1.00000E-02	4.21348E+00	1.30076E+03
1.00000E-02	4.49438E+00	1.53128E+03
1.00000E-02	4.77528E+00	1.80876E+03
1.00000E-02	5.05618E+00	2.11168E+03
1.00000E-02	5.33708E+00	2.50795E+03
1.00000E-02	5.61798E+00	3.00474E+03
1.00000E-02	5.89888E+00	3.70736E+03
1.00000E-02	6.17978E+00	4.73364E+03
1.00000E-02	6.46067E+00	5.96656E+03
1.00000E-02	6.74157E+00	7.90523E+03
1.00000E-02	7.02247E+00	1.01852E+04
1.00000E-02	7.30337E+00	1.30684E+04
1.00000E-02	7.58427E+00	1.57519E+04
1.00000E-02	7.86517E+00	1.79322E+04
1.00000E-02	8.14607E+00	1.96593E+04
1.00000E-02	8.42697E+00	2.12904E+04
1.00000E-02	8.70787E+00	2.28516E+04
1.00000E-02	8.98876E+00	2.43561E+04
1.00000E-02	9.26966E+00	2.59658E+04
1.00000E-02	9.55056E+00	2.77406E+04
1.00000E-02	9.83146E+00	2.92438E+04
1.00000E-02	1.01124E+01	3.09196E+04
1.00000E-02	1.03933E+01	3.26910E+04
1.00000E-02	1.06742E+01	3.44975E+04
1.00000E-02	1.09551E+01	3.65604E+04
1.00000E-02	1.12360E+01	3.89071E+04
1.00000E-02	1.15169E+01	4.15313E+04
1.00000E-02	1.17978E+01	4.46323E+04
1.00000E-02	1.20787E+01	4.82567E+04
1.00000E-02	1.23596E+01	5.25953E+04
1.00000E-02	1.26404E+01	5.74986E+04
1.00000E-02	1.29213E+01	6.33342E+04
1.00000E-02	1.32022E+01	6.97581E+04
1.00000E-02	1.34831E+01	7.55784E+04
1.00000E-02	1.37640E+01	8.14891E+04
1.00000E-02	1.40449E+01	8.77870E+04
1.00000E-02	1.43258E+01	9.42170E+04
1.00000E-02	1.46067E+01	1.00929E+05
1.00000E-02	1.48876E+01	1.07435E+05
1.00000E-02	1.51685E+01	1.13844E+05
1.00000E-02	1.54494E+01	1.19860E+05
1.00000E-02	1.57303E+01	1.25394E+05
1.00000E-02	1.60112E+01	1.30550E+05
1.00000E-02	1.62921E+01	1.35226E+05
1.00000E-02	1.65730E+01	1.39608E+05
1.00000E-02	1.68539E+01	1.43392E+05
1.00000E-02	1.71348E+01	1.46970E+05
1.00000E-02	1.74157E+01	1.49998E+05
1.00000E-02	1.76966E+01	1.52863E+05
1.00000E-02	1.79775E+01	1.55450E+05
1.00000E-02	1.82584E+01	1.57922E+05
1.00000E-02	1.85393E+01	1.60056E+05
1.00000E-02	1.88202E+01	1.62013E+05
1.00000E-02	1.91011E+01	1.63813E+05
1.00000E-02	1.93820E+01	1.65174E+05
1.00000E-02	1.96629E+01	1.65417E+05
1.00000E-02	1.99438E+01	1.64650E+05
1.00000E-02	2.02247E+01	1.63733E+05
1.00000E-02	2.05056E+01	1.62695E+05
1.00000E-02	2.07865E+01	1.61596E+05
1.00000E-02	2.10674E+01	1.60306E+05
1.00000E-02	2.13483E+01	1.58834E+05
1.00000E-02	2.16292E+01	1.57222E+05
1.00000E-02	2.19101E+01	1.55539E+05
1.00000E-02	2.21910E+01	1.53905E+05
1.00000E-02	2.24719E+01	1.52297E+05
1.00000E-02	2.27528E+01	1.50650E+05
1.00000E-02	2.30337E+01	1.49017E+05
1.00000E-02	2.33146E+01	1.47423E+05
1.00000E-02	2.35955E+01	1.45851E+05
1.00000E-02	2.38764E+01	1.44277E+05
1.00000E-02	2.41573E+01	1.42740E+05
1.00000E-02	2.44382E+01	1.41226E+05
1.00000E-02	2.47191E+01	1.39752E+05
1.00000E-02	2.50000E+01	1.38267E+05
5.00000E-02	0.00000E+00	7.84834E+02
5.00000E-02	2.80899E-01	3.03745E+02
5.00000E-02	5.61798E-01	1.04777E+03
5.00000E-02	8.42697E-01	1.33423E+03
5.00000E-02	1.12360E+00	1.16982E+03
5.00000E-02	1.40449E+00	1.05722E+03
5.00000E-02	1.68539E+00	9.67593E+02
5.00000E-02	1.96629E+00	9.09412E+02
5.00000E-02	2.24719E+00	8.83470E+02
5.00000E-02	2.52809E+00	8.77945E+02
5.00000E-02	2.80899E+00	8.91922E+02
5.00000E-02	3.08989E+00	9.21230E+02
5.00000E-02	3.37079E+00	9.70647E+02
5.00000E-02	3.65169E+00	1.04214E+03
5.00000E-02	3.93258E+00	1.12654E+03
5.00000E-02	4.21348E+00	1.30081E+03
5.00000E-02	4.49438E+00	1.53123E+03
5.00000E-02	4.77528E+00	1.80880E+03
5.00000E-02	5.05618E+00	2.11174E+03
5.00000E-02	5.33708E+00	2.50803E+03
5.00000E-02	5.61798E+00	3.00486E+03
5.00000E-02	5.89888E+00	3.70736E+03
5.00000E-02	6.17978E+00	4.73345E+03
5.00000E-02	6.46067E+00	5.96727E+03
5.00000E-02	6.74157E+00	7.90497E+03
5.00000E-02	7.02247E+00	1.01853E+04
5.00000E-02	7.30337E+00	1.30683E+04
5.00000E-02	7.58427E+00	1.57519E+04
5.00000E-02	7.86517E+00	1.79319E+04
5.00000E-02	8.14607E+00	1.96566E+04
5.00000E-02	8.42697E+00	2.12891E+04
5.00000E-02	8.70787E+00	2.28525E+04
5.00000E-02	8.98876E+00	2.43565E+04
5.00000E-02	9.26966E+00	2.59650E+04
5.00000E-02	9.55056E+00	2.77398E+04
5.00000E-02	9.83146E+00	2.92411E+04
5.00000E-02	1.01124E+01	3.09163E+04
5.00000E-02	1.03933E+01	3.26916E+04
5.00000E-02	1.06742E+01	3.44912E+04
5.00000E-02	1.09551E+01	3.65721E+04
5.00000E-02	1.12360E+01	3.88978E+04
5.00000E-02	1.15169E+01	4.15242E+04
5.00000E-02	1.17978E+01	4.46324E+04
5.00000E-02	1.20787E+01	4.82502E+04
5.00000E-02	1.23596E+01	5.25727E+04
5.00000E-02	1.26404E+01	5.75253E+04
5.00000E-02	1.29213E+01	6.33442E+04
5.00000E-02	1.32022E+01	6.97580E+04
5.00000E-02	1.34831E+01	7.55920E+04
5.00000E-02	1.37640E+01	8.15105E+04
5.00000E-02	1.40449E+01	8.77583E+04
5.00000E-02	1.43258E+01	9.42355E+04
5.00000E-02	1.46067E+01	1.00906E+05
5.00000E-02	1.48876E+01	1.07446E+05
5.00000E-02	1.51685E+01	1.13850E+05
5.00000E-02	1.54494E+01	1.19842E+05
5.00000E-02	1.57303E+01	1.25369E+05
5.00000E-02	1.60112E+01	1.30576E+05
5.00000E-02	1.62921E+01	1.35230E+05
5.00000E-02	1.65730E+01	1.39585E+05
5.00000E-02	1.68539E+01	1.43396E+05
5.00000E-02	1.71348E+01	1.46932E+05
5.00000E-02	1.74157E+01	1.50001E+05
5.00000E-02	1.76966E+01	1.52866E+05
5.00000E-02	1.79775E+01	1.55445E+05
5.00000E-02	1.82584E+01	1.57850E+05
5.00000E-02	1.85393E+01	1.60063E+05
5.00000E-02	1.88202E+01	1.62026E+05
5.00000E-02	1.91011E+01	1.63813E+05
5.00000E-02	1.93820E+01	1.65233E+05
5.00000E-02	1.96629E+01	1.65411E+05
5.00000E-02	1.99438E+01	1.64647E+05
5.00000E-02	2.02247E+01	1.63718E+05
5.00000E-02	2.05056E+01	1.62698E+05
5.00000E-02	2.07865E+01	1.61570E+05
5.00000E-02	2.10674E+01	1.60329E+05
5.00000E-02	2.13483E+01	1.58825E+05
5.00000E-02	2.16292E+01	1.57233E+05
5.00000E-02	2.19101E+01	1.55550E+05
5.00000E-02	2.21910E+01	1.53899E+05
5.00000E-02	2.24719E+01	1.52292E+05
5.00000E-02	2.27528E+01	1.50660E+05
5.00000E-02	2.30337E+01	1.49007E+05
5.00000E-02	2.33146E+01	1.47419E+05
5.00000E-02	2.35955E+01	1.45861E+05
5.00000E-02	2.38764E+01	1.44284E+05
5.00000E-02	2.41573E+01	1.42732E+05
5.00000E-02	2.44382E+01	1.41228E+05
5.00000E-02	2.47191E+01	1.39743E+05
5.00000E-02	2.50000E+01	1.38267E+05
1.00000E-01	0.00000E+00	6.65465E+02
1.00000E-01	2.80899E-01	3.03681E+02
1.00000E-01	5.61798E-01	1.03623E+03
1.00000E-01	8.42697E-01	1.33383E+03
1.00000E-01	1.12360E+00	1.16974E+03
1.00000E-01	1.40449E+00	1.05722E+03
1.00000E-01	1.68539E+00	9.67601E+02
1.00000E-01	1.96629E+00	9.09472E+02
1.00000E-01	2.24719E+00	8.83449E+02
1.00000E-01	2.52809E+00	8.78027E+02
1.00000E-01	2.80899E+00	8.91976E+02
1.00000E-01	3.08989E+00	9.21194E+02
1.00000E-01	3.37079E+00	9.70727E+02
1.00000E-01	3.65169E+00	1.04218E+03
1.00000E-01	3.93258E+00	1.12689E+03
1.00000E-01	4.21348E+00	1.30095E+03
1.00000E-01	4.49438E+00	1.53120E+03
1.00000E-01	4.77528E+00	1.80893E+03
1.00000E-01	5.05618E+00	2.11199E+03
1.00000E-01	5.33708E+00	2.50825E+03
1.00000E-01	5.61798E+00	3.00514E+03
1.00000E-01	5.89888E+00	3.70761E+03
1.00000E-01	6.17978E+00	4.73354E+03
1.00000E-01	6.46067E+00	5.96925E+03
1.00000E-01	6.74157E+00	7.90581E+03
1.00000E-01	7.02247E+00	1.01863E+04
1.00000E-01	7.30337E+00	1.30682E+04
1.00000E-01	7.58427E+00	1.57518E+04
1.00000E-01	7.86517E+00	1.79311E+04
1.00000E-01	8.14607E+00	1.96567E+04
1.00000E-01	8.42697E+00	2.12892E+04
1.00000E-01	8.70787E+00	2.28521E+04
1.00000E-01	8.98876E+00	2.43568E+04
1.00000E-01	9.26966E+00	2.59657E+04
1.00000E-01	9.55056E+00	2.77386E+04
1.00000E-01	9.83146E+00	2.92415E+04
1.00000E-01	1.01124E+01	3.09168E+04
1.00000E-01	1.03933E+01	3.26919E+04
1.00000E-01	1.06742E+01	3.44915E+04
1.00000E-01	1.09551E+01	3.65723E+04
1.00000E-01	1.12360E+01	3.88987E+04
1.00000E-01	1.15169E+01	4.15253E+04
1.00000E-01	1.17978E+01	4.46332E+04
1.00000E-01	1.20787E+01	4.82516E+04
1.00000E-01	1.23596E+01	5.25734E+04
1.00000E-01	1.26404E+01	5.75260E+04
1.00000E-01	1.29213E+01	6.33449E+04
1.00000E-01	1.32022E+01	6.97567E+04
1.00000E-01	1.34831E+01	7.55928E+04
1.00000E-01	1.37640E+01	8.15116E+04
1.00000E-01	1.40449E+01	8.77591E+04
1.00000E-01	1.43258E+01	9.42363E+04
1.00000E-01	1.46067E+01	1.00904E+05
1.00000E-01	1.48876E+01	1.07447E+05
1.00000E-01	1.51685E+01	1.13850E+05
1.00000E-01	1.54494E+01	1.19841E+05
1.00000E-01	1.57303E+01	1.25369E+05
1.00000E-01	1.60112E+01	1.30576E+05
1.00000E-01	1.62921E+01	1.35230E+05
1.00000E-01	1.65730E+01	1.39584E+05
1.00000E-01	1.68539E+01	1.43397E+05
1.00000E-01	1.71348E+01	1.46929E+05
1.00000E-01	1.74157E+01	1.50001E+05
1.00000E-01	1.76966E+01	1.52866E+05
1.00000E-01	1.79775E+01	1.55445E+05
1.00000E-01	1.82584E+01	1.57849E+05
1.00000E-01	1.85393E+01	1.60063E+05
1.00000E-01	1.88202E+01	1.62026E+05
1.00000E-01	1.91011E+01	1.63813E+05
1.00000E-01	1.93820E+01	1.65233E+05
1.00000E-01	1.96629E+01	1.65410E+05
1.00000E-01	1.99438E+01	1.64646E+05
1.00000E-01	2.02247E+01	1.63718E+05
1.00000E-01	2.05056E+01	1.62698E+05
1.00000E-01	2.07865E+01	1.61569E+05
1.00000E-01	2.10674E+01	1.60329E+05
1.00000E-01	2.13483E+01	1.58825E+05
1.00000E-01	2.16292E+01	1.57233E+05
1.00000E-01	2.19101E+01	1.55551E+05
1.00000E-01	2.21910E+01	1.53898E+05
1.00000E-01	2.24719E+01	1.52292E+05
1.00000E-01	2.27528E+01	1.50660E+05
1.00000E-01	2.30337E+01	1.49007E+05
1.00000E-01	2.33146E+01	1.47419E+05
1.00000E-01	2.35955E+01	1.45861E+05
1.00000E-01	2.38764E+01	1.44284E+05
1.00000E-01	2.41573E+01	1.42732E+05
1.00000E-01	2.44382E+01	1.41228E+05
1.00000E-01	2.47191E+01	1.39742E+05
1.00000E-01	2.50000E+01	1.38267E+05
2.00000E-01	0.00000E+00	5.53245E+02
2.00000E-01	2.80899E-01	3.02908E+02
2.00000E-01	5.61798E-01	1.00347E+03
2.00000E-01	8.42697E-01	1.33236E+03
2.00000E-01	1.12360E+00	1.16894E+03
2.00000E-01	1.40449E+00	1.05718E+03
2.00000E-01	1.68539E+00	9.67612E+02
2.00000E-01	1.96629E+00	9.09659E+02
2.00000E-01	2.24719E+00	8.83428E+02
2.00000E-01	2.52809E+00	8.78241E+02
2.00000E-01	2.80899E+00	8.92146E+02
2.00000E-01	3.08989E+00	9.21177E+02
2.00000E-01	3.37079E+00	9.71070E+02
2.00000E-01	3.65169E+00	1.04237E+03
2.00000E-01	3.93258E+00	1.12783E+03
2.00000E-01	4.21348E+00	1.30153E+03
2.00000E-01	4.49438E+00	1.53136E+03
2.00000E-01	4.77528E+00	1.80929E+03
2.00000E-01	5.05618E+00	2.11301E+03
2.00000E-01	5.33708E+00	2.50885E+03
2.00000E-01	5.61798E+00	3.00637E+03
2.00000E-01	5.89888E+00	3.70941E+03
2.00000E-01	6.17978E+00	4.73417E+03
2.00000E-01	6.46067E+00	5.97579E+03
2.00000E-01	6.74157E+00	7.90849E+03
2.00000E-01	7.02247E+00	1.01909E+04
2.00000E-01	7.30337E+00	1.30682E+04
2.00000E-01	7.58427E+00	1.57513E+04
2.00000E-01	7.86517E+00	1.79282E+04
2.00000E-01	8.14607E+00	1.96574E+04
2.00000E-01	8.42697E+00	2.12894E+04
2.00000E-01	8.70787E+00	2.28511E+04
2.00000E-01	8.98876E+00	2.43585E+04
2.00000E-01	9.26966E+00	2.59683E+04
2.00000E-01	9.55056E+00	2.77350E+04
2.00000E-01	9.83146E+00	2.92427E+04
2.00000E-01	1.01124E+01	3.09187E+04
2.00000E-01	1.03933E+01	3.26931E+04
2.00000E-01	1.06742E+01	3.44930E+04
2.00000E-01	1.09551E+01	3.65734E+04
2.00000E-01	1.12360E+01	3.89019E+04
2.00000E-01	1.15169E+01	4.15295E+04
2.00000E-01	1.17978E+01	4.46363E+04
2.00000E-01	1.20787E+01	4.82567E+04
2.00000E-01	1.23596E+01	5.25763E+04
2.00000E-01	1.26404E+01	5.75292E+04
2.00000E-01	1.29213E+01	6.33478E+04
2.00000E-01	1.32022E+01	6.97522E+04
2.00000E-01	1.34831E+01	7.55962E+04
2.00000E-01	1.37640E+01	8.15161E+04
2.00000E-01	1.40449E+01	8.77623E+04
2.00000E-01	1.43258E+01	9.42394E+04
2.00000E-01	1.46067E+01	1.00905E+05
2.00000E-01	1.48876E+01	1.07449E+05
2.00000E-01	1.51685E+01	1.13849E+05
2.00000E-01	1.54494E+01	1.19839E+05
2.00000E-01	1.57303E+01	1.25370E+05
2.00000E-01	1.60112E+01	1.30573E+05
2.00000E-01	1.62921E+01	1.35231E+05
2.00000E-01	1.65730E+01	1.39582E+05
2.00000E-01	1.68539E+01	1.43398E+05
2.00000E-01	1.71348E+01	1.46926E+05
2.00000E-01	1.74157E+01	1.50001E+05
2.00000E-01	1.76966E+01	1.52865E+05
2.00000E-01	1.79775E+01	1.55444E+05
2.00000E-01	1.82584E+01	1.57849E+05
2.00000E-01	1.85393E+01	1.60062E+05
2.00000E-01	1.88202E+01	1.62027E+05
2.00000E-01	1.91011E+01	1.63812E+05
2.00000E-01	1.93820E+01	1.65226E+05
2.00000E-01	1.96629E+01	1.65406E+05
2.00000E-01	1.99438E+01	1.64646E+05
2.00000E-01	2.02247E+01	1.63716E+05
2.00000E-01	2.05056E+01	1.62698E+05
2.00000E-01	2.07865E+01	1.61569E+05
2.00000E-01	2.10674E+01	1.60327E+05
2.00000E-01	2.13483E+01	1.58825E+05
2.00000E-01	2.16292E+01	1.57232E+05
2.00000E-01	2.19101E+01	1.55551E+05
2.00000E-01	2.21910E+01	1.53898E+05
2.00000E-01	2.24719E+01	1.52291E+05
2.00000E-01	2.27528E+01	1.50660E+05
2.00000E-01	2.30337E+01	1.49007E+05
2.00000E-01	2.33146E+01	1.47419E+05
2.00000E-01	2.35955E+01	1.45861E+05
2.00000E-01	2.38764E+01	1.44284E+05
2.00000E-01	2.41573E+01	1.42732E+05
2.00000E-01	2.44382E+01	1.41228E+05
2.00000E-01	2.47191E+01	1.39742E+05
2.00000E-01	2.50000E+01	1.38267E+05
2.50000E-01	0.00000E+00	5.21797E+02
2.50000E-01	2.80899E-01	3.01924E+02
2.50000E-01	5.61798E-01	9.90509E+02
2.50000E-01	8.42697E-01	1.33119E+03
2.50000E-01	1.12360E+00	1.16832E+03
2.50000E-01	1.40449E+00	1.05714E+03
2.50000E-01	1.68539E+00	9.67612E+02
2.50000E-01	1.96629E+00	9.09775E+02
2.50000E-01	2.24719E+00	8.83443E+02
2.50000E-01	2.52809E+00	8.78361E+02
2.50000E-01	2.80899E+00	8.92249E+02
2.50000E-01	3.08989E+00	9.21216E+02
2.50000E-01	3.37079E+00	9.71318E+02
2.50000E-01	3.65169E+00	1.04251E+03
2.50000E-01	3.93258E+00	1.12841E+03
2.50000E-01	4.21348E+00	1.30193E+03
2.50000E-01	4.49438E+00	1.53162E+03
2.50000E-01	4.77528E+00	1.80953E+03
2.50000E-01	5.05618E+00	2.11373E+03
2.50000E-01	5.33708E+00	2.50923E+03
2.50000E-01	5.61798E+00	3.00737E+03
2.50000E-01	5.89888E+00	3.71098E+03
2.50000E-01	6.17978E+00	4.73481E+03
2.50000E-01	6.46067E+00	5.98014E+03
2.50000E-01	6.74157E+00	7.91025E+03
2.50000E-01	7.02247E+00	1.01946E+04
2.50000E-01	7.30337E+00	1.30684E+04
2.50000E-01	7.58427E+00	1.57509E+04
2.50000E-01	7.86517E+00	1.79262E+04
2.50000E-01	8.14607E+00	1.96580E+04
2.50000E-01	8.42697E+00	2.12895E+04
2.50000E-01	8.70787E+00	2.28509E+04
2.50000E-01	8.98876E+00	2.43597E+04
2.50000E-01	9.26966E+00	2.59701E+04
2.50000E-01	9.55056E+00	2.77328E+04
2.50000E-01	9.83146E+00	2.92436E+04
2.50000E-01	1.01124E+01	3.09201E+04
2.50000E-01	1.03933E+01	3.26940E+04
2.50000E-01	1.06742E+01	3.44942E+04
2.50000E-01	1.09551E+01	3.65744E+04
2.50000E-01	1.12360E+01	3.89041E+04
2.50000E-01	1.15169E+01	4.15327E+04
2.50000E-01	1.17978E+01	4.46386E+04
2.50000E-01	1.20787E+01	4.82603E+04
2.50000E-01	1.23596E+01	5.25785E+04
2.50000E-01	1.26404E+01	5.75322E+04
2.50000E-01	1.29213E+01	6.33502E+04
2.50000E-01	1.32022E+01	6.97491E+04
2.50000E-01	1.34831E+01	7.55990E+04
2.50000E-01	1.37640E+01	8.15192E+04
2.50000E-01	1.40449E+01	8.77647E+04
2.50000E-01	1.43258E+01	9.42418E+04
2.50000E-01	1.46067E+01	1.00905E+05
2.50000E-01	1.48876E+01	1.07450E+05
2.50000E-01	1.51685E+01	1.13849E+05
2.50000E-01	1.54494E+01	1.19838E+05
2.50000E-01	1.57303E+01	1.25370E+05
2.50000E-01	1.60112E+01	1.30572E+05
2.50000E-01	1.62921E+01	1.35232E+05
2.50000E-01	1.65730E+01	1.39580E+05
2.50000E-01	1.68539E+01	1.43399E+05
2.50000E-01	1.71348E+01	1.46925E+05
2.50000E-01	1.74157E+01	1.50001E+05
2.50000E-01	1.76966E+01	1.52864E+05
2.50000E-01	1.79775E+01	1.55444E+05
2.50000E-01	1.82584E+01	1.57849E+05
2.50000E-01	1.85393E+01	1.60062E+05
2.50000E-01	1.88202E+01	1.62027E+05
2.50000E-01	1.91011E+01	1.63811E+05
2.50000E-01	1.93820E+01	1.65221E+05
2.50000E-01	1.96629E+01	1.65402E+05
2.50000E-01	1.99438E+01	1.64646E+05
2.50000E-01	2.02247E+01	1.63716E+05
2.50000E-01	2.05056E+01	1.62698E+05
2.50000E-01	2.07865E+01	1.61568E+05
2.50000E-01	2.10674E+01	1.60325E+05
2.50000E-01	2.13483E+01	1.58824E+05
2.50000E-01	2.16292E+01	1.57231E+05
2.50000E-01	2.19101E+01	1.55551E+05
2.50000E-01	2.21910E+01	1.53898E+05
2.50000E-01	2.24719E+01	1.52291E+05
2.50000E-01	2.27528E+01	1.50660E+05
2.50000E-01	2.30337E+01	1.49007E+05
2.50000E-01	2.33146E+01	1.47418E+05
2.50000E-01	2.35955E+01	1.45860E+05
2.50000E-01	2.38764E+01	1.44283E+05
2.50000E-01	2.41573E+01	1.42732E+05
2.50000E-01	2.44382E+01	1.41228E+05
2.50000E-01	2.47191E+01	1.39742E+05
2.50000E-01	2.50000E+01	1.38267E+05
3.00000E-01	0.00000E+00	4.98570E+02
3.00000E-01	2.80899E-01	3.00572E+02
3.00000E-01	5.61798E-01	9.81446E+02
3.00000E-01	8.42697E-01	1.32969E+03
3.00000E-01	1.12360E+00	1.16763E+03
3.00000E-01	1.40449E+00	1.05707E+03
3.00000E-01	1.68539E+00	9.67613E+02
3.00000E-01	1.96629E+00	9.09899E+02
3.00000E-01	2.24719E+00	8.83481E+02
3.00000E-01	2.52809E+00	8.78490E+02
3.00000E-01	2.80899E+00	8.92363E+02
3.00000E-01	3.08989E+00	9.21295E+02
3.00000E-01	3.37079E+00	9.71602E+02
3.00000E-01	3.65169E+00	1.04269E+03
3.00000E-01	3.93258E+00	1.12906E+03
3.00000E-01	4.21348E+00	1.30240E+03
3.00000E-01	4.49438E+00	1.53198E+03
3.00000E-01	4.77528E+00	1.80982E+03
3.00000E-01	5.05618E+00	2.11459E+03
3.00000E-01	5.33708E+00	2.50970E+03
3.00000E-01	5.61798E+00	3.00864E+03
3.00000E-01	5.89888E+00	3.71296E+03
3.00000E-01	6.17978E+00	4.73568E+03
3.00000E-01	6.46067E+00	5.98516E+03
3.00000E-01	6.74157E+00	7.91235E+03
3.00000E-01	7.02247E+00	1.01991E+04
3.00000E-01	7.30337E+00	1.30687E+04
3.00000E-01	7.58427E+00	1.57503E+04
3.00000E-01	7.86517E+00	1.79240E+04
3.00000E-01	8.14607E+00	1.96588E+04
3.00000E-01	8.42697E+00	2.12896E+04
3.00000E-01	8.70787E+00	2.28508E+04
3.00000E-01	8.98876E+00	2.43612E+04
3.00000E-01	9.26966E+00	2.59722E+04
3.00000E-01	9.55056E+00	2.77305E+04
3.00000E-01	9.83146E+00	2.92448E+04
3.00000E-01	1.01124E+01	3.09219E+04
3.00000E-01	1.03933E+01	3.26950E+04
3.00000E-01	1.06742E+01	3.44959E+04
3.00000E-01	1.09551E+01	3.65757E+04
3.00000E-01	1.12360E+01	3.89067E+04
3.00000E-01	1.15169E+01	4.15365E+04
3.00000E-01	1.17978E+01	4.46415E+04
3.00000E-01	1.20787E+01	4.82646E+04
3.00000E-01	1.23596E+01	5.25814E+04
3.00000E-01	1.26404E+01	5.75363E+04
3.00000E-01	1.29213E+01	6.33534E+04
3.00000E-01	1.32022E+01	6.97456E+04
3.00000E-01	1.34831E+01	7.56023E+04
3.00000E-01	1.37640E+01	8.15228E+04
3.00000E-01	1.40449E+01	8.77675E+04
3.00000E-01	1.43258E+01	9.42448E+04
3.00000E-01	1.46067E+01	1.00905E+05
3.00000E-01	1.48876E+01	1.07452E+05
3.00000E-01	1.51685E+01	1.13848E+05
3.00000E-01	1.54494E+01	1.19837E+05
3.00000E-01	1.57303E+01	1.25371E+05
3.00000E-01	1.60112E+01	1.30570E+05
3.00000E-01	1.62921E+01	1.35233E+05
3.00000E-01	1.65730E+01	1.39578E+05
3.00000E-01	1.68539E+01	1.43400E+05
3.00000E-01	1.71348E+01	1.46923E+05
3.00000E-01	1.74157E+01	1.50001E+05
3.00000E-01	1.76966E+01	1.52863E+05
3.00000E-01	1.79775E+01	1.55444E+05
3.00000E-01	1.82584E+01	1.57849E+05
3.00000E-01	1.85393E+01	1.60061E+05
3.00000E-01	1.88202E+01	1.62028E+05
3.00000E-01	1.91011E+01	1.63810E+05
3.00000E-01	1.93820E+01	1.65214E+05
3.00000E-01	1.96629E+01	1.65398E+05
3.00000E-01	1.99438E+01	1.64646E+05
3.00000E-01	2.02247E+01	1.63715E+05
3.00000E-01	2.05056E+01	1.62697E+05
3.00000E-01	2.07865E+01	1.61568E+05
3.00000E-01	2.10674E+01	1.60323E+05
3.00000E-01	2.13483E+01	1.58824E+05
3.00000E-01	2.16292E+01	1.57231E+05
3.00000E-01	2.19101E+01	1.55551E+05
3.00000E-01	2.21910E+01	1.53898E+05
3.00000E-01	2.24719E+01	1.52291E+05
3.00000E-01	2.27528E+01	1.50660E+05
3.00000E-01	2.30337E+01	1.49008E+05
3.00000E-01	2.33146E+01	1.47418E+05
3.00000E-01	2.35955E+01	1.45860E+05
3.00000E-01	2.38764E+01	1.44283E+05
3.00000E-01	2.41573E+01	1.42732E+05
3.00000E-01	2.44382E+01	1.41228E+05
3.00000E-01	2.47191E+01	1.39742E+05
3.00000E-01	2.50000E+01	1.38267E+05
4.00000E-01	0.00000E+00	4.66209E+02
4.00000E-01	2.80899E-01	2.98442E+02
4.00000E-01	5.61798E-01	9.72987E+02
4.00000E-01	8.42697E-01	1.32567E+03
4.00000E-01	1.12360E+00	1.16619E+03
4.00000E-01	1.40449E+00	1.05685E+03
4.00000E-01	1.68539E+00	9.67622E+02
4.00000E-01	1.96629E+00	9.10168E+02
4.00000E-01	2.24719E+00	8.83625E+02
4.00000E-01	2.52809E+00	8.78782E+02
4.00000E-01	2.80899E+00	8.92629E+02
4.00000E-01	3.08989E+00	9.21569E+02
4.00000E-01	3.37079E+00	9.72244E+02
4.00000E-01	3.65169E+00	1.04312E+03
4.00000E-01	3.93258E+00	1.13062E+03
4.00000E-01	4.21348E+00	1.30350E+03
4.00000E-01	4.49438E+00	1.53302E+03
4.00000E-01	4.77528E+00	1.81055E+03
4.00000E-01	5.05618E+00	2.11666E+03
4.00000E-01	5.33708E+00	2.51097E+03
4.00000E-01	5.61798E+00	3.01197E+03
4.00000E-01	5.89888E+00	3.71804E+03
4.00000E-01	6.17978E+00	4.73827E+03
4.00000E-01	6.46067E+00	5.99723E+03
4.00000E-01	6.74157E+00	7.91772E+03
4.00000E-01	7.02247E+00	1.02102E+04
4.00000E-01	7.30337E+00	1.30696E+04
4.00000E-01	7.58427E+00	1.57485E+04
4.00000E-01	7.86517E+00	1.79192E+04
4.00000E-01	8.14607E+00	1.96608E+04
4.00000E-01	8.42697E+00	2.12899E+04
4.00000E-01	8.70787E+00	2.28513E+04
4.00000E-01	8.98876E+00	2.43646E+04
4.00000E-01	9.26966E+00	2.59771E+04
4.00000E-01	9.55056E+00	2.77259E+04
4.00000E-01	9.83146E+00	2.92478E+04
4.00000E-01	1.01124E+01	3.09260E+04
4.00000E-01	1.03933E+01	3.26974E+04
4.00000E-01	1.06742E+01	3.45003E+04
4.00000E-01	1.09551E+01	3.65795E+04
4.00000E-01	1.12360E+01	3.89126E+04
4.00000E-01	1.15169E+01	4.15458E+04
4.00000E-01	1.17978E+01	4.46489E+04
4.00000E-01	1.20787E+01	4.82755E+04
4.00000E-01	1.23596E+01	5.25894E+04
4.00000E-01	1.26404E+01	5.75483E+04
4.00000E-01	1.29213E+01	6.33620E+04
4.00000E-01	1.32022E+01	6.97380E+04
4.00000E-01	1.34831E+01	7.56105E+04
4.00000E-01	1.37640E+01	8.15315E+04
4.00000E-01	1.40449E+01	8.77744E+04
4.00000E-01	1.43258E+01	9.42522E+04
4.00000E-01	1.46067E+01	1.00906E+05
4.00000E-01	1.48876E+01	1.07456E+05
4.00000E-01	1.51685E+01	1.13847E+05
4.00000E-01	1.54494E+01	1.19834E+05
4.00000E-01	1.57303E+01	1.25371E+05
4.00000E-01	1.60112E+01	1.30566E+05
4.00000E-01	1.62921E+01	1.35235E+05
4.00000E-01	1.65730E+01	1.39573E+05
4.00000E-01	1.68539E+01	1.43401E+05
4.00000E-01	1.71348E+01	1.46918E+05
4.00000E-01	1.74157E+01	1.50001E+05
4.00000E-01	1.76966E+01	1.52861E+05
4.00000E-01	1.79775E+01	1.55444E+05
4.00000E-01	1.82584E+01	1.57850E+05
4.00000E-01	1.85393E+01	1.60060E+05
4.00000E-01	1.88202E+01	1.62028E+05
4.00000E-01	1.91011E+01	1.63807E+05
4.00000E-01	1.93820E+01	1.65198E+05
4.00000E-01	1.96629E+01	1.65388E+05
4.00000E-01	1.99438E+01	1.64645E+05
4.00000E-01	2.02247E+01	1.63713E+05
4.00000E-01	2.05056E+01	1.62697E+05
4.00000E-01	2.07865E+01	1.61567E+05
4.00000E-01	2.10674E+01	1.60319E+05
4.00000E-01	2.13483E+01	1.58824E+05
4.00000E-01	2.16292E+01	1.57229E+05
4.00000E-01	2.19101E+01	1.55551E+05
4.00000E-01	2.21910E+01	1.53898E+05
4.00000E-01	2.24719E+01	1.52290E+05
4.00000E-01	2.27528E+01	1.50659E+05
4.00000E-01	2.30337E+01	1.49008E+05
4.00000E-01	2.33146E+01	1.47418E+05
4.00000E-01	2.35955E+01	1.45859E+05
4.00000E-01	2.38764E+01	1.44283E+05
4.00000E-01	2.41573E+01	1.42733E+05
4.00000E-01	2.44382E+01	1.41228E+05
4.00000E-01	2.47191E+01	1.39741E+05
4.00000E-01	2.50000E+01	1.38268E+05
5.00000E-01	0.00000E+00	4.43100E+02
5.00000E-01	2.80899E-01	3.00947E+02
5.00000E-01	5.61798E-01	9.72869E+02
5.00000E-01	8.42697E-01	1.32021E+03
5.00000E-01	1.12360E+00	1.16477E+03
5.00000E-01	1.40449E+00	1.05648E+03
5.00000E-01	1.68539E+00	9.67632E+02
5.00000E-01	1.96629E+00	9.10459E+02
5.00000E-01	2.24719E+00	8.83855E+02
5.00000E-01	2.52809E+00	8.79126E+02
5.00000E-01	2.80899E+00	8.92954E+02
5.00000E-01	3.08989E+00	9.21992E+02
5.00000E-01	3.37079E+00	9.72959E+02
5.00000E-01	3.65169E+00	1.04365E+03
5.00000E-01	3.93258E+00	1.13249E+03
5.00000E-01	4.21348E+00	1.30486E+03
5.00000E-01	4.49438E+00	1.53440E+03
5.00000E-01	4.77528E+00	1.81151E+03
5.00000E-01	5.05618E+00	2.11917E+03
5.00000E-01	5.33708E+00	2.51281E+03
5.00000E-01	5.61798E+00	3.01630E+03
5.00000E-01	5.89888E+00	3.72453E+03
5.00000E-01	6.17978E+00	4.74215E+03
5.00000E-01	6.46067E+00	6.01183E+03
5.00000E-01	6.74157E+00	7.92499E+03
5.00000E-01	7.02247E+00	1.02241E+04
5.00000E-01	7.30337E+00	1.30712E+04
5.00000E-01	7.58427E+00	1.57459E+04
5.00000E-01	7.86517E+00	1.79140E+04
5.00000E-01	8.14607E+00	1.96631E+04
5.00000E-01	8.42697E+00	2.12904E+04
5.00000E-01	8.70787E+00	2.28523E+04
5.00000E-01	8.98876E+00	2.43687E+04
5.00000E-01	9.26966E+00	2.59828E+04
5.00000E-01	9.55056E+00	2.77216E+04
5.00000E-01	9.83146E+00	2.92519E+04
5.00000E-01	1.01124E+01	3.09307E+04
5.00000E-01	1.03933E+01	3.27003E+04
5.00000E-01	1.06742E+01	3.45063E+04
5.00000E-01	1.09551E+01	3.65848E+04
5.00000E-01	1.12360E+01	3.89198E+04
5.00000E-01	1.15169E+01	4.15570E+04
5.00000E-01	1.17978E+01	4.46587E+04
5.00000E-01	1.20787E+01	4.82894E+04
5.00000E-01	1.23596E+01	5.26007E+04
5.00000E-01	1.26404E+01	5.75648E+04
5.00000E-01	1.29213E+01	6.33741E+04
5.00000E-01	1.32022E+01	6.97305E+04
5.00000E-01	1.34831E+01	7.56202E+04
5.00000E-01	1.37640E+01	8.15420E+04
5.00000E-01	1.40449E+01	8.77832E+04
5.00000E-01	1.43258E+01	9.42614E+04
5.00000E-01	1.46067E+01	1.00909E+05
5.00000E-01	1.48876E+01	1.07461E+05
5.00000E-01	1.51685E+01	1.13846E+05
5.00000E-01	1.54494E+01	1.19832E+05
5.00000E-01	1.57303E+01	1.25372E+05
5.00000E-01	1.60112E+01	1.30561E+05
5.00000E-01	1.62921E+01	1.35236E+05
5.00000E-01	1.65730E+01	1.39567E+05
5.00000E-01	1.68539E+01	1.43402E+05
5.00000E-01	1.71348E+01	1.46913E+05
5.00000E-01	1.74157E+01	1.50002E+05
5.00000E-01	1.76966E+01	1.52858E+05
5.00000E-01	1.79775E+01	1.55443E+05
5.00000E-01	1.82584E+01	1.57849E+05
5.00000E-01	1.85393E+01	1.60058E+05
5.00000E-01	1.88202E+01	1.62028E+05
5.00000E-01	1.91011E+01	1.63804E+05
5.00000E-01	1.93820E+01	1.65179E+05
5.00000E-01	1.96629E+01	1.65375E+05
5.00000E-01	1.99438E+01	1.64643E+05
5.00000E-01	2.02247E+01	1.63711E+05
5.00000E-01	2.05056E+01	1.62695E+05
5.00000E-01	2.07865E+01	1.61565E+05
5.00000E-01	2.10674E+01	1.60314E+05
5.00000E-01	2.13483E+01	1.58822E+05
5.00000E-01	2.16292E+01	1.57227E+05
5.00000E-01	2.19101E+01	1.55551E+05
5.00000E-01	2.21910E+01	1.53898E+05
5.00000E-01	2.24719E+01	1.52289E+05
5.00000E-01	2.27528E+01	1.50658E+05
5.00000E-01	2.30337E+01	1.49008E+05
5.00000E-01	2.33146E+01	1.47418E+05
5.00000E-01	2.35955E+01	1.45858E+05
5.00000E-01	2.38764E+01	1.44283E+05
5.00000E-01	2.41573E+01	1.42733E+05
5.00000E-01	2.44382E+01	1.41227E+05
5.00000E-01	2.47191E+01	1.39741E+05
5.00000E-01	2.50000E+01	1.38268E+05
6.00000E-01	0.00000E+00	4.24415E+02
6.00000E-01	2.80899E-01	3.11448E+02
6.00000E-01	5.61798E-01	9.77137E+02
6.00000E-01	8.42697E-01	1.31321E+03
6.00000E-01	1.12360E+00	1.16336E+03
6.00000E-01	1.40449E+00	1.05596E+03
6.00000E-01	1.68539E+00	9.67631E+02
6.00000E-01	1.96629E+00	9.10771E+02
6.00000E-01	2.24719E+00	8.84158E+02
6.00000E-01	2.52809E+00	8.79527E+02
6.00000E-01	2.80899E+00	8.93346E+02
6.00000E-01	3.08989E+00	9.22550E+02
6.00000E-01	3.37079E+00	9.73738E+02
6.00000E-01	3.65169E+00	1.04429E+03
6.00000E-01	3.93258E+00	1.13466E+03
6.00000E-01	4.21348E+00	1.30649E+03
6.00000E-01	4.49438E+00	1.53610E+03
6.00000E-01	4.77528E+00	1.81273E+03
6.00000E-01	5.05618E+00	2.12208E+03
6.00000E-01	5.33708E+00	2.51532E+03
6.00000E-01	5.61798E+00	3.02156E+03
6.00000E-01	5.89888E+00	3.73234E+03
6.00000E-01	6.17978E+00	4.74756E+03
6.00000E-01	6.46067E+00	6.02868E+03
6.00000E-01	6.74157E+00	7.93446E+03
6.00000E-01	7.02247E+00	1.02403E+04
6.00000E-01	7.30337E+00	1.30733E+04
6.00000E-01	7.58427E+00	1.57425E+04
6.00000E-01	7.86517E+00	1.79086E+04
6.00000E-01	8.14607E+00	1.96656E+04
6.00000E-01	8.42697E+00	2.12914E+04
6.00000E-01	8.70787E+00	2.28540E+04
6.00000E-01	8.98876E+00	2.43735E+04
6.00000E-01	9.26966E+00	2.59891E+04
6.00000E-01	9.55056E+00	2.77179E+04
6.00000E-01	9.83146E+00	2.92569E+04
6.00000E-01	1.01124E+01	3.09360E+04
6.00000E-01	1.03933E+01	3.27037E+04
6.00000E-01	1.06742E+01	3.45138E+04
6.00000E-01	1.09551E+01	3.65916E+04
6.00000E-01	1.12360E+01	3.89283E+04
6.00000E-01	1.15169E+01	4.15701E+04
6.00000E-01	1.17978E+01	4.46710E+04
6.00000E-01	1.20787E+01	4.83062E+04
6.00000E-01	1.23596E+01	5.26153E+04
6.00000E-01	1.26404E+01	5.75857E+04
6.00000E-01	1.29213E+01	6.33895E+04
6.00000E-01	1.32022E+01	6.97239E+04
6.00000E-01	1.34831E+01	7.56307E+04
6.00000E-01	1.37640E+01	8.15545E+04
6.00000E-01	1.40449E+01	8.77939E+04
6.00000E-01	1.43258E+01	9.42723E+04
6.00000E-01	1.46067E+01	1.00912E+05
6.00000E-01	1.48876E+01	1.07467E+05
6.00000E-01	1.51685E+01	1.13845E+05
6.00000E-01	1.54494E+01	1.19829E+05
6.00000E-01	1.57303E+01	1.25372E+05
6.00000E-01	1.60112E+01	1.30555E+05
6.00000E-01	1.62921E+01	1.35237E+05
6.00000E-01	1.65730E+01	1.39560E+05
6.00000E-01	1.68539E+01	1.43402E+05
6.00000E-01	1.71348E+01	1.46907E+05
6.00000E-01	1.74157E+01	1.50002E+05
6.00000E-01	1.76966E+01	1.52856E+05
6.00000E-01	1.79775E+01	1.55443E+05
6.00000E-01	1.82584E+01	1.57849E+05
6.00000E-01	1.85393E+01	1.60056E+05
6.00000E-01	1.88202E+01	1.62027E+05
6.00000E-01	1.91011E+01	1.63799E+05
6.00000E-01	1.93820E+01	1.65157E+05
6.00000E-01	1.96629E+01	1.65360E+05
6.00000E-01	1.99438E+01	1.64641E+05
6.00000E-01	2.02247E+01	1.63708E+05
6.00000E-01	2.05056E+01	1.62694E+05
6.00000E-01	2.07865E+01	1.61563E+05
6.00000E-01	2.10674E+01	1.60308E+05
6.00000E-01	2.13483E+01	1.58821E+05
6.00000E-01	2.16292E+01	1.57224E+05
6.00000E-01	2.19101E+01	1.55550E+05
6.00000E-01	2.21910E+01	1.53898E+05
6.00000E-01	2.24719E+01	1.52288E+05
6.00000E-01	2.27528E+01	1.50657E+05
6.00000E-01	2.30337E+01	1.49009E+05
6.00000E-01	2.33146E+01	1.47418E+05
6.00000E-01	2.35955E+01	1.45857E+05
6.00000E-01	2.38764E+01	1.44282E+05
6.00000E-01	2.41573E+01	1.42733E+05
6.00000E-01	2.44382E+01	1.41227E+05
6.00000E-01	2.47191E+01	1.39740E+05
6.00000E-01	2.50000E+01	1.38268E+05
7.00000E-01	0.00000E+00	4.09559E+02
7.00000E-01	2.80899E-01	3.30875E+02
7.00000E-01	5.61798E-01	9.83730E+02
7.00000E-01	8.42697E-01	1.30470E+03
7.00000E-01	1.12360E+00	1.16185E+03
7.00000E-01	1.40449E+00	1.05527E+03
7.00000E-01	1.68539E+00	9.67605E+02
7.00000E-01	1.96629E+00	9.11104E+02
7.00000E-01	2.24719E+00	8.84524E+02
7.00000E-01	2.52809E+00	8.79985E+02
7.00000E-01	2.80899E+00	8.93810E+02
7.00000E-01	3.08989E+00	9.23230E+02
7.00000E-01	3.37079E+00	9.74583E+02
7.00000E-01	3.65169E+00	1.04505E+03
7.00000E-01	3.93258E+00	1.13711E+03
7.00000E-01	4.21348E+00	1.30843E+03
7.00000E-01	4.49438E+00	1.53810E+03
7.00000E-01	4.77528E+00	1.81426E+03
7.00000E-01	5.05618E+00	2.12534E+03
7.00000E-01	5.33708E+00	2.51855E+03
7.00000E-01	5.61798E+00	3.02773E+03
7.00000E-01	5.89888E+00	3.74139E+03
7.00000E-01	6.17978E+00	4.75467E+03
7.00000E-01	6.46067E+00	6.04756E+03
7.00000E-01	6.74157E+00	7.94635E+03
7.00000E-01	7.02247E+00	1.02587E+04
7.00000E-01	7.30337E+00	1.30761E+04
7.00000E-01	7.58427E+00	1.57383E+04
7.00000E-01	7.86517E+00	1.79032E+04
7.00000E-01	8.14607E+00	1.96679E+04
7.00000E-01	8.42697E+00	2.12929E+04
7.00000E-01	8.70787E+00	2.28561E+04
7.00000E-01	8.98876E+00	2.43788E+04
7.00000E-01	9.26966E+00	2.59959E+04
7.00000E-01	9.55056E+00	2.77148E+04
7.00000E-01	9.83146E+00	2.92628E+04
7.00000E-01	1.01124E+01	3.09417E+04
7.00000E-01	1.03933E+01	3.27076E+04
7.00000E-01	1.06742E+01	3.45226E+04
7.00000E-01	1.09551E+01	3.66000E+04
7.00000E-01	1.12360E+01	3.89383E+04
7.00000E-01	1.15169E+01	4.15849E+04
7.00000E-01	1.17978E+01	4.46860E+04
7.00000E-01	1.20787E+01	4.83260E+04
7.00000E-01	1.23596E+01	5.26336E+04
7.00000E-01	1.26404E+01	5.76104E+04
7.00000E-01	1.29213E+01	6.34081E+04
7.00000E-01	1.32022E+01	6.97187E+04
7.00000E-01	1.34831E+01	7.56418E+04
7.00000E-01	1.37640E+01	8.15689E+04
7.00000E-01	1.40449E+01	8.78065E+04
7.00000E-01	1.43258E+01	9.42847E+04
7.00000E-01	1.46067E+01	1.00917E+05
7.00000E-01	1.48876E+01	1.07472E+05
7.00000E-01	1.51685E+01	1.13843E+05
7.00000E-01	1.54494E+01	1.19826E+05
7.00000E-01	1.57303E+01	1.25372E+05
7.00000E-01	1.60112E+01	1.30549E+05
7.00000E-01	1.62921E+01	1.35237E+05
7.00000E-01	1.65730E+01	1.39554E+05
7.00000E-01	1.68539E+01	1.43401E+05
7.00000E-01	1.71348E+01	1.46901E+05
7.00000E-01	1.74157E+01	1.50001E+05
7.00000E-01	1.76966E+01	1.52853E+05
7.00000E-01	1.79775E+01	1.55442E+05
7.00000E-01	1.82584E+01	1.57848E+05
7.00000E-01	1.85393E+01	1.60053E+05
7.00000E-01	1.88202E+01	1.62026E+05
7.00000E-01	1.91011E+01	1.63793E+05
7.00000E-01	1.93820E+01	1.65132E+05
7.00000E-01	1.96629E+01	1.65341E+05
7.00000E-01	1.99438E+01	1.64637E+05
7.00000E-01	2.02247E+01	1.63706E+05
7.00000E-01	2.05056E+01	1.62691E+05
7.00000E-01	2.07865E+01	1.61560E+05
7.00000E-01	2.10674E+01	1.60301E+05
7.00000E-01	2.13483E+01	1.58818E+05
7.00000E-01	2.16292E+01	1.57221E+05
7.00000E-01	2.19101E+01	1.55550E+05
7.00000E-01	2.21910E+01	1.53898E+05
7.00000E-01	2.24719E+01	1.52287E+05
7.00000E-01	2.27528E+01	1.50655E+05
7.00000E-01	2.30337E+01	1.49009E+05
7.00000E-01	2.33146E+01	1.47417E+05
7.00000E-01	2.35955E+01	1.45855E+05
7.00000E-01	2.38764E+01	1.44282E+05
7.00000E-01	2.41573E+01	1.42733E+05
7.00000E-01	2.44382E+01	1.41227E+05
7.00000E-01	2.47191E+01	1.39739E+05
7.00000E-01	2.50000E+01	1.38268E+05
8.00000E-01	0.00000E+00	3.99609E+02
8.00000E-01	2.80899E-01	3.58390E+02
8.00000E-01	5.61798E-01	9.91771E+02
8.00000E-01	8.42697E-01	1.29486E+03
8.00000E-01	1.12360E+00	1.16012E+03
8.00000E-01	1.40449E+00	1.05439E+03
8.00000E-01	1.68539E+00	9.67542E+02
8.00000E-01	1.96629E+00	9.11455E+02
8.00000E-01	2.24719E+00	8.84944E+02
8.00000E-01	2.52809E+00	8.80501E+02
8.00000E-01	2.80899E+00	8.94350E+02
8.00000E-01	3.08989E+00	9.24023E+02
8.00000E-01	3.37079E+00	9.75501E+02
8.00000E-01	3.65169E+00	1.04597E+03
8.00000E-01	3.93258E+00	1.13981E+03
8.00000E-01	4.21348E+00	1.31069E+03
8.00000E-01	4.49438E+00	1.54037E+03
8.00000E-01	4.77528E+00	1.81613E+03
8.00000E-01	5.05618E+00	2.12895E+03
8.00000E-01	5.33708E+00	2.52253E+03
8.00000E-01	5.61798E+00	3.03480E+03
8.00000E-01	5.89888E+00	3.75163E+03
8.00000E-01	6.17978E+00	4.76363E+03
8.00000E-01	6.46067E+00	6.06829E+03
8.00000E-01	6.74157E+00	7.96082E+03
8.00000E-01	7.02247E+00	1.02790E+04
8.00000E-01	7.30337E+00	1.30796E+04
8.00000E-01	7.58427E+00	1.57334E+04
8.00000E-01	7.86517E+00	1.78977E+04
8.00000E-01	8.14607E+00	1.96700E+04
8.00000E-01	8.42697E+00	2.12949E+04
8.00000E-01	8.70787E+00	2.28587E+04
8.00000E-01	8.98876E+00	2.43848E+04
8.00000E-01	9.26966E+00	2.60031E+04
8.00000E-01	9.55056E+00	2.77125E+04
8.00000E-01	9.83146E+00	2.92694E+04
8.00000E-01	1.01124E+01	3.09479E+04
8.00000E-01	1.03933E+01	3.27123E+04
8.00000E-01	1.06742E+01	3.45327E+04
8.00000E-01	1.09551E+01	3.66099E+04
8.00000E-01	1.12360E+01	3.89498E+04
8.00000E-01	1.15169E+01	4.16014E+04
8.00000E-01	1.17978E+01	4.47036E+04
8.00000E-01	1.20787E+01	4.83486E+04
8.00000E-01	1.23596E+01	5.26554E+04
8.00000E-01	1.26404E+01	5.76386E+04
8.00000E-01	1.29213E+01	6.34295E+04
8.00000E-01	1.32022E+01	6.97152E+04
8.00000E-01	1.34831E+01	7.56534E+04
8.00000E-01	1.37640E+01	8.15852E+04
8.00000E-01	1.40449E+01	8.78211E+04
8.00000E-01	1.43258E+01	9.42985E+04
8.00000E-01	1.46067E+01	1.00924E+05
8.00000E-01	1.48876E+01	1.07478E+05
8.00000E-01	1.51685E+01	1.13842E+05
8.00000E-01	1.54494E+01	1.19823E+05
8.00000E-01	1.57303E+01	1.25372E+05
8.00000E-01	1.60112E+01	1.30543E+05
8.00000E-01	1.62921E+01	1.35236E+05
8.00000E-01	1.65730E+01	1.39547E+05
8.00000E-01	1.68539E+01	1.43399E+05
8.00000E-01	1.71348E+01	1.46895E+05
8.00000E-01	1.74157E+01	1.50000E+05
8.00000E-01	1.76966E+01	1.52849E+05
8.00000E-01	1.79775E+01	1.55441E+05
8.00000E-01	1.82584E+01	1.57846E+05
8.00000E-01	1.85393E+01	1.60050E+05
8.00000E-01	1.88202E+01	1.62025E+05
8.00000E-01	1.91011E+01	1.63786E+05
8.00000E-01	1.93820E+01	1.65105E+05
8.00000E-01	1.96629E+01	1.65320E+05
8.00000E-01	1.99438E+01	1.64633E+05
8.00000E-01	2.02247E+01	1.63703E+05
8.00000E-01	2.05056E+01	1.62688E+05
8.00000E-01	2.07865E+01	1.61557E+05
8.00000E-01	2.10674E+01	1.60294E+05
8.00000E-01	2.13483E+01	1.58815E+05
8.00000E-01	2.16292E+01	1.57218E+05
8.00000E-01	2.19101E+01	1.55549E+05
8.00000E-01	2.21910E+01	1.53898E+05
8.00000E-01	2.24719E+01	1.52285E+05
8.00000E-01	2.27528E+01	1.50654E+05
8.00000E-01	2.30337E+01	1.49009E+05
8.00000E-01	2.33146E+01	1.47417E+05
8.00000E-01	2.35955E+01	1.45854E+05
8.00000E-01	2.38764E+01	1.44282E+05
8.00000E-01	2.41573E+01	1.42733E+05
8.00000E-01	2.44382E+01	1.41226E+05
8.00000E-01	2.47191E+01	1.39739E+05
8.00000E-01	2.50000E+01	1.38269E+05
9.00000E-01	0.00000E+00	3.95784E+02
9.00000E-01	2.80899E-01	3.92315E+02
9.00000E-01	5.61798E-01	1.00087E+03
9.00000E-01	8.42697E-01	1.28400E+03
9.00000E-01	1.12360E+00	1.15806E+03
9.00000E-01	1.40449E+00	1.05333E+03
9.00000E-01	1.68539E+00	9.67432E+02
9.00000E-01	1.96629E+00	9.11819E+02
9.00000E-01	2.24719E+00	8.85412E+02
9.00000E-01	2.52809E+00	8.81072E+02
9.00000E-01	2.80899E+00	8.94967E+02
9.00000E-01	3.08989E+00	9.24921E+02
9.00000E-01	3.37079E+00	9.76503E+02
9.00000E-01	3.65169E+00	1.04706E+03
9.00000E-01	3.93258E+00	1.14276E+03
9.00000E-01	4.21348E+00	1.31327E+03
9.00000E-01	4.49438E+00	1.54292E+03
9.00000E-01	4.77528E+00	1.81836E+03
9.00000E-01	5.05618E+00	2.13291E+03
9.00000E-01	5.33708E+00	2.52726E+03
9.00000E-01	5.61798E+00	3.04277E+03
9.00000E-01	5.89888E+00	3.76303E+03
9.00000E-01	6.17978E+00	4.77454E+03
9.00000E-01	6.46067E+00	6.09074E+03
9.00000E-01	6.74157E+00	7.97794E+03
9.00000E-01	7.02247E+00	1.03010E+04
9.00000E-01	7.30337E+00	1.30838E+04
9.00000E-01	7.58427E+00	1.57279E+04
9.00000E-01	7.86517E+00	1.78921E+04
9.00000E-01	8.14607E+00	1.96719E+04
9.00000E-01	8.42697E+00	2.12973E+04
9.00000E-01	8.70787E+00	2.28617E+04
9.00000E-01	8.98876E+00	2.43915E+04
9.00000E-01	9.26966E+00	2.60106E+04
9.00000E-01	9.55056E+00	2.77110E+04
9.00000E-01	9.83146E+00	2.92768E+04
9.00000E-01	1.01124E+01	3.09547E+04
9.00000E-01	1.03933E+01	3.27177E+04
9.00000E-01	1.06742E+01	3.45439E+04
9.00000E-01	1.09551E+01	3.66213E+04
9.00000E-01	1.12360E+01	3.89631E+04
9.00000E-01	1.15169E+01	4.16197E+04
9.00000E-01	1.17978E+01	4.47240E+04
9.00000E-01	1.20787E+01	4.83740E+04
9.00000E-01	1.23596E+01	5.26808E+04
9.00000E-01	1.26404E+01	5.76702E+04
9.00000E-01	1.29213E+01	6.34535E+04
9.00000E-01	1.32022E+01	6.97136E+04
9.00000E-01	1.34831E+01	7.56653E+04
9.00000E-01	1.37640E+01	8.16035E+04
9.00000E-01	1.40449E+01	8.78377E+04
9.00000E-01	1.43258E+01	9.43136E+04
9.00000E-01	1.46067E+01	1.00931E+05
9.00000E-01	1.48876E+01	1.07484E+05
9.00000E-01	1.51685E+01	1.13841E+05
9.00000E-01	1.54494E+01	1.19820E+05
9.00000E-01	1.57303E+01	1.25370E+05
9.00000E-01	1.60112E+01	1.30537E+05
9.00000E-01	1.62921E+01	1.35234E+05
9.00000E-01	1.65730E+01	1.39539E+05
9.00000E-01	1.68539E+01	1.43396E+05
9.00000E-01	1.71348E+01	1.46888E+05
9.00000E-01	1.74157E+01	1.49998E+05
9.00000E-01	1.76966E+01	1.52846E+05
9.00000E-01	1.79775E+01	1.55440E+05
9.00000E-01	1.82584E+01	1.57844E+05
9.00000E-01	1.85393E+01	1.60047E+05
9.00000E-01	1.88202E+01	1.62022E+05
9.00000E-01	1.91011E+01	1.63778E+05
9.00000E-01	1.93820E+01	1.65075E+05
9.00000E-01	1.96629E+01	1.65296E+05
9.00000E-01	1.99438E+01	1.64627E+05
9.00000E-01	2.02247E+01	1.63700E+05
9.00000E-01	2.05056E+01	1.62685E+05
9.00000E-01	2.07865E+01	1.61553E+05
9.00000E-01	2.10674E+01	1.60287E+05
9.00000E-01	2.13483E+01	1.58812E+05
9.00000E-01	2.16292E+01	1.57215E+05
9.00000E-01	2.19101E+01	1.55549E+05
9.00000E-01	2.21910E+01	1.53897E+05
9.00000E-01	2.24719E+01	1.52283E+05
9.00000E-01	2.27528E+01	1.50652E+05
9.00000E-01	2.30337E+01	1.49010E+05
9.00000E-01	2.33146E+01	1.47416E+05
9.00000E-01	2.35955E+01	1.45852E+05
9.00000E-01	2.38764E+01	1.44281E+05
9.00000E-01	2.41573E+01	1.42733E+05
9.00000E-01	2.44382E+01	1.41226E+05
9.00000E-01	2.47191E+01	1.39738E+05
9.00000E-01	2.50000E+01	1.38269E+05
1.00000E+00	0.00000E+00	3.98750E+02
1.00000E+00	2.80899E-01	4.30776E+02
1.00000E+00	5.61798E-01	1.01073E+03
1.00000E+00	8.42697E-01	1.27257E+03
1.00000E+00	1.12360E+00	1.15558E+03
1.00000E+00	1.40449E+00	1.05208E+03
1.00000E+00	1.68539E+00	9.67266E+02
1.00000E+00	1.96629E+00	9.12190E+02
1.00000E+00	2.24719E+00	8.85923E+02
1.00000E+00	2.52809E+00	8.81699E+02
1.00000E+00	2.80899E+00	8.95663E+02
1.00000E+00	3.08989E+00	9.25919E+02
1.00000E+00	3.37079E+00	9.77596E+02
1.00000E+00	3.65169E+00	1.04836E+03
1.00000E+00	3.93258E+00	1.14594E+03
1.00000E+00	4.21348E+00	1.31618E+03
1.00000E+00	4.49438E+00	1.54575E+03
1.00000E+00	4.77528E+00	1.82097E+03
1.00000E+00	5.05618E+00	2.13724E+03
1.00000E+00	5.33708E+00	2.53275E+03
1.00000E+00	5.61798E+00	3.05166E+03
1.00000E+00	5.89888E+00	3.77557E+03
1.00000E+00	6.17978E+00	4.78746E+03
1.00000E+00	6.46067E+00	6.11486E+03
1.00000E+00	6.74157E+00	7.99771E+03
1.00000E+00	7.02247E+00	1.03245E+04
1.00000E+00	7.30337E+00	1.30888E+04
1.00000E+00	7.58427E+00	1.57221E+04
1.00000E+00	7.86517E+00	1.78866E+04
1.00000E+00	8.14607E+00	1.96734E+04
1.00000E+00	8.42697E+00	2.13001E+04
1.00000E+00	8.70787E+00	2.28653E+04
1.00000E+00	8.98876E+00	2.43988E+04
1.00000E+00	9.26966E+00	2.60184E+04
1.00000E+00	9.55056E+00	2.77105E+04
1.00000E+00	9.83146E+00	2.92846E+04
1.00000E+00	1.01124E+01	3.09620E+04
1.00000E+00	1.03933E+01	3.27241E+04
1.00000E+00	1.06742E+01	3.45563E+04
1.00000E+00	1.09551E+01	3.66342E+04
1.00000E+00	1.12360E+01	3.89780E+04
1.00000E+00	1.15169E+01	4.16399E+04
1.00000E+00	1.17978E+01	4.47470E+04
1.00000E+00	1.20787E+01	4.84021E+04
1.00000E+00	1.23596E+01	5.27098E+04
1.00000E+00	1.26404E+01	5.77049E+04
1.00000E+00	1.29213E+01	6.34796E+04
1.00000E+00	1.32022E+01	6.97141E+04
1.00000E+00	1.34831E+01	7.56778E+04
1.00000E+00	1.37640E+01	8.16236E+04
1.00000E+00	1.40449E+01	8.78563E+04
1.00000E+00	1.43258E+01	9.43301E+04
1.00000E+00	1.46067E+01	1.00940E+05
1.00000E+00	1.48876E+01	1.07490E+05
1.00000E+00	1.51685E+01	1.13841E+05
1.00000E+00	1.54494E+01	1.19817E+05
1.00000E+00	1.57303E+01	1.25369E+05
1.00000E+00	1.60112E+01	1.30530E+05
1.00000E+00	1.62921E+01	1.35231E+05
1.00000E+00	1.65730E+01	1.39532E+05
1.00000E+00	1.68539E+01	1.43392E+05
1.00000E+00	1.71348E+01	1.46882E+05
1.00000E+00	1.74157E+01	1.49996E+05
1.00000E+00	1.76966E+01	1.52843E+05
1.00000E+00	1.79775E+01	1.55438E+05
1.00000E+00	1.82584E+01	1.57842E+05
1.00000E+00	1.85393E+01	1.60043E+05
1.00000E+00	1.88202E+01	1.62019E+05
1.00000E+00	1.91011E+01	1.63767E+05
1.00000E+00	1.93820E+01	1.65044E+05
1.00000E+00	1.96629E+01	1.65270E+05
1.00000E+00	1.99438E+01	1.64619E+05
1.00000E+00	2.02247E+01	1.63696E+05
1.00000E+00	2.05056E+01	1.62681E+05
1.00000E+00	2.07865E+01	1.61548E+05
1.00000E+00	2.10674E+01	1.60279E+05
1.00000E+00	2.13483E+01	1.58807E+05
1.00000E+00	2.16292E+01	1.57211E+05
1.00000E+00	2.19101E+01	1.55548E+05
1.00000E+00	2.21910E+01	1.53897E+05
1.00000E+00	2.24719E+01	1.52281E+05
1.00000E+00	2.27528E+01	1.50650E+05
1.00000E+00	2.30337E+01	1.49010E+05
1.00000E+00	2.33146E+01	1.47416E+05
1.00000E+00	2.35955E+01	1.45851E+05
1.00000E+00	2.38764E+01	1.44280E+05
1.00000E+00	2.41573E+01	1.42733E+05
1.00000E+00	2.44382E+01	1.41225E+05
1.00000E+00	2.47191E+01	1.39737E+05
1.00000E+00	2.50000E+01	1.38269E+05
1.50000E+00	0.00000E+00	4.99643E+02
1.50000E+00	2.80899E-01	6.40053E+02
1.50000E+00	5.61798E-01	1.05754E+03
1.50000E+00	8.42697E-01	1.21923E+03
1.50000E+00	1.12360E+00	1.13741E+03
1.50000E+00	1.40449E+00	1.04306E+03
1.50000E+00	1.68539E+00	9.65322E+02
1.50000E+00	1.96629E+00	9.13937E+02
1.50000E+00	2.24719E+00	8.88985E+02
1.50000E+00	2.52809E+00	8.85603E+02
1.50000E+00	2.80899E+00	9.00323E+02
1.50000E+00	3.08989E+00	9.32301E+02
1.50000E+00	3.37079E+00	9.84784E+02
1.50000E+00	3.65169E+00	1.05821E+03
1.50000E+00	3.93258E+00	1.16507E+03
1.50000E+00	4.21348E+00	1.33536E+03
1.50000E+00	4.49438E+00	1.56424E+03
1.50000E+00	4.77528E+00	1.84002E+03
1.50000E+00	5.05618E+00	2.16522E+03
1.50000E+00	5.33708E+00	2.57168E+03
1.50000E+00	5.61798E+00	3.11041E+03
1.50000E+00	5.89888E+00	3.85595E+03
1.50000E+00	6.17978E+00	4.88222E+03
1.50000E+00	6.46067E+00	6.25969E+03
1.50000E+00	6.74157E+00	8.13340E+03
1.50000E+00	7.02247E+00	1.04597E+04
1.50000E+00	7.30337E+00	1.31263E+04
1.50000E+00	7.58427E+00	1.56922E+04
1.50000E+00	7.86517E+00	1.78583E+04
1.50000E+00	8.14607E+00	1.96780E+04
1.50000E+00	8.42697E+00	2.13193E+04
1.50000E+00	8.70787E+00	2.28910E+04
1.50000E+00	8.98876E+00	2.44434E+04
1.50000E+00	9.26966E+00	2.60614E+04
1.50000E+00	9.55056E+00	2.77220E+04
1.50000E+00	9.83146E+00	2.93304E+04
1.50000E+00	1.01124E+01	3.10084E+04
1.50000E+00	1.03933E+01	3.27707E+04
1.50000E+00	1.06742E+01	3.46337E+04
1.50000E+00	1.09551E+01	3.67206E+04
1.50000E+00	1.12360E+01	3.90790E+04
1.50000E+00	1.15169E+01	4.17694E+04
1.50000E+00	1.17978E+01	4.49010E+04
1.50000E+00	1.20787E+01	4.85834E+04
1.50000E+00	1.23596E+01	5.29050E+04
1.50000E+00	1.26404E+01	5.79197E+04
1.50000E+00	1.29213E+01	6.36397E+04
1.50000E+00	1.32022E+01	6.97520E+04
1.50000E+00	1.34831E+01	7.57540E+04
1.50000E+00	1.37640E+01	8.17482E+04
1.50000E+00	1.40449E+01	8.79771E+04
1.50000E+00	1.43258E+01	9.44326E+04
1.50000E+00	1.46067E+01	1.01005E+05
1.50000E+00	1.48876E+01	1.07526E+05
1.50000E+00	1.51685E+01	1.13839E+05
1.50000E+00	1.54494E+01	1.19800E+05
1.50000E+00	1.57303E+01	1.25352E+05
1.50000E+00	1.60112E+01	1.30496E+05
1.50000E+00	1.62921E+01	1.35202E+05
1.50000E+00	1.65730E+01	1.39491E+05
1.50000E+00	1.68539E+01	1.43360E+05
1.50000E+00	1.71348E+01	1.46845E+05
1.50000E+00	1.74157E+01	1.49975E+05
1.50000E+00	1.76966E+01	1.52823E+05
1.50000E+00	1.79775E+01	1.55426E+05
1.50000E+00	1.82584E+01	1.57827E+05
1.50000E+00	1.85393E+01	1.60021E+05
1.50000E+00	1.88202E+01	1.61990E+05
1.50000E+00	1.91011E+01	1.63688E+05
1.50000E+00	1.93820E+01	1.64862E+05
1.50000E+00	1.96629E+01	1.65111E+05
1.50000E+00	1.99438E+01	1.64558E+05
1.50000E+00	2.02247E+01	1.63669E+05
1.50000E+00	2.05056E+01	1.62652E+05
1.50000E+00	2.07865E+01	1.61515E+05
1.50000E+00	2.10674E+01	1.60234E+05
1.50000E+00	2.13483E+01	1.58775E+05
1.50000E+00	2.16292E+01	1.57188E+05
1.50000E+00	2.19101E+01	1.55539E+05
1.50000E+00	2.21910E+01	1.53893E+05
1.50000E+00	2.24719E+01	1.52270E+05
1.50000E+00	2.27528E+01	1.50640E+05
1.50000E+00	2.30337E+01	1.49009E+05
1.50000E+00	2.33146E+01	1.47412E+05
1.50000E+00	2.35955E+01	1.45842E+05
1.50000E+00	2.38764E+01	1.44276E+05
1.50000E+00	2.41573E+01	1.42732E+05
1.50000E+00	2.44382E+01	1.41221E+05
1.50000E+00	2.47191E+01	1.39733E+05
1.50000E+00	2.50000E+01	1.38269E+05
2.00000E+00	0.00000E+00	6.57579E+02
2.00000E+00	2.80899E-01	8.10579E+02
2.00000E+00	5.61798E-01	1.07887E+03
2.00000E+00	8.42697E-01	1.18103E+03
2.00000E+00	1.12360E+00	1.11642E+03
2.00000E+00	1.40449E+00	1.03156E+03
2.00000E+00	1.68539E+00	9.61667E+02
2.00000E+00	1.96629E+00	9.15171E+02
2.00000E+00	2.24719E+00	8.92603E+02
2.00000E+00	2.52809E+00	8.90727E+02
2.00000E+00	2.80899E+00	9.06942E+02
2.00000E+00	3.08989E+00	9.41061E+02
2.00000E+00	3.37079E+00	9.95625E+02
2.00000E+00	3.65169E+00	1.07397E+03
2.00000E+00	3.93258E+00	1.18934E+03
2.00000E+00	4.21348E+00	1.36175E+03
2.00000E+00	4.49438E+00	1.59084E+03
2.00000E+00	4.77528E+00	1.87002E+03
2.00000E+00	5.05618E+00	2.20633E+03
2.00000E+00	5.33708E+00	2.63050E+03
2.00000E+00	5.61798E+00	3.19460E+03
2.00000E+00	5.89888E+00	3.96849E+03
2.00000E+00	6.17978E+00	5.02479E+03
2.00000E+00	6.46067E+00	6.44420E+03
2.00000E+00	6.74157E+00	8.31877E+03
2.00000E+00	7.02247E+00	1.06171E+04
2.00000E+00	7.30337E+00	1.31841E+04
2.00000E+00	7.58427E+00	1.56720E+04
2.00000E+00	7.86517E+00	1.78321E+04
2.00000E+00	8.14607E+00	1.96800E+04
2.00000E+00	8.42697E+00	2.13440E+04
2.00000E+00	8.70787E+00	2.29293E+04
2.00000E+00	8.98876E+00	2.44987E+04
2.00000E+00	9.26966E+00	2.61129E+04
2.00000E+00	9.55056E+00	2.77565E+04
2.00000E+00	9.83146E+00	2.93873E+04
2.00000E+00	1.01124E+01	3.10729E+04
2.00000E+00	1.03933E+01	3.28444E+04
2.00000E+00	1.06742E+01	3.47373E+04
2.00000E+00	1.09551E+01	3.68437E+04
2.00000E+00	1.12360E+01	3.92252E+04
2.00000E+00	1.15169E+01	4.19501E+04
2.00000E+00	1.17978E+01	4.51177E+04
2.00000E+00	1.20787E+01	4.88325E+04
2.00000E+00	1.23596E+01	5.31758E+04
2.00000E+00	1.26404E+01	5.81936E+04
2.00000E+00	1.29213E+01	6.38453E+04
2.00000E+00	1.32022E+01	6.98532E+04
2.00000E+00	1.34831E+01	7.58664E+04
2.00000E+00	1.37640E+01	8.19071E+04
2.00000E+00	1.40449E+01	8.81378E+04
2.00000E+00	1.43258E+01	9.45672E+04
2.00000E+00	1.46067E+01	1.01096E+05
2.00000E+00	1.48876E+01	1.07573E+05
2.00000E+00	1.51685E+01	1.13844E+05
2.00000E+00	1.54494E+01	1.19781E+05
2.00000E+00	1.57303E+01	1.25323E+05
2.00000E+00	1.60112E+01	1.30453E+05
2.00000E+00	1.62921E+01	1.35157E+05
2.00000E+00	1.65730E+01	1.39439E+05
2.00000E+00	1.68539E+01	1.43311E+05
2.00000E+00	1.71348E+01	1.46799E+05
2.00000E+00	1.74157E+01	1.49942E+05
2.00000E+00	1.76966E+01	1.52796E+05
2.00000E+00	1.79775E+01	1.55405E+05
2.00000E+00	1.82584E+01	1.57802E+05
2.00000E+00	1.85393E+01	1.59986E+05
2.00000E+00	1.88202E+01	1.61932E+05
2.00000E+00	1.91011E+01	1.63563E+05
2.00000E+00	1.93820E+01	1.64647E+05
2.00000E+00	1.96629E+01	1.64914E+05
2.00000E+00	1.99438E+01	1.64455E+05
2.00000E+00	2.02247E+01	1.63617E+05
2.00000E+00	2.05056E+01	1.62608E+05
2.00000E+00	2.07865E+01	1.61466E+05
2.00000E+00	2.10674E+01	1.60178E+05
2.00000E+00	2.13483E+01	1.58729E+05
2.00000E+00	2.16292E+01	1.57158E+05
2.00000E+00	2.19101E+01	1.55524E+05
2.00000E+00	2.21910E+01	1.53883E+05
2.00000E+00	2.24719E+01	1.52256E+05
2.00000E+00	2.27528E+01	1.50627E+05
2.00000E+00	2.30337E+01	1.49003E+05
2.00000E+00	2.33146E+01	1.47406E+05
2.00000E+00	2.35955E+01	1.45832E+05
2.00000E+00	2.38764E+01	1.44270E+05
2.00000E+00	2.41573E+01	1.42728E+05
2.00000E+00	2.44382E+01	1.41216E+05
2.00000E+00	2.47191E+01	1.39729E+05
2.00000E+00	2.50000E+01	1.38267E+05
2.50000E+00	0.00000E+00	7.94100E+02
2.50000E+00	2.80899E-01	9.19864E+02
2.50000E+00	5.61798E-01	1.08065E+03
2.50000E+00	8.42697E-01	1.14822E+03
2.50000E+00	1.12360E+00	1.09767E+03
2.50000E+00	1.40449E+00	1.02152E+03
2.50000E+00	1.68539E+00	9.58147E+02
2.50000E+00	1.96629E+00	9.16407E+02
2.50000E+00	2.24719E+00	8.96826E+02
2.50000E+00	2.52809E+00	8.97156E+02
2.50000E+00	2.80899E+00	9.15651E+02
2.50000E+00	3.08989E+00	9.52658E+02
2.50000E+00	3.37079E+00	1.01088E+03
2.50000E+00	3.65169E+00	1.09558E+03
2.50000E+00	3.93258E+00	1.21895E+03
2.50000E+00	4.21348E+00	1.39526E+03
2.50000E+00	4.49438E+00	1.62692E+03
2.50000E+00	4.77528E+00	1.91280E+03
2.50000E+00	5.05618E+00	2.26385E+03
2.50000E+00	5.33708E+00	2.71133E+03
2.50000E+00	5.61798E+00	3.30653E+03
2.50000E+00	5.89888E+00	4.11571E+03
2.50000E+00	6.17978E+00	5.21004E+03
2.50000E+00	6.46067E+00	6.66487E+03
2.50000E+00	6.74157E+00	8.53844E+03
2.50000E+00	7.02247E+00	1.07916E+04
2.50000E+00	7.30337E+00	1.32618E+04
2.50000E+00	7.58427E+00	1.56705E+04
2.50000E+00	7.86517E+00	1.78145E+04
2.50000E+00	8.14607E+00	1.96841E+04
2.50000E+00	8.42697E+00	2.13735E+04
2.50000E+00	8.70787E+00	2.29776E+04
2.50000E+00	8.98876E+00	2.45624E+04
2.50000E+00	9.26966E+00	2.61752E+04
2.50000E+00	9.55056E+00	2.78120E+04
2.50000E+00	9.83146E+00	2.94585E+04
2.50000E+00	1.01124E+01	3.11574E+04
2.50000E+00	1.03933E+01	3.29460E+04
2.50000E+00	1.06742E+01	3.48696E+04
2.50000E+00	1.09551E+01	3.70044E+04
2.50000E+00	1.12360E+01	3.94180E+04
2.50000E+00	1.15169E+01	4.21838E+04
2.50000E+00	1.17978E+01	4.53946E+04
2.50000E+00	1.20787E+01	4.91461E+04
2.50000E+00	1.23596E+01	5.35109E+04
2.50000E+00	1.26404E+01	5.85178E+04
2.50000E+00	1.29213E+01	6.40983E+04
2.50000E+00	1.32022E+01	7.00189E+04
2.50000E+00	1.34831E+01	7.60257E+04
2.50000E+00	1.37640E+01	8.20980E+04
2.50000E+00	1.40449E+01	8.83305E+04
2.50000E+00	1.43258E+01	9.47300E+04
2.50000E+00	1.46067E+01	1.01209E+05
2.50000E+00	1.48876E+01	1.07633E+05
2.50000E+00	1.51685E+01	1.13856E+05
2.50000E+00	1.54494E+01	1.19762E+05
2.50000E+00	1.57303E+01	1.25286E+05
2.50000E+00	1.60112E+01	1.30402E+05
2.50000E+00	1.62921E+01	1.35098E+05
2.50000E+00	1.65730E+01	1.39376E+05
2.50000E+00	1.68539E+01	1.43249E+05
2.50000E+00	1.71348E+01	1.46743E+05
2.50000E+00	1.74157E+01	1.49896E+05
2.50000E+00	1.76966E+01	1.52759E+05
2.50000E+00	1.79775E+01	1.55373E+05
2.50000E+00	1.82584E+01	1.57765E+05
2.50000E+00	1.85393E+01	1.59932E+05
2.50000E+00	1.88202E+01	1.61842E+05
2.50000E+00	1.91011E+01	1.63399E+05
2.50000E+00	1.93820E+01	1.64409E+05
2.50000E+00	1.96629E+01	1.64690E+05
2.50000E+00	1.99438E+01	1.64313E+05
2.50000E+00	2.02247E+01	1.63534E+05
2.50000E+00	2.05056E+01	1.62543E+05
2.50000E+00	2.07865E+01	1.61401E+05
2.50000E+00	2.10674E+01	1.60111E+05
2.50000E+00	2.13483E+01	1.58672E+05
2.50000E+00	2.16292E+01	1.57118E+05
2.50000E+00	2.19101E+01	1.55500E+05
2.50000E+00	2.21910E+01	1.53867E+05
2.50000E+00	2.24719E+01	1.52238E+05
2.50000E+00	2.27528E+01	1.50612E+05
2.50000E+00	2.30337E+01	1.48994E+05
2.50000E+00	2.33146E+01	1.47397E+05
2.50000E+00	2.35955E+01	1.45821E+05
2.50000E+00	2.38764E+01	1.44261E+05
2.50000E+00	2.41573E+01	1.42722E+05
2.50000E+00	2.44382E+01	1.41210E+05
2.50000E+00	2.47191E+01	1.39723E+05
2.50000E+00	2.50000E+01	1.38263E+05
3.00000E+00	0.00000E+00	8.90101E+02
3.00000E+00	2.80899E-01	9.82308E+02
3.00000E+00	5.61798E-01	1.07517E+03
3.00000E+00	8.42697E-01	1.11579E+03
3.00000E+00	1.12360E+00	1.07929E+03
3.00000E+00	1.40449E+00	1.01401E+03
3.00000E+00	1.68539E+00	9.56744E+02
3.00000E+00	1.96629E+00	9.19099E+02
3.00000E+00	2.24719E+00	9.02497E+02
3.00000E+00	2.52809E+00	9.05470E+02
3.00000E+00	2.80899E+00	9.26957E+02
3.00000E+00	3.08989E+00	9.67781E+02
3.00000E+00	3.37079E+00	1.03110E+03
3.00000E+00	3.65169E+00	1.12310E+03
3.00000E+00	3.93258E+00	1.25459E+03
3.00000E+00	4.21348E+00	1.43677E+03
3.00000E+00	4.49438E+00	1.67422E+03
3.00000E+00	4.77528E+00	1.97073E+03
3.00000E+00	5.05618E+00	2.34083E+03
3.00000E+00	5.33708E+00	2.81667E+03
3.00000E+00	5.61798E+00	3.44808E+03
3.00000E+00	5.89888E+00	4.29760E+03
3.00000E+00	6.17978E+00	5.43214E+03
3.00000E+00	6.46067E+00	6.91553E+03
3.00000E+00	6.74157E+00	8.78147E+03
3.00000E+00	7.02247E+00	1.09806E+04
3.00000E+00	7.30337E+00	1.33591E+04
3.00000E+00	7.58427E+00	1.56913E+04
3.00000E+00	7.86517E+00	1.78115E+04
3.00000E+00	8.14607E+00	1.96952E+04
3.00000E+00	8.42697E+00	2.14089E+04
3.00000E+00	8.70787E+00	2.30341E+04
3.00000E+00	8.98876E+00	2.46340E+04
3.00000E+00	9.26966E+00	2.62495E+04
3.00000E+00	9.55056E+00	2.78868E+04
3.00000E+00	9.83146E+00	2.95475E+04
3.00000E+00	1.01124E+01	3.12642E+04
3.00000E+00	1.03933E+01	3.30764E+04
3.00000E+00	1.06742E+01	3.50335E+04
3.00000E+00	1.09551E+01	3.72042E+04
3.00000E+00	1.12360E+01	3.96582E+04
3.00000E+00	1.15169E+01	4.24707E+04
3.00000E+00	1.17978E+01	4.57290E+04
3.00000E+00	1.20787E+01	4.95187E+04
3.00000E+00	1.23596E+01	5.39011E+04
3.00000E+00	1.26404E+01	5.88882E+04
3.00000E+00	1.29213E+01	6.44009E+04
3.00000E+00	1.32022E+01	7.02473E+04
3.00000E+00	1.34831E+01	7.62353E+04
3.00000E+00	1.37640E+01	8.23220E+04
3.00000E+00	1.40449E+01	8.85505E+04
3.00000E+00	1.43258E+01	9.49168E+04
3.00000E+00	1.46067E+01	1.01343E+05
3.00000E+00	1.48876E+01	1.07706E+05
3.00000E+00	1.51685E+01	1.13876E+05
3.00000E+00	1.54494E+01	1.19744E+05
3.00000E+00	1.57303E+01	1.25243E+05
3.00000E+00	1.60112E+01	1.30342E+05
3.00000E+00	1.62921E+01	1.35028E+05
3.00000E+00	1.65730E+01	1.39301E+05
3.00000E+00	1.68539E+01	1.43175E+05
3.00000E+00	1.71348E+01	1.46675E+05
3.00000E+00	1.74157E+01	1.49840E+05
3.00000E+00	1.76966E+01	1.52711E+05
3.00000E+00	1.79775E+01	1.55328E+05
3.00000E+00	1.82584E+01	1.57710E+05
3.00000E+00	1.85393E+01	1.59854E+05
3.00000E+00	1.88202E+01	1.61717E+05
3.00000E+00	1.91011E+01	1.63203E+05
3.00000E+00	1.93820E+01	1.64154E+05
3.00000E+00	1.96629E+01	1.64446E+05
3.00000E+00	1.99438E+01	1.64136E+05
3.00000E+00	2.02247E+01	1.63418E+05
3.00000E+00	2.05056E+01	1.62454E+05
3.00000E+00	2.07865E+01	1.61320E+05
3.00000E+00	2.10674E+01	1.60033E+05
3.00000E+00	2.13483E+01	1.58606E+05
3.00000E+00	2.16292E+01	1.57069E+05
3.00000E+00	2.19101E+01	1.55468E+05
3.00000E+00	2.21910E+01	1.53843E+05
3.00000E+00	2.24719E+01	1.52217E+05
3.00000E+00	2.27528E+01	1.50594E+05
3.00000E+00	2.30337E+01	1.48980E+05
3.00000E+00	2.33146E+01	1.47384E+05
3.00000E+00	2.35955E+01	1.45808E+05
3.00000E+00	2.38764E+01	1.44250E+05
3.00000E+00	2.41573E+01	1.42713E+05
3.00000E+00	2.44382E+01	1.41202E+05
3.00000E+00	2.47191E+01	1.39716E+05
3.00000E+00	2.50000E+01	1.38258E+05
3.50000E+00	0.00000E+00	9.50862E+02
3.50000E+00	2.80899E-01	1.01464E+03
3.50000E+00	5.61798E-01	1.06750E+03
3.50000E+00	8.42697E-01	1.08597E+03
3.50000E+00	1.12360E+00	1.05993E+03
3.50000E+00	1.40449E+00	1.00773E+03
3.50000E+00	1.68539E+00	9.57921E+02
3.50000E+00	1.96629E+00	9.24484E+02
3.50000E+00	2.24719E+00	9.10861E+02
3.50000E+00	2.52809E+00	9.16750E+02
3.50000E+00	2.80899E+00	9.41815E+02
3.50000E+00	3.08989E+00	9.87353E+02
3.50000E+00	3.37079E+00	1.05695E+03
3.50000E+00	3.65169E+00	1.15711E+03
3.50000E+00	3.93258E+00	1.29751E+03
3.50000E+00	4.21348E+00	1.48790E+03
3.50000E+00	4.49438E+00	1.73486E+03
3.50000E+00	4.77528E+00	2.04633E+03
3.50000E+00	5.05618E+00	2.43995E+03
3.50000E+00	5.33708E+00	2.94851E+03
3.50000E+00	5.61798E+00	3.61984E+03
3.50000E+00	5.89888E+00	4.51201E+03
3.50000E+00	6.17978E+00	5.68512E+03
3.50000E+00	6.46067E+00	7.18972E+03
3.50000E+00	6.74157E+00	9.04103E+03
3.50000E+00	7.02247E+00	1.11828E+04
3.50000E+00	7.30337E+00	1.34758E+04
3.50000E+00	7.58427E+00	1.57361E+04
3.50000E+00	7.86517E+00	1.78271E+04
3.50000E+00	8.14607E+00	1.97174E+04
3.50000E+00	8.42697E+00	2.14522E+04
3.50000E+00	8.70787E+00	2.30987E+04
3.50000E+00	8.98876E+00	2.47143E+04
3.50000E+00	9.26966E+00	2.63368E+04
3.50000E+00	9.55056E+00	2.79806E+04
3.50000E+00	9.83146E+00	2.96570E+04
3.50000E+00	1.01124E+01	3.13957E+04
3.50000E+00	1.03933E+01	3.32369E+04
3.50000E+00	1.06742E+01	3.52317E+04
3.50000E+00	1.09551E+01	3.74448E+04
3.50000E+00	1.12360E+01	3.99458E+04
3.50000E+00	1.15169E+01	4.28096E+04
3.50000E+00	1.17978E+01	4.61173E+04
3.50000E+00	1.20787E+01	4.99442E+04
3.50000E+00	1.23596E+01	5.43396E+04
3.50000E+00	1.26404E+01	5.93025E+04
3.50000E+00	1.29213E+01	6.47532E+04
3.50000E+00	1.32022E+01	7.05346E+04
3.50000E+00	1.34831E+01	7.64952E+04
3.50000E+00	1.37640E+01	8.25797E+04
3.50000E+00	1.40449E+01	8.87952E+04
3.50000E+00	1.43258E+01	9.51240E+04
3.50000E+00	1.46067E+01	1.01494E+05
3.50000E+00	1.48876E+01	1.07794E+05
3.50000E+00	1.51685E+01	1.13906E+05
3.50000E+00	1.54494E+01	1.19729E+05
3.50000E+00	1.57303E+01	1.25198E+05
3.50000E+00	1.60112E+01	1.30276E+05
3.50000E+00	1.62921E+01	1.34948E+05
3.50000E+00	1.65730E+01	1.39216E+05
3.50000E+00	1.68539E+01	1.43090E+05
3.50000E+00	1.71348E+01	1.46597E+05
3.50000E+00	1.74157E+01	1.49770E+05
3.50000E+00	1.76966E+01	1.52649E+05
3.50000E+00	1.79775E+01	1.55265E+05
3.50000E+00	1.82584E+01	1.57634E+05
3.50000E+00	1.85393E+01	1.59748E+05
3.50000E+00	1.88202E+01	1.61560E+05
3.50000E+00	1.91011E+01	1.62980E+05
3.50000E+00	1.93820E+01	1.63883E+05
3.50000E+00	1.96629E+01	1.64184E+05
3.50000E+00	1.99438E+01	1.63930E+05
3.50000E+00	2.02247E+01	1.63268E+05
3.50000E+00	2.05056E+01	1.62339E+05
3.50000E+00	2.07865E+01	1.61220E+05
3.50000E+00	2.10674E+01	1.59943E+05
3.50000E+00	2.13483E+01	1.58530E+05
3.50000E+00	2.16292E+01	1.57010E+05
3.50000E+00	2.19101E+01	1.55426E+05
3.50000E+00	2.21910E+01	1.53812E+05
3.50000E+00	2.24719E+01	1.52192E+05
3.50000E+00	2.27528E+01	1.50573E+05
3.50000E+00	2.30337E+01	1.48962E+05
3.50000E+00	2.33146E+01	1.47369E+05
3.50000E+00	2.35955E+01	1.45794E+05
3.50000E+00	2.38764E+01	1.44237E+05
3.50000E+00	2.41573E+01	1.42703E+05
3.50000E+00	2.44382E+01	1.41193E+05
3.50000E+00	2.47191E+01	1.39708E+05
3.50000E+00	2.50000E+01	1.38251E+05
4.00000E+00	0.00000E+00	9.86453E+02
4.00000E+00	2.80899E-01	1.02891E+03
4.00000E+00	5.61798E-01	1.05798E+03
4.00000E+00	8.42697E-01	1.06106E+03
4.00000E+00	1.12360E+00	1.04093E+03
4.00000E+00	1.40449E+00	1.00169E+03
4.00000E+00	1.68539E+00	9.61158E+02
4.00000E+00	1.96629E+00	9.33061E+02
4.00000E+00	2.24719E+00	9.22986E+02
4.00000E+00	2.52809E+00	9.32256E+02
4.00000E+00	2.80899E+00	9.61508E+02
4.00000E+00	3.08989E+00	1.01261E+03
4.00000E+00	3.37079E+00	1.08953E+03
4.00000E+00	3.65169E+00	1.19885E+03
4.00000E+00	3.93258E+00	1.34949E+03
4.00000E+00	4.21348E+00	1.55076E+03
4.00000E+00	4.49438E+00	1.81118E+03
4.00000E+00	4.77528E+00	2.14196E+03
4.00000E+00	5.05618E+00	2.56321E+03
4.00000E+00	5.33708E+00	3.10783E+03
4.00000E+00	5.61798E+00	3.82106E+03
4.00000E+00	5.89888E+00	4.75566E+03
4.00000E+00	6.17978E+00	5.96340E+03
4.00000E+00	6.46067E+00	7.48202E+03
4.00000E+00	6.74157E+00	9.31300E+03
4.00000E+00	7.02247E+00	1.13972E+04
4.00000E+00	7.30337E+00	1.36115E+04
4.00000E+00	7.58427E+00	1.58048E+04
4.00000E+00	7.86517E+00	1.78638E+04
4.00000E+00	8.14607E+00	1.97544E+04
4.00000E+00	8.42697E+00	2.15060E+04
4.00000E+00	8.70787E+00	2.31725E+04
4.00000E+00	8.98876E+00	2.48048E+04
4.00000E+00	9.26966E+00	2.64386E+04
4.00000E+00	9.55056E+00	2.80941E+04
4.00000E+00	9.83146E+00	2.97894E+04
4.00000E+00	1.01124E+01	3.15543E+04
4.00000E+00	1.03933E+01	3.34296E+04
4.00000E+00	1.06742E+01	3.54665E+04
4.00000E+00	1.09551E+01	3.77273E+04
4.00000E+00	1.12360E+01	4.02804E+04
4.00000E+00	1.15169E+01	4.31984E+04
4.00000E+00	1.17978E+01	4.65557E+04
4.00000E+00	1.20787E+01	5.04175E+04
4.00000E+00	1.23596E+01	5.48219E+04
4.00000E+00	1.26404E+01	5.97591E+04
4.00000E+00	1.29213E+01	6.51539E+04
4.00000E+00	1.32022E+01	7.08764E+04
4.00000E+00	1.34831E+01	7.68027E+04
4.00000E+00	1.37640E+01	8.28710E+04
4.00000E+00	1.40449E+01	8.90636E+04
4.00000E+00	1.43258E+01	9.53498E+04
4.00000E+00	1.46067E+01	1.01660E+05
4.00000E+00	1.48876E+01	1.07894E+05
4.00000E+00	1.51685E+01	1.13945E+05
4.00000E+00	1.54494E+01	1.19719E+05
4.00000E+00	1.57303E+01	1.25151E+05
4.00000E+00	1.60112E+01	1.30204E+05
4.00000E+00	1.62921E+01	1.34862E+05
4.00000E+00	1.65730E+01	1.39121E+05
4.00000E+00	1.68539E+01	1.42996E+05
4.00000E+00	1.71348E+01	1.46507E+05
4.00000E+00	1.74157E+01	1.49687E+05
4.00000E+00	1.76966E+01	1.52570E+05
4.00000E+00	1.79775E+01	1.55182E+05
4.00000E+00	1.82584E+01	1.57534E+05
4.00000E+00	1.85393E+01	1.59613E+05
4.00000E+00	1.88202E+01	1.61374E+05
4.00000E+00	1.91011E+01	1.62735E+05
4.00000E+00	1.93820E+01	1.63598E+05
4.00000E+00	1.96629E+01	1.63906E+05
4.00000E+00	1.99438E+01	1.63699E+05
4.00000E+00	2.02247E+01	1.63090E+05
4.00000E+00	2.05056E+01	1.62197E+05
4.00000E+00	2.07865E+01	1.61100E+05
4.00000E+00	2.10674E+01	1.59839E+05
4.00000E+00	2.13483E+01	1.58442E+05
4.00000E+00	2.16292E+01	1.56941E+05
4.00000E+00	2.19101E+01	1.55374E+05
4.00000E+00	2.21910E+01	1.53773E+05
4.00000E+00	2.24719E+01	1.52160E+05
4.00000E+00	2.27528E+01	1.50546E+05
4.00000E+00	2.30337E+01	1.48941E+05
4.00000E+00	2.33146E+01	1.47350E+05
4.00000E+00	2.35955E+01	1.45776E+05
4.00000E+00	2.38764E+01	1.44222E+05
4.00000E+00	2.41573E+01	1.42690E+05
4.00000E+00	2.44382E+01	1.41181E+05
4.00000E+00	2.47191E+01	1.39698E+05
4.00000E+00	2.50000E+01	1.38242E+05
5.00000E+00	0.00000E+00	1.01532E+03
5.00000E+00	2.80899E-01	1.03232E+03
5.00000E+00	5.61798E-01	1.03850E+03
5.00000E+00	8.42697E-01	1.02889E+03
5.00000E+00	1.12360E+00	1.01267E+03
5.00000E+00	1.40449E+00	9.93077E+02
5.00000E+00	1.68539E+00	9.73132E+02
5.00000E+00	1.96629E+00	9.60330E+02
5.00000E+00	2.24719E+00	9.61382E+02
5.00000E+00	2.52809E+00	9.80615E+02
5.00000E+00	2.80899E+00	1.02115E+03
5.00000E+00	3.08989E+00	1.08646E+03
5.00000E+00	3.37079E+00	1.18148E+03
5.00000E+00	3.65169E+00	1.31300E+03
5.00000E+00	3.93258E+00	1.48965E+03
5.00000E+00	4.21348E+00	1.72136E+03
5.00000E+00	4.49438E+00	2.01975E+03
5.00000E+00	4.77528E+00	2.40044E+03
5.00000E+00	5.05618E+00	2.88608E+03
5.00000E+00	5.33708E+00	3.50791E+03
5.00000E+00	5.61798E+00	4.30434E+03
5.00000E+00	5.89888E+00	5.31599E+03
5.00000E+00	6.17978E+00	6.57748E+03
5.00000E+00	6.46067E+00	8.10569E+03
5.00000E+00	6.74157E+00	9.88566E+03
5.00000E+00	7.02247E+00	1.18607E+04
5.00000E+00	7.30337E+00	1.39377E+04
5.00000E+00	7.58427E+00	1.60122E+04
5.00000E+00	7.86517E+00	1.80048E+04
5.00000E+00	8.14607E+00	1.98826E+04
5.00000E+00	8.42697E+00	2.16557E+04
5.00000E+00	8.70787E+00	2.33572E+04
5.00000E+00	8.98876E+00	2.50252E+04
5.00000E+00	9.26966E+00	2.66925E+04
5.00000E+00	9.55056E+00	2.83857E+04
5.00000E+00	9.83146E+00	3.01310E+04
5.00000E+00	1.01124E+01	3.19612E+04
5.00000E+00	1.03933E+01	3.39177E+04
5.00000E+00	1.06742E+01	3.60511E+04
5.00000E+00	1.09551E+01	3.84194E+04
5.00000E+00	1.12360E+01	4.10858E+04
5.00000E+00	1.15169E+01	4.41150E+04
5.00000E+00	1.17978E+01	4.75675E+04
5.00000E+00	1.20787E+01	5.14906E+04
5.00000E+00	1.23596E+01	5.59047E+04
5.00000E+00	1.26404E+01	6.07915E+04
5.00000E+00	1.29213E+01	6.60889E+04
5.00000E+00	1.32022E+01	7.17045E+04
5.00000E+00	1.34831E+01	7.75467E+04
5.00000E+00	1.37640E+01	8.35497E+04
5.00000E+00	1.40449E+01	8.96679E+04
5.00000E+00	1.43258E+01	9.58523E+04
5.00000E+00	1.46067E+01	1.02035E+05
5.00000E+00	1.48876E+01	1.08131E+05
5.00000E+00	1.51685E+01	1.14051E+05
5.00000E+00	1.54494E+01	1.19714E+05
5.00000E+00	1.57303E+01	1.25062E+05
5.00000E+00	1.60112E+01	1.30054E+05
5.00000E+00	1.62921E+01	1.34672E+05
5.00000E+00	1.65730E+01	1.38910E+05
5.00000E+00	1.68539E+01	1.42777E+05
5.00000E+00	1.71348E+01	1.46291E+05
5.00000E+00	1.74157E+01	1.49476E+05
5.00000E+00	1.76966E+01	1.52356E+05
5.00000E+00	1.79775E+01	1.54947E+05
5.00000E+00	1.82584E+01	1.57255E+05
5.00000E+00	1.85393E+01	1.59260E+05
5.00000E+00	1.88202E+01	1.60923E+05
5.00000E+00	1.91011E+01	1.62186E+05
5.00000E+00	1.93820E+01	1.62990E+05
5.00000E+00	1.96629E+01	1.63309E+05
5.00000E+00	1.99438E+01	1.63172E+05
5.00000E+00	2.02247E+01	1.62654E+05
5.00000E+00	2.05056E+01	1.61840E+05
5.00000E+00	2.07865E+01	1.60800E+05
5.00000E+00	2.10674E+01	1.59584E+05
5.00000E+00	2.13483E+01	1.58229E+05
5.00000E+00	2.16292E+01	1.56770E+05
5.00000E+00	2.19101E+01	1.55241E+05
5.00000E+00	2.21910E+01	1.53668E+05
5.00000E+00	2.24719E+01	1.52076E+05
5.00000E+00	2.27528E+01	1.50478E+05
5.00000E+00	2.30337E+01	1.48883E+05
5.00000E+00	2.33146E+01	1.47300E+05
5.00000E+00	2.35955E+01	1.45733E+05
5.00000E+00	2.38764E+01	1.44184E+05
5.00000E+00	2.41573E+01	1.42656E+05
5.00000E+00	2.44382E+01	1.41152E+05
5.00000E+00	2.47191E+01	1.39671E+05
5.00000E+00	2.50000E+01	1.38217E+05
6.00000E+00	0.00000E+00	1.02361E+03
6.00000E+00	2.80899E-01	1.02965E+03
6.00000E+00	5.61798E-01	1.02891E+03
6.00000E+00	8.42697E-01	1.01986E+03
6.00000E+00	1.12360E+00	1.00746E+03
6.00000E+00	1.40449E+00	1.00035E+03
6.00000E+00	1.68539E+00	9.98851E+02
6.00000E+00	1.96629E+00	1.00520E+03
6.00000E+00	2.24719E+00	1.02380E+03
6.00000E+00	2.52809E+00	1.05965E+03
6.00000E+00	2.80899E+00	1.11772E+03
6.00000E+00	3.08989E+00	1.20327E+03
6.00000E+00	3.37079E+00	1.32249E+03
6.00000E+00	3.65169E+00	1.48301E+03
6.00000E+00	3.93258E+00	1.69406E+03
6.00000E+00	4.21348E+00	1.96675E+03
6.00000E+00	4.49438E+00	2.31465E+03
6.00000E+00	4.77528E+00	2.75515E+03
6.00000E+00	5.05618E+00	3.31067E+03
6.00000E+00	5.33708E+00	4.00869E+03
6.00000E+00	5.61798E+00	4.87966E+03
6.00000E+00	5.89888E+00	5.95237E+03
6.00000E+00	6.17978E+00	7.24708E+03
6.00000E+00	6.46067E+00	8.76711E+03
6.00000E+00	6.74157E+00	1.04910E+04
6.00000E+00	7.02247E+00	1.23698E+04
6.00000E+00	7.30337E+00	1.43338E+04
6.00000E+00	7.58427E+00	1.63092E+04
6.00000E+00	7.86517E+00	1.82389E+04
6.00000E+00	8.14607E+00	2.00949E+04
6.00000E+00	8.42697E+00	2.18783E+04
6.00000E+00	8.70787E+00	2.36093E+04
6.00000E+00	8.98876E+00	2.53164E+04
6.00000E+00	9.26966E+00	2.70290E+04
6.00000E+00	9.55056E+00	2.87759E+04
6.00000E+00	9.83146E+00	3.05875E+04
6.00000E+00	1.01124E+01	3.24987E+04
6.00000E+00	1.03933E+01	3.45511E+04
6.00000E+00	1.06742E+01	3.67928E+04
6.00000E+00	1.09551E+01	3.92775E+04
6.00000E+00	1.12360E+01	4.20611E+04
6.00000E+00	1.15169E+01	4.51984E+04
6.00000E+00	1.17978E+01	4.87371E+04
6.00000E+00	1.20787E+01	5.27101E+04
6.00000E+00	1.23596E+01	5.71267E+04
6.00000E+00	1.26404E+01	6.19665E+04
6.00000E+00	1.29213E+01	6.71789E+04
6.00000E+00	1.32022E+01	7.26935E+04
6.00000E+00	1.34831E+01	7.84365E+04
6.00000E+00	1.37640E+01	8.43429E+04
6.00000E+00	1.40449E+01	9.03562E+04
6.00000E+00	1.43258E+01	9.64182E+04
6.00000E+00	1.46067E+01	1.02462E+05
6.00000E+00	1.48876E+01	1.08413E+05
6.00000E+00	1.51685E+01	1.14194E+05
6.00000E+00	1.54494E+01	1.19737E+05
6.00000E+00	1.57303E+01	1.24986E+05
6.00000E+00	1.60112E+01	1.29903E+05
6.00000E+00	1.62921E+01	1.34468E+05
6.00000E+00	1.65730E+01	1.38672E+05
6.00000E+00	1.68539E+01	1.42519E+05
6.00000E+00	1.71348E+01	1.46022E+05
6.00000E+00	1.74157E+01	1.49197E+05
6.00000E+00	1.76966E+01	1.52059E+05
6.00000E+00	1.79775E+01	1.54618E+05
6.00000E+00	1.82584E+01	1.56871E+05
6.00000E+00	1.85393E+01	1.58803E+05
6.00000E+00	1.88202E+01	1.60383E+05
6.00000E+00	1.91011E+01	1.61570E+05
6.00000E+00	1.93820E+01	1.62333E+05
6.00000E+00	1.96629E+01	1.62660E+05
6.00000E+00	1.99438E+01	1.62575E+05
6.00000E+00	2.02247E+01	1.62132E+05
6.00000E+00	2.05056E+01	1.61394E+05
6.00000E+00	2.07865E+01	1.60421E+05
6.00000E+00	2.10674E+01	1.59263E+05
6.00000E+00	2.13483E+01	1.57961E+05
6.00000E+00	2.16292E+01	1.56550E+05
6.00000E+00	2.19101E+01	1.55063E+05
6.00000E+00	2.21910E+01	1.53526E+05
6.00000E+00	2.24719E+01	1.51960E+05
6.00000E+00	2.27528E+01	1.50383E+05
6.00000E+00	2.30337E+01	1.48804E+05
6.00000E+00	2.33146E+01	1.47233E+05
6.00000E+00	2.35955E+01	1.45675E+05
6.00000E+00	2.38764E+01	1.44133E+05
6.00000E+00	2.41573E+01	1.42611E+05
6.00000E+00	2.44382E+01	1.41111E+05
6.00000E+00	2.47191E+01	1.39634E+05
6.00000E+00	2.50000E+01	1.38181E+05
7.00000E+00	0.00000E+00	1.03781E+03
7.00000E+00	2.80899E-01	1.04099E+03
7.00000E+00	5.61798E-01	1.04098E+03
7.00000E+00	8.42697E-01	1.03777E+03
7.00000E+00	1.12360E+00	1.03435E+03
7.00000E+00	1.40449E+00	1.03774E+03
7.00000E+00	1.68539E+00	1.05260E+03
7.00000E+00	1.96629E+00	1.07938E+03
7.00000E+00	2.24719E+00	1.12051E+03
7.00000E+00	2.52809E+00	1.18011E+03
7.00000E+00	2.80899E+00	1.26353E+03
7.00000E+00	3.08989E+00	1.37711E+03
7.00000E+00	3.37079E+00	1.52818E+03
7.00000E+00	3.65169E+00	1.72534E+03
7.00000E+00	3.93258E+00	1.97869E+03
7.00000E+00	4.21348E+00	2.30021E+03
7.00000E+00	4.49438E+00	2.70420E+03
7.00000E+00	4.77528E+00	3.20793E+03
7.00000E+00	5.05618E+00	3.83177E+03
7.00000E+00	5.33708E+00	4.59844E+03
7.00000E+00	5.61798E+00	5.53071E+03
7.00000E+00	5.89888E+00	6.64752E+03
7.00000E+00	6.17978E+00	7.95887E+03
7.00000E+00	6.46067E+00	9.46045E+03
7.00000E+00	6.74157E+00	1.11298E+04
7.00000E+00	7.02247E+00	1.29267E+04
7.00000E+00	7.30337E+00	1.47988E+04
7.00000E+00	7.58427E+00	1.66933E+04
7.00000E+00	7.86517E+00	1.85685E+04
7.00000E+00	8.14607E+00	2.04021E+04
7.00000E+00	8.42697E+00	2.21917E+04
7.00000E+00	8.70787E+00	2.39503E+04
7.00000E+00	8.98876E+00	2.57000E+04
7.00000E+00	9.26966E+00	2.74672E+04
7.00000E+00	9.55056E+00	2.92804E+04
7.00000E+00	9.83146E+00	3.11714E+04
7.00000E+00	1.01124E+01	3.31755E+04
7.00000E+00	1.03933E+01	3.53333E+04
7.00000E+00	1.06742E+01	3.76895E+04
7.00000E+00	1.09551E+01	4.02923E+04
7.00000E+00	1.12360E+01	4.31899E+04
7.00000E+00	1.15169E+01	4.64273E+04
7.00000E+00	1.17978E+01	5.00411E+04
7.00000E+00	1.20787E+01	5.40535E+04
7.00000E+00	1.23596E+01	5.84671E+04
7.00000E+00	1.26404E+01	6.32615E+04
7.00000E+00	1.29213E+01	6.83944E+04
7.00000E+00	1.32022E+01	7.38089E+04
7.00000E+00	1.34831E+01	7.94419E+04
7.00000E+00	1.37640E+01	8.52317E+04
7.00000E+00	1.40449E+01	9.11187E+04
7.00000E+00	1.43258E+01	9.70423E+04
7.00000E+00	1.46067E+01	1.02938E+05
7.00000E+00	1.48876E+01	1.08737E+05
7.00000E+00	1.51685E+01	1.14374E+05
7.00000E+00	1.54494E+01	1.19787E+05
7.00000E+00	1.57303E+01	1.24926E+05
7.00000E+00	1.60112E+01	1.29757E+05
7.00000E+00	1.62921E+01	1.34255E+05
7.00000E+00	1.65730E+01	1.38411E+05
7.00000E+00	1.68539E+01	1.42224E+05
7.00000E+00	1.71348E+01	1.45700E+05
7.00000E+00	1.74157E+01	1.48849E+05
7.00000E+00	1.76966E+01	1.51679E+05
7.00000E+00	1.79775E+01	1.54194E+05
7.00000E+00	1.82584E+01	1.56391E+05
7.00000E+00	1.85393E+01	1.58256E+05
7.00000E+00	1.88202E+01	1.59765E+05
7.00000E+00	1.91011E+01	1.60896E+05
7.00000E+00	1.93820E+01	1.61629E+05
7.00000E+00	1.96629E+01	1.61963E+05
7.00000E+00	1.99438E+01	1.61921E+05
7.00000E+00	2.02247E+01	1.61541E+05
7.00000E+00	2.05056E+01	1.60874E+05
7.00000E+00	2.07865E+01	1.59970E+05
7.00000E+00	2.10674E+01	1.58877E+05
7.00000E+00	2.13483E+01	1.57635E+05
7.00000E+00	2.16292E+01	1.56278E+05
7.00000E+00	2.19101E+01	1.54838E+05
7.00000E+00	2.21910E+01	1.53341E+05
7.00000E+00	2.24719E+01	1.51808E+05
7.00000E+00	2.27528E+01	1.50257E+05
7.00000E+00	2.30337E+01	1.48699E+05
7.00000E+00	2.33146E+01	1.47144E+05
7.00000E+00	2.35955E+01	1.45598E+05
7.00000E+00	2.38764E+01	1.44066E+05
7.00000E+00	2.41573E+01	1.42551E+05
7.00000E+00	2.44382E+01	1.41057E+05
7.00000E+00	2.47191E+01	1.39584E+05
7.00000E+00	2.50000E+01	1.38132E+05
8.00000E+00	0.00000E+00	1.07623E+03
8.00000E+00	2.80899E-01	1.08163E+03
8.00000E+00	5.61798E-01	1.08693E+03
8.00000E+00	8.42697E-01	1.09294E+03
8.00000E+00	1.12360E+00	1.10206E+03
8.00000E+00	1.40449E+00	1.11890E+03
8.00000E+00	1.68539E+00	1.15029E+03
8.00000E+00	1.96629E+00	1.19866E+03
8.00000E+00	2.24719E+00	1.26572E+03
8.00000E+00	2.52809E+00	1.35476E+03
8.00000E+00	2.80899E+00	1.47074E+03
8.00000E+00	3.08989E+00	1.62008E+03
8.00000E+00	3.37079E+00	1.81061E+03
8.00000E+00	3.65169E+00	2.05150E+03
8.00000E+00	3.93258E+00	2.35337E+03
8.00000E+00	4.21348E+00	2.72845E+03
8.00000E+00	4.49438E+00	3.19081E+03
8.00000E+00	4.77528E+00	3.75640E+03
8.00000E+00	5.05618E+00	4.44273E+03
8.00000E+00	5.33708E+00	5.26775E+03
8.00000E+00	5.61798E+00	6.24771E+03
8.00000E+00	5.89888E+00	7.39421E+03
8.00000E+00	6.17978E+00	8.71067E+03
8.00000E+00	6.46067E+00	1.01892E+04
8.00000E+00	6.74157E+00	1.18090E+04
8.00000E+00	7.02247E+00	1.35379E+04
8.00000E+00	7.30337E+00	1.53367E+04
8.00000E+00	7.58427E+00	1.71670E+04
8.00000E+00	7.86517E+00	1.89986E+04
8.00000E+00	8.14607E+00	2.08142E+04
8.00000E+00	8.42697E+00	2.26112E+04
8.00000E+00	8.70787E+00	2.43988E+04
8.00000E+00	8.98876E+00	2.61952E+04
8.00000E+00	9.26966E+00	2.80238E+04
8.00000E+00	9.55056E+00	2.99122E+04
8.00000E+00	9.83146E+00	3.18912E+04
8.00000E+00	1.01124E+01	3.39953E+04
8.00000E+00	1.03933E+01	3.62626E+04
8.00000E+00	1.06742E+01	3.87338E+04
8.00000E+00	1.09551E+01	4.14509E+04
8.00000E+00	1.12360E+01	4.44549E+04
8.00000E+00	1.15169E+01	4.77817E+04
8.00000E+00	1.17978E+01	5.14587E+04
8.00000E+00	1.20787E+01	5.55006E+04
8.00000E+00	1.23596E+01	5.99054E+04
8.00000E+00	1.26404E+01	6.46533E+04
8.00000E+00	1.29213E+01	6.97079E+04
8.00000E+00	1.32022E+01	7.50206E+04
8.00000E+00	1.34831E+01	8.05360E+04
8.00000E+00	1.37640E+01	8.61964E+04
8.00000E+00	1.40449E+01	9.19433E+04
8.00000E+00	1.43258E+01	9.77172E+04
8.00000E+00	1.46067E+01	1.03457E+05
8.00000E+00	1.48876E+01	1.09100E+05
8.00000E+00	1.51685E+01	1.14587E+05
8.00000E+00	1.54494E+01	1.19863E+05
8.00000E+00	1.57303E+01	1.24884E+05
8.00000E+00	1.60112E+01	1.29616E+05
8.00000E+00	1.62921E+01	1.34035E+05
8.00000E+00	1.65730E+01	1.38128E+05
8.00000E+00	1.68539E+01	1.41891E+05
8.00000E+00	1.71348E+01	1.45325E+05
8.00000E+00	1.74157E+01	1.48433E+05
8.00000E+00	1.76966E+01	1.51220E+05
8.00000E+00	1.79775E+01	1.53686E+05
8.00000E+00	1.82584E+01	1.55826E+05
8.00000E+00	1.85393E+01	1.57630E+05
8.00000E+00	1.88202E+01	1.59082E+05
8.00000E+00	1.91011E+01	1.60168E+05
8.00000E+00	1.93820E+01	1.60880E+05
8.00000E+00	1.96629E+01	1.61223E+05
8.00000E+00	1.99438E+01	1.61216E+05
8.00000E+00	2.02247E+01	1.60892E+05
8.00000E+00	2.05056E+01	1.60290E+05
8.00000E+00	2.07865E+01	1.59456E+05
8.00000E+00	2.10674E+01	1.58430E+05
8.00000E+00	2.13483E+01	1.57250E+05
8.00000E+00	2.16292E+01	1.55951E+05
8.00000E+00	2.19101E+01	1.54563E+05
8.00000E+00	2.21910E+01	1.53111E+05
8.00000E+00	2.24719E+01	1.51616E+05
8.00000E+00	2.27528E+01	1.50096E+05
8.00000E+00	2.30337E+01	1.48563E+05
8.00000E+00	2.33146E+01	1.47028E+05
8.00000E+00	2.35955E+01	1.45498E+05
8.00000E+00	2.38764E+01	1.43978E+05
8.00000E+00	2.41573E+01	1.42474E+05
8.00000E+00	2.44382E+01	1.40986E+05
8.00000E+00	2.47191E+01	1.39517E+05
8.00000E+00	2.50000E+01	1.38069E+05
9.00000E+00	0.00000E+00	1.15426E+03
9.00000E+00	2.80899E-01	1.16559E+03
9.00000E+00	5.61798E-01	1.17965E+03
9.00000E+00	8.42697E-01	1.19777E+03
9.00000E+00	1.12360E+00	1.22223E+03
9.00000E+00	1.40449E+00	1.25668E+03
9.00000E+00	1.68539E+00	1.30671E+03
9.00000E+00	1.96629E+00	1.37841E+03
9.00000E+00	2.24719E+00	1.47394E+03
9.00000E+00	2.52809E+00	1.59635E+03
9.00000E+00	2.80899E+00	1.75011E+03
9.00000E+00	3.08989E+00	1.94124E+03
9.00000E+00	3.37079E+00	2.17728E+03
9.00000E+00	3.65169E+00	2.46732E+03
9.00000E+00	3.93258E+00	2.82181E+03
9.00000E+00	4.21348E+00	3.25258E+03
9.00000E+00	4.49438E+00	3.77272E+03
9.00000E+00	4.77528E+00	4.39632E+03
9.00000E+00	5.05618E+00	5.13788E+03
9.00000E+00	5.33708E+00	6.01113E+03
9.00000E+00	5.61798E+00	7.02731E+03
9.00000E+00	5.89888E+00	8.19298E+03
9.00000E+00	6.17978E+00	9.50777E+03
9.00000E+00	6.46067E+00	1.09627E+04
9.00000E+00	6.74157E+00	1.25399E+04
9.00000E+00	7.02247E+00	1.42139E+04
9.00000E+00	7.30337E+00	1.59556E+04
9.00000E+00	7.58427E+00	1.77371E+04
9.00000E+00	7.86517E+00	1.95366E+04
9.00000E+00	8.14607E+00	2.13415E+04
9.00000E+00	8.42697E+00	2.31500E+04
9.00000E+00	8.70787E+00	2.49698E+04
9.00000E+00	8.98876E+00	2.68165E+04
9.00000E+00	9.26966E+00	2.87114E+04
9.00000E+00	9.55056E+00	3.06798E+04
9.00000E+00	9.83146E+00	3.27511E+04
9.00000E+00	1.01124E+01	3.49573E+04
9.00000E+00	1.03933E+01	3.73333E+04
9.00000E+00	1.06742E+01	3.99152E+04
9.00000E+00	1.09551E+01	4.27392E+04
9.00000E+00	1.12360E+01	4.58389E+04
9.00000E+00	1.15169E+01	4.92428E+04
9.00000E+00	1.17978E+01	5.29710E+04
9.00000E+00	1.20787E+01	5.70322E+04
9.00000E+00	1.23596E+01	6.14216E+04
9.00000E+00	1.26404E+01	6.61198E+04
9.00000E+00	1.29213E+01	7.10945E+04
9.00000E+00	1.32022E+01	7.63029E+04
9.00000E+00	1.34831E+01	8.16954E+04
9.00000E+00	1.37640E+01	8.72185E+04
9.00000E+00	1.40449E+01	9.28170E+04
9.00000E+00	1.43258E+01	9.84340E+04
9.00000E+00	1.46067E+01	1.04012E+05
9.00000E+00	1.48876E+01	1.09495E+05
9.00000E+00	1.51685E+01	1.14828E+05
9.00000E+00	1.54494E+01	1.19962E+05
9.00000E+00	1.57303E+01	1.24857E+05
9.00000E+00	1.60112E+01	1.29480E+05
9.00000E+00	1.62921E+01	1.33808E+05
9.00000E+00	1.65730E+01	1.37825E+05
9.00000E+00	1.68539E+01	1.41524E+05
9.00000E+00	1.71348E+01	1.44902E+05
9.00000E+00	1.74157E+01	1.47958E+05
9.00000E+00	1.76966E+01	1.50693E+05
9.00000E+00	1.79775E+01	1.53104E+05
9.00000E+00	1.82584E+01	1.55188E+05
9.00000E+00	1.85393E+01	1.56936E+05
9.00000E+00	1.88202E+01	1.58340E+05
9.00000E+00	1.91011E+01	1.59392E+05
9.00000E+00	1.93820E+01	1.60091E+05
9.00000E+00	1.96629E+01	1.60443E+05
9.00000E+00	1.99438E+01	1.60468E+05
9.00000E+00	2.02247E+01	1.60193E+05
9.00000E+00	2.05056E+01	1.59652E+05
9.00000E+00	2.07865E+01	1.58884E+05
9.00000E+00	2.10674E+01	1.57925E+05
9.00000E+00	2.13483E+01	1.56810E+05
9.00000E+00	2.16292E+01	1.55571E+05
9.00000E+00	2.19101E+01	1.54238E+05
9.00000E+00	2.21910E+01	1.52834E+05
9.00000E+00	2.24719E+01	1.51382E+05
9.00000E+00	2.27528E+01	1.49897E+05
9.00000E+00	2.30337E+01	1.48393E+05
9.00000E+00	2.33146E+01	1.46882E+05
9.00000E+00	2.35955E+01	1.45371E+05
9.00000E+00	2.38764E+01	1.43867E+05
9.00000E+00	2.41573E+01	1.42374E+05
9.00000E+00	2.44382E+01	1.40896E+05
9.00000E+00	2.47191E+01	1.39433E+05
9.00000E+00	2.50000E+01	1.37988E+05
1.00000E+01	0.00000E+00	1.28558E+03
1.00000E+01	2.80899E-01	1.30590E+03
1.00000E+01	5.61798E-01	1.33168E+03
1.00000E+01	8.42697E-01	1.36461E+03
1.00000E+01	1.12360E+00	1.40703E+03
1.00000E+01	1.40449E+00	1.46224E+03
1.00000E+01	1.68539E+00	1.53484E+03
1.00000E+01	1.96629E+00	1.63155E+03
1.00000E+01	2.24719E+00	1.75747E+03
1.00000E+01	2.52809E+00	1.91560E+03
1.00000E+01	2.80899E+00	2.11016E+03
1.00000E+01	3.08989E+00	2.34661E+03
1.00000E+01	3.37079E+00	2.63185E+03
1.00000E+01	3.65169E+00	2.97421E+03
1.00000E+01	3.93258E+00	3.38335E+03
1.00000E+01	4.21348E+00	3.87005E+03
1.00000E+01	4.49438E+00	4.44596E+03
1.00000E+01	4.77528E+00	5.12309E+03
1.00000E+01	5.05618E+00	5.91314E+03
1.00000E+01	5.33708E+00	6.82644E+03
1.00000E+01	5.61798E+00	7.87060E+03
1.00000E+01	5.89888E+00	9.04899E+03
1.00000E+01	6.17978E+00	1.03594E+04
1.00000E+01	6.46067E+00	1.17932E+04
1.00000E+01	6.74157E+00	1.33357E+04
1.00000E+01	7.02247E+00	1.49672E+04
1.00000E+01	7.30337E+00	1.66663E+04
1.00000E+01	7.58427E+00	1.84130E+04
1.00000E+01	7.86517E+00	2.01916E+04
1.00000E+01	8.14607E+00	2.19938E+04
1.00000E+01	8.42697E+00	2.38191E+04
1.00000E+01	8.70787E+00	2.56748E+04
1.00000E+01	8.98876E+00	2.75747E+04
1.00000E+01	9.26966E+00	2.95380E+04
1.00000E+01	9.55056E+00	3.15880E+04
1.00000E+01	9.83146E+00	3.37515E+04
1.00000E+01	1.01124E+01	3.60576E+04
1.00000E+01	1.03933E+01	3.85374E+04
1.00000E+01	1.06742E+01	4.12222E+04
1.00000E+01	1.09551E+01	4.41425E+04
1.00000E+01	1.12360E+01	4.73257E+04
1.00000E+01	1.15169E+01	5.07936E+04
1.00000E+01	1.17978E+01	5.45605E+04
1.00000E+01	1.20787E+01	5.86307E+04
1.00000E+01	1.23596E+01	6.29971E+04
1.00000E+01	1.26404E+01	6.76411E+04
1.00000E+01	1.29213E+01	7.25329E+04
1.00000E+01	1.32022E+01	7.76342E+04
1.00000E+01	1.34831E+01	8.29001E+04
1.00000E+01	1.37640E+01	8.82814E+04
1.00000E+01	1.40449E+01	9.37264E+04
1.00000E+01	1.43258E+01	9.91823E+04
1.00000E+01	1.46067E+01	1.04596E+05
1.00000E+01	1.48876E+01	1.09915E+05
1.00000E+01	1.51685E+01	1.15091E+05
1.00000E+01	1.54494E+01	1.20079E+05
1.00000E+01	1.57303E+01	1.24842E+05
1.00000E+01	1.60112E+01	1.29347E+05
1.00000E+01	1.62921E+01	1.33573E+05
1.00000E+01	1.65730E+01	1.37502E+05
1.00000E+01	1.68539E+01	1.41125E+05
1.00000E+01	1.71348E+01	1.44435E+05
1.00000E+01	1.74157E+01	1.47429E+05
1.00000E+01	1.76966E+01	1.50105E+05
1.00000E+01	1.79775E+01	1.52459E+05
1.00000E+01	1.82584E+01	1.54488E+05
1.00000E+01	1.85393E+01	1.56186E+05
1.00000E+01	1.88202E+01	1.57549E+05
1.00000E+01	1.91011E+01	1.58574E+05
1.00000E+01	1.93820E+01	1.59263E+05
1.00000E+01	1.96629E+01	1.59627E+05
1.00000E+01	1.99438E+01	1.59681E+05
1.00000E+01	2.02247E+01	1.59451E+05
1.00000E+01	2.05056E+01	1.58967E+05
1.00000E+01	2.07865E+01	1.58261E+05
1.00000E+01	2.10674E+01	1.57367E+05
1.00000E+01	2.13483E+01	1.56316E+05
1.00000E+01	2.16292E+01	1.55139E+05
1.00000E+01	2.19101E+01	1.53863E+05
1.00000E+01	2.21910E+01	1.52511E+05
1.00000E+01	2.24719E+01	1.51103E+05
1.00000E+01	2.27528E+01	1.49657E+05
1.00000E+01	2.30337E+01	1.48186E+05
1.00000E+01	2.33146E+01	1.46703E+05
1.00000E+01	2.35955E+01	1.45214E+05
1.00000E+01	2.38764E+01	1.43729E+05
1.00000E+01	2.41573E+01	1.42250E+05
1.00000E+01	2.44382E+01	1.40783E+05
1.00000E+01	2.47191E+01	1.39328E+05
1.00000E+01	2.50000E+01	1.37889E+05
