1.00000E-04	0.00000E+00	3.83386E+09
1.00000E-04	2.80899E-01	6.37915E+08
1.00000E-04	5.61798E-01	6.53240E+08
1.00000E-04	8.42697E-01	6.24963E+08
1.00000E-04	1.12360E+00	5.51896E+08
1.00000E-04	1.40449E+00	4.56570E+08
1.00000E-04	1.68539E+00	3.76389E+08
1.00000E-04	1.96629E+00	3.14302E+08
1.00000E-04	2.24719E+00	2.66871E+08
1.00000E-04	2.52809E+00	2.30175E+08
1.00000E-04	2.80899E+00	2.01244E+08
1.00000E-04	3.08989E+00	1.77980E+08
1.00000E-04	3.37079E+00	1.58969E+08
1.00000E-04	3.65169E+00	1.43184E+08
1.00000E-04	3.93258E+00	1.29893E+08
1.00000E-04	4.21348E+00	1.18610E+08
1.00000E-04	4.49438E+00	1.08917E+08
1.00000E-04	4.77528E+00	1.00521E+08
1.00000E-04	5.05618E+00	9.31942E+07
1.00000E-04	5.33708E+00	8.67690E+07
1.00000E-04	5.61798E+00	8.10864E+07
1.00000E-04	5.89888E+00	7.60440E+07
1.00000E-04	6.17978E+00	7.15316E+07
1.00000E-04	6.46067E+00	6.74798E+07
1.00000E-04	6.74157E+00	6.38277E+07
1.00000E-04	7.02247E+00	6.05162E+07
1.00000E-04	7.30337E+00	5.75042E+07
1.00000E-04	7.58427E+00	5.47570E+07
1.00000E-04	7.86517E+00	5.22404E+07
1.00000E-04	8.14607E+00	4.99306E+07
1.00000E-04	8.42697E+00	4.77968E+07
1.00000E-04	8.70787E+00	4.58220E+07
1.00000E-04	8.98876E+00	4.39893E+07
1.00000E-04	9.26966E+00	4.22836E+07
1.00000E-04	9.55056E+00	4.06894E+07
1.00000E-04	9.83146E+00	3.91983E+07
1.00000E-04	1.01124E+01	3.77991E+07
1.00000E-04	1.03933E+01	3.64847E+07
1.00000E-04	1.06742E+01	3.52490E+07
1.00000E-04	1.09551E+01	3.40847E+07
1.00000E-04	1.12360E+01	3.29905E+07
1.00000E-04	1.15169E+01	3.19567E+07
1.00000E-04	1.17978E+01	3.09801E+07
1.00000E-04	1.20787E+01	3.00601E+07
1.00000E-04	1.23596E+01	2.91867E+07
1.00000E-04	1.26404E+01	2.83577E+07
1.00000E-04	1.29213E+01	2.75720E+07
1.00000E-04	1.32022E+01	2.68283E+07
1.00000E-04	1.34831E+01	2.61173E+07
1.00000E-04	1.37640E+01	2.54390E+07
1.00000E-04	1.40449E+01	2.47952E+07
1.00000E-04	1.43258E+01	2.41785E+07
1.00000E-04	1.46067E+01	2.35889E+07
1.00000E-04	1.48876E+01	2.30226E+07
1.00000E-04	1.51685E+01	2.24811E+07
1.00000E-04	1.54494E+01	2.19613E+07
1.00000E-04	1.57303E+01	2.14619E+07
1.00000E-04	1.60112E+01	2.09818E+07
1.00000E-04	1.62921E+01	2.05217E+07
1.00000E-04	1.65730E+01	2.00790E+07
1.00000E-04	1.68539E+01	1.96504E+07
1.00000E-04	1.71348E+01	1.92386E+07
1.00000E-04	1.74157E+01	1.88405E+07
1.00000E-04	1.76966E+01	1.84578E+07
1.00000E-04	1.79775E+01	1.80891E+07
1.00000E-04	1.82584E+01	1.77347E+07
1.00000E-04	1.85393E+01	1.73900E+07
1.00000E-04	1.88202E+01	1.70571E+07
1.00000E-04	1.91011E+01	1.67357E+07
1.00000E-04	1.93820E+01	1.64240E+07
1.00000E-04	1.96629E+01	1.61238E+07
1.00000E-04	1.99438E+01	1.58336E+07
1.00000E-04	2.02247E+01	1.55512E+07
1.00000E-04	2.05056E+01	1.52781E+07
1.00000E-04	2.07865E+01	1.50146E+07
1.00000E-04	2.10674E+01	1.47562E+07
1.00000E-04	2.13483E+01	1.45077E+07
1.00000E-04	2.16292E+01	1.42648E+07
1.00000E-04	2.19101E+01	1.40295E+07
1.00000E-04	2.21910E+01	1.38017E+07
1.00000E-04	2.24719E+01	1.35803E+07
1.00000E-04	2.27528E+01	1.33645E+07
1.00000E-04	2.30337E+01	1.31561E+07
1.00000E-04	2.33146E+01	1.29527E+07
1.00000E-04	2.35955E+01	1.27540E+07
1.00000E-04	2.38764E+01	1.25610E+07
1.00000E-04	2.41573E+01	1.23740E+07
1.00000E-04	2.44382E+01	1.21904E+07
1.00000E-04	2.47191E+01	1.20124E+07
1.00000E-04	2.50000E+01	1.18381E+07
5.00000E-04	0.00000E+00	3.43374E+09
5.00000E-04	2.80899E-01	6.37831E+08
5.00000E-04	5.61798E-01	6.53243E+08
5.00000E-04	8.42697E-01	6.25025E+08
5.00000E-04	1.12360E+00	5.51848E+08
5.00000E-04	1.40449E+00	4.56569E+08
5.00000E-04	1.68539E+00	3.76389E+08
5.00000E-04	1.96629E+00	3.14302E+08
5.00000E-04	2.24719E+00	2.66871E+08
5.00000E-04	2.52809E+00	2.30175E+08
5.00000E-04	2.80899E+00	2.01244E+08
5.00000E-04	3.08989E+00	1.77982E+08
5.00000E-04	3.37079E+00	1.58969E+08
5.00000E-04	3.65169E+00	1.43184E+08
5.00000E-04	3.93258E+00	1.29893E+08
5.00000E-04	4.21348E+00	1.18608E+08
5.00000E-04	4.49438E+00	1.08917E+08
5.00000E-04	4.77528E+00	1.00521E+08
5.00000E-04	5.05618E+00	9.31943E+07
5.00000E-04	5.33708E+00	8.67690E+07
5.00000E-04	5.61798E+00	8.10864E+07
5.00000E-04	5.89888E+00	7.60440E+07
5.00000E-04	6.17978E+00	7.15316E+07
5.00000E-04	6.46067E+00	6.74798E+07
5.00000E-04	6.74157E+00	6.38277E+07
5.00000E-04	7.02247E+00	6.05162E+07
5.00000E-04	7.30337E+00	5.75044E+07
5.00000E-04	7.58427E+00	5.47570E+07
5.00000E-04	7.86517E+00	5.22404E+07
5.00000E-04	8.14607E+00	4.99306E+07
5.00000E-04	8.42697E+00	4.77968E+07
5.00000E-04	8.70787E+00	4.58220E+07
5.00000E-04	8.98876E+00	4.39904E+07
5.00000E-04	9.26966E+00	4.22836E+07
5.00000E-04	9.55056E+00	4.06894E+07
5.00000E-04	9.83146E+00	3.91983E+07
5.00000E-04	1.01124E+01	3.77991E+07
5.00000E-04	1.03933E+01	3.64844E+07
5.00000E-04	1.06742E+01	3.52490E+07
5.00000E-04	1.09551E+01	3.40847E+07
5.00000E-04	1.12360E+01	3.29905E+07
5.00000E-04	1.15169E+01	3.19567E+07
5.00000E-04	1.17978E+01	3.09801E+07
5.00000E-04	1.20787E+01	3.00601E+07
5.00000E-04	1.23596E+01	2.91867E+07
5.00000E-04	1.26404E+01	2.83577E+07
5.00000E-04	1.29213E+01	2.75720E+07
5.00000E-04	1.32022E+01	2.68283E+07
5.00000E-04	1.34831E+01	2.61173E+07
5.00000E-04	1.37640E+01	2.54390E+07
5.00000E-04	1.40449E+01	2.47952E+07
5.00000E-04	1.43258E+01	2.41785E+07
5.00000E-04	1.46067E+01	2.35889E+07
5.00000E-04	1.48876E+01	2.30226E+07
5.00000E-04	1.51685E+01	2.24811E+07
5.00000E-04	1.54494E+01	2.19613E+07
5.00000E-04	1.57303E+01	2.14619E+07
5.00000E-04	1.60112E+01	2.09818E+07
5.00000E-04	1.62921E+01	2.05217E+07
5.00000E-04	1.65730E+01	2.00790E+07
5.00000E-04	1.68539E+01	1.96504E+07
5.00000E-04	1.71348E+01	1.92386E+07
5.00000E-04	1.74157E+01	1.88405E+07
5.00000E-04	1.76966E+01	1.84578E+07
5.00000E-04	1.79775E+01	1.80891E+07
5.00000E-04	1.82584E+01	1.77347E+07
5.00000E-04	1.85393E+01	1.73900E+07
5.00000E-04	1.88202E+01	1.70571E+07
5.00000E-04	1.91011E+01	1.67357E+07
5.00000E-04	1.93820E+01	1.64240E+07
5.00000E-04	1.96629E+01	1.61238E+07
5.00000E-04	1.99438E+01	1.58333E+07
5.00000E-04	2.02247E+01	1.55512E+07
5.00000E-04	2.05056E+01	1.52781E+07
5.00000E-04	2.07865E+01	1.50146E+07
5.00000E-04	2.10674E+01	1.47562E+07
5.00000E-04	2.13483E+01	1.45077E+07
5.00000E-04	2.16292E+01	1.42648E+07
5.00000E-04	2.19101E+01	1.40295E+07
5.00000E-04	2.21910E+01	1.38017E+07
5.00000E-04	2.24719E+01	1.35803E+07
5.00000E-04	2.27528E+01	1.33645E+07
5.00000E-04	2.30337E+01	1.31561E+07
5.00000E-04	2.33146E+01	1.29527E+07
5.00000E-04	2.35955E+01	1.27540E+07
5.00000E-04	2.38764E+01	1.25610E+07
5.00000E-04	2.41573E+01	1.23740E+07
5.00000E-04	2.44382E+01	1.21904E+07
5.00000E-04	2.47191E+01	1.20124E+07
5.00000E-04	2.50000E+01	1.18381E+07
1.00000E-03	0.00000E+00	3.21214E+09
1.00000E-03	2.80899E-01	6.37826E+08
1.00000E-03	5.61798E-01	6.53243E+08
1.00000E-03	8.42697E-01	6.25067E+08
1.00000E-03	1.12360E+00	5.51808E+08
1.00000E-03	1.40449E+00	4.56563E+08
1.00000E-03	1.68539E+00	3.76390E+08
1.00000E-03	1.96629E+00	3.14302E+08
1.00000E-03	2.24719E+00	2.66870E+08
1.00000E-03	2.52809E+00	2.30175E+08
1.00000E-03	2.80899E+00	2.01244E+08
1.00000E-03	3.08989E+00	1.77984E+08
1.00000E-03	3.37079E+00	1.58969E+08
1.00000E-03	3.65169E+00	1.43183E+08
1.00000E-03	3.93258E+00	1.29894E+08
1.00000E-03	4.21348E+00	1.18607E+08
1.00000E-03	4.49438E+00	1.08917E+08
1.00000E-03	4.77528E+00	1.00521E+08
1.00000E-03	5.05618E+00	9.31947E+07
1.00000E-03	5.33708E+00	8.67690E+07
1.00000E-03	5.61798E+00	8.10864E+07
1.00000E-03	5.89888E+00	7.60435E+07
1.00000E-03	6.17978E+00	7.15316E+07
1.00000E-03	6.46067E+00	6.74798E+07
1.00000E-03	6.74157E+00	6.38275E+07
1.00000E-03	7.02247E+00	6.05162E+07
1.00000E-03	7.30337E+00	5.75044E+07
1.00000E-03	7.58427E+00	5.47570E+07
1.00000E-03	7.86517E+00	5.22404E+07
1.00000E-03	8.14607E+00	4.99306E+07
1.00000E-03	8.42697E+00	4.77968E+07
1.00000E-03	8.70787E+00	4.58220E+07
1.00000E-03	8.98876E+00	4.39906E+07
1.00000E-03	9.26966E+00	4.22836E+07
1.00000E-03	9.55056E+00	4.06894E+07
1.00000E-03	9.83146E+00	3.91983E+07
1.00000E-03	1.01124E+01	3.77991E+07
1.00000E-03	1.03933E+01	3.64844E+07
1.00000E-03	1.06742E+01	3.52490E+07
1.00000E-03	1.09551E+01	3.40847E+07
1.00000E-03	1.12360E+01	3.29905E+07
1.00000E-03	1.15169E+01	3.19567E+07
1.00000E-03	1.17978E+01	3.09801E+07
1.00000E-03	1.20787E+01	3.00601E+07
1.00000E-03	1.23596E+01	2.91867E+07
1.00000E-03	1.26404E+01	2.83577E+07
1.00000E-03	1.29213E+01	2.75720E+07
1.00000E-03	1.32022E+01	2.68283E+07
1.00000E-03	1.34831E+01	2.61173E+07
1.00000E-03	1.37640E+01	2.54390E+07
1.00000E-03	1.40449E+01	2.47952E+07
1.00000E-03	1.43258E+01	2.41785E+07
1.00000E-03	1.46067E+01	2.35889E+07
1.00000E-03	1.48876E+01	2.30226E+07
1.00000E-03	1.51685E+01	2.24811E+07
1.00000E-03	1.54494E+01	2.19613E+07
1.00000E-03	1.57303E+01	2.14619E+07
1.00000E-03	1.60112E+01	2.09818E+07
1.00000E-03	1.62921E+01	2.05217E+07
1.00000E-03	1.65730E+01	2.00790E+07
1.00000E-03	1.68539E+01	1.96504E+07
1.00000E-03	1.71348E+01	1.92386E+07
1.00000E-03	1.74157E+01	1.88405E+07
1.00000E-03	1.76966E+01	1.84578E+07
1.00000E-03	1.79775E+01	1.80891E+07
1.00000E-03	1.82584E+01	1.77347E+07
1.00000E-03	1.85393E+01	1.73900E+07
1.00000E-03	1.88202E+01	1.70571E+07
1.00000E-03	1.91011E+01	1.67357E+07
1.00000E-03	1.93820E+01	1.64240E+07
1.00000E-03	1.96629E+01	1.61238E+07
1.00000E-03	1.99438E+01	1.58330E+07
1.00000E-03	2.02247E+01	1.55512E+07
1.00000E-03	2.05056E+01	1.52781E+07
1.00000E-03	2.07865E+01	1.50146E+07
1.00000E-03	2.10674E+01	1.47562E+07
1.00000E-03	2.13483E+01	1.45077E+07
1.00000E-03	2.16292E+01	1.42648E+07
1.00000E-03	2.19101E+01	1.40295E+07
1.00000E-03	2.21910E+01	1.38017E+07
1.00000E-03	2.24719E+01	1.35803E+07
1.00000E-03	2.27528E+01	1.33645E+07
1.00000E-03	2.30337E+01	1.31561E+07
1.00000E-03	2.33146E+01	1.29527E+07
1.00000E-03	2.35955E+01	1.27540E+07
1.00000E-03	2.38764E+01	1.25610E+07
1.00000E-03	2.41573E+01	1.23740E+07
1.00000E-03	2.44382E+01	1.21904E+07
1.00000E-03	2.47191E+01	1.20124E+07
1.00000E-03	2.50000E+01	1.18381E+07
5.00000E-03	0.00000E+00	2.55313E+09
5.00000E-03	2.80899E-01	6.37828E+08
5.00000E-03	5.61798E-01	6.53243E+08
5.00000E-03	8.42697E-01	6.25074E+08
5.00000E-03	1.12360E+00	5.51781E+08
5.00000E-03	1.40449E+00	4.56547E+08
5.00000E-03	1.68539E+00	3.76391E+08
5.00000E-03	1.96629E+00	3.14300E+08
5.00000E-03	2.24719E+00	2.66867E+08
5.00000E-03	2.52809E+00	2.30175E+08
5.00000E-03	2.80899E+00	2.01243E+08
5.00000E-03	3.08989E+00	1.77988E+08
5.00000E-03	3.37079E+00	1.58970E+08
5.00000E-03	3.65169E+00	1.43179E+08
5.00000E-03	3.93258E+00	1.29898E+08
5.00000E-03	4.21348E+00	1.18606E+08
5.00000E-03	4.49438E+00	1.08913E+08
5.00000E-03	4.77528E+00	1.00518E+08
5.00000E-03	5.05618E+00	9.31968E+07
5.00000E-03	5.33708E+00	8.67680E+07
5.00000E-03	5.61798E+00	8.10872E+07
5.00000E-03	5.89888E+00	7.60416E+07
5.00000E-03	6.17978E+00	7.15305E+07
5.00000E-03	6.46067E+00	6.74799E+07
5.00000E-03	6.74157E+00	6.38254E+07
5.00000E-03	7.02247E+00	6.05151E+07
5.00000E-03	7.30337E+00	5.75044E+07
5.00000E-03	7.58427E+00	5.47569E+07
5.00000E-03	7.86517E+00	5.22408E+07
5.00000E-03	8.14607E+00	4.99296E+07
5.00000E-03	8.42697E+00	4.77967E+07
5.00000E-03	8.70787E+00	4.58220E+07
5.00000E-03	8.98876E+00	4.39907E+07
5.00000E-03	9.26966E+00	4.22832E+07
5.00000E-03	9.55056E+00	4.06894E+07
5.00000E-03	9.83146E+00	3.91981E+07
5.00000E-03	1.01124E+01	3.77989E+07
5.00000E-03	1.03933E+01	3.64843E+07
5.00000E-03	1.06742E+01	3.52490E+07
5.00000E-03	1.09551E+01	3.40847E+07
5.00000E-03	1.12360E+01	3.29898E+07
5.00000E-03	1.15169E+01	3.19563E+07
5.00000E-03	1.17978E+01	3.09801E+07
5.00000E-03	1.20787E+01	3.00593E+07
5.00000E-03	1.23596E+01	2.91867E+07
5.00000E-03	1.26404E+01	2.83578E+07
5.00000E-03	1.29213E+01	2.75726E+07
5.00000E-03	1.32022E+01	2.68283E+07
5.00000E-03	1.34831E+01	2.61176E+07
5.00000E-03	1.37640E+01	2.54396E+07
5.00000E-03	1.40449E+01	2.47952E+07
5.00000E-03	1.43258E+01	2.41785E+07
5.00000E-03	1.46067E+01	2.35889E+07
5.00000E-03	1.48876E+01	2.30226E+07
5.00000E-03	1.51685E+01	2.24811E+07
5.00000E-03	1.54494E+01	2.19613E+07
5.00000E-03	1.57303E+01	2.14618E+07
5.00000E-03	1.60112E+01	2.09818E+07
5.00000E-03	1.62921E+01	2.05217E+07
5.00000E-03	1.65730E+01	2.00789E+07
5.00000E-03	1.68539E+01	1.96504E+07
5.00000E-03	1.71348E+01	1.92386E+07
5.00000E-03	1.74157E+01	1.88409E+07
5.00000E-03	1.76966E+01	1.84579E+07
5.00000E-03	1.79775E+01	1.80891E+07
5.00000E-03	1.82584E+01	1.77347E+07
5.00000E-03	1.85393E+01	1.73900E+07
5.00000E-03	1.88202E+01	1.70571E+07
5.00000E-03	1.91011E+01	1.67358E+07
5.00000E-03	1.93820E+01	1.64240E+07
5.00000E-03	1.96629E+01	1.61238E+07
5.00000E-03	1.99438E+01	1.58326E+07
5.00000E-03	2.02247E+01	1.55512E+07
5.00000E-03	2.05056E+01	1.52782E+07
5.00000E-03	2.07865E+01	1.50145E+07
5.00000E-03	2.10674E+01	1.47562E+07
5.00000E-03	2.13483E+01	1.45077E+07
5.00000E-03	2.16292E+01	1.42648E+07
5.00000E-03	2.19101E+01	1.40295E+07
5.00000E-03	2.21910E+01	1.38017E+07
5.00000E-03	2.24719E+01	1.35803E+07
5.00000E-03	2.27528E+01	1.33645E+07
5.00000E-03	2.30337E+01	1.31561E+07
5.00000E-03	2.33146E+01	1.29526E+07
5.00000E-03	2.35955E+01	1.27540E+07
5.00000E-03	2.38764E+01	1.25610E+07
5.00000E-03	2.41573E+01	1.23739E+07
5.00000E-03	2.44382E+01	1.21904E+07
5.00000E-03	2.47191E+01	1.20124E+07
5.00000E-03	2.50000E+01	1.18381E+07
1.00000E-02	0.00000E+00	2.27135E+09
1.00000E-02	2.80899E-01	6.37836E+08
1.00000E-02	5.61798E-01	6.53241E+08
1.00000E-02	8.42697E-01	6.25074E+08
1.00000E-02	1.12360E+00	5.51781E+08
1.00000E-02	1.40449E+00	4.56547E+08
1.00000E-02	1.68539E+00	3.76391E+08
1.00000E-02	1.96629E+00	3.14300E+08
1.00000E-02	2.24719E+00	2.66866E+08
1.00000E-02	2.52809E+00	2.30175E+08
1.00000E-02	2.80899E+00	2.01243E+08
1.00000E-02	3.08989E+00	1.77988E+08
1.00000E-02	3.37079E+00	1.58970E+08
1.00000E-02	3.65169E+00	1.43178E+08
1.00000E-02	3.93258E+00	1.29898E+08
1.00000E-02	4.21348E+00	1.18606E+08
1.00000E-02	4.49438E+00	1.08912E+08
1.00000E-02	4.77528E+00	1.00518E+08
1.00000E-02	5.05618E+00	9.31970E+07
1.00000E-02	5.33708E+00	8.67677E+07
1.00000E-02	5.61798E+00	8.10876E+07
1.00000E-02	5.89888E+00	7.60414E+07
1.00000E-02	6.17978E+00	7.15299E+07
1.00000E-02	6.46067E+00	6.74800E+07
1.00000E-02	6.74157E+00	6.38249E+07
1.00000E-02	7.02247E+00	6.05148E+07
1.00000E-02	7.30337E+00	5.75044E+07
1.00000E-02	7.58427E+00	5.47569E+07
1.00000E-02	7.86517E+00	5.22409E+07
1.00000E-02	8.14607E+00	4.99287E+07
1.00000E-02	8.42697E+00	4.77964E+07
1.00000E-02	8.70787E+00	4.58221E+07
1.00000E-02	8.98876E+00	4.39907E+07
1.00000E-02	9.26966E+00	4.22828E+07
1.00000E-02	9.55056E+00	4.06893E+07
1.00000E-02	9.83146E+00	3.91976E+07
1.00000E-02	1.01124E+01	3.77985E+07
1.00000E-02	1.03933E+01	3.64843E+07
1.00000E-02	1.06742E+01	3.52488E+07
1.00000E-02	1.09551E+01	3.40849E+07
1.00000E-02	1.12360E+01	3.29891E+07
1.00000E-02	1.15169E+01	3.19559E+07
1.00000E-02	1.17978E+01	3.09801E+07
1.00000E-02	1.20787E+01	3.00589E+07
1.00000E-02	1.23596E+01	2.91864E+07
1.00000E-02	1.26404E+01	2.83580E+07
1.00000E-02	1.29213E+01	2.75730E+07
1.00000E-02	1.32022E+01	2.68283E+07
1.00000E-02	1.34831E+01	2.61180E+07
1.00000E-02	1.37640E+01	2.54400E+07
1.00000E-02	1.40449E+01	2.47950E+07
1.00000E-02	1.43258E+01	2.41787E+07
1.00000E-02	1.46067E+01	2.35889E+07
1.00000E-02	1.48876E+01	2.30228E+07
1.00000E-02	1.51685E+01	2.24812E+07
1.00000E-02	1.54494E+01	2.19613E+07
1.00000E-02	1.57303E+01	2.14617E+07
1.00000E-02	1.60112E+01	2.09819E+07
1.00000E-02	1.62921E+01	2.05219E+07
1.00000E-02	1.65730E+01	2.00787E+07
1.00000E-02	1.68539E+01	1.96504E+07
1.00000E-02	1.71348E+01	1.92386E+07
1.00000E-02	1.74157E+01	1.88410E+07
1.00000E-02	1.76966E+01	1.84580E+07
1.00000E-02	1.79775E+01	1.80891E+07
1.00000E-02	1.82584E+01	1.77344E+07
1.00000E-02	1.85393E+01	1.73900E+07
1.00000E-02	1.88202E+01	1.70572E+07
1.00000E-02	1.91011E+01	1.67358E+07
1.00000E-02	1.93820E+01	1.64241E+07
1.00000E-02	1.96629E+01	1.61238E+07
1.00000E-02	1.99438E+01	1.58326E+07
1.00000E-02	2.02247E+01	1.55512E+07
1.00000E-02	2.05056E+01	1.52783E+07
1.00000E-02	2.07865E+01	1.50142E+07
1.00000E-02	2.10674E+01	1.47562E+07
1.00000E-02	2.13483E+01	1.45076E+07
1.00000E-02	2.16292E+01	1.42649E+07
1.00000E-02	2.19101E+01	1.40295E+07
1.00000E-02	2.21910E+01	1.38017E+07
1.00000E-02	2.24719E+01	1.35803E+07
1.00000E-02	2.27528E+01	1.33645E+07
1.00000E-02	2.30337E+01	1.31560E+07
1.00000E-02	2.33146E+01	1.29525E+07
1.00000E-02	2.35955E+01	1.27540E+07
1.00000E-02	2.38764E+01	1.25611E+07
1.00000E-02	2.41573E+01	1.23737E+07
1.00000E-02	2.44382E+01	1.21904E+07
1.00000E-02	2.47191E+01	1.20124E+07
1.00000E-02	2.50000E+01	1.18381E+07
5.00000E-02	0.00000E+00	1.57030E+09
5.00000E-02	2.80899E-01	6.38041E+08
5.00000E-02	5.61798E-01	6.53206E+08
5.00000E-02	8.42697E-01	6.25050E+08
5.00000E-02	1.12360E+00	5.51756E+08
5.00000E-02	1.40449E+00	4.56537E+08
5.00000E-02	1.68539E+00	3.76387E+08
5.00000E-02	1.96629E+00	3.14298E+08
5.00000E-02	2.24719E+00	2.66866E+08
5.00000E-02	2.52809E+00	2.30174E+08
5.00000E-02	2.80899E+00	2.01243E+08
5.00000E-02	3.08989E+00	1.77988E+08
5.00000E-02	3.37079E+00	1.58970E+08
5.00000E-02	3.65169E+00	1.43178E+08
5.00000E-02	3.93258E+00	1.29898E+08
5.00000E-02	4.21348E+00	1.18606E+08
5.00000E-02	4.49438E+00	1.08912E+08
5.00000E-02	4.77528E+00	1.00518E+08
5.00000E-02	5.05618E+00	9.31969E+07
5.00000E-02	5.33708E+00	8.67676E+07
5.00000E-02	5.61798E+00	8.10876E+07
5.00000E-02	5.89888E+00	7.60413E+07
5.00000E-02	6.17978E+00	7.15298E+07
5.00000E-02	6.46067E+00	6.74800E+07
5.00000E-02	6.74157E+00	6.38248E+07
5.00000E-02	7.02247E+00	6.05148E+07
5.00000E-02	7.30337E+00	5.75044E+07
5.00000E-02	7.58427E+00	5.47569E+07
5.00000E-02	7.86517E+00	5.22409E+07
5.00000E-02	8.14607E+00	4.99284E+07
5.00000E-02	8.42697E+00	4.77962E+07
5.00000E-02	8.70787E+00	4.58223E+07
5.00000E-02	8.98876E+00	4.39908E+07
5.00000E-02	9.26966E+00	4.22827E+07
5.00000E-02	9.55056E+00	4.06893E+07
5.00000E-02	9.83146E+00	3.91974E+07
5.00000E-02	1.01124E+01	3.77983E+07
5.00000E-02	1.03933E+01	3.64844E+07
5.00000E-02	1.06742E+01	3.52484E+07
5.00000E-02	1.09551E+01	3.40855E+07
5.00000E-02	1.12360E+01	3.29887E+07
5.00000E-02	1.15169E+01	3.19556E+07
5.00000E-02	1.17978E+01	3.09801E+07
5.00000E-02	1.20787E+01	3.00588E+07
5.00000E-02	1.23596E+01	2.91859E+07
5.00000E-02	1.26404E+01	2.83585E+07
5.00000E-02	1.29213E+01	2.75732E+07
5.00000E-02	1.32022E+01	2.68283E+07
5.00000E-02	1.34831E+01	2.61182E+07
5.00000E-02	1.37640E+01	2.54403E+07
5.00000E-02	1.40449E+01	2.47946E+07
5.00000E-02	1.43258E+01	2.41789E+07
5.00000E-02	1.46067E+01	2.35886E+07
5.00000E-02	1.48876E+01	2.30229E+07
5.00000E-02	1.51685E+01	2.24812E+07
5.00000E-02	1.54494E+01	2.19611E+07
5.00000E-02	1.57303E+01	2.14614E+07
5.00000E-02	1.60112E+01	2.09821E+07
5.00000E-02	1.62921E+01	2.05219E+07
5.00000E-02	1.65730E+01	2.00784E+07
5.00000E-02	1.68539E+01	1.96504E+07
5.00000E-02	1.71348E+01	1.92382E+07
5.00000E-02	1.74157E+01	1.88410E+07
5.00000E-02	1.76966E+01	1.84580E+07
5.00000E-02	1.79775E+01	1.80890E+07
5.00000E-02	1.82584E+01	1.77337E+07
5.00000E-02	1.85393E+01	1.73901E+07
5.00000E-02	1.88202E+01	1.70574E+07
5.00000E-02	1.91011E+01	1.67358E+07
5.00000E-02	1.93820E+01	1.64248E+07
5.00000E-02	1.96629E+01	1.61237E+07
5.00000E-02	1.99438E+01	1.58325E+07
5.00000E-02	2.02247E+01	1.55509E+07
5.00000E-02	2.05056E+01	1.52783E+07
5.00000E-02	2.07865E+01	1.50137E+07
5.00000E-02	2.10674E+01	1.47567E+07
5.00000E-02	2.13483E+01	1.45074E+07
5.00000E-02	2.16292E+01	1.42652E+07
5.00000E-02	2.19101E+01	1.40298E+07
5.00000E-02	2.21910E+01	1.38015E+07
5.00000E-02	2.24719E+01	1.35801E+07
5.00000E-02	2.27528E+01	1.33649E+07
5.00000E-02	2.30337E+01	1.31557E+07
5.00000E-02	2.33146E+01	1.29524E+07
5.00000E-02	2.35955E+01	1.27544E+07
5.00000E-02	2.38764E+01	1.25613E+07
5.00000E-02	2.41573E+01	1.23734E+07
5.00000E-02	2.44382E+01	1.21905E+07
5.00000E-02	2.47191E+01	1.20121E+07
5.00000E-02	2.50000E+01	1.18381E+07
1.00000E-01	0.00000E+00	1.28587E+09
1.00000E-01	2.80899E-01	6.38502E+08
1.00000E-01	5.61798E-01	6.53150E+08
1.00000E-01	8.42697E-01	6.24973E+08
1.00000E-01	1.12360E+00	5.51678E+08
1.00000E-01	1.40449E+00	4.56506E+08
1.00000E-01	1.68539E+00	3.76373E+08
1.00000E-01	1.96629E+00	3.14292E+08
1.00000E-01	2.24719E+00	2.66862E+08
1.00000E-01	2.52809E+00	2.30172E+08
1.00000E-01	2.80899E+00	2.01242E+08
1.00000E-01	3.08989E+00	1.77987E+08
1.00000E-01	3.37079E+00	1.58969E+08
1.00000E-01	3.65169E+00	1.43178E+08
1.00000E-01	3.93258E+00	1.29898E+08
1.00000E-01	4.21348E+00	1.18606E+08
1.00000E-01	4.49438E+00	1.08912E+08
1.00000E-01	4.77528E+00	1.00518E+08
1.00000E-01	5.05618E+00	9.31969E+07
1.00000E-01	5.33708E+00	8.67676E+07
1.00000E-01	5.61798E+00	8.10875E+07
1.00000E-01	5.89888E+00	7.60413E+07
1.00000E-01	6.17978E+00	7.15298E+07
1.00000E-01	6.46067E+00	6.74799E+07
1.00000E-01	6.74157E+00	6.38248E+07
1.00000E-01	7.02247E+00	6.05148E+07
1.00000E-01	7.30337E+00	5.75043E+07
1.00000E-01	7.58427E+00	5.47568E+07
1.00000E-01	7.86517E+00	5.22409E+07
1.00000E-01	8.14607E+00	4.99283E+07
1.00000E-01	8.42697E+00	4.77962E+07
1.00000E-01	8.70787E+00	4.58223E+07
1.00000E-01	8.98876E+00	4.39907E+07
1.00000E-01	9.26966E+00	4.22827E+07
1.00000E-01	9.55056E+00	4.06893E+07
1.00000E-01	9.83146E+00	3.91974E+07
1.00000E-01	1.01124E+01	3.77983E+07
1.00000E-01	1.03933E+01	3.64844E+07
1.00000E-01	1.06742E+01	3.52484E+07
1.00000E-01	1.09551E+01	3.40855E+07
1.00000E-01	1.12360E+01	3.29887E+07
1.00000E-01	1.15169E+01	3.19556E+07
1.00000E-01	1.17978E+01	3.09801E+07
1.00000E-01	1.20787E+01	3.00588E+07
1.00000E-01	1.23596E+01	2.91859E+07
1.00000E-01	1.26404E+01	2.83585E+07
1.00000E-01	1.29213E+01	2.75732E+07
1.00000E-01	1.32022E+01	2.68283E+07
1.00000E-01	1.34831E+01	2.61181E+07
1.00000E-01	1.37640E+01	2.54403E+07
1.00000E-01	1.40449E+01	2.47946E+07
1.00000E-01	1.43258E+01	2.41789E+07
1.00000E-01	1.46067E+01	2.35886E+07
1.00000E-01	1.48876E+01	2.30229E+07
1.00000E-01	1.51685E+01	2.24812E+07
1.00000E-01	1.54494E+01	2.19611E+07
1.00000E-01	1.57303E+01	2.14614E+07
1.00000E-01	1.60112E+01	2.09821E+07
1.00000E-01	1.62921E+01	2.05219E+07
1.00000E-01	1.65730E+01	2.00784E+07
1.00000E-01	1.68539E+01	1.96504E+07
1.00000E-01	1.71348E+01	1.92381E+07
1.00000E-01	1.74157E+01	1.88410E+07
1.00000E-01	1.76966E+01	1.84580E+07
1.00000E-01	1.79775E+01	1.80890E+07
1.00000E-01	1.82584E+01	1.77337E+07
1.00000E-01	1.85393E+01	1.73901E+07
1.00000E-01	1.88202E+01	1.70574E+07
1.00000E-01	1.91011E+01	1.67358E+07
1.00000E-01	1.93820E+01	1.64248E+07
1.00000E-01	1.96629E+01	1.61237E+07
1.00000E-01	1.99438E+01	1.58325E+07
1.00000E-01	2.02247E+01	1.55509E+07
1.00000E-01	2.05056E+01	1.52783E+07
1.00000E-01	2.07865E+01	1.50137E+07
1.00000E-01	2.10674E+01	1.47568E+07
1.00000E-01	2.13483E+01	1.45074E+07
1.00000E-01	2.16292E+01	1.42652E+07
1.00000E-01	2.19101E+01	1.40298E+07
1.00000E-01	2.21910E+01	1.38015E+07
1.00000E-01	2.24719E+01	1.35801E+07
1.00000E-01	2.27528E+01	1.33649E+07
1.00000E-01	2.30337E+01	1.31556E+07
1.00000E-01	2.33146E+01	1.29524E+07
1.00000E-01	2.35955E+01	1.27544E+07
1.00000E-01	2.38764E+01	1.25613E+07
1.00000E-01	2.41573E+01	1.23734E+07
1.00000E-01	2.44382E+01	1.21905E+07
1.00000E-01	2.47191E+01	1.20121E+07
1.00000E-01	2.50000E+01	1.18381E+07
2.00000E-01	0.00000E+00	1.02883E+09
2.00000E-01	2.80899E-01	6.39395E+08
2.00000E-01	5.61798E-01	6.52950E+08
2.00000E-01	8.42697E-01	6.24623E+08
2.00000E-01	1.12360E+00	5.51346E+08
2.00000E-01	1.40449E+00	4.56371E+08
2.00000E-01	1.68539E+00	3.76316E+08
2.00000E-01	1.96629E+00	3.14266E+08
2.00000E-01	2.24719E+00	2.66849E+08
2.00000E-01	2.52809E+00	2.30164E+08
2.00000E-01	2.80899E+00	2.01237E+08
2.00000E-01	3.08989E+00	1.77983E+08
2.00000E-01	3.37079E+00	1.58967E+08
2.00000E-01	3.65169E+00	1.43176E+08
2.00000E-01	3.93258E+00	1.29897E+08
2.00000E-01	4.21348E+00	1.18605E+08
2.00000E-01	4.49438E+00	1.08911E+08
2.00000E-01	4.77528E+00	1.00517E+08
2.00000E-01	5.05618E+00	9.31964E+07
2.00000E-01	5.33708E+00	8.67672E+07
2.00000E-01	5.61798E+00	8.10873E+07
2.00000E-01	5.89888E+00	7.60410E+07
2.00000E-01	6.17978E+00	7.15296E+07
2.00000E-01	6.46067E+00	6.74798E+07
2.00000E-01	6.74157E+00	6.38247E+07
2.00000E-01	7.02247E+00	6.05146E+07
2.00000E-01	7.30337E+00	5.75043E+07
2.00000E-01	7.58427E+00	5.47568E+07
2.00000E-01	7.86517E+00	5.22408E+07
2.00000E-01	8.14607E+00	4.99283E+07
2.00000E-01	8.42697E+00	4.77961E+07
2.00000E-01	8.70787E+00	4.58222E+07
2.00000E-01	8.98876E+00	4.39907E+07
2.00000E-01	9.26966E+00	4.22826E+07
2.00000E-01	9.55056E+00	4.06892E+07
2.00000E-01	9.83146E+00	3.91974E+07
2.00000E-01	1.01124E+01	3.77982E+07
2.00000E-01	1.03933E+01	3.64843E+07
2.00000E-01	1.06742E+01	3.52484E+07
2.00000E-01	1.09551E+01	3.40855E+07
2.00000E-01	1.12360E+01	3.29887E+07
2.00000E-01	1.15169E+01	3.19556E+07
2.00000E-01	1.17978E+01	3.09801E+07
2.00000E-01	1.20787E+01	3.00587E+07
2.00000E-01	1.23596E+01	2.91859E+07
2.00000E-01	1.26404E+01	2.83585E+07
2.00000E-01	1.29213E+01	2.75732E+07
2.00000E-01	1.32022E+01	2.68283E+07
2.00000E-01	1.34831E+01	2.61181E+07
2.00000E-01	1.37640E+01	2.54403E+07
2.00000E-01	1.40449E+01	2.47946E+07
2.00000E-01	1.43258E+01	2.41788E+07
2.00000E-01	1.46067E+01	2.35886E+07
2.00000E-01	1.48876E+01	2.30229E+07
2.00000E-01	1.51685E+01	2.24812E+07
2.00000E-01	1.54494E+01	2.19611E+07
2.00000E-01	1.57303E+01	2.14614E+07
2.00000E-01	1.60112E+01	2.09821E+07
2.00000E-01	1.62921E+01	2.05219E+07
2.00000E-01	1.65730E+01	2.00784E+07
2.00000E-01	1.68539E+01	1.96504E+07
2.00000E-01	1.71348E+01	1.92381E+07
2.00000E-01	1.74157E+01	1.88410E+07
2.00000E-01	1.76966E+01	1.84580E+07
2.00000E-01	1.79775E+01	1.80890E+07
2.00000E-01	1.82584E+01	1.77337E+07
2.00000E-01	1.85393E+01	1.73901E+07
2.00000E-01	1.88202E+01	1.70574E+07
2.00000E-01	1.91011E+01	1.67358E+07
2.00000E-01	1.93820E+01	1.64248E+07
2.00000E-01	1.96629E+01	1.61237E+07
2.00000E-01	1.99438E+01	1.58325E+07
2.00000E-01	2.02247E+01	1.55509E+07
2.00000E-01	2.05056E+01	1.52783E+07
2.00000E-01	2.07865E+01	1.50136E+07
2.00000E-01	2.10674E+01	1.47567E+07
2.00000E-01	2.13483E+01	1.45074E+07
2.00000E-01	2.16292E+01	1.42652E+07
2.00000E-01	2.19101E+01	1.40298E+07
2.00000E-01	2.21910E+01	1.38015E+07
2.00000E-01	2.24719E+01	1.35801E+07
2.00000E-01	2.27528E+01	1.33649E+07
2.00000E-01	2.30337E+01	1.31556E+07
2.00000E-01	2.33146E+01	1.29523E+07
2.00000E-01	2.35955E+01	1.27544E+07
2.00000E-01	2.38764E+01	1.25613E+07
2.00000E-01	2.41573E+01	1.23734E+07
2.00000E-01	2.44382E+01	1.21905E+07
2.00000E-01	2.47191E+01	1.20121E+07
2.00000E-01	2.50000E+01	1.18381E+07
2.50000E-01	0.00000E+00	9.54237E+08
2.50000E-01	2.80899E-01	6.39545E+08
2.50000E-01	5.61798E-01	6.52748E+08
2.50000E-01	8.42697E-01	6.24337E+08
2.50000E-01	1.12360E+00	5.51089E+08
2.50000E-01	1.40449E+00	4.56266E+08
2.50000E-01	1.68539E+00	3.76270E+08
2.50000E-01	1.96629E+00	3.14245E+08
2.50000E-01	2.24719E+00	2.66838E+08
2.50000E-01	2.52809E+00	2.30158E+08
2.50000E-01	2.80899E+00	2.01232E+08
2.50000E-01	3.08989E+00	1.77981E+08
2.50000E-01	3.37079E+00	1.58965E+08
2.50000E-01	3.65169E+00	1.43175E+08
2.50000E-01	3.93258E+00	1.29895E+08
2.50000E-01	4.21348E+00	1.18604E+08
2.50000E-01	4.49438E+00	1.08911E+08
2.50000E-01	4.77528E+00	1.00517E+08
2.50000E-01	5.05618E+00	9.31960E+07
2.50000E-01	5.33708E+00	8.67669E+07
2.50000E-01	5.61798E+00	8.10870E+07
2.50000E-01	5.89888E+00	7.60408E+07
2.50000E-01	6.17978E+00	7.15295E+07
2.50000E-01	6.46067E+00	6.74796E+07
2.50000E-01	6.74157E+00	6.38246E+07
2.50000E-01	7.02247E+00	6.05146E+07
2.50000E-01	7.30337E+00	5.75042E+07
2.50000E-01	7.58427E+00	5.47567E+07
2.50000E-01	7.86517E+00	5.22408E+07
2.50000E-01	8.14607E+00	4.99282E+07
2.50000E-01	8.42697E+00	4.77960E+07
2.50000E-01	8.70787E+00	4.58222E+07
2.50000E-01	8.98876E+00	4.39906E+07
2.50000E-01	9.26966E+00	4.22826E+07
2.50000E-01	9.55056E+00	4.06892E+07
2.50000E-01	9.83146E+00	3.91973E+07
2.50000E-01	1.01124E+01	3.77982E+07
2.50000E-01	1.03933E+01	3.64843E+07
2.50000E-01	1.06742E+01	3.52484E+07
2.50000E-01	1.09551E+01	3.40854E+07
2.50000E-01	1.12360E+01	3.29887E+07
2.50000E-01	1.15169E+01	3.19555E+07
2.50000E-01	1.17978E+01	3.09801E+07
2.50000E-01	1.20787E+01	3.00587E+07
2.50000E-01	1.23596E+01	2.91859E+07
2.50000E-01	1.26404E+01	2.83585E+07
2.50000E-01	1.29213E+01	2.75731E+07
2.50000E-01	1.32022E+01	2.68282E+07
2.50000E-01	1.34831E+01	2.61181E+07
2.50000E-01	1.37640E+01	2.54402E+07
2.50000E-01	1.40449E+01	2.47946E+07
2.50000E-01	1.43258E+01	2.41788E+07
2.50000E-01	1.46067E+01	2.35886E+07
2.50000E-01	1.48876E+01	2.30229E+07
2.50000E-01	1.51685E+01	2.24812E+07
2.50000E-01	1.54494E+01	2.19611E+07
2.50000E-01	1.57303E+01	2.14614E+07
2.50000E-01	1.60112E+01	2.09821E+07
2.50000E-01	1.62921E+01	2.05219E+07
2.50000E-01	1.65730E+01	2.00784E+07
2.50000E-01	1.68539E+01	1.96504E+07
2.50000E-01	1.71348E+01	1.92381E+07
2.50000E-01	1.74157E+01	1.88410E+07
2.50000E-01	1.76966E+01	1.84580E+07
2.50000E-01	1.79775E+01	1.80890E+07
2.50000E-01	1.82584E+01	1.77337E+07
2.50000E-01	1.85393E+01	1.73901E+07
2.50000E-01	1.88202E+01	1.70574E+07
2.50000E-01	1.91011E+01	1.67358E+07
2.50000E-01	1.93820E+01	1.64248E+07
2.50000E-01	1.96629E+01	1.61237E+07
2.50000E-01	1.99438E+01	1.58325E+07
2.50000E-01	2.02247E+01	1.55509E+07
2.50000E-01	2.05056E+01	1.52783E+07
2.50000E-01	2.07865E+01	1.50136E+07
2.50000E-01	2.10674E+01	1.47567E+07
2.50000E-01	2.13483E+01	1.45074E+07
2.50000E-01	2.16292E+01	1.42652E+07
2.50000E-01	2.19101E+01	1.40298E+07
2.50000E-01	2.21910E+01	1.38015E+07
2.50000E-01	2.24719E+01	1.35801E+07
2.50000E-01	2.27528E+01	1.33649E+07
2.50000E-01	2.30337E+01	1.31556E+07
2.50000E-01	2.33146E+01	1.29523E+07
2.50000E-01	2.35955E+01	1.27544E+07
2.50000E-01	2.38764E+01	1.25613E+07
2.50000E-01	2.41573E+01	1.23734E+07
2.50000E-01	2.44382E+01	1.21905E+07
2.50000E-01	2.47191E+01	1.20121E+07
2.50000E-01	2.50000E+01	1.18381E+07
3.00000E-01	0.00000E+00	8.98197E+08
3.00000E-01	2.80899E-01	6.39464E+08
3.00000E-01	5.61798E-01	6.52449E+08
3.00000E-01	8.42697E-01	6.23969E+08
3.00000E-01	1.12360E+00	5.50767E+08
3.00000E-01	1.40449E+00	4.56134E+08
3.00000E-01	1.68539E+00	3.76213E+08
3.00000E-01	1.96629E+00	3.14218E+08
3.00000E-01	2.24719E+00	2.66824E+08
3.00000E-01	2.52809E+00	2.30149E+08
3.00000E-01	2.80899E+00	2.01227E+08
3.00000E-01	3.08989E+00	1.77977E+08
3.00000E-01	3.37079E+00	1.58962E+08
3.00000E-01	3.65169E+00	1.43173E+08
3.00000E-01	3.93258E+00	1.29894E+08
3.00000E-01	4.21348E+00	1.18603E+08
3.00000E-01	4.49438E+00	1.08910E+08
3.00000E-01	4.77528E+00	1.00516E+08
3.00000E-01	5.05618E+00	9.31956E+07
3.00000E-01	5.33708E+00	8.67666E+07
3.00000E-01	5.61798E+00	8.10868E+07
3.00000E-01	5.89888E+00	7.60406E+07
3.00000E-01	6.17978E+00	7.15293E+07
3.00000E-01	6.46067E+00	6.74794E+07
3.00000E-01	6.74157E+00	6.38245E+07
3.00000E-01	7.02247E+00	6.05144E+07
3.00000E-01	7.30337E+00	5.75041E+07
3.00000E-01	7.58427E+00	5.47566E+07
3.00000E-01	7.86517E+00	5.22407E+07
3.00000E-01	8.14607E+00	4.99282E+07
3.00000E-01	8.42697E+00	4.77959E+07
3.00000E-01	8.70787E+00	4.58221E+07
3.00000E-01	8.98876E+00	4.39905E+07
3.00000E-01	9.26966E+00	4.22825E+07
3.00000E-01	9.55056E+00	4.06891E+07
3.00000E-01	9.83146E+00	3.91973E+07
3.00000E-01	1.01124E+01	3.77981E+07
3.00000E-01	1.03933E+01	3.64842E+07
3.00000E-01	1.06742E+01	3.52483E+07
3.00000E-01	1.09551E+01	3.40854E+07
3.00000E-01	1.12360E+01	3.29887E+07
3.00000E-01	1.15169E+01	3.19555E+07
3.00000E-01	1.17978E+01	3.09801E+07
3.00000E-01	1.20787E+01	3.00587E+07
3.00000E-01	1.23596E+01	2.91859E+07
3.00000E-01	1.26404E+01	2.83585E+07
3.00000E-01	1.29213E+01	2.75731E+07
3.00000E-01	1.32022E+01	2.68282E+07
3.00000E-01	1.34831E+01	2.61181E+07
3.00000E-01	1.37640E+01	2.54402E+07
3.00000E-01	1.40449E+01	2.47946E+07
3.00000E-01	1.43258E+01	2.41788E+07
3.00000E-01	1.46067E+01	2.35886E+07
3.00000E-01	1.48876E+01	2.30229E+07
3.00000E-01	1.51685E+01	2.24812E+07
3.00000E-01	1.54494E+01	2.19611E+07
3.00000E-01	1.57303E+01	2.14614E+07
3.00000E-01	1.60112E+01	2.09821E+07
3.00000E-01	1.62921E+01	2.05219E+07
3.00000E-01	1.65730E+01	2.00784E+07
3.00000E-01	1.68539E+01	1.96504E+07
3.00000E-01	1.71348E+01	1.92381E+07
3.00000E-01	1.74157E+01	1.88410E+07
3.00000E-01	1.76966E+01	1.84580E+07
3.00000E-01	1.79775E+01	1.80890E+07
3.00000E-01	1.82584E+01	1.77336E+07
3.00000E-01	1.85393E+01	1.73900E+07
3.00000E-01	1.88202E+01	1.70574E+07
3.00000E-01	1.91011E+01	1.67358E+07
3.00000E-01	1.93820E+01	1.64248E+07
3.00000E-01	1.96629E+01	1.61237E+07
3.00000E-01	1.99438E+01	1.58325E+07
3.00000E-01	2.02247E+01	1.55509E+07
3.00000E-01	2.05056E+01	1.52783E+07
3.00000E-01	2.07865E+01	1.50136E+07
3.00000E-01	2.10674E+01	1.47567E+07
3.00000E-01	2.13483E+01	1.45074E+07
3.00000E-01	2.16292E+01	1.42652E+07
3.00000E-01	2.19101E+01	1.40298E+07
3.00000E-01	2.21910E+01	1.38015E+07
3.00000E-01	2.24719E+01	1.35801E+07
3.00000E-01	2.27528E+01	1.33649E+07
3.00000E-01	2.30337E+01	1.31556E+07
3.00000E-01	2.33146E+01	1.29523E+07
3.00000E-01	2.35955E+01	1.27544E+07
3.00000E-01	2.38764E+01	1.25613E+07
3.00000E-01	2.41573E+01	1.23734E+07
3.00000E-01	2.44382E+01	1.21905E+07
3.00000E-01	2.47191E+01	1.20121E+07
3.00000E-01	2.50000E+01	1.18381E+07
4.00000E-01	0.00000E+00	8.21081E+08
4.00000E-01	2.80899E-01	6.39529E+08
4.00000E-01	5.61798E-01	6.51496E+08
4.00000E-01	8.42697E-01	6.22969E+08
4.00000E-01	1.12360E+00	5.49922E+08
4.00000E-01	1.40449E+00	4.55786E+08
4.00000E-01	1.68539E+00	3.76061E+08
4.00000E-01	1.96629E+00	3.14148E+08
4.00000E-01	2.24719E+00	2.66786E+08
4.00000E-01	2.52809E+00	2.30127E+08
4.00000E-01	2.80899E+00	2.01213E+08
4.00000E-01	3.08989E+00	1.77967E+08
4.00000E-01	3.37079E+00	1.58955E+08
4.00000E-01	3.65169E+00	1.43168E+08
4.00000E-01	3.93258E+00	1.29890E+08
4.00000E-01	4.21348E+00	1.18600E+08
4.00000E-01	4.49438E+00	1.08908E+08
4.00000E-01	4.77528E+00	1.00515E+08
4.00000E-01	5.05618E+00	9.31943E+07
4.00000E-01	5.33708E+00	8.67656E+07
4.00000E-01	5.61798E+00	8.10860E+07
4.00000E-01	5.89888E+00	7.60399E+07
4.00000E-01	6.17978E+00	7.15288E+07
4.00000E-01	6.46067E+00	6.74790E+07
4.00000E-01	6.74157E+00	6.38242E+07
4.00000E-01	7.02247E+00	6.05141E+07
4.00000E-01	7.30337E+00	5.75038E+07
4.00000E-01	7.58427E+00	5.47564E+07
4.00000E-01	7.86517E+00	5.22404E+07
4.00000E-01	8.14607E+00	4.99280E+07
4.00000E-01	8.42697E+00	4.77957E+07
4.00000E-01	8.70787E+00	4.58220E+07
4.00000E-01	8.98876E+00	4.39903E+07
4.00000E-01	9.26966E+00	4.22824E+07
4.00000E-01	9.55056E+00	4.06889E+07
4.00000E-01	9.83146E+00	3.91971E+07
4.00000E-01	1.01124E+01	3.77980E+07
4.00000E-01	1.03933E+01	3.64841E+07
4.00000E-01	1.06742E+01	3.52483E+07
4.00000E-01	1.09551E+01	3.40853E+07
4.00000E-01	1.12360E+01	3.29886E+07
4.00000E-01	1.15169E+01	3.19554E+07
4.00000E-01	1.17978E+01	3.09800E+07
4.00000E-01	1.20787E+01	3.00586E+07
4.00000E-01	1.23596E+01	2.91858E+07
4.00000E-01	1.26404E+01	2.83584E+07
4.00000E-01	1.29213E+01	2.75731E+07
4.00000E-01	1.32022E+01	2.68281E+07
4.00000E-01	1.34831E+01	2.61180E+07
4.00000E-01	1.37640E+01	2.54402E+07
4.00000E-01	1.40449E+01	2.47946E+07
4.00000E-01	1.43258E+01	2.41787E+07
4.00000E-01	1.46067E+01	2.35885E+07
4.00000E-01	1.48876E+01	2.30229E+07
4.00000E-01	1.51685E+01	2.24811E+07
4.00000E-01	1.54494E+01	2.19611E+07
4.00000E-01	1.57303E+01	2.14614E+07
4.00000E-01	1.60112E+01	2.09821E+07
4.00000E-01	1.62921E+01	2.05218E+07
4.00000E-01	1.65730E+01	2.00784E+07
4.00000E-01	1.68539E+01	1.96504E+07
4.00000E-01	1.71348E+01	1.92381E+07
4.00000E-01	1.74157E+01	1.88410E+07
4.00000E-01	1.76966E+01	1.84580E+07
4.00000E-01	1.79775E+01	1.80890E+07
4.00000E-01	1.82584E+01	1.77336E+07
4.00000E-01	1.85393E+01	1.73900E+07
4.00000E-01	1.88202E+01	1.70573E+07
4.00000E-01	1.91011E+01	1.67357E+07
4.00000E-01	1.93820E+01	1.64248E+07
4.00000E-01	1.96629E+01	1.61237E+07
4.00000E-01	1.99438E+01	1.58325E+07
4.00000E-01	2.02247E+01	1.55509E+07
4.00000E-01	2.05056E+01	1.52783E+07
4.00000E-01	2.07865E+01	1.50136E+07
4.00000E-01	2.10674E+01	1.47567E+07
4.00000E-01	2.13483E+01	1.45074E+07
4.00000E-01	2.16292E+01	1.42652E+07
4.00000E-01	2.19101E+01	1.40298E+07
4.00000E-01	2.21910E+01	1.38015E+07
4.00000E-01	2.24719E+01	1.35801E+07
4.00000E-01	2.27528E+01	1.33648E+07
4.00000E-01	2.30337E+01	1.31556E+07
4.00000E-01	2.33146E+01	1.29523E+07
4.00000E-01	2.35955E+01	1.27544E+07
4.00000E-01	2.38764E+01	1.25613E+07
4.00000E-01	2.41573E+01	1.23734E+07
4.00000E-01	2.44382E+01	1.21905E+07
4.00000E-01	2.47191E+01	1.20121E+07
4.00000E-01	2.50000E+01	1.18381E+07
5.00000E-01	0.00000E+00	7.72159E+08
5.00000E-01	2.80899E-01	6.41444E+08
5.00000E-01	5.61798E-01	6.50008E+08
5.00000E-01	8.42697E-01	6.21587E+08
5.00000E-01	1.12360E+00	5.48797E+08
5.00000E-01	1.40449E+00	4.55318E+08
5.00000E-01	1.68539E+00	3.75856E+08
5.00000E-01	1.96629E+00	3.14052E+08
5.00000E-01	2.24719E+00	2.66734E+08
5.00000E-01	2.52809E+00	2.30096E+08
5.00000E-01	2.80899E+00	2.01193E+08
5.00000E-01	3.08989E+00	1.77954E+08
5.00000E-01	3.37079E+00	1.58945E+08
5.00000E-01	3.65169E+00	1.43161E+08
5.00000E-01	3.93258E+00	1.29885E+08
5.00000E-01	4.21348E+00	1.18596E+08
5.00000E-01	4.49438E+00	1.08905E+08
5.00000E-01	4.77528E+00	1.00512E+08
5.00000E-01	5.05618E+00	9.31925E+07
5.00000E-01	5.33708E+00	8.67642E+07
5.00000E-01	5.61798E+00	8.10849E+07
5.00000E-01	5.89888E+00	7.60389E+07
5.00000E-01	6.17978E+00	7.15281E+07
5.00000E-01	6.46067E+00	6.74783E+07
5.00000E-01	6.74157E+00	6.38237E+07
5.00000E-01	7.02247E+00	6.05136E+07
5.00000E-01	7.30337E+00	5.75034E+07
5.00000E-01	7.58427E+00	5.47560E+07
5.00000E-01	7.86517E+00	5.22401E+07
5.00000E-01	8.14607E+00	4.99277E+07
5.00000E-01	8.42697E+00	4.77954E+07
5.00000E-01	8.70787E+00	4.58217E+07
5.00000E-01	8.98876E+00	4.39900E+07
5.00000E-01	9.26966E+00	4.22822E+07
5.00000E-01	9.55056E+00	4.06887E+07
5.00000E-01	9.83146E+00	3.91969E+07
5.00000E-01	1.01124E+01	3.77978E+07
5.00000E-01	1.03933E+01	3.64839E+07
5.00000E-01	1.06742E+01	3.52481E+07
5.00000E-01	1.09551E+01	3.40852E+07
5.00000E-01	1.12360E+01	3.29886E+07
5.00000E-01	1.15169E+01	3.19554E+07
5.00000E-01	1.17978E+01	3.09800E+07
5.00000E-01	1.20787E+01	3.00586E+07
5.00000E-01	1.23596E+01	2.91858E+07
5.00000E-01	1.26404E+01	2.83583E+07
5.00000E-01	1.29213E+01	2.75731E+07
5.00000E-01	1.32022E+01	2.68281E+07
5.00000E-01	1.34831E+01	2.61180E+07
5.00000E-01	1.37640E+01	2.54402E+07
5.00000E-01	1.40449E+01	2.47946E+07
5.00000E-01	1.43258E+01	2.41787E+07
5.00000E-01	1.46067E+01	2.35885E+07
5.00000E-01	1.48876E+01	2.30228E+07
5.00000E-01	1.51685E+01	2.24811E+07
5.00000E-01	1.54494E+01	2.19610E+07
5.00000E-01	1.57303E+01	2.14614E+07
5.00000E-01	1.60112E+01	2.09821E+07
5.00000E-01	1.62921E+01	2.05218E+07
5.00000E-01	1.65730E+01	2.00783E+07
5.00000E-01	1.68539E+01	1.96504E+07
5.00000E-01	1.71348E+01	1.92381E+07
5.00000E-01	1.74157E+01	1.88409E+07
5.00000E-01	1.76966E+01	1.84580E+07
5.00000E-01	1.79775E+01	1.80890E+07
5.00000E-01	1.82584E+01	1.77336E+07
5.00000E-01	1.85393E+01	1.73900E+07
5.00000E-01	1.88202E+01	1.70573E+07
5.00000E-01	1.91011E+01	1.67357E+07
5.00000E-01	1.93820E+01	1.64247E+07
5.00000E-01	1.96629E+01	1.61237E+07
5.00000E-01	1.99438E+01	1.58325E+07
5.00000E-01	2.02247E+01	1.55509E+07
5.00000E-01	2.05056E+01	1.52783E+07
5.00000E-01	2.07865E+01	1.50136E+07
5.00000E-01	2.10674E+01	1.47567E+07
5.00000E-01	2.13483E+01	1.45074E+07
5.00000E-01	2.16292E+01	1.42651E+07
5.00000E-01	2.19101E+01	1.40298E+07
5.00000E-01	2.21910E+01	1.38015E+07
5.00000E-01	2.24719E+01	1.35801E+07
5.00000E-01	2.27528E+01	1.33648E+07
5.00000E-01	2.30337E+01	1.31556E+07
5.00000E-01	2.33146E+01	1.29523E+07
5.00000E-01	2.35955E+01	1.27543E+07
5.00000E-01	2.38764E+01	1.25613E+07
5.00000E-01	2.41573E+01	1.23734E+07
5.00000E-01	2.44382E+01	1.21905E+07
5.00000E-01	2.47191E+01	1.20121E+07
5.00000E-01	2.50000E+01	1.18381E+07
6.00000E-01	0.00000E+00	7.39650E+08
6.00000E-01	2.80899E-01	6.45112E+08
6.00000E-01	5.61798E-01	6.48045E+08
6.00000E-01	8.42697E-01	6.19791E+08
6.00000E-01	1.12360E+00	5.47382E+08
6.00000E-01	1.40449E+00	4.54724E+08
6.00000E-01	1.68539E+00	3.75594E+08
6.00000E-01	1.96629E+00	3.13928E+08
6.00000E-01	2.24719E+00	2.66668E+08
6.00000E-01	2.52809E+00	2.30056E+08
6.00000E-01	2.80899E+00	2.01167E+08
6.00000E-01	3.08989E+00	1.77936E+08
6.00000E-01	3.37079E+00	1.58933E+08
6.00000E-01	3.65169E+00	1.43151E+08
6.00000E-01	3.93258E+00	1.29878E+08
6.00000E-01	4.21348E+00	1.18591E+08
6.00000E-01	4.49438E+00	1.08901E+08
6.00000E-01	4.77528E+00	1.00510E+08
6.00000E-01	5.05618E+00	9.31902E+07
6.00000E-01	5.33708E+00	8.67624E+07
6.00000E-01	5.61798E+00	8.10835E+07
6.00000E-01	5.89888E+00	7.60376E+07
6.00000E-01	6.17978E+00	7.15271E+07
6.00000E-01	6.46067E+00	6.74774E+07
6.00000E-01	6.74157E+00	6.38230E+07
6.00000E-01	7.02247E+00	6.05130E+07
6.00000E-01	7.30337E+00	5.75029E+07
6.00000E-01	7.58427E+00	5.47556E+07
6.00000E-01	7.86517E+00	5.22397E+07
6.00000E-01	8.14607E+00	4.99273E+07
6.00000E-01	8.42697E+00	4.77950E+07
6.00000E-01	8.70787E+00	4.58214E+07
6.00000E-01	8.98876E+00	4.39896E+07
6.00000E-01	9.26966E+00	4.22819E+07
6.00000E-01	9.55056E+00	4.06884E+07
6.00000E-01	9.83146E+00	3.91967E+07
6.00000E-01	1.01124E+01	3.77976E+07
6.00000E-01	1.03933E+01	3.64837E+07
6.00000E-01	1.06742E+01	3.52480E+07
6.00000E-01	1.09551E+01	3.40850E+07
6.00000E-01	1.12360E+01	3.29885E+07
6.00000E-01	1.15169E+01	3.19553E+07
6.00000E-01	1.17978E+01	3.09799E+07
6.00000E-01	1.20787E+01	3.00585E+07
6.00000E-01	1.23596E+01	2.91857E+07
6.00000E-01	1.26404E+01	2.83583E+07
6.00000E-01	1.29213E+01	2.75731E+07
6.00000E-01	1.32022E+01	2.68280E+07
6.00000E-01	1.34831E+01	2.61179E+07
6.00000E-01	1.37640E+01	2.54401E+07
6.00000E-01	1.40449E+01	2.47945E+07
6.00000E-01	1.43258E+01	2.41786E+07
6.00000E-01	1.46067E+01	2.35884E+07
6.00000E-01	1.48876E+01	2.30228E+07
6.00000E-01	1.51685E+01	2.24810E+07
6.00000E-01	1.54494E+01	2.19609E+07
6.00000E-01	1.57303E+01	2.14613E+07
6.00000E-01	1.60112E+01	2.09820E+07
6.00000E-01	1.62921E+01	2.05217E+07
6.00000E-01	1.65730E+01	2.00783E+07
6.00000E-01	1.68539E+01	1.96503E+07
6.00000E-01	1.71348E+01	1.92381E+07
6.00000E-01	1.74157E+01	1.88409E+07
6.00000E-01	1.76966E+01	1.84579E+07
6.00000E-01	1.79775E+01	1.80890E+07
6.00000E-01	1.82584E+01	1.77336E+07
6.00000E-01	1.85393E+01	1.73900E+07
6.00000E-01	1.88202E+01	1.70573E+07
6.00000E-01	1.91011E+01	1.67357E+07
6.00000E-01	1.93820E+01	1.64247E+07
6.00000E-01	1.96629E+01	1.61237E+07
6.00000E-01	1.99438E+01	1.58325E+07
6.00000E-01	2.02247E+01	1.55509E+07
6.00000E-01	2.05056E+01	1.52782E+07
6.00000E-01	2.07865E+01	1.50136E+07
6.00000E-01	2.10674E+01	1.47567E+07
6.00000E-01	2.13483E+01	1.45073E+07
6.00000E-01	2.16292E+01	1.42651E+07
6.00000E-01	2.19101E+01	1.40298E+07
6.00000E-01	2.21910E+01	1.38015E+07
6.00000E-01	2.24719E+01	1.35801E+07
6.00000E-01	2.27528E+01	1.33648E+07
6.00000E-01	2.30337E+01	1.31556E+07
6.00000E-01	2.33146E+01	1.29523E+07
6.00000E-01	2.35955E+01	1.27543E+07
6.00000E-01	2.38764E+01	1.25613E+07
6.00000E-01	2.41573E+01	1.23734E+07
6.00000E-01	2.44382E+01	1.21905E+07
6.00000E-01	2.47191E+01	1.20120E+07
6.00000E-01	2.50000E+01	1.18381E+07
7.00000E-01	0.00000E+00	7.17342E+08
7.00000E-01	2.80899E-01	6.48903E+08
7.00000E-01	5.61798E-01	6.45858E+08
7.00000E-01	8.42697E-01	6.17559E+08
7.00000E-01	1.12360E+00	5.45673E+08
7.00000E-01	1.40449E+00	4.53994E+08
7.00000E-01	1.68539E+00	3.75271E+08
7.00000E-01	1.96629E+00	3.13775E+08
7.00000E-01	2.24719E+00	2.66586E+08
7.00000E-01	2.52809E+00	2.30007E+08
7.00000E-01	2.80899E+00	2.01135E+08
7.00000E-01	3.08989E+00	1.77914E+08
7.00000E-01	3.37079E+00	1.58917E+08
7.00000E-01	3.65169E+00	1.43140E+08
7.00000E-01	3.93258E+00	1.29870E+08
7.00000E-01	4.21348E+00	1.18585E+08
7.00000E-01	4.49438E+00	1.08896E+08
7.00000E-01	4.77528E+00	1.00506E+08
7.00000E-01	5.05618E+00	9.31873E+07
7.00000E-01	5.33708E+00	8.67602E+07
7.00000E-01	5.61798E+00	8.10818E+07
7.00000E-01	5.89888E+00	7.60361E+07
7.00000E-01	6.17978E+00	7.15259E+07
7.00000E-01	6.46067E+00	6.74763E+07
7.00000E-01	6.74157E+00	6.38222E+07
7.00000E-01	7.02247E+00	6.05123E+07
7.00000E-01	7.30337E+00	5.75023E+07
7.00000E-01	7.58427E+00	5.47550E+07
7.00000E-01	7.86517E+00	5.22392E+07
7.00000E-01	8.14607E+00	4.99269E+07
7.00000E-01	8.42697E+00	4.77945E+07
7.00000E-01	8.70787E+00	4.58211E+07
7.00000E-01	8.98876E+00	4.39891E+07
7.00000E-01	9.26966E+00	4.22816E+07
7.00000E-01	9.55056E+00	4.06880E+07
7.00000E-01	9.83146E+00	3.91964E+07
7.00000E-01	1.01124E+01	3.77974E+07
7.00000E-01	1.03933E+01	3.64835E+07
7.00000E-01	1.06742E+01	3.52478E+07
7.00000E-01	1.09551E+01	3.40848E+07
7.00000E-01	1.12360E+01	3.29884E+07
7.00000E-01	1.15169E+01	3.19551E+07
7.00000E-01	1.17978E+01	3.09798E+07
7.00000E-01	1.20787E+01	3.00583E+07
7.00000E-01	1.23596E+01	2.91856E+07
7.00000E-01	1.26404E+01	2.83582E+07
7.00000E-01	1.29213E+01	2.75730E+07
7.00000E-01	1.32022E+01	2.68279E+07
7.00000E-01	1.34831E+01	2.61178E+07
7.00000E-01	1.37640E+01	2.54401E+07
7.00000E-01	1.40449E+01	2.47945E+07
7.00000E-01	1.43258E+01	2.41785E+07
7.00000E-01	1.46067E+01	2.35883E+07
7.00000E-01	1.48876E+01	2.30227E+07
7.00000E-01	1.51685E+01	2.24809E+07
7.00000E-01	1.54494E+01	2.19609E+07
7.00000E-01	1.57303E+01	2.14613E+07
7.00000E-01	1.60112E+01	2.09820E+07
7.00000E-01	1.62921E+01	2.05217E+07
7.00000E-01	1.65730E+01	2.00782E+07
7.00000E-01	1.68539E+01	1.96503E+07
7.00000E-01	1.71348E+01	1.92380E+07
7.00000E-01	1.74157E+01	1.88409E+07
7.00000E-01	1.76966E+01	1.84579E+07
7.00000E-01	1.79775E+01	1.80890E+07
7.00000E-01	1.82584E+01	1.77335E+07
7.00000E-01	1.85393E+01	1.73899E+07
7.00000E-01	1.88202E+01	1.70573E+07
7.00000E-01	1.91011E+01	1.67357E+07
7.00000E-01	1.93820E+01	1.64247E+07
7.00000E-01	1.96629E+01	1.61237E+07
7.00000E-01	1.99438E+01	1.58324E+07
7.00000E-01	2.02247E+01	1.55508E+07
7.00000E-01	2.05056E+01	1.52782E+07
7.00000E-01	2.07865E+01	1.50136E+07
7.00000E-01	2.10674E+01	1.47567E+07
7.00000E-01	2.13483E+01	1.45073E+07
7.00000E-01	2.16292E+01	1.42651E+07
7.00000E-01	2.19101E+01	1.40298E+07
7.00000E-01	2.21910E+01	1.38015E+07
7.00000E-01	2.24719E+01	1.35801E+07
7.00000E-01	2.27528E+01	1.33648E+07
7.00000E-01	2.30337E+01	1.31556E+07
7.00000E-01	2.33146E+01	1.29523E+07
7.00000E-01	2.35955E+01	1.27543E+07
7.00000E-01	2.38764E+01	1.25613E+07
7.00000E-01	2.41573E+01	1.23734E+07
7.00000E-01	2.44382E+01	1.21904E+07
7.00000E-01	2.47191E+01	1.20120E+07
7.00000E-01	2.50000E+01	1.18381E+07
8.00000E-01	0.00000E+00	7.01655E+08
8.00000E-01	2.80899E-01	6.51430E+08
8.00000E-01	5.61798E-01	6.43777E+08
8.00000E-01	8.42697E-01	6.14903E+08
8.00000E-01	1.12360E+00	5.43669E+08
8.00000E-01	1.40449E+00	4.53121E+08
8.00000E-01	1.68539E+00	3.74883E+08
8.00000E-01	1.96629E+00	3.13590E+08
8.00000E-01	2.24719E+00	2.66486E+08
8.00000E-01	2.52809E+00	2.29947E+08
8.00000E-01	2.80899E+00	2.01096E+08
8.00000E-01	3.08989E+00	1.77888E+08
8.00000E-01	3.37079E+00	1.58898E+08
8.00000E-01	3.65169E+00	1.43126E+08
8.00000E-01	3.93258E+00	1.29860E+08
8.00000E-01	4.21348E+00	1.18577E+08
8.00000E-01	4.49438E+00	1.08890E+08
8.00000E-01	4.77528E+00	1.00501E+08
8.00000E-01	5.05618E+00	9.31838E+07
8.00000E-01	5.33708E+00	8.67575E+07
8.00000E-01	5.61798E+00	8.10796E+07
8.00000E-01	5.89888E+00	7.60342E+07
8.00000E-01	6.17978E+00	7.15245E+07
8.00000E-01	6.46067E+00	6.74750E+07
8.00000E-01	6.74157E+00	6.38211E+07
8.00000E-01	7.02247E+00	6.05114E+07
8.00000E-01	7.30337E+00	5.75015E+07
8.00000E-01	7.58427E+00	5.47544E+07
8.00000E-01	7.86517E+00	5.22386E+07
8.00000E-01	8.14607E+00	4.99263E+07
8.00000E-01	8.42697E+00	4.77940E+07
8.00000E-01	8.70787E+00	4.58206E+07
8.00000E-01	8.98876E+00	4.39886E+07
8.00000E-01	9.26966E+00	4.22812E+07
8.00000E-01	9.55056E+00	4.06876E+07
8.00000E-01	9.83146E+00	3.91960E+07
8.00000E-01	1.01124E+01	3.77970E+07
8.00000E-01	1.03933E+01	3.64832E+07
8.00000E-01	1.06742E+01	3.52476E+07
8.00000E-01	1.09551E+01	3.40846E+07
8.00000E-01	1.12360E+01	3.29882E+07
8.00000E-01	1.15169E+01	3.19550E+07
8.00000E-01	1.17978E+01	3.09797E+07
8.00000E-01	1.20787E+01	3.00582E+07
8.00000E-01	1.23596E+01	2.91855E+07
8.00000E-01	1.26404E+01	2.83581E+07
8.00000E-01	1.29213E+01	2.75729E+07
8.00000E-01	1.32022E+01	2.68277E+07
8.00000E-01	1.34831E+01	2.61176E+07
8.00000E-01	1.37640E+01	2.54400E+07
8.00000E-01	1.40449E+01	2.47944E+07
8.00000E-01	1.43258E+01	2.41784E+07
8.00000E-01	1.46067E+01	2.35882E+07
8.00000E-01	1.48876E+01	2.30226E+07
8.00000E-01	1.51685E+01	2.24808E+07
8.00000E-01	1.54494E+01	2.19608E+07
8.00000E-01	1.57303E+01	2.14612E+07
8.00000E-01	1.60112E+01	2.09819E+07
8.00000E-01	1.62921E+01	2.05216E+07
8.00000E-01	1.65730E+01	2.00781E+07
8.00000E-01	1.68539E+01	1.96502E+07
8.00000E-01	1.71348E+01	1.92380E+07
8.00000E-01	1.74157E+01	1.88408E+07
8.00000E-01	1.76966E+01	1.84579E+07
8.00000E-01	1.79775E+01	1.80890E+07
8.00000E-01	1.82584E+01	1.77335E+07
8.00000E-01	1.85393E+01	1.73899E+07
8.00000E-01	1.88202E+01	1.70572E+07
8.00000E-01	1.91011E+01	1.67356E+07
8.00000E-01	1.93820E+01	1.64246E+07
8.00000E-01	1.96629E+01	1.61236E+07
8.00000E-01	1.99438E+01	1.58324E+07
8.00000E-01	2.02247E+01	1.55508E+07
8.00000E-01	2.05056E+01	1.52782E+07
8.00000E-01	2.07865E+01	1.50135E+07
8.00000E-01	2.10674E+01	1.47566E+07
8.00000E-01	2.13483E+01	1.45073E+07
8.00000E-01	2.16292E+01	1.42651E+07
8.00000E-01	2.19101E+01	1.40298E+07
8.00000E-01	2.21910E+01	1.38015E+07
8.00000E-01	2.24719E+01	1.35800E+07
8.00000E-01	2.27528E+01	1.33648E+07
8.00000E-01	2.30337E+01	1.31556E+07
8.00000E-01	2.33146E+01	1.29523E+07
8.00000E-01	2.35955E+01	1.27543E+07
8.00000E-01	2.38764E+01	1.25613E+07
8.00000E-01	2.41573E+01	1.23734E+07
8.00000E-01	2.44382E+01	1.21904E+07
8.00000E-01	2.47191E+01	1.20120E+07
8.00000E-01	2.50000E+01	1.18381E+07
9.00000E-01	0.00000E+00	6.90385E+08
9.00000E-01	2.80899E-01	6.52274E+08
9.00000E-01	5.61798E-01	6.42042E+08
9.00000E-01	8.42697E-01	6.11876E+08
9.00000E-01	1.12360E+00	5.41377E+08
9.00000E-01	1.40449E+00	4.52099E+08
9.00000E-01	1.68539E+00	3.74425E+08
9.00000E-01	1.96629E+00	3.13370E+08
9.00000E-01	2.24719E+00	2.66368E+08
9.00000E-01	2.52809E+00	2.29876E+08
9.00000E-01	2.80899E+00	2.01050E+08
9.00000E-01	3.08989E+00	1.77856E+08
9.00000E-01	3.37079E+00	1.58876E+08
9.00000E-01	3.65169E+00	1.43110E+08
9.00000E-01	3.93258E+00	1.29848E+08
9.00000E-01	4.21348E+00	1.18568E+08
9.00000E-01	4.49438E+00	1.08883E+08
9.00000E-01	4.77528E+00	1.00496E+08
9.00000E-01	5.05618E+00	9.31797E+07
9.00000E-01	5.33708E+00	8.67542E+07
9.00000E-01	5.61798E+00	8.10770E+07
9.00000E-01	5.89888E+00	7.60320E+07
9.00000E-01	6.17978E+00	7.15227E+07
9.00000E-01	6.46067E+00	6.74735E+07
9.00000E-01	6.74157E+00	6.38199E+07
9.00000E-01	7.02247E+00	6.05103E+07
9.00000E-01	7.30337E+00	5.75006E+07
9.00000E-01	7.58427E+00	5.47536E+07
9.00000E-01	7.86517E+00	5.22378E+07
9.00000E-01	8.14607E+00	4.99257E+07
9.00000E-01	8.42697E+00	4.77934E+07
9.00000E-01	8.70787E+00	4.58200E+07
9.00000E-01	8.98876E+00	4.39880E+07
9.00000E-01	9.26966E+00	4.22807E+07
9.00000E-01	9.55056E+00	4.06871E+07
9.00000E-01	9.83146E+00	3.91955E+07
9.00000E-01	1.01124E+01	3.77966E+07
9.00000E-01	1.03933E+01	3.64828E+07
9.00000E-01	1.06742E+01	3.52473E+07
9.00000E-01	1.09551E+01	3.40843E+07
9.00000E-01	1.12360E+01	3.29880E+07
9.00000E-01	1.15169E+01	3.19548E+07
9.00000E-01	1.17978E+01	3.09796E+07
9.00000E-01	1.20787E+01	3.00580E+07
9.00000E-01	1.23596E+01	2.91853E+07
9.00000E-01	1.26404E+01	2.83579E+07
9.00000E-01	1.29213E+01	2.75728E+07
9.00000E-01	1.32022E+01	2.68276E+07
9.00000E-01	1.34831E+01	2.61175E+07
9.00000E-01	1.37640E+01	2.54399E+07
9.00000E-01	1.40449E+01	2.47943E+07
9.00000E-01	1.43258E+01	2.41782E+07
9.00000E-01	1.46067E+01	2.35881E+07
9.00000E-01	1.48876E+01	2.30226E+07
9.00000E-01	1.51685E+01	2.24807E+07
9.00000E-01	1.54494E+01	2.19607E+07
9.00000E-01	1.57303E+01	2.14612E+07
9.00000E-01	1.60112E+01	2.09819E+07
9.00000E-01	1.62921E+01	2.05215E+07
9.00000E-01	1.65730E+01	2.00780E+07
9.00000E-01	1.68539E+01	1.96502E+07
9.00000E-01	1.71348E+01	1.92379E+07
9.00000E-01	1.74157E+01	1.88408E+07
9.00000E-01	1.76966E+01	1.84578E+07
9.00000E-01	1.79775E+01	1.80889E+07
9.00000E-01	1.82584E+01	1.77334E+07
9.00000E-01	1.85393E+01	1.73898E+07
9.00000E-01	1.88202E+01	1.70572E+07
9.00000E-01	1.91011E+01	1.67356E+07
9.00000E-01	1.93820E+01	1.64246E+07
9.00000E-01	1.96629E+01	1.61236E+07
9.00000E-01	1.99438E+01	1.58324E+07
9.00000E-01	2.02247E+01	1.55508E+07
9.00000E-01	2.05056E+01	1.52781E+07
9.00000E-01	2.07865E+01	1.50135E+07
9.00000E-01	2.10674E+01	1.47566E+07
9.00000E-01	2.13483E+01	1.45073E+07
9.00000E-01	2.16292E+01	1.42650E+07
9.00000E-01	2.19101E+01	1.40297E+07
9.00000E-01	2.21910E+01	1.38015E+07
9.00000E-01	2.24719E+01	1.35800E+07
9.00000E-01	2.27528E+01	1.33648E+07
9.00000E-01	2.30337E+01	1.31556E+07
9.00000E-01	2.33146E+01	1.29522E+07
9.00000E-01	2.35955E+01	1.27543E+07
9.00000E-01	2.38764E+01	1.25613E+07
9.00000E-01	2.41573E+01	1.23734E+07
9.00000E-01	2.44382E+01	1.21904E+07
9.00000E-01	2.47191E+01	1.20120E+07
9.00000E-01	2.50000E+01	1.18381E+07
1.00000E+00	0.00000E+00	6.82112E+08
1.00000E+00	2.80899E-01	6.51732E+08
1.00000E+00	5.61798E-01	6.40714E+08
1.00000E+00	8.42697E-01	6.08572E+08
1.00000E+00	1.12360E+00	5.38812E+08
1.00000E+00	1.40449E+00	4.50921E+08
1.00000E+00	1.68539E+00	3.73894E+08
1.00000E+00	1.96629E+00	3.13115E+08
1.00000E+00	2.24719E+00	2.66230E+08
1.00000E+00	2.52809E+00	2.29794E+08
1.00000E+00	2.80899E+00	2.00997E+08
1.00000E+00	3.08989E+00	1.77820E+08
1.00000E+00	3.37079E+00	1.58850E+08
1.00000E+00	3.65169E+00	1.43092E+08
1.00000E+00	3.93258E+00	1.29834E+08
1.00000E+00	4.21348E+00	1.18558E+08
1.00000E+00	4.49438E+00	1.08875E+08
1.00000E+00	4.77528E+00	1.00490E+08
1.00000E+00	5.05618E+00	9.31749E+07
1.00000E+00	5.33708E+00	8.67504E+07
1.00000E+00	5.61798E+00	8.10740E+07
1.00000E+00	5.89888E+00	7.60294E+07
1.00000E+00	6.17978E+00	7.15206E+07
1.00000E+00	6.46067E+00	6.74717E+07
1.00000E+00	6.74157E+00	6.38184E+07
1.00000E+00	7.02247E+00	6.05090E+07
1.00000E+00	7.30337E+00	5.74995E+07
1.00000E+00	7.58427E+00	5.47526E+07
1.00000E+00	7.86517E+00	5.22370E+07
1.00000E+00	8.14607E+00	4.99249E+07
1.00000E+00	8.42697E+00	4.77926E+07
1.00000E+00	8.70787E+00	4.58193E+07
1.00000E+00	8.98876E+00	4.39873E+07
1.00000E+00	9.26966E+00	4.22801E+07
1.00000E+00	9.55056E+00	4.06866E+07
1.00000E+00	9.83146E+00	3.91950E+07
1.00000E+00	1.01124E+01	3.77962E+07
1.00000E+00	1.03933E+01	3.64824E+07
1.00000E+00	1.06742E+01	3.52470E+07
1.00000E+00	1.09551E+01	3.40840E+07
1.00000E+00	1.12360E+01	3.29878E+07
1.00000E+00	1.15169E+01	3.19546E+07
1.00000E+00	1.17978E+01	3.09794E+07
1.00000E+00	1.20787E+01	3.00578E+07
1.00000E+00	1.23596E+01	2.91852E+07
1.00000E+00	1.26404E+01	2.83578E+07
1.00000E+00	1.29213E+01	2.75727E+07
1.00000E+00	1.32022E+01	2.68274E+07
1.00000E+00	1.34831E+01	2.61173E+07
1.00000E+00	1.37640E+01	2.54398E+07
1.00000E+00	1.40449E+01	2.47942E+07
1.00000E+00	1.43258E+01	2.41781E+07
1.00000E+00	1.46067E+01	2.35880E+07
1.00000E+00	1.48876E+01	2.30225E+07
1.00000E+00	1.51685E+01	2.24806E+07
1.00000E+00	1.54494E+01	2.19606E+07
1.00000E+00	1.57303E+01	2.14611E+07
1.00000E+00	1.60112E+01	2.09818E+07
1.00000E+00	1.62921E+01	2.05214E+07
1.00000E+00	1.65730E+01	2.00779E+07
1.00000E+00	1.68539E+01	1.96501E+07
1.00000E+00	1.71348E+01	1.92378E+07
1.00000E+00	1.74157E+01	1.88407E+07
1.00000E+00	1.76966E+01	1.84578E+07
1.00000E+00	1.79775E+01	1.80889E+07
1.00000E+00	1.82584E+01	1.77334E+07
1.00000E+00	1.85393E+01	1.73897E+07
1.00000E+00	1.88202E+01	1.70571E+07
1.00000E+00	1.91011E+01	1.67356E+07
1.00000E+00	1.93820E+01	1.64246E+07
1.00000E+00	1.96629E+01	1.61236E+07
1.00000E+00	1.99438E+01	1.58324E+07
1.00000E+00	2.02247E+01	1.55508E+07
1.00000E+00	2.05056E+01	1.52781E+07
1.00000E+00	2.07865E+01	1.50135E+07
1.00000E+00	2.10674E+01	1.47566E+07
1.00000E+00	2.13483E+01	1.45072E+07
1.00000E+00	2.16292E+01	1.42650E+07
1.00000E+00	2.19101E+01	1.40297E+07
1.00000E+00	2.21910E+01	1.38015E+07
1.00000E+00	2.24719E+01	1.35800E+07
1.00000E+00	2.27528E+01	1.33648E+07
1.00000E+00	2.30337E+01	1.31556E+07
1.00000E+00	2.33146E+01	1.29522E+07
1.00000E+00	2.35955E+01	1.27542E+07
1.00000E+00	2.38764E+01	1.25612E+07
1.00000E+00	2.41573E+01	1.23733E+07
1.00000E+00	2.44382E+01	1.21904E+07
1.00000E+00	2.47191E+01	1.20120E+07
1.00000E+00	2.50000E+01	1.18381E+07
1.50000E+00	0.00000E+00	6.60970E+08
1.50000E+00	2.80899E-01	6.42800E+08
1.50000E+00	5.61798E-01	6.34358E+08
1.50000E+00	8.42697E-01	5.91213E+08
1.50000E+00	1.12360E+00	5.23112E+08
1.50000E+00	1.40449E+00	4.42735E+08
1.50000E+00	1.68539E+00	3.70014E+08
1.50000E+00	1.96629E+00	3.11208E+08
1.50000E+00	2.24719E+00	2.65201E+08
1.50000E+00	2.52809E+00	2.29181E+08
1.50000E+00	2.80899E+00	2.00603E+08
1.50000E+00	3.08989E+00	1.77552E+08
1.50000E+00	3.37079E+00	1.58661E+08
1.50000E+00	3.65169E+00	1.42954E+08
1.50000E+00	3.93258E+00	1.29732E+08
1.50000E+00	4.21348E+00	1.18482E+08
1.50000E+00	4.49438E+00	1.08817E+08
1.50000E+00	4.77528E+00	1.00445E+08
1.50000E+00	5.05618E+00	9.31397E+07
1.50000E+00	5.33708E+00	8.67226E+07
1.50000E+00	5.61798E+00	8.10515E+07
1.50000E+00	5.89888E+00	7.60107E+07
1.50000E+00	6.17978E+00	7.15052E+07
1.50000E+00	6.46067E+00	6.74586E+07
1.50000E+00	6.74157E+00	6.38075E+07
1.50000E+00	7.02247E+00	6.04998E+07
1.50000E+00	7.30337E+00	5.74916E+07
1.50000E+00	7.58427E+00	5.47457E+07
1.50000E+00	7.86517E+00	5.22308E+07
1.50000E+00	8.14607E+00	4.99193E+07
1.50000E+00	8.42697E+00	4.77873E+07
1.50000E+00	8.70787E+00	4.58144E+07
1.50000E+00	8.98876E+00	4.39825E+07
1.50000E+00	9.26966E+00	4.22759E+07
1.50000E+00	9.55056E+00	4.06826E+07
1.50000E+00	9.83146E+00	3.91914E+07
1.50000E+00	1.01124E+01	3.77930E+07
1.50000E+00	1.03933E+01	3.64796E+07
1.50000E+00	1.06742E+01	3.52446E+07
1.50000E+00	1.09551E+01	3.40819E+07
1.50000E+00	1.12360E+01	3.29862E+07
1.50000E+00	1.15169E+01	3.19531E+07
1.50000E+00	1.17978E+01	3.09781E+07
1.50000E+00	1.20787E+01	3.00565E+07
1.50000E+00	1.23596E+01	2.91840E+07
1.50000E+00	1.26404E+01	2.83567E+07
1.50000E+00	1.29213E+01	2.75718E+07
1.50000E+00	1.32022E+01	2.68263E+07
1.50000E+00	1.34831E+01	2.61162E+07
1.50000E+00	1.37640E+01	2.54390E+07
1.50000E+00	1.40449E+01	2.47934E+07
1.50000E+00	1.43258E+01	2.41771E+07
1.50000E+00	1.46067E+01	2.35870E+07
1.50000E+00	1.48876E+01	2.30217E+07
1.50000E+00	1.51685E+01	2.24798E+07
1.50000E+00	1.54494E+01	2.19598E+07
1.50000E+00	1.57303E+01	2.14605E+07
1.50000E+00	1.60112E+01	2.09812E+07
1.50000E+00	1.62921E+01	2.05207E+07
1.50000E+00	1.65730E+01	2.00772E+07
1.50000E+00	1.68539E+01	1.96495E+07
1.50000E+00	1.71348E+01	1.92374E+07
1.50000E+00	1.74157E+01	1.88402E+07
1.50000E+00	1.76966E+01	1.84575E+07
1.50000E+00	1.79775E+01	1.80886E+07
1.50000E+00	1.82584E+01	1.77329E+07
1.50000E+00	1.85393E+01	1.73893E+07
1.50000E+00	1.88202E+01	1.70568E+07
1.50000E+00	1.91011E+01	1.67352E+07
1.50000E+00	1.93820E+01	1.64242E+07
1.50000E+00	1.96629E+01	1.61233E+07
1.50000E+00	1.99438E+01	1.58322E+07
1.50000E+00	2.02247E+01	1.55505E+07
1.50000E+00	2.05056E+01	1.52778E+07
1.50000E+00	2.07865E+01	1.50132E+07
1.50000E+00	2.10674E+01	1.47563E+07
1.50000E+00	2.13483E+01	1.45070E+07
1.50000E+00	2.16292E+01	1.42648E+07
1.50000E+00	2.19101E+01	1.40296E+07
1.50000E+00	2.21910E+01	1.38013E+07
1.50000E+00	2.24719E+01	1.35798E+07
1.50000E+00	2.27528E+01	1.33646E+07
1.50000E+00	2.30337E+01	1.31554E+07
1.50000E+00	2.33146E+01	1.29520E+07
1.50000E+00	2.35955E+01	1.27540E+07
1.50000E+00	2.38764E+01	1.25611E+07
1.50000E+00	2.41573E+01	1.23732E+07
1.50000E+00	2.44382E+01	1.21902E+07
1.50000E+00	2.47191E+01	1.20118E+07
1.50000E+00	2.50000E+01	1.18380E+07
2.00000E+00	0.00000E+00	6.47703E+08
2.00000E+00	2.80899E-01	6.32636E+08
2.00000E+00	5.61798E-01	6.16963E+08
2.00000E+00	8.42697E-01	5.74117E+08
2.00000E+00	1.12360E+00	5.06324E+08
2.00000E+00	1.40449E+00	4.31911E+08
2.00000E+00	1.68539E+00	3.64146E+08
2.00000E+00	1.96629E+00	3.08115E+08
2.00000E+00	2.24719E+00	2.63494E+08
2.00000E+00	2.52809E+00	2.28167E+08
2.00000E+00	2.80899E+00	1.99956E+08
2.00000E+00	3.08989E+00	1.77116E+08
2.00000E+00	3.37079E+00	1.58354E+08
2.00000E+00	3.65169E+00	1.42733E+08
2.00000E+00	3.93258E+00	1.29569E+08
2.00000E+00	4.21348E+00	1.18358E+08
2.00000E+00	4.49438E+00	1.08723E+08
2.00000E+00	4.77528E+00	1.00372E+08
2.00000E+00	5.05618E+00	9.30827E+07
2.00000E+00	5.33708E+00	8.66774E+07
2.00000E+00	5.61798E+00	8.10149E+07
2.00000E+00	5.89888E+00	7.59805E+07
2.00000E+00	6.17978E+00	7.14802E+07
2.00000E+00	6.46067E+00	6.74377E+07
2.00000E+00	6.74157E+00	6.37899E+07
2.00000E+00	7.02247E+00	6.04848E+07
2.00000E+00	7.30337E+00	5.74787E+07
2.00000E+00	7.58427E+00	5.47345E+07
2.00000E+00	7.86517E+00	5.22208E+07
2.00000E+00	8.14607E+00	4.99102E+07
2.00000E+00	8.42697E+00	4.77790E+07
2.00000E+00	8.70787E+00	4.58066E+07
2.00000E+00	8.98876E+00	4.39751E+07
2.00000E+00	9.26966E+00	4.22692E+07
2.00000E+00	9.55056E+00	4.06764E+07
2.00000E+00	9.83146E+00	3.91858E+07
2.00000E+00	1.01124E+01	3.77880E+07
2.00000E+00	1.03933E+01	3.64753E+07
2.00000E+00	1.06742E+01	3.52408E+07
2.00000E+00	1.09551E+01	3.40786E+07
2.00000E+00	1.12360E+01	3.29834E+07
2.00000E+00	1.15169E+01	3.19507E+07
2.00000E+00	1.17978E+01	3.09759E+07
2.00000E+00	1.20787E+01	3.00545E+07
2.00000E+00	1.23596E+01	2.91821E+07
2.00000E+00	1.26404E+01	2.83550E+07
2.00000E+00	1.29213E+01	2.75702E+07
2.00000E+00	1.32022E+01	2.68246E+07
2.00000E+00	1.34831E+01	2.61146E+07
2.00000E+00	1.37640E+01	2.54377E+07
2.00000E+00	1.40449E+01	2.47921E+07
2.00000E+00	1.43258E+01	2.41756E+07
2.00000E+00	1.46067E+01	2.35856E+07
2.00000E+00	1.48876E+01	2.30204E+07
2.00000E+00	1.51685E+01	2.24786E+07
2.00000E+00	1.54494E+01	2.19587E+07
2.00000E+00	1.57303E+01	2.14596E+07
2.00000E+00	1.60112E+01	2.09803E+07
2.00000E+00	1.62921E+01	2.05197E+07
2.00000E+00	1.65730E+01	2.00762E+07
2.00000E+00	1.68539E+01	1.96487E+07
2.00000E+00	1.71348E+01	1.92366E+07
2.00000E+00	1.74157E+01	1.88396E+07
2.00000E+00	1.76966E+01	1.84569E+07
2.00000E+00	1.79775E+01	1.80880E+07
2.00000E+00	1.82584E+01	1.77323E+07
2.00000E+00	1.85393E+01	1.73886E+07
2.00000E+00	1.88202E+01	1.70562E+07
2.00000E+00	1.91011E+01	1.67347E+07
2.00000E+00	1.93820E+01	1.64238E+07
2.00000E+00	1.96629E+01	1.61229E+07
2.00000E+00	1.99438E+01	1.58318E+07
2.00000E+00	2.02247E+01	1.55502E+07
2.00000E+00	2.05056E+01	1.52774E+07
2.00000E+00	2.07865E+01	1.50128E+07
2.00000E+00	2.10674E+01	1.47559E+07
2.00000E+00	2.13483E+01	1.45066E+07
2.00000E+00	2.16292E+01	1.42645E+07
2.00000E+00	2.19101E+01	1.40293E+07
2.00000E+00	2.21910E+01	1.38011E+07
2.00000E+00	2.24719E+01	1.35796E+07
2.00000E+00	2.27528E+01	1.33644E+07
2.00000E+00	2.30337E+01	1.31552E+07
2.00000E+00	2.33146E+01	1.29518E+07
2.00000E+00	2.35955E+01	1.27537E+07
2.00000E+00	2.38764E+01	1.25609E+07
2.00000E+00	2.41573E+01	1.23730E+07
2.00000E+00	2.44382E+01	1.21900E+07
2.00000E+00	2.47191E+01	1.20116E+07
2.00000E+00	2.50000E+01	1.18378E+07
2.50000E+00	0.00000E+00	6.31686E+08
2.50000E+00	2.80899E-01	6.16418E+08
2.50000E+00	5.61798E-01	5.92056E+08
2.50000E+00	8.42697E-01	5.53360E+08
2.50000E+00	1.12360E+00	4.90038E+08
2.50000E+00	1.40449E+00	4.20470E+08
2.50000E+00	1.68539E+00	3.57070E+08
2.50000E+00	1.96629E+00	3.03979E+08
2.50000E+00	2.24719E+00	2.61067E+08
2.50000E+00	2.52809E+00	2.26686E+08
2.50000E+00	2.80899E+00	1.99006E+08
2.50000E+00	3.08989E+00	1.76477E+08
2.50000E+00	3.37079E+00	1.57907E+08
2.50000E+00	3.65169E+00	1.42411E+08
2.50000E+00	3.93258E+00	1.29331E+08
2.50000E+00	4.21348E+00	1.18180E+08
2.50000E+00	4.49438E+00	1.08587E+08
2.50000E+00	4.77528E+00	1.00267E+08
2.50000E+00	5.05618E+00	9.30001E+07
2.50000E+00	5.33708E+00	8.66116E+07
2.50000E+00	5.61798E+00	8.09617E+07
2.50000E+00	5.89888E+00	7.59368E+07
2.50000E+00	6.17978E+00	7.14440E+07
2.50000E+00	6.46067E+00	6.74074E+07
2.50000E+00	6.74157E+00	6.37644E+07
2.50000E+00	7.02247E+00	6.04631E+07
2.50000E+00	7.30337E+00	5.74600E+07
2.50000E+00	7.58427E+00	5.47183E+07
2.50000E+00	7.86517E+00	5.22064E+07
2.50000E+00	8.14607E+00	4.98973E+07
2.50000E+00	8.42697E+00	4.77671E+07
2.50000E+00	8.70787E+00	4.57956E+07
2.50000E+00	8.98876E+00	4.39649E+07
2.50000E+00	9.26966E+00	4.22599E+07
2.50000E+00	9.55056E+00	4.06679E+07
2.50000E+00	9.83146E+00	3.91781E+07
2.50000E+00	1.01124E+01	3.77812E+07
2.50000E+00	1.03933E+01	3.64692E+07
2.50000E+00	1.06742E+01	3.52355E+07
2.50000E+00	1.09551E+01	3.40740E+07
2.50000E+00	1.12360E+01	3.29795E+07
2.50000E+00	1.15169E+01	3.19473E+07
2.50000E+00	1.17978E+01	3.09728E+07
2.50000E+00	1.20787E+01	3.00515E+07
2.50000E+00	1.23596E+01	2.91794E+07
2.50000E+00	1.26404E+01	2.83526E+07
2.50000E+00	1.29213E+01	2.75679E+07
2.50000E+00	1.32022E+01	2.68223E+07
2.50000E+00	1.34831E+01	2.61124E+07
2.50000E+00	1.37640E+01	2.54357E+07
2.50000E+00	1.40449E+01	2.47902E+07
2.50000E+00	1.43258E+01	2.41737E+07
2.50000E+00	1.46067E+01	2.35838E+07
2.50000E+00	1.48876E+01	2.30187E+07
2.50000E+00	1.51685E+01	2.24769E+07
2.50000E+00	1.54494E+01	2.19572E+07
2.50000E+00	1.57303E+01	2.14582E+07
2.50000E+00	1.60112E+01	2.09790E+07
2.50000E+00	1.62921E+01	2.05183E+07
2.50000E+00	1.65730E+01	2.00748E+07
2.50000E+00	1.68539E+01	1.96475E+07
2.50000E+00	1.71348E+01	1.92356E+07
2.50000E+00	1.74157E+01	1.88387E+07
2.50000E+00	1.76966E+01	1.84561E+07
2.50000E+00	1.79775E+01	1.80873E+07
2.50000E+00	1.82584E+01	1.77315E+07
2.50000E+00	1.85393E+01	1.73878E+07
2.50000E+00	1.88202E+01	1.70555E+07
2.50000E+00	1.91011E+01	1.67341E+07
2.50000E+00	1.93820E+01	1.64232E+07
2.50000E+00	1.96629E+01	1.61224E+07
2.50000E+00	1.99438E+01	1.58313E+07
2.50000E+00	2.02247E+01	1.55496E+07
2.50000E+00	2.05056E+01	1.52768E+07
2.50000E+00	2.07865E+01	1.50122E+07
2.50000E+00	2.10674E+01	1.47554E+07
2.50000E+00	2.13483E+01	1.45061E+07
2.50000E+00	2.16292E+01	1.42640E+07
2.50000E+00	2.19101E+01	1.40290E+07
2.50000E+00	2.21910E+01	1.38008E+07
2.50000E+00	2.24719E+01	1.35792E+07
2.50000E+00	2.27528E+01	1.33640E+07
2.50000E+00	2.30337E+01	1.31548E+07
2.50000E+00	2.33146E+01	1.29514E+07
2.50000E+00	2.35955E+01	1.27534E+07
2.50000E+00	2.38764E+01	1.25605E+07
2.50000E+00	2.41573E+01	1.23727E+07
2.50000E+00	2.44382E+01	1.21897E+07
2.50000E+00	2.47191E+01	1.20114E+07
2.50000E+00	2.50000E+01	1.18376E+07
3.00000E+00	0.00000E+00	6.11670E+08
3.00000E+00	2.80899E-01	5.95140E+08
3.00000E+00	5.61798E-01	5.65921E+08
3.00000E+00	8.42697E-01	5.28615E+08
3.00000E+00	1.12360E+00	4.72777E+08
3.00000E+00	1.40449E+00	4.08977E+08
3.00000E+00	1.68539E+00	3.49606E+08
3.00000E+00	1.96629E+00	2.99249E+08
3.00000E+00	2.24719E+00	2.58081E+08
3.00000E+00	2.52809E+00	2.24771E+08
3.00000E+00	2.80899E+00	1.97741E+08
3.00000E+00	3.08989E+00	1.75615E+08
3.00000E+00	3.37079E+00	1.57301E+08
3.00000E+00	3.65169E+00	1.41973E+08
3.00000E+00	3.93258E+00	1.29009E+08
3.00000E+00	4.21348E+00	1.17938E+08
3.00000E+00	4.49438E+00	1.08402E+08
3.00000E+00	4.77528E+00	1.00124E+08
3.00000E+00	5.05618E+00	9.28878E+07
3.00000E+00	5.33708E+00	8.65223E+07
3.00000E+00	5.61798E+00	8.08896E+07
3.00000E+00	5.89888E+00	7.58777E+07
3.00000E+00	6.17978E+00	7.13950E+07
3.00000E+00	6.46067E+00	6.73664E+07
3.00000E+00	6.74157E+00	6.37298E+07
3.00000E+00	7.02247E+00	6.04337E+07
3.00000E+00	7.30337E+00	5.74348E+07
3.00000E+00	7.58427E+00	5.46963E+07
3.00000E+00	7.86517E+00	5.21870E+07
3.00000E+00	8.14607E+00	4.98798E+07
3.00000E+00	8.42697E+00	4.77513E+07
3.00000E+00	8.70787E+00	4.57810E+07
3.00000E+00	8.98876E+00	4.39515E+07
3.00000E+00	9.26966E+00	4.22476E+07
3.00000E+00	9.55056E+00	4.06568E+07
3.00000E+00	9.83146E+00	3.91680E+07
3.00000E+00	1.01124E+01	3.77722E+07
3.00000E+00	1.03933E+01	3.64613E+07
3.00000E+00	1.06742E+01	3.52285E+07
3.00000E+00	1.09551E+01	3.40679E+07
3.00000E+00	1.12360E+01	3.29742E+07
3.00000E+00	1.15169E+01	3.19426E+07
3.00000E+00	1.17978E+01	3.09686E+07
3.00000E+00	1.20787E+01	3.00477E+07
3.00000E+00	1.23596E+01	2.91758E+07
3.00000E+00	1.26404E+01	2.83493E+07
3.00000E+00	1.29213E+01	2.75648E+07
3.00000E+00	1.32022E+01	2.68193E+07
3.00000E+00	1.34831E+01	2.61095E+07
3.00000E+00	1.37640E+01	2.54331E+07
3.00000E+00	1.40449E+01	2.47877E+07
3.00000E+00	1.43258E+01	2.41711E+07
3.00000E+00	1.46067E+01	2.35813E+07
3.00000E+00	1.48876E+01	2.30164E+07
3.00000E+00	1.51685E+01	2.24748E+07
3.00000E+00	1.54494E+01	2.19552E+07
3.00000E+00	1.57303E+01	2.14564E+07
3.00000E+00	1.60112E+01	2.09772E+07
3.00000E+00	1.62921E+01	2.05166E+07
3.00000E+00	1.65730E+01	2.00731E+07
3.00000E+00	1.68539E+01	1.96459E+07
3.00000E+00	1.71348E+01	1.92342E+07
3.00000E+00	1.74157E+01	1.88375E+07
3.00000E+00	1.76966E+01	1.84550E+07
3.00000E+00	1.79775E+01	1.80862E+07
3.00000E+00	1.82584E+01	1.77304E+07
3.00000E+00	1.85393E+01	1.73867E+07
3.00000E+00	1.88202E+01	1.70545E+07
3.00000E+00	1.91011E+01	1.67332E+07
3.00000E+00	1.93820E+01	1.64223E+07
3.00000E+00	1.96629E+01	1.61216E+07
3.00000E+00	1.99438E+01	1.58306E+07
3.00000E+00	2.02247E+01	1.55489E+07
3.00000E+00	2.05056E+01	1.52761E+07
3.00000E+00	2.07865E+01	1.50115E+07
3.00000E+00	2.10674E+01	1.47547E+07
3.00000E+00	2.13483E+01	1.45055E+07
3.00000E+00	2.16292E+01	1.42634E+07
3.00000E+00	2.19101E+01	1.40285E+07
3.00000E+00	2.21910E+01	1.38003E+07
3.00000E+00	2.24719E+01	1.35788E+07
3.00000E+00	2.27528E+01	1.33636E+07
3.00000E+00	2.30337E+01	1.31544E+07
3.00000E+00	2.33146E+01	1.29510E+07
3.00000E+00	2.35955E+01	1.27529E+07
3.00000E+00	2.38764E+01	1.25601E+07
3.00000E+00	2.41573E+01	1.23723E+07
3.00000E+00	2.44382E+01	1.21893E+07
3.00000E+00	2.47191E+01	1.20110E+07
3.00000E+00	2.50000E+01	1.18373E+07
3.50000E+00	0.00000E+00	5.88609E+08
3.50000E+00	2.80899E-01	5.70871E+08
3.50000E+00	5.61798E-01	5.40511E+08
3.50000E+00	8.42697E-01	5.02619E+08
3.50000E+00	1.12360E+00	4.53816E+08
3.50000E+00	1.40449E+00	3.96898E+08
3.50000E+00	1.68539E+00	3.41929E+08
3.50000E+00	1.96629E+00	2.94263E+08
3.50000E+00	2.24719E+00	2.54782E+08
3.50000E+00	2.52809E+00	2.22548E+08
3.50000E+00	2.80899E+00	1.96213E+08
3.50000E+00	3.08989E+00	1.74542E+08
3.50000E+00	3.37079E+00	1.56534E+08
3.50000E+00	3.65169E+00	1.41414E+08
3.50000E+00	3.93258E+00	1.28593E+08
3.50000E+00	4.21348E+00	1.17625E+08
3.50000E+00	4.49438E+00	1.08162E+08
3.50000E+00	4.77528E+00	9.99382E+07
3.50000E+00	5.05618E+00	9.27420E+07
3.50000E+00	5.33708E+00	8.64063E+07
3.50000E+00	5.61798E+00	8.07960E+07
3.50000E+00	5.89888E+00	7.58011E+07
3.50000E+00	6.17978E+00	7.13317E+07
3.50000E+00	6.46067E+00	6.73135E+07
3.50000E+00	6.74157E+00	6.36853E+07
3.50000E+00	7.02247E+00	6.03958E+07
3.50000E+00	7.30337E+00	5.74022E+07
3.50000E+00	7.58427E+00	5.46680E+07
3.50000E+00	7.86517E+00	5.21621E+07
3.50000E+00	8.14607E+00	4.98575E+07
3.50000E+00	8.42697E+00	4.77311E+07
3.50000E+00	8.70787E+00	4.57626E+07
3.50000E+00	8.98876E+00	4.39346E+07
3.50000E+00	9.26966E+00	4.22322E+07
3.50000E+00	9.55056E+00	4.06428E+07
3.50000E+00	9.83146E+00	3.91554E+07
3.50000E+00	1.01124E+01	3.77609E+07
3.50000E+00	1.03933E+01	3.64513E+07
3.50000E+00	1.06742E+01	3.52197E+07
3.50000E+00	1.09551E+01	3.40602E+07
3.50000E+00	1.12360E+01	3.29675E+07
3.50000E+00	1.15169E+01	3.19366E+07
3.50000E+00	1.17978E+01	3.09632E+07
3.50000E+00	1.20787E+01	3.00427E+07
3.50000E+00	1.23596E+01	2.91713E+07
3.50000E+00	1.26404E+01	2.83451E+07
3.50000E+00	1.29213E+01	2.75609E+07
3.50000E+00	1.32022E+01	2.68155E+07
3.50000E+00	1.34831E+01	2.61060E+07
3.50000E+00	1.37640E+01	2.54297E+07
3.50000E+00	1.40449E+01	2.47845E+07
3.50000E+00	1.43258E+01	2.41680E+07
3.50000E+00	1.46067E+01	2.35783E+07
3.50000E+00	1.48876E+01	2.30136E+07
3.50000E+00	1.51685E+01	2.24722E+07
3.50000E+00	1.54494E+01	2.19527E+07
3.50000E+00	1.57303E+01	2.14541E+07
3.50000E+00	1.60112E+01	2.09750E+07
3.50000E+00	1.62921E+01	2.05144E+07
3.50000E+00	1.65730E+01	2.00711E+07
3.50000E+00	1.68539E+01	1.96441E+07
3.50000E+00	1.71348E+01	1.92325E+07
3.50000E+00	1.74157E+01	1.88359E+07
3.50000E+00	1.76966E+01	1.84536E+07
3.50000E+00	1.79775E+01	1.80849E+07
3.50000E+00	1.82584E+01	1.77291E+07
3.50000E+00	1.85393E+01	1.73854E+07
3.50000E+00	1.88202E+01	1.70533E+07
3.50000E+00	1.91011E+01	1.67320E+07
3.50000E+00	1.93820E+01	1.64213E+07
3.50000E+00	1.96629E+01	1.61207E+07
3.50000E+00	1.99438E+01	1.58297E+07
3.50000E+00	2.02247E+01	1.55481E+07
3.50000E+00	2.05056E+01	1.52752E+07
3.50000E+00	2.07865E+01	1.50106E+07
3.50000E+00	2.10674E+01	1.47539E+07
3.50000E+00	2.13483E+01	1.45047E+07
3.50000E+00	2.16292E+01	1.42627E+07
3.50000E+00	2.19101E+01	1.40278E+07
3.50000E+00	2.21910E+01	1.37997E+07
3.50000E+00	2.24719E+01	1.35782E+07
3.50000E+00	2.27528E+01	1.33630E+07
3.50000E+00	2.30337E+01	1.31539E+07
3.50000E+00	2.33146E+01	1.29504E+07
3.50000E+00	2.35955E+01	1.27524E+07
3.50000E+00	2.38764E+01	1.25596E+07
3.50000E+00	2.41573E+01	1.23718E+07
3.50000E+00	2.44382E+01	1.21888E+07
3.50000E+00	2.47191E+01	1.20106E+07
3.50000E+00	2.50000E+01	1.18369E+07
4.00000E+00	0.00000E+00	5.63789E+08
4.00000E+00	2.80899E-01	5.45249E+08
4.00000E+00	5.61798E-01	5.15391E+08
4.00000E+00	8.42697E-01	4.77423E+08
4.00000E+00	1.12360E+00	4.33846E+08
4.00000E+00	1.40449E+00	3.83826E+08
4.00000E+00	1.68539E+00	3.33799E+08
4.00000E+00	1.96629E+00	2.89066E+08
4.00000E+00	2.24719E+00	2.51314E+08
4.00000E+00	2.52809E+00	2.20148E+08
4.00000E+00	2.80899E+00	1.94509E+08
4.00000E+00	3.08989E+00	1.73308E+08
4.00000E+00	3.37079E+00	1.55627E+08
4.00000E+00	3.65169E+00	1.40739E+08
4.00000E+00	3.93258E+00	1.28086E+08
4.00000E+00	4.21348E+00	1.17238E+08
4.00000E+00	4.49438E+00	1.07864E+08
4.00000E+00	4.77528E+00	9.97062E+07
4.00000E+00	5.05618E+00	9.25594E+07
4.00000E+00	5.33708E+00	8.62607E+07
4.00000E+00	5.61798E+00	8.06784E+07
4.00000E+00	5.89888E+00	7.57050E+07
4.00000E+00	6.17978E+00	7.12522E+07
4.00000E+00	6.46067E+00	6.72472E+07
4.00000E+00	6.74157E+00	6.36294E+07
4.00000E+00	7.02247E+00	6.03484E+07
4.00000E+00	7.30337E+00	5.73615E+07
4.00000E+00	7.58427E+00	5.46326E+07
4.00000E+00	7.86517E+00	5.21309E+07
4.00000E+00	8.14607E+00	4.98298E+07
4.00000E+00	8.42697E+00	4.77061E+07
4.00000E+00	8.70787E+00	4.57399E+07
4.00000E+00	8.98876E+00	4.39140E+07
4.00000E+00	9.26966E+00	4.22135E+07
4.00000E+00	9.55056E+00	4.06258E+07
4.00000E+00	9.83146E+00	3.91401E+07
4.00000E+00	1.01124E+01	3.77472E+07
4.00000E+00	1.03933E+01	3.64391E+07
4.00000E+00	1.06742E+01	3.52089E+07
4.00000E+00	1.09551E+01	3.40507E+07
4.00000E+00	1.12360E+01	3.29591E+07
4.00000E+00	1.15169E+01	3.19292E+07
4.00000E+00	1.17978E+01	3.09565E+07
4.00000E+00	1.20787E+01	3.00366E+07
4.00000E+00	1.23596E+01	2.91656E+07
4.00000E+00	1.26404E+01	2.83399E+07
4.00000E+00	1.29213E+01	2.75560E+07
4.00000E+00	1.32022E+01	2.68109E+07
4.00000E+00	1.34831E+01	2.61016E+07
4.00000E+00	1.37640E+01	2.54256E+07
4.00000E+00	1.40449E+01	2.47805E+07
4.00000E+00	1.43258E+01	2.41643E+07
4.00000E+00	1.46067E+01	2.35747E+07
4.00000E+00	1.48876E+01	2.30102E+07
4.00000E+00	1.51685E+01	2.24690E+07
4.00000E+00	1.54494E+01	2.19497E+07
4.00000E+00	1.57303E+01	2.14513E+07
4.00000E+00	1.60112E+01	2.09724E+07
4.00000E+00	1.62921E+01	2.05119E+07
4.00000E+00	1.65730E+01	2.00687E+07
4.00000E+00	1.68539E+01	1.96418E+07
4.00000E+00	1.71348E+01	1.92305E+07
4.00000E+00	1.74157E+01	1.88341E+07
4.00000E+00	1.76966E+01	1.84519E+07
4.00000E+00	1.79775E+01	1.80832E+07
4.00000E+00	1.82584E+01	1.77275E+07
4.00000E+00	1.85393E+01	1.73839E+07
4.00000E+00	1.88202E+01	1.70518E+07
4.00000E+00	1.91011E+01	1.67307E+07
4.00000E+00	1.93820E+01	1.64201E+07
4.00000E+00	1.96629E+01	1.61195E+07
4.00000E+00	1.99438E+01	1.58286E+07
4.00000E+00	2.02247E+01	1.55470E+07
4.00000E+00	2.05056E+01	1.52741E+07
4.00000E+00	2.07865E+01	1.50096E+07
4.00000E+00	2.10674E+01	1.47529E+07
4.00000E+00	2.13483E+01	1.45038E+07
4.00000E+00	2.16292E+01	1.42619E+07
4.00000E+00	2.19101E+01	1.40271E+07
4.00000E+00	2.21910E+01	1.37990E+07
4.00000E+00	2.24719E+01	1.35775E+07
4.00000E+00	2.27528E+01	1.33624E+07
4.00000E+00	2.30337E+01	1.31532E+07
4.00000E+00	2.33146E+01	1.29497E+07
4.00000E+00	2.35955E+01	1.27517E+07
4.00000E+00	2.38764E+01	1.25589E+07
4.00000E+00	2.41573E+01	1.23712E+07
4.00000E+00	2.44382E+01	1.21883E+07
4.00000E+00	2.47191E+01	1.20101E+07
4.00000E+00	2.50000E+01	1.18364E+07
5.00000E+00	0.00000E+00	5.12956E+08
5.00000E+00	2.80899E-01	4.94083E+08
5.00000E+00	5.61798E-01	4.66802E+08
5.00000E+00	8.42697E-01	4.32094E+08
5.00000E+00	1.12360E+00	3.94800E+08
5.00000E+00	1.40449E+00	3.55595E+08
5.00000E+00	1.68539E+00	3.15504E+08
5.00000E+00	1.96629E+00	2.77512E+08
5.00000E+00	2.24719E+00	2.43791E+08
5.00000E+00	2.52809E+00	2.14995E+08
5.00000E+00	2.80899E+00	1.90811E+08
5.00000E+00	3.08989E+00	1.70564E+08
5.00000E+00	3.37079E+00	1.53545E+08
5.00000E+00	3.65169E+00	1.39139E+08
5.00000E+00	3.93258E+00	1.26844E+08
5.00000E+00	4.21348E+00	1.16269E+08
5.00000E+00	4.49438E+00	1.07102E+08
5.00000E+00	4.77528E+00	9.91033E+07
5.00000E+00	5.05618E+00	9.20787E+07
5.00000E+00	5.33708E+00	8.58741E+07
5.00000E+00	5.61798E+00	8.03646E+07
5.00000E+00	5.89888E+00	7.54478E+07
5.00000E+00	6.17978E+00	7.10395E+07
5.00000E+00	6.46067E+00	6.70696E+07
5.00000E+00	6.74157E+00	6.34798E+07
5.00000E+00	7.02247E+00	6.02212E+07
5.00000E+00	7.30337E+00	5.72523E+07
5.00000E+00	7.58427E+00	5.45379E+07
5.00000E+00	7.86517E+00	5.20479E+07
5.00000E+00	8.14607E+00	4.97561E+07
5.00000E+00	8.42697E+00	4.76402E+07
5.00000E+00	8.70787E+00	4.56805E+07
5.00000E+00	8.98876E+00	4.38602E+07
5.00000E+00	9.26966E+00	4.21649E+07
5.00000E+00	9.55056E+00	4.05819E+07
5.00000E+00	9.83146E+00	3.91006E+07
5.00000E+00	1.01124E+01	3.77118E+07
5.00000E+00	1.03933E+01	3.64075E+07
5.00000E+00	1.06742E+01	3.51809E+07
5.00000E+00	1.09551E+01	3.40259E+07
5.00000E+00	1.12360E+01	3.29371E+07
5.00000E+00	1.15169E+01	3.19095E+07
5.00000E+00	1.17978E+01	3.09387E+07
5.00000E+00	1.20787E+01	3.00205E+07
5.00000E+00	1.23596E+01	2.91508E+07
5.00000E+00	1.26404E+01	2.83262E+07
5.00000E+00	1.29213E+01	2.75432E+07
5.00000E+00	1.32022E+01	2.67989E+07
5.00000E+00	1.34831E+01	2.60903E+07
5.00000E+00	1.37640E+01	2.54149E+07
5.00000E+00	1.40449E+01	2.47704E+07
5.00000E+00	1.43258E+01	2.41546E+07
5.00000E+00	1.46067E+01	2.35655E+07
5.00000E+00	1.48876E+01	2.30015E+07
5.00000E+00	1.51685E+01	2.24608E+07
5.00000E+00	1.54494E+01	2.19421E+07
5.00000E+00	1.57303E+01	2.14440E+07
5.00000E+00	1.60112E+01	2.09655E+07
5.00000E+00	1.62921E+01	2.05054E+07
5.00000E+00	1.65730E+01	2.00626E+07
5.00000E+00	1.68539E+01	1.96361E+07
5.00000E+00	1.71348E+01	1.92252E+07
5.00000E+00	1.74157E+01	1.88292E+07
5.00000E+00	1.76966E+01	1.84473E+07
5.00000E+00	1.79775E+01	1.80790E+07
5.00000E+00	1.82584E+01	1.77234E+07
5.00000E+00	1.85393E+01	1.73800E+07
5.00000E+00	1.88202E+01	1.70481E+07
5.00000E+00	1.91011E+01	1.67272E+07
5.00000E+00	1.93820E+01	1.64168E+07
5.00000E+00	1.96629E+01	1.61165E+07
5.00000E+00	1.99438E+01	1.58258E+07
5.00000E+00	2.02247E+01	1.55442E+07
5.00000E+00	2.05056E+01	1.52715E+07
5.00000E+00	2.07865E+01	1.50070E+07
5.00000E+00	2.10674E+01	1.47504E+07
5.00000E+00	2.13483E+01	1.45014E+07
5.00000E+00	2.16292E+01	1.42597E+07
5.00000E+00	2.19101E+01	1.40250E+07
5.00000E+00	2.21910E+01	1.37971E+07
5.00000E+00	2.24719E+01	1.35757E+07
5.00000E+00	2.27528E+01	1.33606E+07
5.00000E+00	2.30337E+01	1.31515E+07
5.00000E+00	2.33146E+01	1.29480E+07
5.00000E+00	2.35955E+01	1.27501E+07
5.00000E+00	2.38764E+01	1.25574E+07
5.00000E+00	2.41573E+01	1.23697E+07
5.00000E+00	2.44382E+01	1.21869E+07
5.00000E+00	2.47191E+01	1.20087E+07
5.00000E+00	2.50000E+01	1.18351E+07
6.00000E+00	0.00000E+00	4.64584E+08
6.00000E+00	2.80899E-01	4.46538E+08
6.00000E+00	5.61798E-01	4.22385E+08
6.00000E+00	8.42697E-01	3.92703E+08
6.00000E+00	1.12360E+00	3.60088E+08
6.00000E+00	1.40449E+00	3.27658E+08
6.00000E+00	1.68539E+00	2.95350E+08
6.00000E+00	1.96629E+00	2.64016E+08
6.00000E+00	2.24719E+00	2.34970E+08
6.00000E+00	2.52809E+00	2.09121E+08
6.00000E+00	2.80899E+00	1.86724E+08
6.00000E+00	3.08989E+00	1.67578E+08
6.00000E+00	3.37079E+00	1.51273E+08
6.00000E+00	3.65169E+00	1.37359E+08
6.00000E+00	3.93258E+00	1.25426E+08
6.00000E+00	4.21348E+00	1.15127E+08
6.00000E+00	4.49438E+00	1.06177E+08
6.00000E+00	4.77528E+00	9.83500E+07
6.00000E+00	5.05618E+00	9.14630E+07
6.00000E+00	5.33708E+00	8.53688E+07
6.00000E+00	5.61798E+00	7.99477E+07
6.00000E+00	5.89888E+00	7.51019E+07
6.00000E+00	6.17978E+00	7.07507E+07
6.00000E+00	6.46067E+00	6.68268E+07
6.00000E+00	6.74157E+00	6.32743E+07
6.00000E+00	7.02247E+00	6.00459E+07
6.00000E+00	7.30337E+00	5.71016E+07
6.00000E+00	7.58427E+00	5.44073E+07
6.00000E+00	7.86517E+00	5.19335E+07
6.00000E+00	8.14607E+00	4.96552E+07
6.00000E+00	8.42697E+00	4.75504E+07
6.00000E+00	8.70787E+00	4.56001E+07
6.00000E+00	8.98876E+00	4.37880E+07
6.00000E+00	9.26966E+00	4.20998E+07
6.00000E+00	9.55056E+00	4.05233E+07
6.00000E+00	9.83146E+00	3.90479E+07
6.00000E+00	1.01124E+01	3.76646E+07
6.00000E+00	1.03933E+01	3.63653E+07
6.00000E+00	1.06742E+01	3.51433E+07
6.00000E+00	1.09551E+01	3.39923E+07
6.00000E+00	1.12360E+01	3.29071E+07
6.00000E+00	1.15169E+01	3.18826E+07
6.00000E+00	1.17978E+01	3.09145E+07
6.00000E+00	1.20787E+01	2.99984E+07
6.00000E+00	1.23596E+01	2.91306E+07
6.00000E+00	1.26404E+01	2.83076E+07
6.00000E+00	1.29213E+01	2.75259E+07
6.00000E+00	1.32022E+01	2.67827E+07
6.00000E+00	1.34831E+01	2.60751E+07
6.00000E+00	1.37640E+01	2.54006E+07
6.00000E+00	1.40449E+01	2.47569E+07
6.00000E+00	1.43258E+01	2.41418E+07
6.00000E+00	1.46067E+01	2.35535E+07
6.00000E+00	1.48876E+01	2.29900E+07
6.00000E+00	1.51685E+01	2.24500E+07
6.00000E+00	1.54494E+01	2.19319E+07
6.00000E+00	1.57303E+01	2.14345E+07
6.00000E+00	1.60112E+01	2.09565E+07
6.00000E+00	1.62921E+01	2.04969E+07
6.00000E+00	1.65730E+01	2.00546E+07
6.00000E+00	1.68539E+01	1.96287E+07
6.00000E+00	1.71348E+01	1.92183E+07
6.00000E+00	1.74157E+01	1.88228E+07
6.00000E+00	1.76966E+01	1.84413E+07
6.00000E+00	1.79775E+01	1.80733E+07
6.00000E+00	1.82584E+01	1.77180E+07
6.00000E+00	1.85393E+01	1.73749E+07
6.00000E+00	1.88202E+01	1.70433E+07
6.00000E+00	1.91011E+01	1.67227E+07
6.00000E+00	1.93820E+01	1.64126E+07
6.00000E+00	1.96629E+01	1.61125E+07
6.00000E+00	1.99438E+01	1.58220E+07
6.00000E+00	2.02247E+01	1.55406E+07
6.00000E+00	2.05056E+01	1.52680E+07
6.00000E+00	2.07865E+01	1.50036E+07
6.00000E+00	2.10674E+01	1.47472E+07
6.00000E+00	2.13483E+01	1.44984E+07
6.00000E+00	2.16292E+01	1.42569E+07
6.00000E+00	2.19101E+01	1.40224E+07
6.00000E+00	2.21910E+01	1.37946E+07
6.00000E+00	2.24719E+01	1.35733E+07
6.00000E+00	2.27528E+01	1.33583E+07
6.00000E+00	2.30337E+01	1.31492E+07
6.00000E+00	2.33146E+01	1.29459E+07
6.00000E+00	2.35955E+01	1.27480E+07
6.00000E+00	2.38764E+01	1.25553E+07
6.00000E+00	2.41573E+01	1.23677E+07
6.00000E+00	2.44382E+01	1.21850E+07
6.00000E+00	2.47191E+01	1.20070E+07
6.00000E+00	2.50000E+01	1.18334E+07
7.00000E+00	0.00000E+00	4.20817E+08
7.00000E+00	2.80899E-01	4.04150E+08
7.00000E+00	5.61798E-01	3.83023E+08
7.00000E+00	8.42697E-01	3.57887E+08
7.00000E+00	1.12360E+00	3.30154E+08
7.00000E+00	1.40449E+00	3.02221E+08
7.00000E+00	1.68539E+00	2.75308E+08
7.00000E+00	1.96629E+00	2.49339E+08
7.00000E+00	2.24719E+00	2.24772E+08
7.00000E+00	2.52809E+00	2.02187E+08
7.00000E+00	2.80899E+00	1.81969E+08
7.00000E+00	3.08989E+00	1.64214E+08
7.00000E+00	3.37079E+00	1.48794E+08
7.00000E+00	3.65169E+00	1.35457E+08
7.00000E+00	3.93258E+00	1.23918E+08
7.00000E+00	4.21348E+00	1.13902E+08
7.00000E+00	4.49438E+00	1.05168E+08
7.00000E+00	4.77528E+00	9.75106E+07
7.00000E+00	5.05618E+00	9.07606E+07
7.00000E+00	5.33708E+00	8.47786E+07
7.00000E+00	5.61798E+00	7.94502E+07
7.00000E+00	5.89888E+00	7.46810E+07
7.00000E+00	6.17978E+00	7.03934E+07
7.00000E+00	6.46067E+00	6.65223E+07
7.00000E+00	6.74157E+00	6.30136E+07
7.00000E+00	7.02247E+00	5.98216E+07
7.00000E+00	7.30337E+00	5.69075E+07
7.00000E+00	7.58427E+00	5.42382E+07
7.00000E+00	7.86517E+00	5.17853E+07
7.00000E+00	8.14607E+00	4.95244E+07
7.00000E+00	8.42697E+00	4.74343E+07
7.00000E+00	8.70787E+00	4.54965E+07
7.00000E+00	8.98876E+00	4.36952E+07
7.00000E+00	9.26966E+00	4.20165E+07
7.00000E+00	9.55056E+00	4.04485E+07
7.00000E+00	9.83146E+00	3.89807E+07
7.00000E+00	1.01124E+01	3.76043E+07
7.00000E+00	1.03933E+01	3.63113E+07
7.00000E+00	1.06742E+01	3.50949E+07
7.00000E+00	1.09551E+01	3.39490E+07
7.00000E+00	1.12360E+01	3.28683E+07
7.00000E+00	1.15169E+01	3.18477E+07
7.00000E+00	1.17978E+01	3.08829E+07
7.00000E+00	1.20787E+01	2.99697E+07
7.00000E+00	1.23596E+01	2.91043E+07
7.00000E+00	1.26404E+01	2.82833E+07
7.00000E+00	1.29213E+01	2.75035E+07
7.00000E+00	1.32022E+01	2.67618E+07
7.00000E+00	1.34831E+01	2.60556E+07
7.00000E+00	1.37640E+01	2.53823E+07
7.00000E+00	1.40449E+01	2.47397E+07
7.00000E+00	1.43258E+01	2.41256E+07
7.00000E+00	1.46067E+01	2.35382E+07
7.00000E+00	1.48876E+01	2.29756E+07
7.00000E+00	1.51685E+01	2.24364E+07
7.00000E+00	1.54494E+01	2.19192E+07
7.00000E+00	1.57303E+01	2.14225E+07
7.00000E+00	1.60112E+01	2.09452E+07
7.00000E+00	1.62921E+01	2.04862E+07
7.00000E+00	1.65730E+01	2.00446E+07
7.00000E+00	1.68539E+01	1.96193E+07
7.00000E+00	1.71348E+01	1.92095E+07
7.00000E+00	1.74157E+01	1.88146E+07
7.00000E+00	1.76966E+01	1.84336E+07
7.00000E+00	1.79775E+01	1.80661E+07
7.00000E+00	1.82584E+01	1.77112E+07
7.00000E+00	1.85393E+01	1.73685E+07
7.00000E+00	1.88202E+01	1.70373E+07
7.00000E+00	1.91011E+01	1.67170E+07
7.00000E+00	1.93820E+01	1.64072E+07
7.00000E+00	1.96629E+01	1.61074E+07
7.00000E+00	1.99438E+01	1.58171E+07
7.00000E+00	2.02247E+01	1.55360E+07
7.00000E+00	2.05056E+01	1.52635E+07
7.00000E+00	2.07865E+01	1.49994E+07
7.00000E+00	2.10674E+01	1.47432E+07
7.00000E+00	2.13483E+01	1.44946E+07
7.00000E+00	2.16292E+01	1.42533E+07
7.00000E+00	2.19101E+01	1.40190E+07
7.00000E+00	2.21910E+01	1.37914E+07
7.00000E+00	2.24719E+01	1.35702E+07
7.00000E+00	2.27528E+01	1.33553E+07
7.00000E+00	2.30337E+01	1.31464E+07
7.00000E+00	2.33146E+01	1.29431E+07
7.00000E+00	2.35955E+01	1.27453E+07
7.00000E+00	2.38764E+01	1.25528E+07
7.00000E+00	2.41573E+01	1.23653E+07
7.00000E+00	2.44382E+01	1.21827E+07
7.00000E+00	2.47191E+01	1.20047E+07
7.00000E+00	2.50000E+01	1.18313E+07
8.00000E+00	0.00000E+00	3.82117E+08
8.00000E+00	2.80899E-01	3.67003E+08
8.00000E+00	5.61798E-01	3.48587E+08
8.00000E+00	8.42697E-01	3.27238E+08
8.00000E+00	1.12360E+00	3.03836E+08
8.00000E+00	1.40449E+00	2.79762E+08
8.00000E+00	1.68539E+00	2.56629E+08
8.00000E+00	1.96629E+00	2.34642E+08
8.00000E+00	2.24719E+00	2.13791E+08
8.00000E+00	2.52809E+00	1.94292E+08
8.00000E+00	2.80899E+00	1.76400E+08
8.00000E+00	3.08989E+00	1.60278E+08
8.00000E+00	3.37079E+00	1.45956E+08
8.00000E+00	3.65169E+00	1.33345E+08
8.00000E+00	3.93258E+00	1.22291E+08
8.00000E+00	4.21348E+00	1.12607E+08
8.00000E+00	4.49438E+00	1.04109E+08
8.00000E+00	4.77528E+00	9.66284E+07
8.00000E+00	5.05618E+00	9.00152E+07
8.00000E+00	5.33708E+00	8.41430E+07
8.00000E+00	5.61798E+00	7.89048E+07
8.00000E+00	5.89888E+00	7.42112E+07
8.00000E+00	6.17978E+00	6.99873E+07
8.00000E+00	6.46067E+00	6.61703E+07
8.00000E+00	6.74157E+00	6.27076E+07
8.00000E+00	7.02247E+00	5.95547E+07
8.00000E+00	7.30337E+00	5.66739E+07
8.00000E+00	7.58427E+00	5.40329E+07
8.00000E+00	7.86517E+00	5.16041E+07
8.00000E+00	8.14607E+00	4.93637E+07
8.00000E+00	8.42697E+00	4.72912E+07
8.00000E+00	8.70787E+00	4.53687E+07
8.00000E+00	8.98876E+00	4.35807E+07
8.00000E+00	9.26966E+00	4.19138E+07
8.00000E+00	9.55056E+00	4.03562E+07
8.00000E+00	9.83146E+00	3.88978E+07
8.00000E+00	1.01124E+01	3.75298E+07
8.00000E+00	1.03933E+01	3.62444E+07
8.00000E+00	1.06742E+01	3.50348E+07
8.00000E+00	1.09551E+01	3.38950E+07
8.00000E+00	1.12360E+01	3.28196E+07
8.00000E+00	1.15169E+01	3.18038E+07
8.00000E+00	1.17978E+01	3.08431E+07
8.00000E+00	1.20787E+01	2.99335E+07
8.00000E+00	1.23596E+01	2.90712E+07
8.00000E+00	1.26404E+01	2.82529E+07
8.00000E+00	1.29213E+01	2.74754E+07
8.00000E+00	1.32022E+01	2.67358E+07
8.00000E+00	1.34831E+01	2.60313E+07
8.00000E+00	1.37640E+01	2.53596E+07
8.00000E+00	1.40449E+01	2.47184E+07
8.00000E+00	1.43258E+01	2.41056E+07
8.00000E+00	1.46067E+01	2.35194E+07
8.00000E+00	1.48876E+01	2.29580E+07
8.00000E+00	1.51685E+01	2.24198E+07
8.00000E+00	1.54494E+01	2.19035E+07
8.00000E+00	1.57303E+01	2.14078E+07
8.00000E+00	1.60112E+01	2.09314E+07
8.00000E+00	1.62921E+01	2.04732E+07
8.00000E+00	1.65730E+01	2.00324E+07
8.00000E+00	1.68539E+01	1.96079E+07
8.00000E+00	1.71348E+01	1.91988E+07
8.00000E+00	1.74157E+01	1.88045E+07
8.00000E+00	1.76966E+01	1.84242E+07
8.00000E+00	1.79775E+01	1.80572E+07
8.00000E+00	1.82584E+01	1.77029E+07
8.00000E+00	1.85393E+01	1.73606E+07
8.00000E+00	1.88202E+01	1.70298E+07
8.00000E+00	1.91011E+01	1.67100E+07
8.00000E+00	1.93820E+01	1.64006E+07
8.00000E+00	1.96629E+01	1.61011E+07
8.00000E+00	1.99438E+01	1.58112E+07
8.00000E+00	2.02247E+01	1.55303E+07
8.00000E+00	2.05056E+01	1.52582E+07
8.00000E+00	2.07865E+01	1.49943E+07
8.00000E+00	2.10674E+01	1.47383E+07
8.00000E+00	2.13483E+01	1.44900E+07
8.00000E+00	2.16292E+01	1.42489E+07
8.00000E+00	2.19101E+01	1.40148E+07
8.00000E+00	2.21910E+01	1.37874E+07
8.00000E+00	2.24719E+01	1.35665E+07
8.00000E+00	2.27528E+01	1.33517E+07
8.00000E+00	2.30337E+01	1.31429E+07
8.00000E+00	2.33146E+01	1.29398E+07
8.00000E+00	2.35955E+01	1.27421E+07
8.00000E+00	2.38764E+01	1.25497E+07
8.00000E+00	2.41573E+01	1.23624E+07
8.00000E+00	2.44382E+01	1.21799E+07
8.00000E+00	2.47191E+01	1.20020E+07
8.00000E+00	2.50000E+01	1.18287E+07
9.00000E+00	0.00000E+00	3.48219E+08
9.00000E+00	2.80899E-01	3.34637E+08
9.00000E+00	5.61798E-01	3.18572E+08
9.00000E+00	8.42697E-01	3.00325E+08
9.00000E+00	1.12360E+00	2.80486E+08
9.00000E+00	1.40449E+00	2.59921E+08
9.00000E+00	1.68539E+00	2.39715E+08
9.00000E+00	1.96629E+00	2.20688E+08
9.00000E+00	2.24719E+00	2.02735E+08
9.00000E+00	2.52809E+00	1.85860E+08
9.00000E+00	2.80899E+00	1.70156E+08
9.00000E+00	3.08989E+00	1.55729E+08
9.00000E+00	3.37079E+00	1.42648E+08
9.00000E+00	3.65169E+00	1.30911E+08
9.00000E+00	3.93258E+00	1.20459E+08
9.00000E+00	4.21348E+00	1.11189E+08
9.00000E+00	4.49438E+00	1.02979E+08
9.00000E+00	4.77528E+00	9.57027E+07
9.00000E+00	5.05618E+00	8.92401E+07
9.00000E+00	5.33708E+00	8.34828E+07
9.00000E+00	5.61798E+00	7.83356E+07
9.00000E+00	5.89888E+00	7.37160E+07
9.00000E+00	6.17978E+00	6.95539E+07
9.00000E+00	6.46067E+00	6.57893E+07
9.00000E+00	6.74157E+00	6.23715E+07
9.00000E+00	7.02247E+00	5.92574E+07
9.00000E+00	7.30337E+00	5.64102E+07
9.00000E+00	7.58427E+00	5.37984E+07
9.00000E+00	7.86517E+00	5.13950E+07
9.00000E+00	8.14607E+00	4.91768E+07
9.00000E+00	8.42697E+00	4.71237E+07
9.00000E+00	8.70787E+00	4.52183E+07
9.00000E+00	8.98876E+00	4.34454E+07
9.00000E+00	9.26966E+00	4.17919E+07
9.00000E+00	9.55056E+00	4.02464E+07
9.00000E+00	9.83146E+00	3.87989E+07
9.00000E+00	1.01124E+01	3.74406E+07
9.00000E+00	1.03933E+01	3.61640E+07
9.00000E+00	1.06742E+01	3.49624E+07
9.00000E+00	1.09551E+01	3.38297E+07
9.00000E+00	1.12360E+01	3.27606E+07
9.00000E+00	1.15169E+01	3.17504E+07
9.00000E+00	1.17978E+01	3.07946E+07
9.00000E+00	1.20787E+01	2.98893E+07
9.00000E+00	1.23596E+01	2.90308E+07
9.00000E+00	1.26404E+01	2.82158E+07
9.00000E+00	1.29213E+01	2.74411E+07
9.00000E+00	1.32022E+01	2.67040E+07
9.00000E+00	1.34831E+01	2.60018E+07
9.00000E+00	1.37640E+01	2.53321E+07
9.00000E+00	1.40449E+01	2.46927E+07
9.00000E+00	1.43258E+01	2.40815E+07
9.00000E+00	1.46067E+01	2.34967E+07
9.00000E+00	1.48876E+01	2.29367E+07
9.00000E+00	1.51685E+01	2.23999E+07
9.00000E+00	1.54494E+01	2.18848E+07
9.00000E+00	1.57303E+01	2.13902E+07
9.00000E+00	1.60112E+01	2.09148E+07
9.00000E+00	1.62921E+01	2.04577E+07
9.00000E+00	1.65730E+01	2.00178E+07
9.00000E+00	1.68539E+01	1.95942E+07
9.00000E+00	1.71348E+01	1.91860E+07
9.00000E+00	1.74157E+01	1.87925E+07
9.00000E+00	1.76966E+01	1.84129E+07
9.00000E+00	1.79775E+01	1.80466E+07
9.00000E+00	1.82584E+01	1.76929E+07
9.00000E+00	1.85393E+01	1.73512E+07
9.00000E+00	1.88202E+01	1.70209E+07
9.00000E+00	1.91011E+01	1.67016E+07
9.00000E+00	1.93820E+01	1.63926E+07
9.00000E+00	1.96629E+01	1.60936E+07
9.00000E+00	1.99438E+01	1.58040E+07
9.00000E+00	2.02247E+01	1.55236E+07
9.00000E+00	2.05056E+01	1.52517E+07
9.00000E+00	2.07865E+01	1.49882E+07
9.00000E+00	2.10674E+01	1.47325E+07
9.00000E+00	2.13483E+01	1.44844E+07
9.00000E+00	2.16292E+01	1.42436E+07
9.00000E+00	2.19101E+01	1.40098E+07
9.00000E+00	2.21910E+01	1.37827E+07
9.00000E+00	2.24719E+01	1.35619E+07
9.00000E+00	2.27528E+01	1.33474E+07
9.00000E+00	2.30337E+01	1.31387E+07
9.00000E+00	2.33146E+01	1.29358E+07
9.00000E+00	2.35955E+01	1.27383E+07
9.00000E+00	2.38764E+01	1.25461E+07
9.00000E+00	2.41573E+01	1.23588E+07
9.00000E+00	2.44382E+01	1.21765E+07
9.00000E+00	2.47191E+01	1.19988E+07
9.00000E+00	2.50000E+01	1.18256E+07
1.00000E+01	0.00000E+00	3.18603E+08
1.00000E+01	2.80899E-01	3.06445E+08
1.00000E+01	5.61798E-01	2.92391E+08
1.00000E+01	8.42697E-01	2.76681E+08
1.00000E+01	1.12360E+00	2.59734E+08
1.00000E+01	1.40449E+00	2.42128E+08
1.00000E+01	1.68539E+00	2.24556E+08
1.00000E+01	1.96629E+00	2.07789E+08
1.00000E+01	2.24719E+00	1.92088E+08
1.00000E+01	2.52809E+00	1.77338E+08
1.00000E+01	2.80899E+00	1.63530E+08
1.00000E+01	3.08989E+00	1.50696E+08
1.00000E+01	3.37079E+00	1.38879E+08
1.00000E+01	3.65169E+00	1.28100E+08
1.00000E+01	3.93258E+00	1.18348E+08
1.00000E+01	4.21348E+00	1.09579E+08
1.00000E+01	4.49438E+00	1.01724E+08
1.00000E+01	4.77528E+00	9.46997E+07
1.00000E+01	5.05618E+00	8.84183E+07
1.00000E+01	5.33708E+00	8.27941E+07
1.00000E+01	5.61798E+00	7.77471E+07
1.00000E+01	5.89888E+00	7.32057E+07
1.00000E+01	6.17978E+00	6.91062E+07
1.00000E+01	6.46067E+00	6.53932E+07
1.00000E+01	6.74157E+00	6.20191E+07
1.00000E+01	7.02247E+00	5.89423E+07
1.00000E+01	7.30337E+00	5.61276E+07
1.00000E+01	7.58427E+00	5.35442E+07
1.00000E+01	7.86517E+00	5.11660E+07
1.00000E+01	8.14607E+00	4.89701E+07
1.00000E+01	8.42697E+00	4.69368E+07
1.00000E+01	8.70787E+00	4.50491E+07
1.00000E+01	8.98876E+00	4.32921E+07
1.00000E+01	9.26966E+00	4.16530E+07
1.00000E+01	9.55056E+00	4.01205E+07
1.00000E+01	9.83146E+00	3.86848E+07
1.00000E+01	1.01124E+01	3.73373E+07
1.00000E+01	1.03933E+01	3.60705E+07
1.00000E+01	1.06742E+01	3.48776E+07
1.00000E+01	1.09551E+01	3.37529E+07
1.00000E+01	1.12360E+01	3.26909E+07
1.00000E+01	1.15169E+01	3.16870E+07
1.00000E+01	1.17978E+01	3.07369E+07
1.00000E+01	1.20787E+01	2.98366E+07
1.00000E+01	1.23596E+01	2.89825E+07
1.00000E+01	1.26404E+01	2.81714E+07
1.00000E+01	1.29213E+01	2.74002E+07
1.00000E+01	1.32022E+01	2.66661E+07
1.00000E+01	1.34831E+01	2.59667E+07
1.00000E+01	1.37640E+01	2.52994E+07
1.00000E+01	1.40449E+01	2.46621E+07
1.00000E+01	1.43258E+01	2.40530E+07
1.00000E+01	1.46067E+01	2.34700E+07
1.00000E+01	1.48876E+01	2.29117E+07
1.00000E+01	1.51685E+01	2.23764E+07
1.00000E+01	1.54494E+01	2.18627E+07
1.00000E+01	1.57303E+01	2.13695E+07
1.00000E+01	1.60112E+01	2.08954E+07
1.00000E+01	1.62921E+01	2.04395E+07
1.00000E+01	1.65730E+01	2.00007E+07
1.00000E+01	1.68539E+01	1.95781E+07
1.00000E+01	1.71348E+01	1.91709E+07
1.00000E+01	1.74157E+01	1.87783E+07
1.00000E+01	1.76966E+01	1.83996E+07
1.00000E+01	1.79775E+01	1.80340E+07
1.00000E+01	1.82584E+01	1.76811E+07
1.00000E+01	1.85393E+01	1.73400E+07
1.00000E+01	1.88202E+01	1.70104E+07
1.00000E+01	1.91011E+01	1.66916E+07
1.00000E+01	1.93820E+01	1.63832E+07
1.00000E+01	1.96629E+01	1.60847E+07
1.00000E+01	1.99438E+01	1.57956E+07
1.00000E+01	2.02247E+01	1.55156E+07
1.00000E+01	2.05056E+01	1.52442E+07
1.00000E+01	2.07865E+01	1.49810E+07
1.00000E+01	2.10674E+01	1.47257E+07
1.00000E+01	2.13483E+01	1.44780E+07
1.00000E+01	2.16292E+01	1.42375E+07
1.00000E+01	2.19101E+01	1.40039E+07
1.00000E+01	2.21910E+01	1.37771E+07
1.00000E+01	2.24719E+01	1.35566E+07
1.00000E+01	2.27528E+01	1.33423E+07
1.00000E+01	2.30337E+01	1.31339E+07
1.00000E+01	2.33146E+01	1.29311E+07
1.00000E+01	2.35955E+01	1.27338E+07
1.00000E+01	2.38764E+01	1.25418E+07
1.00000E+01	2.41573E+01	1.23547E+07
1.00000E+01	2.44382E+01	1.21725E+07
1.00000E+01	2.47191E+01	1.19950E+07
1.00000E+01	2.50000E+01	1.18220E+07
