1.00000E-04	0.00000E+00	9.75060E-01
1.00000E-04	2.80899E-01	5.28671E-02
1.00000E-04	5.61798E-01	3.39320E-02
1.00000E-04	8.42697E-01	2.93378E-02
1.00000E-04	1.12360E+00	2.97602E-02
1.00000E-04	1.40449E+00	3.22926E-02
1.00000E-04	1.68539E+00	3.42928E-02
1.00000E-04	1.96629E+00	3.51437E-02
1.00000E-04	2.24719E+00	3.58034E-02
1.00000E-04	2.52809E+00	3.68532E-02
1.00000E-04	2.80899E+00	3.91810E-02
1.00000E-04	3.08989E+00	4.33911E-02
1.00000E-04	3.37079E+00	4.92068E-02
1.00000E-04	3.65169E+00	5.84668E-02
1.00000E-04	3.93258E+00	7.00284E-02
1.00000E-04	4.21348E+00	8.59141E-02
1.00000E-04	4.49438E+00	1.02905E-01
1.00000E-04	4.77528E+00	1.25515E-01
1.00000E-04	5.05618E+00	1.51521E-01
1.00000E-04	5.33708E+00	1.87062E-01
1.00000E-04	5.61798E+00	2.36801E-01
1.00000E-04	5.89888E+00	3.06872E-01
1.00000E-04	6.17978E+00	4.08051E-01
1.00000E-04	6.46067E+00	5.36229E-01
1.00000E-04	6.74157E+00	7.04264E-01
1.00000E-04	7.02247E+00	8.78492E-01
1.00000E-04	7.30337E+00	1.07414E+00
1.00000E-04	7.58427E+00	1.25974E+00
1.00000E-04	7.86517E+00	1.43710E+00
1.00000E-04	8.14607E+00	1.60879E+00
1.00000E-04	8.42697E+00	1.77839E+00
1.00000E-04	8.70787E+00	1.95695E+00
1.00000E-04	8.98876E+00	2.15703E+00
1.00000E-04	9.26966E+00	2.41042E+00
1.00000E-04	9.55056E+00	2.69136E+00
1.00000E-04	9.83146E+00	3.01456E+00
1.00000E-04	1.01124E+01	3.34832E+00
1.00000E-04	1.03933E+01	3.72334E+00
1.00000E-04	1.06742E+01	4.10039E+00
1.00000E-04	1.09551E+01	4.45497E+00
1.00000E-04	1.12360E+01	4.81536E+00
1.00000E-04	1.15169E+01	5.17020E+00
1.00000E-04	1.17978E+01	5.51388E+00
1.00000E-04	1.20787E+01	5.85394E+00
1.00000E-04	1.23596E+01	6.17701E+00
1.00000E-04	1.26404E+01	6.47238E+00
1.00000E-04	1.29213E+01	6.76158E+00
1.00000E-04	1.32022E+01	7.01377E+00
1.00000E-04	1.34831E+01	7.21267E+00
1.00000E-04	1.37640E+01	7.37389E+00
1.00000E-04	1.40449E+01	7.51486E+00
1.00000E-04	1.43258E+01	7.63054E+00
1.00000E-04	1.46067E+01	7.70735E+00
1.00000E-04	1.48876E+01	7.73941E+00
1.00000E-04	1.51685E+01	7.76451E+00
1.00000E-04	1.54494E+01	7.78839E+00
1.00000E-04	1.57303E+01	7.80732E+00
1.00000E-04	1.60112E+01	7.82684E+00
1.00000E-04	1.62921E+01	7.84551E+00
1.00000E-04	1.65730E+01	7.86168E+00
1.00000E-04	1.68539E+01	7.86503E+00
1.00000E-04	1.71348E+01	7.86756E+00
1.00000E-04	1.74157E+01	7.85674E+00
1.00000E-04	1.76966E+01	7.84560E+00
1.00000E-04	1.79775E+01	7.82473E+00
1.00000E-04	1.82584E+01	7.79888E+00
1.00000E-04	1.85393E+01	7.76481E+00
1.00000E-04	1.88202E+01	7.72796E+00
1.00000E-04	1.91011E+01	7.68510E+00
1.00000E-04	1.93820E+01	7.63018E+00
1.00000E-04	1.96629E+01	7.57966E+00
1.00000E-04	1.99438E+01	7.51547E+00
1.00000E-04	2.02247E+01	7.44981E+00
1.00000E-04	2.05056E+01	7.38026E+00
1.00000E-04	2.07865E+01	7.30877E+00
1.00000E-04	2.10674E+01	7.22623E+00
1.00000E-04	2.13483E+01	7.14876E+00
1.00000E-04	2.16292E+01	7.07239E+00
1.00000E-04	2.19101E+01	6.99364E+00
1.00000E-04	2.21910E+01	6.91939E+00
1.00000E-04	2.24719E+01	6.82797E+00
1.00000E-04	2.27528E+01	6.73620E+00
1.00000E-04	2.30337E+01	6.64830E+00
1.00000E-04	2.33146E+01	6.56250E+00
1.00000E-04	2.35955E+01	6.47864E+00
1.00000E-04	2.38764E+01	6.39590E+00
1.00000E-04	2.41573E+01	6.31908E+00
1.00000E-04	2.44382E+01	6.24199E+00
1.00000E-04	2.47191E+01	6.16907E+00
1.00000E-04	2.50000E+01	6.09764E+00
5.00000E-04	0.00000E+00	9.66069E-01
5.00000E-04	2.80899E-01	7.21634E-02
5.00000E-04	5.61798E-01	4.63202E-02
5.00000E-04	8.42697E-01	4.00524E-02
5.00000E-04	1.12360E+00	4.06171E-02
5.00000E-04	1.40449E+00	4.40819E-02
5.00000E-04	1.68539E+00	4.68126E-02
5.00000E-04	1.96629E+00	4.79742E-02
5.00000E-04	2.24719E+00	4.88748E-02
5.00000E-04	2.52809E+00	5.03078E-02
5.00000E-04	2.80899E+00	5.34855E-02
5.00000E-04	3.08989E+00	5.92382E-02
5.00000E-04	3.37079E+00	6.71717E-02
5.00000E-04	3.65169E+00	7.98098E-02
5.00000E-04	3.93258E+00	9.55980E-02
5.00000E-04	4.21348E+00	1.17216E-01
5.00000E-04	4.49438E+00	1.40474E-01
5.00000E-04	4.77528E+00	1.71338E-01
5.00000E-04	5.05618E+00	2.06842E-01
5.00000E-04	5.33708E+00	2.55356E-01
5.00000E-04	5.61798E+00	3.23254E-01
5.00000E-04	5.89888E+00	4.18897E-01
5.00000E-04	6.17978E+00	5.57025E-01
5.00000E-04	6.46067E+00	7.31999E-01
5.00000E-04	6.74157E+00	9.61377E-01
5.00000E-04	7.02247E+00	1.19922E+00
5.00000E-04	7.30337E+00	1.46644E+00
5.00000E-04	7.58427E+00	1.71966E+00
5.00000E-04	7.86517E+00	1.96177E+00
5.00000E-04	8.14607E+00	2.19614E+00
5.00000E-04	8.42697E+00	2.42765E+00
5.00000E-04	8.70787E+00	2.67141E+00
5.00000E-04	8.98876E+00	2.94614E+00
5.00000E-04	9.26966E+00	3.29044E+00
5.00000E-04	9.55056E+00	3.67394E+00
5.00000E-04	9.83146E+00	4.11514E+00
5.00000E-04	1.01124E+01	4.57074E+00
5.00000E-04	1.03933E+01	5.08154E+00
5.00000E-04	1.06742E+01	5.59739E+00
5.00000E-04	1.09551E+01	6.08142E+00
5.00000E-04	1.12360E+01	6.57338E+00
5.00000E-04	1.15169E+01	7.05777E+00
5.00000E-04	1.17978E+01	7.52692E+00
5.00000E-04	1.20787E+01	7.99114E+00
5.00000E-04	1.23596E+01	8.43215E+00
5.00000E-04	1.26404E+01	8.83536E+00
5.00000E-04	1.29213E+01	9.23015E+00
5.00000E-04	1.32022E+01	9.57440E+00
5.00000E-04	1.34831E+01	9.84592E+00
5.00000E-04	1.37640E+01	1.00660E+01
5.00000E-04	1.40449E+01	1.02584E+01
5.00000E-04	1.43258E+01	1.04163E+01
5.00000E-04	1.46067E+01	1.05212E+01
5.00000E-04	1.48876E+01	1.05650E+01
5.00000E-04	1.51685E+01	1.05992E+01
5.00000E-04	1.54494E+01	1.06318E+01
5.00000E-04	1.57303E+01	1.06577E+01
5.00000E-04	1.60112E+01	1.06843E+01
5.00000E-04	1.62921E+01	1.07098E+01
5.00000E-04	1.65730E+01	1.07319E+01
5.00000E-04	1.68539E+01	1.07364E+01
5.00000E-04	1.71348E+01	1.07399E+01
5.00000E-04	1.74157E+01	1.07251E+01
5.00000E-04	1.76966E+01	1.07099E+01
5.00000E-04	1.79775E+01	1.06814E+01
5.00000E-04	1.82584E+01	1.06461E+01
5.00000E-04	1.85393E+01	1.05996E+01
5.00000E-04	1.88202E+01	1.05493E+01
5.00000E-04	1.91011E+01	1.04908E+01
5.00000E-04	1.93820E+01	1.04158E+01
5.00000E-04	1.96629E+01	1.03469E+01
5.00000E-04	1.99438E+01	1.02587E+01
5.00000E-04	2.02247E+01	1.01696E+01
5.00000E-04	2.05056E+01	1.00747E+01
5.00000E-04	2.07865E+01	9.97710E+00
5.00000E-04	2.10674E+01	9.86442E+00
5.00000E-04	2.13483E+01	9.75867E+00
5.00000E-04	2.16292E+01	9.65442E+00
5.00000E-04	2.19101E+01	9.54692E+00
5.00000E-04	2.21910E+01	9.44557E+00
5.00000E-04	2.24719E+01	9.32077E+00
5.00000E-04	2.27528E+01	9.19549E+00
5.00000E-04	2.30337E+01	9.07551E+00
5.00000E-04	2.33146E+01	8.95838E+00
5.00000E-04	2.35955E+01	8.84391E+00
5.00000E-04	2.38764E+01	8.73096E+00
5.00000E-04	2.41573E+01	8.62608E+00
5.00000E-04	2.44382E+01	8.52085E+00
5.00000E-04	2.47191E+01	8.42131E+00
5.00000E-04	2.50000E+01	8.32380E+00
1.00000E-03	0.00000E+00	9.57692E-01
1.00000E-03	2.80899E-01	8.58396E-02
1.00000E-03	5.61798E-01	5.50990E-02
1.00000E-03	8.42697E-01	4.76462E-02
1.00000E-03	1.12360E+00	4.83071E-02
1.00000E-03	1.40449E+00	5.24337E-02
1.00000E-03	1.68539E+00	5.56849E-02
1.00000E-03	1.96629E+00	5.70663E-02
1.00000E-03	2.24719E+00	5.81372E-02
1.00000E-03	2.52809E+00	5.98419E-02
1.00000E-03	2.80899E+00	6.36222E-02
1.00000E-03	3.08989E+00	7.04791E-02
1.00000E-03	3.37079E+00	7.99045E-02
1.00000E-03	3.65169E+00	9.49161E-02
1.00000E-03	3.93258E+00	1.13741E-01
1.00000E-03	4.21348E+00	1.39400E-01
1.00000E-03	4.49438E+00	1.67078E-01
1.00000E-03	4.77528E+00	2.03795E-01
1.00000E-03	5.05618E+00	2.46076E-01
1.00000E-03	5.33708E+00	3.03752E-01
1.00000E-03	5.61798E+00	3.84519E-01
1.00000E-03	5.89888E+00	4.98174E-01
1.00000E-03	6.17978E+00	6.62593E-01
1.00000E-03	6.46067E+00	8.70730E-01
1.00000E-03	6.74157E+00	1.14343E+00
1.00000E-03	7.02247E+00	1.42648E+00
1.00000E-03	7.30337E+00	1.74439E+00
1.00000E-03	7.58427E+00	2.04557E+00
1.00000E-03	7.86517E+00	2.33357E+00
1.00000E-03	8.14607E+00	2.61235E+00
1.00000E-03	8.42697E+00	2.88775E+00
1.00000E-03	8.70787E+00	3.17770E+00
1.00000E-03	8.98876E+00	3.50481E+00
1.00000E-03	9.26966E+00	3.91405E+00
1.00000E-03	9.55056E+00	4.37023E+00
1.00000E-03	9.83146E+00	4.89505E+00
1.00000E-03	1.01124E+01	5.43700E+00
1.00000E-03	1.03933E+01	6.04443E+00
1.00000E-03	1.06742E+01	6.65822E+00
1.00000E-03	1.09551E+01	7.23399E+00
1.00000E-03	1.12360E+01	7.81918E+00
1.00000E-03	1.15169E+01	8.39537E+00
1.00000E-03	1.17978E+01	8.95344E+00
1.00000E-03	1.20787E+01	9.50559E+00
1.00000E-03	1.23596E+01	1.00302E+01
1.00000E-03	1.26404E+01	1.05099E+01
1.00000E-03	1.29213E+01	1.09795E+01
1.00000E-03	1.32022E+01	1.13890E+01
1.00000E-03	1.34831E+01	1.17119E+01
1.00000E-03	1.37640E+01	1.19737E+01
1.00000E-03	1.40449E+01	1.22026E+01
1.00000E-03	1.43258E+01	1.23905E+01
1.00000E-03	1.46067E+01	1.25152E+01
1.00000E-03	1.48876E+01	1.25673E+01
1.00000E-03	1.51685E+01	1.26080E+01
1.00000E-03	1.54494E+01	1.26468E+01
1.00000E-03	1.57303E+01	1.26775E+01
1.00000E-03	1.60112E+01	1.27092E+01
1.00000E-03	1.62921E+01	1.27395E+01
1.00000E-03	1.65730E+01	1.27658E+01
1.00000E-03	1.68539E+01	1.27713E+01
1.00000E-03	1.71348E+01	1.27754E+01
1.00000E-03	1.74157E+01	1.27580E+01
1.00000E-03	1.76966E+01	1.27397E+01
1.00000E-03	1.79775E+01	1.27058E+01
1.00000E-03	1.82584E+01	1.26638E+01
1.00000E-03	1.85393E+01	1.26085E+01
1.00000E-03	1.88202E+01	1.25487E+01
1.00000E-03	1.91011E+01	1.24792E+01
1.00000E-03	1.93820E+01	1.23899E+01
1.00000E-03	1.96629E+01	1.23079E+01
1.00000E-03	1.99438E+01	1.22020E+01
1.00000E-03	2.02247E+01	1.20970E+01
1.00000E-03	2.05056E+01	1.19841E+01
1.00000E-03	2.07865E+01	1.18680E+01
1.00000E-03	2.10674E+01	1.17340E+01
1.00000E-03	2.13483E+01	1.16082E+01
1.00000E-03	2.16292E+01	1.14842E+01
1.00000E-03	2.19101E+01	1.13563E+01
1.00000E-03	2.21910E+01	1.12357E+01
1.00000E-03	2.24719E+01	1.10873E+01
1.00000E-03	2.27528E+01	1.09382E+01
1.00000E-03	2.30337E+01	1.07955E+01
1.00000E-03	2.33146E+01	1.06562E+01
1.00000E-03	2.35955E+01	1.05200E+01
1.00000E-03	2.38764E+01	1.03857E+01
1.00000E-03	2.41573E+01	1.02609E+01
1.00000E-03	2.44382E+01	1.01357E+01
1.00000E-03	2.47191E+01	1.00173E+01
1.00000E-03	2.50000E+01	9.90135E+00
5.00000E-03	0.00000E+00	9.35850E-01
5.00000E-03	2.80899E-01	1.48631E-01
5.00000E-03	5.61798E-01	9.54039E-02
5.00000E-03	8.42697E-01	8.25000E-02
5.00000E-03	1.12360E+00	8.36341E-02
5.00000E-03	1.40449E+00	9.07774E-02
5.00000E-03	1.68539E+00	9.64197E-02
5.00000E-03	1.96629E+00	9.88059E-02
5.00000E-03	2.24719E+00	1.00655E-01
5.00000E-03	2.52809E+00	1.03615E-01
5.00000E-03	2.80899E+00	1.10160E-01
5.00000E-03	3.08989E+00	1.22068E-01
5.00000E-03	3.37079E+00	1.38366E-01
5.00000E-03	3.65169E+00	1.64244E-01
5.00000E-03	3.93258E+00	1.97072E-01
5.00000E-03	4.21348E+00	2.41327E-01
5.00000E-03	4.49438E+00	2.89042E-01
5.00000E-03	4.77528E+00	3.52639E-01
5.00000E-03	5.05618E+00	4.26361E-01
5.00000E-03	5.33708E+00	5.25775E-01
5.00000E-03	5.61798E+00	6.66035E-01
5.00000E-03	5.89888E+00	8.61793E-01
5.00000E-03	6.17978E+00	1.14655E+00
5.00000E-03	6.46067E+00	1.50776E+00
5.00000E-03	6.74157E+00	1.97728E+00
5.00000E-03	7.02247E+00	2.46845E+00
5.00000E-03	7.30337E+00	3.02039E+00
5.00000E-03	7.58427E+00	3.54170E+00
5.00000E-03	7.86517E+00	4.04119E+00
5.00000E-03	8.14607E+00	4.52137E+00
5.00000E-03	8.42697E+00	4.99991E+00
5.00000E-03	8.70787E+00	5.50222E+00
5.00000E-03	8.98876E+00	6.06901E+00
5.00000E-03	9.26966E+00	6.77551E+00
5.00000E-03	9.55056E+00	7.56701E+00
5.00000E-03	9.83146E+00	8.47476E+00
5.00000E-03	1.01124E+01	9.41329E+00
5.00000E-03	1.03933E+01	1.04657E+01
5.00000E-03	1.06742E+01	1.15286E+01
5.00000E-03	1.09551E+01	1.25258E+01
5.00000E-03	1.12360E+01	1.35321E+01
5.00000E-03	1.15169E+01	1.45328E+01
5.00000E-03	1.17978E+01	1.55030E+01
5.00000E-03	1.20787E+01	1.64514E+01
5.00000E-03	1.23596E+01	1.73670E+01
5.00000E-03	1.26404E+01	1.81981E+01
5.00000E-03	1.29213E+01	1.90181E+01
5.00000E-03	1.32022E+01	1.97198E+01
5.00000E-03	1.34831E+01	2.02821E+01
5.00000E-03	1.37640E+01	2.07371E+01
5.00000E-03	1.40449E+01	2.11287E+01
5.00000E-03	1.43258E+01	2.14541E+01
5.00000E-03	1.46067E+01	2.16700E+01
5.00000E-03	1.48876E+01	2.17606E+01
5.00000E-03	1.51685E+01	2.18307E+01
5.00000E-03	1.54494E+01	2.18979E+01
5.00000E-03	1.57303E+01	2.19509E+01
5.00000E-03	1.60112E+01	2.20061E+01
5.00000E-03	1.62921E+01	2.20590E+01
5.00000E-03	1.65730E+01	2.21034E+01
5.00000E-03	1.68539E+01	2.21134E+01
5.00000E-03	1.71348E+01	2.21205E+01
5.00000E-03	1.74157E+01	2.20933E+01
5.00000E-03	1.76966E+01	2.20595E+01
5.00000E-03	1.79775E+01	2.20000E+01
5.00000E-03	1.82584E+01	2.19270E+01
5.00000E-03	1.85393E+01	2.18316E+01
5.00000E-03	1.88202E+01	2.17282E+01
5.00000E-03	1.91011E+01	2.16081E+01
5.00000E-03	1.93820E+01	2.14530E+01
5.00000E-03	1.96629E+01	2.13110E+01
5.00000E-03	1.99438E+01	2.11256E+01
5.00000E-03	2.02247E+01	2.09459E+01
5.00000E-03	2.05056E+01	2.07506E+01
5.00000E-03	2.07865E+01	2.05490E+01
5.00000E-03	2.10674E+01	2.03173E+01
5.00000E-03	2.13483E+01	2.00995E+01
5.00000E-03	2.16292E+01	1.98848E+01
5.00000E-03	2.19101E+01	1.96633E+01
5.00000E-03	2.21910E+01	1.94546E+01
5.00000E-03	2.24719E+01	1.91975E+01
5.00000E-03	2.27528E+01	1.89395E+01
5.00000E-03	2.30337E+01	1.86923E+01
5.00000E-03	2.33146E+01	1.84510E+01
5.00000E-03	2.35955E+01	1.82154E+01
5.00000E-03	2.38764E+01	1.79828E+01
5.00000E-03	2.41573E+01	1.77664E+01
5.00000E-03	2.44382E+01	1.75500E+01
5.00000E-03	2.47191E+01	1.73450E+01
5.00000E-03	2.50000E+01	1.71441E+01
1.00000E-02	0.00000E+00	9.42958E-01
1.00000E-02	2.80899E-01	1.88614E-01
1.00000E-02	5.61798E-01	1.21069E-01
1.00000E-02	8.42697E-01	1.04693E-01
1.00000E-02	1.12360E+00	1.06132E-01
1.00000E-02	1.40449E+00	1.15197E-01
1.00000E-02	1.68539E+00	1.22357E-01
1.00000E-02	1.96629E+00	1.25385E-01
1.00000E-02	2.24719E+00	1.27732E-01
1.00000E-02	2.52809E+00	1.31488E-01
1.00000E-02	2.80899E+00	1.39793E-01
1.00000E-02	3.08989E+00	1.54907E-01
1.00000E-02	3.37079E+00	1.75588E-01
1.00000E-02	3.65169E+00	2.08418E-01
1.00000E-02	3.93258E+00	2.50100E-01
1.00000E-02	4.21348E+00	3.06246E-01
1.00000E-02	4.49438E+00	3.66738E-01
1.00000E-02	4.77528E+00	4.47464E-01
1.00000E-02	5.05618E+00	5.41085E-01
1.00000E-02	5.33708E+00	6.67143E-01
1.00000E-02	5.61798E+00	8.45344E-01
1.00000E-02	5.89888E+00	1.09350E+00
1.00000E-02	6.17978E+00	1.45442E+00
1.00000E-02	6.46067E+00	1.91345E+00
1.00000E-02	6.74157E+00	2.50841E+00
1.00000E-02	7.02247E+00	3.13192E+00
1.00000E-02	7.30337E+00	3.83282E+00
1.00000E-02	7.58427E+00	4.49443E+00
1.00000E-02	7.86517E+00	5.12865E+00
1.00000E-02	8.14607E+00	5.73532E+00
1.00000E-02	8.42697E+00	6.34393E+00
1.00000E-02	8.70787E+00	6.98283E+00
1.00000E-02	8.98876E+00	7.70174E+00
1.00000E-02	9.26966E+00	8.59598E+00
1.00000E-02	9.55056E+00	9.60235E+00
1.00000E-02	9.83146E+00	1.07514E+01
1.00000E-02	1.01124E+01	1.19423E+01
1.00000E-02	1.03933E+01	1.32812E+01
1.00000E-02	1.06742E+01	1.46280E+01
1.00000E-02	1.09551E+01	1.58978E+01
1.00000E-02	1.12360E+01	1.71654E+01
1.00000E-02	1.15169E+01	1.84368E+01
1.00000E-02	1.17978E+01	1.96731E+01
1.00000E-02	1.20787E+01	2.08720E+01
1.00000E-02	1.23596E+01	2.20354E+01
1.00000E-02	1.26404E+01	2.30968E+01
1.00000E-02	1.29213E+01	2.41388E+01
1.00000E-02	1.32022E+01	2.50249E+01
1.00000E-02	1.34831E+01	2.57422E+01
1.00000E-02	1.37640E+01	2.63203E+01
1.00000E-02	1.40449E+01	2.68108E+01
1.00000E-02	1.43258E+01	2.72266E+01
1.00000E-02	1.46067E+01	2.74994E+01
1.00000E-02	1.48876E+01	2.76160E+01
1.00000E-02	1.51685E+01	2.77036E+01
1.00000E-02	1.54494E+01	2.77885E+01
1.00000E-02	1.57303E+01	2.78544E+01
1.00000E-02	1.60112E+01	2.79271E+01
1.00000E-02	1.62921E+01	2.79943E+01
1.00000E-02	1.65730E+01	2.80471E+01
1.00000E-02	1.68539E+01	2.80621E+01
1.00000E-02	1.71348E+01	2.80710E+01
1.00000E-02	1.74157E+01	2.80375E+01
1.00000E-02	1.76966E+01	2.79946E+01
1.00000E-02	1.79775E+01	2.79182E+01
1.00000E-02	1.82584E+01	2.78231E+01
1.00000E-02	1.85393E+01	2.77046E+01
1.00000E-02	1.88202E+01	2.75743E+01
1.00000E-02	1.91011E+01	2.74209E+01
1.00000E-02	1.93820E+01	2.72246E+01
1.00000E-02	1.96629E+01	2.70438E+01
1.00000E-02	1.99438E+01	2.68081E+01
1.00000E-02	2.02247E+01	2.65801E+01
1.00000E-02	2.05056E+01	2.63333E+01
1.00000E-02	2.07865E+01	2.60752E+01
1.00000E-02	2.10674E+01	2.57831E+01
1.00000E-02	2.13483E+01	2.55063E+01
1.00000E-02	2.16292E+01	2.52342E+01
1.00000E-02	2.19101E+01	2.49530E+01
1.00000E-02	2.21910E+01	2.46880E+01
1.00000E-02	2.24719E+01	2.43618E+01
1.00000E-02	2.27528E+01	2.40345E+01
1.00000E-02	2.30337E+01	2.37201E+01
1.00000E-02	2.33146E+01	2.34140E+01
1.00000E-02	2.35955E+01	2.31155E+01
1.00000E-02	2.38764E+01	2.28206E+01
1.00000E-02	2.41573E+01	2.25449E+01
1.00000E-02	2.44382E+01	2.22711E+01
1.00000E-02	2.47191E+01	2.20109E+01
1.00000E-02	2.50000E+01	2.17560E+01
5.00000E-02	0.00000E+00	9.71257E-01
5.00000E-02	2.80899E-01	2.75768E-01
5.00000E-02	5.61798E-01	1.77057E-01
5.00000E-02	8.42697E-01	1.53066E-01
5.00000E-02	1.12360E+00	1.55180E-01
5.00000E-02	1.40449E+00	1.68449E-01
5.00000E-02	1.68539E+00	1.78908E-01
5.00000E-02	1.96629E+00	1.83342E-01
5.00000E-02	2.24719E+00	1.86773E-01
5.00000E-02	2.52809E+00	1.92258E-01
5.00000E-02	2.80899E+00	2.04409E-01
5.00000E-02	3.08989E+00	2.26510E-01
5.00000E-02	3.37079E+00	2.56765E-01
5.00000E-02	3.65169E+00	3.04757E-01
5.00000E-02	3.93258E+00	3.65702E-01
5.00000E-02	4.21348E+00	4.47798E-01
5.00000E-02	4.49438E+00	5.36247E-01
5.00000E-02	4.77528E+00	6.54254E-01
5.00000E-02	5.05618E+00	7.91189E-01
5.00000E-02	5.33708E+00	9.75558E-01
5.00000E-02	5.61798E+00	1.23613E+00
5.00000E-02	5.89888E+00	1.59909E+00
5.00000E-02	6.17978E+00	2.12665E+00
5.00000E-02	6.46067E+00	2.79792E+00
5.00000E-02	6.74157E+00	3.66743E+00
5.00000E-02	7.02247E+00	4.57944E+00
5.00000E-02	7.30337E+00	5.60418E+00
5.00000E-02	7.58427E+00	6.57171E+00
5.00000E-02	7.86517E+00	7.49897E+00
5.00000E-02	8.14607E+00	8.38472E+00
5.00000E-02	8.42697E+00	9.27532E+00
5.00000E-02	8.70787E+00	1.02109E+01
5.00000E-02	8.98876E+00	1.12616E+01
5.00000E-02	9.26966E+00	1.25681E+01
5.00000E-02	9.55056E+00	1.40401E+01
5.00000E-02	9.83146E+00	1.57181E+01
5.00000E-02	1.01124E+01	1.74591E+01
5.00000E-02	1.03933E+01	1.94199E+01
5.00000E-02	1.06742E+01	2.13834E+01
5.00000E-02	1.09551E+01	2.32542E+01
5.00000E-02	1.12360E+01	2.50919E+01
5.00000E-02	1.15169E+01	2.69532E+01
5.00000E-02	1.17978E+01	2.87653E+01
5.00000E-02	1.20787E+01	3.05152E+01
5.00000E-02	1.23596E+01	3.22097E+01
5.00000E-02	1.26404E+01	3.37810E+01
5.00000E-02	1.29213E+01	3.52983E+01
5.00000E-02	1.32022E+01	3.65908E+01
5.00000E-02	1.34831E+01	3.76433E+01
5.00000E-02	1.37640E+01	3.84897E+01
5.00000E-02	1.40449E+01	3.91961E+01
5.00000E-02	1.43258E+01	3.98133E+01
5.00000E-02	1.46067E+01	4.02055E+01
5.00000E-02	1.48876E+01	4.03807E+01
5.00000E-02	1.51685E+01	4.05084E+01
5.00000E-02	1.54494E+01	4.06292E+01
5.00000E-02	1.57303E+01	4.07245E+01
5.00000E-02	1.60112E+01	4.08380E+01
5.00000E-02	1.62921E+01	4.09331E+01
5.00000E-02	1.65730E+01	4.10064E+01
5.00000E-02	1.68539E+01	4.10322E+01
5.00000E-02	1.71348E+01	4.10391E+01
5.00000E-02	1.74157E+01	4.09962E+01
5.00000E-02	1.76966E+01	4.09334E+01
5.00000E-02	1.79775E+01	4.08206E+01
5.00000E-02	1.82584E+01	4.06727E+01
5.00000E-02	1.85393E+01	4.05098E+01
5.00000E-02	1.88202E+01	4.03199E+01
5.00000E-02	1.91011E+01	4.00940E+01
5.00000E-02	1.93820E+01	3.98149E+01
5.00000E-02	1.96629E+01	3.95416E+01
5.00000E-02	1.99438E+01	3.91976E+01
5.00000E-02	2.02247E+01	3.88622E+01
5.00000E-02	2.05056E+01	3.85044E+01
5.00000E-02	2.07865E+01	3.81221E+01
5.00000E-02	2.10674E+01	3.77037E+01
5.00000E-02	2.13483E+01	3.72929E+01
5.00000E-02	2.16292E+01	3.68992E+01
5.00000E-02	2.19101E+01	3.64882E+01
5.00000E-02	2.21910E+01	3.60968E+01
5.00000E-02	2.24719E+01	3.56203E+01
5.00000E-02	2.27528E+01	3.51441E+01
5.00000E-02	2.30337E+01	3.46811E+01
5.00000E-02	2.33146E+01	3.42346E+01
5.00000E-02	2.35955E+01	3.38006E+01
5.00000E-02	2.38764E+01	3.33688E+01
5.00000E-02	2.41573E+01	3.29632E+01
5.00000E-02	2.44382E+01	3.25645E+01
5.00000E-02	2.47191E+01	3.21820E+01
5.00000E-02	2.50000E+01	3.18111E+01
1.00000E-01	0.00000E+00	9.77118E-01
1.00000E-01	2.80899E-01	3.07968E-01
1.00000E-01	5.61798E-01	1.97857E-01
1.00000E-01	8.42697E-01	1.70981E-01
1.00000E-01	1.12360E+00	1.73353E-01
1.00000E-01	1.40449E+00	1.88198E-01
1.00000E-01	1.68539E+00	1.99867E-01
1.00000E-01	1.96629E+00	2.04830E-01
1.00000E-01	2.24719E+00	2.08669E-01
1.00000E-01	2.52809E+00	2.14781E-01
1.00000E-01	2.80899E+00	2.28373E-01
1.00000E-01	3.08989E+00	2.53069E-01
1.00000E-01	3.37079E+00	2.86920E-01
1.00000E-01	3.65169E+00	3.40501E-01
1.00000E-01	3.93258E+00	4.08580E-01
1.00000E-01	4.21348E+00	5.00274E-01
1.00000E-01	4.49438E+00	5.99129E-01
1.00000E-01	4.77528E+00	7.30840E-01
1.00000E-01	5.05618E+00	8.83952E-01
1.00000E-01	5.33708E+00	1.09004E+00
1.00000E-01	5.61798E+00	1.38115E+00
1.00000E-01	5.89888E+00	1.78706E+00
1.00000E-01	6.17978E+00	2.37617E+00
1.00000E-01	6.46067E+00	3.12609E+00
1.00000E-01	6.74157E+00	4.09681E+00
1.00000E-01	7.02247E+00	5.11612E+00
1.00000E-01	7.30337E+00	6.26037E+00
1.00000E-01	7.58427E+00	7.34163E+00
1.00000E-01	7.86517E+00	8.37733E+00
1.00000E-01	8.14607E+00	9.36715E+00
1.00000E-01	8.42697E+00	1.03620E+01
1.00000E-01	8.70787E+00	1.14073E+01
1.00000E-01	8.98876E+00	1.25812E+01
1.00000E-01	9.26966E+00	1.40402E+01
1.00000E-01	9.55056E+00	1.56847E+01
1.00000E-01	9.83146E+00	1.75587E+01
1.00000E-01	1.01124E+01	1.95048E+01
1.00000E-01	1.03933E+01	2.16947E+01
1.00000E-01	1.06742E+01	2.38882E+01
1.00000E-01	1.09551E+01	2.59779E+01
1.00000E-01	1.12360E+01	2.80310E+01
1.00000E-01	1.15169E+01	3.01102E+01
1.00000E-01	1.17978E+01	3.21345E+01
1.00000E-01	1.20787E+01	3.40893E+01
1.00000E-01	1.23596E+01	3.59821E+01
1.00000E-01	1.26404E+01	3.77378E+01
1.00000E-01	1.29213E+01	3.94323E+01
1.00000E-01	1.32022E+01	4.08764E+01
1.00000E-01	1.34831E+01	4.20522E+01
1.00000E-01	1.37640E+01	4.29978E+01
1.00000E-01	1.40449E+01	4.37866E+01
1.00000E-01	1.43258E+01	4.44761E+01
1.00000E-01	1.46067E+01	4.49139E+01
1.00000E-01	1.48876E+01	4.51101E+01
1.00000E-01	1.51685E+01	4.52529E+01
1.00000E-01	1.54494E+01	4.53878E+01
1.00000E-01	1.57303E+01	4.54944E+01
1.00000E-01	1.60112E+01	4.56210E+01
1.00000E-01	1.62921E+01	4.57274E+01
1.00000E-01	1.65730E+01	4.58090E+01
1.00000E-01	1.68539E+01	4.58379E+01
1.00000E-01	1.71348E+01	4.58452E+01
1.00000E-01	1.74157E+01	4.57979E+01
1.00000E-01	1.76966E+01	4.57276E+01
1.00000E-01	1.79775E+01	4.56016E+01
1.00000E-01	1.82584E+01	4.54361E+01
1.00000E-01	1.85393E+01	4.52543E+01
1.00000E-01	1.88202E+01	4.50423E+01
1.00000E-01	1.91011E+01	4.47899E+01
1.00000E-01	1.93820E+01	4.44786E+01
1.00000E-01	1.96629E+01	4.41727E+01
1.00000E-01	1.99438E+01	4.37886E+01
1.00000E-01	2.02247E+01	4.34138E+01
1.00000E-01	2.05056E+01	4.30141E+01
1.00000E-01	2.07865E+01	4.25868E+01
1.00000E-01	2.10674E+01	4.21198E+01
1.00000E-01	2.13483E+01	4.16607E+01
1.00000E-01	2.16292E+01	4.12209E+01
1.00000E-01	2.19101E+01	4.07621E+01
1.00000E-01	2.21910E+01	4.03243E+01
1.00000E-01	2.24719E+01	3.97923E+01
1.00000E-01	2.27528E+01	3.92602E+01
1.00000E-01	2.30337E+01	3.87430E+01
1.00000E-01	2.33146E+01	3.82442E+01
1.00000E-01	2.35955E+01	3.77595E+01
1.00000E-01	2.38764E+01	3.72770E+01
1.00000E-01	2.41573E+01	3.68239E+01
1.00000E-01	2.44382E+01	3.63786E+01
1.00000E-01	2.47191E+01	3.59511E+01
1.00000E-01	2.50000E+01	3.55369E+01
2.00000E-01	0.00000E+00	9.76633E-01
2.00000E-01	2.80899E-01	3.42168E-01
2.00000E-01	5.61798E-01	2.20500E-01
2.00000E-01	8.42697E-01	1.90537E-01
2.00000E-01	1.12360E+00	1.93192E-01
2.00000E-01	1.40449E+00	2.09716E-01
2.00000E-01	1.68539E+00	2.22667E-01
2.00000E-01	1.96629E+00	2.28233E-01
2.00000E-01	2.24719E+00	2.32523E-01
2.00000E-01	2.52809E+00	2.39304E-01
2.00000E-01	2.80899E+00	2.54527E-01
2.00000E-01	3.08989E+00	2.82064E-01
2.00000E-01	3.37079E+00	3.19932E-01
2.00000E-01	3.65169E+00	3.79547E-01
2.00000E-01	3.93258E+00	4.55433E-01
2.00000E-01	4.21348E+00	5.57415E-01
2.00000E-01	4.49438E+00	6.67780E-01
2.00000E-01	4.77528E+00	8.14060E-01
2.00000E-01	5.05618E+00	9.85192E-01
2.00000E-01	5.33708E+00	1.21511E+00
2.00000E-01	5.61798E+00	1.53975E+00
2.00000E-01	5.89888E+00	1.99329E+00
2.00000E-01	6.17978E+00	2.64898E+00
2.00000E-01	6.46067E+00	3.48457E+00
2.00000E-01	6.74157E+00	4.56370E+00
2.00000E-01	7.02247E+00	5.70097E+00
2.00000E-01	7.30337E+00	6.97360E+00
2.00000E-01	7.58427E+00	8.17979E+00
2.00000E-01	7.86517E+00	9.33309E+00
2.00000E-01	8.14607E+00	1.04370E+01
2.00000E-01	8.42697E+00	1.15452E+01
2.00000E-01	8.70787E+00	1.27102E+01
2.00000E-01	8.98876E+00	1.40182E+01
2.00000E-01	9.26966E+00	1.56414E+01
2.00000E-01	9.55056E+00	1.74744E+01
2.00000E-01	9.83146E+00	1.95604E+01
2.00000E-01	1.01124E+01	2.17321E+01
2.00000E-01	1.03933E+01	2.41700E+01
2.00000E-01	1.06742E+01	2.66133E+01
2.00000E-01	1.09551E+01	2.89408E+01
2.00000E-01	1.12360E+01	3.12288E+01
2.00000E-01	1.15169E+01	3.35442E+01
2.00000E-01	1.17978E+01	3.57993E+01
2.00000E-01	1.20787E+01	3.79771E+01
2.00000E-01	1.23596E+01	4.00851E+01
2.00000E-01	1.26404E+01	4.20424E+01
2.00000E-01	1.29213E+01	4.39284E+01
2.00000E-01	1.32022E+01	4.55376E+01
2.00000E-01	1.34831E+01	4.68477E+01
2.00000E-01	1.37640E+01	4.79010E+01
2.00000E-01	1.40449E+01	4.87792E+01
2.00000E-01	1.43258E+01	4.95467E+01
2.00000E-01	1.46067E+01	5.00347E+01
2.00000E-01	1.48876E+01	5.02542E+01
2.00000E-01	1.51685E+01	5.04138E+01
2.00000E-01	1.54494E+01	5.05636E+01
2.00000E-01	1.57303E+01	5.06828E+01
2.00000E-01	1.60112E+01	5.08235E+01
2.00000E-01	1.62921E+01	5.09421E+01
2.00000E-01	1.65730E+01	5.10322E+01
2.00000E-01	1.68539E+01	5.10648E+01
2.00000E-01	1.71348E+01	5.10728E+01
2.00000E-01	1.74157E+01	5.10208E+01
2.00000E-01	1.76966E+01	5.09420E+01
2.00000E-01	1.79775E+01	5.08017E+01
2.00000E-01	1.82584E+01	5.06174E+01
2.00000E-01	1.85393E+01	5.04143E+01
2.00000E-01	1.88202E+01	5.01785E+01
2.00000E-01	1.91011E+01	4.98972E+01
2.00000E-01	1.93820E+01	4.95510E+01
2.00000E-01	1.96629E+01	4.92094E+01
2.00000E-01	1.99438E+01	4.87826E+01
2.00000E-01	2.02247E+01	4.83644E+01
2.00000E-01	2.05056E+01	4.79191E+01
2.00000E-01	2.07865E+01	4.74427E+01
2.00000E-01	2.10674E+01	4.69228E+01
2.00000E-01	2.13483E+01	4.64117E+01
2.00000E-01	2.16292E+01	4.59213E+01
2.00000E-01	2.19101E+01	4.54109E+01
2.00000E-01	2.21910E+01	4.49219E+01
2.00000E-01	2.24719E+01	4.43301E+01
2.00000E-01	2.27528E+01	4.37372E+01
2.00000E-01	2.30337E+01	4.31610E+01
2.00000E-01	2.33146E+01	4.26056E+01
2.00000E-01	2.35955E+01	4.20654E+01
2.00000E-01	2.38764E+01	4.15279E+01
2.00000E-01	2.41573E+01	4.10230E+01
2.00000E-01	2.44382E+01	4.05272E+01
2.00000E-01	2.47191E+01	4.00507E+01
2.00000E-01	2.50000E+01	3.95895E+01
2.50000E-01	0.00000E+00	9.73528E-01
2.50000E-01	2.80899E-01	3.55933E-01
2.50000E-01	5.61798E-01	2.30043E-01
2.50000E-01	8.42697E-01	1.98861E-01
2.50000E-01	1.12360E+00	2.01640E-01
2.50000E-01	1.40449E+00	2.18831E-01
2.50000E-01	1.68539E+00	2.32303E-01
2.50000E-01	1.96629E+00	2.38140E-01
2.50000E-01	2.24719E+00	2.42621E-01
2.50000E-01	2.52809E+00	2.49693E-01
2.50000E-01	2.80899E+00	2.65630E-01
2.50000E-01	3.08989E+00	2.94379E-01
2.50000E-01	3.37079E+00	3.33975E-01
2.50000E-01	3.65169E+00	3.96137E-01
2.50000E-01	3.93258E+00	4.75367E-01
2.50000E-01	4.21348E+00	5.81611E-01
2.50000E-01	4.49438E+00	6.96944E-01
2.50000E-01	4.77528E+00	8.49270E-01
2.50000E-01	5.05618E+00	1.02819E+00
2.50000E-01	5.33708E+00	1.26824E+00
2.50000E-01	5.61798E+00	1.60725E+00
2.50000E-01	5.89888E+00	2.08118E+00
2.50000E-01	6.17978E+00	2.76497E+00
2.50000E-01	6.46067E+00	3.63694E+00
2.50000E-01	6.74157E+00	4.76125E+00
2.50000E-01	7.02247E+00	5.94891E+00
2.50000E-01	7.30337E+00	7.27514E+00
2.50000E-01	7.58427E+00	8.53464E+00
2.50000E-01	7.86517E+00	9.73748E+00
2.50000E-01	8.14607E+00	1.08900E+01
2.50000E-01	8.42697E+00	1.20462E+01
2.50000E-01	8.70787E+00	1.32618E+01
2.50000E-01	8.98876E+00	1.46269E+01
2.50000E-01	9.26966E+00	1.63187E+01
2.50000E-01	9.55056E+00	1.82320E+01
2.50000E-01	9.83146E+00	2.04071E+01
2.50000E-01	1.01124E+01	2.26752E+01
2.50000E-01	1.03933E+01	2.52174E+01
2.50000E-01	1.06742E+01	2.77662E+01
2.50000E-01	1.09551E+01	3.01942E+01
2.50000E-01	1.12360E+01	3.25818E+01
2.50000E-01	1.15169E+01	3.49967E+01
2.50000E-01	1.17978E+01	3.73494E+01
2.50000E-01	1.20787E+01	3.96217E+01
2.50000E-01	1.23596E+01	4.18203E+01
2.50000E-01	1.26404E+01	4.38633E+01
2.50000E-01	1.29213E+01	4.58296E+01
2.50000E-01	1.32022E+01	4.75090E+01
2.50000E-01	1.34831E+01	4.88756E+01
2.50000E-01	1.37640E+01	4.99746E+01
2.50000E-01	1.40449E+01	5.08905E+01
2.50000E-01	1.43258E+01	5.16908E+01
2.50000E-01	1.46067E+01	5.22001E+01
2.50000E-01	1.48876E+01	5.24297E+01
2.50000E-01	1.51685E+01	5.25967E+01
2.50000E-01	1.54494E+01	5.27526E+01
2.50000E-01	1.57303E+01	5.28774E+01
2.50000E-01	1.60112E+01	5.30238E+01
2.50000E-01	1.62921E+01	5.31476E+01
2.50000E-01	1.65730E+01	5.32410E+01
2.50000E-01	1.68539E+01	5.32753E+01
2.50000E-01	1.71348E+01	5.32835E+01
2.50000E-01	1.74157E+01	5.32297E+01
2.50000E-01	1.76966E+01	5.31472E+01
2.50000E-01	1.79775E+01	5.30009E+01
2.50000E-01	1.82584E+01	5.28087E+01
2.50000E-01	1.85393E+01	5.25965E+01
2.50000E-01	1.88202E+01	5.23507E+01
2.50000E-01	1.91011E+01	5.20570E+01
2.50000E-01	1.93820E+01	5.16964E+01
2.50000E-01	1.96629E+01	5.13394E+01
2.50000E-01	1.99438E+01	5.08948E+01
2.50000E-01	2.02247E+01	5.04580E+01
2.50000E-01	2.05056E+01	4.99935E+01
2.50000E-01	2.07865E+01	4.94963E+01
2.50000E-01	2.10674E+01	4.89540E+01
2.50000E-01	2.13483E+01	4.84211E+01
2.50000E-01	2.16292E+01	4.79091E+01
2.50000E-01	2.19101E+01	4.73772E+01
2.50000E-01	2.21910E+01	4.68660E+01
2.50000E-01	2.24719E+01	4.62493E+01
2.50000E-01	2.27528E+01	4.56306E+01
2.50000E-01	2.30337E+01	4.50295E+01
2.50000E-01	2.33146E+01	4.44502E+01
2.50000E-01	2.35955E+01	4.38865E+01
2.50000E-01	2.38764E+01	4.33259E+01
2.50000E-01	2.41573E+01	4.27989E+01
2.50000E-01	2.44382E+01	4.22818E+01
2.50000E-01	2.47191E+01	4.17846E+01
2.50000E-01	2.50000E+01	4.13036E+01
3.00000E-01	0.00000E+00	9.68867E-01
3.00000E-01	2.80899E-01	3.69552E-01
3.00000E-01	5.61798E-01	2.39781E-01
3.00000E-01	8.42697E-01	2.07415E-01
3.00000E-01	1.12360E+00	2.10324E-01
3.00000E-01	1.40449E+00	2.28173E-01
3.00000E-01	1.68539E+00	2.42167E-01
3.00000E-01	1.96629E+00	2.48289E-01
3.00000E-01	2.24719E+00	2.52965E-01
3.00000E-01	2.52809E+00	2.60346E-01
3.00000E-01	2.80899E+00	2.77022E-01
3.00000E-01	3.08989E+00	3.07018E-01
3.00000E-01	3.37079E+00	3.48392E-01
3.00000E-01	3.65169E+00	4.13162E-01
3.00000E-01	3.93258E+00	4.95844E-01
3.00000E-01	4.21348E+00	6.06409E-01
3.00000E-01	4.49438E+00	7.26885E-01
3.00000E-01	4.77528E+00	8.85373E-01
3.00000E-01	5.05618E+00	1.07234E+00
3.00000E-01	5.33708E+00	1.32276E+00
3.00000E-01	5.61798E+00	1.67661E+00
3.00000E-01	5.89888E+00	2.17149E+00
3.00000E-01	6.17978E+00	2.88405E+00
3.00000E-01	6.46067E+00	3.79340E+00
3.00000E-01	6.74157E+00	4.96371E+00
3.00000E-01	7.02247E+00	6.20318E+00
3.00000E-01	7.30337E+00	7.58401E+00
3.00000E-01	7.58427E+00	8.89822E+00
3.00000E-01	7.86517E+00	1.01517E+01
3.00000E-01	8.14607E+00	1.13542E+01
3.00000E-01	8.42697E+00	1.25595E+01
3.00000E-01	8.70787E+00	1.38269E+01
3.00000E-01	8.98876E+00	1.52508E+01
3.00000E-01	9.26966E+00	1.70127E+01
3.00000E-01	9.55056E+00	1.90084E+01
3.00000E-01	9.83146E+00	2.12745E+01
3.00000E-01	1.01124E+01	2.36416E+01
3.00000E-01	1.03933E+01	2.62903E+01
3.00000E-01	1.06742E+01	2.89470E+01
3.00000E-01	1.09551E+01	3.14779E+01
3.00000E-01	1.12360E+01	3.39677E+01
3.00000E-01	1.15169E+01	3.64843E+01
3.00000E-01	1.17978E+01	3.89370E+01
3.00000E-01	1.20787E+01	4.13060E+01
3.00000E-01	1.23596E+01	4.35973E+01
3.00000E-01	1.26404E+01	4.57282E+01
3.00000E-01	1.29213E+01	4.77766E+01
3.00000E-01	1.32022E+01	4.95277E+01
3.00000E-01	1.34831E+01	5.09523E+01
3.00000E-01	1.37640E+01	5.20980E+01
3.00000E-01	1.40449E+01	5.30527E+01
3.00000E-01	1.43258E+01	5.38864E+01
3.00000E-01	1.46067E+01	5.44175E+01
3.00000E-01	1.48876E+01	5.46577E+01
3.00000E-01	1.51685E+01	5.48322E+01
3.00000E-01	1.54494E+01	5.49943E+01
3.00000E-01	1.57303E+01	5.51249E+01
3.00000E-01	1.60112E+01	5.52772E+01
3.00000E-01	1.62921E+01	5.54062E+01
3.00000E-01	1.65730E+01	5.55031E+01
3.00000E-01	1.68539E+01	5.55391E+01
3.00000E-01	1.71348E+01	5.55475E+01
3.00000E-01	1.74157E+01	5.54920E+01
3.00000E-01	1.76966E+01	5.54056E+01
3.00000E-01	1.79775E+01	5.52531E+01
3.00000E-01	1.82584E+01	5.50528E+01
3.00000E-01	1.85393E+01	5.48313E+01
3.00000E-01	1.88202E+01	5.45753E+01
3.00000E-01	1.91011E+01	5.42689E+01
3.00000E-01	1.93820E+01	5.38936E+01
3.00000E-01	1.96629E+01	5.35207E+01
3.00000E-01	1.99438E+01	5.30580E+01
3.00000E-01	2.02247E+01	5.26021E+01
3.00000E-01	2.05056E+01	5.21179E+01
3.00000E-01	2.07865E+01	5.15993E+01
3.00000E-01	2.10674E+01	5.10342E+01
3.00000E-01	2.13483E+01	5.04790E+01
3.00000E-01	2.16292E+01	4.99448E+01
3.00000E-01	2.19101E+01	4.93909E+01
3.00000E-01	2.21910E+01	4.88568E+01
3.00000E-01	2.24719E+01	4.82149E+01
3.00000E-01	2.27528E+01	4.75696E+01
3.00000E-01	2.30337E+01	4.69431E+01
3.00000E-01	2.33146E+01	4.63392E+01
3.00000E-01	2.35955E+01	4.57516E+01
3.00000E-01	2.38764E+01	4.51672E+01
3.00000E-01	2.41573E+01	4.46176E+01
3.00000E-01	2.44382E+01	4.40787E+01
3.00000E-01	2.47191E+01	4.35602E+01
3.00000E-01	2.50000E+01	4.30589E+01
4.00000E-01	0.00000E+00	9.56533E-01
4.00000E-01	2.80899E-01	3.97918E-01
4.00000E-01	5.61798E-01	2.60598E-01
4.00000E-01	8.42697E-01	2.25885E-01
4.00000E-01	1.12360E+00	2.29091E-01
4.00000E-01	1.40449E+00	2.48286E-01
4.00000E-01	1.68539E+00	2.63378E-01
4.00000E-01	1.96629E+00	2.70125E-01
4.00000E-01	2.24719E+00	2.75224E-01
4.00000E-01	2.52809E+00	2.83310E-01
4.00000E-01	2.80899E+00	3.01591E-01
4.00000E-01	3.08989E+00	3.34283E-01
4.00000E-01	3.37079E+00	3.79501E-01
4.00000E-01	3.65169E+00	4.49882E-01
4.00000E-01	3.93258E+00	5.40066E-01
4.00000E-01	4.21348E+00	6.59825E-01
4.00000E-01	4.49438E+00	7.91517E-01
4.00000E-01	4.77528E+00	9.63239E-01
4.00000E-01	5.05618E+00	1.16766E+00
4.00000E-01	5.33708E+00	1.44044E+00
4.00000E-01	5.61798E+00	1.82649E+00
4.00000E-01	5.89888E+00	2.36654E+00
4.00000E-01	6.17978E+00	3.14102E+00
4.00000E-01	6.46067E+00	4.13127E+00
4.00000E-01	6.74157E+00	5.39987E+00
4.00000E-01	7.02247E+00	6.75125E+00
4.00000E-01	7.30337E+00	8.24881E+00
4.00000E-01	7.58427E+00	9.68078E+00
4.00000E-01	7.86517E+00	1.10429E+01
4.00000E-01	8.14607E+00	1.23531E+01
4.00000E-01	8.42697E+00	1.36644E+01
4.00000E-01	8.70787E+00	1.50433E+01
4.00000E-01	8.98876E+00	1.65948E+01
4.00000E-01	9.26966E+00	1.85069E+01
4.00000E-01	9.55056E+00	2.06801E+01
4.00000E-01	9.83146E+00	2.31415E+01
4.00000E-01	1.01124E+01	2.57222E+01
4.00000E-01	1.03933E+01	2.85991E+01
4.00000E-01	1.06742E+01	3.14875E+01
4.00000E-01	1.09551E+01	3.42398E+01
4.00000E-01	1.12360E+01	3.69500E+01
4.00000E-01	1.15169E+01	3.96850E+01
4.00000E-01	1.17978E+01	4.23526E+01
4.00000E-01	1.20787E+01	4.49299E+01
4.00000E-01	1.23596E+01	4.74201E+01
4.00000E-01	1.26404E+01	4.97405E+01
4.00000E-01	1.29213E+01	5.19644E+01
4.00000E-01	1.32022E+01	5.38701E+01
4.00000E-01	1.34831E+01	5.54192E+01
4.00000E-01	1.37640E+01	5.66659E+01
4.00000E-01	1.40449E+01	5.77043E+01
4.00000E-01	1.43258E+01	5.86090E+01
4.00000E-01	1.46067E+01	5.91869E+01
4.00000E-01	1.48876E+01	5.94507E+01
4.00000E-01	1.51685E+01	5.96416E+01
4.00000E-01	1.54494E+01	5.98168E+01
4.00000E-01	1.57303E+01	5.99601E+01
4.00000E-01	1.60112E+01	6.01249E+01
4.00000E-01	1.62921E+01	6.02653E+01
4.00000E-01	1.65730E+01	6.03693E+01
4.00000E-01	1.68539E+01	6.04094E+01
4.00000E-01	1.71348E+01	6.04178E+01
4.00000E-01	1.74157E+01	6.03587E+01
4.00000E-01	1.76966E+01	6.02638E+01
4.00000E-01	1.79775E+01	6.00982E+01
4.00000E-01	1.82584E+01	5.98805E+01
4.00000E-01	1.85393E+01	5.96389E+01
4.00000E-01	1.88202E+01	5.93608E+01
4.00000E-01	1.91011E+01	5.90271E+01
4.00000E-01	1.93820E+01	5.86205E+01
4.00000E-01	1.96629E+01	5.82128E+01
4.00000E-01	1.99438E+01	5.77118E+01
4.00000E-01	2.02247E+01	5.72144E+01
4.00000E-01	2.05056E+01	5.66881E+01
4.00000E-01	2.07865E+01	5.61231E+01
4.00000E-01	2.10674E+01	5.55094E+01
4.00000E-01	2.13483E+01	5.49063E+01
4.00000E-01	2.16292E+01	5.43241E+01
4.00000E-01	2.19101E+01	5.37232E+01
4.00000E-01	2.21910E+01	5.31392E+01
4.00000E-01	2.24719E+01	5.24433E+01
4.00000E-01	2.27528E+01	5.17411E+01
4.00000E-01	2.30337E+01	5.10598E+01
4.00000E-01	2.33146E+01	5.04032E+01
4.00000E-01	2.35955E+01	4.97637E+01
4.00000E-01	2.38764E+01	4.91286E+01
4.00000E-01	2.41573E+01	4.85301E+01
4.00000E-01	2.44382E+01	4.79445E+01
4.00000E-01	2.47191E+01	4.73801E+01
4.00000E-01	2.50000E+01	4.68353E+01
5.00000E-01	0.00000E+00	9.42900E-01
5.00000E-01	2.80899E-01	4.28319E-01
5.00000E-01	5.61798E-01	2.82968E-01
5.00000E-01	8.42697E-01	2.46018E-01
5.00000E-01	1.12360E+00	2.49579E-01
5.00000E-01	1.40449E+00	2.70143E-01
5.00000E-01	1.68539E+00	2.86396E-01
5.00000E-01	1.96629E+00	2.93834E-01
5.00000E-01	2.24719E+00	2.99408E-01
5.00000E-01	2.52809E+00	3.08317E-01
5.00000E-01	2.80899E+00	3.28359E-01
5.00000E-01	3.08989E+00	3.63986E-01
5.00000E-01	3.37079E+00	4.13425E-01
5.00000E-01	3.65169E+00	4.89895E-01
5.00000E-01	3.93258E+00	5.88311E-01
5.00000E-01	4.21348E+00	7.17960E-01
5.00000E-01	4.49438E+00	8.62014E-01
5.00000E-01	4.77528E+00	1.04812E+00
5.00000E-01	5.05618E+00	1.27165E+00
5.00000E-01	5.33708E+00	1.56888E+00
5.00000E-01	5.61798E+00	1.99017E+00
5.00000E-01	5.89888E+00	2.57953E+00
5.00000E-01	6.17978E+00	3.42128E+00
5.00000E-01	6.46067E+00	4.50000E+00
5.00000E-01	6.74157E+00	5.87454E+00
5.00000E-01	7.02247E+00	7.34786E+00
5.00000E-01	7.30337E+00	8.97117E+00
5.00000E-01	7.58427E+00	1.05308E+01
5.00000E-01	7.86517E+00	1.20107E+01
5.00000E-01	8.14607E+00	1.34380E+01
5.00000E-01	8.42697E+00	1.48647E+01
5.00000E-01	8.70787E+00	1.63650E+01
5.00000E-01	8.98876E+00	1.80565E+01
5.00000E-01	9.26966E+00	2.01313E+01
5.00000E-01	9.55056E+00	2.24977E+01
5.00000E-01	9.83146E+00	2.51701E+01
5.00000E-01	1.01124E+01	2.79833E+01
5.00000E-01	1.03933E+01	3.11069E+01
5.00000E-01	1.06742E+01	3.42460E+01
5.00000E-01	1.09551E+01	3.72392E+01
5.00000E-01	1.12360E+01	4.01889E+01
5.00000E-01	1.15169E+01	4.31606E+01
5.00000E-01	1.17978E+01	4.60614E+01
5.00000E-01	1.20787E+01	4.88648E+01
5.00000E-01	1.23596E+01	5.15703E+01
5.00000E-01	1.26404E+01	5.40969E+01
5.00000E-01	1.29213E+01	5.65103E+01
5.00000E-01	1.32022E+01	5.85835E+01
5.00000E-01	1.34831E+01	6.02678E+01
5.00000E-01	1.37640E+01	6.16246E+01
5.00000E-01	1.40449E+01	6.27543E+01
5.00000E-01	1.43258E+01	6.37351E+01
5.00000E-01	1.46067E+01	6.43638E+01
5.00000E-01	1.48876E+01	6.46543E+01
5.00000E-01	1.51685E+01	6.48630E+01
5.00000E-01	1.54494E+01	6.50523E+01
5.00000E-01	1.57303E+01	6.52097E+01
5.00000E-01	1.60112E+01	6.53880E+01
5.00000E-01	1.62921E+01	6.55406E+01
5.00000E-01	1.65730E+01	6.56524E+01
5.00000E-01	1.68539E+01	6.56969E+01
5.00000E-01	1.71348E+01	6.57051E+01
5.00000E-01	1.74157E+01	6.56423E+01
5.00000E-01	1.76966E+01	6.55380E+01
5.00000E-01	1.79775E+01	6.53582E+01
5.00000E-01	1.82584E+01	6.51217E+01
5.00000E-01	1.85393E+01	6.48583E+01
5.00000E-01	1.88202E+01	6.45562E+01
5.00000E-01	1.91011E+01	6.41926E+01
5.00000E-01	1.93820E+01	6.37523E+01
5.00000E-01	1.96629E+01	6.33064E+01
5.00000E-01	1.99438E+01	6.27643E+01
5.00000E-01	2.02247E+01	6.22216E+01
5.00000E-01	2.05056E+01	6.16496E+01
5.00000E-01	2.07865E+01	6.10343E+01
5.00000E-01	2.10674E+01	6.03680E+01
5.00000E-01	2.13483E+01	5.97128E+01
5.00000E-01	2.16292E+01	5.90785E+01
5.00000E-01	2.19101E+01	5.84268E+01
5.00000E-01	2.21910E+01	5.77879E+01
5.00000E-01	2.24719E+01	5.70339E+01
5.00000E-01	2.27528E+01	5.62700E+01
5.00000E-01	2.30337E+01	5.55293E+01
5.00000E-01	2.33146E+01	5.48154E+01
5.00000E-01	2.35955E+01	5.41196E+01
5.00000E-01	2.38764E+01	5.34297E+01
5.00000E-01	2.41573E+01	5.27778E+01
5.00000E-01	2.44382E+01	5.21416E+01
5.00000E-01	2.47191E+01	5.15273E+01
5.00000E-01	2.50000E+01	5.09353E+01
6.00000E-01	0.00000E+00	9.30028E-01
6.00000E-01	2.80899E-01	4.59813E-01
6.00000E-01	5.61798E-01	3.06252E-01
6.00000E-01	8.42697E-01	2.67281E-01
6.00000E-01	1.12360E+00	2.71258E-01
6.00000E-01	1.40449E+00	2.93171E-01
6.00000E-01	1.68539E+00	3.10609E-01
6.00000E-01	1.96629E+00	3.18788E-01
6.00000E-01	2.24719E+00	3.24888E-01
6.00000E-01	2.52809E+00	3.34725E-01
6.00000E-01	2.80899E+00	3.56648E-01
6.00000E-01	3.08989E+00	3.95369E-01
6.00000E-01	3.37079E+00	4.49324E-01
6.00000E-01	3.65169E+00	5.32199E-01
6.00000E-01	3.93258E+00	6.39354E-01
6.00000E-01	4.21348E+00	7.79355E-01
6.00000E-01	4.49438E+00	9.36586E-01
6.00000E-01	4.77528E+00	1.13788E+00
6.00000E-01	5.05618E+00	1.38171E+00
6.00000E-01	5.33708E+00	1.70495E+00
6.00000E-01	5.61798E+00	2.16362E+00
6.00000E-01	5.89888E+00	2.80527E+00
6.00000E-01	6.17978E+00	3.71795E+00
6.00000E-01	6.46067E+00	4.89036E+00
6.00000E-01	6.74157E+00	6.37563E+00
6.00000E-01	7.02247E+00	7.97752E+00
6.00000E-01	7.30337E+00	9.73216E+00
6.00000E-01	7.58427E+00	1.14258E+01
6.00000E-01	7.86517E+00	1.30297E+01
6.00000E-01	8.14607E+00	1.45802E+01
6.00000E-01	8.42697E+00	1.61289E+01
6.00000E-01	8.70787E+00	1.77575E+01
6.00000E-01	8.98876E+00	1.95976E+01
6.00000E-01	9.26966E+00	2.18436E+01
6.00000E-01	9.55056E+00	2.44134E+01
6.00000E-01	9.83146E+00	2.73072E+01
6.00000E-01	1.01124E+01	3.03657E+01
6.00000E-01	1.03933E+01	3.37473E+01
6.00000E-01	1.06742E+01	3.71493E+01
6.00000E-01	1.09551E+01	4.03967E+01
6.00000E-01	1.12360E+01	4.35988E+01
6.00000E-01	1.15169E+01	4.68192E+01
6.00000E-01	1.17978E+01	4.99652E+01
6.00000E-01	1.20787E+01	5.30065E+01
6.00000E-01	1.23596E+01	5.59382E+01
6.00000E-01	1.26404E+01	5.86817E+01
6.00000E-01	1.29213E+01	6.12933E+01
6.00000E-01	1.32022E+01	6.35425E+01
6.00000E-01	1.34831E+01	6.53691E+01
6.00000E-01	1.37640E+01	6.68423E+01
6.00000E-01	1.40449E+01	6.80687E+01
6.00000E-01	1.43258E+01	6.91283E+01
6.00000E-01	1.46067E+01	6.98105E+01
6.00000E-01	1.48876E+01	7.01303E+01
6.00000E-01	1.51685E+01	7.03580E+01
6.00000E-01	1.54494E+01	7.05622E+01
6.00000E-01	1.57303E+01	7.07347E+01
6.00000E-01	1.60112E+01	7.09268E+01
6.00000E-01	1.62921E+01	7.10922E+01
6.00000E-01	1.65730E+01	7.12122E+01
6.00000E-01	1.68539E+01	7.12614E+01
6.00000E-01	1.71348E+01	7.12693E+01
6.00000E-01	1.74157E+01	7.12025E+01
6.00000E-01	1.76966E+01	7.10882E+01
6.00000E-01	1.79775E+01	7.08935E+01
6.00000E-01	1.82584E+01	7.06373E+01
6.00000E-01	1.85393E+01	7.03512E+01
6.00000E-01	1.88202E+01	7.00234E+01
6.00000E-01	1.91011E+01	6.96284E+01
6.00000E-01	1.93820E+01	6.91530E+01
6.00000E-01	1.96629E+01	6.86665E+01
6.00000E-01	1.99438E+01	6.80815E+01
6.00000E-01	2.02247E+01	6.74910E+01
6.00000E-01	2.05056E+01	6.68708E+01
6.00000E-01	2.07865E+01	6.62026E+01
6.00000E-01	2.10674E+01	6.54813E+01
6.00000E-01	2.13483E+01	6.47713E+01
6.00000E-01	2.16292E+01	6.40818E+01
6.00000E-01	2.19101E+01	6.33768E+01
6.00000E-01	2.21910E+01	6.26795E+01
6.00000E-01	2.24719E+01	6.18650E+01
6.00000E-01	2.27528E+01	6.10363E+01
6.00000E-01	2.30337E+01	6.02330E+01
6.00000E-01	2.33146E+01	5.94588E+01
6.00000E-01	2.35955E+01	5.87037E+01
6.00000E-01	2.38764E+01	5.79562E+01
6.00000E-01	2.41573E+01	5.72481E+01
6.00000E-01	2.44382E+01	5.65586E+01
6.00000E-01	2.47191E+01	5.58919E+01
6.00000E-01	2.50000E+01	5.52503E+01
7.00000E-01	0.00000E+00	9.18771E-01
7.00000E-01	2.80899E-01	4.90593E-01
7.00000E-01	5.61798E-01	3.29996E-01
7.00000E-01	8.42697E-01	2.89209E-01
7.00000E-01	1.12360E+00	2.93668E-01
7.00000E-01	1.40449E+00	3.16872E-01
7.00000E-01	1.68539E+00	3.35484E-01
7.00000E-01	1.96629E+00	3.44442E-01
7.00000E-01	2.24719E+00	3.51119E-01
7.00000E-01	2.52809E+00	3.61976E-01
7.00000E-01	2.80899E+00	3.85871E-01
7.00000E-01	3.08989E+00	4.27780E-01
7.00000E-01	3.37079E+00	4.86469E-01
7.00000E-01	3.65169E+00	5.75935E-01
7.00000E-01	3.93258E+00	6.92137E-01
7.00000E-01	4.21348E+00	8.42753E-01
7.00000E-01	4.49438E+00	1.01367E+00
7.00000E-01	4.77528E+00	1.23067E+00
7.00000E-01	5.05618E+00	1.49555E+00
7.00000E-01	5.33708E+00	1.84594E+00
7.00000E-01	5.61798E+00	2.34336E+00
7.00000E-01	5.89888E+00	3.03932E+00
7.00000E-01	6.17978E+00	4.02509E+00
7.00000E-01	6.46067E+00	5.29429E+00
7.00000E-01	6.74157E+00	6.89271E+00
7.00000E-01	7.02247E+00	8.62675E+00
7.00000E-01	7.30337E+00	1.05154E+01
7.00000E-01	7.58427E+00	1.23462E+01
7.00000E-01	7.86517E+00	1.40779E+01
7.00000E-01	8.14607E+00	1.57551E+01
7.00000E-01	8.42697E+00	1.74296E+01
7.00000E-01	8.70787E+00	1.91910E+01
7.00000E-01	8.98876E+00	2.11851E+01
7.00000E-01	9.26966E+00	2.36072E+01
7.00000E-01	9.55056E+00	2.63860E+01
7.00000E-01	9.83146E+00	2.95068E+01
7.00000E-01	1.01124E+01	3.28178E+01
7.00000E-01	1.03933E+01	3.64631E+01
7.00000E-01	1.06742E+01	4.01343E+01
7.00000E-01	1.09551E+01	4.36436E+01
7.00000E-01	1.12360E+01	4.71054E+01
7.00000E-01	1.15169E+01	5.05809E+01
7.00000E-01	1.17978E+01	5.39787E+01
7.00000E-01	1.20787E+01	5.72645E+01
7.00000E-01	1.23596E+01	6.04282E+01
7.00000E-01	1.26404E+01	6.33948E+01
7.00000E-01	1.29213E+01	6.62088E+01
7.00000E-01	1.32022E+01	6.86382E+01
7.00000E-01	1.34831E+01	7.06116E+01
7.00000E-01	1.37640E+01	7.22050E+01
7.00000E-01	1.40449E+01	7.35312E+01
7.00000E-01	1.43258E+01	7.46705E+01
7.00000E-01	1.46067E+01	7.54076E+01
7.00000E-01	1.48876E+01	7.57588E+01
7.00000E-01	1.51685E+01	7.60064E+01
7.00000E-01	1.54494E+01	7.62259E+01
7.00000E-01	1.57303E+01	7.64140E+01
7.00000E-01	1.60112E+01	7.66203E+01
7.00000E-01	1.62921E+01	7.67988E+01
7.00000E-01	1.65730E+01	7.69270E+01
7.00000E-01	1.68539E+01	7.69813E+01
7.00000E-01	1.71348E+01	7.69885E+01
7.00000E-01	1.74157E+01	7.69177E+01
7.00000E-01	1.76966E+01	7.67930E+01
7.00000E-01	1.79775E+01	7.65831E+01
7.00000E-01	1.82584E+01	7.63069E+01
7.00000E-01	1.85393E+01	7.59973E+01
7.00000E-01	1.88202E+01	7.56430E+01
7.00000E-01	1.91011E+01	7.52155E+01
7.00000E-01	1.93820E+01	7.47042E+01
7.00000E-01	1.96629E+01	7.41756E+01
7.00000E-01	1.99438E+01	7.35469E+01
7.00000E-01	2.02247E+01	7.29073E+01
7.00000E-01	2.05056E+01	7.22375E+01
7.00000E-01	2.07865E+01	7.15149E+01
7.00000E-01	2.10674E+01	7.07374E+01
7.00000E-01	2.13483E+01	6.99710E+01
7.00000E-01	2.16292E+01	6.92247E+01
7.00000E-01	2.19101E+01	6.84648E+01
7.00000E-01	2.21910E+01	6.77071E+01
7.00000E-01	2.24719E+01	6.68307E+01
7.00000E-01	2.27528E+01	6.59358E+01
7.00000E-01	2.30337E+01	6.50682E+01
7.00000E-01	2.33146E+01	6.42319E+01
7.00000E-01	2.35955E+01	6.34157E+01
7.00000E-01	2.38764E+01	6.26092E+01
7.00000E-01	2.41573E+01	6.18432E+01
7.00000E-01	2.44382E+01	6.10990E+01
7.00000E-01	2.47191E+01	6.03784E+01
7.00000E-01	2.50000E+01	5.96858E+01
8.00000E-01	0.00000E+00	9.09314E-01
8.00000E-01	2.80899E-01	5.19138E-01
8.00000E-01	5.61798E-01	3.53985E-01
8.00000E-01	8.42697E-01	3.11473E-01
8.00000E-01	1.12360E+00	3.16471E-01
8.00000E-01	1.40449E+00	3.40887E-01
8.00000E-01	1.68539E+00	3.60640E-01
8.00000E-01	1.96629E+00	3.70406E-01
8.00000E-01	2.24719E+00	3.77715E-01
8.00000E-01	2.52809E+00	3.89677E-01
8.00000E-01	2.80899E+00	4.15615E-01
8.00000E-01	3.08989E+00	4.60766E-01
8.00000E-01	3.37079E+00	5.24349E-01
8.00000E-01	3.65169E+00	6.20507E-01
8.00000E-01	3.93258E+00	7.45914E-01
8.00000E-01	4.21348E+00	9.07275E-01
8.00000E-01	4.49438E+00	1.09217E+00
8.00000E-01	4.77528E+00	1.32522E+00
8.00000E-01	5.05618E+00	1.61161E+00
8.00000E-01	5.33708E+00	1.98997E+00
8.00000E-01	5.61798E+00	2.52699E+00
8.00000E-01	5.89888E+00	3.27856E+00
8.00000E-01	6.17978E+00	4.33859E+00
8.00000E-01	6.46067E+00	5.70609E+00
8.00000E-01	6.74157E+00	7.41840E+00
8.00000E-01	7.02247E+00	9.28592E+00
8.00000E-01	7.30337E+00	1.13093E+01
8.00000E-01	7.58427E+00	1.32782E+01
8.00000E-01	7.86517E+00	1.51394E+01
8.00000E-01	8.14607E+00	1.69450E+01
8.00000E-01	8.42697E+00	1.87473E+01
8.00000E-01	8.70787E+00	2.06443E+01
8.00000E-01	8.98876E+00	2.27954E+01
8.00000E-01	9.26966E+00	2.53961E+01
8.00000E-01	9.55056E+00	2.83861E+01
8.00000E-01	9.83146E+00	3.17360E+01
8.00000E-01	1.01124E+01	3.53028E+01
8.00000E-01	1.03933E+01	3.92135E+01
8.00000E-01	1.06742E+01	4.31560E+01
8.00000E-01	1.09551E+01	4.69309E+01
8.00000E-01	1.12360E+01	5.06557E+01
8.00000E-01	1.15169E+01	5.43890E+01
8.00000E-01	1.17978E+01	5.80413E+01
8.00000E-01	1.20787E+01	6.15742E+01
8.00000E-01	1.23596E+01	6.49724E+01
8.00000E-01	1.26404E+01	6.81646E+01
8.00000E-01	1.29213E+01	7.11823E+01
8.00000E-01	1.32022E+01	7.37931E+01
8.00000E-01	1.34831E+01	7.59153E+01
8.00000E-01	1.37640E+01	7.76309E+01
8.00000E-01	1.40449E+01	7.90585E+01
8.00000E-01	1.43258E+01	8.02772E+01
8.00000E-01	1.46067E+01	8.10698E+01
8.00000E-01	1.48876E+01	8.14544E+01
8.00000E-01	1.51685E+01	8.17225E+01
8.00000E-01	1.54494E+01	8.19576E+01
8.00000E-01	1.57303E+01	8.21618E+01
8.00000E-01	1.60112E+01	8.23820E+01
8.00000E-01	1.62921E+01	8.25736E+01
8.00000E-01	1.65730E+01	8.27102E+01
8.00000E-01	1.68539E+01	8.27696E+01
8.00000E-01	1.71348E+01	8.27760E+01
8.00000E-01	1.74157E+01	8.27011E+01
8.00000E-01	1.76966E+01	8.25657E+01
8.00000E-01	1.79775E+01	8.23405E+01
8.00000E-01	1.82584E+01	8.20443E+01
8.00000E-01	1.85393E+01	8.17109E+01
8.00000E-01	1.88202E+01	8.13294E+01
8.00000E-01	1.91011E+01	8.08691E+01
8.00000E-01	1.93820E+01	8.03219E+01
8.00000E-01	1.96629E+01	7.97503E+01
8.00000E-01	1.99438E+01	7.90776E+01
8.00000E-01	2.02247E+01	7.83883E+01
8.00000E-01	2.05056E+01	7.76681E+01
8.00000E-01	2.07865E+01	7.68905E+01
8.00000E-01	2.10674E+01	7.60565E+01
8.00000E-01	2.13483E+01	7.52331E+01
8.00000E-01	2.16292E+01	7.44292E+01
8.00000E-01	2.19101E+01	7.36137E+01
8.00000E-01	2.21910E+01	7.27943E+01
8.00000E-01	2.24719E+01	7.18557E+01
8.00000E-01	2.27528E+01	7.08941E+01
8.00000E-01	2.30337E+01	6.99614E+01
8.00000E-01	2.33146E+01	6.90622E+01
8.00000E-01	2.35955E+01	6.81843E+01
8.00000E-01	2.38764E+01	6.73182E+01
8.00000E-01	2.41573E+01	6.64936E+01
8.00000E-01	2.44382E+01	6.56939E+01
8.00000E-01	2.47191E+01	6.49189E+01
8.00000E-01	2.50000E+01	6.41746E+01
9.00000E-01	0.00000E+00	9.01555E-01
9.00000E-01	2.80899E-01	5.44792E-01
9.00000E-01	5.61798E-01	3.78126E-01
9.00000E-01	8.42697E-01	3.33862E-01
9.00000E-01	1.12360E+00	3.39432E-01
9.00000E-01	1.40449E+00	3.64969E-01
9.00000E-01	1.68539E+00	3.85813E-01
9.00000E-01	1.96629E+00	3.96411E-01
9.00000E-01	2.24719E+00	4.04410E-01
9.00000E-01	2.52809E+00	4.17556E-01
9.00000E-01	2.80899E+00	4.45596E-01
9.00000E-01	3.08989E+00	4.94021E-01
9.00000E-01	3.37079E+00	5.62613E-01
9.00000E-01	3.65169E+00	6.65511E-01
9.00000E-01	3.93258E+00	8.00177E-01
9.00000E-01	4.21348E+00	9.72328E-01
9.00000E-01	4.49438E+00	1.17133E+00
9.00000E-01	4.77528E+00	1.42063E+00
9.00000E-01	5.05618E+00	1.72881E+00
9.00000E-01	5.33708E+00	2.13576E+00
9.00000E-01	5.61798E+00	2.71293E+00
9.00000E-01	5.89888E+00	3.52089E+00
9.00000E-01	6.17978E+00	4.65568E+00
9.00000E-01	6.46067E+00	6.12185E+00
9.00000E-01	6.74157E+00	7.94770E+00
9.00000E-01	7.02247E+00	9.94837E+00
9.00000E-01	7.30337E+00	1.21057E+01
9.00000E-01	7.58427E+00	1.42122E+01
9.00000E-01	7.86517E+00	1.62036E+01
9.00000E-01	8.14607E+00	1.81377E+01
9.00000E-01	8.42697E+00	2.00688E+01
9.00000E-01	8.70787E+00	2.21028E+01
9.00000E-01	8.98876E+00	2.44123E+01
9.00000E-01	9.26966E+00	2.71922E+01
9.00000E-01	9.55056E+00	3.03932E+01
9.00000E-01	9.83146E+00	3.39724E+01
9.00000E-01	1.01124E+01	3.77954E+01
9.00000E-01	1.03933E+01	4.19703E+01
9.00000E-01	1.06742E+01	4.61831E+01
9.00000E-01	1.09551E+01	5.02248E+01
9.00000E-01	1.12360E+01	5.42130E+01
9.00000E-01	1.15169E+01	5.82041E+01
9.00000E-01	1.17978E+01	6.21109E+01
9.00000E-01	1.20787E+01	6.58910E+01
9.00000E-01	1.23596E+01	6.95236E+01
9.00000E-01	1.26404E+01	7.29414E+01
9.00000E-01	1.29213E+01	7.61618E+01
9.00000E-01	1.32022E+01	7.89534E+01
9.00000E-01	1.34831E+01	8.12251E+01
9.00000E-01	1.37640E+01	8.30637E+01
9.00000E-01	1.40449E+01	8.45931E+01
9.00000E-01	1.43258E+01	8.58900E+01
9.00000E-01	1.46067E+01	8.67381E+01
9.00000E-01	1.48876E+01	8.71577E+01
9.00000E-01	1.51685E+01	8.74469E+01
9.00000E-01	1.54494E+01	8.76978E+01
9.00000E-01	1.57303E+01	8.79181E+01
9.00000E-01	1.60112E+01	8.81522E+01
9.00000E-01	1.62921E+01	8.83566E+01
9.00000E-01	1.65730E+01	8.85016E+01
9.00000E-01	1.68539E+01	8.85661E+01
9.00000E-01	1.71348E+01	8.85717E+01
9.00000E-01	1.74157E+01	8.84926E+01
9.00000E-01	1.76966E+01	8.83464E+01
9.00000E-01	1.79775E+01	8.81059E+01
9.00000E-01	1.82584E+01	8.77898E+01
9.00000E-01	1.85393E+01	8.74326E+01
9.00000E-01	1.88202E+01	8.70237E+01
9.00000E-01	1.91011E+01	8.65305E+01
9.00000E-01	1.93820E+01	8.59473E+01
9.00000E-01	1.96629E+01	8.53325E+01
9.00000E-01	1.99438E+01	8.46161E+01
9.00000E-01	2.02247E+01	8.38772E+01
9.00000E-01	2.05056E+01	8.31062E+01
9.00000E-01	2.07865E+01	8.22736E+01
9.00000E-01	2.10674E+01	8.13834E+01
9.00000E-01	2.13483E+01	8.05028E+01
9.00000E-01	2.16292E+01	7.96412E+01
9.00000E-01	2.19101E+01	7.87698E+01
9.00000E-01	2.21910E+01	7.78883E+01
9.00000E-01	2.24719E+01	7.68876E+01
9.00000E-01	2.27528E+01	7.58597E+01
9.00000E-01	2.30337E+01	7.48619E+01
9.00000E-01	2.33146E+01	7.38995E+01
9.00000E-01	2.35955E+01	7.29597E+01
9.00000E-01	2.38764E+01	7.20341E+01
9.00000E-01	2.41573E+01	7.11509E+01
9.00000E-01	2.44382E+01	7.02956E+01
9.00000E-01	2.47191E+01	6.94662E+01
9.00000E-01	2.50000E+01	6.86701E+01
1.00000E+00	0.00000E+00	8.95294E-01
1.00000E+00	2.80899E-01	5.67651E-01
1.00000E+00	5.61798E-01	4.02338E-01
1.00000E+00	8.42697E-01	3.56256E-01
1.00000E+00	1.12360E+00	3.62378E-01
1.00000E+00	1.40449E+00	3.88937E-01
1.00000E+00	1.68539E+00	4.10817E-01
1.00000E+00	1.96629E+00	4.22269E-01
1.00000E+00	2.24719E+00	4.31018E-01
1.00000E+00	2.52809E+00	4.45425E-01
1.00000E+00	2.80899E+00	4.75619E-01
1.00000E+00	3.08989E+00	5.27341E-01
1.00000E+00	3.37079E+00	6.01024E-01
1.00000E+00	3.65169E+00	7.10673E-01
1.00000E+00	3.93258E+00	8.54575E-01
1.00000E+00	4.21348E+00	1.03751E+00
1.00000E+00	4.49438E+00	1.25063E+00
1.00000E+00	4.77528E+00	1.51633E+00
1.00000E+00	5.05618E+00	1.84643E+00
1.00000E+00	5.33708E+00	2.28245E+00
1.00000E+00	5.61798E+00	2.90011E+00
1.00000E+00	5.89888E+00	3.76489E+00
1.00000E+00	6.17978E+00	4.97449E+00
1.00000E+00	6.46067E+00	6.53887E+00
1.00000E+00	6.74157E+00	8.47712E+00
1.00000E+00	7.02247E+00	1.06095E+01
1.00000E+00	7.30337E+00	1.28992E+01
1.00000E+00	7.58427E+00	1.51414E+01
1.00000E+00	7.86517E+00	1.72628E+01
1.00000E+00	8.14607E+00	1.93248E+01
1.00000E+00	8.42697E+00	2.13848E+01
1.00000E+00	8.70787E+00	2.35563E+01
1.00000E+00	8.98876E+00	2.60243E+01
1.00000E+00	9.26966E+00	2.89829E+01
1.00000E+00	9.55056E+00	3.23932E+01
1.00000E+00	9.83146E+00	3.62001E+01
1.00000E+00	1.01124E+01	4.02778E+01
1.00000E+00	1.03933E+01	4.47138E+01
1.00000E+00	1.06742E+01	4.91940E+01
1.00000E+00	1.09551E+01	5.35014E+01
1.00000E+00	1.12360E+01	5.77515E+01
1.00000E+00	1.15169E+01	6.19986E+01
1.00000E+00	1.17978E+01	6.61580E+01
1.00000E+00	1.20787E+01	7.01834E+01
1.00000E+00	1.23596E+01	7.40489E+01
1.00000E+00	1.26404E+01	7.76902E+01
1.00000E+00	1.29213E+01	8.11110E+01
1.00000E+00	1.32022E+01	8.40813E+01
1.00000E+00	1.34831E+01	8.65020E+01
1.00000E+00	1.37640E+01	8.84635E+01
1.00000E+00	1.40449E+01	9.00943E+01
1.00000E+00	1.43258E+01	9.14678E+01
1.00000E+00	1.46067E+01	9.23710E+01
1.00000E+00	1.48876E+01	9.28269E+01
1.00000E+00	1.51685E+01	9.31377E+01
1.00000E+00	1.54494E+01	9.34047E+01
1.00000E+00	1.57303E+01	9.36411E+01
1.00000E+00	1.60112E+01	9.38888E+01
1.00000E+00	1.62921E+01	9.41057E+01
1.00000E+00	1.65730E+01	9.42589E+01
1.00000E+00	1.68539E+01	9.43286E+01
1.00000E+00	1.71348E+01	9.43332E+01
1.00000E+00	1.74157E+01	9.42499E+01
1.00000E+00	1.76966E+01	9.40929E+01
1.00000E+00	1.79775E+01	9.38372E+01
1.00000E+00	1.82584E+01	9.35016E+01
1.00000E+00	1.85393E+01	9.31205E+01
1.00000E+00	1.88202E+01	9.26842E+01
1.00000E+00	1.91011E+01	9.21583E+01
1.00000E+00	1.93820E+01	9.15395E+01
1.00000E+00	1.96629E+01	9.08816E+01
1.00000E+00	1.99438E+01	9.01219E+01
1.00000E+00	2.02247E+01	8.93337E+01
1.00000E+00	2.05056E+01	8.85120E+01
1.00000E+00	2.07865E+01	8.76249E+01
1.00000E+00	2.10674E+01	8.66791E+01
1.00000E+00	2.13483E+01	8.57417E+01
1.00000E+00	2.16292E+01	8.48226E+01
1.00000E+00	2.19101E+01	8.38953E+01
1.00000E+00	2.21910E+01	8.29519E+01
1.00000E+00	2.24719E+01	8.18898E+01
1.00000E+00	2.27528E+01	8.07963E+01
1.00000E+00	2.30337E+01	7.97339E+01
1.00000E+00	2.33146E+01	7.87087E+01
1.00000E+00	2.35955E+01	7.77074E+01
1.00000E+00	2.38764E+01	7.67226E+01
1.00000E+00	2.41573E+01	7.57811E+01
1.00000E+00	2.44382E+01	7.48704E+01
1.00000E+00	2.47191E+01	7.39871E+01
1.00000E+00	2.50000E+01	7.31394E+01
1.50000E+00	0.00000E+00	8.79706E-01
1.50000E+00	2.80899E-01	6.55781E-01
1.50000E+00	5.61798E-01	5.18954E-01
1.50000E+00	8.42697E-01	4.67113E-01
1.50000E+00	1.12360E+00	4.73845E-01
1.50000E+00	1.40449E+00	5.03561E-01
1.50000E+00	1.68539E+00	5.29679E-01
1.50000E+00	1.96629E+00	5.45658E-01
1.50000E+00	2.24719E+00	5.59181E-01
1.50000E+00	2.52809E+00	5.81013E-01
1.50000E+00	2.80899E+00	6.22656E-01
1.50000E+00	3.08989E+00	6.91184E-01
1.50000E+00	3.37079E+00	7.90734E-01
1.50000E+00	3.65169E+00	9.33724E-01
1.50000E+00	3.93258E+00	1.12212E+00
1.50000E+00	4.21348E+00	1.35781E+00
1.50000E+00	4.49438E+00	1.63988E+00
1.50000E+00	4.77528E+00	1.98817E+00
1.50000E+00	5.05618E+00	2.42855E+00
1.50000E+00	5.33708E+00	3.01408E+00
1.50000E+00	5.61798E+00	3.83601E+00
1.50000E+00	5.89888E+00	4.98396E+00
1.50000E+00	6.17978E+00	6.55892E+00
1.50000E+00	6.46067E+00	8.59086E+00
1.50000E+00	6.74157E+00	1.10589E+01
1.50000E+00	7.02247E+00	1.38039E+01
1.50000E+00	7.30337E+00	1.67118E+01
1.50000E+00	7.58427E+00	1.95878E+01
1.50000E+00	7.86517E+00	2.23334E+01
1.50000E+00	8.14607E+00	2.50104E+01
1.50000E+00	8.42697E+00	2.76986E+01
1.50000E+00	8.70787E+00	3.05491E+01
1.50000E+00	8.98876E+00	3.37887E+01
1.50000E+00	9.26966E+00	3.76083E+01
1.50000E+00	9.55056E+00	4.20082E+01
1.50000E+00	9.83146E+00	4.68992E+01
1.50000E+00	1.01124E+01	5.21823E+01
1.50000E+00	1.03933E+01	5.78417E+01
1.50000E+00	1.06742E+01	6.35756E+01
1.50000E+00	1.09551E+01	6.91534E+01
1.50000E+00	1.12360E+01	7.46515E+01
1.50000E+00	1.15169E+01	8.01138E+01
1.50000E+00	1.17978E+01	8.54696E+01
1.50000E+00	1.20787E+01	9.06564E+01
1.50000E+00	1.23596E+01	9.56267E+01
1.50000E+00	1.26404E+01	1.00321E+02
1.50000E+00	1.29213E+01	1.04679E+02
1.50000E+00	1.32022E+01	1.08485E+02
1.50000E+00	1.34831E+01	1.11620E+02
1.50000E+00	1.37640E+01	1.14176E+02
1.50000E+00	1.40449E+01	1.16290E+02
1.50000E+00	1.43258E+01	1.18015E+02
1.50000E+00	1.46067E+01	1.19182E+02
1.50000E+00	1.48876E+01	1.19832E+02
1.50000E+00	1.51685E+01	1.20258E+02
1.50000E+00	1.54494E+01	1.20607E+02
1.50000E+00	1.57303E+01	1.20922E+02
1.50000E+00	1.60112E+01	1.21232E+02
1.50000E+00	1.62921E+01	1.21504E+02
1.50000E+00	1.65730E+01	1.21695E+02
1.50000E+00	1.68539E+01	1.21788E+02
1.50000E+00	1.71348E+01	1.21788E+02
1.50000E+00	1.74157E+01	1.21683E+02
1.50000E+00	1.76966E+01	1.21473E+02
1.50000E+00	1.79775E+01	1.21147E+02
1.50000E+00	1.82584E+01	1.20720E+02
1.50000E+00	1.85393E+01	1.20225E+02
1.50000E+00	1.88202E+01	1.19654E+02
1.50000E+00	1.91011E+01	1.18973E+02
1.50000E+00	1.93820E+01	1.18184E+02
1.50000E+00	1.96629E+01	1.17322E+02
1.50000E+00	1.99438E+01	1.16356E+02
1.50000E+00	2.02247E+01	1.15336E+02
1.50000E+00	2.05056E+01	1.14269E+02
1.50000E+00	2.07865E+01	1.13124E+02
1.50000E+00	2.10674E+01	1.11917E+02
1.50000E+00	2.13483E+01	1.10710E+02
1.50000E+00	2.16292E+01	1.09517E+02
1.50000E+00	2.19101E+01	1.08318E+02
1.50000E+00	2.21910E+01	1.07077E+02
1.50000E+00	2.24719E+01	1.05724E+02
1.50000E+00	2.27528E+01	1.04326E+02
1.50000E+00	2.30337E+01	1.02957E+02
1.50000E+00	2.33146E+01	1.01631E+02
1.50000E+00	2.35955E+01	1.00337E+02
1.50000E+00	2.38764E+01	9.90709E+01
1.50000E+00	2.41573E+01	9.78526E+01
1.50000E+00	2.44382E+01	9.66769E+01
1.50000E+00	2.47191E+01	9.55377E+01
1.50000E+00	2.50000E+01	9.44435E+01
2.00000E+00	0.00000E+00	8.79189E-01
2.00000E+00	2.80899E-01	7.22988E-01
2.00000E+00	5.61798E-01	6.15964E-01
2.00000E+00	8.42697E-01	5.73045E-01
2.00000E+00	1.12360E+00	5.77358E-01
2.00000E+00	1.40449E+00	6.05796E-01
2.00000E+00	1.68539E+00	6.34027E-01
2.00000E+00	1.96629E+00	6.54750E-01
2.00000E+00	2.24719E+00	6.74775E-01
2.00000E+00	2.52809E+00	7.05834E-01
2.00000E+00	2.80899E+00	7.60083E-01
2.00000E+00	3.08989E+00	8.46104E-01
2.00000E+00	3.37079E+00	9.71056E-01
2.00000E+00	3.65169E+00	1.14584E+00
2.00000E+00	3.93258E+00	1.37479E+00
2.00000E+00	4.21348E+00	1.66020E+00
2.00000E+00	4.49438E+00	2.00724E+00
2.00000E+00	4.77528E+00	2.43771E+00
2.00000E+00	5.05618E+00	2.98884E+00
2.00000E+00	5.33708E+00	3.72655E+00
2.00000E+00	5.61798E+00	4.75163E+00
2.00000E+00	5.89888E+00	6.17008E+00
2.00000E+00	6.17978E+00	8.08150E+00
2.00000E+00	6.46067E+00	1.05208E+01
2.00000E+00	6.74157E+00	1.34428E+01
2.00000E+00	7.02247E+00	1.66968E+01
2.00000E+00	7.30337E+00	2.01243E+01
2.00000E+00	7.58427E+00	2.35372E+01
2.00000E+00	7.86517E+00	2.68346E+01
2.00000E+00	8.14607E+00	3.00659E+01
2.00000E+00	8.42697E+00	3.33352E+01
2.00000E+00	8.70787E+00	3.68220E+01
2.00000E+00	8.98876E+00	4.07682E+01
2.00000E+00	9.26966E+00	4.53603E+01
2.00000E+00	9.55056E+00	5.06199E+01
2.00000E+00	9.83146E+00	5.64576E+01
2.00000E+00	1.01124E+01	6.27745E+01
2.00000E+00	1.03933E+01	6.94748E+01
2.00000E+00	1.06742E+01	7.62779E+01
2.00000E+00	1.09551E+01	8.29640E+01
2.00000E+00	1.12360E+01	8.95544E+01
2.00000E+00	1.15169E+01	9.60750E+01
2.00000E+00	1.17978E+01	1.02466E+02
2.00000E+00	1.20787E+01	1.08656E+02
2.00000E+00	1.23596E+01	1.14582E+02
2.00000E+00	1.26404E+01	1.20173E+02
2.00000E+00	1.29213E+01	1.25324E+02
2.00000E+00	1.32022E+01	1.29839E+02
2.00000E+00	1.34831E+01	1.33602E+02
2.00000E+00	1.37640E+01	1.36688E+02
2.00000E+00	1.40449E+01	1.39224E+02
2.00000E+00	1.43258E+01	1.41247E+02
2.00000E+00	1.46067E+01	1.42651E+02
2.00000E+00	1.48876E+01	1.43499E+02
2.00000E+00	1.51685E+01	1.44052E+02
2.00000E+00	1.54494E+01	1.44486E+02
2.00000E+00	1.57303E+01	1.44871E+02
2.00000E+00	1.60112E+01	1.45233E+02
2.00000E+00	1.62921E+01	1.45547E+02
2.00000E+00	1.65730E+01	1.45768E+02
2.00000E+00	1.68539E+01	1.45878E+02
2.00000E+00	1.71348E+01	1.45873E+02
2.00000E+00	1.74157E+01	1.45745E+02
2.00000E+00	1.76966E+01	1.45490E+02
2.00000E+00	1.79775E+01	1.45101E+02
2.00000E+00	1.82584E+01	1.44596E+02
2.00000E+00	1.85393E+01	1.44000E+02
2.00000E+00	1.88202E+01	1.43307E+02
2.00000E+00	1.91011E+01	1.42490E+02
2.00000E+00	1.93820E+01	1.41552E+02
2.00000E+00	1.96629E+01	1.40513E+02
2.00000E+00	1.99438E+01	1.39366E+02
2.00000E+00	2.02247E+01	1.38145E+02
2.00000E+00	2.05056E+01	1.36861E+02
2.00000E+00	2.07865E+01	1.35494E+02
2.00000E+00	2.10674E+01	1.34063E+02
2.00000E+00	2.13483E+01	1.32622E+02
2.00000E+00	2.16292E+01	1.31186E+02
2.00000E+00	2.19101E+01	1.29739E+02
2.00000E+00	2.21910E+01	1.28236E+02
2.00000E+00	2.24719E+01	1.26631E+02
2.00000E+00	2.27528E+01	1.24976E+02
2.00000E+00	2.30337E+01	1.23342E+02
2.00000E+00	2.33146E+01	1.21752E+02
2.00000E+00	2.35955E+01	1.20202E+02
2.00000E+00	2.38764E+01	1.18690E+02
2.00000E+00	2.41573E+01	1.17230E+02
2.00000E+00	2.44382E+01	1.15821E+02
2.00000E+00	2.47191E+01	1.14459E+02
2.00000E+00	2.50000E+01	1.13147E+02
2.50000E+00	0.00000E+00	8.86246E-01
2.50000E+00	2.80899E-01	7.75984E-01
2.50000E+00	5.61798E-01	6.93203E-01
2.50000E+00	8.42697E-01	6.65896E-01
2.50000E+00	1.12360E+00	6.70929E-01
2.50000E+00	1.40449E+00	6.95444E-01
2.50000E+00	1.68539E+00	7.23312E-01
2.50000E+00	1.96629E+00	7.48290E-01
2.50000E+00	2.24719E+00	7.75996E-01
2.50000E+00	2.52809E+00	8.17779E-01
2.50000E+00	2.80899E+00	8.85821E-01
2.50000E+00	3.08989E+00	9.89970E-01
2.50000E+00	3.37079E+00	1.13926E+00
2.50000E+00	3.65169E+00	1.34384E+00
2.50000E+00	3.93258E+00	1.60976E+00
2.50000E+00	4.21348E+00	1.94187E+00
2.50000E+00	4.49438E+00	2.35078E+00
2.50000E+00	4.77528E+00	2.86309E+00
2.50000E+00	5.05618E+00	3.52572E+00
2.50000E+00	5.33708E+00	4.41495E+00
2.50000E+00	5.61798E+00	5.63701E+00
2.50000E+00	5.89888E+00	7.30417E+00
2.50000E+00	6.17978E+00	9.51045E+00
2.50000E+00	6.46067E+00	1.22859E+01
2.50000E+00	6.74157E+00	1.55719E+01
2.50000E+00	7.02247E+00	1.92212E+01
2.50000E+00	7.30337E+00	2.30574E+01
2.50000E+00	7.58427E+00	2.69019E+01
2.50000E+00	7.86517E+00	3.06611E+01
2.50000E+00	8.14607E+00	3.43750E+01
2.50000E+00	8.42697E+00	3.81634E+01
2.50000E+00	8.70787E+00	4.22215E+01
2.50000E+00	8.98876E+00	4.67882E+01
2.50000E+00	9.26966E+00	5.20416E+01
2.50000E+00	9.55056E+00	5.80152E+01
2.50000E+00	9.83146E+00	6.46306E+01
2.50000E+00	1.01124E+01	7.17785E+01
2.50000E+00	1.03933E+01	7.93141E+01
2.50000E+00	1.06742E+01	8.69795E+01
2.50000E+00	1.09551E+01	9.45711E+01
2.50000E+00	1.12360E+01	1.02062E+02
2.50000E+00	1.15169E+01	1.09453E+02
2.50000E+00	1.17978E+01	1.16690E+02
2.50000E+00	1.20787E+01	1.23696E+02
2.50000E+00	1.23596E+01	1.30396E+02
2.50000E+00	1.26404E+01	1.36700E+02
2.50000E+00	1.29213E+01	1.42483E+02
2.50000E+00	1.32022E+01	1.47565E+02
2.50000E+00	1.34831E+01	1.51846E+02
2.50000E+00	1.37640E+01	1.55376E+02
2.50000E+00	1.40449E+01	1.58260E+02
2.50000E+00	1.43258E+01	1.60531E+02
2.50000E+00	1.46067E+01	1.62143E+02
2.50000E+00	1.48876E+01	1.63178E+02
2.50000E+00	1.51685E+01	1.63865E+02
2.50000E+00	1.54494E+01	1.64387E+02
2.50000E+00	1.57303E+01	1.64834E+02
2.50000E+00	1.60112E+01	1.65239E+02
2.50000E+00	1.62921E+01	1.65581E+02
2.50000E+00	1.65730E+01	1.65824E+02
2.50000E+00	1.68539E+01	1.65943E+02
2.50000E+00	1.71348E+01	1.65932E+02
2.50000E+00	1.74157E+01	1.65782E+02
2.50000E+00	1.76966E+01	1.65489E+02
2.50000E+00	1.79775E+01	1.65050E+02
2.50000E+00	1.82584E+01	1.64480E+02
2.50000E+00	1.85393E+01	1.63798E+02
2.50000E+00	1.88202E+01	1.63001E+02
2.50000E+00	1.91011E+01	1.62070E+02
2.50000E+00	1.93820E+01	1.61006E+02
2.50000E+00	1.96629E+01	1.59823E+02
2.50000E+00	1.99438E+01	1.58526E+02
2.50000E+00	2.02247E+01	1.57140E+02
2.50000E+00	2.05056E+01	1.55675E+02
2.50000E+00	2.07865E+01	1.54125E+02
2.50000E+00	2.10674E+01	1.52512E+02
2.50000E+00	2.13483E+01	1.50878E+02
2.50000E+00	2.16292E+01	1.49239E+02
2.50000E+00	2.19101E+01	1.47578E+02
2.50000E+00	2.21910E+01	1.45857E+02
2.50000E+00	2.24719E+01	1.44044E+02
2.50000E+00	2.27528E+01	1.42182E+02
2.50000E+00	2.30337E+01	1.40333E+02
2.50000E+00	2.33146E+01	1.38527E+02
2.50000E+00	2.35955E+01	1.36764E+02
2.50000E+00	2.38764E+01	1.35048E+02
2.50000E+00	2.41573E+01	1.33388E+02
2.50000E+00	2.44382E+01	1.31785E+02
2.50000E+00	2.47191E+01	1.30236E+02
2.50000E+00	2.50000E+01	1.28742E+02
3.00000E+00	0.00000E+00	8.97366E-01
3.00000E+00	2.80899E-01	8.19218E-01
3.00000E+00	5.61798E-01	7.56975E-01
3.00000E+00	8.42697E-01	7.41291E-01
3.00000E+00	1.12360E+00	7.51230E-01
3.00000E+00	1.40449E+00	7.73485E-01
3.00000E+00	1.68539E+00	8.00211E-01
3.00000E+00	1.96629E+00	8.28785E-01
3.00000E+00	2.24719E+00	8.64539E-01
3.00000E+00	2.52809E+00	9.17921E-01
3.00000E+00	2.80899E+00	1.00066E+00
3.00000E+00	3.08989E+00	1.12333E+00
3.00000E+00	3.37079E+00	1.29598E+00
3.00000E+00	3.65169E+00	1.52871E+00
3.00000E+00	3.93258E+00	1.82941E+00
3.00000E+00	4.21348E+00	2.20653E+00
3.00000E+00	4.49438E+00	2.67625E+00
3.00000E+00	4.77528E+00	3.27105E+00
3.00000E+00	5.05618E+00	4.04578E+00
3.00000E+00	5.33708E+00	5.08338E+00
3.00000E+00	5.61798E+00	6.49119E+00
3.00000E+00	5.89888E+00	8.37960E+00
3.00000E+00	6.17978E+00	1.08332E+01
3.00000E+00	6.46067E+00	1.38729E+01
3.00000E+00	6.74157E+00	1.74336E+01
3.00000E+00	7.02247E+00	2.13716E+01
3.00000E+00	7.30337E+00	2.55111E+01
3.00000E+00	7.58427E+00	2.96877E+01
3.00000E+00	7.86517E+00	3.38189E+01
3.00000E+00	8.14607E+00	3.79407E+01
3.00000E+00	8.42697E+00	4.21796E+01
3.00000E+00	8.70787E+00	4.67331E+01
3.00000E+00	8.98876E+00	5.18266E+01
3.00000E+00	9.26966E+00	5.76252E+01
3.00000E+00	9.55056E+00	6.41684E+01
3.00000E+00	9.83146E+00	7.13887E+01
3.00000E+00	1.01124E+01	7.91677E+01
3.00000E+00	1.03933E+01	8.73373E+01
3.00000E+00	1.06742E+01	9.56609E+01
3.00000E+00	1.09551E+01	1.03950E+02
3.00000E+00	1.12360E+01	1.12142E+02
3.00000E+00	1.15169E+01	1.20211E+02
3.00000E+00	1.17978E+01	1.28102E+02
3.00000E+00	1.20787E+01	1.35734E+02
3.00000E+00	1.23596E+01	1.43021E+02
3.00000E+00	1.26404E+01	1.49860E+02
3.00000E+00	1.29213E+01	1.56115E+02
3.00000E+00	1.32022E+01	1.61628E+02
3.00000E+00	1.34831E+01	1.66310E+02
3.00000E+00	1.37640E+01	1.70190E+02
3.00000E+00	1.40449E+01	1.73349E+02
3.00000E+00	1.43258E+01	1.75825E+02
3.00000E+00	1.46067E+01	1.77617E+02
3.00000E+00	1.48876E+01	1.78822E+02
3.00000E+00	1.51685E+01	1.79640E+02
3.00000E+00	1.54494E+01	1.80250E+02
3.00000E+00	1.57303E+01	1.80756E+02
3.00000E+00	1.60112E+01	1.81195E+02
3.00000E+00	1.62921E+01	1.81556E+02
3.00000E+00	1.65730E+01	1.81809E+02
3.00000E+00	1.68539E+01	1.81933E+02
3.00000E+00	1.71348E+01	1.81914E+02
3.00000E+00	1.74157E+01	1.81744E+02
3.00000E+00	1.76966E+01	1.81419E+02
3.00000E+00	1.79775E+01	1.80939E+02
3.00000E+00	1.82584E+01	1.80317E+02
3.00000E+00	1.85393E+01	1.79567E+02
3.00000E+00	1.88202E+01	1.78686E+02
3.00000E+00	1.91011E+01	1.77662E+02
3.00000E+00	1.93820E+01	1.76498E+02
3.00000E+00	1.96629E+01	1.75202E+02
3.00000E+00	1.99438E+01	1.73786E+02
3.00000E+00	2.02247E+01	1.72270E+02
3.00000E+00	2.05056E+01	1.70664E+02
3.00000E+00	2.07865E+01	1.68972E+02
3.00000E+00	2.10674E+01	1.67216E+02
3.00000E+00	2.13483E+01	1.65429E+02
3.00000E+00	2.16292E+01	1.63626E+02
3.00000E+00	2.19101E+01	1.61793E+02
3.00000E+00	2.21910E+01	1.59897E+02
3.00000E+00	2.24719E+01	1.57922E+02
3.00000E+00	2.27528E+01	1.55901E+02
3.00000E+00	2.30337E+01	1.53887E+02
3.00000E+00	2.33146E+01	1.51911E+02
3.00000E+00	2.35955E+01	1.49981E+02
3.00000E+00	2.38764E+01	1.48104E+02
3.00000E+00	2.41573E+01	1.46285E+02
3.00000E+00	2.44382E+01	1.44528E+02
3.00000E+00	2.47191E+01	1.42829E+02
3.00000E+00	2.50000E+01	1.41190E+02
3.50000E+00	0.00000E+00	9.10459E-01
3.50000E+00	2.80899E-01	8.55340E-01
3.50000E+00	5.61798E-01	8.10974E-01
3.50000E+00	8.42697E-01	8.01344E-01
3.50000E+00	1.12360E+00	8.16808E-01
3.50000E+00	1.40449E+00	8.40418E-01
3.50000E+00	1.68539E+00	8.67748E-01
3.50000E+00	1.96629E+00	9.00238E-01
3.50000E+00	2.24719E+00	9.44203E-01
3.50000E+00	2.52809E+00	1.00956E+00
3.50000E+00	2.80899E+00	1.10750E+00
3.50000E+00	3.08989E+00	1.24890E+00
3.50000E+00	3.37079E+00	1.44442E+00
3.50000E+00	3.65169E+00	1.70464E+00
3.50000E+00	3.93258E+00	2.03965E+00
3.50000E+00	4.21348E+00	2.46203E+00
3.50000E+00	4.49438E+00	2.99344E+00
3.50000E+00	4.77528E+00	3.67215E+00
3.50000E+00	5.05618E+00	4.55875E+00
3.50000E+00	5.33708E+00	5.73898E+00
3.50000E+00	5.61798E+00	7.31730E+00
3.50000E+00	5.89888E+00	9.39662E+00
3.50000E+00	6.17978E+00	1.20498E+01
3.50000E+00	6.46067E+00	1.52879E+01
3.50000E+00	6.74157E+00	1.90431E+01
3.50000E+00	7.02247E+00	2.31793E+01
3.50000E+00	7.30337E+00	2.75316E+01
3.50000E+00	7.58427E+00	3.19540E+01
3.50000E+00	7.86517E+00	3.63764E+01
3.50000E+00	8.14607E+00	4.08347E+01
3.50000E+00	8.42697E+00	4.54545E+01
3.50000E+00	8.70787E+00	5.04250E+01
3.50000E+00	8.98876E+00	5.59524E+01
3.50000E+00	9.26966E+00	6.21855E+01
3.50000E+00	9.55056E+00	6.91649E+01
3.50000E+00	9.83146E+00	7.68312E+01
3.50000E+00	1.01124E+01	8.50628E+01
3.50000E+00	1.03933E+01	9.36848E+01
3.50000E+00	1.06742E+01	1.02481E+02
3.50000E+00	1.09551E+01	1.11274E+02
3.50000E+00	1.12360E+01	1.19979E+02
3.50000E+00	1.15169E+01	1.28546E+02
3.50000E+00	1.17978E+01	1.36912E+02
3.50000E+00	1.20787E+01	1.44993E+02
3.50000E+00	1.23596E+01	1.52696E+02
3.50000E+00	1.26404E+01	1.59908E+02
3.50000E+00	1.29213E+01	1.66494E+02
3.50000E+00	1.32022E+01	1.72312E+02
3.50000E+00	1.34831E+01	1.77285E+02
3.50000E+00	1.37640E+01	1.81427E+02
3.50000E+00	1.40449E+01	1.84797E+02
3.50000E+00	1.43258E+01	1.87438E+02
3.50000E+00	1.46067E+01	1.89383E+02
3.50000E+00	1.48876E+01	1.90738E+02
3.50000E+00	1.51685E+01	1.91680E+02
3.50000E+00	1.54494E+01	1.92377E+02
3.50000E+00	1.57303E+01	1.92937E+02
3.50000E+00	1.60112E+01	1.93404E+02
3.50000E+00	1.62921E+01	1.93777E+02
3.50000E+00	1.65730E+01	1.94035E+02
3.50000E+00	1.68539E+01	1.94157E+02
3.50000E+00	1.71348E+01	1.94128E+02
3.50000E+00	1.74157E+01	1.93941E+02
3.50000E+00	1.76966E+01	1.93591E+02
3.50000E+00	1.79775E+01	1.93080E+02
3.50000E+00	1.82584E+01	1.92416E+02
3.50000E+00	1.85393E+01	1.91612E+02
3.50000E+00	1.88202E+01	1.90666E+02
3.50000E+00	1.91011E+01	1.89571E+02
3.50000E+00	1.93820E+01	1.88330E+02
3.50000E+00	1.96629E+01	1.86950E+02
3.50000E+00	1.99438E+01	1.85444E+02
3.50000E+00	2.02247E+01	1.83830E+02
3.50000E+00	2.05056E+01	1.82119E+02
3.50000E+00	2.07865E+01	1.80322E+02
3.50000E+00	2.10674E+01	1.78458E+02
3.50000E+00	2.13483E+01	1.76556E+02
3.50000E+00	2.16292E+01	1.74626E+02
3.50000E+00	2.19101E+01	1.72660E+02
3.50000E+00	2.21910E+01	1.70632E+02
3.50000E+00	2.24719E+01	1.68536E+02
3.50000E+00	2.27528E+01	1.66399E+02
3.50000E+00	2.30337E+01	1.64263E+02
3.50000E+00	2.33146E+01	1.62162E+02
3.50000E+00	2.35955E+01	1.60107E+02
3.50000E+00	2.38764E+01	1.58108E+02
3.50000E+00	2.41573E+01	1.56169E+02
3.50000E+00	2.44382E+01	1.54294E+02
3.50000E+00	2.47191E+01	1.52481E+02
3.50000E+00	2.50000E+01	1.50730E+02
4.00000E+00	0.00000E+00	9.24247E-01
4.00000E+00	2.80899E-01	8.85959E-01
4.00000E+00	5.61798E-01	8.56063E-01
4.00000E+00	8.42697E-01	8.50292E-01
4.00000E+00	1.12360E+00	8.69659E-01
4.00000E+00	1.40449E+00	8.97290E-01
4.00000E+00	1.68539E+00	9.28309E-01
4.00000E+00	1.96629E+00	9.66376E-01
4.00000E+00	2.24719E+00	1.01925E+00
4.00000E+00	2.52809E+00	1.09698E+00
4.00000E+00	2.80899E+00	1.21054E+00
4.00000E+00	3.08989E+00	1.37098E+00
4.00000E+00	3.37079E+00	1.58952E+00
4.00000E+00	3.65169E+00	1.87773E+00
4.00000E+00	3.93258E+00	2.24818E+00
4.00000E+00	4.21348E+00	2.71760E+00
4.00000E+00	4.49438E+00	3.31273E+00
4.00000E+00	4.77528E+00	4.07665E+00
4.00000E+00	5.05618E+00	5.07326E+00
4.00000E+00	5.33708E+00	6.38777E+00
4.00000E+00	5.61798E+00	8.11847E+00
4.00000E+00	5.89888E+00	1.03577E+01
4.00000E+00	6.17978E+00	1.31656E+01
4.00000E+00	6.46067E+00	1.65449E+01
4.00000E+00	6.74157E+00	2.04280E+01
4.00000E+00	7.02247E+00	2.46898E+01
4.00000E+00	7.30337E+00	2.91820E+01
4.00000E+00	7.58427E+00	3.37786E+01
4.00000E+00	7.86517E+00	3.84232E+01
4.00000E+00	8.14607E+00	4.31523E+01
4.00000E+00	8.42697E+00	4.80853E+01
4.00000E+00	8.70787E+00	5.33968E+01
4.00000E+00	8.98876E+00	5.92703E+01
4.00000E+00	9.26966E+00	6.58368E+01
4.00000E+00	9.55056E+00	7.31341E+01
4.00000E+00	9.83146E+00	8.11088E+01
4.00000E+00	1.01124E+01	8.96407E+01
4.00000E+00	1.03933E+01	9.85590E+01
4.00000E+00	1.06742E+01	1.07666E+02
4.00000E+00	1.09551E+01	1.16795E+02
4.00000E+00	1.12360E+01	1.25844E+02
4.00000E+00	1.15169E+01	1.34746E+02
4.00000E+00	1.17978E+01	1.43428E+02
4.00000E+00	1.20787E+01	1.51804E+02
4.00000E+00	1.23596E+01	1.59773E+02
4.00000E+00	1.26404E+01	1.67219E+02
4.00000E+00	1.29213E+01	1.74013E+02
4.00000E+00	1.32022E+01	1.80029E+02
4.00000E+00	1.34831E+01	1.85198E+02
4.00000E+00	1.37640E+01	1.89522E+02
4.00000E+00	1.40449E+01	1.93046E+02
4.00000E+00	1.43258E+01	1.95818E+02
4.00000E+00	1.46067E+01	1.97892E+02
4.00000E+00	1.48876E+01	1.99376E+02
4.00000E+00	1.51685E+01	2.00431E+02
4.00000E+00	1.54494E+01	2.01211E+02
4.00000E+00	1.57303E+01	2.01821E+02
4.00000E+00	1.60112E+01	2.02313E+02
4.00000E+00	1.62921E+01	2.02695E+02
4.00000E+00	1.65730E+01	2.02953E+02
4.00000E+00	1.68539E+01	2.03069E+02
4.00000E+00	1.71348E+01	2.03030E+02
4.00000E+00	1.74157E+01	2.02827E+02
4.00000E+00	1.76966E+01	2.02457E+02
4.00000E+00	1.79775E+01	2.01921E+02
4.00000E+00	1.82584E+01	2.01227E+02
4.00000E+00	1.85393E+01	2.00382E+02
4.00000E+00	1.88202E+01	1.99388E+02
4.00000E+00	1.91011E+01	1.98241E+02
4.00000E+00	1.93820E+01	1.96943E+02
4.00000E+00	1.96629E+01	1.95503E+02
4.00000E+00	1.99438E+01	1.93934E+02
4.00000E+00	2.02247E+01	1.92250E+02
4.00000E+00	2.05056E+01	1.90466E+02
4.00000E+00	2.07865E+01	1.88594E+02
4.00000E+00	2.10674E+01	1.86655E+02
4.00000E+00	2.13483E+01	1.84669E+02
4.00000E+00	2.16292E+01	1.82648E+02
4.00000E+00	2.19101E+01	1.80583E+02
4.00000E+00	2.21910E+01	1.78462E+02
4.00000E+00	2.24719E+01	1.76280E+02
4.00000E+00	2.27528E+01	1.74062E+02
4.00000E+00	2.30337E+01	1.71844E+02
4.00000E+00	2.33146E+01	1.69656E+02
4.00000E+00	2.35955E+01	1.67514E+02
4.00000E+00	2.38764E+01	1.65427E+02
4.00000E+00	2.41573E+01	1.63402E+02
4.00000E+00	2.44382E+01	1.61441E+02
4.00000E+00	2.47191E+01	1.59546E+02
4.00000E+00	2.50000E+01	1.57713E+02
5.00000E+00	0.00000E+00	9.51778E-01
5.00000E+00	2.80899E-01	9.35799E-01
5.00000E+00	5.61798E-01	9.26385E-01
5.00000E+00	8.42697E-01	9.29450E-01
5.00000E+00	1.12360E+00	9.52683E-01
5.00000E+00	1.40449E+00	9.90681E-01
5.00000E+00	1.68539E+00	1.03679E+00
5.00000E+00	1.96629E+00	1.09352E+00
5.00000E+00	2.24719E+00	1.16934E+00
5.00000E+00	2.52809E+00	1.27518E+00
5.00000E+00	2.80899E+00	1.42266E+00
5.00000E+00	3.08989E+00	1.62387E+00
5.00000E+00	3.37079E+00	1.89168E+00
5.00000E+00	3.65169E+00	2.24059E+00
5.00000E+00	3.93258E+00	2.68831E+00
5.00000E+00	4.21348E+00	3.25873E+00
5.00000E+00	4.49438E+00	3.98599E+00
5.00000E+00	4.77528E+00	4.91830E+00
5.00000E+00	5.05618E+00	6.11950E+00
5.00000E+00	5.33708E+00	7.66633E+00
5.00000E+00	5.61798E+00	9.63921E+00
5.00000E+00	5.89888E+00	1.21066E+01
5.00000E+00	6.17978E+00	1.51061E+01
5.00000E+00	6.46067E+00	1.86289E+01
5.00000E+00	6.74157E+00	2.26156E+01
5.00000E+00	7.02247E+00	2.69680E+01
5.00000E+00	7.30337E+00	3.15770E+01
5.00000E+00	7.58427E+00	3.63561E+01
5.00000E+00	7.86517E+00	4.12734E+01
5.00000E+00	8.14607E+00	4.63655E+01
5.00000E+00	8.42697E+00	5.17314E+01
5.00000E+00	8.70787E+00	5.75075E+01
5.00000E+00	8.98876E+00	6.38301E+01
5.00000E+00	9.26966E+00	7.07940E+01
5.00000E+00	9.55056E+00	7.84256E+01
5.00000E+00	9.83146E+00	8.66777E+01
5.00000E+00	1.01124E+01	9.54433E+01
5.00000E+00	1.03933E+01	1.04573E+02
5.00000E+00	1.06742E+01	1.13902E+02
5.00000E+00	1.09551E+01	1.23282E+02
5.00000E+00	1.12360E+01	1.32597E+02
5.00000E+00	1.15169E+01	1.41756E+02
5.00000E+00	1.17978E+01	1.50670E+02
5.00000E+00	1.20787E+01	1.59246E+02
5.00000E+00	1.23596E+01	1.67380E+02
5.00000E+00	1.26404E+01	1.74960E+02
5.00000E+00	1.29213E+01	1.81872E+02
5.00000E+00	1.32022E+01	1.88019E+02
5.00000E+00	1.34831E+01	1.93343E+02
5.00000E+00	1.37640E+01	1.97835E+02
5.00000E+00	1.40449E+01	2.01526E+02
5.00000E+00	1.43258E+01	2.04465E+02
5.00000E+00	1.46067E+01	2.06725E+02
5.00000E+00	1.48876E+01	2.08409E+02
5.00000E+00	1.51685E+01	2.09649E+02
5.00000E+00	1.54494E+01	2.10571E+02
5.00000E+00	1.57303E+01	2.11272E+02
5.00000E+00	1.60112E+01	2.11809E+02
5.00000E+00	1.62921E+01	2.12202E+02
5.00000E+00	1.65730E+01	2.12453E+02
5.00000E+00	1.68539E+01	2.12553E+02
5.00000E+00	1.71348E+01	2.12493E+02
5.00000E+00	1.74157E+01	2.12265E+02
5.00000E+00	1.76966E+01	2.11868E+02
5.00000E+00	1.79775E+01	2.11301E+02
5.00000E+00	1.82584E+01	2.10570E+02
5.00000E+00	1.85393E+01	2.09679E+02
5.00000E+00	1.88202E+01	2.08631E+02
5.00000E+00	1.91011E+01	2.07426E+02
5.00000E+00	1.93820E+01	2.06070E+02
5.00000E+00	1.96629E+01	2.04570E+02
5.00000E+00	1.99438E+01	2.02939E+02
5.00000E+00	2.02247E+01	2.01189E+02
5.00000E+00	2.05056E+01	1.99336E+02
5.00000E+00	2.07865E+01	1.97394E+02
5.00000E+00	2.10674E+01	1.95380E+02
5.00000E+00	2.13483E+01	1.93310E+02
5.00000E+00	2.16292E+01	1.91192E+02
5.00000E+00	2.19101E+01	1.89026E+02
5.00000E+00	2.21910E+01	1.86810E+02
5.00000E+00	2.24719E+01	1.84549E+02
5.00000E+00	2.27528E+01	1.82260E+02
5.00000E+00	2.30337E+01	1.79970E+02
5.00000E+00	2.33146E+01	1.77703E+02
5.00000E+00	2.35955E+01	1.75478E+02
5.00000E+00	2.38764E+01	1.73306E+02
5.00000E+00	2.41573E+01	1.71194E+02
5.00000E+00	2.44382E+01	1.69145E+02
5.00000E+00	2.47191E+01	1.67161E+02
5.00000E+00	2.50000E+01	1.65241E+02
6.00000E+00	0.00000E+00	9.79593E-01
6.00000E+00	2.80899E-01	9.78288E-01
6.00000E+00	5.61798E-01	9.83563E-01
6.00000E+00	8.42697E-01	9.98503E-01
6.00000E+00	1.12360E+00	1.02782E+00
6.00000E+00	1.40449E+00	1.07701E+00
6.00000E+00	1.68539E+00	1.14296E+00
6.00000E+00	1.96629E+00	1.22641E+00
6.00000E+00	2.24719E+00	1.33373E+00
6.00000E+00	2.52809E+00	1.47523E+00
6.00000E+00	2.80899E+00	1.66321E+00
6.00000E+00	3.08989E+00	1.91125E+00
6.00000E+00	3.37079E+00	2.23445E+00
6.00000E+00	3.65169E+00	2.65042E+00
6.00000E+00	3.93258E+00	3.18090E+00
6.00000E+00	4.21348E+00	3.85400E+00
6.00000E+00	4.49438E+00	4.70663E+00
6.00000E+00	4.77528E+00	5.78609E+00
6.00000E+00	5.05618E+00	7.14957E+00
6.00000E+00	5.33708E+00	8.86016E+00
6.00000E+00	5.61798E+00	1.09788E+01
6.00000E+00	5.89888E+00	1.35527E+01
6.00000E+00	6.17978E+00	1.66034E+01
6.00000E+00	6.46067E+00	2.01184E+01
6.00000E+00	6.74157E+00	2.40513E+01
6.00000E+00	7.02247E+00	2.83323E+01
6.00000E+00	7.30337E+00	3.28881E+01
6.00000E+00	7.58427E+00	3.76652E+01
6.00000E+00	7.86517E+00	4.26492E+01
6.00000E+00	8.14607E+00	4.78734E+01
6.00000E+00	8.42697E+00	5.34127E+01
6.00000E+00	8.70787E+00	5.93648E+01
6.00000E+00	8.98876E+00	6.58234E+01
6.00000E+00	9.26966E+00	7.28506E+01
6.00000E+00	9.55056E+00	8.04584E+01
6.00000E+00	9.83146E+00	8.86041E+01
6.00000E+00	1.01124E+01	9.71974E+01
6.00000E+00	1.03933E+01	1.06115E+02
6.00000E+00	1.06742E+01	1.15220E+02
6.00000E+00	1.09551E+01	1.24381E+02
6.00000E+00	1.12360E+01	1.33485E+02
6.00000E+00	1.15169E+01	1.42431E+02
6.00000E+00	1.17978E+01	1.51124E+02
6.00000E+00	1.20787E+01	1.59468E+02
6.00000E+00	1.23596E+01	1.67365E+02
6.00000E+00	1.26404E+01	1.74714E+02
6.00000E+00	1.29213E+01	1.81419E+02
6.00000E+00	1.32022E+01	1.87404E+02
6.00000E+00	1.34831E+01	1.92623E+02
6.00000E+00	1.37640E+01	1.97066E+02
6.00000E+00	1.40449E+01	2.00754E+02
6.00000E+00	1.43258E+01	2.03734E+02
6.00000E+00	1.46067E+01	2.06078E+02
6.00000E+00	1.48876E+01	2.07877E+02
6.00000E+00	1.51685E+01	2.09237E+02
6.00000E+00	1.54494E+01	2.10260E+02
6.00000E+00	1.57303E+01	2.11029E+02
6.00000E+00	1.60112E+01	2.11600E+02
6.00000E+00	1.62921E+01	2.12002E+02
6.00000E+00	1.65730E+01	2.12245E+02
6.00000E+00	1.68539E+01	2.12330E+02
6.00000E+00	1.71348E+01	2.12253E+02
6.00000E+00	1.74157E+01	2.12011E+02
6.00000E+00	1.76966E+01	2.11602E+02
6.00000E+00	1.79775E+01	2.11028E+02
6.00000E+00	1.82584E+01	2.10291E+02
6.00000E+00	1.85393E+01	2.09394E+02
6.00000E+00	1.88202E+01	2.08342E+02
6.00000E+00	1.91011E+01	2.07137E+02
6.00000E+00	1.93820E+01	2.05786E+02
6.00000E+00	1.96629E+01	2.04295E+02
6.00000E+00	1.99438E+01	2.02676E+02
6.00000E+00	2.02247E+01	2.00942E+02
6.00000E+00	2.05056E+01	1.99106E+02
6.00000E+00	2.07865E+01	1.97183E+02
6.00000E+00	2.10674E+01	1.95186E+02
6.00000E+00	2.13483E+01	1.93128E+02
6.00000E+00	2.16292E+01	1.91018E+02
6.00000E+00	2.19101E+01	1.88861E+02
6.00000E+00	2.21910E+01	1.86659E+02
6.00000E+00	2.24719E+01	1.84421E+02
6.00000E+00	2.27528E+01	1.82164E+02
6.00000E+00	2.30337E+01	1.79906E+02
6.00000E+00	2.33146E+01	1.77668E+02
6.00000E+00	2.35955E+01	1.75465E+02
6.00000E+00	2.38764E+01	1.73310E+02
6.00000E+00	2.41573E+01	1.71210E+02
6.00000E+00	2.44382E+01	1.69169E+02
6.00000E+00	2.47191E+01	1.67190E+02
6.00000E+00	2.50000E+01	1.65271E+02
7.00000E+00	0.00000E+00	1.01049E+00
7.00000E+00	2.80899E-01	1.02128E+00
7.00000E+00	5.61798E-01	1.03976E+00
7.00000E+00	8.42697E-01	1.06840E+00
7.00000E+00	1.12360E+00	1.11060E+00
7.00000E+00	1.40449E+00	1.17292E+00
7.00000E+00	1.68539E+00	1.26002E+00
7.00000E+00	1.96629E+00	1.37300E+00
7.00000E+00	2.24719E+00	1.51663E+00
7.00000E+00	2.52809E+00	1.69946E+00
7.00000E+00	2.80899E+00	1.93316E+00
7.00000E+00	3.08989E+00	2.23179E+00
7.00000E+00	3.37079E+00	2.61183E+00
7.00000E+00	3.65169E+00	3.09268E+00
7.00000E+00	3.93258E+00	3.69781E+00
7.00000E+00	4.21348E+00	4.45607E+00
7.00000E+00	4.49438E+00	5.40278E+00
7.00000E+00	4.77528E+00	6.57993E+00
7.00000E+00	5.05618E+00	8.03466E+00
7.00000E+00	5.33708E+00	9.81544E+00
7.00000E+00	5.61798E+00	1.19660E+01
7.00000E+00	5.89888E+00	1.45175E+01
7.00000E+00	6.17978E+00	1.74821E+01
7.00000E+00	6.46067E+00	2.08485E+01
7.00000E+00	6.74157E+00	2.45845E+01
7.00000E+00	7.02247E+00	2.86447E+01
7.00000E+00	7.30337E+00	3.29842E+01
7.00000E+00	7.58427E+00	3.75728E+01
7.00000E+00	7.86517E+00	4.24069E+01
7.00000E+00	8.14607E+00	4.75132E+01
7.00000E+00	8.42697E+00	5.29441E+01
7.00000E+00	8.70787E+00	5.87638E+01
7.00000E+00	8.98876E+00	6.50312E+01
7.00000E+00	9.26966E+00	7.17816E+01
7.00000E+00	9.55056E+00	7.90152E+01
7.00000E+00	9.83146E+00	8.66928E+01
7.00000E+00	1.01124E+01	9.47401E+01
7.00000E+00	1.03933E+01	1.03058E+02
7.00000E+00	1.06742E+01	1.11535E+02
7.00000E+00	1.09551E+01	1.20059E+02
7.00000E+00	1.12360E+01	1.28527E+02
7.00000E+00	1.15169E+01	1.36840E+02
7.00000E+00	1.17978E+01	1.44908E+02
7.00000E+00	1.20787E+01	1.52640E+02
7.00000E+00	1.23596E+01	1.59948E+02
7.00000E+00	1.26404E+01	1.66745E+02
7.00000E+00	1.29213E+01	1.72955E+02
7.00000E+00	1.32022E+01	1.78519E+02
7.00000E+00	1.34831E+01	1.83400E+02
7.00000E+00	1.37640E+01	1.87590E+02
7.00000E+00	1.40449E+01	1.91107E+02
7.00000E+00	1.43258E+01	1.93991E+02
7.00000E+00	1.46067E+01	1.96302E+02
7.00000E+00	1.48876E+01	1.98116E+02
7.00000E+00	1.51685E+01	1.99516E+02
7.00000E+00	1.54494E+01	2.00583E+02
7.00000E+00	1.57303E+01	2.01384E+02
7.00000E+00	1.60112E+01	2.01971E+02
7.00000E+00	1.62921E+01	2.02373E+02
7.00000E+00	1.65730E+01	2.02608E+02
7.00000E+00	1.68539E+01	2.02683E+02
7.00000E+00	1.71348E+01	2.02599E+02
7.00000E+00	1.74157E+01	2.02357E+02
7.00000E+00	1.76966E+01	2.01956E+02
7.00000E+00	1.79775E+01	2.01400E+02
7.00000E+00	1.82584E+01	2.00689E+02
7.00000E+00	1.85393E+01	1.99828E+02
7.00000E+00	1.88202E+01	1.98820E+02
7.00000E+00	1.91011E+01	1.97670E+02
7.00000E+00	1.93820E+01	1.96384E+02
7.00000E+00	1.96629E+01	1.94969E+02
7.00000E+00	1.99438E+01	1.93435E+02
7.00000E+00	2.02247E+01	1.91793E+02
7.00000E+00	2.05056E+01	1.90056E+02
7.00000E+00	2.07865E+01	1.88236E+02
7.00000E+00	2.10674E+01	1.86345E+02
7.00000E+00	2.13483E+01	1.84393E+02
7.00000E+00	2.16292E+01	1.82390E+02
7.00000E+00	2.19101E+01	1.80342E+02
7.00000E+00	2.21910E+01	1.78256E+02
7.00000E+00	2.24719E+01	1.76143E+02
7.00000E+00	2.27528E+01	1.74014E+02
7.00000E+00	2.30337E+01	1.71886E+02
7.00000E+00	2.33146E+01	1.69774E+02
7.00000E+00	2.35955E+01	1.67693E+02
7.00000E+00	2.38764E+01	1.65651E+02
7.00000E+00	2.41573E+01	1.63658E+02
7.00000E+00	2.44382E+01	1.61718E+02
7.00000E+00	2.47191E+01	1.59832E+02
7.00000E+00	2.50000E+01	1.58002E+02
8.00000E+00	0.00000E+00	1.04661E+00
8.00000E+00	2.80899E-01	1.06881E+00
8.00000E+00	5.61798E-01	1.10035E+00
8.00000E+00	8.42697E-01	1.14370E+00
8.00000E+00	1.12360E+00	1.20204E+00
8.00000E+00	1.40449E+00	1.28053E+00
8.00000E+00	1.68539E+00	1.38746E+00
8.00000E+00	1.96629E+00	1.52731E+00
8.00000E+00	2.24719E+00	1.70439E+00
8.00000E+00	2.52809E+00	1.92581E+00
8.00000E+00	2.80899E+00	2.20162E+00
8.00000E+00	3.08989E+00	2.54477E+00
8.00000E+00	3.37079E+00	2.97113E+00
8.00000E+00	3.65169E+00	3.49961E+00
8.00000E+00	3.93258E+00	4.15264E+00
8.00000E+00	4.21348E+00	4.95667E+00
8.00000E+00	4.49438E+00	5.94235E+00
8.00000E+00	4.77528E+00	7.14397E+00
8.00000E+00	5.05618E+00	8.59784E+00
8.00000E+00	5.33708E+00	1.03392E+01
8.00000E+00	5.61798E+00	1.23982E+01
8.00000E+00	5.89888E+00	1.47953E+01
8.00000E+00	6.17978E+00	1.75375E+01
8.00000E+00	6.46067E+00	2.06173E+01
8.00000E+00	6.74157E+00	2.40148E+01
8.00000E+00	7.02247E+00	2.77032E+01
8.00000E+00	7.30337E+00	3.16574E+01
8.00000E+00	7.58427E+00	3.58624E+01
8.00000E+00	7.86517E+00	4.03192E+01
8.00000E+00	8.14607E+00	4.50471E+01
8.00000E+00	8.42697E+00	5.00793E+01
8.00000E+00	8.70787E+00	5.54540E+01
8.00000E+00	8.98876E+00	6.12041E+01
8.00000E+00	9.26966E+00	6.73452E+01
8.00000E+00	9.55056E+00	7.38692E+01
8.00000E+00	9.83146E+00	8.07409E+01
8.00000E+00	1.01124E+01	8.79006E+01
8.00000E+00	1.03933E+01	9.52706E+01
8.00000E+00	1.06742E+01	1.02763E+02
8.00000E+00	1.09551E+01	1.10285E+02
8.00000E+00	1.12360E+01	1.17750E+02
8.00000E+00	1.15169E+01	1.25072E+02
8.00000E+00	1.17978E+01	1.32169E+02
8.00000E+00	1.20787E+01	1.38964E+02
8.00000E+00	1.23596E+01	1.45381E+02
8.00000E+00	1.26404E+01	1.51352E+02
8.00000E+00	1.29213E+01	1.56817E+02
8.00000E+00	1.32022E+01	1.61731E+02
8.00000E+00	1.34831E+01	1.66067E+02
8.00000E+00	1.37640E+01	1.69820E+02
8.00000E+00	1.40449E+01	1.73002E+02
8.00000E+00	1.43258E+01	1.75646E+02
8.00000E+00	1.46067E+01	1.77799E+02
8.00000E+00	1.48876E+01	1.79519E+02
8.00000E+00	1.51685E+01	1.80869E+02
8.00000E+00	1.54494E+01	1.81911E+02
8.00000E+00	1.57303E+01	1.82698E+02
8.00000E+00	1.60112E+01	1.83271E+02
8.00000E+00	1.62921E+01	1.83661E+02
8.00000E+00	1.65730E+01	1.83885E+02
8.00000E+00	1.68539E+01	1.83954E+02
8.00000E+00	1.71348E+01	1.83874E+02
8.00000E+00	1.74157E+01	1.83647E+02
8.00000E+00	1.76966E+01	1.83277E+02
8.00000E+00	1.79775E+01	1.82766E+02
8.00000E+00	1.82584E+01	1.82116E+02
8.00000E+00	1.85393E+01	1.81331E+02
8.00000E+00	1.88202E+01	1.80415E+02
8.00000E+00	1.91011E+01	1.79372E+02
8.00000E+00	1.93820E+01	1.78209E+02
8.00000E+00	1.96629E+01	1.76933E+02
8.00000E+00	1.99438E+01	1.75551E+02
8.00000E+00	2.02247E+01	1.74074E+02
8.00000E+00	2.05056E+01	1.72512E+02
8.00000E+00	2.07865E+01	1.70875E+02
8.00000E+00	2.10674E+01	1.69173E+02
8.00000E+00	2.13483E+01	1.67415E+02
8.00000E+00	2.16292E+01	1.65611E+02
8.00000E+00	2.19101E+01	1.63767E+02
8.00000E+00	2.21910E+01	1.61892E+02
8.00000E+00	2.24719E+01	1.59995E+02
8.00000E+00	2.27528E+01	1.58087E+02
8.00000E+00	2.30337E+01	1.56180E+02
8.00000E+00	2.33146E+01	1.54285E+02
8.00000E+00	2.35955E+01	1.52416E+02
8.00000E+00	2.38764E+01	1.50579E+02
8.00000E+00	2.41573E+01	1.48782E+02
8.00000E+00	2.44382E+01	1.47029E+02
8.00000E+00	2.47191E+01	1.45323E+02
8.00000E+00	2.50000E+01	1.43665E+02
9.00000E+00	0.00000E+00	1.08687E+00
9.00000E+00	2.80899E-01	1.11961E+00
9.00000E+00	5.61798E-01	1.16321E+00
9.00000E+00	8.42697E-01	1.22020E+00
9.00000E+00	1.12360E+00	1.29372E+00
9.00000E+00	1.40449E+00	1.38820E+00
9.00000E+00	1.68539E+00	1.51061E+00
9.00000E+00	1.96629E+00	1.66946E+00
9.00000E+00	2.24719E+00	1.86951E+00
9.00000E+00	2.52809E+00	2.11694E+00
9.00000E+00	2.80899E+00	2.42009E+00
9.00000E+00	3.08989E+00	2.78972E+00
9.00000E+00	3.37079E+00	3.23935E+00
9.00000E+00	3.65169E+00	3.78524E+00
9.00000E+00	3.93258E+00	4.44653E+00
9.00000E+00	4.21348E+00	5.24513E+00
9.00000E+00	4.49438E+00	6.20544E+00
9.00000E+00	4.77528E+00	7.35360E+00
9.00000E+00	5.05618E+00	8.71600E+00
9.00000E+00	5.33708E+00	1.03172E+01
9.00000E+00	5.61798E+00	1.21776E+01
9.00000E+00	5.89888E+00	1.43105E+01
9.00000E+00	6.17978E+00	1.67208E+01
9.00000E+00	6.46067E+00	1.94048E+01
9.00000E+00	6.74157E+00	2.23515E+01
9.00000E+00	7.02247E+00	2.55469E+01
9.00000E+00	7.30337E+00	2.89783E+01
9.00000E+00	7.58427E+00	3.26389E+01
9.00000E+00	7.86517E+00	3.65315E+01
9.00000E+00	8.14607E+00	4.06678E+01
9.00000E+00	8.42697E+00	4.50666E+01
9.00000E+00	8.70787E+00	4.97481E+01
9.00000E+00	8.98876E+00	5.47272E+01
9.00000E+00	9.26966E+00	6.00071E+01
9.00000E+00	9.55056E+00	6.55752E+01
9.00000E+00	9.83146E+00	7.14010E+01
9.00000E+00	1.01124E+01	7.74381E+01
9.00000E+00	1.03933E+01	8.36271E+01
9.00000E+00	1.06742E+01	8.99005E+01
9.00000E+00	1.09551E+01	9.61875E+01
9.00000E+00	1.12360E+01	1.02417E+02
9.00000E+00	1.15169E+01	1.08520E+02
9.00000E+00	1.17978E+01	1.14431E+02
9.00000E+00	1.20787E+01	1.20085E+02
9.00000E+00	1.23596E+01	1.25425E+02
9.00000E+00	1.26404E+01	1.30397E+02
9.00000E+00	1.29213E+01	1.34958E+02
9.00000E+00	1.32022E+01	1.39074E+02
9.00000E+00	1.34831E+01	1.42726E+02
9.00000E+00	1.37640E+01	1.45909E+02
9.00000E+00	1.40449E+01	1.48635E+02
9.00000E+00	1.43258E+01	1.50926E+02
9.00000E+00	1.46067E+01	1.52817E+02
9.00000E+00	1.48876E+01	1.54351E+02
9.00000E+00	1.51685E+01	1.55571E+02
9.00000E+00	1.54494E+01	1.56524E+02
9.00000E+00	1.57303E+01	1.57249E+02
9.00000E+00	1.60112E+01	1.57779E+02
9.00000E+00	1.62921E+01	1.58139E+02
9.00000E+00	1.65730E+01	1.58346E+02
9.00000E+00	1.68539E+01	1.58412E+02
9.00000E+00	1.71348E+01	1.58344E+02
9.00000E+00	1.74157E+01	1.58147E+02
9.00000E+00	1.76966E+01	1.57825E+02
9.00000E+00	1.79775E+01	1.57382E+02
9.00000E+00	1.82584E+01	1.56820E+02
9.00000E+00	1.85393E+01	1.56142E+02
9.00000E+00	1.88202E+01	1.55354E+02
9.00000E+00	1.91011E+01	1.54458E+02
9.00000E+00	1.93820E+01	1.53462E+02
9.00000E+00	1.96629E+01	1.52370E+02
9.00000E+00	1.99438E+01	1.51190E+02
9.00000E+00	2.02247E+01	1.49930E+02
9.00000E+00	2.05056E+01	1.48597E+02
9.00000E+00	2.07865E+01	1.47201E+02
9.00000E+00	2.10674E+01	1.45749E+02
9.00000E+00	2.13483E+01	1.44250E+02
9.00000E+00	2.16292E+01	1.42711E+02
9.00000E+00	2.19101E+01	1.41138E+02
9.00000E+00	2.21910E+01	1.39541E+02
9.00000E+00	2.24719E+01	1.37926E+02
9.00000E+00	2.27528E+01	1.36303E+02
9.00000E+00	2.30337E+01	1.34681E+02
9.00000E+00	2.33146E+01	1.33069E+02
9.00000E+00	2.35955E+01	1.31476E+02
9.00000E+00	2.38764E+01	1.29908E+02
9.00000E+00	2.41573E+01	1.28372E+02
9.00000E+00	2.44382E+01	1.26871E+02
9.00000E+00	2.47191E+01	1.25408E+02
9.00000E+00	2.50000E+01	1.23984E+02
1.00000E+01	0.00000E+00	1.12727E+00
1.00000E+01	2.80899E-01	1.16861E+00
1.00000E+01	5.61798E-01	1.22171E+00
1.00000E+01	8.42697E-01	1.28907E+00
1.00000E+01	1.12360E+00	1.37366E+00
1.00000E+01	1.40449E+00	1.47935E+00
1.00000E+01	1.68539E+00	1.61156E+00
1.00000E+01	1.96629E+00	1.77844E+00
1.00000E+01	2.24719E+00	1.98721E+00
1.00000E+01	2.52809E+00	2.24313E+00
1.00000E+01	2.80899E+00	2.55299E+00
1.00000E+01	3.08989E+00	2.92526E+00
1.00000E+01	3.37079E+00	3.37038E+00
1.00000E+01	3.65169E+00	3.90098E+00
1.00000E+01	3.93258E+00	4.53176E+00
1.00000E+01	4.21348E+00	5.27936E+00
1.00000E+01	4.49438E+00	6.16184E+00
1.00000E+01	4.77528E+00	7.19796E+00
1.00000E+01	5.05618E+00	8.40610E+00
1.00000E+01	5.33708E+00	9.80295E+00
1.00000E+01	5.61798E+00	1.14020E+01
1.00000E+01	5.89888E+00	1.32123E+01
1.00000E+01	6.17978E+00	1.52377E+01
1.00000E+01	6.46067E+00	1.74771E+01
1.00000E+01	6.74157E+00	1.99255E+01
1.00000E+01	7.02247E+00	2.25763E+01
1.00000E+01	7.30337E+00	2.54237E+01
1.00000E+01	7.58427E+00	2.84652E+01
1.00000E+01	7.86517E+00	3.17027E+01
1.00000E+01	8.14607E+00	3.51428E+01
1.00000E+01	8.42697E+00	3.87945E+01
1.00000E+01	8.70787E+00	4.26664E+01
1.00000E+01	8.98876E+00	4.67627E+01
1.00000E+01	9.26966E+00	5.10800E+01
1.00000E+01	9.55056E+00	5.56044E+01
1.00000E+01	9.83146E+00	6.03109E+01
1.00000E+01	1.01124E+01	6.51641E+01
1.00000E+01	1.03933E+01	7.01198E+01
1.00000E+01	1.06742E+01	7.51283E+01
1.00000E+01	1.09551E+01	8.01368E+01
1.00000E+01	1.12360E+01	8.50917E+01
1.00000E+01	1.15169E+01	8.99404E+01
1.00000E+01	1.17978E+01	9.46321E+01
1.00000E+01	1.20787E+01	9.91190E+01
1.00000E+01	1.23596E+01	1.03357E+02
1.00000E+01	1.26404E+01	1.07308E+02
1.00000E+01	1.29213E+01	1.10940E+02
1.00000E+01	1.32022E+01	1.14230E+02
1.00000E+01	1.34831E+01	1.17164E+02
1.00000E+01	1.37640E+01	1.19739E+02
1.00000E+01	1.40449E+01	1.21963E+02
1.00000E+01	1.43258E+01	1.23851E+02
1.00000E+01	1.46067E+01	1.25427E+02
1.00000E+01	1.48876E+01	1.26721E+02
1.00000E+01	1.51685E+01	1.27764E+02
1.00000E+01	1.54494E+01	1.28586E+02
1.00000E+01	1.57303E+01	1.29218E+02
1.00000E+01	1.60112E+01	1.29682E+02
1.00000E+01	1.62921E+01	1.29999E+02
1.00000E+01	1.65730E+01	1.30184E+02
1.00000E+01	1.68539E+01	1.30247E+02
1.00000E+01	1.71348E+01	1.30196E+02
1.00000E+01	1.74157E+01	1.30035E+02
1.00000E+01	1.76966E+01	1.29771E+02
1.00000E+01	1.79775E+01	1.29406E+02
1.00000E+01	1.82584E+01	1.28943E+02
1.00000E+01	1.85393E+01	1.28387E+02
1.00000E+01	1.88202E+01	1.27741E+02
1.00000E+01	1.91011E+01	1.27008E+02
1.00000E+01	1.93820E+01	1.26194E+02
1.00000E+01	1.96629E+01	1.25303E+02
1.00000E+01	1.99438E+01	1.24341E+02
1.00000E+01	2.02247E+01	1.23315E+02
1.00000E+01	2.05056E+01	1.22231E+02
1.00000E+01	2.07865E+01	1.21095E+02
1.00000E+01	2.10674E+01	1.19913E+02
1.00000E+01	2.13483E+01	1.18694E+02
1.00000E+01	2.16292E+01	1.17442E+02
1.00000E+01	2.19101E+01	1.16163E+02
1.00000E+01	2.21910E+01	1.14865E+02
1.00000E+01	2.24719E+01	1.13554E+02
1.00000E+01	2.27528E+01	1.12236E+02
1.00000E+01	2.30337E+01	1.10919E+02
1.00000E+01	2.33146E+01	1.09609E+02
1.00000E+01	2.35955E+01	1.08313E+02
1.00000E+01	2.38764E+01	1.07036E+02
1.00000E+01	2.41573E+01	1.05783E+02
1.00000E+01	2.44382E+01	1.04557E+02
1.00000E+01	2.47191E+01	1.03359E+02
1.00000E+01	2.50000E+01	1.02193E+02
