1.00000E-04	0.00000E+00	1.31445E+05
1.00000E-04	2.80899E-01	3.52926E+04
1.00000E-04	5.61798E-01	4.08780E+04
1.00000E-04	8.42697E-01	4.16035E+04
1.00000E-04	1.12360E+00	4.20967E+04
1.00000E-04	1.40449E+00	4.21160E+04
1.00000E-04	1.68539E+00	4.23323E+04
1.00000E-04	1.96629E+00	4.23282E+04
1.00000E-04	2.24719E+00	4.26470E+04
1.00000E-04	2.52809E+00	4.30957E+04
1.00000E-04	2.80899E+00	4.27769E+04
1.00000E-04	3.08989E+00	4.22074E+04
1.00000E-04	3.37079E+00	4.18876E+04
1.00000E-04	3.65169E+00	4.15785E+04
1.00000E-04	3.93258E+00	4.08520E+04
1.00000E-04	4.21348E+00	4.03069E+04
1.00000E-04	4.49438E+00	3.99154E+04
1.00000E-04	4.77528E+00	3.94057E+04
1.00000E-04	5.05618E+00	3.87827E+04
1.00000E-04	5.33708E+00	3.83120E+04
1.00000E-04	5.61798E+00	3.78900E+04
1.00000E-04	5.89888E+00	3.73319E+04
1.00000E-04	6.17978E+00	3.67957E+04
1.00000E-04	6.46067E+00	3.63254E+04
1.00000E-04	6.74157E+00	3.58535E+04
1.00000E-04	7.02247E+00	3.52965E+04
1.00000E-04	7.30337E+00	3.47746E+04
1.00000E-04	7.58427E+00	3.42985E+04
1.00000E-04	7.86517E+00	3.37690E+04
1.00000E-04	8.14607E+00	3.32521E+04
1.00000E-04	8.42697E+00	3.27599E+04
1.00000E-04	8.70787E+00	3.22936E+04
1.00000E-04	8.98876E+00	3.17914E+04
1.00000E-04	9.26966E+00	3.13242E+04
1.00000E-04	9.55056E+00	3.08773E+04
1.00000E-04	9.83146E+00	3.04312E+04
1.00000E-04	1.01124E+01	2.99831E+04
1.00000E-04	1.03933E+01	2.95613E+04
1.00000E-04	1.06742E+01	2.91616E+04
1.00000E-04	1.09551E+01	2.87489E+04
1.00000E-04	1.12360E+01	2.83682E+04
1.00000E-04	1.15169E+01	2.79970E+04
1.00000E-04	1.17978E+01	2.76345E+04
1.00000E-04	1.20787E+01	2.72803E+04
1.00000E-04	1.23596E+01	2.69356E+04
1.00000E-04	1.26404E+01	2.66025E+04
1.00000E-04	1.29213E+01	2.62777E+04
1.00000E-04	1.32022E+01	2.59659E+04
1.00000E-04	1.34831E+01	2.56605E+04
1.00000E-04	1.37640E+01	2.53674E+04
1.00000E-04	1.40449E+01	2.50844E+04
1.00000E-04	1.43258E+01	2.48013E+04
1.00000E-04	1.46067E+01	2.45359E+04
1.00000E-04	1.48876E+01	2.42704E+04
1.00000E-04	1.51685E+01	2.40132E+04
1.00000E-04	1.54494E+01	2.37659E+04
1.00000E-04	1.57303E+01	2.35272E+04
1.00000E-04	1.60112E+01	2.32859E+04
1.00000E-04	1.62921E+01	2.30559E+04
1.00000E-04	1.65730E+01	2.28368E+04
1.00000E-04	1.68539E+01	2.26163E+04
1.00000E-04	1.71348E+01	2.24044E+04
1.00000E-04	1.74157E+01	2.21918E+04
1.00000E-04	1.76966E+01	2.19918E+04
1.00000E-04	1.79775E+01	2.17953E+04
1.00000E-04	1.82584E+01	2.16069E+04
1.00000E-04	1.85393E+01	2.14124E+04
1.00000E-04	1.88202E+01	2.12273E+04
1.00000E-04	1.91011E+01	2.10477E+04
1.00000E-04	1.93820E+01	2.08676E+04
1.00000E-04	1.96629E+01	2.07003E+04
1.00000E-04	1.99438E+01	2.05368E+04
1.00000E-04	2.02247E+01	2.03676E+04
1.00000E-04	2.05056E+01	2.02032E+04
1.00000E-04	2.07865E+01	2.00518E+04
1.00000E-04	2.10674E+01	1.98883E+04
1.00000E-04	2.13483E+01	1.97417E+04
1.00000E-04	2.16292E+01	1.95894E+04
1.00000E-04	2.19101E+01	1.94437E+04
1.00000E-04	2.21910E+01	1.93045E+04
1.00000E-04	2.24719E+01	1.91648E+04
1.00000E-04	2.27528E+01	1.90251E+04
1.00000E-04	2.30337E+01	1.88964E+04
1.00000E-04	2.33146E+01	1.87642E+04
1.00000E-04	2.35955E+01	1.86313E+04
1.00000E-04	2.38764E+01	1.85055E+04
1.00000E-04	2.41573E+01	1.83891E+04
1.00000E-04	2.44382E+01	1.82655E+04
1.00000E-04	2.47191E+01	1.81507E+04
1.00000E-04	2.50000E+01	1.80333E+04
5.00000E-04	0.00000E+00	1.93040E+04
5.00000E-04	2.80899E-01	3.52872E+04
5.00000E-04	5.61798E-01	4.08782E+04
5.00000E-04	8.42697E-01	4.16081E+04
5.00000E-04	1.12360E+00	4.20899E+04
5.00000E-04	1.40449E+00	4.21158E+04
5.00000E-04	1.68539E+00	4.23323E+04
5.00000E-04	1.96629E+00	4.23282E+04
5.00000E-04	2.24719E+00	4.26470E+04
5.00000E-04	2.52809E+00	4.30957E+04
5.00000E-04	2.80899E+00	4.27769E+04
5.00000E-04	3.08989E+00	4.22094E+04
5.00000E-04	3.37079E+00	4.18877E+04
5.00000E-04	3.65169E+00	4.15781E+04
5.00000E-04	3.93258E+00	4.08524E+04
5.00000E-04	4.21348E+00	4.03007E+04
5.00000E-04	4.49438E+00	3.99153E+04
5.00000E-04	4.77528E+00	3.94056E+04
5.00000E-04	5.05618E+00	3.87828E+04
5.00000E-04	5.33708E+00	3.83120E+04
5.00000E-04	5.61798E+00	3.78900E+04
5.00000E-04	5.89888E+00	3.73317E+04
5.00000E-04	6.17978E+00	3.67957E+04
5.00000E-04	6.46067E+00	3.63254E+04
5.00000E-04	6.74157E+00	3.58535E+04
5.00000E-04	7.02247E+00	3.52965E+04
5.00000E-04	7.30337E+00	3.47752E+04
5.00000E-04	7.58427E+00	3.42985E+04
5.00000E-04	7.86517E+00	3.37690E+04
5.00000E-04	8.14607E+00	3.32521E+04
5.00000E-04	8.42697E+00	3.27599E+04
5.00000E-04	8.70787E+00	3.22936E+04
5.00000E-04	8.98876E+00	3.17950E+04
5.00000E-04	9.26966E+00	3.13242E+04
5.00000E-04	9.55056E+00	3.08773E+04
5.00000E-04	9.83146E+00	3.04312E+04
5.00000E-04	1.01124E+01	2.99831E+04
5.00000E-04	1.03933E+01	2.95601E+04
5.00000E-04	1.06742E+01	2.91616E+04
5.00000E-04	1.09551E+01	2.87489E+04
5.00000E-04	1.12360E+01	2.83682E+04
5.00000E-04	1.15169E+01	2.79970E+04
5.00000E-04	1.17978E+01	2.76345E+04
5.00000E-04	1.20787E+01	2.72803E+04
5.00000E-04	1.23596E+01	2.69356E+04
5.00000E-04	1.26404E+01	2.66025E+04
5.00000E-04	1.29213E+01	2.62777E+04
5.00000E-04	1.32022E+01	2.59659E+04
5.00000E-04	1.34831E+01	2.56605E+04
5.00000E-04	1.37640E+01	2.53674E+04
5.00000E-04	1.40449E+01	2.50844E+04
5.00000E-04	1.43258E+01	2.48013E+04
5.00000E-04	1.46067E+01	2.45359E+04
5.00000E-04	1.48876E+01	2.42704E+04
5.00000E-04	1.51685E+01	2.40132E+04
5.00000E-04	1.54494E+01	2.37659E+04
5.00000E-04	1.57303E+01	2.35272E+04
5.00000E-04	1.60112E+01	2.32859E+04
5.00000E-04	1.62921E+01	2.30559E+04
5.00000E-04	1.65730E+01	2.28368E+04
5.00000E-04	1.68539E+01	2.26163E+04
5.00000E-04	1.71348E+01	2.24044E+04
5.00000E-04	1.74157E+01	2.21919E+04
5.00000E-04	1.76966E+01	2.19918E+04
5.00000E-04	1.79775E+01	2.17953E+04
5.00000E-04	1.82584E+01	2.16069E+04
5.00000E-04	1.85393E+01	2.14124E+04
5.00000E-04	1.88202E+01	2.12273E+04
5.00000E-04	1.91011E+01	2.10477E+04
5.00000E-04	1.93820E+01	2.08676E+04
5.00000E-04	1.96629E+01	2.07003E+04
5.00000E-04	1.99438E+01	2.05357E+04
5.00000E-04	2.02247E+01	2.03676E+04
5.00000E-04	2.05056E+01	2.02032E+04
5.00000E-04	2.07865E+01	2.00518E+04
5.00000E-04	2.10674E+01	1.98883E+04
5.00000E-04	2.13483E+01	1.97417E+04
5.00000E-04	2.16292E+01	1.95894E+04
5.00000E-04	2.19101E+01	1.94437E+04
5.00000E-04	2.21910E+01	1.93045E+04
5.00000E-04	2.24719E+01	1.91648E+04
5.00000E-04	2.27528E+01	1.90251E+04
5.00000E-04	2.30337E+01	1.88964E+04
5.00000E-04	2.33146E+01	1.87642E+04
5.00000E-04	2.35955E+01	1.86313E+04
5.00000E-04	2.38764E+01	1.85055E+04
5.00000E-04	2.41573E+01	1.83891E+04
5.00000E-04	2.44382E+01	1.82655E+04
5.00000E-04	2.47191E+01	1.81507E+04
5.00000E-04	2.50000E+01	1.80333E+04
1.00000E-03	0.00000E+00	1.20700E+04
1.00000E-03	2.80899E-01	3.52868E+04
1.00000E-03	5.61798E-01	4.08783E+04
1.00000E-03	8.42697E-01	4.16112E+04
1.00000E-03	1.12360E+00	4.20844E+04
1.00000E-03	1.40449E+00	4.21141E+04
1.00000E-03	1.68539E+00	4.23325E+04
1.00000E-03	1.96629E+00	4.23281E+04
1.00000E-03	2.24719E+00	4.26467E+04
1.00000E-03	2.52809E+00	4.30954E+04
1.00000E-03	2.80899E+00	4.27769E+04
1.00000E-03	3.08989E+00	4.22135E+04
1.00000E-03	3.37079E+00	4.18882E+04
1.00000E-03	3.65169E+00	4.15754E+04
1.00000E-03	3.93258E+00	4.08551E+04
1.00000E-03	4.21348E+00	4.02982E+04
1.00000E-03	4.49438E+00	3.99139E+04
1.00000E-03	4.77528E+00	3.94048E+04
1.00000E-03	5.05618E+00	3.87841E+04
1.00000E-03	5.33708E+00	3.83120E+04
1.00000E-03	5.61798E+00	3.78900E+04
1.00000E-03	5.89888E+00	3.73302E+04
1.00000E-03	6.17978E+00	3.67957E+04
1.00000E-03	6.46067E+00	3.63254E+04
1.00000E-03	6.74157E+00	3.58528E+04
1.00000E-03	7.02247E+00	3.52964E+04
1.00000E-03	7.30337E+00	3.47753E+04
1.00000E-03	7.58427E+00	3.42985E+04
1.00000E-03	7.86517E+00	3.37690E+04
1.00000E-03	8.14607E+00	3.32521E+04
1.00000E-03	8.42697E+00	3.27599E+04
1.00000E-03	8.70787E+00	3.22936E+04
1.00000E-03	8.98876E+00	3.17956E+04
1.00000E-03	9.26966E+00	3.13242E+04
1.00000E-03	9.55056E+00	3.08773E+04
1.00000E-03	9.83146E+00	3.04312E+04
1.00000E-03	1.01124E+01	2.99831E+04
1.00000E-03	1.03933E+01	2.95599E+04
1.00000E-03	1.06742E+01	2.91616E+04
1.00000E-03	1.09551E+01	2.87489E+04
1.00000E-03	1.12360E+01	2.83682E+04
1.00000E-03	1.15169E+01	2.79970E+04
1.00000E-03	1.17978E+01	2.76345E+04
1.00000E-03	1.20787E+01	2.72803E+04
1.00000E-03	1.23596E+01	2.69356E+04
1.00000E-03	1.26404E+01	2.66025E+04
1.00000E-03	1.29213E+01	2.62778E+04
1.00000E-03	1.32022E+01	2.59659E+04
1.00000E-03	1.34831E+01	2.56605E+04
1.00000E-03	1.37640E+01	2.53674E+04
1.00000E-03	1.40449E+01	2.50844E+04
1.00000E-03	1.43258E+01	2.48013E+04
1.00000E-03	1.46067E+01	2.45359E+04
1.00000E-03	1.48876E+01	2.42704E+04
1.00000E-03	1.51685E+01	2.40132E+04
1.00000E-03	1.54494E+01	2.37659E+04
1.00000E-03	1.57303E+01	2.35272E+04
1.00000E-03	1.60112E+01	2.32859E+04
1.00000E-03	1.62921E+01	2.30559E+04
1.00000E-03	1.65730E+01	2.28368E+04
1.00000E-03	1.68539E+01	2.26163E+04
1.00000E-03	1.71348E+01	2.24044E+04
1.00000E-03	1.74157E+01	2.21920E+04
1.00000E-03	1.76966E+01	2.19918E+04
1.00000E-03	1.79775E+01	2.17953E+04
1.00000E-03	1.82584E+01	2.16069E+04
1.00000E-03	1.85393E+01	2.14124E+04
1.00000E-03	1.88202E+01	2.12273E+04
1.00000E-03	1.91011E+01	2.10479E+04
1.00000E-03	1.93820E+01	2.08676E+04
1.00000E-03	1.96629E+01	2.07003E+04
1.00000E-03	1.99438E+01	2.05340E+04
1.00000E-03	2.02247E+01	2.03676E+04
1.00000E-03	2.05056E+01	2.02032E+04
1.00000E-03	2.07865E+01	2.00518E+04
1.00000E-03	2.10674E+01	1.98883E+04
1.00000E-03	2.13483E+01	1.97417E+04
1.00000E-03	2.16292E+01	1.95894E+04
1.00000E-03	2.19101E+01	1.94437E+04
1.00000E-03	2.21910E+01	1.93045E+04
1.00000E-03	2.24719E+01	1.91648E+04
1.00000E-03	2.27528E+01	1.90251E+04
1.00000E-03	2.30337E+01	1.88964E+04
1.00000E-03	2.33146E+01	1.87642E+04
1.00000E-03	2.35955E+01	1.86313E+04
1.00000E-03	2.38764E+01	1.85055E+04
1.00000E-03	2.41573E+01	1.83891E+04
1.00000E-03	2.44382E+01	1.82655E+04
1.00000E-03	2.47191E+01	1.81507E+04
1.00000E-03	2.50000E+01	1.80333E+04
5.00000E-03	0.00000E+00	8.60164E+03
5.00000E-03	2.80899E-01	3.52870E+04
5.00000E-03	5.61798E-01	4.08783E+04
5.00000E-03	8.42697E-01	4.16118E+04
5.00000E-03	1.12360E+00	4.20806E+04
5.00000E-03	1.40449E+00	4.21099E+04
5.00000E-03	1.68539E+00	4.23330E+04
5.00000E-03	1.96629E+00	4.23264E+04
5.00000E-03	2.24719E+00	4.26430E+04
5.00000E-03	2.52809E+00	4.30950E+04
5.00000E-03	2.80899E+00	4.27765E+04
5.00000E-03	3.08989E+00	4.22193E+04
5.00000E-03	3.37079E+00	4.18898E+04
5.00000E-03	3.65169E+00	4.15672E+04
5.00000E-03	3.93258E+00	4.08634E+04
5.00000E-03	4.21348E+00	4.02961E+04
5.00000E-03	4.49438E+00	3.99035E+04
5.00000E-03	4.77528E+00	3.93980E+04
5.00000E-03	5.05618E+00	3.87902E+04
5.00000E-03	5.33708E+00	3.83089E+04
5.00000E-03	5.61798E+00	3.78925E+04
5.00000E-03	5.89888E+00	3.73243E+04
5.00000E-03	6.17978E+00	3.67922E+04
5.00000E-03	6.46067E+00	3.63257E+04
5.00000E-03	6.74157E+00	3.58460E+04
5.00000E-03	7.02247E+00	3.52928E+04
5.00000E-03	7.30337E+00	3.47753E+04
5.00000E-03	7.58427E+00	3.42981E+04
5.00000E-03	7.86517E+00	3.37702E+04
5.00000E-03	8.14607E+00	3.32490E+04
5.00000E-03	8.42697E+00	3.27595E+04
5.00000E-03	8.70787E+00	3.22937E+04
5.00000E-03	8.98876E+00	3.17961E+04
5.00000E-03	9.26966E+00	3.13227E+04
5.00000E-03	9.55056E+00	3.08773E+04
5.00000E-03	9.83146E+00	3.04305E+04
5.00000E-03	1.01124E+01	2.99826E+04
5.00000E-03	1.03933E+01	2.95598E+04
5.00000E-03	1.06742E+01	2.91615E+04
5.00000E-03	1.09551E+01	2.87489E+04
5.00000E-03	1.12360E+01	2.83652E+04
5.00000E-03	1.15169E+01	2.79953E+04
5.00000E-03	1.17978E+01	2.76346E+04
5.00000E-03	1.20787E+01	2.72772E+04
5.00000E-03	1.23596E+01	2.69355E+04
5.00000E-03	1.26404E+01	2.66026E+04
5.00000E-03	1.29213E+01	2.62805E+04
5.00000E-03	1.32022E+01	2.59659E+04
5.00000E-03	1.34831E+01	2.56618E+04
5.00000E-03	1.37640E+01	2.53695E+04
5.00000E-03	1.40449E+01	2.50843E+04
5.00000E-03	1.43258E+01	2.48014E+04
5.00000E-03	1.46067E+01	2.45359E+04
5.00000E-03	1.48876E+01	2.42707E+04
5.00000E-03	1.51685E+01	2.40132E+04
5.00000E-03	1.54494E+01	2.37659E+04
5.00000E-03	1.57303E+01	2.35271E+04
5.00000E-03	1.60112E+01	2.32859E+04
5.00000E-03	1.62921E+01	2.30563E+04
5.00000E-03	1.65730E+01	2.28365E+04
5.00000E-03	1.68539E+01	2.26163E+04
5.00000E-03	1.71348E+01	2.24044E+04
5.00000E-03	1.74157E+01	2.21940E+04
5.00000E-03	1.76966E+01	2.19924E+04
5.00000E-03	1.79775E+01	2.17953E+04
5.00000E-03	1.82584E+01	2.16066E+04
5.00000E-03	1.85393E+01	2.14124E+04
5.00000E-03	1.88202E+01	2.12275E+04
5.00000E-03	1.91011E+01	2.10483E+04
5.00000E-03	1.93820E+01	2.08676E+04
5.00000E-03	1.96629E+01	2.07003E+04
5.00000E-03	1.99438E+01	2.05316E+04
5.00000E-03	2.02247E+01	2.03675E+04
5.00000E-03	2.05056E+01	2.02034E+04
5.00000E-03	2.07865E+01	2.00513E+04
5.00000E-03	2.10674E+01	1.98883E+04
5.00000E-03	2.13483E+01	1.97417E+04
5.00000E-03	2.16292E+01	1.95895E+04
5.00000E-03	2.19101E+01	1.94437E+04
5.00000E-03	2.21910E+01	1.93045E+04
5.00000E-03	2.24719E+01	1.91648E+04
5.00000E-03	2.27528E+01	1.90251E+04
5.00000E-03	2.30337E+01	1.88962E+04
5.00000E-03	2.33146E+01	1.87638E+04
5.00000E-03	2.35955E+01	1.86313E+04
5.00000E-03	2.38764E+01	1.85056E+04
5.00000E-03	2.41573E+01	1.83884E+04
5.00000E-03	2.44382E+01	1.82655E+04
5.00000E-03	2.47191E+01	1.81507E+04
5.00000E-03	2.50000E+01	1.80333E+04
1.00000E-02	0.00000E+00	8.67057E+03
1.00000E-02	2.80899E-01	3.52874E+04
1.00000E-02	5.61798E-01	4.08784E+04
1.00000E-02	8.42697E-01	4.16119E+04
1.00000E-02	1.12360E+00	4.20806E+04
1.00000E-02	1.40449E+00	4.21099E+04
1.00000E-02	1.68539E+00	4.23331E+04
1.00000E-02	1.96629E+00	4.23264E+04
1.00000E-02	2.24719E+00	4.26429E+04
1.00000E-02	2.52809E+00	4.30950E+04
1.00000E-02	2.80899E+00	4.27765E+04
1.00000E-02	3.08989E+00	4.22195E+04
1.00000E-02	3.37079E+00	4.18898E+04
1.00000E-02	3.65169E+00	4.15666E+04
1.00000E-02	3.93258E+00	4.08641E+04
1.00000E-02	4.21348E+00	4.02961E+04
1.00000E-02	4.49438E+00	3.99015E+04
1.00000E-02	4.77528E+00	3.93972E+04
1.00000E-02	5.05618E+00	3.87907E+04
1.00000E-02	5.33708E+00	3.83079E+04
1.00000E-02	5.61798E+00	3.78937E+04
1.00000E-02	5.89888E+00	3.73236E+04
1.00000E-02	6.17978E+00	3.67902E+04
1.00000E-02	6.46067E+00	3.63260E+04
1.00000E-02	6.74157E+00	3.58444E+04
1.00000E-02	7.02247E+00	3.52918E+04
1.00000E-02	7.30337E+00	3.47752E+04
1.00000E-02	7.58427E+00	3.42981E+04
1.00000E-02	7.86517E+00	3.37707E+04
1.00000E-02	8.14607E+00	3.32460E+04
1.00000E-02	8.42697E+00	3.27583E+04
1.00000E-02	8.70787E+00	3.22941E+04
1.00000E-02	8.98876E+00	3.17962E+04
1.00000E-02	9.26966E+00	3.13212E+04
1.00000E-02	9.55056E+00	3.08771E+04
1.00000E-02	9.83146E+00	3.04289E+04
1.00000E-02	1.01124E+01	2.99810E+04
1.00000E-02	1.03933E+01	2.95599E+04
1.00000E-02	1.06742E+01	2.91608E+04
1.00000E-02	1.09551E+01	2.87499E+04
1.00000E-02	1.12360E+01	2.83627E+04
1.00000E-02	1.15169E+01	2.79934E+04
1.00000E-02	1.17978E+01	2.76345E+04
1.00000E-02	1.20787E+01	2.72756E+04
1.00000E-02	1.23596E+01	2.69344E+04
1.00000E-02	1.26404E+01	2.66036E+04
1.00000E-02	1.29213E+01	2.62819E+04
1.00000E-02	1.32022E+01	2.59660E+04
1.00000E-02	1.34831E+01	2.56632E+04
1.00000E-02	1.37640E+01	2.53712E+04
1.00000E-02	1.40449E+01	2.50837E+04
1.00000E-02	1.43258E+01	2.48018E+04
1.00000E-02	1.46067E+01	2.45359E+04
1.00000E-02	1.48876E+01	2.42715E+04
1.00000E-02	1.51685E+01	2.40134E+04
1.00000E-02	1.54494E+01	2.37659E+04
1.00000E-02	1.57303E+01	2.35264E+04
1.00000E-02	1.60112E+01	2.32865E+04
1.00000E-02	1.62921E+01	2.30568E+04
1.00000E-02	1.65730E+01	2.28353E+04
1.00000E-02	1.68539E+01	2.26163E+04
1.00000E-02	1.71348E+01	2.24044E+04
1.00000E-02	1.74157E+01	2.21945E+04
1.00000E-02	1.76966E+01	2.19929E+04
1.00000E-02	1.79775E+01	2.17953E+04
1.00000E-02	1.82584E+01	2.16052E+04
1.00000E-02	1.85393E+01	2.14125E+04
1.00000E-02	1.88202E+01	2.12281E+04
1.00000E-02	1.91011E+01	2.10482E+04
1.00000E-02	1.93820E+01	2.08680E+04
1.00000E-02	1.96629E+01	2.07003E+04
1.00000E-02	1.99438E+01	2.05313E+04
1.00000E-02	2.02247E+01	2.03672E+04
1.00000E-02	2.05056E+01	2.02039E+04
1.00000E-02	2.07865E+01	2.00496E+04
1.00000E-02	2.10674E+01	1.98886E+04
1.00000E-02	2.13483E+01	1.97417E+04
1.00000E-02	2.16292E+01	1.95898E+04
1.00000E-02	2.19101E+01	1.94437E+04
1.00000E-02	2.21910E+01	1.93045E+04
1.00000E-02	2.24719E+01	1.91647E+04
1.00000E-02	2.27528E+01	1.90252E+04
1.00000E-02	2.30337E+01	1.88953E+04
1.00000E-02	2.33146E+01	1.87630E+04
1.00000E-02	2.35955E+01	1.86314E+04
1.00000E-02	2.38764E+01	1.85063E+04
1.00000E-02	2.41573E+01	1.83871E+04
1.00000E-02	2.44382E+01	1.82655E+04
1.00000E-02	2.47191E+01	1.81506E+04
1.00000E-02	2.50000E+01	1.80333E+04
5.00000E-02	0.00000E+00	1.04762E+04
5.00000E-02	2.80899E-01	3.52992E+04
5.00000E-02	5.61798E-01	4.08811E+04
5.00000E-02	8.42697E-01	4.16133E+04
5.00000E-02	1.12360E+00	4.20816E+04
5.00000E-02	1.40449E+00	4.21106E+04
5.00000E-02	1.68539E+00	4.23336E+04
5.00000E-02	1.96629E+00	4.23267E+04
5.00000E-02	2.24719E+00	4.26432E+04
5.00000E-02	2.52809E+00	4.30952E+04
5.00000E-02	2.80899E+00	4.27766E+04
5.00000E-02	3.08989E+00	4.22196E+04
5.00000E-02	3.37079E+00	4.18899E+04
5.00000E-02	3.65169E+00	4.15667E+04
5.00000E-02	3.93258E+00	4.08642E+04
5.00000E-02	4.21348E+00	4.02962E+04
5.00000E-02	4.49438E+00	3.99010E+04
5.00000E-02	4.77528E+00	3.93967E+04
5.00000E-02	5.05618E+00	3.87908E+04
5.00000E-02	5.33708E+00	3.83079E+04
5.00000E-02	5.61798E+00	3.78934E+04
5.00000E-02	5.89888E+00	3.73235E+04
5.00000E-02	6.17978E+00	3.67899E+04
5.00000E-02	6.46067E+00	3.63260E+04
5.00000E-02	6.74157E+00	3.58441E+04
5.00000E-02	7.02247E+00	3.52917E+04
5.00000E-02	7.30337E+00	3.47752E+04
5.00000E-02	7.58427E+00	3.42981E+04
5.00000E-02	7.86517E+00	3.37707E+04
5.00000E-02	8.14607E+00	3.32447E+04
5.00000E-02	8.42697E+00	3.27577E+04
5.00000E-02	8.70787E+00	3.22945E+04
5.00000E-02	8.98876E+00	3.17963E+04
5.00000E-02	9.26966E+00	3.13208E+04
5.00000E-02	9.55056E+00	3.08770E+04
5.00000E-02	9.83146E+00	3.04280E+04
5.00000E-02	1.01124E+01	2.99802E+04
5.00000E-02	1.03933E+01	2.95600E+04
5.00000E-02	1.06742E+01	2.91594E+04
5.00000E-02	1.09551E+01	2.87522E+04
5.00000E-02	1.12360E+01	2.83611E+04
5.00000E-02	1.15169E+01	2.79923E+04
5.00000E-02	1.17978E+01	2.76344E+04
5.00000E-02	1.20787E+01	2.72749E+04
5.00000E-02	1.23596E+01	2.69323E+04
5.00000E-02	1.26404E+01	2.66056E+04
5.00000E-02	1.29213E+01	2.62825E+04
5.00000E-02	1.32022E+01	2.59660E+04
5.00000E-02	1.34831E+01	2.56641E+04
5.00000E-02	1.37640E+01	2.53724E+04
5.00000E-02	1.40449E+01	2.50822E+04
5.00000E-02	1.43258E+01	2.48027E+04
5.00000E-02	1.46067E+01	2.45349E+04
5.00000E-02	1.48876E+01	2.42719E+04
5.00000E-02	1.51685E+01	2.40136E+04
5.00000E-02	1.54494E+01	2.37651E+04
5.00000E-02	1.57303E+01	2.35252E+04
5.00000E-02	1.60112E+01	2.32877E+04
5.00000E-02	1.62921E+01	2.30570E+04
5.00000E-02	1.65730E+01	2.28343E+04
5.00000E-02	1.68539E+01	2.26165E+04
5.00000E-02	1.71348E+01	2.24025E+04
5.00000E-02	1.74157E+01	2.21947E+04
5.00000E-02	1.76966E+01	2.19930E+04
5.00000E-02	1.79775E+01	2.17950E+04
5.00000E-02	1.82584E+01	2.16014E+04
5.00000E-02	1.85393E+01	2.14128E+04
5.00000E-02	1.88202E+01	2.12288E+04
5.00000E-02	1.91011E+01	2.10482E+04
5.00000E-02	1.93820E+01	2.08717E+04
5.00000E-02	1.96629E+01	2.06998E+04
5.00000E-02	1.99438E+01	2.05310E+04
5.00000E-02	2.02247E+01	2.03657E+04
5.00000E-02	2.05056E+01	2.02043E+04
5.00000E-02	2.07865E+01	2.00465E+04
5.00000E-02	2.10674E+01	1.98916E+04
5.00000E-02	2.13483E+01	1.97403E+04
5.00000E-02	2.16292E+01	1.95915E+04
5.00000E-02	2.19101E+01	1.94457E+04
5.00000E-02	2.21910E+01	1.93033E+04
5.00000E-02	2.24719E+01	1.91638E+04
5.00000E-02	2.27528E+01	1.90272E+04
5.00000E-02	2.30337E+01	1.88934E+04
5.00000E-02	2.33146E+01	1.87622E+04
5.00000E-02	2.35955E+01	1.86334E+04
5.00000E-02	2.38764E+01	1.85077E+04
5.00000E-02	2.41573E+01	1.83856E+04
5.00000E-02	2.44382E+01	1.82659E+04
5.00000E-02	2.47191E+01	1.81487E+04
5.00000E-02	2.50000E+01	1.80333E+04
1.00000E-01	0.00000E+00	1.27054E+04
1.00000E-01	2.80899E-01	3.53288E+04
1.00000E-01	5.61798E-01	4.08867E+04
1.00000E-01	8.42697E-01	4.16172E+04
1.00000E-01	1.12360E+00	4.20832E+04
1.00000E-01	1.40449E+00	4.21127E+04
1.00000E-01	1.68539E+00	4.23350E+04
1.00000E-01	1.96629E+00	4.23277E+04
1.00000E-01	2.24719E+00	4.26440E+04
1.00000E-01	2.52809E+00	4.30956E+04
1.00000E-01	2.80899E+00	4.27771E+04
1.00000E-01	3.08989E+00	4.22200E+04
1.00000E-01	3.37079E+00	4.18902E+04
1.00000E-01	3.65169E+00	4.15666E+04
1.00000E-01	3.93258E+00	4.08644E+04
1.00000E-01	4.21348E+00	4.02964E+04
1.00000E-01	4.49438E+00	3.99003E+04
1.00000E-01	4.77528E+00	3.93959E+04
1.00000E-01	5.05618E+00	3.87909E+04
1.00000E-01	5.33708E+00	3.83080E+04
1.00000E-01	5.61798E+00	3.78925E+04
1.00000E-01	5.89888E+00	3.73236E+04
1.00000E-01	6.17978E+00	3.67900E+04
1.00000E-01	6.46067E+00	3.63260E+04
1.00000E-01	6.74157E+00	3.58441E+04
1.00000E-01	7.02247E+00	3.52917E+04
1.00000E-01	7.30337E+00	3.47752E+04
1.00000E-01	7.58427E+00	3.42980E+04
1.00000E-01	7.86517E+00	3.37707E+04
1.00000E-01	8.14607E+00	3.32447E+04
1.00000E-01	8.42697E+00	3.27577E+04
1.00000E-01	8.70787E+00	3.22943E+04
1.00000E-01	8.98876E+00	3.17964E+04
1.00000E-01	9.26966E+00	3.13208E+04
1.00000E-01	9.55056E+00	3.08770E+04
1.00000E-01	9.83146E+00	3.04280E+04
1.00000E-01	1.01124E+01	2.99802E+04
1.00000E-01	1.03933E+01	2.95600E+04
1.00000E-01	1.06742E+01	2.91593E+04
1.00000E-01	1.09551E+01	2.87522E+04
1.00000E-01	1.12360E+01	2.83611E+04
1.00000E-01	1.15169E+01	2.79923E+04
1.00000E-01	1.17978E+01	2.76344E+04
1.00000E-01	1.20787E+01	2.72749E+04
1.00000E-01	1.23596E+01	2.69323E+04
1.00000E-01	1.26404E+01	2.66056E+04
1.00000E-01	1.29213E+01	2.62825E+04
1.00000E-01	1.32022E+01	2.59660E+04
1.00000E-01	1.34831E+01	2.56641E+04
1.00000E-01	1.37640E+01	2.53724E+04
1.00000E-01	1.40449E+01	2.50822E+04
1.00000E-01	1.43258E+01	2.48027E+04
1.00000E-01	1.46067E+01	2.45348E+04
1.00000E-01	1.48876E+01	2.42719E+04
1.00000E-01	1.51685E+01	2.40136E+04
1.00000E-01	1.54494E+01	2.37651E+04
1.00000E-01	1.57303E+01	2.35252E+04
1.00000E-01	1.60112E+01	2.32877E+04
1.00000E-01	1.62921E+01	2.30570E+04
1.00000E-01	1.65730E+01	2.28343E+04
1.00000E-01	1.68539E+01	2.26165E+04
1.00000E-01	1.71348E+01	2.24024E+04
1.00000E-01	1.74157E+01	2.21947E+04
1.00000E-01	1.76966E+01	2.19930E+04
1.00000E-01	1.79775E+01	2.17950E+04
1.00000E-01	1.82584E+01	2.16013E+04
1.00000E-01	1.85393E+01	2.14128E+04
1.00000E-01	1.88202E+01	2.12288E+04
1.00000E-01	1.91011E+01	2.10482E+04
1.00000E-01	1.93820E+01	2.08718E+04
1.00000E-01	1.96629E+01	2.06998E+04
1.00000E-01	1.99438E+01	2.05310E+04
1.00000E-01	2.02247E+01	2.03657E+04
1.00000E-01	2.05056E+01	2.02043E+04
1.00000E-01	2.07865E+01	2.00464E+04
1.00000E-01	2.10674E+01	1.98917E+04
1.00000E-01	2.13483E+01	1.97403E+04
1.00000E-01	2.16292E+01	1.95915E+04
1.00000E-01	2.19101E+01	1.94458E+04
1.00000E-01	2.21910E+01	1.93033E+04
1.00000E-01	2.24719E+01	1.91637E+04
1.00000E-01	2.27528E+01	1.90272E+04
1.00000E-01	2.30337E+01	1.88934E+04
1.00000E-01	2.33146E+01	1.87622E+04
1.00000E-01	2.35955E+01	1.86335E+04
1.00000E-01	2.38764E+01	1.85077E+04
1.00000E-01	2.41573E+01	1.83855E+04
1.00000E-01	2.44382E+01	1.82659E+04
1.00000E-01	2.47191E+01	1.81485E+04
1.00000E-01	2.50000E+01	1.80333E+04
2.00000E-01	0.00000E+00	1.66585E+04
2.00000E-01	2.80899E-01	3.54026E+04
2.00000E-01	5.61798E-01	4.08899E+04
2.00000E-01	8.42697E-01	4.16303E+04
2.00000E-01	1.12360E+00	4.20833E+04
2.00000E-01	1.40449E+00	4.21201E+04
2.00000E-01	1.68539E+00	4.23387E+04
2.00000E-01	1.96629E+00	4.23316E+04
2.00000E-01	2.24719E+00	4.26470E+04
2.00000E-01	2.52809E+00	4.30952E+04
2.00000E-01	2.80899E+00	4.27782E+04
2.00000E-01	3.08989E+00	4.22213E+04
2.00000E-01	3.37079E+00	4.18915E+04
2.00000E-01	3.65169E+00	4.15640E+04
2.00000E-01	3.93258E+00	4.08652E+04
2.00000E-01	4.21348E+00	4.02972E+04
2.00000E-01	4.49438E+00	3.98986E+04
2.00000E-01	4.77528E+00	3.93940E+04
2.00000E-01	5.05618E+00	3.87914E+04
2.00000E-01	5.33708E+00	3.83085E+04
2.00000E-01	5.61798E+00	3.78901E+04
2.00000E-01	5.89888E+00	3.73238E+04
2.00000E-01	6.17978E+00	3.67902E+04
2.00000E-01	6.46067E+00	3.63261E+04
2.00000E-01	6.74157E+00	3.58440E+04
2.00000E-01	7.02247E+00	3.52918E+04
2.00000E-01	7.30337E+00	3.47753E+04
2.00000E-01	7.58427E+00	3.42977E+04
2.00000E-01	7.86517E+00	3.37708E+04
2.00000E-01	8.14607E+00	3.32448E+04
2.00000E-01	8.42697E+00	3.27577E+04
2.00000E-01	8.70787E+00	3.22936E+04
2.00000E-01	8.98876E+00	3.17964E+04
2.00000E-01	9.26966E+00	3.13209E+04
2.00000E-01	9.55056E+00	3.08768E+04
2.00000E-01	9.83146E+00	3.04278E+04
2.00000E-01	1.01124E+01	2.99802E+04
2.00000E-01	1.03933E+01	2.95601E+04
2.00000E-01	1.06742E+01	2.91591E+04
2.00000E-01	1.09551E+01	2.87522E+04
2.00000E-01	1.12360E+01	2.83611E+04
2.00000E-01	1.15169E+01	2.79922E+04
2.00000E-01	1.17978E+01	2.76343E+04
2.00000E-01	1.20787E+01	2.72749E+04
2.00000E-01	1.23596E+01	2.69323E+04
2.00000E-01	1.26404E+01	2.66056E+04
2.00000E-01	1.29213E+01	2.62825E+04
2.00000E-01	1.32022E+01	2.59660E+04
2.00000E-01	1.34831E+01	2.56641E+04
2.00000E-01	1.37640E+01	2.53723E+04
2.00000E-01	1.40449E+01	2.50822E+04
2.00000E-01	1.43258E+01	2.48027E+04
2.00000E-01	1.46067E+01	2.45347E+04
2.00000E-01	1.48876E+01	2.42719E+04
2.00000E-01	1.51685E+01	2.40137E+04
2.00000E-01	1.54494E+01	2.37651E+04
2.00000E-01	1.57303E+01	2.35252E+04
2.00000E-01	1.60112E+01	2.32877E+04
2.00000E-01	1.62921E+01	2.30570E+04
2.00000E-01	1.65730E+01	2.28343E+04
2.00000E-01	1.68539E+01	2.26165E+04
2.00000E-01	1.71348E+01	2.24024E+04
2.00000E-01	1.74157E+01	2.21947E+04
2.00000E-01	1.76966E+01	2.19930E+04
2.00000E-01	1.79775E+01	2.17950E+04
2.00000E-01	1.82584E+01	2.16013E+04
2.00000E-01	1.85393E+01	2.14128E+04
2.00000E-01	1.88202E+01	2.12288E+04
2.00000E-01	1.91011E+01	2.10482E+04
2.00000E-01	1.93820E+01	2.08718E+04
2.00000E-01	1.96629E+01	2.06998E+04
2.00000E-01	1.99438E+01	2.05310E+04
2.00000E-01	2.02247E+01	2.03657E+04
2.00000E-01	2.05056E+01	2.02043E+04
2.00000E-01	2.07865E+01	2.00464E+04
2.00000E-01	2.10674E+01	1.98917E+04
2.00000E-01	2.13483E+01	1.97403E+04
2.00000E-01	2.16292E+01	1.95915E+04
2.00000E-01	2.19101E+01	1.94458E+04
2.00000E-01	2.21910E+01	1.93033E+04
2.00000E-01	2.24719E+01	1.91637E+04
2.00000E-01	2.27528E+01	1.90272E+04
2.00000E-01	2.30337E+01	1.88934E+04
2.00000E-01	2.33146E+01	1.87622E+04
2.00000E-01	2.35955E+01	1.86335E+04
2.00000E-01	2.38764E+01	1.85077E+04
2.00000E-01	2.41573E+01	1.83855E+04
2.00000E-01	2.44382E+01	1.82659E+04
2.00000E-01	2.47191E+01	1.81485E+04
2.00000E-01	2.50000E+01	1.80333E+04
2.50000E-01	0.00000E+00	1.83523E+04
2.50000E-01	2.80899E-01	3.54308E+04
2.50000E-01	5.61798E-01	4.08862E+04
2.50000E-01	8.42697E-01	4.16385E+04
2.50000E-01	1.12360E+00	4.20825E+04
2.50000E-01	1.40449E+00	4.21248E+04
2.50000E-01	1.68539E+00	4.23402E+04
2.50000E-01	1.96629E+00	4.23343E+04
2.50000E-01	2.24719E+00	4.26492E+04
2.50000E-01	2.52809E+00	4.30939E+04
2.50000E-01	2.80899E+00	4.27786E+04
2.50000E-01	3.08989E+00	4.22222E+04
2.50000E-01	3.37079E+00	4.18923E+04
2.50000E-01	3.65169E+00	4.15618E+04
2.50000E-01	3.93258E+00	4.08658E+04
2.50000E-01	4.21348E+00	4.02978E+04
2.50000E-01	4.49438E+00	3.98978E+04
2.50000E-01	4.77528E+00	3.93931E+04
2.50000E-01	5.05618E+00	3.87917E+04
2.50000E-01	5.33708E+00	3.83088E+04
2.50000E-01	5.61798E+00	3.78888E+04
2.50000E-01	5.89888E+00	3.73240E+04
2.50000E-01	6.17978E+00	3.67904E+04
2.50000E-01	6.46067E+00	3.63262E+04
2.50000E-01	6.74157E+00	3.58438E+04
2.50000E-01	7.02247E+00	3.52918E+04
2.50000E-01	7.30337E+00	3.47753E+04
2.50000E-01	7.58427E+00	3.42974E+04
2.50000E-01	7.86517E+00	3.37708E+04
2.50000E-01	8.14607E+00	3.32448E+04
2.50000E-01	8.42697E+00	3.27578E+04
2.50000E-01	8.70787E+00	3.22932E+04
2.50000E-01	8.98876E+00	3.17964E+04
2.50000E-01	9.26966E+00	3.13209E+04
2.50000E-01	9.55056E+00	3.08767E+04
2.50000E-01	9.83146E+00	3.04277E+04
2.50000E-01	1.01124E+01	2.99802E+04
2.50000E-01	1.03933E+01	2.95601E+04
2.50000E-01	1.06742E+01	2.91589E+04
2.50000E-01	1.09551E+01	2.87522E+04
2.50000E-01	1.12360E+01	2.83611E+04
2.50000E-01	1.15169E+01	2.79922E+04
2.50000E-01	1.17978E+01	2.76342E+04
2.50000E-01	1.20787E+01	2.72749E+04
2.50000E-01	1.23596E+01	2.69324E+04
2.50000E-01	1.26404E+01	2.66056E+04
2.50000E-01	1.29213E+01	2.62825E+04
2.50000E-01	1.32022E+01	2.59660E+04
2.50000E-01	1.34831E+01	2.56641E+04
2.50000E-01	1.37640E+01	2.53722E+04
2.50000E-01	1.40449E+01	2.50822E+04
2.50000E-01	1.43258E+01	2.48027E+04
2.50000E-01	1.46067E+01	2.45347E+04
2.50000E-01	1.48876E+01	2.42719E+04
2.50000E-01	1.51685E+01	2.40137E+04
2.50000E-01	1.54494E+01	2.37651E+04
2.50000E-01	1.57303E+01	2.35252E+04
2.50000E-01	1.60112E+01	2.32877E+04
2.50000E-01	1.62921E+01	2.30570E+04
2.50000E-01	1.65730E+01	2.28343E+04
2.50000E-01	1.68539E+01	2.26165E+04
2.50000E-01	1.71348E+01	2.24024E+04
2.50000E-01	1.74157E+01	2.21947E+04
2.50000E-01	1.76966E+01	2.19930E+04
2.50000E-01	1.79775E+01	2.17950E+04
2.50000E-01	1.82584E+01	2.16013E+04
2.50000E-01	1.85393E+01	2.14128E+04
2.50000E-01	1.88202E+01	2.12288E+04
2.50000E-01	1.91011E+01	2.10482E+04
2.50000E-01	1.93820E+01	2.08718E+04
2.50000E-01	1.96629E+01	2.06997E+04
2.50000E-01	1.99438E+01	2.05310E+04
2.50000E-01	2.02247E+01	2.03657E+04
2.50000E-01	2.05056E+01	2.02042E+04
2.50000E-01	2.07865E+01	2.00464E+04
2.50000E-01	2.10674E+01	1.98917E+04
2.50000E-01	2.13483E+01	1.97402E+04
2.50000E-01	2.16292E+01	1.95915E+04
2.50000E-01	2.19101E+01	1.94458E+04
2.50000E-01	2.21910E+01	1.93033E+04
2.50000E-01	2.24719E+01	1.91637E+04
2.50000E-01	2.27528E+01	1.90272E+04
2.50000E-01	2.30337E+01	1.88934E+04
2.50000E-01	2.33146E+01	1.87621E+04
2.50000E-01	2.35955E+01	1.86335E+04
2.50000E-01	2.38764E+01	1.85077E+04
2.50000E-01	2.41573E+01	1.83855E+04
2.50000E-01	2.44382E+01	1.82659E+04
2.50000E-01	2.47191E+01	1.81485E+04
2.50000E-01	2.50000E+01	1.80333E+04
3.00000E-01	0.00000E+00	1.98772E+04
3.00000E-01	2.80899E-01	3.54527E+04
3.00000E-01	5.61798E-01	4.08787E+04
3.00000E-01	8.42697E-01	4.16469E+04
3.00000E-01	1.12360E+00	4.20814E+04
3.00000E-01	1.40449E+00	4.21298E+04
3.00000E-01	1.68539E+00	4.23411E+04
3.00000E-01	1.96629E+00	4.23375E+04
3.00000E-01	2.24719E+00	4.26518E+04
3.00000E-01	2.52809E+00	4.30919E+04
3.00000E-01	2.80899E+00	4.27787E+04
3.00000E-01	3.08989E+00	4.22233E+04
3.00000E-01	3.37079E+00	4.18932E+04
3.00000E-01	3.65169E+00	4.15592E+04
3.00000E-01	3.93258E+00	4.08665E+04
3.00000E-01	4.21348E+00	4.02985E+04
3.00000E-01	4.49438E+00	3.98970E+04
3.00000E-01	4.77528E+00	3.93922E+04
3.00000E-01	5.05618E+00	3.87921E+04
3.00000E-01	5.33708E+00	3.83092E+04
3.00000E-01	5.61798E+00	3.78874E+04
3.00000E-01	5.89888E+00	3.73242E+04
3.00000E-01	6.17978E+00	3.67905E+04
3.00000E-01	6.46067E+00	3.63262E+04
3.00000E-01	6.74157E+00	3.58435E+04
3.00000E-01	7.02247E+00	3.52919E+04
3.00000E-01	7.30337E+00	3.47754E+04
3.00000E-01	7.58427E+00	3.42970E+04
3.00000E-01	7.86517E+00	3.37707E+04
3.00000E-01	8.14607E+00	3.32448E+04
3.00000E-01	8.42697E+00	3.27578E+04
3.00000E-01	8.70787E+00	3.22928E+04
3.00000E-01	8.98876E+00	3.17964E+04
3.00000E-01	9.26966E+00	3.13209E+04
3.00000E-01	9.55056E+00	3.08765E+04
3.00000E-01	9.83146E+00	3.04275E+04
3.00000E-01	1.01124E+01	2.99802E+04
3.00000E-01	1.03933E+01	2.95601E+04
3.00000E-01	1.06742E+01	2.91588E+04
3.00000E-01	1.09551E+01	2.87522E+04
3.00000E-01	1.12360E+01	2.83611E+04
3.00000E-01	1.15169E+01	2.79922E+04
3.00000E-01	1.17978E+01	2.76340E+04
3.00000E-01	1.20787E+01	2.72749E+04
3.00000E-01	1.23596E+01	2.69324E+04
3.00000E-01	1.26404E+01	2.66056E+04
3.00000E-01	1.29213E+01	2.62825E+04
3.00000E-01	1.32022E+01	2.59660E+04
3.00000E-01	1.34831E+01	2.56641E+04
3.00000E-01	1.37640E+01	2.53722E+04
3.00000E-01	1.40449E+01	2.50822E+04
3.00000E-01	1.43258E+01	2.48027E+04
3.00000E-01	1.46067E+01	2.45347E+04
3.00000E-01	1.48876E+01	2.42719E+04
3.00000E-01	1.51685E+01	2.40137E+04
3.00000E-01	1.54494E+01	2.37651E+04
3.00000E-01	1.57303E+01	2.35251E+04
3.00000E-01	1.60112E+01	2.32877E+04
3.00000E-01	1.62921E+01	2.30570E+04
3.00000E-01	1.65730E+01	2.28343E+04
3.00000E-01	1.68539E+01	2.26165E+04
3.00000E-01	1.71348E+01	2.24024E+04
3.00000E-01	1.74157E+01	2.21947E+04
3.00000E-01	1.76966E+01	2.19930E+04
3.00000E-01	1.79775E+01	2.17950E+04
3.00000E-01	1.82584E+01	2.16013E+04
3.00000E-01	1.85393E+01	2.14128E+04
3.00000E-01	1.88202E+01	2.12288E+04
3.00000E-01	1.91011E+01	2.10482E+04
3.00000E-01	1.93820E+01	2.08718E+04
3.00000E-01	1.96629E+01	2.06997E+04
3.00000E-01	1.99438E+01	2.05310E+04
3.00000E-01	2.02247E+01	2.03657E+04
3.00000E-01	2.05056E+01	2.02042E+04
3.00000E-01	2.07865E+01	2.00464E+04
3.00000E-01	2.10674E+01	1.98917E+04
3.00000E-01	2.13483E+01	1.97402E+04
3.00000E-01	2.16292E+01	1.95915E+04
3.00000E-01	2.19101E+01	1.94458E+04
3.00000E-01	2.21910E+01	1.93033E+04
3.00000E-01	2.24719E+01	1.91637E+04
3.00000E-01	2.27528E+01	1.90272E+04
3.00000E-01	2.30337E+01	1.88934E+04
3.00000E-01	2.33146E+01	1.87621E+04
3.00000E-01	2.35955E+01	1.86335E+04
3.00000E-01	2.38764E+01	1.85077E+04
3.00000E-01	2.41573E+01	1.83855E+04
3.00000E-01	2.44382E+01	1.82659E+04
3.00000E-01	2.47191E+01	1.81485E+04
3.00000E-01	2.50000E+01	1.80333E+04
4.00000E-01	0.00000E+00	2.25094E+04
4.00000E-01	2.80899E-01	3.55337E+04
4.00000E-01	5.61798E-01	4.08492E+04
4.00000E-01	8.42697E-01	4.16621E+04
4.00000E-01	1.12360E+00	4.20787E+04
4.00000E-01	1.40449E+00	4.21406E+04
4.00000E-01	1.68539E+00	4.23418E+04
4.00000E-01	1.96629E+00	4.23451E+04
4.00000E-01	2.24719E+00	4.26580E+04
4.00000E-01	2.52809E+00	4.30856E+04
4.00000E-01	2.80899E+00	4.27782E+04
4.00000E-01	3.08989E+00	4.22260E+04
4.00000E-01	3.37079E+00	4.18949E+04
4.00000E-01	3.65169E+00	4.15529E+04
4.00000E-01	3.93258E+00	4.08680E+04
4.00000E-01	4.21348E+00	4.03002E+04
4.00000E-01	4.49438E+00	3.98953E+04
4.00000E-01	4.77528E+00	3.93903E+04
4.00000E-01	5.05618E+00	3.87931E+04
4.00000E-01	5.33708E+00	3.83101E+04
4.00000E-01	5.61798E+00	3.78843E+04
4.00000E-01	5.89888E+00	3.73245E+04
4.00000E-01	6.17978E+00	3.67910E+04
4.00000E-01	6.46067E+00	3.63261E+04
4.00000E-01	6.74157E+00	3.58426E+04
4.00000E-01	7.02247E+00	3.52919E+04
4.00000E-01	7.30337E+00	3.47755E+04
4.00000E-01	7.58427E+00	3.42959E+04
4.00000E-01	7.86517E+00	3.37706E+04
4.00000E-01	8.14607E+00	3.32449E+04
4.00000E-01	8.42697E+00	3.27579E+04
4.00000E-01	8.70787E+00	3.22918E+04
4.00000E-01	8.98876E+00	3.17964E+04
4.00000E-01	9.26966E+00	3.13210E+04
4.00000E-01	9.55056E+00	3.08762E+04
4.00000E-01	9.83146E+00	3.04272E+04
4.00000E-01	1.01124E+01	2.99803E+04
4.00000E-01	1.03933E+01	2.95602E+04
4.00000E-01	1.06742E+01	2.91584E+04
4.00000E-01	1.09551E+01	2.87522E+04
4.00000E-01	1.12360E+01	2.83612E+04
4.00000E-01	1.15169E+01	2.79921E+04
4.00000E-01	1.17978E+01	2.76337E+04
4.00000E-01	1.20787E+01	2.72750E+04
4.00000E-01	1.23596E+01	2.69324E+04
4.00000E-01	1.26404E+01	2.66055E+04
4.00000E-01	1.29213E+01	2.62824E+04
4.00000E-01	1.32022E+01	2.59660E+04
4.00000E-01	1.34831E+01	2.56640E+04
4.00000E-01	1.37640E+01	2.53720E+04
4.00000E-01	1.40449E+01	2.50822E+04
4.00000E-01	1.43258E+01	2.48027E+04
4.00000E-01	1.46067E+01	2.45347E+04
4.00000E-01	1.48876E+01	2.42718E+04
4.00000E-01	1.51685E+01	2.40137E+04
4.00000E-01	1.54494E+01	2.37651E+04
4.00000E-01	1.57303E+01	2.35250E+04
4.00000E-01	1.60112E+01	2.32877E+04
4.00000E-01	1.62921E+01	2.30570E+04
4.00000E-01	1.65730E+01	2.28342E+04
4.00000E-01	1.68539E+01	2.26164E+04
4.00000E-01	1.71348E+01	2.24024E+04
4.00000E-01	1.74157E+01	2.21947E+04
4.00000E-01	1.76966E+01	2.19930E+04
4.00000E-01	1.79775E+01	2.17950E+04
4.00000E-01	1.82584E+01	2.16013E+04
4.00000E-01	1.85393E+01	2.14128E+04
4.00000E-01	1.88202E+01	2.12287E+04
4.00000E-01	1.91011E+01	2.10482E+04
4.00000E-01	1.93820E+01	2.08718E+04
4.00000E-01	1.96629E+01	2.06997E+04
4.00000E-01	1.99438E+01	2.05310E+04
4.00000E-01	2.02247E+01	2.03657E+04
4.00000E-01	2.05056E+01	2.02042E+04
4.00000E-01	2.07865E+01	2.00464E+04
4.00000E-01	2.10674E+01	1.98917E+04
4.00000E-01	2.13483E+01	1.97402E+04
4.00000E-01	2.16292E+01	1.95915E+04
4.00000E-01	2.19101E+01	1.94458E+04
4.00000E-01	2.21910E+01	1.93033E+04
4.00000E-01	2.24719E+01	1.91637E+04
4.00000E-01	2.27528E+01	1.90272E+04
4.00000E-01	2.30337E+01	1.88934E+04
4.00000E-01	2.33146E+01	1.87621E+04
4.00000E-01	2.35955E+01	1.86335E+04
4.00000E-01	2.38764E+01	1.85078E+04
4.00000E-01	2.41573E+01	1.83855E+04
4.00000E-01	2.44382E+01	1.82659E+04
4.00000E-01	2.47191E+01	1.81485E+04
4.00000E-01	2.50000E+01	1.80333E+04
5.00000E-01	0.00000E+00	2.47058E+04
5.00000E-01	2.80899E-01	3.57567E+04
5.00000E-01	5.61798E-01	4.07971E+04
5.00000E-01	8.42697E-01	4.16717E+04
5.00000E-01	1.12360E+00	4.20745E+04
5.00000E-01	1.40449E+00	4.21515E+04
5.00000E-01	1.68539E+00	4.23414E+04
5.00000E-01	1.96629E+00	4.23542E+04
5.00000E-01	2.24719E+00	4.26653E+04
5.00000E-01	2.52809E+00	4.30767E+04
5.00000E-01	2.80899E+00	4.27764E+04
5.00000E-01	3.08989E+00	4.22292E+04
5.00000E-01	3.37079E+00	4.18965E+04
5.00000E-01	3.65169E+00	4.15456E+04
5.00000E-01	3.93258E+00	4.08698E+04
5.00000E-01	4.21348E+00	4.03023E+04
5.00000E-01	4.49438E+00	3.98934E+04
5.00000E-01	4.77528E+00	3.93882E+04
5.00000E-01	5.05618E+00	3.87942E+04
5.00000E-01	5.33708E+00	3.83110E+04
5.00000E-01	5.61798E+00	3.78809E+04
5.00000E-01	5.89888E+00	3.73247E+04
5.00000E-01	6.17978E+00	3.67915E+04
5.00000E-01	6.46067E+00	3.63257E+04
5.00000E-01	6.74157E+00	3.58412E+04
5.00000E-01	7.02247E+00	3.52920E+04
5.00000E-01	7.30337E+00	3.47757E+04
5.00000E-01	7.58427E+00	3.42945E+04
5.00000E-01	7.86517E+00	3.37703E+04
5.00000E-01	8.14607E+00	3.32450E+04
5.00000E-01	8.42697E+00	3.27579E+04
5.00000E-01	8.70787E+00	3.22907E+04
5.00000E-01	8.98876E+00	3.17964E+04
5.00000E-01	9.26966E+00	3.13211E+04
5.00000E-01	9.55056E+00	3.08757E+04
5.00000E-01	9.83146E+00	3.04269E+04
5.00000E-01	1.01124E+01	2.99803E+04
5.00000E-01	1.03933E+01	2.95602E+04
5.00000E-01	1.06742E+01	2.91579E+04
5.00000E-01	1.09551E+01	2.87521E+04
5.00000E-01	1.12360E+01	2.83612E+04
5.00000E-01	1.15169E+01	2.79920E+04
5.00000E-01	1.17978E+01	2.76334E+04
5.00000E-01	1.20787E+01	2.72750E+04
5.00000E-01	1.23596E+01	2.69324E+04
5.00000E-01	1.26404E+01	2.66054E+04
5.00000E-01	1.29213E+01	2.62824E+04
5.00000E-01	1.32022E+01	2.59660E+04
5.00000E-01	1.34831E+01	2.56640E+04
5.00000E-01	1.37640E+01	2.53718E+04
5.00000E-01	1.40449E+01	2.50822E+04
5.00000E-01	1.43258E+01	2.48027E+04
5.00000E-01	1.46067E+01	2.45346E+04
5.00000E-01	1.48876E+01	2.42718E+04
5.00000E-01	1.51685E+01	2.40137E+04
5.00000E-01	1.54494E+01	2.37651E+04
5.00000E-01	1.57303E+01	2.35249E+04
5.00000E-01	1.60112E+01	2.32877E+04
5.00000E-01	1.62921E+01	2.30570E+04
5.00000E-01	1.65730E+01	2.28342E+04
5.00000E-01	1.68539E+01	2.26164E+04
5.00000E-01	1.71348E+01	2.24024E+04
5.00000E-01	1.74157E+01	2.21947E+04
5.00000E-01	1.76966E+01	2.19929E+04
5.00000E-01	1.79775E+01	2.17949E+04
5.00000E-01	1.82584E+01	2.16013E+04
5.00000E-01	1.85393E+01	2.14128E+04
5.00000E-01	1.88202E+01	2.12287E+04
5.00000E-01	1.91011E+01	2.10482E+04
5.00000E-01	1.93820E+01	2.08718E+04
5.00000E-01	1.96629E+01	2.06997E+04
5.00000E-01	1.99438E+01	2.05309E+04
5.00000E-01	2.02247E+01	2.03657E+04
5.00000E-01	2.05056E+01	2.02042E+04
5.00000E-01	2.07865E+01	2.00464E+04
5.00000E-01	2.10674E+01	1.98917E+04
5.00000E-01	2.13483E+01	1.97402E+04
5.00000E-01	2.16292E+01	1.95915E+04
5.00000E-01	2.19101E+01	1.94458E+04
5.00000E-01	2.21910E+01	1.93032E+04
5.00000E-01	2.24719E+01	1.91637E+04
5.00000E-01	2.27528E+01	1.90272E+04
5.00000E-01	2.30337E+01	1.88934E+04
5.00000E-01	2.33146E+01	1.87621E+04
5.00000E-01	2.35955E+01	1.86335E+04
5.00000E-01	2.38764E+01	1.85078E+04
5.00000E-01	2.41573E+01	1.83855E+04
5.00000E-01	2.44382E+01	1.82659E+04
5.00000E-01	2.47191E+01	1.81485E+04
5.00000E-01	2.50000E+01	1.80333E+04
6.00000E-01	0.00000E+00	2.65685E+04
6.00000E-01	2.80899E-01	3.61188E+04
6.00000E-01	5.61798E-01	4.07261E+04
6.00000E-01	8.42697E-01	4.16721E+04
6.00000E-01	1.12360E+00	4.20681E+04
6.00000E-01	1.40449E+00	4.21614E+04
6.00000E-01	1.68539E+00	4.23403E+04
6.00000E-01	1.96629E+00	4.23644E+04
6.00000E-01	2.24719E+00	4.26734E+04
6.00000E-01	2.52809E+00	4.30657E+04
6.00000E-01	2.80899E+00	4.27734E+04
6.00000E-01	3.08989E+00	4.22328E+04
6.00000E-01	3.37079E+00	4.18976E+04
6.00000E-01	3.65169E+00	4.15375E+04
6.00000E-01	3.93258E+00	4.08714E+04
6.00000E-01	4.21348E+00	4.03047E+04
6.00000E-01	4.49438E+00	3.98911E+04
6.00000E-01	4.77528E+00	3.93858E+04
6.00000E-01	5.05618E+00	3.87955E+04
6.00000E-01	5.33708E+00	3.83119E+04
6.00000E-01	5.61798E+00	3.78772E+04
6.00000E-01	5.89888E+00	3.73248E+04
6.00000E-01	6.17978E+00	3.67921E+04
6.00000E-01	6.46067E+00	3.63251E+04
6.00000E-01	6.74157E+00	3.58393E+04
6.00000E-01	7.02247E+00	3.52920E+04
6.00000E-01	7.30337E+00	3.47758E+04
6.00000E-01	7.58427E+00	3.42929E+04
6.00000E-01	7.86517E+00	3.37698E+04
6.00000E-01	8.14607E+00	3.32451E+04
6.00000E-01	8.42697E+00	3.27579E+04
6.00000E-01	8.70787E+00	3.22895E+04
6.00000E-01	8.98876E+00	3.17963E+04
6.00000E-01	9.26966E+00	3.13212E+04
6.00000E-01	9.55056E+00	3.08751E+04
6.00000E-01	9.83146E+00	3.04265E+04
6.00000E-01	1.01124E+01	2.99804E+04
6.00000E-01	1.03933E+01	2.95602E+04
6.00000E-01	1.06742E+01	2.91574E+04
6.00000E-01	1.09551E+01	2.87520E+04
6.00000E-01	1.12360E+01	2.83613E+04
6.00000E-01	1.15169E+01	2.79918E+04
6.00000E-01	1.17978E+01	2.76330E+04
6.00000E-01	1.20787E+01	2.72750E+04
6.00000E-01	1.23596E+01	2.69324E+04
6.00000E-01	1.26404E+01	2.66052E+04
6.00000E-01	1.29213E+01	2.62822E+04
6.00000E-01	1.32022E+01	2.59661E+04
6.00000E-01	1.34831E+01	2.56640E+04
6.00000E-01	1.37640E+01	2.53716E+04
6.00000E-01	1.40449E+01	2.50822E+04
6.00000E-01	1.43258E+01	2.48027E+04
6.00000E-01	1.46067E+01	2.45345E+04
6.00000E-01	1.48876E+01	2.42717E+04
6.00000E-01	1.51685E+01	2.40137E+04
6.00000E-01	1.54494E+01	2.37651E+04
6.00000E-01	1.57303E+01	2.35248E+04
6.00000E-01	1.60112E+01	2.32877E+04
6.00000E-01	1.62921E+01	2.30570E+04
6.00000E-01	1.65730E+01	2.28342E+04
6.00000E-01	1.68539E+01	2.26163E+04
6.00000E-01	1.71348E+01	2.24024E+04
6.00000E-01	1.74157E+01	2.21947E+04
6.00000E-01	1.76966E+01	2.19929E+04
6.00000E-01	1.79775E+01	2.17949E+04
6.00000E-01	1.82584E+01	2.16013E+04
6.00000E-01	1.85393E+01	2.14128E+04
6.00000E-01	1.88202E+01	2.12287E+04
6.00000E-01	1.91011E+01	2.10482E+04
6.00000E-01	1.93820E+01	2.08718E+04
6.00000E-01	1.96629E+01	2.06997E+04
6.00000E-01	1.99438E+01	2.05309E+04
6.00000E-01	2.02247E+01	2.03657E+04
6.00000E-01	2.05056E+01	2.02042E+04
6.00000E-01	2.07865E+01	2.00464E+04
6.00000E-01	2.10674E+01	1.98917E+04
6.00000E-01	2.13483E+01	1.97402E+04
6.00000E-01	2.16292E+01	1.95915E+04
6.00000E-01	2.19101E+01	1.94458E+04
6.00000E-01	2.21910E+01	1.93032E+04
6.00000E-01	2.24719E+01	1.91637E+04
6.00000E-01	2.27528E+01	1.90272E+04
6.00000E-01	2.30337E+01	1.88934E+04
6.00000E-01	2.33146E+01	1.87621E+04
6.00000E-01	2.35955E+01	1.86335E+04
6.00000E-01	2.38764E+01	1.85078E+04
6.00000E-01	2.41573E+01	1.83855E+04
6.00000E-01	2.44382E+01	1.82659E+04
6.00000E-01	2.47191E+01	1.81485E+04
6.00000E-01	2.50000E+01	1.80333E+04
7.00000E-01	0.00000E+00	2.81671E+04
7.00000E-01	2.80899E-01	3.65261E+04
7.00000E-01	5.61798E-01	4.06525E+04
7.00000E-01	8.42697E-01	4.16606E+04
7.00000E-01	1.12360E+00	4.20586E+04
7.00000E-01	1.40449E+00	4.21695E+04
7.00000E-01	1.68539E+00	4.23386E+04
7.00000E-01	1.96629E+00	4.23751E+04
7.00000E-01	2.24719E+00	4.26817E+04
7.00000E-01	2.52809E+00	4.30529E+04
7.00000E-01	2.80899E+00	4.27690E+04
7.00000E-01	3.08989E+00	4.22368E+04
7.00000E-01	3.37079E+00	4.18982E+04
7.00000E-01	3.65169E+00	4.15287E+04
7.00000E-01	3.93258E+00	4.08729E+04
7.00000E-01	4.21348E+00	4.03073E+04
7.00000E-01	4.49438E+00	3.98885E+04
7.00000E-01	4.77528E+00	3.93829E+04
7.00000E-01	5.05618E+00	3.87970E+04
7.00000E-01	5.33708E+00	3.83127E+04
7.00000E-01	5.61798E+00	3.78732E+04
7.00000E-01	5.89888E+00	3.73247E+04
7.00000E-01	6.17978E+00	3.67927E+04
7.00000E-01	6.46067E+00	3.63243E+04
7.00000E-01	6.74157E+00	3.58372E+04
7.00000E-01	7.02247E+00	3.52920E+04
7.00000E-01	7.30337E+00	3.47759E+04
7.00000E-01	7.58427E+00	3.42912E+04
7.00000E-01	7.86517E+00	3.37692E+04
7.00000E-01	8.14607E+00	3.32451E+04
7.00000E-01	8.42697E+00	3.27578E+04
7.00000E-01	8.70787E+00	3.22881E+04
7.00000E-01	8.98876E+00	3.17962E+04
7.00000E-01	9.26966E+00	3.13212E+04
7.00000E-01	9.55056E+00	3.08745E+04
7.00000E-01	9.83146E+00	3.04260E+04
7.00000E-01	1.01124E+01	2.99804E+04
7.00000E-01	1.03933E+01	2.95602E+04
7.00000E-01	1.06742E+01	2.91568E+04
7.00000E-01	1.09551E+01	2.87519E+04
7.00000E-01	1.12360E+01	2.83613E+04
7.00000E-01	1.15169E+01	2.79917E+04
7.00000E-01	1.17978E+01	2.76326E+04
7.00000E-01	1.20787E+01	2.72750E+04
7.00000E-01	1.23596E+01	2.69324E+04
7.00000E-01	1.26404E+01	2.66050E+04
7.00000E-01	1.29213E+01	2.62821E+04
7.00000E-01	1.32022E+01	2.59661E+04
7.00000E-01	1.34831E+01	2.56639E+04
7.00000E-01	1.37640E+01	2.53714E+04
7.00000E-01	1.40449E+01	2.50822E+04
7.00000E-01	1.43258E+01	2.48027E+04
7.00000E-01	1.46067E+01	2.45344E+04
7.00000E-01	1.48876E+01	2.42716E+04
7.00000E-01	1.51685E+01	2.40137E+04
7.00000E-01	1.54494E+01	2.37651E+04
7.00000E-01	1.57303E+01	2.35246E+04
7.00000E-01	1.60112E+01	2.32876E+04
7.00000E-01	1.62921E+01	2.30570E+04
7.00000E-01	1.65730E+01	2.28341E+04
7.00000E-01	1.68539E+01	2.26162E+04
7.00000E-01	1.71348E+01	2.24023E+04
7.00000E-01	1.74157E+01	2.21946E+04
7.00000E-01	1.76966E+01	2.19928E+04
7.00000E-01	1.79775E+01	2.17949E+04
7.00000E-01	1.82584E+01	2.16013E+04
7.00000E-01	1.85393E+01	2.14128E+04
7.00000E-01	1.88202E+01	2.12286E+04
7.00000E-01	1.91011E+01	2.10482E+04
7.00000E-01	1.93820E+01	2.08718E+04
7.00000E-01	1.96629E+01	2.06996E+04
7.00000E-01	1.99438E+01	2.05309E+04
7.00000E-01	2.02247E+01	2.03656E+04
7.00000E-01	2.05056E+01	2.02042E+04
7.00000E-01	2.07865E+01	2.00463E+04
7.00000E-01	2.10674E+01	1.98917E+04
7.00000E-01	2.13483E+01	1.97402E+04
7.00000E-01	2.16292E+01	1.95915E+04
7.00000E-01	2.19101E+01	1.94458E+04
7.00000E-01	2.21910E+01	1.93032E+04
7.00000E-01	2.24719E+01	1.91637E+04
7.00000E-01	2.27528E+01	1.90272E+04
7.00000E-01	2.30337E+01	1.88933E+04
7.00000E-01	2.33146E+01	1.87621E+04
7.00000E-01	2.35955E+01	1.86335E+04
7.00000E-01	2.38764E+01	1.85078E+04
7.00000E-01	2.41573E+01	1.83855E+04
7.00000E-01	2.44382E+01	1.82659E+04
7.00000E-01	2.47191E+01	1.81485E+04
7.00000E-01	2.50000E+01	1.80333E+04
8.00000E-01	0.00000E+00	2.95515E+04
8.00000E-01	2.80899E-01	3.68940E+04
8.00000E-01	5.61798E-01	4.05985E+04
8.00000E-01	8.42697E-01	4.16369E+04
8.00000E-01	1.12360E+00	4.20449E+04
8.00000E-01	1.40449E+00	4.21748E+04
8.00000E-01	1.68539E+00	4.23364E+04
8.00000E-01	1.96629E+00	4.23862E+04
8.00000E-01	2.24719E+00	4.26898E+04
8.00000E-01	2.52809E+00	4.30388E+04
8.00000E-01	2.80899E+00	4.27633E+04
8.00000E-01	3.08989E+00	4.22408E+04
8.00000E-01	3.37079E+00	4.18982E+04
8.00000E-01	3.65169E+00	4.15195E+04
8.00000E-01	3.93258E+00	4.08741E+04
8.00000E-01	4.21348E+00	4.03100E+04
8.00000E-01	4.49438E+00	3.98855E+04
8.00000E-01	4.77528E+00	3.93798E+04
8.00000E-01	5.05618E+00	3.87984E+04
8.00000E-01	5.33708E+00	3.83133E+04
8.00000E-01	5.61798E+00	3.78691E+04
8.00000E-01	5.89888E+00	3.73244E+04
8.00000E-01	6.17978E+00	3.67933E+04
8.00000E-01	6.46067E+00	3.63232E+04
8.00000E-01	6.74157E+00	3.58348E+04
8.00000E-01	7.02247E+00	3.52918E+04
8.00000E-01	7.30337E+00	3.47759E+04
8.00000E-01	7.58427E+00	3.42892E+04
8.00000E-01	7.86517E+00	3.37684E+04
8.00000E-01	8.14607E+00	3.32452E+04
8.00000E-01	8.42697E+00	3.27575E+04
8.00000E-01	8.70787E+00	3.22867E+04
8.00000E-01	8.98876E+00	3.17959E+04
8.00000E-01	9.26966E+00	3.13212E+04
8.00000E-01	9.55056E+00	3.08737E+04
8.00000E-01	9.83146E+00	3.04254E+04
8.00000E-01	1.01124E+01	2.99804E+04
8.00000E-01	1.03933E+01	2.95601E+04
8.00000E-01	1.06742E+01	2.91561E+04
8.00000E-01	1.09551E+01	2.87518E+04
8.00000E-01	1.12360E+01	2.83613E+04
8.00000E-01	1.15169E+01	2.79915E+04
8.00000E-01	1.17978E+01	2.76321E+04
8.00000E-01	1.20787E+01	2.72750E+04
8.00000E-01	1.23596E+01	2.69324E+04
8.00000E-01	1.26404E+01	2.66048E+04
8.00000E-01	1.29213E+01	2.62819E+04
8.00000E-01	1.32022E+01	2.59661E+04
8.00000E-01	1.34831E+01	2.56638E+04
8.00000E-01	1.37640E+01	2.53711E+04
8.00000E-01	1.40449E+01	2.50821E+04
8.00000E-01	1.43258E+01	2.48027E+04
8.00000E-01	1.46067E+01	2.45343E+04
8.00000E-01	1.48876E+01	2.42714E+04
8.00000E-01	1.51685E+01	2.40137E+04
8.00000E-01	1.54494E+01	2.37651E+04
8.00000E-01	1.57303E+01	2.35245E+04
8.00000E-01	1.60112E+01	2.32876E+04
8.00000E-01	1.62921E+01	2.30570E+04
8.00000E-01	1.65730E+01	2.28340E+04
8.00000E-01	1.68539E+01	2.26162E+04
8.00000E-01	1.71348E+01	2.24023E+04
8.00000E-01	1.74157E+01	2.21946E+04
8.00000E-01	1.76966E+01	2.19927E+04
8.00000E-01	1.79775E+01	2.17948E+04
8.00000E-01	1.82584E+01	2.16013E+04
8.00000E-01	1.85393E+01	2.14127E+04
8.00000E-01	1.88202E+01	2.12286E+04
8.00000E-01	1.91011E+01	2.10481E+04
8.00000E-01	1.93820E+01	2.08718E+04
8.00000E-01	1.96629E+01	2.06996E+04
8.00000E-01	1.99438E+01	2.05309E+04
8.00000E-01	2.02247E+01	2.03656E+04
8.00000E-01	2.05056E+01	2.02042E+04
8.00000E-01	2.07865E+01	2.00463E+04
8.00000E-01	2.10674E+01	1.98917E+04
8.00000E-01	2.13483E+01	1.97401E+04
8.00000E-01	2.16292E+01	1.95915E+04
8.00000E-01	2.19101E+01	1.94458E+04
8.00000E-01	2.21910E+01	1.93032E+04
8.00000E-01	2.24719E+01	1.91637E+04
8.00000E-01	2.27528E+01	1.90272E+04
8.00000E-01	2.30337E+01	1.88933E+04
8.00000E-01	2.33146E+01	1.87621E+04
8.00000E-01	2.35955E+01	1.86335E+04
8.00000E-01	2.38764E+01	1.85078E+04
8.00000E-01	2.41573E+01	1.83855E+04
8.00000E-01	2.44382E+01	1.82658E+04
8.00000E-01	2.47191E+01	1.81485E+04
8.00000E-01	2.50000E+01	1.80332E+04
9.00000E-01	0.00000E+00	3.07590E+04
9.00000E-01	2.80899E-01	3.71907E+04
9.00000E-01	5.61798E-01	4.05806E+04
9.00000E-01	8.42697E-01	4.16038E+04
9.00000E-01	1.12360E+00	4.20263E+04
9.00000E-01	1.40449E+00	4.21766E+04
9.00000E-01	1.68539E+00	4.23335E+04
9.00000E-01	1.96629E+00	4.23971E+04
9.00000E-01	2.24719E+00	4.26974E+04
9.00000E-01	2.52809E+00	4.30235E+04
9.00000E-01	2.80899E+00	4.27563E+04
9.00000E-01	3.08989E+00	4.22446E+04
9.00000E-01	3.37079E+00	4.18974E+04
9.00000E-01	3.65169E+00	4.15098E+04
9.00000E-01	3.93258E+00	4.08749E+04
9.00000E-01	4.21348E+00	4.03127E+04
9.00000E-01	4.49438E+00	3.98822E+04
9.00000E-01	4.77528E+00	3.93762E+04
9.00000E-01	5.05618E+00	3.87998E+04
9.00000E-01	5.33708E+00	3.83138E+04
9.00000E-01	5.61798E+00	3.78648E+04
9.00000E-01	5.89888E+00	3.73238E+04
9.00000E-01	6.17978E+00	3.67939E+04
9.00000E-01	6.46067E+00	3.63218E+04
9.00000E-01	6.74157E+00	3.58322E+04
9.00000E-01	7.02247E+00	3.52915E+04
9.00000E-01	7.30337E+00	3.47758E+04
9.00000E-01	7.58427E+00	3.42872E+04
9.00000E-01	7.86517E+00	3.37674E+04
9.00000E-01	8.14607E+00	3.32452E+04
9.00000E-01	8.42697E+00	3.27572E+04
9.00000E-01	8.70787E+00	3.22852E+04
9.00000E-01	8.98876E+00	3.17956E+04
9.00000E-01	9.26966E+00	3.13212E+04
9.00000E-01	9.55056E+00	3.08729E+04
9.00000E-01	9.83146E+00	3.04248E+04
9.00000E-01	1.01124E+01	2.99804E+04
9.00000E-01	1.03933E+01	2.95599E+04
9.00000E-01	1.06742E+01	2.91555E+04
9.00000E-01	1.09551E+01	2.87516E+04
9.00000E-01	1.12360E+01	2.83613E+04
9.00000E-01	1.15169E+01	2.79913E+04
9.00000E-01	1.17978E+01	2.76316E+04
9.00000E-01	1.20787E+01	2.72749E+04
9.00000E-01	1.23596E+01	2.69324E+04
9.00000E-01	1.26404E+01	2.66045E+04
9.00000E-01	1.29213E+01	2.62817E+04
9.00000E-01	1.32022E+01	2.59661E+04
9.00000E-01	1.34831E+01	2.56638E+04
9.00000E-01	1.37640E+01	2.53709E+04
9.00000E-01	1.40449E+01	2.50821E+04
9.00000E-01	1.43258E+01	2.48027E+04
9.00000E-01	1.46067E+01	2.45341E+04
9.00000E-01	1.48876E+01	2.42713E+04
9.00000E-01	1.51685E+01	2.40136E+04
9.00000E-01	1.54494E+01	2.37650E+04
9.00000E-01	1.57303E+01	2.35243E+04
9.00000E-01	1.60112E+01	2.32875E+04
9.00000E-01	1.62921E+01	2.30570E+04
9.00000E-01	1.65730E+01	2.28340E+04
9.00000E-01	1.68539E+01	2.26161E+04
9.00000E-01	1.71348E+01	2.24023E+04
9.00000E-01	1.74157E+01	2.21946E+04
9.00000E-01	1.76966E+01	2.19927E+04
9.00000E-01	1.79775E+01	2.17948E+04
9.00000E-01	1.82584E+01	2.16012E+04
9.00000E-01	1.85393E+01	2.14127E+04
9.00000E-01	1.88202E+01	2.12285E+04
9.00000E-01	1.91011E+01	2.10481E+04
9.00000E-01	1.93820E+01	2.08717E+04
9.00000E-01	1.96629E+01	2.06995E+04
9.00000E-01	1.99438E+01	2.05308E+04
9.00000E-01	2.02247E+01	2.03656E+04
9.00000E-01	2.05056E+01	2.02042E+04
9.00000E-01	2.07865E+01	2.00463E+04
9.00000E-01	2.10674E+01	1.98916E+04
9.00000E-01	2.13483E+01	1.97401E+04
9.00000E-01	2.16292E+01	1.95914E+04
9.00000E-01	2.19101E+01	1.94458E+04
9.00000E-01	2.21910E+01	1.93032E+04
9.00000E-01	2.24719E+01	1.91637E+04
9.00000E-01	2.27528E+01	1.90272E+04
9.00000E-01	2.30337E+01	1.88933E+04
9.00000E-01	2.33146E+01	1.87621E+04
9.00000E-01	2.35955E+01	1.86335E+04
9.00000E-01	2.38764E+01	1.85078E+04
9.00000E-01	2.41573E+01	1.83855E+04
9.00000E-01	2.44382E+01	1.82658E+04
9.00000E-01	2.47191E+01	1.81485E+04
9.00000E-01	2.50000E+01	1.80332E+04
1.00000E+00	0.00000E+00	3.18183E+04
1.00000E+00	2.80899E-01	3.74254E+04
1.00000E+00	5.61798E-01	4.06047E+04
1.00000E+00	8.42697E-01	4.15666E+04
1.00000E+00	1.12360E+00	4.20025E+04
1.00000E+00	1.40449E+00	4.21745E+04
1.00000E+00	1.68539E+00	4.23297E+04
1.00000E+00	1.96629E+00	4.24075E+04
1.00000E+00	2.24719E+00	4.27040E+04
1.00000E+00	2.52809E+00	4.30071E+04
1.00000E+00	2.80899E+00	4.27480E+04
1.00000E+00	3.08989E+00	4.22480E+04
1.00000E+00	3.37079E+00	4.18959E+04
1.00000E+00	3.65169E+00	4.14998E+04
1.00000E+00	3.93258E+00	4.08753E+04
1.00000E+00	4.21348E+00	4.03152E+04
1.00000E+00	4.49438E+00	3.98786E+04
1.00000E+00	4.77528E+00	3.93724E+04
1.00000E+00	5.05618E+00	3.88010E+04
1.00000E+00	5.33708E+00	3.83139E+04
1.00000E+00	5.61798E+00	3.78604E+04
1.00000E+00	5.89888E+00	3.73229E+04
1.00000E+00	6.17978E+00	3.67944E+04
1.00000E+00	6.46067E+00	3.63203E+04
1.00000E+00	6.74157E+00	3.58293E+04
1.00000E+00	7.02247E+00	3.52911E+04
1.00000E+00	7.30337E+00	3.47755E+04
1.00000E+00	7.58427E+00	3.42850E+04
1.00000E+00	7.86517E+00	3.37662E+04
1.00000E+00	8.14607E+00	3.32451E+04
1.00000E+00	8.42697E+00	3.27568E+04
1.00000E+00	8.70787E+00	3.22836E+04
1.00000E+00	8.98876E+00	3.17951E+04
1.00000E+00	9.26966E+00	3.13211E+04
1.00000E+00	9.55056E+00	3.08721E+04
1.00000E+00	9.83146E+00	3.04241E+04
1.00000E+00	1.01124E+01	2.99804E+04
1.00000E+00	1.03933E+01	2.95597E+04
1.00000E+00	1.06742E+01	2.91548E+04
1.00000E+00	1.09551E+01	2.87513E+04
1.00000E+00	1.12360E+01	2.83613E+04
1.00000E+00	1.15169E+01	2.79910E+04
1.00000E+00	1.17978E+01	2.76311E+04
1.00000E+00	1.20787E+01	2.72748E+04
1.00000E+00	1.23596E+01	2.69324E+04
1.00000E+00	1.26404E+01	2.66042E+04
1.00000E+00	1.29213E+01	2.62815E+04
1.00000E+00	1.32022E+01	2.59660E+04
1.00000E+00	1.34831E+01	2.56636E+04
1.00000E+00	1.37640E+01	2.53706E+04
1.00000E+00	1.40449E+01	2.50820E+04
1.00000E+00	1.43258E+01	2.48027E+04
1.00000E+00	1.46067E+01	2.45340E+04
1.00000E+00	1.48876E+01	2.42711E+04
1.00000E+00	1.51685E+01	2.40136E+04
1.00000E+00	1.54494E+01	2.37650E+04
1.00000E+00	1.57303E+01	2.35242E+04
1.00000E+00	1.60112E+01	2.32875E+04
1.00000E+00	1.62921E+01	2.30570E+04
1.00000E+00	1.65730E+01	2.28339E+04
1.00000E+00	1.68539E+01	2.26160E+04
1.00000E+00	1.71348E+01	2.24023E+04
1.00000E+00	1.74157E+01	2.21946E+04
1.00000E+00	1.76966E+01	2.19926E+04
1.00000E+00	1.79775E+01	2.17947E+04
1.00000E+00	1.82584E+01	2.16012E+04
1.00000E+00	1.85393E+01	2.14126E+04
1.00000E+00	1.88202E+01	2.12285E+04
1.00000E+00	1.91011E+01	2.10480E+04
1.00000E+00	1.93820E+01	2.08717E+04
1.00000E+00	1.96629E+01	2.06995E+04
1.00000E+00	1.99438E+01	2.05308E+04
1.00000E+00	2.02247E+01	2.03656E+04
1.00000E+00	2.05056E+01	2.02041E+04
1.00000E+00	2.07865E+01	2.00462E+04
1.00000E+00	2.10674E+01	1.98916E+04
1.00000E+00	2.13483E+01	1.97401E+04
1.00000E+00	2.16292E+01	1.95914E+04
1.00000E+00	2.19101E+01	1.94457E+04
1.00000E+00	2.21910E+01	1.93032E+04
1.00000E+00	2.24719E+01	1.91637E+04
1.00000E+00	2.27528E+01	1.90271E+04
1.00000E+00	2.30337E+01	1.88933E+04
1.00000E+00	2.33146E+01	1.87621E+04
1.00000E+00	2.35955E+01	1.86335E+04
1.00000E+00	2.38764E+01	1.85078E+04
1.00000E+00	2.41573E+01	1.83855E+04
1.00000E+00	2.44382E+01	1.82658E+04
1.00000E+00	2.47191E+01	1.81485E+04
1.00000E+00	2.50000E+01	1.80332E+04
1.50000E+00	0.00000E+00	3.55530E+04
1.50000E+00	2.80899E-01	3.83585E+04
1.50000E+00	5.61798E-01	4.10167E+04
1.50000E+00	8.42697E-01	4.15239E+04
1.50000E+00	1.12360E+00	4.18535E+04
1.50000E+00	1.40449E+00	4.21019E+04
1.50000E+00	1.68539E+00	4.22871E+04
1.50000E+00	1.96629E+00	4.24387E+04
1.50000E+00	2.24719E+00	4.27124E+04
1.50000E+00	2.52809E+00	4.29126E+04
1.50000E+00	2.80899E+00	4.26896E+04
1.50000E+00	3.08989E+00	4.22519E+04
1.50000E+00	3.37079E+00	4.18759E+04
1.50000E+00	3.65169E+00	4.14468E+04
1.50000E+00	3.93258E+00	4.08684E+04
1.50000E+00	4.21348E+00	4.03221E+04
1.50000E+00	4.49438E+00	3.98570E+04
1.50000E+00	4.77528E+00	3.93502E+04
1.50000E+00	5.05618E+00	3.88031E+04
1.50000E+00	5.33708E+00	3.83103E+04
1.50000E+00	5.61798E+00	3.78375E+04
1.50000E+00	5.89888E+00	3.73145E+04
1.50000E+00	6.17978E+00	3.67940E+04
1.50000E+00	6.46067E+00	3.63095E+04
1.50000E+00	6.74157E+00	3.58131E+04
1.50000E+00	7.02247E+00	3.52859E+04
1.50000E+00	7.30337E+00	3.47715E+04
1.50000E+00	7.58427E+00	3.42728E+04
1.50000E+00	7.86517E+00	3.37583E+04
1.50000E+00	8.14607E+00	3.32432E+04
1.50000E+00	8.42697E+00	3.27527E+04
1.50000E+00	8.70787E+00	3.22748E+04
1.50000E+00	8.98876E+00	3.17913E+04
1.50000E+00	9.26966E+00	3.13194E+04
1.50000E+00	9.55056E+00	3.08670E+04
1.50000E+00	9.83146E+00	3.04197E+04
1.50000E+00	1.01124E+01	2.99792E+04
1.50000E+00	1.03933E+01	2.95578E+04
1.50000E+00	1.06742E+01	2.91508E+04
1.50000E+00	1.09551E+01	2.87495E+04
1.50000E+00	1.12360E+01	2.83608E+04
1.50000E+00	1.15169E+01	2.79892E+04
1.50000E+00	1.17978E+01	2.76284E+04
1.50000E+00	1.20787E+01	2.72739E+04
1.50000E+00	1.23596E+01	2.69317E+04
1.50000E+00	1.26404E+01	2.66023E+04
1.50000E+00	1.29213E+01	2.62800E+04
1.50000E+00	1.32022E+01	2.59656E+04
1.50000E+00	1.34831E+01	2.56628E+04
1.50000E+00	1.37640E+01	2.53690E+04
1.50000E+00	1.40449E+01	2.50813E+04
1.50000E+00	1.43258E+01	2.48024E+04
1.50000E+00	1.46067E+01	2.45330E+04
1.50000E+00	1.48876E+01	2.42701E+04
1.50000E+00	1.51685E+01	2.40133E+04
1.50000E+00	1.54494E+01	2.37646E+04
1.50000E+00	1.57303E+01	2.35232E+04
1.50000E+00	1.60112E+01	2.32869E+04
1.50000E+00	1.62921E+01	2.30567E+04
1.50000E+00	1.65730E+01	2.28333E+04
1.50000E+00	1.68539E+01	2.26153E+04
1.50000E+00	1.71348E+01	2.24019E+04
1.50000E+00	1.74157E+01	2.21942E+04
1.50000E+00	1.76966E+01	2.19921E+04
1.50000E+00	1.79775E+01	2.17943E+04
1.50000E+00	1.82584E+01	2.16009E+04
1.50000E+00	1.85393E+01	2.14123E+04
1.50000E+00	1.88202E+01	2.12281E+04
1.50000E+00	1.91011E+01	2.10477E+04
1.50000E+00	1.93820E+01	2.08714E+04
1.50000E+00	1.96629E+01	2.06992E+04
1.50000E+00	1.99438E+01	2.05305E+04
1.50000E+00	2.02247E+01	2.03653E+04
1.50000E+00	2.05056E+01	2.02039E+04
1.50000E+00	2.07865E+01	2.00460E+04
1.50000E+00	2.10674E+01	1.98913E+04
1.50000E+00	2.13483E+01	1.97398E+04
1.50000E+00	2.16292E+01	1.95912E+04
1.50000E+00	2.19101E+01	1.94456E+04
1.50000E+00	2.21910E+01	1.93030E+04
1.50000E+00	2.24719E+01	1.91635E+04
1.50000E+00	2.27528E+01	1.90270E+04
1.50000E+00	2.30337E+01	1.88931E+04
1.50000E+00	2.33146E+01	1.87619E+04
1.50000E+00	2.35955E+01	1.86334E+04
1.50000E+00	2.38764E+01	1.85079E+04
1.50000E+00	2.41573E+01	1.83854E+04
1.50000E+00	2.44382E+01	1.82657E+04
1.50000E+00	2.47191E+01	1.81483E+04
1.50000E+00	2.50000E+01	1.80331E+04
2.00000E+00	0.00000E+00	3.77060E+04
2.00000E+00	2.80899E-01	3.93367E+04
2.00000E+00	5.61798E-01	4.11528E+04
2.00000E+00	8.42697E-01	4.17822E+04
2.00000E+00	1.12360E+00	4.18519E+04
2.00000E+00	1.40449E+00	4.20102E+04
2.00000E+00	1.68539E+00	4.22082E+04
2.00000E+00	1.96629E+00	4.24145E+04
2.00000E+00	2.24719E+00	4.26649E+04
2.00000E+00	2.52809E+00	4.27949E+04
2.00000E+00	2.80899E+00	4.26026E+04
2.00000E+00	3.08989E+00	4.22213E+04
2.00000E+00	3.37079E+00	4.18329E+04
2.00000E+00	3.65169E+00	4.13879E+04
2.00000E+00	3.93258E+00	4.08451E+04
2.00000E+00	4.21348E+00	4.03138E+04
2.00000E+00	4.49438E+00	3.98295E+04
2.00000E+00	4.77528E+00	3.93232E+04
2.00000E+00	5.05618E+00	3.87948E+04
2.00000E+00	5.33708E+00	3.82980E+04
2.00000E+00	5.61798E+00	3.78128E+04
2.00000E+00	5.89888E+00	3.72995E+04
2.00000E+00	6.17978E+00	3.67863E+04
2.00000E+00	6.46067E+00	3.62939E+04
2.00000E+00	6.74157E+00	3.57939E+04
2.00000E+00	7.02247E+00	3.52750E+04
2.00000E+00	7.30337E+00	3.47621E+04
2.00000E+00	7.58427E+00	3.42583E+04
2.00000E+00	7.86517E+00	3.37470E+04
2.00000E+00	8.14607E+00	3.32374E+04
2.00000E+00	8.42697E+00	3.27455E+04
2.00000E+00	8.70787E+00	3.22647E+04
2.00000E+00	8.98876E+00	3.17847E+04
2.00000E+00	9.26966E+00	3.13148E+04
2.00000E+00	9.55056E+00	3.08604E+04
2.00000E+00	9.83146E+00	3.04138E+04
2.00000E+00	1.01124E+01	2.99761E+04
2.00000E+00	1.03933E+01	2.95544E+04
2.00000E+00	1.06742E+01	2.91461E+04
2.00000E+00	1.09551E+01	2.87464E+04
2.00000E+00	1.12360E+01	2.83589E+04
2.00000E+00	1.15169E+01	2.79865E+04
2.00000E+00	1.17978E+01	2.76251E+04
2.00000E+00	1.20787E+01	2.72719E+04
2.00000E+00	1.23596E+01	2.69301E+04
2.00000E+00	1.26404E+01	2.65999E+04
2.00000E+00	1.29213E+01	2.62779E+04
2.00000E+00	1.32022E+01	2.59644E+04
2.00000E+00	1.34831E+01	2.56613E+04
2.00000E+00	1.37640E+01	2.53672E+04
2.00000E+00	1.40449E+01	2.50801E+04
2.00000E+00	1.43258E+01	2.48014E+04
2.00000E+00	1.46067E+01	2.45317E+04
2.00000E+00	1.48876E+01	2.42688E+04
2.00000E+00	1.51685E+01	2.40125E+04
2.00000E+00	1.54494E+01	2.37637E+04
2.00000E+00	1.57303E+01	2.35221E+04
2.00000E+00	1.60112E+01	2.32860E+04
2.00000E+00	1.62921E+01	2.30560E+04
2.00000E+00	1.65730E+01	2.28325E+04
2.00000E+00	1.68539E+01	2.26144E+04
2.00000E+00	1.71348E+01	2.24013E+04
2.00000E+00	1.74157E+01	2.21937E+04
2.00000E+00	1.76966E+01	2.19913E+04
2.00000E+00	1.79775E+01	2.17936E+04
2.00000E+00	1.82584E+01	2.16004E+04
2.00000E+00	1.85393E+01	2.14118E+04
2.00000E+00	1.88202E+01	2.12275E+04
2.00000E+00	1.91011E+01	2.10472E+04
2.00000E+00	1.93820E+01	2.08710E+04
2.00000E+00	1.96629E+01	2.06987E+04
2.00000E+00	1.99438E+01	2.05300E+04
2.00000E+00	2.02247E+01	2.03650E+04
2.00000E+00	2.05056E+01	2.02035E+04
2.00000E+00	2.07865E+01	2.00456E+04
2.00000E+00	2.10674E+01	1.98910E+04
2.00000E+00	2.13483E+01	1.97394E+04
2.00000E+00	2.16292E+01	1.95909E+04
2.00000E+00	2.19101E+01	1.94453E+04
2.00000E+00	2.21910E+01	1.93028E+04
2.00000E+00	2.24719E+01	1.91633E+04
2.00000E+00	2.27528E+01	1.90267E+04
2.00000E+00	2.30337E+01	1.88929E+04
2.00000E+00	2.33146E+01	1.87617E+04
2.00000E+00	2.35955E+01	1.86333E+04
2.00000E+00	2.38764E+01	1.85078E+04
2.00000E+00	2.41573E+01	1.83853E+04
2.00000E+00	2.44382E+01	1.82656E+04
2.00000E+00	2.47191E+01	1.81481E+04
2.00000E+00	2.50000E+01	1.80329E+04
2.50000E+00	0.00000E+00	3.90310E+04
2.50000E+00	2.80899E-01	4.00730E+04
2.50000E+00	5.61798E-01	4.10996E+04
2.50000E+00	8.42697E-01	4.19732E+04
2.50000E+00	1.12360E+00	4.20441E+04
2.50000E+00	1.40449E+00	4.20414E+04
2.50000E+00	1.68539E+00	4.21590E+04
2.50000E+00	1.96629E+00	4.23525E+04
2.50000E+00	2.24719E+00	4.25656E+04
2.50000E+00	2.52809E+00	4.26504E+04
2.50000E+00	2.80899E+00	4.24842E+04
2.50000E+00	3.08989E+00	4.21493E+04
2.50000E+00	3.37079E+00	4.17635E+04
2.50000E+00	3.65169E+00	4.13176E+04
2.50000E+00	3.93258E+00	4.08030E+04
2.50000E+00	4.21348E+00	4.02864E+04
2.50000E+00	4.49438E+00	3.97936E+04
2.50000E+00	4.77528E+00	3.92896E+04
2.50000E+00	5.05618E+00	3.87743E+04
2.50000E+00	5.33708E+00	3.82763E+04
2.50000E+00	5.61798E+00	3.77845E+04
2.50000E+00	5.89888E+00	3.72776E+04
2.50000E+00	6.17978E+00	3.67700E+04
2.50000E+00	6.46067E+00	3.62731E+04
2.50000E+00	6.74157E+00	3.57713E+04
2.50000E+00	7.02247E+00	3.52580E+04
2.50000E+00	7.30337E+00	3.47470E+04
2.50000E+00	7.58427E+00	3.42410E+04
2.50000E+00	7.86517E+00	3.37324E+04
2.50000E+00	8.14607E+00	3.32271E+04
2.50000E+00	8.42697E+00	3.27350E+04
2.50000E+00	8.70787E+00	3.22528E+04
2.50000E+00	8.98876E+00	3.17753E+04
2.50000E+00	9.26966E+00	3.13073E+04
2.50000E+00	9.55056E+00	3.08522E+04
2.50000E+00	9.83146E+00	3.04065E+04
2.50000E+00	1.01124E+01	2.99708E+04
2.50000E+00	1.03933E+01	2.95493E+04
2.50000E+00	1.06742E+01	2.91406E+04
2.50000E+00	1.09551E+01	2.87420E+04
2.50000E+00	1.12360E+01	2.83556E+04
2.50000E+00	1.15169E+01	2.79828E+04
2.50000E+00	1.17978E+01	2.76211E+04
2.50000E+00	1.20787E+01	2.72689E+04
2.50000E+00	1.23596E+01	2.69274E+04
2.50000E+00	1.26404E+01	2.65969E+04
2.50000E+00	1.29213E+01	2.62752E+04
2.50000E+00	1.32022E+01	2.59623E+04
2.50000E+00	1.34831E+01	2.56592E+04
2.50000E+00	1.37640E+01	2.53649E+04
2.50000E+00	1.40449E+01	2.50783E+04
2.50000E+00	1.43258E+01	2.47999E+04
2.50000E+00	1.46067E+01	2.45299E+04
2.50000E+00	1.48876E+01	2.42671E+04
2.50000E+00	1.51685E+01	2.40111E+04
2.50000E+00	1.54494E+01	2.37625E+04
2.50000E+00	1.57303E+01	2.35206E+04
2.50000E+00	1.60112E+01	2.32848E+04
2.50000E+00	1.62921E+01	2.30550E+04
2.50000E+00	1.65730E+01	2.28314E+04
2.50000E+00	1.68539E+01	2.26133E+04
2.50000E+00	1.71348E+01	2.24004E+04
2.50000E+00	1.74157E+01	2.21928E+04
2.50000E+00	1.76966E+01	2.19904E+04
2.50000E+00	1.79775E+01	2.17927E+04
2.50000E+00	1.82584E+01	2.15996E+04
2.50000E+00	1.85393E+01	2.14110E+04
2.50000E+00	1.88202E+01	2.12267E+04
2.50000E+00	1.91011E+01	2.10465E+04
2.50000E+00	1.93820E+01	2.08703E+04
2.50000E+00	1.96629E+01	2.06980E+04
2.50000E+00	1.99438E+01	2.05294E+04
2.50000E+00	2.02247E+01	2.03644E+04
2.50000E+00	2.05056E+01	2.02030E+04
2.50000E+00	2.07865E+01	2.00451E+04
2.50000E+00	2.10674E+01	1.98904E+04
2.50000E+00	2.13483E+01	1.97389E+04
2.50000E+00	2.16292E+01	1.95904E+04
2.50000E+00	2.19101E+01	1.94449E+04
2.50000E+00	2.21910E+01	1.93024E+04
2.50000E+00	2.24719E+01	1.91629E+04
2.50000E+00	2.27528E+01	1.90264E+04
2.50000E+00	2.30337E+01	1.88926E+04
2.50000E+00	2.33146E+01	1.87615E+04
2.50000E+00	2.35955E+01	1.86331E+04
2.50000E+00	2.38764E+01	1.85077E+04
2.50000E+00	2.41573E+01	1.83852E+04
2.50000E+00	2.44382E+01	1.82653E+04
2.50000E+00	2.47191E+01	1.81479E+04
2.50000E+00	2.50000E+01	1.80327E+04
3.00000E+00	0.00000E+00	3.98946E+04
3.00000E+00	2.80899E-01	4.05970E+04
3.00000E+00	5.61798E-01	4.11353E+04
3.00000E+00	8.42697E-01	4.19636E+04
3.00000E+00	1.12360E+00	4.22448E+04
3.00000E+00	1.40449E+00	4.21990E+04
3.00000E+00	1.68539E+00	4.22010E+04
3.00000E+00	1.96629E+00	4.23094E+04
3.00000E+00	2.24719E+00	4.24504E+04
3.00000E+00	2.52809E+00	4.24896E+04
3.00000E+00	2.80899E+00	4.23379E+04
3.00000E+00	3.08989E+00	4.20383E+04
3.00000E+00	3.37079E+00	4.16654E+04
3.00000E+00	3.65169E+00	4.12299E+04
3.00000E+00	3.93258E+00	4.07399E+04
3.00000E+00	4.21348E+00	4.02387E+04
3.00000E+00	4.49438E+00	3.97461E+04
3.00000E+00	4.77528E+00	3.92467E+04
3.00000E+00	5.05618E+00	3.87412E+04
3.00000E+00	5.33708E+00	3.82444E+04
3.00000E+00	5.61798E+00	3.77505E+04
3.00000E+00	5.89888E+00	3.72483E+04
3.00000E+00	6.17978E+00	3.67449E+04
3.00000E+00	6.46067E+00	3.62463E+04
3.00000E+00	6.74157E+00	3.57442E+04
3.00000E+00	7.02247E+00	3.52349E+04
3.00000E+00	7.30337E+00	3.47260E+04
3.00000E+00	7.58427E+00	3.42200E+04
3.00000E+00	7.86517E+00	3.37140E+04
3.00000E+00	8.14607E+00	3.32123E+04
3.00000E+00	8.42697E+00	3.27208E+04
3.00000E+00	8.70787E+00	3.22386E+04
3.00000E+00	8.98876E+00	3.17630E+04
3.00000E+00	9.26966E+00	3.12968E+04
3.00000E+00	9.55056E+00	3.08420E+04
3.00000E+00	9.83146E+00	3.03974E+04
3.00000E+00	1.01124E+01	2.99634E+04
3.00000E+00	1.03933E+01	2.95424E+04
3.00000E+00	1.06742E+01	2.91338E+04
3.00000E+00	1.09551E+01	2.87363E+04
3.00000E+00	1.12360E+01	2.83508E+04
3.00000E+00	1.15169E+01	2.79780E+04
3.00000E+00	1.17978E+01	2.76164E+04
3.00000E+00	1.20787E+01	2.72648E+04
3.00000E+00	1.23596E+01	2.69237E+04
3.00000E+00	1.26404E+01	2.65931E+04
3.00000E+00	1.29213E+01	2.62717E+04
3.00000E+00	1.32022E+01	2.59594E+04
3.00000E+00	1.34831E+01	2.56563E+04
3.00000E+00	1.37640E+01	2.53621E+04
3.00000E+00	1.40449E+01	2.50758E+04
3.00000E+00	1.43258E+01	2.47977E+04
3.00000E+00	1.46067E+01	2.45277E+04
3.00000E+00	1.48876E+01	2.42650E+04
3.00000E+00	1.51685E+01	2.40093E+04
3.00000E+00	1.54494E+01	2.37607E+04
3.00000E+00	1.57303E+01	2.35189E+04
3.00000E+00	1.60112E+01	2.32832E+04
3.00000E+00	1.62921E+01	2.30535E+04
3.00000E+00	1.65730E+01	2.28299E+04
3.00000E+00	1.68539E+01	2.26119E+04
3.00000E+00	1.71348E+01	2.23991E+04
3.00000E+00	1.74157E+01	2.21916E+04
3.00000E+00	1.76966E+01	2.19892E+04
3.00000E+00	1.79775E+01	2.17916E+04
3.00000E+00	1.82584E+01	2.15985E+04
3.00000E+00	1.85393E+01	2.14100E+04
3.00000E+00	1.88202E+01	2.12257E+04
3.00000E+00	1.91011E+01	2.10456E+04
3.00000E+00	1.93820E+01	2.08694E+04
3.00000E+00	1.96629E+01	2.06971E+04
3.00000E+00	1.99438E+01	2.05286E+04
3.00000E+00	2.02247E+01	2.03637E+04
3.00000E+00	2.05056E+01	2.02023E+04
3.00000E+00	2.07865E+01	2.00444E+04
3.00000E+00	2.10674E+01	1.98897E+04
3.00000E+00	2.13483E+01	1.97382E+04
3.00000E+00	2.16292E+01	1.95898E+04
3.00000E+00	2.19101E+01	1.94443E+04
3.00000E+00	2.21910E+01	1.93019E+04
3.00000E+00	2.24719E+01	1.91625E+04
3.00000E+00	2.27528E+01	1.90259E+04
3.00000E+00	2.30337E+01	1.88921E+04
3.00000E+00	2.33146E+01	1.87611E+04
3.00000E+00	2.35955E+01	1.86329E+04
3.00000E+00	2.38764E+01	1.85075E+04
3.00000E+00	2.41573E+01	1.83849E+04
3.00000E+00	2.44382E+01	1.82650E+04
3.00000E+00	2.47191E+01	1.81476E+04
3.00000E+00	2.50000E+01	1.80324E+04
3.50000E+00	0.00000E+00	4.04867E+04
3.50000E+00	2.80899E-01	4.09800E+04
3.50000E+00	5.61798E-01	4.12974E+04
3.50000E+00	8.42697E-01	4.18694E+04
3.50000E+00	1.12360E+00	4.23271E+04
3.50000E+00	1.40449E+00	4.23796E+04
3.50000E+00	1.68539E+00	4.23218E+04
3.50000E+00	1.96629E+00	4.23227E+04
3.50000E+00	2.24719E+00	4.23621E+04
3.50000E+00	2.52809E+00	4.23385E+04
3.50000E+00	2.80899E+00	4.21797E+04
3.50000E+00	3.08989E+00	4.18998E+04
3.50000E+00	3.37079E+00	4.15419E+04
3.50000E+00	3.65169E+00	4.11221E+04
3.50000E+00	3.93258E+00	4.06549E+04
3.50000E+00	4.21348E+00	4.01702E+04
3.50000E+00	4.49438E+00	3.96840E+04
3.50000E+00	4.77528E+00	3.91917E+04
3.50000E+00	5.05618E+00	3.86949E+04
3.50000E+00	5.33708E+00	3.82014E+04
3.50000E+00	5.61798E+00	3.77085E+04
3.50000E+00	5.89888E+00	3.72106E+04
3.50000E+00	6.17978E+00	3.67110E+04
3.50000E+00	6.46067E+00	3.62127E+04
3.50000E+00	6.74157E+00	3.57115E+04
3.50000E+00	7.02247E+00	3.52057E+04
3.50000E+00	7.30337E+00	3.46993E+04
3.50000E+00	7.58427E+00	3.41947E+04
3.50000E+00	7.86517E+00	3.36915E+04
3.50000E+00	8.14607E+00	3.31929E+04
3.50000E+00	8.42697E+00	3.27029E+04
3.50000E+00	8.70787E+00	3.22215E+04
3.50000E+00	8.98876E+00	3.17478E+04
3.50000E+00	9.26966E+00	3.12833E+04
3.50000E+00	9.55056E+00	3.08295E+04
3.50000E+00	9.83146E+00	3.03861E+04
3.50000E+00	1.01124E+01	2.99537E+04
3.50000E+00	1.03933E+01	2.95336E+04
3.50000E+00	1.06742E+01	2.91256E+04
3.50000E+00	1.09551E+01	2.87291E+04
3.50000E+00	1.12360E+01	2.83444E+04
3.50000E+00	1.15169E+01	2.79719E+04
3.50000E+00	1.17978E+01	2.76105E+04
3.50000E+00	1.20787E+01	2.72596E+04
3.50000E+00	1.23596E+01	2.69190E+04
3.50000E+00	1.26404E+01	2.65885E+04
3.50000E+00	1.29213E+01	2.62675E+04
3.50000E+00	1.32022E+01	2.59555E+04
3.50000E+00	1.34831E+01	2.56528E+04
3.50000E+00	1.37640E+01	2.53587E+04
3.50000E+00	1.40449E+01	2.50727E+04
3.50000E+00	1.43258E+01	2.47949E+04
3.50000E+00	1.46067E+01	2.45250E+04
3.50000E+00	1.48876E+01	2.42624E+04
3.50000E+00	1.51685E+01	2.40070E+04
3.50000E+00	1.54494E+01	2.37585E+04
3.50000E+00	1.57303E+01	2.35167E+04
3.50000E+00	1.60112E+01	2.32811E+04
3.50000E+00	1.62921E+01	2.30517E+04
3.50000E+00	1.65730E+01	2.28281E+04
3.50000E+00	1.68539E+01	2.26101E+04
3.50000E+00	1.71348E+01	2.23975E+04
3.50000E+00	1.74157E+01	2.21901E+04
3.50000E+00	1.76966E+01	2.19877E+04
3.50000E+00	1.79775E+01	2.17901E+04
3.50000E+00	1.82584E+01	2.15972E+04
3.50000E+00	1.85393E+01	2.14087E+04
3.50000E+00	1.88202E+01	2.12245E+04
3.50000E+00	1.91011E+01	2.10444E+04
3.50000E+00	1.93820E+01	2.08683E+04
3.50000E+00	1.96629E+01	2.06961E+04
3.50000E+00	1.99438E+01	2.05276E+04
3.50000E+00	2.02247E+01	2.03627E+04
3.50000E+00	2.05056E+01	2.02014E+04
3.50000E+00	2.07865E+01	2.00435E+04
3.50000E+00	2.10674E+01	1.98889E+04
3.50000E+00	2.13483E+01	1.97374E+04
3.50000E+00	2.16292E+01	1.95890E+04
3.50000E+00	2.19101E+01	1.94436E+04
3.50000E+00	2.21910E+01	1.93013E+04
3.50000E+00	2.24719E+01	1.91619E+04
3.50000E+00	2.27528E+01	1.90253E+04
3.50000E+00	2.30337E+01	1.88916E+04
3.50000E+00	2.33146E+01	1.87607E+04
3.50000E+00	2.35955E+01	1.86325E+04
3.50000E+00	2.38764E+01	1.85071E+04
3.50000E+00	2.41573E+01	1.83846E+04
3.50000E+00	2.44382E+01	1.82647E+04
3.50000E+00	2.47191E+01	1.81472E+04
3.50000E+00	2.50000E+01	1.80320E+04
4.00000E+00	0.00000E+00	4.09100E+04
4.00000E+00	2.80899E-01	4.12684E+04
4.00000E+00	5.61798E-01	4.14814E+04
4.00000E+00	8.42697E-01	4.17956E+04
4.00000E+00	1.12360E+00	4.22949E+04
4.00000E+00	1.40449E+00	4.24924E+04
4.00000E+00	1.68539E+00	4.24595E+04
4.00000E+00	1.96629E+00	4.23851E+04
4.00000E+00	2.24719E+00	4.23217E+04
4.00000E+00	2.52809E+00	4.22208E+04
4.00000E+00	2.80899E+00	4.20317E+04
4.00000E+00	3.08989E+00	4.17520E+04
4.00000E+00	3.37079E+00	4.14028E+04
4.00000E+00	3.65169E+00	4.09974E+04
4.00000E+00	3.93258E+00	4.05500E+04
4.00000E+00	4.21348E+00	4.00819E+04
4.00000E+00	4.49438E+00	3.96059E+04
4.00000E+00	4.77528E+00	3.91227E+04
4.00000E+00	5.05618E+00	3.86348E+04
4.00000E+00	5.33708E+00	3.81466E+04
4.00000E+00	5.61798E+00	3.76571E+04
4.00000E+00	5.89888E+00	3.71637E+04
4.00000E+00	6.17978E+00	3.66680E+04
4.00000E+00	6.46067E+00	3.61717E+04
4.00000E+00	6.74157E+00	3.56726E+04
4.00000E+00	7.02247E+00	3.51700E+04
4.00000E+00	7.30337E+00	3.46667E+04
4.00000E+00	7.58427E+00	3.41644E+04
4.00000E+00	7.86517E+00	3.36643E+04
4.00000E+00	8.14607E+00	3.31688E+04
4.00000E+00	8.42697E+00	3.26809E+04
4.00000E+00	8.70787E+00	3.22011E+04
4.00000E+00	8.98876E+00	3.17294E+04
4.00000E+00	9.26966E+00	3.12669E+04
4.00000E+00	9.55056E+00	3.08145E+04
4.00000E+00	9.83146E+00	3.03726E+04
4.00000E+00	1.01124E+01	2.99418E+04
4.00000E+00	1.03933E+01	2.95228E+04
4.00000E+00	1.06742E+01	2.91157E+04
4.00000E+00	1.09551E+01	2.87202E+04
4.00000E+00	1.12360E+01	2.83364E+04
4.00000E+00	1.15169E+01	2.79644E+04
4.00000E+00	1.17978E+01	2.76036E+04
4.00000E+00	1.20787E+01	2.72532E+04
4.00000E+00	1.23596E+01	2.69131E+04
4.00000E+00	1.26404E+01	2.65830E+04
4.00000E+00	1.29213E+01	2.62623E+04
4.00000E+00	1.32022E+01	2.59508E+04
4.00000E+00	1.34831E+01	2.56484E+04
4.00000E+00	1.37640E+01	2.53545E+04
4.00000E+00	1.40449E+01	2.50689E+04
4.00000E+00	1.43258E+01	2.47914E+04
4.00000E+00	1.46067E+01	2.45216E+04
4.00000E+00	1.48876E+01	2.42593E+04
4.00000E+00	1.51685E+01	2.40041E+04
4.00000E+00	1.54494E+01	2.37557E+04
4.00000E+00	1.57303E+01	2.35141E+04
4.00000E+00	1.60112E+01	2.32787E+04
4.00000E+00	1.62921E+01	2.30493E+04
4.00000E+00	1.65730E+01	2.28259E+04
4.00000E+00	1.68539E+01	2.26080E+04
4.00000E+00	1.71348E+01	2.23955E+04
4.00000E+00	1.74157E+01	2.21882E+04
4.00000E+00	1.76966E+01	2.19859E+04
4.00000E+00	1.79775E+01	2.17884E+04
4.00000E+00	1.82584E+01	2.15955E+04
4.00000E+00	1.85393E+01	2.14071E+04
4.00000E+00	1.88202E+01	2.12230E+04
4.00000E+00	1.91011E+01	2.10430E+04
4.00000E+00	1.93820E+01	2.08669E+04
4.00000E+00	1.96629E+01	2.06948E+04
4.00000E+00	1.99438E+01	2.05263E+04
4.00000E+00	2.02247E+01	2.03615E+04
4.00000E+00	2.05056E+01	2.02002E+04
4.00000E+00	2.07865E+01	2.00424E+04
4.00000E+00	2.10674E+01	1.98878E+04
4.00000E+00	2.13483E+01	1.97364E+04
4.00000E+00	2.16292E+01	1.95881E+04
4.00000E+00	2.19101E+01	1.94428E+04
4.00000E+00	2.21910E+01	1.93005E+04
4.00000E+00	2.24719E+01	1.91611E+04
4.00000E+00	2.27528E+01	1.90246E+04
4.00000E+00	2.30337E+01	1.88910E+04
4.00000E+00	2.33146E+01	1.87601E+04
4.00000E+00	2.35955E+01	1.86320E+04
4.00000E+00	2.38764E+01	1.85067E+04
4.00000E+00	2.41573E+01	1.83842E+04
4.00000E+00	2.44382E+01	1.82642E+04
4.00000E+00	2.47191E+01	1.81467E+04
4.00000E+00	2.50000E+01	1.80316E+04
5.00000E+00	0.00000E+00	4.14569E+04
5.00000E+00	2.80899E-01	4.16604E+04
5.00000E+00	5.61798E-01	4.17733E+04
5.00000E+00	8.42697E-01	4.18229E+04
5.00000E+00	1.12360E+00	4.21083E+04
5.00000E+00	1.40449E+00	4.24453E+04
5.00000E+00	1.68539E+00	4.25762E+04
5.00000E+00	1.96629E+00	4.25117E+04
5.00000E+00	2.24719E+00	4.23386E+04
5.00000E+00	2.52809E+00	4.21050E+04
5.00000E+00	2.80899E+00	4.18227E+04
5.00000E+00	3.08989E+00	4.14960E+04
5.00000E+00	3.37079E+00	4.11306E+04
5.00000E+00	3.65169E+00	4.07316E+04
5.00000E+00	3.93258E+00	4.03058E+04
5.00000E+00	4.21348E+00	3.98621E+04
5.00000E+00	4.49438E+00	3.94071E+04
5.00000E+00	4.77528E+00	3.89438E+04
5.00000E+00	5.05618E+00	3.84742E+04
5.00000E+00	5.33708E+00	3.80002E+04
5.00000E+00	5.61798E+00	3.75222E+04
5.00000E+00	5.89888E+00	3.70399E+04
5.00000E+00	6.17978E+00	3.65540E+04
5.00000E+00	6.46067E+00	3.60651E+04
5.00000E+00	6.74157E+00	3.55731E+04
5.00000E+00	7.02247E+00	3.50785E+04
5.00000E+00	7.30337E+00	3.45828E+04
5.00000E+00	7.58427E+00	3.40876E+04
5.00000E+00	7.86517E+00	3.35948E+04
5.00000E+00	8.14607E+00	3.31063E+04
5.00000E+00	8.42697E+00	3.26241E+04
5.00000E+00	8.70787E+00	3.21492E+04
5.00000E+00	8.98876E+00	3.16823E+04
5.00000E+00	9.26966E+00	3.12243E+04
5.00000E+00	9.55056E+00	3.07760E+04
5.00000E+00	9.83146E+00	3.03379E+04
5.00000E+00	1.01124E+01	2.99107E+04
5.00000E+00	1.03933E+01	2.94947E+04
5.00000E+00	1.06742E+01	2.90902E+04
5.00000E+00	1.09551E+01	2.86971E+04
5.00000E+00	1.12360E+01	2.83154E+04
5.00000E+00	1.15169E+01	2.79450E+04
5.00000E+00	1.17978E+01	2.75856E+04
5.00000E+00	1.20787E+01	2.72366E+04
5.00000E+00	1.23596E+01	2.68977E+04
5.00000E+00	1.26404E+01	2.65687E+04
5.00000E+00	1.29213E+01	2.62491E+04
5.00000E+00	1.32022E+01	2.59386E+04
5.00000E+00	1.34831E+01	2.56370E+04
5.00000E+00	1.37640E+01	2.53439E+04
5.00000E+00	1.40449E+01	2.50590E+04
5.00000E+00	1.43258E+01	2.47822E+04
5.00000E+00	1.46067E+01	2.45130E+04
5.00000E+00	1.48876E+01	2.42512E+04
5.00000E+00	1.51685E+01	2.39964E+04
5.00000E+00	1.54494E+01	2.37486E+04
5.00000E+00	1.57303E+01	2.35072E+04
5.00000E+00	1.60112E+01	2.32722E+04
5.00000E+00	1.62921E+01	2.30432E+04
5.00000E+00	1.65730E+01	2.28201E+04
5.00000E+00	1.68539E+01	2.26025E+04
5.00000E+00	1.71348E+01	2.23903E+04
5.00000E+00	1.74157E+01	2.21832E+04
5.00000E+00	1.76966E+01	2.19812E+04
5.00000E+00	1.79775E+01	2.17839E+04
5.00000E+00	1.82584E+01	2.15912E+04
5.00000E+00	1.85393E+01	2.14030E+04
5.00000E+00	1.88202E+01	2.12191E+04
5.00000E+00	1.91011E+01	2.10392E+04
5.00000E+00	1.93820E+01	2.08634E+04
5.00000E+00	1.96629E+01	2.06914E+04
5.00000E+00	1.99438E+01	2.05231E+04
5.00000E+00	2.02247E+01	2.03585E+04
5.00000E+00	2.05056E+01	2.01973E+04
5.00000E+00	2.07865E+01	2.00396E+04
5.00000E+00	2.10674E+01	1.98851E+04
5.00000E+00	2.13483E+01	1.97339E+04
5.00000E+00	2.16292E+01	1.95857E+04
5.00000E+00	2.19101E+01	1.94406E+04
5.00000E+00	2.21910E+01	1.92984E+04
5.00000E+00	2.24719E+01	1.91592E+04
5.00000E+00	2.27528E+01	1.90228E+04
5.00000E+00	2.30337E+01	1.88893E+04
5.00000E+00	2.33146E+01	1.87586E+04
5.00000E+00	2.35955E+01	1.86307E+04
5.00000E+00	2.38764E+01	1.85055E+04
5.00000E+00	2.41573E+01	1.83830E+04
5.00000E+00	2.44382E+01	1.82630E+04
5.00000E+00	2.47191E+01	1.81456E+04
5.00000E+00	2.50000E+01	1.80305E+04
6.00000E+00	0.00000E+00	4.17650E+04
6.00000E+00	2.80899E-01	4.18865E+04
6.00000E+00	5.61798E-01	4.19477E+04
6.00000E+00	8.42697E-01	4.19366E+04
6.00000E+00	1.12360E+00	4.19705E+04
6.00000E+00	1.40449E+00	4.22081E+04
6.00000E+00	1.68539E+00	4.24167E+04
6.00000E+00	1.96629E+00	4.24561E+04
6.00000E+00	2.24719E+00	4.23190E+04
6.00000E+00	2.52809E+00	4.20553E+04
6.00000E+00	2.80899E+00	4.17152E+04
6.00000E+00	3.08989E+00	4.13321E+04
6.00000E+00	3.37079E+00	4.09246E+04
6.00000E+00	3.65169E+00	4.05015E+04
6.00000E+00	3.93258E+00	4.00679E+04
6.00000E+00	4.21348E+00	3.96268E+04
6.00000E+00	4.49438E+00	3.91802E+04
6.00000E+00	4.77528E+00	3.87288E+04
6.00000E+00	5.05618E+00	3.82727E+04
6.00000E+00	5.33708E+00	3.78121E+04
6.00000E+00	5.61798E+00	3.73470E+04
6.00000E+00	5.89888E+00	3.68771E+04
6.00000E+00	6.17978E+00	3.64029E+04
6.00000E+00	6.46067E+00	3.59247E+04
6.00000E+00	6.74157E+00	3.54429E+04
6.00000E+00	7.02247E+00	3.49585E+04
6.00000E+00	7.30337E+00	3.44726E+04
6.00000E+00	7.58427E+00	3.39870E+04
6.00000E+00	7.86517E+00	3.35033E+04
6.00000E+00	8.14607E+00	3.30233E+04
6.00000E+00	8.42697E+00	3.25487E+04
6.00000E+00	8.70787E+00	3.20806E+04
6.00000E+00	8.98876E+00	3.16201E+04
6.00000E+00	9.26966E+00	3.11680E+04
6.00000E+00	9.55056E+00	3.07250E+04
6.00000E+00	9.83146E+00	3.02919E+04
6.00000E+00	1.01124E+01	2.98691E+04
6.00000E+00	1.03933E+01	2.94571E+04
6.00000E+00	1.06742E+01	2.90560E+04
6.00000E+00	1.09551E+01	2.86660E+04
6.00000E+00	1.12360E+01	2.82871E+04
6.00000E+00	1.15169E+01	2.79190E+04
6.00000E+00	1.17978E+01	2.75615E+04
6.00000E+00	1.20787E+01	2.72143E+04
6.00000E+00	1.23596E+01	2.68771E+04
6.00000E+00	1.26404E+01	2.65496E+04
6.00000E+00	1.29213E+01	2.62314E+04
6.00000E+00	1.32022E+01	2.59222E+04
6.00000E+00	1.34831E+01	2.56217E+04
6.00000E+00	1.37640E+01	2.53297E+04
6.00000E+00	1.40449E+01	2.50458E+04
6.00000E+00	1.43258E+01	2.47698E+04
6.00000E+00	1.46067E+01	2.45014E+04
6.00000E+00	1.48876E+01	2.42403E+04
6.00000E+00	1.51685E+01	2.39862E+04
6.00000E+00	1.54494E+01	2.37389E+04
6.00000E+00	1.57303E+01	2.34981E+04
6.00000E+00	1.60112E+01	2.32636E+04
6.00000E+00	1.62921E+01	2.30351E+04
6.00000E+00	1.65730E+01	2.28124E+04
6.00000E+00	1.68539E+01	2.25952E+04
6.00000E+00	1.71348E+01	2.23833E+04
6.00000E+00	1.74157E+01	2.21767E+04
6.00000E+00	1.76966E+01	2.19749E+04
6.00000E+00	1.79775E+01	2.17779E+04
6.00000E+00	1.82584E+01	2.15855E+04
6.00000E+00	1.85393E+01	2.13976E+04
6.00000E+00	1.88202E+01	2.12139E+04
6.00000E+00	1.91011E+01	2.10343E+04
6.00000E+00	1.93820E+01	2.08587E+04
6.00000E+00	1.96629E+01	2.06869E+04
6.00000E+00	1.99438E+01	2.05188E+04
6.00000E+00	2.02247E+01	2.03544E+04
6.00000E+00	2.05056E+01	2.01934E+04
6.00000E+00	2.07865E+01	2.00359E+04
6.00000E+00	2.10674E+01	1.98816E+04
6.00000E+00	2.13483E+01	1.97305E+04
6.00000E+00	2.16292E+01	1.95825E+04
6.00000E+00	2.19101E+01	1.94376E+04
6.00000E+00	2.21910E+01	1.92956E+04
6.00000E+00	2.24719E+01	1.91566E+04
6.00000E+00	2.27528E+01	1.90204E+04
6.00000E+00	2.30337E+01	1.88871E+04
6.00000E+00	2.33146E+01	1.87566E+04
6.00000E+00	2.35955E+01	1.86288E+04
6.00000E+00	2.38764E+01	1.85037E+04
6.00000E+00	2.41573E+01	1.83813E+04
6.00000E+00	2.44382E+01	1.82614E+04
6.00000E+00	2.47191E+01	1.81440E+04
6.00000E+00	2.50000E+01	1.80290E+04
7.00000E+00	0.00000E+00	4.19216E+04
7.00000E+00	2.80899E-01	4.19923E+04
7.00000E+00	5.61798E-01	4.20182E+04
7.00000E+00	8.42697E-01	4.19830E+04
7.00000E+00	1.12360E+00	4.19188E+04
7.00000E+00	1.40449E+00	4.19602E+04
7.00000E+00	1.68539E+00	4.21122E+04
7.00000E+00	1.96629E+00	4.22009E+04
7.00000E+00	2.24719E+00	4.21436E+04
7.00000E+00	2.52809E+00	4.19349E+04
7.00000E+00	2.80899E+00	4.16110E+04
7.00000E+00	3.08989E+00	4.12151E+04
7.00000E+00	3.37079E+00	4.07813E+04
7.00000E+00	3.65169E+00	4.03307E+04
7.00000E+00	3.93258E+00	3.98747E+04
7.00000E+00	4.21348E+00	3.94186E+04
7.00000E+00	4.49438E+00	3.89641E+04
7.00000E+00	4.77528E+00	3.85107E+04
7.00000E+00	5.05618E+00	3.80574E+04
7.00000E+00	5.33708E+00	3.76028E+04
7.00000E+00	5.61798E+00	3.71459E+04
7.00000E+00	5.89888E+00	3.66858E+04
7.00000E+00	6.17978E+00	3.62221E+04
7.00000E+00	6.46067E+00	3.57548E+04
7.00000E+00	6.74157E+00	3.52842E+04
7.00000E+00	7.02247E+00	3.48111E+04
7.00000E+00	7.30337E+00	3.43366E+04
7.00000E+00	7.58427E+00	3.38621E+04
7.00000E+00	7.86517E+00	3.33891E+04
7.00000E+00	8.14607E+00	3.29191E+04
7.00000E+00	8.42697E+00	3.24538E+04
7.00000E+00	8.70787E+00	3.19942E+04
7.00000E+00	8.98876E+00	3.15416E+04
7.00000E+00	9.26966E+00	3.10967E+04
7.00000E+00	9.55056E+00	3.06604E+04
7.00000E+00	9.83146E+00	3.02333E+04
7.00000E+00	1.01124E+01	2.98160E+04
7.00000E+00	1.03933E+01	2.94088E+04
7.00000E+00	1.06742E+01	2.90122E+04
7.00000E+00	1.09551E+01	2.86261E+04
7.00000E+00	1.12360E+01	2.82505E+04
7.00000E+00	1.15169E+01	2.78854E+04
7.00000E+00	1.17978E+01	2.75306E+04
7.00000E+00	1.20787E+01	2.71858E+04
7.00000E+00	1.23596E+01	2.68508E+04
7.00000E+00	1.26404E+01	2.65251E+04
7.00000E+00	1.29213E+01	2.62087E+04
7.00000E+00	1.32022E+01	2.59011E+04
7.00000E+00	1.34831E+01	2.56021E+04
7.00000E+00	1.37640E+01	2.53114E+04
7.00000E+00	1.40449E+01	2.50288E+04
7.00000E+00	1.43258E+01	2.47539E+04
7.00000E+00	1.46067E+01	2.44865E+04
7.00000E+00	1.48876E+01	2.42263E+04
7.00000E+00	1.51685E+01	2.39731E+04
7.00000E+00	1.54494E+01	2.37266E+04
7.00000E+00	1.57303E+01	2.34865E+04
7.00000E+00	1.60112E+01	2.32526E+04
7.00000E+00	1.62921E+01	2.30247E+04
7.00000E+00	1.65730E+01	2.28025E+04
7.00000E+00	1.68539E+01	2.25858E+04
7.00000E+00	1.71348E+01	2.23745E+04
7.00000E+00	1.74157E+01	2.21682E+04
7.00000E+00	1.76966E+01	2.19669E+04
7.00000E+00	1.79775E+01	2.17703E+04
7.00000E+00	1.82584E+01	2.15783E+04
7.00000E+00	1.85393E+01	2.13907E+04
7.00000E+00	1.88202E+01	2.12073E+04
7.00000E+00	1.91011E+01	2.10280E+04
7.00000E+00	1.93820E+01	2.08527E+04
7.00000E+00	1.96629E+01	2.06812E+04
7.00000E+00	1.99438E+01	2.05134E+04
7.00000E+00	2.02247E+01	2.03492E+04
7.00000E+00	2.05056E+01	2.01885E+04
7.00000E+00	2.07865E+01	2.00312E+04
7.00000E+00	2.10674E+01	1.98771E+04
7.00000E+00	2.13483E+01	1.97263E+04
7.00000E+00	2.16292E+01	1.95785E+04
7.00000E+00	2.19101E+01	1.94338E+04
7.00000E+00	2.21910E+01	1.92921E+04
7.00000E+00	2.24719E+01	1.91533E+04
7.00000E+00	2.27528E+01	1.90173E+04
7.00000E+00	2.30337E+01	1.88842E+04
7.00000E+00	2.33146E+01	1.87539E+04
7.00000E+00	2.35955E+01	1.86263E+04
7.00000E+00	2.38764E+01	1.85013E+04
7.00000E+00	2.41573E+01	1.83790E+04
7.00000E+00	2.44382E+01	1.82593E+04
7.00000E+00	2.47191E+01	1.81420E+04
7.00000E+00	2.50000E+01	1.80271E+04
8.00000E+00	0.00000E+00	4.19673E+04
8.00000E+00	2.80899E-01	4.20021E+04
8.00000E+00	5.61798E-01	4.20006E+04
8.00000E+00	8.42697E-01	4.19480E+04
8.00000E+00	1.12360E+00	4.18504E+04
8.00000E+00	1.40449E+00	4.17600E+04
8.00000E+00	1.68539E+00	4.17837E+04
8.00000E+00	1.96629E+00	4.18424E+04
8.00000E+00	2.24719E+00	4.18270E+04
8.00000E+00	2.52809E+00	4.16887E+04
8.00000E+00	2.80899E+00	4.14267E+04
8.00000E+00	3.08989E+00	4.10679E+04
8.00000E+00	3.37079E+00	4.06463E+04
8.00000E+00	3.65169E+00	4.01906E+04
8.00000E+00	3.93258E+00	3.97207E+04
8.00000E+00	4.21348E+00	3.92482E+04
8.00000E+00	4.49438E+00	3.87786E+04
8.00000E+00	4.77528E+00	3.83138E+04
8.00000E+00	5.05618E+00	3.78533E+04
8.00000E+00	5.33708E+00	3.73957E+04
8.00000E+00	5.61798E+00	3.69394E+04
8.00000E+00	5.89888E+00	3.64831E+04
8.00000E+00	6.17978E+00	3.60256E+04
8.00000E+00	6.46067E+00	3.55663E+04
8.00000E+00	6.74157E+00	3.51052E+04
8.00000E+00	7.02247E+00	3.46425E+04
8.00000E+00	7.30337E+00	3.41790E+04
8.00000E+00	7.58427E+00	3.37157E+04
8.00000E+00	7.86517E+00	3.32539E+04
8.00000E+00	8.14607E+00	3.27948E+04
8.00000E+00	8.42697E+00	3.23398E+04
8.00000E+00	8.70787E+00	3.18899E+04
8.00000E+00	8.98876E+00	3.14463E+04
8.00000E+00	9.26966E+00	3.10098E+04
8.00000E+00	9.55056E+00	3.05813E+04
8.00000E+00	9.83146E+00	3.01613E+04
8.00000E+00	1.01124E+01	2.97505E+04
8.00000E+00	1.03933E+01	2.93492E+04
8.00000E+00	1.06742E+01	2.89578E+04
8.00000E+00	1.09551E+01	2.85764E+04
8.00000E+00	1.12360E+01	2.82050E+04
8.00000E+00	1.15169E+01	2.78437E+04
8.00000E+00	1.17978E+01	2.74922E+04
8.00000E+00	1.20787E+01	2.71503E+04
8.00000E+00	1.23596E+01	2.68180E+04
8.00000E+00	1.26404E+01	2.64948E+04
8.00000E+00	1.29213E+01	2.61805E+04
8.00000E+00	1.32022E+01	2.58749E+04
8.00000E+00	1.34831E+01	2.55778E+04
8.00000E+00	1.37640E+01	2.52888E+04
8.00000E+00	1.40449E+01	2.50076E+04
8.00000E+00	1.43258E+01	2.47341E+04
8.00000E+00	1.46067E+01	2.44680E+04
8.00000E+00	1.48876E+01	2.42090E+04
8.00000E+00	1.51685E+01	2.39568E+04
8.00000E+00	1.54494E+01	2.37112E+04
8.00000E+00	1.57303E+01	2.34720E+04
8.00000E+00	1.60112E+01	2.32390E+04
8.00000E+00	1.62921E+01	2.30118E+04
8.00000E+00	1.65730E+01	2.27903E+04
8.00000E+00	1.68539E+01	2.25743E+04
8.00000E+00	1.71348E+01	2.23635E+04
8.00000E+00	1.74157E+01	2.21578E+04
8.00000E+00	1.76966E+01	2.19570E+04
8.00000E+00	1.79775E+01	2.17609E+04
8.00000E+00	1.82584E+01	2.15693E+04
8.00000E+00	1.85393E+01	2.13821E+04
8.00000E+00	1.88202E+01	2.11991E+04
8.00000E+00	1.91011E+01	2.10202E+04
8.00000E+00	1.93820E+01	2.08453E+04
8.00000E+00	1.96629E+01	2.06741E+04
8.00000E+00	1.99438E+01	2.05067E+04
8.00000E+00	2.02247E+01	2.03428E+04
8.00000E+00	2.05056E+01	2.01824E+04
8.00000E+00	2.07865E+01	2.00254E+04
8.00000E+00	2.10674E+01	1.98716E+04
8.00000E+00	2.13483E+01	1.97210E+04
8.00000E+00	2.16292E+01	1.95736E+04
8.00000E+00	2.19101E+01	1.94291E+04
8.00000E+00	2.21910E+01	1.92877E+04
8.00000E+00	2.24719E+01	1.91491E+04
8.00000E+00	2.27528E+01	1.90134E+04
8.00000E+00	2.30337E+01	1.88806E+04
8.00000E+00	2.33146E+01	1.87505E+04
8.00000E+00	2.35955E+01	1.86231E+04
8.00000E+00	2.38764E+01	1.84983E+04
8.00000E+00	2.41573E+01	1.83762E+04
8.00000E+00	2.44382E+01	1.82566E+04
8.00000E+00	2.47191E+01	1.81395E+04
8.00000E+00	2.50000E+01	1.80248E+04
9.00000E+00	0.00000E+00	4.19260E+04
9.00000E+00	2.80899E-01	4.19334E+04
9.00000E+00	5.61798E-01	4.19091E+04
9.00000E+00	8.42697E-01	4.18411E+04
9.00000E+00	1.12360E+00	4.17267E+04
9.00000E+00	1.40449E+00	4.15861E+04
9.00000E+00	1.68539E+00	4.14813E+04
9.00000E+00	1.96629E+00	4.14621E+04
9.00000E+00	2.24719E+00	4.14366E+04
9.00000E+00	2.52809E+00	4.13391E+04
9.00000E+00	2.80899E+00	4.11407E+04
9.00000E+00	3.08989E+00	4.08430E+04
9.00000E+00	3.37079E+00	4.04660E+04
9.00000E+00	3.65169E+00	4.00351E+04
9.00000E+00	3.93258E+00	3.95733E+04
9.00000E+00	4.21348E+00	3.90975E+04
9.00000E+00	4.49438E+00	3.86187E+04
9.00000E+00	4.77528E+00	3.81425E+04
9.00000E+00	5.05618E+00	3.76713E+04
9.00000E+00	5.33708E+00	3.72053E+04
9.00000E+00	5.61798E+00	3.67437E+04
9.00000E+00	5.89888E+00	3.62851E+04
9.00000E+00	6.17978E+00	3.58285E+04
9.00000E+00	6.46067E+00	3.53727E+04
9.00000E+00	6.74157E+00	3.49174E+04
9.00000E+00	7.02247E+00	3.44623E+04
9.00000E+00	7.30337E+00	3.40077E+04
9.00000E+00	7.58427E+00	3.35542E+04
9.00000E+00	7.86517E+00	3.31027E+04
9.00000E+00	8.14607E+00	3.26541E+04
9.00000E+00	8.42697E+00	3.22094E+04
9.00000E+00	8.70787E+00	3.17695E+04
9.00000E+00	8.98876E+00	3.13355E+04
9.00000E+00	9.26966E+00	3.09081E+04
9.00000E+00	9.55056E+00	3.04880E+04
9.00000E+00	9.83146E+00	3.00760E+04
9.00000E+00	1.01124E+01	2.96724E+04
9.00000E+00	1.03933E+01	2.92778E+04
9.00000E+00	1.06742E+01	2.88925E+04
9.00000E+00	1.09551E+01	2.85165E+04
9.00000E+00	1.12360E+01	2.81501E+04
9.00000E+00	1.15169E+01	2.77931E+04
9.00000E+00	1.17978E+01	2.74456E+04
9.00000E+00	1.20787E+01	2.71074E+04
9.00000E+00	1.23596E+01	2.67782E+04
9.00000E+00	1.26404E+01	2.64580E+04
9.00000E+00	1.29213E+01	2.61464E+04
9.00000E+00	1.32022E+01	2.58432E+04
9.00000E+00	1.34831E+01	2.55483E+04
9.00000E+00	1.37640E+01	2.52613E+04
9.00000E+00	1.40449E+01	2.49820E+04
9.00000E+00	1.43258E+01	2.47101E+04
9.00000E+00	1.46067E+01	2.44455E+04
9.00000E+00	1.48876E+01	2.41879E+04
9.00000E+00	1.51685E+01	2.39370E+04
9.00000E+00	1.54494E+01	2.36926E+04
9.00000E+00	1.57303E+01	2.34545E+04
9.00000E+00	1.60112E+01	2.32224E+04
9.00000E+00	1.62921E+01	2.29962E+04
9.00000E+00	1.65730E+01	2.27755E+04
9.00000E+00	1.68539E+01	2.25603E+04
9.00000E+00	1.71348E+01	2.23502E+04
9.00000E+00	1.74157E+01	2.21452E+04
9.00000E+00	1.76966E+01	2.19450E+04
9.00000E+00	1.79775E+01	2.17495E+04
9.00000E+00	1.82584E+01	2.15585E+04
9.00000E+00	1.85393E+01	2.13718E+04
9.00000E+00	1.88202E+01	2.11893E+04
9.00000E+00	1.91011E+01	2.10109E+04
9.00000E+00	1.93820E+01	2.08363E+04
9.00000E+00	1.96629E+01	2.06656E+04
9.00000E+00	1.99438E+01	2.04986E+04
9.00000E+00	2.02247E+01	2.03351E+04
9.00000E+00	2.05056E+01	2.01751E+04
9.00000E+00	2.07865E+01	2.00184E+04
9.00000E+00	2.10674E+01	1.98650E+04
9.00000E+00	2.13483E+01	1.97147E+04
9.00000E+00	2.16292E+01	1.95676E+04
9.00000E+00	2.19101E+01	1.94235E+04
9.00000E+00	2.21910E+01	1.92824E+04
9.00000E+00	2.24719E+01	1.91441E+04
9.00000E+00	2.27528E+01	1.90087E+04
9.00000E+00	2.30337E+01	1.88762E+04
9.00000E+00	2.33146E+01	1.87463E+04
9.00000E+00	2.35955E+01	1.86192E+04
9.00000E+00	2.38764E+01	1.84947E+04
9.00000E+00	2.41573E+01	1.83727E+04
9.00000E+00	2.44382E+01	1.82533E+04
9.00000E+00	2.47191E+01	1.81364E+04
9.00000E+00	2.50000E+01	1.80218E+04
1.00000E+01	0.00000E+00	4.18148E+04
1.00000E+01	2.80899E-01	4.18000E+04
1.00000E+01	5.61798E-01	4.17565E+04
1.00000E+01	8.42697E-01	4.16747E+04
1.00000E+01	1.12360E+00	4.15493E+04
1.00000E+01	1.40449E+00	4.13874E+04
1.00000E+01	1.68539E+00	4.12167E+04
1.00000E+01	1.96629E+00	4.10991E+04
1.00000E+01	2.24719E+00	4.10285E+04
1.00000E+01	2.52809E+00	4.09346E+04
1.00000E+01	2.80899E+00	4.07760E+04
1.00000E+01	3.08989E+00	4.05353E+04
1.00000E+01	3.37079E+00	4.02149E+04
1.00000E+01	3.65169E+00	3.98294E+04
1.00000E+01	3.93258E+00	3.93978E+04
1.00000E+01	4.21348E+00	3.89379E+04
1.00000E+01	4.49438E+00	3.84637E+04
1.00000E+01	4.77528E+00	3.79849E+04
1.00000E+01	5.05618E+00	3.75072E+04
1.00000E+01	5.33708E+00	3.70335E+04
1.00000E+01	5.61798E+00	3.65648E+04
1.00000E+01	5.89888E+00	3.61009E+04
1.00000E+01	6.17978E+00	3.56412E+04
1.00000E+01	6.46067E+00	3.51850E+04
1.00000E+01	6.74157E+00	3.47315E+04
1.00000E+01	7.02247E+00	3.42805E+04
1.00000E+01	7.30337E+00	3.38318E+04
1.00000E+01	7.58427E+00	3.33856E+04
1.00000E+01	7.86517E+00	3.29424E+04
1.00000E+01	8.14607E+00	3.25027E+04
1.00000E+01	8.42697E+00	3.20673E+04
1.00000E+01	8.70787E+00	3.16369E+04
1.00000E+01	8.98876E+00	3.12121E+04
1.00000E+01	9.26966E+00	3.07937E+04
1.00000E+01	9.55056E+00	3.03823E+04
1.00000E+01	9.83146E+00	2.99784E+04
1.00000E+01	1.01124E+01	2.95826E+04
1.00000E+01	1.03933E+01	2.91951E+04
1.00000E+01	1.06742E+01	2.88164E+04
1.00000E+01	1.09551E+01	2.84465E+04
1.00000E+01	1.12360E+01	2.80855E+04
1.00000E+01	1.15169E+01	2.77336E+04
1.00000E+01	1.17978E+01	2.73906E+04
1.00000E+01	1.20787E+01	2.70565E+04
1.00000E+01	1.23596E+01	2.67311E+04
1.00000E+01	1.26404E+01	2.64143E+04
1.00000E+01	1.29213E+01	2.61058E+04
1.00000E+01	1.32022E+01	2.58055E+04
1.00000E+01	1.34831E+01	2.55132E+04
1.00000E+01	1.37640E+01	2.52286E+04
1.00000E+01	1.40449E+01	2.49514E+04
1.00000E+01	1.43258E+01	2.46816E+04
1.00000E+01	1.46067E+01	2.44188E+04
1.00000E+01	1.48876E+01	2.41628E+04
1.00000E+01	1.51685E+01	2.39135E+04
1.00000E+01	1.54494E+01	2.36705E+04
1.00000E+01	1.57303E+01	2.34336E+04
1.00000E+01	1.60112E+01	2.32027E+04
1.00000E+01	1.62921E+01	2.29776E+04
1.00000E+01	1.65730E+01	2.27579E+04
1.00000E+01	1.68539E+01	2.25436E+04
1.00000E+01	1.71348E+01	2.23344E+04
1.00000E+01	1.74157E+01	2.21302E+04
1.00000E+01	1.76966E+01	2.19308E+04
1.00000E+01	1.79775E+01	2.17360E+04
1.00000E+01	1.82584E+01	2.15456E+04
1.00000E+01	1.85393E+01	2.13596E+04
1.00000E+01	1.88202E+01	2.11777E+04
1.00000E+01	1.91011E+01	2.09998E+04
1.00000E+01	1.93820E+01	2.08258E+04
1.00000E+01	1.96629E+01	2.06556E+04
1.00000E+01	1.99438E+01	2.04890E+04
1.00000E+01	2.02247E+01	2.03260E+04
1.00000E+01	2.05056E+01	2.01664E+04
1.00000E+01	2.07865E+01	2.00102E+04
1.00000E+01	2.10674E+01	1.98572E+04
1.00000E+01	2.13483E+01	1.97073E+04
1.00000E+01	2.16292E+01	1.95606E+04
1.00000E+01	2.19101E+01	1.94168E+04
1.00000E+01	2.21910E+01	1.92761E+04
1.00000E+01	2.24719E+01	1.91382E+04
1.00000E+01	2.27528E+01	1.90031E+04
1.00000E+01	2.30337E+01	1.88709E+04
1.00000E+01	2.33146E+01	1.87413E+04
1.00000E+01	2.35955E+01	1.86145E+04
1.00000E+01	2.38764E+01	1.84902E+04
1.00000E+01	2.41573E+01	1.83686E+04
1.00000E+01	2.44382E+01	1.82494E+04
1.00000E+01	2.47191E+01	1.81327E+04
1.00000E+01	2.50000E+01	1.80183E+04
