1.00000E-04	0.00000E+00	5.60178E+04
1.00000E-04	2.80899E-01	8.45196E+03
1.00000E-04	5.61798E-01	5.49637E+03
1.00000E-04	8.42697E-01	4.38744E+03
1.00000E-04	1.12360E+00	4.08030E+03
1.00000E-04	1.40449E+00	4.36428E+03
1.00000E-04	1.68539E+00	5.22740E+03
1.00000E-04	1.96629E+00	6.92973E+03
1.00000E-04	2.24719E+00	9.49260E+03
1.00000E-04	2.52809E+00	1.27497E+04
1.00000E-04	2.80899E+00	1.59424E+04
1.00000E-04	3.08989E+00	1.90367E+04
1.00000E-04	3.37079E+00	2.25013E+04
1.00000E-04	3.65169E+00	2.57107E+04
1.00000E-04	3.93258E+00	2.89150E+04
1.00000E-04	4.21348E+00	3.25618E+04
1.00000E-04	4.49438E+00	3.66360E+04
1.00000E-04	4.77528E+00	4.13700E+04
1.00000E-04	5.05618E+00	4.63862E+04
1.00000E-04	5.33708E+00	5.24310E+04
1.00000E-04	5.61798E+00	5.87420E+04
1.00000E-04	5.89888E+00	6.58532E+04
1.00000E-04	6.17978E+00	7.33070E+04
1.00000E-04	6.46067E+00	8.13883E+04
1.00000E-04	6.74157E+00	9.02243E+04
1.00000E-04	7.02247E+00	9.98877E+04
1.00000E-04	7.30337E+00	1.11062E+05
1.00000E-04	7.58427E+00	1.23267E+05
1.00000E-04	7.86517E+00	1.37019E+05
1.00000E-04	8.14607E+00	1.52555E+05
1.00000E-04	8.42697E+00	1.69573E+05
1.00000E-04	8.70787E+00	1.88295E+05
1.00000E-04	8.98876E+00	2.08678E+05
1.00000E-04	9.26966E+00	2.29558E+05
1.00000E-04	9.55056E+00	2.52284E+05
1.00000E-04	9.83146E+00	2.75697E+05
1.00000E-04	1.01124E+01	2.98638E+05
1.00000E-04	1.03933E+01	3.20012E+05
1.00000E-04	1.06742E+01	3.40982E+05
1.00000E-04	1.09551E+01	3.60891E+05
1.00000E-04	1.12360E+01	3.76749E+05
1.00000E-04	1.15169E+01	3.92097E+05
1.00000E-04	1.17978E+01	4.06296E+05
1.00000E-04	1.20787E+01	4.20543E+05
1.00000E-04	1.23596E+01	4.33165E+05
1.00000E-04	1.26404E+01	4.44830E+05
1.00000E-04	1.29213E+01	4.55313E+05
1.00000E-04	1.32022E+01	4.63805E+05
1.00000E-04	1.34831E+01	4.71198E+05
1.00000E-04	1.37640E+01	4.78035E+05
1.00000E-04	1.40449E+01	4.83215E+05
1.00000E-04	1.43258E+01	4.84747E+05
1.00000E-04	1.46067E+01	4.86363E+05
1.00000E-04	1.48876E+01	4.87411E+05
1.00000E-04	1.51685E+01	4.88698E+05
1.00000E-04	1.54494E+01	4.89762E+05
1.00000E-04	1.57303E+01	4.90981E+05
1.00000E-04	1.60112E+01	4.91805E+05
1.00000E-04	1.62921E+01	4.92656E+05
1.00000E-04	1.65730E+01	4.93621E+05
1.00000E-04	1.68539E+01	4.94220E+05
1.00000E-04	1.71348E+01	4.94743E+05
1.00000E-04	1.74157E+01	4.94772E+05
1.00000E-04	1.76966E+01	4.94603E+05
1.00000E-04	1.79775E+01	4.93519E+05
1.00000E-04	1.82584E+01	4.92552E+05
1.00000E-04	1.85393E+01	4.90983E+05
1.00000E-04	1.88202E+01	4.89312E+05
1.00000E-04	1.91011E+01	4.87124E+05
1.00000E-04	1.93820E+01	4.82752E+05
1.00000E-04	1.96629E+01	4.77844E+05
1.00000E-04	1.99438E+01	4.73206E+05
1.00000E-04	2.02247E+01	4.68772E+05
1.00000E-04	2.05056E+01	4.64104E+05
1.00000E-04	2.07865E+01	4.59688E+05
1.00000E-04	2.10674E+01	4.55173E+05
1.00000E-04	2.13483E+01	4.51283E+05
1.00000E-04	2.16292E+01	4.46949E+05
1.00000E-04	2.19101E+01	4.42936E+05
1.00000E-04	2.21910E+01	4.39165E+05
1.00000E-04	2.24719E+01	4.35389E+05
1.00000E-04	2.27528E+01	4.31611E+05
1.00000E-04	2.30337E+01	4.28093E+05
1.00000E-04	2.33146E+01	4.24809E+05
1.00000E-04	2.35955E+01	4.21237E+05
1.00000E-04	2.38764E+01	4.17989E+05
1.00000E-04	2.41573E+01	4.14967E+05
1.00000E-04	2.44382E+01	4.11942E+05
1.00000E-04	2.47191E+01	4.09126E+05
1.00000E-04	2.50000E+01	4.06140E+05
5.00000E-04	0.00000E+00	4.24403E+04
5.00000E-04	2.80899E-01	8.45132E+03
5.00000E-04	5.61798E-01	5.49639E+03
5.00000E-04	8.42697E-01	4.38777E+03
5.00000E-04	1.12360E+00	4.07960E+03
5.00000E-04	1.40449E+00	4.36426E+03
5.00000E-04	1.68539E+00	5.22740E+03
5.00000E-04	1.96629E+00	6.92973E+03
5.00000E-04	2.24719E+00	9.49260E+03
5.00000E-04	2.52809E+00	1.27497E+04
5.00000E-04	2.80899E+00	1.59425E+04
5.00000E-04	3.08989E+00	1.90388E+04
5.00000E-04	3.37079E+00	2.25014E+04
5.00000E-04	3.65169E+00	2.57101E+04
5.00000E-04	3.93258E+00	2.89157E+04
5.00000E-04	4.21348E+00	3.25492E+04
5.00000E-04	4.49438E+00	3.66359E+04
5.00000E-04	4.77528E+00	4.13699E+04
5.00000E-04	5.05618E+00	4.63865E+04
5.00000E-04	5.33708E+00	5.24310E+04
5.00000E-04	5.61798E+00	5.87420E+04
5.00000E-04	5.89888E+00	6.58523E+04
5.00000E-04	6.17978E+00	7.33070E+04
5.00000E-04	6.46067E+00	8.13883E+04
5.00000E-04	6.74157E+00	9.02241E+04
5.00000E-04	7.02247E+00	9.98876E+04
5.00000E-04	7.30337E+00	1.11070E+05
5.00000E-04	7.58427E+00	1.23267E+05
5.00000E-04	7.86517E+00	1.37019E+05
5.00000E-04	8.14607E+00	1.52555E+05
5.00000E-04	8.42697E+00	1.69573E+05
5.00000E-04	8.70787E+00	1.88295E+05
5.00000E-04	8.98876E+00	2.08783E+05
5.00000E-04	9.26966E+00	2.29558E+05
5.00000E-04	9.55056E+00	2.52284E+05
5.00000E-04	9.83146E+00	2.75697E+05
5.00000E-04	1.01124E+01	2.98638E+05
5.00000E-04	1.03933E+01	3.19957E+05
5.00000E-04	1.06742E+01	3.40982E+05
5.00000E-04	1.09551E+01	3.60891E+05
5.00000E-04	1.12360E+01	3.76749E+05
5.00000E-04	1.15169E+01	3.92097E+05
5.00000E-04	1.17978E+01	4.06296E+05
5.00000E-04	1.20787E+01	4.20543E+05
5.00000E-04	1.23596E+01	4.33165E+05
5.00000E-04	1.26404E+01	4.44830E+05
5.00000E-04	1.29213E+01	4.55313E+05
5.00000E-04	1.32022E+01	4.63805E+05
5.00000E-04	1.34831E+01	4.71198E+05
5.00000E-04	1.37640E+01	4.78035E+05
5.00000E-04	1.40449E+01	4.83215E+05
5.00000E-04	1.43258E+01	4.84747E+05
5.00000E-04	1.46067E+01	4.86363E+05
5.00000E-04	1.48876E+01	4.87411E+05
5.00000E-04	1.51685E+01	4.88698E+05
5.00000E-04	1.54494E+01	4.89762E+05
5.00000E-04	1.57303E+01	4.90981E+05
5.00000E-04	1.60112E+01	4.91805E+05
5.00000E-04	1.62921E+01	4.92656E+05
5.00000E-04	1.65730E+01	4.93621E+05
5.00000E-04	1.68539E+01	4.94220E+05
5.00000E-04	1.71348E+01	4.94743E+05
5.00000E-04	1.74157E+01	4.94772E+05
5.00000E-04	1.76966E+01	4.94603E+05
5.00000E-04	1.79775E+01	4.93519E+05
5.00000E-04	1.82584E+01	4.92552E+05
5.00000E-04	1.85393E+01	4.90983E+05
5.00000E-04	1.88202E+01	4.89312E+05
5.00000E-04	1.91011E+01	4.87124E+05
5.00000E-04	1.93820E+01	4.82752E+05
5.00000E-04	1.96629E+01	4.77844E+05
5.00000E-04	1.99438E+01	4.73183E+05
5.00000E-04	2.02247E+01	4.68772E+05
5.00000E-04	2.05056E+01	4.64104E+05
5.00000E-04	2.07865E+01	4.59688E+05
5.00000E-04	2.10674E+01	4.55173E+05
5.00000E-04	2.13483E+01	4.51283E+05
5.00000E-04	2.16292E+01	4.46949E+05
5.00000E-04	2.19101E+01	4.42936E+05
5.00000E-04	2.21910E+01	4.39165E+05
5.00000E-04	2.24719E+01	4.35389E+05
5.00000E-04	2.27528E+01	4.31611E+05
5.00000E-04	2.30337E+01	4.28093E+05
5.00000E-04	2.33146E+01	4.24809E+05
5.00000E-04	2.35955E+01	4.21237E+05
5.00000E-04	2.38764E+01	4.17989E+05
5.00000E-04	2.41573E+01	4.14967E+05
5.00000E-04	2.44382E+01	4.11942E+05
5.00000E-04	2.47191E+01	4.09126E+05
5.00000E-04	2.50000E+01	4.06140E+05
1.00000E-03	0.00000E+00	3.83831E+04
1.00000E-03	2.80899E-01	8.45128E+03
1.00000E-03	5.61798E-01	5.49639E+03
1.00000E-03	8.42697E-01	4.38799E+03
1.00000E-03	1.12360E+00	4.07903E+03
1.00000E-03	1.40449E+00	4.36400E+03
1.00000E-03	1.68539E+00	5.22744E+03
1.00000E-03	1.96629E+00	6.92972E+03
1.00000E-03	2.24719E+00	9.49244E+03
1.00000E-03	2.52809E+00	1.27495E+04
1.00000E-03	2.80899E+00	1.59424E+04
1.00000E-03	3.08989E+00	1.90432E+04
1.00000E-03	3.37079E+00	2.25020E+04
1.00000E-03	3.65169E+00	2.57060E+04
1.00000E-03	3.93258E+00	2.89202E+04
1.00000E-03	4.21348E+00	3.25442E+04
1.00000E-03	4.49438E+00	3.66329E+04
1.00000E-03	4.77528E+00	4.13675E+04
1.00000E-03	5.05618E+00	4.63908E+04
1.00000E-03	5.33708E+00	5.24310E+04
1.00000E-03	5.61798E+00	5.87420E+04
1.00000E-03	5.89888E+00	6.58438E+04
1.00000E-03	6.17978E+00	7.33070E+04
1.00000E-03	6.46067E+00	8.13883E+04
1.00000E-03	6.74157E+00	9.02180E+04
1.00000E-03	7.02247E+00	9.98871E+04
1.00000E-03	7.30337E+00	1.11071E+05
1.00000E-03	7.58427E+00	1.23267E+05
1.00000E-03	7.86517E+00	1.37019E+05
1.00000E-03	8.14607E+00	1.52555E+05
1.00000E-03	8.42697E+00	1.69573E+05
1.00000E-03	8.70787E+00	1.88295E+05
1.00000E-03	8.98876E+00	2.08800E+05
1.00000E-03	9.26966E+00	2.29558E+05
1.00000E-03	9.55056E+00	2.52284E+05
1.00000E-03	9.83146E+00	2.75697E+05
1.00000E-03	1.01124E+01	2.98638E+05
1.00000E-03	1.03933E+01	3.19950E+05
1.00000E-03	1.06742E+01	3.40982E+05
1.00000E-03	1.09551E+01	3.60891E+05
1.00000E-03	1.12360E+01	3.76748E+05
1.00000E-03	1.15169E+01	3.92097E+05
1.00000E-03	1.17978E+01	4.06296E+05
1.00000E-03	1.20787E+01	4.20541E+05
1.00000E-03	1.23596E+01	4.33165E+05
1.00000E-03	1.26404E+01	4.44830E+05
1.00000E-03	1.29213E+01	4.55315E+05
1.00000E-03	1.32022E+01	4.63805E+05
1.00000E-03	1.34831E+01	4.71198E+05
1.00000E-03	1.37640E+01	4.78035E+05
1.00000E-03	1.40449E+01	4.83215E+05
1.00000E-03	1.43258E+01	4.84747E+05
1.00000E-03	1.46067E+01	4.86363E+05
1.00000E-03	1.48876E+01	4.87411E+05
1.00000E-03	1.51685E+01	4.88698E+05
1.00000E-03	1.54494E+01	4.89762E+05
1.00000E-03	1.57303E+01	4.90981E+05
1.00000E-03	1.60112E+01	4.91805E+05
1.00000E-03	1.62921E+01	4.92656E+05
1.00000E-03	1.65730E+01	4.93621E+05
1.00000E-03	1.68539E+01	4.94220E+05
1.00000E-03	1.71348E+01	4.94743E+05
1.00000E-03	1.74157E+01	4.94779E+05
1.00000E-03	1.76966E+01	4.94603E+05
1.00000E-03	1.79775E+01	4.93519E+05
1.00000E-03	1.82584E+01	4.92552E+05
1.00000E-03	1.85393E+01	4.90983E+05
1.00000E-03	1.88202E+01	4.89312E+05
1.00000E-03	1.91011E+01	4.87129E+05
1.00000E-03	1.93820E+01	4.82752E+05
1.00000E-03	1.96629E+01	4.77844E+05
1.00000E-03	1.99438E+01	4.73148E+05
1.00000E-03	2.02247E+01	4.68772E+05
1.00000E-03	2.05056E+01	4.64104E+05
1.00000E-03	2.07865E+01	4.59688E+05
1.00000E-03	2.10674E+01	4.55173E+05
1.00000E-03	2.13483E+01	4.51283E+05
1.00000E-03	2.16292E+01	4.46949E+05
1.00000E-03	2.19101E+01	4.42936E+05
1.00000E-03	2.21910E+01	4.39165E+05
1.00000E-03	2.24719E+01	4.35389E+05
1.00000E-03	2.27528E+01	4.31611E+05
1.00000E-03	2.30337E+01	4.28093E+05
1.00000E-03	2.33146E+01	4.24809E+05
1.00000E-03	2.35955E+01	4.21237E+05
1.00000E-03	2.38764E+01	4.17989E+05
1.00000E-03	2.41573E+01	4.14967E+05
1.00000E-03	2.44382E+01	4.11942E+05
1.00000E-03	2.47191E+01	4.09126E+05
1.00000E-03	2.50000E+01	4.06140E+05
5.00000E-03	0.00000E+00	2.62542E+04
5.00000E-03	2.80899E-01	8.45123E+03
5.00000E-03	5.61798E-01	5.49638E+03
5.00000E-03	8.42697E-01	4.38803E+03
5.00000E-03	1.12360E+00	4.07864E+03
5.00000E-03	1.40449E+00	4.36341E+03
5.00000E-03	1.68539E+00	5.22759E+03
5.00000E-03	1.96629E+00	6.92905E+03
5.00000E-03	2.24719E+00	9.49035E+03
5.00000E-03	2.52809E+00	1.27492E+04
5.00000E-03	2.80899E+00	1.59420E+04
5.00000E-03	3.08989E+00	1.90496E+04
5.00000E-03	3.37079E+00	2.25040E+04
5.00000E-03	3.65169E+00	2.56933E+04
5.00000E-03	3.93258E+00	2.89338E+04
5.00000E-03	4.21348E+00	3.25400E+04
5.00000E-03	4.49438E+00	3.66098E+04
5.00000E-03	4.77528E+00	4.13470E+04
5.00000E-03	5.05618E+00	4.64123E+04
5.00000E-03	5.33708E+00	5.24180E+04
5.00000E-03	5.61798E+00	5.87539E+04
5.00000E-03	5.89888E+00	6.58097E+04
5.00000E-03	6.17978E+00	7.32846E+04
5.00000E-03	6.46067E+00	8.13907E+04
5.00000E-03	6.74157E+00	9.01580E+04
5.00000E-03	7.02247E+00	9.98508E+04
5.00000E-03	7.30337E+00	1.11070E+05
5.00000E-03	7.58427E+00	1.23262E+05
5.00000E-03	7.86517E+00	1.37041E+05
5.00000E-03	8.14607E+00	1.52494E+05
5.00000E-03	8.42697E+00	1.69565E+05
5.00000E-03	8.70787E+00	1.88297E+05
5.00000E-03	8.98876E+00	2.08814E+05
5.00000E-03	9.26966E+00	2.29509E+05
5.00000E-03	9.55056E+00	2.52283E+05
5.00000E-03	9.83146E+00	2.75669E+05
5.00000E-03	1.01124E+01	2.98617E+05
5.00000E-03	1.03933E+01	3.19944E+05
5.00000E-03	1.06742E+01	3.40980E+05
5.00000E-03	1.09551E+01	3.60894E+05
5.00000E-03	1.12360E+01	3.76620E+05
5.00000E-03	1.15169E+01	3.92024E+05
5.00000E-03	1.17978E+01	4.06299E+05
5.00000E-03	1.20787E+01	4.20400E+05
5.00000E-03	1.23596E+01	4.33160E+05
5.00000E-03	1.26404E+01	4.44835E+05
5.00000E-03	1.29213E+01	4.55438E+05
5.00000E-03	1.32022E+01	4.63803E+05
5.00000E-03	1.34831E+01	4.71253E+05
5.00000E-03	1.37640E+01	4.78127E+05
5.00000E-03	1.40449E+01	4.83214E+05
5.00000E-03	1.43258E+01	4.84748E+05
5.00000E-03	1.46067E+01	4.86363E+05
5.00000E-03	1.48876E+01	4.87420E+05
5.00000E-03	1.51685E+01	4.88698E+05
5.00000E-03	1.54494E+01	4.89762E+05
5.00000E-03	1.57303E+01	4.90978E+05
5.00000E-03	1.60112E+01	4.91807E+05
5.00000E-03	1.62921E+01	4.92668E+05
5.00000E-03	1.65730E+01	4.93607E+05
5.00000E-03	1.68539E+01	4.94220E+05
5.00000E-03	1.71348E+01	4.94743E+05
5.00000E-03	1.74157E+01	4.94851E+05
5.00000E-03	1.76966E+01	4.94622E+05
5.00000E-03	1.79775E+01	4.93519E+05
5.00000E-03	1.82584E+01	4.92544E+05
5.00000E-03	1.85393E+01	4.90983E+05
5.00000E-03	1.88202E+01	4.89317E+05
5.00000E-03	1.91011E+01	4.87140E+05
5.00000E-03	1.93820E+01	4.82752E+05
5.00000E-03	1.96629E+01	4.77844E+05
5.00000E-03	1.99438E+01	4.73102E+05
5.00000E-03	2.02247E+01	4.68772E+05
5.00000E-03	2.05056E+01	4.64108E+05
5.00000E-03	2.07865E+01	4.59679E+05
5.00000E-03	2.10674E+01	4.55173E+05
5.00000E-03	2.13483E+01	4.51283E+05
5.00000E-03	2.16292E+01	4.46949E+05
5.00000E-03	2.19101E+01	4.42936E+05
5.00000E-03	2.21910E+01	4.39165E+05
5.00000E-03	2.24719E+01	4.35389E+05
5.00000E-03	2.27528E+01	4.31611E+05
5.00000E-03	2.30337E+01	4.28089E+05
5.00000E-03	2.33146E+01	4.24801E+05
5.00000E-03	2.35955E+01	4.21237E+05
5.00000E-03	2.38764E+01	4.17992E+05
5.00000E-03	2.41573E+01	4.14951E+05
5.00000E-03	2.44382E+01	4.11942E+05
5.00000E-03	2.47191E+01	4.09126E+05
5.00000E-03	2.50000E+01	4.06140E+05
1.00000E-02	0.00000E+00	2.18560E+04
1.00000E-02	2.80899E-01	8.45113E+03
1.00000E-02	5.61798E-01	5.49636E+03
1.00000E-02	8.42697E-01	4.38803E+03
1.00000E-02	1.12360E+00	4.07865E+03
1.00000E-02	1.40449E+00	4.36344E+03
1.00000E-02	1.68539E+00	5.22762E+03
1.00000E-02	1.96629E+00	6.92905E+03
1.00000E-02	2.24719E+00	9.49036E+03
1.00000E-02	2.52809E+00	1.27492E+04
1.00000E-02	2.80899E+00	1.59421E+04
1.00000E-02	3.08989E+00	1.90498E+04
1.00000E-02	3.37079E+00	2.25040E+04
1.00000E-02	3.65169E+00	2.56925E+04
1.00000E-02	3.93258E+00	2.89350E+04
1.00000E-02	4.21348E+00	3.25400E+04
1.00000E-02	4.49438E+00	3.66057E+04
1.00000E-02	4.77528E+00	4.13444E+04
1.00000E-02	5.05618E+00	4.64141E+04
1.00000E-02	5.33708E+00	5.24137E+04
1.00000E-02	5.61798E+00	5.87594E+04
1.00000E-02	5.89888E+00	6.58055E+04
1.00000E-02	6.17978E+00	7.32713E+04
1.00000E-02	6.46067E+00	8.13926E+04
1.00000E-02	6.74157E+00	9.01438E+04
1.00000E-02	7.02247E+00	9.98402E+04
1.00000E-02	7.30337E+00	1.11069E+05
1.00000E-02	7.58427E+00	1.23261E+05
1.00000E-02	7.86517E+00	1.37050E+05
1.00000E-02	8.14607E+00	1.52435E+05
1.00000E-02	8.42697E+00	1.69537E+05
1.00000E-02	8.70787E+00	1.88310E+05
1.00000E-02	8.98876E+00	2.08817E+05
1.00000E-02	9.26966E+00	2.29457E+05
1.00000E-02	9.55056E+00	2.52278E+05
1.00000E-02	9.83146E+00	2.75599E+05
1.00000E-02	1.01124E+01	2.98554E+05
1.00000E-02	1.03933E+01	3.19947E+05
1.00000E-02	1.06742E+01	3.40947E+05
1.00000E-02	1.09551E+01	3.60937E+05
1.00000E-02	1.12360E+01	3.76516E+05
1.00000E-02	1.15169E+01	3.91942E+05
1.00000E-02	1.17978E+01	4.06294E+05
1.00000E-02	1.20787E+01	4.20325E+05
1.00000E-02	1.23596E+01	4.33110E+05
1.00000E-02	1.26404E+01	4.44883E+05
1.00000E-02	1.29213E+01	4.55503E+05
1.00000E-02	1.32022E+01	4.63807E+05
1.00000E-02	1.34831E+01	4.71316E+05
1.00000E-02	1.37640E+01	4.78203E+05
1.00000E-02	1.40449E+01	4.83191E+05
1.00000E-02	1.43258E+01	4.84764E+05
1.00000E-02	1.46067E+01	4.86363E+05
1.00000E-02	1.48876E+01	4.87449E+05
1.00000E-02	1.51685E+01	4.88703E+05
1.00000E-02	1.54494E+01	4.89761E+05
1.00000E-02	1.57303E+01	4.90953E+05
1.00000E-02	1.60112E+01	4.91828E+05
1.00000E-02	1.62921E+01	4.92689E+05
1.00000E-02	1.65730E+01	4.93566E+05
1.00000E-02	1.68539E+01	4.94223E+05
1.00000E-02	1.71348E+01	4.94742E+05
1.00000E-02	1.74157E+01	4.94870E+05
1.00000E-02	1.76966E+01	4.94640E+05
1.00000E-02	1.79775E+01	4.93519E+05
1.00000E-02	1.82584E+01	4.92497E+05
1.00000E-02	1.85393E+01	4.90987E+05
1.00000E-02	1.88202E+01	4.89336E+05
1.00000E-02	1.91011E+01	4.87140E+05
1.00000E-02	1.93820E+01	4.82760E+05
1.00000E-02	1.96629E+01	4.77844E+05
1.00000E-02	1.99438E+01	4.73095E+05
1.00000E-02	2.02247E+01	4.68766E+05
1.00000E-02	2.05056E+01	4.64118E+05
1.00000E-02	2.07865E+01	4.59646E+05
1.00000E-02	2.10674E+01	4.55179E+05
1.00000E-02	2.13483E+01	4.51282E+05
1.00000E-02	2.16292E+01	4.46955E+05
1.00000E-02	2.19101E+01	4.42937E+05
1.00000E-02	2.21910E+01	4.39164E+05
1.00000E-02	2.24719E+01	4.35388E+05
1.00000E-02	2.27528E+01	4.31614E+05
1.00000E-02	2.30337E+01	4.28071E+05
1.00000E-02	2.33146E+01	4.24783E+05
1.00000E-02	2.35955E+01	4.21239E+05
1.00000E-02	2.38764E+01	4.18006E+05
1.00000E-02	2.41573E+01	4.14923E+05
1.00000E-02	2.44382E+01	4.11942E+05
1.00000E-02	2.47191E+01	4.09124E+05
1.00000E-02	2.50000E+01	4.06140E+05
5.00000E-02	0.00000E+00	1.32463E+04
5.00000E-02	2.80899E-01	8.44663E+03
5.00000E-02	5.61798E-01	5.49549E+03
5.00000E-02	8.42697E-01	4.38799E+03
5.00000E-02	1.12360E+00	4.07879E+03
5.00000E-02	1.40449E+00	4.36428E+03
5.00000E-02	1.68539E+00	5.22865E+03
5.00000E-02	1.96629E+00	6.92930E+03
5.00000E-02	2.24719E+00	9.49155E+03
5.00000E-02	2.52809E+00	1.27493E+04
5.00000E-02	2.80899E+00	1.59428E+04
5.00000E-02	3.08989E+00	1.90505E+04
5.00000E-02	3.37079E+00	2.25037E+04
5.00000E-02	3.65169E+00	2.56927E+04
5.00000E-02	3.93258E+00	2.89349E+04
5.00000E-02	4.21348E+00	3.25407E+04
5.00000E-02	4.49438E+00	3.66075E+04
5.00000E-02	4.77528E+00	4.13450E+04
5.00000E-02	5.05618E+00	4.64148E+04
5.00000E-02	5.33708E+00	5.24140E+04
5.00000E-02	5.61798E+00	5.87603E+04
5.00000E-02	5.89888E+00	6.58051E+04
5.00000E-02	6.17978E+00	7.32703E+04
5.00000E-02	6.46067E+00	8.13923E+04
5.00000E-02	6.74157E+00	9.01411E+04
5.00000E-02	7.02247E+00	9.98416E+04
5.00000E-02	7.30337E+00	1.11071E+05
5.00000E-02	7.58427E+00	1.23263E+05
5.00000E-02	7.86517E+00	1.37052E+05
5.00000E-02	8.14607E+00	1.52411E+05
5.00000E-02	8.42697E+00	1.69522E+05
5.00000E-02	8.70787E+00	1.88323E+05
5.00000E-02	8.98876E+00	2.08820E+05
5.00000E-02	9.26966E+00	2.29447E+05
5.00000E-02	9.55056E+00	2.52275E+05
5.00000E-02	9.83146E+00	2.75566E+05
5.00000E-02	1.01124E+01	2.98518E+05
5.00000E-02	1.03933E+01	3.19955E+05
5.00000E-02	1.06742E+01	3.40881E+05
5.00000E-02	1.09551E+01	3.61033E+05
5.00000E-02	1.12360E+01	3.76445E+05
5.00000E-02	1.15169E+01	3.91893E+05
5.00000E-02	1.17978E+01	4.06294E+05
5.00000E-02	1.20787E+01	4.20292E+05
5.00000E-02	1.23596E+01	4.33013E+05
5.00000E-02	1.26404E+01	4.44976E+05
5.00000E-02	1.29213E+01	4.55531E+05
5.00000E-02	1.32022E+01	4.63808E+05
5.00000E-02	1.34831E+01	4.71353E+05
5.00000E-02	1.37640E+01	4.78254E+05
5.00000E-02	1.40449E+01	4.83137E+05
5.00000E-02	1.43258E+01	4.84795E+05
5.00000E-02	1.46067E+01	4.86327E+05
5.00000E-02	1.48876E+01	4.87466E+05
5.00000E-02	1.51685E+01	4.88712E+05
5.00000E-02	1.54494E+01	4.89732E+05
5.00000E-02	1.57303E+01	4.90912E+05
5.00000E-02	1.60112E+01	4.91870E+05
5.00000E-02	1.62921E+01	4.92696E+05
5.00000E-02	1.65730E+01	4.93526E+05
5.00000E-02	1.68539E+01	4.94230E+05
5.00000E-02	1.71348E+01	4.94672E+05
5.00000E-02	1.74157E+01	4.94875E+05
5.00000E-02	1.76966E+01	4.94644E+05
5.00000E-02	1.79775E+01	4.93511E+05
5.00000E-02	1.82584E+01	4.92375E+05
5.00000E-02	1.85393E+01	4.90999E+05
5.00000E-02	1.88202E+01	4.89356E+05
5.00000E-02	1.91011E+01	4.87138E+05
5.00000E-02	1.93820E+01	4.82831E+05
5.00000E-02	1.96629E+01	4.77833E+05
5.00000E-02	1.99438E+01	4.73089E+05
5.00000E-02	2.02247E+01	4.68732E+05
5.00000E-02	2.05056E+01	4.64124E+05
5.00000E-02	2.07865E+01	4.59584E+05
5.00000E-02	2.10674E+01	4.55241E+05
5.00000E-02	2.13483E+01	4.51255E+05
5.00000E-02	2.16292E+01	4.46991E+05
5.00000E-02	2.19101E+01	4.42976E+05
5.00000E-02	2.21910E+01	4.39141E+05
5.00000E-02	2.24719E+01	4.35369E+05
5.00000E-02	2.27528E+01	4.31653E+05
5.00000E-02	2.30337E+01	4.28032E+05
5.00000E-02	2.33146E+01	4.24764E+05
5.00000E-02	2.35955E+01	4.21279E+05
5.00000E-02	2.38764E+01	4.18035E+05
5.00000E-02	2.41573E+01	4.14889E+05
5.00000E-02	2.44382E+01	4.11950E+05
5.00000E-02	2.47191E+01	4.09082E+05
5.00000E-02	2.50000E+01	4.06140E+05
1.00000E-01	0.00000E+00	1.03737E+04
1.00000E-01	2.80899E-01	8.42944E+03
1.00000E-01	5.61798E-01	5.49154E+03
1.00000E-01	8.42697E-01	4.38791E+03
1.00000E-01	1.12360E+00	4.07945E+03
1.00000E-01	1.40449E+00	4.36635E+03
1.00000E-01	1.68539E+00	5.23141E+03
1.00000E-01	1.96629E+00	6.93047E+03
1.00000E-01	2.24719E+00	9.49509E+03
1.00000E-01	2.52809E+00	1.27500E+04
1.00000E-01	2.80899E+00	1.59453E+04
1.00000E-01	3.08989E+00	1.90525E+04
1.00000E-01	3.37079E+00	2.25029E+04
1.00000E-01	3.65169E+00	2.56935E+04
1.00000E-01	3.93258E+00	2.89344E+04
1.00000E-01	4.21348E+00	3.25427E+04
1.00000E-01	4.49438E+00	3.66137E+04
1.00000E-01	4.77528E+00	4.13472E+04
1.00000E-01	5.05618E+00	4.64178E+04
1.00000E-01	5.33708E+00	5.24160E+04
1.00000E-01	5.61798E+00	5.87622E+04
1.00000E-01	5.89888E+00	6.58045E+04
1.00000E-01	6.17978E+00	7.32727E+04
1.00000E-01	6.46067E+00	8.13927E+04
1.00000E-01	6.74157E+00	9.01426E+04
1.00000E-01	7.02247E+00	9.98478E+04
1.00000E-01	7.30337E+00	1.11077E+05
1.00000E-01	7.58427E+00	1.23267E+05
1.00000E-01	7.86517E+00	1.37056E+05
1.00000E-01	8.14607E+00	1.52413E+05
1.00000E-01	8.42697E+00	1.69521E+05
1.00000E-01	8.70787E+00	1.88330E+05
1.00000E-01	8.98876E+00	2.08820E+05
1.00000E-01	9.26966E+00	2.29454E+05
1.00000E-01	9.55056E+00	2.52281E+05
1.00000E-01	9.83146E+00	2.75573E+05
1.00000E-01	1.01124E+01	2.98519E+05
1.00000E-01	1.03933E+01	3.19957E+05
1.00000E-01	1.06742E+01	3.40882E+05
1.00000E-01	1.09551E+01	3.61017E+05
1.00000E-01	1.12360E+01	3.76447E+05
1.00000E-01	1.15169E+01	3.91894E+05
1.00000E-01	1.17978E+01	4.06296E+05
1.00000E-01	1.20787E+01	4.20293E+05
1.00000E-01	1.23596E+01	4.33015E+05
1.00000E-01	1.26404E+01	4.44974E+05
1.00000E-01	1.29213E+01	4.55527E+05
1.00000E-01	1.32022E+01	4.63808E+05
1.00000E-01	1.34831E+01	4.71352E+05
1.00000E-01	1.37640E+01	4.78255E+05
1.00000E-01	1.40449E+01	4.83136E+05
1.00000E-01	1.43258E+01	4.84796E+05
1.00000E-01	1.46067E+01	4.86323E+05
1.00000E-01	1.48876E+01	4.87467E+05
1.00000E-01	1.51685E+01	4.88711E+05
1.00000E-01	1.54494E+01	4.89732E+05
1.00000E-01	1.57303E+01	4.90911E+05
1.00000E-01	1.60112E+01	4.91870E+05
1.00000E-01	1.62921E+01	4.92696E+05
1.00000E-01	1.65730E+01	4.93528E+05
1.00000E-01	1.68539E+01	4.94231E+05
1.00000E-01	1.71348E+01	4.94667E+05
1.00000E-01	1.74157E+01	4.94874E+05
1.00000E-01	1.76966E+01	4.94643E+05
1.00000E-01	1.79775E+01	4.93511E+05
1.00000E-01	1.82584E+01	4.92371E+05
1.00000E-01	1.85393E+01	4.90999E+05
1.00000E-01	1.88202E+01	4.89356E+05
1.00000E-01	1.91011E+01	4.87134E+05
1.00000E-01	1.93820E+01	4.82833E+05
1.00000E-01	1.96629E+01	4.77832E+05
1.00000E-01	1.99438E+01	4.73089E+05
1.00000E-01	2.02247E+01	4.68731E+05
1.00000E-01	2.05056E+01	4.64124E+05
1.00000E-01	2.07865E+01	4.59582E+05
1.00000E-01	2.10674E+01	4.55244E+05
1.00000E-01	2.13483E+01	4.51253E+05
1.00000E-01	2.16292E+01	4.46991E+05
1.00000E-01	2.19101E+01	4.42979E+05
1.00000E-01	2.21910E+01	4.39140E+05
1.00000E-01	2.24719E+01	4.35368E+05
1.00000E-01	2.27528E+01	4.31654E+05
1.00000E-01	2.30337E+01	4.28032E+05
1.00000E-01	2.33146E+01	4.24764E+05
1.00000E-01	2.35955E+01	4.21282E+05
1.00000E-01	2.38764E+01	4.18034E+05
1.00000E-01	2.41573E+01	4.14890E+05
1.00000E-01	2.44382E+01	4.11951E+05
1.00000E-01	2.47191E+01	4.09080E+05
1.00000E-01	2.50000E+01	4.06141E+05
2.00000E-01	0.00000E+00	8.55468E+03
2.00000E-01	2.80899E-01	8.34838E+03
2.00000E-01	5.61798E-01	5.47718E+03
2.00000E-01	8.42697E-01	4.38874E+03
2.00000E-01	1.12360E+00	4.08221E+03
2.00000E-01	1.40449E+00	4.37235E+03
2.00000E-01	1.68539E+00	5.24005E+03
2.00000E-01	1.96629E+00	6.93758E+03
2.00000E-01	2.24719E+00	9.50751E+03
2.00000E-01	2.52809E+00	1.27535E+04
2.00000E-01	2.80899E+00	1.59544E+04
2.00000E-01	3.08989E+00	1.90599E+04
2.00000E-01	3.37079E+00	2.25012E+04
2.00000E-01	3.65169E+00	2.56983E+04
2.00000E-01	3.93258E+00	2.89339E+04
2.00000E-01	4.21348E+00	3.25498E+04
2.00000E-01	4.49438E+00	3.66312E+04
2.00000E-01	4.77528E+00	4.13554E+04
2.00000E-01	5.05618E+00	4.64309E+04
2.00000E-01	5.33708E+00	5.24236E+04
2.00000E-01	5.61798E+00	5.87702E+04
2.00000E-01	5.89888E+00	6.58039E+04
2.00000E-01	6.17978E+00	7.32816E+04
2.00000E-01	6.46067E+00	8.13971E+04
2.00000E-01	6.74157E+00	9.01511E+04
2.00000E-01	7.02247E+00	9.98704E+04
2.00000E-01	7.30337E+00	1.11097E+05
2.00000E-01	7.58427E+00	1.23283E+05
2.00000E-01	7.86517E+00	1.37069E+05
2.00000E-01	8.14607E+00	1.52422E+05
2.00000E-01	8.42697E+00	1.69518E+05
2.00000E-01	8.70787E+00	1.88353E+05
2.00000E-01	8.98876E+00	2.08825E+05
2.00000E-01	9.26966E+00	2.29484E+05
2.00000E-01	9.55056E+00	2.52302E+05
2.00000E-01	9.83146E+00	2.75597E+05
2.00000E-01	1.01124E+01	2.98523E+05
2.00000E-01	1.03933E+01	3.19962E+05
2.00000E-01	1.06742E+01	3.40885E+05
2.00000E-01	1.09551E+01	3.60957E+05
2.00000E-01	1.12360E+01	3.76456E+05
2.00000E-01	1.15169E+01	3.91895E+05
2.00000E-01	1.17978E+01	4.06305E+05
2.00000E-01	1.20787E+01	4.20294E+05
2.00000E-01	1.23596E+01	4.33022E+05
2.00000E-01	1.26404E+01	4.44970E+05
2.00000E-01	1.29213E+01	4.55514E+05
2.00000E-01	1.32022E+01	4.63807E+05
2.00000E-01	1.34831E+01	4.71348E+05
2.00000E-01	1.37640E+01	4.78255E+05
2.00000E-01	1.40449E+01	4.83129E+05
2.00000E-01	1.43258E+01	4.84801E+05
2.00000E-01	1.46067E+01	4.86322E+05
2.00000E-01	1.48876E+01	4.87470E+05
2.00000E-01	1.51685E+01	4.88707E+05
2.00000E-01	1.54494E+01	4.89734E+05
2.00000E-01	1.57303E+01	4.90910E+05
2.00000E-01	1.60112E+01	4.91870E+05
2.00000E-01	1.62921E+01	4.92697E+05
2.00000E-01	1.65730E+01	4.93531E+05
2.00000E-01	1.68539E+01	4.94233E+05
2.00000E-01	1.71348E+01	4.94667E+05
2.00000E-01	1.74157E+01	4.94873E+05
2.00000E-01	1.76966E+01	4.94637E+05
2.00000E-01	1.79775E+01	4.93512E+05
2.00000E-01	1.82584E+01	4.92371E+05
2.00000E-01	1.85393E+01	4.91000E+05
2.00000E-01	1.88202E+01	4.89353E+05
2.00000E-01	1.91011E+01	4.87120E+05
2.00000E-01	1.93820E+01	4.82829E+05
2.00000E-01	1.96629E+01	4.77830E+05
2.00000E-01	1.99438E+01	4.73091E+05
2.00000E-01	2.02247E+01	4.68727E+05
2.00000E-01	2.05056E+01	4.64125E+05
2.00000E-01	2.07865E+01	4.59581E+05
2.00000E-01	2.10674E+01	4.55246E+05
2.00000E-01	2.13483E+01	4.51249E+05
2.00000E-01	2.16292E+01	4.46990E+05
2.00000E-01	2.19101E+01	4.42979E+05
2.00000E-01	2.21910E+01	4.39140E+05
2.00000E-01	2.24719E+01	4.35366E+05
2.00000E-01	2.27528E+01	4.31652E+05
2.00000E-01	2.30337E+01	4.28035E+05
2.00000E-01	2.33146E+01	4.24761E+05
2.00000E-01	2.35955E+01	4.21285E+05
2.00000E-01	2.38764E+01	4.18034E+05
2.00000E-01	2.41573E+01	4.14892E+05
2.00000E-01	2.44382E+01	4.11952E+05
2.00000E-01	2.47191E+01	4.09078E+05
2.00000E-01	2.50000E+01	4.06142E+05
2.50000E-01	0.00000E+00	8.17889E+03
2.50000E-01	2.80899E-01	8.28150E+03
2.50000E-01	5.61798E-01	5.46816E+03
2.50000E-01	8.42697E-01	4.38963E+03
2.50000E-01	1.12360E+00	4.08439E+03
2.50000E-01	1.40449E+00	4.37609E+03
2.50000E-01	1.68539E+00	5.24577E+03
2.50000E-01	1.96629E+00	6.94362E+03
2.50000E-01	2.24719E+00	9.51580E+03
2.50000E-01	2.52809E+00	1.27567E+04
2.50000E-01	2.80899E+00	1.59604E+04
2.50000E-01	3.08989E+00	1.90653E+04
2.50000E-01	3.37079E+00	2.25006E+04
2.50000E-01	3.65169E+00	2.57018E+04
2.50000E-01	3.93258E+00	2.89349E+04
2.50000E-01	4.21348E+00	3.25546E+04
2.50000E-01	4.49438E+00	3.66412E+04
2.50000E-01	4.77528E+00	4.13613E+04
2.50000E-01	5.05618E+00	4.64405E+04
2.50000E-01	5.33708E+00	5.24288E+04
2.50000E-01	5.61798E+00	5.87766E+04
2.50000E-01	5.89888E+00	6.58049E+04
2.50000E-01	6.17978E+00	7.32881E+04
2.50000E-01	6.46067E+00	8.14013E+04
2.50000E-01	6.74157E+00	9.01585E+04
2.50000E-01	7.02247E+00	9.98853E+04
2.50000E-01	7.30337E+00	1.11110E+05
2.50000E-01	7.58427E+00	1.23295E+05
2.50000E-01	7.86517E+00	1.37079E+05
2.50000E-01	8.14607E+00	1.52430E+05
2.50000E-01	8.42697E+00	1.69519E+05
2.50000E-01	8.70787E+00	1.88371E+05
2.50000E-01	8.98876E+00	2.08832E+05
2.50000E-01	9.26966E+00	2.29506E+05
2.50000E-01	9.55056E+00	2.52316E+05
2.50000E-01	9.83146E+00	2.75612E+05
2.50000E-01	1.01124E+01	2.98526E+05
2.50000E-01	1.03933E+01	3.19965E+05
2.50000E-01	1.06742E+01	3.40888E+05
2.50000E-01	1.09551E+01	3.60919E+05
2.50000E-01	1.12360E+01	3.76463E+05
2.50000E-01	1.15169E+01	3.91895E+05
2.50000E-01	1.17978E+01	4.06311E+05
2.50000E-01	1.20787E+01	4.20295E+05
2.50000E-01	1.23596E+01	4.33026E+05
2.50000E-01	1.26404E+01	4.44967E+05
2.50000E-01	1.29213E+01	4.55504E+05
2.50000E-01	1.32022E+01	4.63806E+05
2.50000E-01	1.34831E+01	4.71346E+05
2.50000E-01	1.37640E+01	4.78255E+05
2.50000E-01	1.40449E+01	4.83122E+05
2.50000E-01	1.43258E+01	4.84805E+05
2.50000E-01	1.46067E+01	4.86321E+05
2.50000E-01	1.48876E+01	4.87472E+05
2.50000E-01	1.51685E+01	4.88704E+05
2.50000E-01	1.54494E+01	4.89735E+05
2.50000E-01	1.57303E+01	4.90909E+05
2.50000E-01	1.60112E+01	4.91869E+05
2.50000E-01	1.62921E+01	4.92697E+05
2.50000E-01	1.65730E+01	4.93533E+05
2.50000E-01	1.68539E+01	4.94235E+05
2.50000E-01	1.71348E+01	4.94667E+05
2.50000E-01	1.74157E+01	4.94873E+05
2.50000E-01	1.76966E+01	4.94633E+05
2.50000E-01	1.79775E+01	4.93513E+05
2.50000E-01	1.82584E+01	4.92370E+05
2.50000E-01	1.85393E+01	4.91001E+05
2.50000E-01	1.88202E+01	4.89351E+05
2.50000E-01	1.91011E+01	4.87109E+05
2.50000E-01	1.93820E+01	4.82826E+05
2.50000E-01	1.96629E+01	4.77829E+05
2.50000E-01	1.99438E+01	4.73093E+05
2.50000E-01	2.02247E+01	4.68725E+05
2.50000E-01	2.05056E+01	4.64125E+05
2.50000E-01	2.07865E+01	4.59580E+05
2.50000E-01	2.10674E+01	4.55248E+05
2.50000E-01	2.13483E+01	4.51247E+05
2.50000E-01	2.16292E+01	4.46991E+05
2.50000E-01	2.19101E+01	4.42980E+05
2.50000E-01	2.21910E+01	4.39140E+05
2.50000E-01	2.24719E+01	4.35365E+05
2.50000E-01	2.27528E+01	4.31651E+05
2.50000E-01	2.30337E+01	4.28036E+05
2.50000E-01	2.33146E+01	4.24759E+05
2.50000E-01	2.35955E+01	4.21287E+05
2.50000E-01	2.38764E+01	4.18033E+05
2.50000E-01	2.41573E+01	4.14893E+05
2.50000E-01	2.44382E+01	4.11952E+05
2.50000E-01	2.47191E+01	4.09077E+05
2.50000E-01	2.50000E+01	4.06143E+05
3.00000E-01	0.00000E+00	7.95222E+03
3.00000E-01	2.80899E-01	8.19876E+03
3.00000E-01	5.61798E-01	5.45836E+03
3.00000E-01	8.42697E-01	4.39065E+03
3.00000E-01	1.12360E+00	4.08711E+03
3.00000E-01	1.40449E+00	4.38038E+03
3.00000E-01	1.68539E+00	5.25248E+03
3.00000E-01	1.96629E+00	6.95125E+03
3.00000E-01	2.24719E+00	9.52528E+03
3.00000E-01	2.52809E+00	1.27609E+04
3.00000E-01	2.80899E+00	1.59671E+04
3.00000E-01	3.08989E+00	1.90718E+04
3.00000E-01	3.37079E+00	2.25004E+04
3.00000E-01	3.65169E+00	2.57060E+04
3.00000E-01	3.93258E+00	2.89371E+04
3.00000E-01	4.21348E+00	3.25604E+04
3.00000E-01	4.49438E+00	3.66519E+04
3.00000E-01	4.77528E+00	4.13682E+04
3.00000E-01	5.05618E+00	4.64518E+04
3.00000E-01	5.33708E+00	5.24346E+04
3.00000E-01	5.61798E+00	5.87847E+04
3.00000E-01	5.89888E+00	6.58072E+04
3.00000E-01	6.17978E+00	7.32960E+04
3.00000E-01	6.46067E+00	8.14070E+04
3.00000E-01	6.74157E+00	9.01681E+04
3.00000E-01	7.02247E+00	9.99020E+04
3.00000E-01	7.30337E+00	1.11124E+05
3.00000E-01	7.58427E+00	1.23310E+05
3.00000E-01	7.86517E+00	1.37090E+05
3.00000E-01	8.14607E+00	1.52440E+05
3.00000E-01	8.42697E+00	1.69522E+05
3.00000E-01	8.70787E+00	1.88391E+05
3.00000E-01	8.98876E+00	2.08839E+05
3.00000E-01	9.26966E+00	2.29532E+05
3.00000E-01	9.55056E+00	2.52331E+05
3.00000E-01	9.83146E+00	2.75629E+05
3.00000E-01	1.01124E+01	2.98529E+05
3.00000E-01	1.03933E+01	3.19968E+05
3.00000E-01	1.06742E+01	3.40892E+05
3.00000E-01	1.09551E+01	3.60880E+05
3.00000E-01	1.12360E+01	3.76471E+05
3.00000E-01	1.15169E+01	3.91894E+05
3.00000E-01	1.17978E+01	4.06319E+05
3.00000E-01	1.20787E+01	4.20294E+05
3.00000E-01	1.23596E+01	4.33031E+05
3.00000E-01	1.26404E+01	4.44964E+05
3.00000E-01	1.29213E+01	4.55493E+05
3.00000E-01	1.32022E+01	4.63805E+05
3.00000E-01	1.34831E+01	4.71344E+05
3.00000E-01	1.37640E+01	4.78254E+05
3.00000E-01	1.40449E+01	4.83112E+05
3.00000E-01	1.43258E+01	4.84808E+05
3.00000E-01	1.46067E+01	4.86319E+05
3.00000E-01	1.48876E+01	4.87474E+05
3.00000E-01	1.51685E+01	4.88701E+05
3.00000E-01	1.54494E+01	4.89737E+05
3.00000E-01	1.57303E+01	4.90908E+05
3.00000E-01	1.60112E+01	4.91868E+05
3.00000E-01	1.62921E+01	4.92698E+05
3.00000E-01	1.65730E+01	4.93535E+05
3.00000E-01	1.68539E+01	4.94236E+05
3.00000E-01	1.71348E+01	4.94667E+05
3.00000E-01	1.74157E+01	4.94872E+05
3.00000E-01	1.76966E+01	4.94628E+05
3.00000E-01	1.79775E+01	4.93514E+05
3.00000E-01	1.82584E+01	4.92369E+05
3.00000E-01	1.85393E+01	4.91001E+05
3.00000E-01	1.88202E+01	4.89349E+05
3.00000E-01	1.91011E+01	4.87096E+05
3.00000E-01	1.93820E+01	4.82822E+05
3.00000E-01	1.96629E+01	4.77828E+05
3.00000E-01	1.99438E+01	4.73095E+05
3.00000E-01	2.02247E+01	4.68723E+05
3.00000E-01	2.05056E+01	4.64126E+05
3.00000E-01	2.07865E+01	4.59579E+05
3.00000E-01	2.10674E+01	4.55250E+05
3.00000E-01	2.13483E+01	4.51243E+05
3.00000E-01	2.16292E+01	4.46991E+05
3.00000E-01	2.19101E+01	4.42980E+05
3.00000E-01	2.21910E+01	4.39140E+05
3.00000E-01	2.24719E+01	4.35364E+05
3.00000E-01	2.27528E+01	4.31650E+05
3.00000E-01	2.30337E+01	4.28038E+05
3.00000E-01	2.33146E+01	4.24757E+05
3.00000E-01	2.35955E+01	4.21289E+05
3.00000E-01	2.38764E+01	4.18033E+05
3.00000E-01	2.41573E+01	4.14894E+05
3.00000E-01	2.44382E+01	4.11953E+05
3.00000E-01	2.47191E+01	4.09076E+05
3.00000E-01	2.50000E+01	4.06143E+05
4.00000E-01	0.00000E+00	7.77656E+03
4.00000E-01	2.80899E-01	8.00968E+03
4.00000E-01	5.61798E-01	5.43670E+03
4.00000E-01	8.42697E-01	4.39276E+03
4.00000E-01	1.12360E+00	4.09407E+03
4.00000E-01	1.40449E+00	4.39084E+03
4.00000E-01	1.68539E+00	5.26909E+03
4.00000E-01	1.96629E+00	6.97111E+03
4.00000E-01	2.24719E+00	9.54760E+03
4.00000E-01	2.52809E+00	1.27724E+04
4.00000E-01	2.80899E+00	1.59819E+04
4.00000E-01	3.08989E+00	1.90880E+04
4.00000E-01	3.37079E+00	2.25015E+04
4.00000E-01	3.65169E+00	2.57164E+04
4.00000E-01	3.93258E+00	2.89456E+04
4.00000E-01	4.21348E+00	3.25747E+04
4.00000E-01	4.49438E+00	3.66751E+04
4.00000E-01	4.77528E+00	4.13848E+04
4.00000E-01	5.05618E+00	4.64783E+04
4.00000E-01	5.33708E+00	5.24484E+04
4.00000E-01	5.61798E+00	5.88058E+04
4.00000E-01	5.89888E+00	6.58166E+04
4.00000E-01	6.17978E+00	7.33159E+04
4.00000E-01	6.46067E+00	8.14230E+04
4.00000E-01	6.74157E+00	9.01932E+04
4.00000E-01	7.02247E+00	9.99401E+04
4.00000E-01	7.30337E+00	1.11156E+05
4.00000E-01	7.58427E+00	1.23347E+05
4.00000E-01	7.86517E+00	1.37120E+05
4.00000E-01	8.14607E+00	1.52471E+05
4.00000E-01	8.42697E+00	1.69541E+05
4.00000E-01	8.70787E+00	1.88441E+05
4.00000E-01	8.98876E+00	2.08860E+05
4.00000E-01	9.26966E+00	2.29593E+05
4.00000E-01	9.55056E+00	2.52366E+05
4.00000E-01	9.83146E+00	2.75665E+05
4.00000E-01	1.01124E+01	2.98537E+05
4.00000E-01	1.03933E+01	3.19977E+05
4.00000E-01	1.06742E+01	3.40902E+05
4.00000E-01	1.09551E+01	3.60798E+05
4.00000E-01	1.12360E+01	3.76490E+05
4.00000E-01	1.15169E+01	3.91892E+05
4.00000E-01	1.17978E+01	4.06336E+05
4.00000E-01	1.20787E+01	4.20293E+05
4.00000E-01	1.23596E+01	4.33039E+05
4.00000E-01	1.26404E+01	4.44958E+05
4.00000E-01	1.29213E+01	4.55468E+05
4.00000E-01	1.32022E+01	4.63803E+05
4.00000E-01	1.34831E+01	4.71340E+05
4.00000E-01	1.37640E+01	4.78250E+05
4.00000E-01	1.40449E+01	4.83083E+05
4.00000E-01	1.43258E+01	4.84815E+05
4.00000E-01	1.46067E+01	4.86316E+05
4.00000E-01	1.48876E+01	4.87478E+05
4.00000E-01	1.51685E+01	4.88696E+05
4.00000E-01	1.54494E+01	4.89742E+05
4.00000E-01	1.57303E+01	4.90906E+05
4.00000E-01	1.60112E+01	4.91866E+05
4.00000E-01	1.62921E+01	4.92701E+05
4.00000E-01	1.65730E+01	4.93539E+05
4.00000E-01	1.68539E+01	4.94238E+05
4.00000E-01	1.71348E+01	4.94666E+05
4.00000E-01	1.74157E+01	4.94870E+05
4.00000E-01	1.76966E+01	4.94616E+05
4.00000E-01	1.79775E+01	4.93517E+05
4.00000E-01	1.82584E+01	4.92367E+05
4.00000E-01	1.85393E+01	4.91001E+05
4.00000E-01	1.88202E+01	4.89342E+05
4.00000E-01	1.91011E+01	4.87065E+05
4.00000E-01	1.93820E+01	4.82812E+05
4.00000E-01	1.96629E+01	4.77826E+05
4.00000E-01	1.99438E+01	4.73099E+05
4.00000E-01	2.02247E+01	4.68717E+05
4.00000E-01	2.05056E+01	4.64126E+05
4.00000E-01	2.07865E+01	4.59577E+05
4.00000E-01	2.10674E+01	4.55255E+05
4.00000E-01	2.13483E+01	4.51235E+05
4.00000E-01	2.16292E+01	4.46993E+05
4.00000E-01	2.19101E+01	4.42981E+05
4.00000E-01	2.21910E+01	4.39140E+05
4.00000E-01	2.24719E+01	4.35363E+05
4.00000E-01	2.27528E+01	4.31648E+05
4.00000E-01	2.30337E+01	4.28041E+05
4.00000E-01	2.33146E+01	4.24751E+05
4.00000E-01	2.35955E+01	4.21295E+05
4.00000E-01	2.38764E+01	4.18031E+05
4.00000E-01	2.41573E+01	4.14897E+05
4.00000E-01	2.44382E+01	4.11954E+05
4.00000E-01	2.47191E+01	4.09073E+05
4.00000E-01	2.50000E+01	4.06146E+05
5.00000E-01	0.00000E+00	7.79288E+03
5.00000E-01	2.80899E-01	7.82730E+03
5.00000E-01	5.61798E-01	5.41196E+03
5.00000E-01	8.42697E-01	4.39456E+03
5.00000E-01	1.12360E+00	4.10287E+03
5.00000E-01	1.40449E+00	4.40399E+03
5.00000E-01	1.68539E+00	5.29010E+03
5.00000E-01	1.96629E+00	6.99682E+03
5.00000E-01	2.24719E+00	9.57442E+03
5.00000E-01	2.52809E+00	1.27877E+04
5.00000E-01	2.80899E+00	1.59981E+04
5.00000E-01	3.08989E+00	1.91080E+04
5.00000E-01	3.37079E+00	2.25054E+04
5.00000E-01	3.65169E+00	2.57291E+04
5.00000E-01	3.93258E+00	2.89593E+04
5.00000E-01	4.21348E+00	3.25927E+04
5.00000E-01	4.49438E+00	3.67008E+04
5.00000E-01	4.77528E+00	4.14048E+04
5.00000E-01	5.05618E+00	4.65094E+04
5.00000E-01	5.33708E+00	5.24655E+04
5.00000E-01	5.61798E+00	5.88329E+04
5.00000E-01	5.89888E+00	6.58325E+04
5.00000E-01	6.17978E+00	7.33414E+04
5.00000E-01	6.46067E+00	8.14454E+04
5.00000E-01	6.74157E+00	9.02255E+04
5.00000E-01	7.02247E+00	9.99845E+04
5.00000E-01	7.30337E+00	1.11192E+05
5.00000E-01	7.58427E+00	1.23394E+05
5.00000E-01	7.86517E+00	1.37160E+05
5.00000E-01	8.14607E+00	1.52514E+05
5.00000E-01	8.42697E+00	1.69575E+05
5.00000E-01	8.70787E+00	1.88501E+05
5.00000E-01	8.98876E+00	2.08888E+05
5.00000E-01	9.26966E+00	2.29665E+05
5.00000E-01	9.55056E+00	2.52405E+05
5.00000E-01	9.83146E+00	2.75704E+05
5.00000E-01	1.01124E+01	2.98546E+05
5.00000E-01	1.03933E+01	3.19990E+05
5.00000E-01	1.06742E+01	3.40916E+05
5.00000E-01	1.09551E+01	3.60716E+05
5.00000E-01	1.12360E+01	3.76514E+05
5.00000E-01	1.15169E+01	3.91890E+05
5.00000E-01	1.17978E+01	4.06354E+05
5.00000E-01	1.20787E+01	4.20290E+05
5.00000E-01	1.23596E+01	4.33046E+05
5.00000E-01	1.26404E+01	4.44952E+05
5.00000E-01	1.29213E+01	4.55439E+05
5.00000E-01	1.32022E+01	4.63800E+05
5.00000E-01	1.34831E+01	4.71336E+05
5.00000E-01	1.37640E+01	4.78240E+05
5.00000E-01	1.40449E+01	4.83042E+05
5.00000E-01	1.43258E+01	4.84821E+05
5.00000E-01	1.46067E+01	4.86312E+05
5.00000E-01	1.48876E+01	4.87483E+05
5.00000E-01	1.51685E+01	4.88691E+05
5.00000E-01	1.54494E+01	4.89747E+05
5.00000E-01	1.57303E+01	4.90903E+05
5.00000E-01	1.60112E+01	4.91865E+05
5.00000E-01	1.62921E+01	4.92703E+05
5.00000E-01	1.65730E+01	4.93541E+05
5.00000E-01	1.68539E+01	4.94239E+05
5.00000E-01	1.71348E+01	4.94664E+05
5.00000E-01	1.74157E+01	4.94867E+05
5.00000E-01	1.76966E+01	4.94602E+05
5.00000E-01	1.79775E+01	4.93519E+05
5.00000E-01	1.82584E+01	4.92364E+05
5.00000E-01	1.85393E+01	4.91000E+05
5.00000E-01	1.88202E+01	4.89333E+05
5.00000E-01	1.91011E+01	4.87028E+05
5.00000E-01	1.93820E+01	4.82800E+05
5.00000E-01	1.96629E+01	4.77826E+05
5.00000E-01	1.99438E+01	4.73103E+05
5.00000E-01	2.02247E+01	4.68710E+05
5.00000E-01	2.05056E+01	4.64126E+05
5.00000E-01	2.07865E+01	4.59576E+05
5.00000E-01	2.10674E+01	4.55261E+05
5.00000E-01	2.13483E+01	4.51226E+05
5.00000E-01	2.16292E+01	4.46997E+05
5.00000E-01	2.19101E+01	4.42982E+05
5.00000E-01	2.21910E+01	4.39141E+05
5.00000E-01	2.24719E+01	4.35363E+05
5.00000E-01	2.27528E+01	4.31646E+05
5.00000E-01	2.30337E+01	4.28046E+05
5.00000E-01	2.33146E+01	4.24745E+05
5.00000E-01	2.35955E+01	4.21300E+05
5.00000E-01	2.38764E+01	4.18030E+05
5.00000E-01	2.41573E+01	4.14900E+05
5.00000E-01	2.44382E+01	4.11955E+05
5.00000E-01	2.47191E+01	4.09069E+05
5.00000E-01	2.50000E+01	4.06149E+05
6.00000E-01	0.00000E+00	7.86045E+03
6.00000E-01	2.80899E-01	7.66481E+03
6.00000E-01	5.61798E-01	5.38400E+03
6.00000E-01	8.42697E-01	4.39575E+03
6.00000E-01	1.12360E+00	4.11335E+03
6.00000E-01	1.40449E+00	4.41995E+03
6.00000E-01	1.68539E+00	5.31559E+03
6.00000E-01	1.96629E+00	7.02817E+03
6.00000E-01	2.24719E+00	9.60584E+03
6.00000E-01	2.52809E+00	1.28064E+04
6.00000E-01	2.80899E+00	1.60160E+04
6.00000E-01	3.08989E+00	1.91315E+04
6.00000E-01	3.37079E+00	2.25124E+04
6.00000E-01	3.65169E+00	2.57440E+04
6.00000E-01	3.93258E+00	2.89778E+04
6.00000E-01	4.21348E+00	3.26147E+04
6.00000E-01	4.49438E+00	3.67295E+04
6.00000E-01	4.77528E+00	4.14281E+04
6.00000E-01	5.05618E+00	4.65448E+04
6.00000E-01	5.33708E+00	5.24868E+04
6.00000E-01	5.61798E+00	5.88651E+04
6.00000E-01	5.89888E+00	6.58550E+04
6.00000E-01	6.17978E+00	7.33721E+04
6.00000E-01	6.46067E+00	8.14742E+04
6.00000E-01	6.74157E+00	9.02644E+04
6.00000E-01	7.02247E+00	1.00035E+05
6.00000E-01	7.30337E+00	1.11234E+05
6.00000E-01	7.58427E+00	1.23450E+05
6.00000E-01	7.86517E+00	1.37211E+05
6.00000E-01	8.14607E+00	1.52570E+05
6.00000E-01	8.42697E+00	1.69625E+05
6.00000E-01	8.70787E+00	1.88570E+05
6.00000E-01	8.98876E+00	2.08923E+05
6.00000E-01	9.26966E+00	2.29746E+05
6.00000E-01	9.55056E+00	2.52450E+05
6.00000E-01	9.83146E+00	2.75744E+05
6.00000E-01	1.01124E+01	2.98556E+05
6.00000E-01	1.03933E+01	3.20008E+05
6.00000E-01	1.06742E+01	3.40932E+05
6.00000E-01	1.09551E+01	3.60638E+05
6.00000E-01	1.12360E+01	3.76539E+05
6.00000E-01	1.15169E+01	3.91888E+05
6.00000E-01	1.17978E+01	4.06372E+05
6.00000E-01	1.20787E+01	4.20285E+05
6.00000E-01	1.23596E+01	4.33052E+05
6.00000E-01	1.26404E+01	4.44943E+05
6.00000E-01	1.29213E+01	4.55408E+05
6.00000E-01	1.32022E+01	4.63798E+05
6.00000E-01	1.34831E+01	4.71333E+05
6.00000E-01	1.37640E+01	4.78223E+05
6.00000E-01	1.40449E+01	4.82991E+05
6.00000E-01	1.43258E+01	4.84826E+05
6.00000E-01	1.46067E+01	4.86308E+05
6.00000E-01	1.48876E+01	4.87488E+05
6.00000E-01	1.51685E+01	4.88687E+05
6.00000E-01	1.54494E+01	4.89754E+05
6.00000E-01	1.57303E+01	4.90901E+05
6.00000E-01	1.60112E+01	4.91863E+05
6.00000E-01	1.62921E+01	4.92706E+05
6.00000E-01	1.65730E+01	4.93542E+05
6.00000E-01	1.68539E+01	4.94238E+05
6.00000E-01	1.71348E+01	4.94662E+05
6.00000E-01	1.74157E+01	4.94862E+05
6.00000E-01	1.76966E+01	4.94585E+05
6.00000E-01	1.79775E+01	4.93520E+05
6.00000E-01	1.82584E+01	4.92360E+05
6.00000E-01	1.85393E+01	4.90997E+05
6.00000E-01	1.88202E+01	4.89322E+05
6.00000E-01	1.91011E+01	4.86986E+05
6.00000E-01	1.93820E+01	4.82786E+05
6.00000E-01	1.96629E+01	4.77827E+05
6.00000E-01	1.99438E+01	4.73108E+05
6.00000E-01	2.02247E+01	4.68703E+05
6.00000E-01	2.05056E+01	4.64126E+05
6.00000E-01	2.07865E+01	4.59575E+05
6.00000E-01	2.10674E+01	4.55267E+05
6.00000E-01	2.13483E+01	4.51216E+05
6.00000E-01	2.16292E+01	4.47000E+05
6.00000E-01	2.19101E+01	4.42983E+05
6.00000E-01	2.21910E+01	4.39141E+05
6.00000E-01	2.24719E+01	4.35362E+05
6.00000E-01	2.27528E+01	4.31644E+05
6.00000E-01	2.30337E+01	4.28051E+05
6.00000E-01	2.33146E+01	4.24739E+05
6.00000E-01	2.35955E+01	4.21306E+05
6.00000E-01	2.38764E+01	4.18030E+05
6.00000E-01	2.41573E+01	4.14903E+05
6.00000E-01	2.44382E+01	4.11956E+05
6.00000E-01	2.47191E+01	4.09066E+05
6.00000E-01	2.50000E+01	4.06152E+05
7.00000E-01	0.00000E+00	7.90865E+03
7.00000E-01	2.80899E-01	7.51001E+03
7.00000E-01	5.61798E-01	5.35408E+03
7.00000E-01	8.42697E-01	4.39613E+03
7.00000E-01	1.12360E+00	4.12536E+03
7.00000E-01	1.40449E+00	4.43880E+03
7.00000E-01	1.68539E+00	5.34555E+03
7.00000E-01	1.96629E+00	7.06494E+03
7.00000E-01	2.24719E+00	9.64191E+03
7.00000E-01	2.52809E+00	1.28285E+04
7.00000E-01	2.80899E+00	1.60356E+04
7.00000E-01	3.08989E+00	1.91580E+04
7.00000E-01	3.37079E+00	2.25229E+04
7.00000E-01	3.65169E+00	2.57612E+04
7.00000E-01	3.93258E+00	2.90006E+04
7.00000E-01	4.21348E+00	3.26406E+04
7.00000E-01	4.49438E+00	3.67614E+04
7.00000E-01	4.77528E+00	4.14552E+04
7.00000E-01	5.05618E+00	4.65842E+04
7.00000E-01	5.33708E+00	5.25131E+04
7.00000E-01	5.61798E+00	5.89020E+04
7.00000E-01	5.89888E+00	6.58840E+04
7.00000E-01	6.17978E+00	7.34080E+04
7.00000E-01	6.46067E+00	8.15095E+04
7.00000E-01	6.74157E+00	9.03098E+04
7.00000E-01	7.02247E+00	1.00093E+05
7.00000E-01	7.30337E+00	1.11282E+05
7.00000E-01	7.58427E+00	1.23515E+05
7.00000E-01	7.86517E+00	1.37273E+05
7.00000E-01	8.14607E+00	1.52638E+05
7.00000E-01	8.42697E+00	1.69691E+05
7.00000E-01	8.70787E+00	1.88647E+05
7.00000E-01	8.98876E+00	2.08967E+05
7.00000E-01	9.26966E+00	2.29836E+05
7.00000E-01	9.55056E+00	2.52503E+05
7.00000E-01	9.83146E+00	2.75785E+05
7.00000E-01	1.01124E+01	2.98568E+05
7.00000E-01	1.03933E+01	3.20030E+05
7.00000E-01	1.06742E+01	3.40949E+05
7.00000E-01	1.09551E+01	3.60562E+05
7.00000E-01	1.12360E+01	3.76564E+05
7.00000E-01	1.15169E+01	3.91889E+05
7.00000E-01	1.17978E+01	4.06390E+05
7.00000E-01	1.20787E+01	4.20281E+05
7.00000E-01	1.23596E+01	4.33057E+05
7.00000E-01	1.26404E+01	4.44933E+05
7.00000E-01	1.29213E+01	4.55374E+05
7.00000E-01	1.32022E+01	4.63794E+05
7.00000E-01	1.34831E+01	4.71330E+05
7.00000E-01	1.37640E+01	4.78198E+05
7.00000E-01	1.40449E+01	4.82932E+05
7.00000E-01	1.43258E+01	4.84828E+05
7.00000E-01	1.46067E+01	4.86304E+05
7.00000E-01	1.48876E+01	4.87493E+05
7.00000E-01	1.51685E+01	4.88684E+05
7.00000E-01	1.54494E+01	4.89760E+05
7.00000E-01	1.57303E+01	4.90899E+05
7.00000E-01	1.60112E+01	4.91862E+05
7.00000E-01	1.62921E+01	4.92709E+05
7.00000E-01	1.65730E+01	4.93543E+05
7.00000E-01	1.68539E+01	4.94236E+05
7.00000E-01	1.71348E+01	4.94659E+05
7.00000E-01	1.74157E+01	4.94855E+05
7.00000E-01	1.76966E+01	4.94567E+05
7.00000E-01	1.79775E+01	4.93521E+05
7.00000E-01	1.82584E+01	4.92356E+05
7.00000E-01	1.85393E+01	4.90992E+05
7.00000E-01	1.88202E+01	4.89309E+05
7.00000E-01	1.91011E+01	4.86940E+05
7.00000E-01	1.93820E+01	4.82769E+05
7.00000E-01	1.96629E+01	4.77828E+05
7.00000E-01	1.99438E+01	4.73113E+05
7.00000E-01	2.02247E+01	4.68696E+05
7.00000E-01	2.05056E+01	4.64125E+05
7.00000E-01	2.07865E+01	4.59575E+05
7.00000E-01	2.10674E+01	4.55272E+05
7.00000E-01	2.13483E+01	4.51206E+05
7.00000E-01	2.16292E+01	4.47003E+05
7.00000E-01	2.19101E+01	4.42985E+05
7.00000E-01	2.21910E+01	4.39140E+05
7.00000E-01	2.24719E+01	4.35362E+05
7.00000E-01	2.27528E+01	4.31642E+05
7.00000E-01	2.30337E+01	4.28056E+05
7.00000E-01	2.33146E+01	4.24732E+05
7.00000E-01	2.35955E+01	4.21310E+05
7.00000E-01	2.38764E+01	4.18030E+05
7.00000E-01	2.41573E+01	4.14906E+05
7.00000E-01	2.44382E+01	4.11957E+05
7.00000E-01	2.47191E+01	4.09063E+05
7.00000E-01	2.50000E+01	4.06155E+05
8.00000E-01	0.00000E+00	7.91286E+03
8.00000E-01	2.80899E-01	7.35055E+03
8.00000E-01	5.61798E-01	5.32443E+03
8.00000E-01	8.42697E-01	4.39574E+03
8.00000E-01	1.12360E+00	4.13880E+03
8.00000E-01	1.40449E+00	4.46062E+03
8.00000E-01	1.68539E+00	5.37992E+03
8.00000E-01	1.96629E+00	7.10697E+03
8.00000E-01	2.24719E+00	9.68257E+03
8.00000E-01	2.52809E+00	1.28541E+04
8.00000E-01	2.80899E+00	1.60574E+04
8.00000E-01	3.08989E+00	1.91871E+04
8.00000E-01	3.37079E+00	2.25368E+04
8.00000E-01	3.65169E+00	2.57805E+04
8.00000E-01	3.93258E+00	2.90275E+04
8.00000E-01	4.21348E+00	3.26706E+04
8.00000E-01	4.49438E+00	3.67967E+04
8.00000E-01	4.77528E+00	4.14862E+04
8.00000E-01	5.05618E+00	4.66279E+04
8.00000E-01	5.33708E+00	5.25448E+04
8.00000E-01	5.61798E+00	5.89431E+04
8.00000E-01	5.89888E+00	6.59192E+04
8.00000E-01	6.17978E+00	7.34487E+04
8.00000E-01	6.46067E+00	8.15511E+04
8.00000E-01	6.74157E+00	9.03618E+04
8.00000E-01	7.02247E+00	1.00158E+05
8.00000E-01	7.30337E+00	1.11338E+05
8.00000E-01	7.58427E+00	1.23588E+05
8.00000E-01	7.86517E+00	1.37346E+05
8.00000E-01	8.14607E+00	1.52718E+05
8.00000E-01	8.42697E+00	1.69772E+05
8.00000E-01	8.70787E+00	1.88732E+05
8.00000E-01	8.98876E+00	2.09021E+05
8.00000E-01	9.26966E+00	2.29934E+05
8.00000E-01	9.55056E+00	2.52564E+05
8.00000E-01	9.83146E+00	2.75828E+05
8.00000E-01	1.01124E+01	2.98582E+05
8.00000E-01	1.03933E+01	3.20058E+05
8.00000E-01	1.06742E+01	3.40965E+05
8.00000E-01	1.09551E+01	3.60490E+05
8.00000E-01	1.12360E+01	3.76587E+05
8.00000E-01	1.15169E+01	3.91893E+05
8.00000E-01	1.17978E+01	4.06407E+05
8.00000E-01	1.20787E+01	4.20276E+05
8.00000E-01	1.23596E+01	4.33061E+05
8.00000E-01	1.26404E+01	4.44921E+05
8.00000E-01	1.29213E+01	4.55339E+05
8.00000E-01	1.32022E+01	4.63789E+05
8.00000E-01	1.34831E+01	4.71326E+05
8.00000E-01	1.37640E+01	4.78166E+05
8.00000E-01	1.40449E+01	4.82868E+05
8.00000E-01	1.43258E+01	4.84827E+05
8.00000E-01	1.46067E+01	4.86299E+05
8.00000E-01	1.48876E+01	4.87498E+05
8.00000E-01	1.51685E+01	4.88683E+05
8.00000E-01	1.54494E+01	4.89767E+05
8.00000E-01	1.57303E+01	4.90897E+05
8.00000E-01	1.60112E+01	4.91862E+05
8.00000E-01	1.62921E+01	4.92712E+05
8.00000E-01	1.65730E+01	4.93543E+05
8.00000E-01	1.68539E+01	4.94233E+05
8.00000E-01	1.71348E+01	4.94656E+05
8.00000E-01	1.74157E+01	4.94847E+05
8.00000E-01	1.76966E+01	4.94548E+05
8.00000E-01	1.79775E+01	4.93521E+05
8.00000E-01	1.82584E+01	4.92351E+05
8.00000E-01	1.85393E+01	4.90986E+05
8.00000E-01	1.88202E+01	4.89293E+05
8.00000E-01	1.91011E+01	4.86890E+05
8.00000E-01	1.93820E+01	4.82749E+05
8.00000E-01	1.96629E+01	4.77830E+05
8.00000E-01	1.99438E+01	4.73118E+05
8.00000E-01	2.02247E+01	4.68688E+05
8.00000E-01	2.05056E+01	4.64123E+05
8.00000E-01	2.07865E+01	4.59576E+05
8.00000E-01	2.10674E+01	4.55277E+05
8.00000E-01	2.13483E+01	4.51197E+05
8.00000E-01	2.16292E+01	4.47006E+05
8.00000E-01	2.19101E+01	4.42986E+05
8.00000E-01	2.21910E+01	4.39140E+05
8.00000E-01	2.24719E+01	4.35361E+05
8.00000E-01	2.27528E+01	4.31641E+05
8.00000E-01	2.30337E+01	4.28062E+05
8.00000E-01	2.33146E+01	4.24726E+05
8.00000E-01	2.35955E+01	4.21314E+05
8.00000E-01	2.38764E+01	4.18030E+05
8.00000E-01	2.41573E+01	4.14909E+05
8.00000E-01	2.44382E+01	4.11957E+05
8.00000E-01	2.47191E+01	4.09060E+05
8.00000E-01	2.50000E+01	4.06159E+05
9.00000E-01	0.00000E+00	7.87164E+03
9.00000E-01	2.80899E-01	7.18385E+03
9.00000E-01	5.61798E-01	5.29688E+03
9.00000E-01	8.42697E-01	4.39493E+03
9.00000E-01	1.12360E+00	4.15365E+03
9.00000E-01	1.40449E+00	4.48548E+03
9.00000E-01	1.68539E+00	5.41868E+03
9.00000E-01	1.96629E+00	7.15410E+03
9.00000E-01	2.24719E+00	9.72770E+03
9.00000E-01	2.52809E+00	1.28832E+04
9.00000E-01	2.80899E+00	1.60818E+04
9.00000E-01	3.08989E+00	1.92187E+04
9.00000E-01	3.37079E+00	2.25542E+04
9.00000E-01	3.65169E+00	2.58021E+04
9.00000E-01	3.93258E+00	2.90580E+04
9.00000E-01	4.21348E+00	3.27046E+04
9.00000E-01	4.49438E+00	3.68357E+04
9.00000E-01	4.77528E+00	4.15217E+04
9.00000E-01	5.05618E+00	4.66756E+04
9.00000E-01	5.33708E+00	5.25820E+04
9.00000E-01	5.61798E+00	5.89883E+04
9.00000E-01	5.89888E+00	6.59603E+04
9.00000E-01	6.17978E+00	7.34944E+04
9.00000E-01	6.46067E+00	8.15991E+04
9.00000E-01	6.74157E+00	9.04204E+04
9.00000E-01	7.02247E+00	1.00231E+05
9.00000E-01	7.30337E+00	1.11402E+05
9.00000E-01	7.58427E+00	1.23670E+05
9.00000E-01	7.86517E+00	1.37429E+05
9.00000E-01	8.14607E+00	1.52808E+05
9.00000E-01	8.42697E+00	1.69866E+05
9.00000E-01	8.70787E+00	1.88825E+05
9.00000E-01	8.98876E+00	2.09086E+05
9.00000E-01	9.26966E+00	2.30040E+05
9.00000E-01	9.55056E+00	2.52634E+05
9.00000E-01	9.83146E+00	2.75874E+05
9.00000E-01	1.01124E+01	2.98598E+05
9.00000E-01	1.03933E+01	3.20089E+05
9.00000E-01	1.06742E+01	3.40979E+05
9.00000E-01	1.09551E+01	3.60422E+05
9.00000E-01	1.12360E+01	3.76609E+05
9.00000E-01	1.15169E+01	3.91900E+05
9.00000E-01	1.17978E+01	4.06424E+05
9.00000E-01	1.20787E+01	4.20273E+05
9.00000E-01	1.23596E+01	4.33064E+05
9.00000E-01	1.26404E+01	4.44907E+05
9.00000E-01	1.29213E+01	4.55302E+05
9.00000E-01	1.32022E+01	4.63783E+05
9.00000E-01	1.34831E+01	4.71322E+05
9.00000E-01	1.37640E+01	4.78126E+05
9.00000E-01	1.40449E+01	4.82799E+05
9.00000E-01	1.43258E+01	4.84823E+05
9.00000E-01	1.46067E+01	4.86295E+05
9.00000E-01	1.48876E+01	4.87503E+05
9.00000E-01	1.51685E+01	4.88682E+05
9.00000E-01	1.54494E+01	4.89774E+05
9.00000E-01	1.57303E+01	4.90896E+05
9.00000E-01	1.60112E+01	4.91861E+05
9.00000E-01	1.62921E+01	4.92715E+05
9.00000E-01	1.65730E+01	4.93543E+05
9.00000E-01	1.68539E+01	4.94229E+05
9.00000E-01	1.71348E+01	4.94652E+05
9.00000E-01	1.74157E+01	4.94837E+05
9.00000E-01	1.76966E+01	4.94527E+05
9.00000E-01	1.79775E+01	4.93519E+05
9.00000E-01	1.82584E+01	4.92345E+05
9.00000E-01	1.85393E+01	4.90978E+05
9.00000E-01	1.88202E+01	4.89274E+05
9.00000E-01	1.91011E+01	4.86838E+05
9.00000E-01	1.93820E+01	4.82725E+05
9.00000E-01	1.96629E+01	4.77831E+05
9.00000E-01	1.99438E+01	4.73123E+05
9.00000E-01	2.02247E+01	4.68679E+05
9.00000E-01	2.05056E+01	4.64121E+05
9.00000E-01	2.07865E+01	4.59578E+05
9.00000E-01	2.10674E+01	4.55281E+05
9.00000E-01	2.13483E+01	4.51188E+05
9.00000E-01	2.16292E+01	4.47009E+05
9.00000E-01	2.19101E+01	4.42988E+05
9.00000E-01	2.21910E+01	4.39139E+05
9.00000E-01	2.24719E+01	4.35360E+05
9.00000E-01	2.27528E+01	4.31641E+05
9.00000E-01	2.30337E+01	4.28067E+05
9.00000E-01	2.33146E+01	4.24720E+05
9.00000E-01	2.35955E+01	4.21317E+05
9.00000E-01	2.38764E+01	4.18031E+05
9.00000E-01	2.41573E+01	4.14912E+05
9.00000E-01	2.44382E+01	4.11957E+05
9.00000E-01	2.47191E+01	4.09057E+05
9.00000E-01	2.50000E+01	4.06162E+05
1.00000E+00	0.00000E+00	7.79263E+03
1.00000E+00	2.80899E-01	7.01429E+03
1.00000E+00	5.61798E-01	5.27210E+03
1.00000E+00	8.42697E-01	4.39436E+03
1.00000E+00	1.12360E+00	4.16993E+03
1.00000E+00	1.40449E+00	4.51343E+03
1.00000E+00	1.68539E+00	5.46175E+03
1.00000E+00	1.96629E+00	7.20616E+03
1.00000E+00	2.24719E+00	9.77715E+03
1.00000E+00	2.52809E+00	1.29158E+04
1.00000E+00	2.80899E+00	1.61089E+04
1.00000E+00	3.08989E+00	1.92526E+04
1.00000E+00	3.37079E+00	2.25749E+04
1.00000E+00	3.65169E+00	2.58261E+04
1.00000E+00	3.93258E+00	2.90921E+04
1.00000E+00	4.21348E+00	3.27426E+04
1.00000E+00	4.49438E+00	3.68784E+04
1.00000E+00	4.77528E+00	4.15617E+04
1.00000E+00	5.05618E+00	4.67275E+04
1.00000E+00	5.33708E+00	5.26247E+04
1.00000E+00	5.61798E+00	5.90377E+04
1.00000E+00	5.89888E+00	6.60073E+04
1.00000E+00	6.17978E+00	7.35449E+04
1.00000E+00	6.46067E+00	8.16533E+04
1.00000E+00	6.74157E+00	9.04856E+04
1.00000E+00	7.02247E+00	1.00310E+05
1.00000E+00	7.30337E+00	1.11475E+05
1.00000E+00	7.58427E+00	1.23759E+05
1.00000E+00	7.86517E+00	1.37524E+05
1.00000E+00	8.14607E+00	1.52909E+05
1.00000E+00	8.42697E+00	1.69973E+05
1.00000E+00	8.70787E+00	1.88926E+05
1.00000E+00	8.98876E+00	2.09162E+05
1.00000E+00	9.26966E+00	2.30154E+05
1.00000E+00	9.55056E+00	2.52713E+05
1.00000E+00	9.83146E+00	2.75923E+05
1.00000E+00	1.01124E+01	2.98618E+05
1.00000E+00	1.03933E+01	3.20123E+05
1.00000E+00	1.06742E+01	3.40991E+05
1.00000E+00	1.09551E+01	3.60357E+05
1.00000E+00	1.12360E+01	3.76627E+05
1.00000E+00	1.15169E+01	3.91909E+05
1.00000E+00	1.17978E+01	4.06440E+05
1.00000E+00	1.20787E+01	4.20270E+05
1.00000E+00	1.23596E+01	4.33065E+05
1.00000E+00	1.26404E+01	4.44890E+05
1.00000E+00	1.29213E+01	4.55264E+05
1.00000E+00	1.32022E+01	4.63774E+05
1.00000E+00	1.34831E+01	4.71315E+05
1.00000E+00	1.37640E+01	4.78081E+05
1.00000E+00	1.40449E+01	4.82726E+05
1.00000E+00	1.43258E+01	4.84815E+05
1.00000E+00	1.46067E+01	4.86291E+05
1.00000E+00	1.48876E+01	4.87508E+05
1.00000E+00	1.51685E+01	4.88682E+05
1.00000E+00	1.54494E+01	4.89780E+05
1.00000E+00	1.57303E+01	4.90894E+05
1.00000E+00	1.60112E+01	4.91861E+05
1.00000E+00	1.62921E+01	4.92718E+05
1.00000E+00	1.65730E+01	4.93542E+05
1.00000E+00	1.68539E+01	4.94225E+05
1.00000E+00	1.71348E+01	4.94647E+05
1.00000E+00	1.74157E+01	4.94825E+05
1.00000E+00	1.76966E+01	4.94506E+05
1.00000E+00	1.79775E+01	4.93516E+05
1.00000E+00	1.82584E+01	4.92339E+05
1.00000E+00	1.85393E+01	4.90968E+05
1.00000E+00	1.88202E+01	4.89252E+05
1.00000E+00	1.91011E+01	4.86783E+05
1.00000E+00	1.93820E+01	4.82699E+05
1.00000E+00	1.96629E+01	4.77832E+05
1.00000E+00	1.99438E+01	4.73127E+05
1.00000E+00	2.02247E+01	4.68671E+05
1.00000E+00	2.05056E+01	4.64118E+05
1.00000E+00	2.07865E+01	4.59580E+05
1.00000E+00	2.10674E+01	4.55285E+05
1.00000E+00	2.13483E+01	4.51180E+05
1.00000E+00	2.16292E+01	4.47011E+05
1.00000E+00	2.19101E+01	4.42990E+05
1.00000E+00	2.21910E+01	4.39138E+05
1.00000E+00	2.24719E+01	4.35359E+05
1.00000E+00	2.27528E+01	4.31642E+05
1.00000E+00	2.30337E+01	4.28071E+05
1.00000E+00	2.33146E+01	4.24714E+05
1.00000E+00	2.35955E+01	4.21319E+05
1.00000E+00	2.38764E+01	4.18033E+05
1.00000E+00	2.41573E+01	4.14915E+05
1.00000E+00	2.44382E+01	4.11957E+05
1.00000E+00	2.47191E+01	4.09054E+05
1.00000E+00	2.50000E+01	4.06166E+05
1.50000E+00	0.00000E+00	7.13369E+03
1.50000E+00	2.80899E-01	6.27632E+03
1.50000E+00	5.61798E-01	5.15860E+03
1.50000E+00	8.42697E-01	4.42048E+03
1.50000E+00	1.12360E+00	4.28143E+03
1.50000E+00	1.40449E+00	4.70221E+03
1.50000E+00	1.68539E+00	5.73959E+03
1.50000E+00	1.96629E+00	7.53399E+03
1.50000E+00	2.24719E+00	1.00832E+04
1.50000E+00	2.52809E+00	1.31329E+04
1.50000E+00	2.80899E+00	1.62903E+04
1.50000E+00	3.08989E+00	1.94550E+04
1.50000E+00	3.37079E+00	2.27257E+04
1.50000E+00	3.65169E+00	2.59865E+04
1.50000E+00	3.93258E+00	2.93121E+04
1.50000E+00	4.21348E+00	3.29914E+04
1.50000E+00	4.49438E+00	3.71497E+04
1.50000E+00	4.77528E+00	4.18334E+04
1.50000E+00	5.05618E+00	4.70490E+04
1.50000E+00	5.33708E+00	5.29197E+04
1.50000E+00	5.61798E+00	5.93499E+04
1.50000E+00	5.89888E+00	6.63236E+04
1.50000E+00	6.17978E+00	7.38750E+04
1.50000E+00	6.46067E+00	8.20181E+04
1.50000E+00	6.74157E+00	9.09148E+04
1.50000E+00	7.02247E+00	1.00816E+05
1.50000E+00	7.30337E+00	1.11971E+05
1.50000E+00	7.58427E+00	1.24337E+05
1.50000E+00	7.86517E+00	1.38148E+05
1.50000E+00	8.14607E+00	1.53573E+05
1.50000E+00	8.42697E+00	1.70679E+05
1.50000E+00	8.70787E+00	1.89562E+05
1.50000E+00	8.98876E+00	2.09710E+05
1.50000E+00	9.26966E+00	2.30833E+05
1.50000E+00	9.55056E+00	2.53232E+05
1.50000E+00	9.83146E+00	2.76232E+05
1.50000E+00	1.01124E+01	2.98778E+05
1.50000E+00	1.03933E+01	3.20323E+05
1.50000E+00	1.06742E+01	3.41023E+05
1.50000E+00	1.09551E+01	3.60083E+05
1.50000E+00	1.12360E+01	3.76670E+05
1.50000E+00	1.15169E+01	3.91981E+05
1.50000E+00	1.17978E+01	4.06516E+05
1.50000E+00	1.20787E+01	4.20269E+05
1.50000E+00	1.23596E+01	4.33051E+05
1.50000E+00	1.26404E+01	4.44774E+05
1.50000E+00	1.29213E+01	4.55058E+05
1.50000E+00	1.32022E+01	4.63693E+05
1.50000E+00	1.34831E+01	4.71241E+05
1.50000E+00	1.37640E+01	4.77777E+05
1.50000E+00	1.40449E+01	4.82323E+05
1.50000E+00	1.43258E+01	4.84716E+05
1.50000E+00	1.46067E+01	4.86264E+05
1.50000E+00	1.48876E+01	4.87525E+05
1.50000E+00	1.51685E+01	4.88693E+05
1.50000E+00	1.54494E+01	4.89807E+05
1.50000E+00	1.57303E+01	4.90893E+05
1.50000E+00	1.60112E+01	4.91863E+05
1.50000E+00	1.62921E+01	4.92730E+05
1.50000E+00	1.65730E+01	4.93534E+05
1.50000E+00	1.68539E+01	4.94194E+05
1.50000E+00	1.71348E+01	4.94610E+05
1.50000E+00	1.74157E+01	4.94743E+05
1.50000E+00	1.76966E+01	4.94390E+05
1.50000E+00	1.79775E+01	4.93476E+05
1.50000E+00	1.82584E+01	4.92296E+05
1.50000E+00	1.85393E+01	4.90893E+05
1.50000E+00	1.88202E+01	4.89094E+05
1.50000E+00	1.91011E+01	4.86477E+05
1.50000E+00	1.93820E+01	4.82526E+05
1.50000E+00	1.96629E+01	4.77818E+05
1.50000E+00	1.99438E+01	4.73139E+05
1.50000E+00	2.02247E+01	4.68630E+05
1.50000E+00	2.05056E+01	4.64096E+05
1.50000E+00	2.07865E+01	4.59594E+05
1.50000E+00	2.10674E+01	4.55296E+05
1.50000E+00	2.13483E+01	4.51148E+05
1.50000E+00	2.16292E+01	4.47015E+05
1.50000E+00	2.19101E+01	4.42998E+05
1.50000E+00	2.21910E+01	4.39133E+05
1.50000E+00	2.24719E+01	4.35352E+05
1.50000E+00	2.27528E+01	4.31648E+05
1.50000E+00	2.30337E+01	4.28091E+05
1.50000E+00	2.33146E+01	4.24693E+05
1.50000E+00	2.35955E+01	4.21324E+05
1.50000E+00	2.38764E+01	4.18047E+05
1.50000E+00	2.41573E+01	4.14930E+05
1.50000E+00	2.44382E+01	4.11955E+05
1.50000E+00	2.47191E+01	4.09045E+05
1.50000E+00	2.50000E+01	4.06178E+05
2.00000E+00	0.00000E+00	6.46151E+03
2.00000E+00	2.80899E-01	5.78199E+03
2.00000E+00	5.61798E-01	5.01825E+03
2.00000E+00	8.42697E-01	4.51714E+03
2.00000E+00	1.12360E+00	4.47563E+03
2.00000E+00	1.40449E+00	4.98614E+03
2.00000E+00	1.68539E+00	6.11730E+03
2.00000E+00	1.96629E+00	7.95836E+03
2.00000E+00	2.24719E+00	1.04746E+04
2.00000E+00	2.52809E+00	1.34373E+04
2.00000E+00	2.80899E+00	1.65503E+04
2.00000E+00	3.08989E+00	1.97126E+04
2.00000E+00	3.37079E+00	2.29515E+04
2.00000E+00	3.65169E+00	2.62240E+04
2.00000E+00	3.93258E+00	2.96119E+04
2.00000E+00	4.21348E+00	3.33341E+04
2.00000E+00	4.49438E+00	3.75200E+04
2.00000E+00	4.77528E+00	4.22224E+04
2.00000E+00	5.05618E+00	4.74750E+04
2.00000E+00	5.33708E+00	5.33416E+04
2.00000E+00	5.61798E+00	5.97797E+04
2.00000E+00	5.89888E+00	6.67700E+04
2.00000E+00	6.17978E+00	7.43426E+04
2.00000E+00	6.46067E+00	8.25397E+04
2.00000E+00	6.74157E+00	9.15166E+04
2.00000E+00	7.02247E+00	1.01500E+05
2.00000E+00	7.30337E+00	1.12687E+05
2.00000E+00	7.58427E+00	1.25134E+05
2.00000E+00	7.86517E+00	1.39017E+05
2.00000E+00	8.14607E+00	1.54493E+05
2.00000E+00	8.42697E+00	1.71634E+05
2.00000E+00	8.70787E+00	1.90436E+05
2.00000E+00	8.98876E+00	2.10528E+05
2.00000E+00	9.26966E+00	2.31689E+05
2.00000E+00	9.55056E+00	2.53927E+05
2.00000E+00	9.83146E+00	2.76672E+05
2.00000E+00	1.01124E+01	2.99047E+05
2.00000E+00	1.03933E+01	3.20542E+05
2.00000E+00	1.06742E+01	3.41030E+05
2.00000E+00	1.09551E+01	3.59884E+05
2.00000E+00	1.12360E+01	3.76660E+05
2.00000E+00	1.15169E+01	3.92063E+05
2.00000E+00	1.17978E+01	4.06588E+05
2.00000E+00	1.20787E+01	4.20277E+05
2.00000E+00	1.23596E+01	4.33001E+05
2.00000E+00	1.26404E+01	4.44614E+05
2.00000E+00	1.29213E+01	4.54829E+05
2.00000E+00	1.32022E+01	4.63539E+05
2.00000E+00	1.34831E+01	4.71065E+05
2.00000E+00	1.37640E+01	4.77388E+05
2.00000E+00	1.40449E+01	4.81881E+05
2.00000E+00	1.43258E+01	4.84523E+05
2.00000E+00	1.46067E+01	4.86209E+05
2.00000E+00	1.48876E+01	4.87527E+05
2.00000E+00	1.51685E+01	4.88710E+05
2.00000E+00	1.54494E+01	4.89829E+05
2.00000E+00	1.57303E+01	4.90896E+05
2.00000E+00	1.60112E+01	4.91865E+05
2.00000E+00	1.62921E+01	4.92736E+05
2.00000E+00	1.65730E+01	4.93519E+05
2.00000E+00	1.68539E+01	4.94152E+05
2.00000E+00	1.71348E+01	4.94546E+05
2.00000E+00	1.74157E+01	4.94632E+05
2.00000E+00	1.76966E+01	4.94259E+05
2.00000E+00	1.79775E+01	4.93396E+05
2.00000E+00	1.82584E+01	4.92219E+05
2.00000E+00	1.85393E+01	4.90766E+05
2.00000E+00	1.88202E+01	4.88860E+05
2.00000E+00	1.91011E+01	4.86136E+05
2.00000E+00	1.93820E+01	4.82298E+05
2.00000E+00	1.96629E+01	4.77758E+05
2.00000E+00	1.99438E+01	4.73127E+05
2.00000E+00	2.02247E+01	4.68591E+05
2.00000E+00	2.05056E+01	4.64070E+05
2.00000E+00	2.07865E+01	4.59602E+05
2.00000E+00	2.10674E+01	4.55297E+05
2.00000E+00	2.13483E+01	4.51125E+05
2.00000E+00	2.16292E+01	4.47011E+05
2.00000E+00	2.19101E+01	4.43003E+05
2.00000E+00	2.21910E+01	4.39127E+05
2.00000E+00	2.24719E+01	4.35347E+05
2.00000E+00	2.27528E+01	4.31657E+05
2.00000E+00	2.30337E+01	4.28103E+05
2.00000E+00	2.33146E+01	4.24682E+05
2.00000E+00	2.35955E+01	4.21326E+05
2.00000E+00	2.38764E+01	4.18063E+05
2.00000E+00	2.41573E+01	4.14944E+05
2.00000E+00	2.44382E+01	4.11954E+05
2.00000E+00	2.47191E+01	4.09040E+05
2.00000E+00	2.50000E+01	4.06184E+05
2.50000E+00	0.00000E+00	5.95662E+03
2.50000E+00	2.80899E-01	5.45767E+03
2.50000E+00	5.61798E-01	4.92545E+03
2.50000E+00	8.42697E-01	4.67229E+03
2.50000E+00	1.12360E+00	4.77537E+03
2.50000E+00	1.40449E+00	5.38409E+03
2.50000E+00	1.68539E+00	6.59601E+03
2.50000E+00	1.96629E+00	8.46710E+03
2.50000E+00	2.24719E+00	1.09414E+04
2.50000E+00	2.52809E+00	1.38233E+04
2.50000E+00	2.80899E+00	1.68860E+04
2.50000E+00	3.08989E+00	2.00308E+04
2.50000E+00	3.37079E+00	2.32517E+04
2.50000E+00	3.65169E+00	2.65439E+04
2.50000E+00	3.93258E+00	2.99923E+04
2.50000E+00	4.21348E+00	3.37669E+04
2.50000E+00	4.49438E+00	3.79897E+04
2.50000E+00	4.77528E+00	4.27225E+04
2.50000E+00	5.05618E+00	4.80075E+04
2.50000E+00	5.33708E+00	5.38833E+04
2.50000E+00	5.61798E+00	6.03331E+04
2.50000E+00	5.89888E+00	6.73475E+04
2.50000E+00	6.17978E+00	7.49561E+04
2.50000E+00	6.46067E+00	8.32218E+04
2.50000E+00	6.74157E+00	9.22916E+04
2.50000E+00	7.02247E+00	1.02366E+05
2.50000E+00	7.30337E+00	1.13620E+05
2.50000E+00	7.58427E+00	1.26156E+05
2.50000E+00	7.86517E+00	1.40123E+05
2.50000E+00	8.14607E+00	1.55658E+05
2.50000E+00	8.42697E+00	1.72820E+05
2.50000E+00	8.70787E+00	1.91555E+05
2.50000E+00	8.98876E+00	2.11589E+05
2.50000E+00	9.26966E+00	2.32713E+05
2.50000E+00	9.55056E+00	2.54772E+05
2.50000E+00	9.83146E+00	2.77249E+05
2.50000E+00	1.01124E+01	2.99416E+05
2.50000E+00	1.03933E+01	3.20777E+05
2.50000E+00	1.06742E+01	3.41048E+05
2.50000E+00	1.09551E+01	3.59749E+05
2.50000E+00	1.12360E+01	3.76631E+05
2.50000E+00	1.15169E+01	3.92128E+05
2.50000E+00	1.17978E+01	4.06648E+05
2.50000E+00	1.20787E+01	4.20275E+05
2.50000E+00	1.23596E+01	4.32917E+05
2.50000E+00	1.26404E+01	4.44421E+05
2.50000E+00	1.29213E+01	4.54572E+05
2.50000E+00	1.32022E+01	4.63306E+05
2.50000E+00	1.34831E+01	4.70782E+05
2.50000E+00	1.37640E+01	4.76941E+05
2.50000E+00	1.40449E+01	4.81414E+05
2.50000E+00	1.43258E+01	4.84254E+05
2.50000E+00	1.46067E+01	4.86105E+05
2.50000E+00	1.48876E+01	4.87507E+05
2.50000E+00	1.51685E+01	4.88721E+05
2.50000E+00	1.54494E+01	4.89846E+05
2.50000E+00	1.57303E+01	4.90902E+05
2.50000E+00	1.60112E+01	4.91867E+05
2.50000E+00	1.62921E+01	4.92733E+05
2.50000E+00	1.65730E+01	4.93494E+05
2.50000E+00	1.68539E+01	4.94094E+05
2.50000E+00	1.71348E+01	4.94456E+05
2.50000E+00	1.74157E+01	4.94498E+05
2.50000E+00	1.76966E+01	4.94109E+05
2.50000E+00	1.79775E+01	4.93275E+05
2.50000E+00	1.82584E+01	4.92095E+05
2.50000E+00	1.85393E+01	4.90580E+05
2.50000E+00	1.88202E+01	4.88569E+05
2.50000E+00	1.91011E+01	4.85773E+05
2.50000E+00	1.93820E+01	4.82029E+05
2.50000E+00	1.96629E+01	4.77644E+05
2.50000E+00	1.99438E+01	4.73082E+05
2.50000E+00	2.02247E+01	4.68546E+05
2.50000E+00	2.05056E+01	4.64041E+05
2.50000E+00	2.07865E+01	4.59599E+05
2.50000E+00	2.10674E+01	4.55292E+05
2.50000E+00	2.13483E+01	4.51107E+05
2.50000E+00	2.16292E+01	4.47003E+05
2.50000E+00	2.19101E+01	4.43003E+05
2.50000E+00	2.21910E+01	4.39122E+05
2.50000E+00	2.24719E+01	4.35343E+05
2.50000E+00	2.27528E+01	4.31664E+05
2.50000E+00	2.30337E+01	4.28110E+05
2.50000E+00	2.33146E+01	4.24677E+05
2.50000E+00	2.35955E+01	4.21328E+05
2.50000E+00	2.38764E+01	4.18078E+05
2.50000E+00	2.41573E+01	4.14957E+05
2.50000E+00	2.44382E+01	4.11956E+05
2.50000E+00	2.47191E+01	4.09037E+05
2.50000E+00	2.50000E+01	4.06186E+05
3.00000E+00	0.00000E+00	5.64046E+03
3.00000E+00	2.80899E-01	5.29410E+03
3.00000E+00	5.61798E-01	4.95095E+03
3.00000E+00	8.42697E-01	4.89480E+03
3.00000E+00	1.12360E+00	5.17337E+03
3.00000E+00	1.40449E+00	5.89743E+03
3.00000E+00	1.68539E+00	7.17829E+03
3.00000E+00	1.96629E+00	9.06065E+03
3.00000E+00	2.24719E+00	1.14847E+04
3.00000E+00	2.52809E+00	1.42891E+04
3.00000E+00	2.80899E+00	1.72971E+04
3.00000E+00	3.08989E+00	2.04168E+04
3.00000E+00	3.37079E+00	2.36293E+04
3.00000E+00	3.65169E+00	2.69483E+04
3.00000E+00	3.93258E+00	3.04558E+04
3.00000E+00	4.21348E+00	3.42886E+04
3.00000E+00	4.49438E+00	3.85575E+04
3.00000E+00	4.77528E+00	4.33289E+04
3.00000E+00	5.05618E+00	4.86475E+04
3.00000E+00	5.33708E+00	5.45428E+04
3.00000E+00	5.61798E+00	6.10132E+04
3.00000E+00	5.89888E+00	6.80611E+04
3.00000E+00	6.17978E+00	7.57212E+04
3.00000E+00	6.46067E+00	8.40684E+04
3.00000E+00	6.74157E+00	9.32419E+04
3.00000E+00	7.02247E+00	1.03421E+05
3.00000E+00	7.30337E+00	1.14766E+05
3.00000E+00	7.58427E+00	1.27401E+05
3.00000E+00	7.86517E+00	1.41459E+05
3.00000E+00	8.14607E+00	1.57054E+05
3.00000E+00	8.42697E+00	1.74227E+05
3.00000E+00	8.70787E+00	1.92904E+05
3.00000E+00	8.98876E+00	2.12866E+05
3.00000E+00	9.26966E+00	2.33897E+05
3.00000E+00	9.55056E+00	2.55752E+05
3.00000E+00	9.83146E+00	2.77953E+05
3.00000E+00	1.01124E+01	2.99878E+05
3.00000E+00	1.03933E+01	3.21043E+05
3.00000E+00	1.06742E+01	3.41100E+05
3.00000E+00	1.09551E+01	3.59670E+05
3.00000E+00	1.12360E+01	3.76601E+05
3.00000E+00	1.15169E+01	3.92168E+05
3.00000E+00	1.17978E+01	4.06686E+05
3.00000E+00	1.20787E+01	4.20250E+05
3.00000E+00	1.23596E+01	4.32799E+05
3.00000E+00	1.26404E+01	4.44195E+05
3.00000E+00	1.29213E+01	4.54278E+05
3.00000E+00	1.32022E+01	4.62994E+05
3.00000E+00	1.34831E+01	4.70406E+05
3.00000E+00	1.37640E+01	4.76449E+05
3.00000E+00	1.40449E+01	4.80924E+05
3.00000E+00	1.43258E+01	4.83929E+05
3.00000E+00	1.46067E+01	4.85948E+05
3.00000E+00	1.48876E+01	4.87453E+05
3.00000E+00	1.51685E+01	4.88714E+05
3.00000E+00	1.54494E+01	4.89853E+05
3.00000E+00	1.57303E+01	4.90905E+05
3.00000E+00	1.60112E+01	4.91863E+05
3.00000E+00	1.62921E+01	4.92718E+05
3.00000E+00	1.65730E+01	4.93454E+05
3.00000E+00	1.68539E+01	4.94019E+05
3.00000E+00	1.71348E+01	4.94343E+05
3.00000E+00	1.74157E+01	4.94343E+05
3.00000E+00	1.76966E+01	4.93938E+05
3.00000E+00	1.79775E+01	4.93113E+05
3.00000E+00	1.82584E+01	4.91917E+05
3.00000E+00	1.85393E+01	4.90337E+05
3.00000E+00	1.88202E+01	4.88233E+05
3.00000E+00	1.91011E+01	4.85391E+05
3.00000E+00	1.93820E+01	4.81729E+05
3.00000E+00	1.96629E+01	4.77479E+05
3.00000E+00	1.99438E+01	4.72998E+05
3.00000E+00	2.02247E+01	4.68489E+05
3.00000E+00	2.05056E+01	4.64004E+05
3.00000E+00	2.07865E+01	4.59585E+05
3.00000E+00	2.10674E+01	4.55281E+05
3.00000E+00	2.13483E+01	4.51090E+05
3.00000E+00	2.16292E+01	4.46993E+05
3.00000E+00	2.19101E+01	4.42998E+05
3.00000E+00	2.21910E+01	4.39117E+05
3.00000E+00	2.24719E+01	4.35340E+05
3.00000E+00	2.27528E+01	4.31668E+05
3.00000E+00	2.30337E+01	4.28115E+05
3.00000E+00	2.33146E+01	4.24676E+05
3.00000E+00	2.35955E+01	4.21332E+05
3.00000E+00	2.38764E+01	4.18090E+05
3.00000E+00	2.41573E+01	4.14968E+05
3.00000E+00	2.44382E+01	4.11958E+05
3.00000E+00	2.47191E+01	4.09035E+05
3.00000E+00	2.50000E+01	4.06186E+05
3.50000E+00	0.00000E+00	5.50707E+03
3.50000E+00	2.80899E-01	5.29084E+03
3.50000E+00	5.61798E-01	5.11753E+03
3.50000E+00	8.42697E-01	5.21084E+03
3.50000E+00	1.12360E+00	5.65844E+03
3.50000E+00	1.40449E+00	6.51075E+03
3.50000E+00	1.68539E+00	7.85826E+03
3.50000E+00	1.96629E+00	9.74175E+03
3.50000E+00	2.24719E+00	1.21113E+04
3.50000E+00	2.52809E+00	1.48398E+04
3.50000E+00	2.80899E+00	1.77898E+04
3.50000E+00	3.08989E+00	2.08803E+04
3.50000E+00	3.37079E+00	2.40899E+04
3.50000E+00	3.65169E+00	2.74396E+04
3.50000E+00	3.93258E+00	3.10053E+04
3.50000E+00	4.21348E+00	3.48997E+04
3.50000E+00	4.49438E+00	3.92220E+04
3.50000E+00	4.77528E+00	4.40390E+04
3.50000E+00	5.05618E+00	4.93961E+04
3.50000E+00	5.33708E+00	5.53211E+04
3.50000E+00	5.61798E+00	6.18232E+04
3.50000E+00	5.89888E+00	6.89165E+04
3.50000E+00	6.17978E+00	7.66428E+04
3.50000E+00	6.46067E+00	8.50836E+04
3.50000E+00	6.74157E+00	9.43707E+04
3.50000E+00	7.02247E+00	1.04666E+05
3.50000E+00	7.30337E+00	1.16120E+05
3.50000E+00	7.58427E+00	1.28863E+05
3.50000E+00	7.86517E+00	1.43014E+05
3.50000E+00	8.14607E+00	1.58667E+05
3.50000E+00	8.42697E+00	1.75844E+05
3.50000E+00	8.70787E+00	1.94463E+05
3.50000E+00	8.98876E+00	2.14333E+05
3.50000E+00	9.26966E+00	2.35227E+05
3.50000E+00	9.55056E+00	2.56857E+05
3.50000E+00	9.83146E+00	2.78771E+05
3.50000E+00	1.01124E+01	3.00426E+05
3.50000E+00	1.03933E+01	3.21356E+05
3.50000E+00	1.06742E+01	3.41199E+05
3.50000E+00	1.09551E+01	3.59643E+05
3.50000E+00	1.12360E+01	3.76580E+05
3.50000E+00	1.15169E+01	3.92186E+05
3.50000E+00	1.17978E+01	4.06693E+05
3.50000E+00	1.20787E+01	4.20193E+05
3.50000E+00	1.23596E+01	4.32644E+05
3.50000E+00	1.26404E+01	4.43935E+05
3.50000E+00	1.29213E+01	4.53941E+05
3.50000E+00	1.32022E+01	4.62610E+05
3.50000E+00	1.34831E+01	4.69954E+05
3.50000E+00	1.37640E+01	4.75918E+05
3.50000E+00	1.40449E+01	4.80413E+05
3.50000E+00	1.43258E+01	4.83559E+05
3.50000E+00	1.46067E+01	4.85740E+05
3.50000E+00	1.48876E+01	4.87358E+05
3.50000E+00	1.51685E+01	4.88682E+05
3.50000E+00	1.54494E+01	4.89845E+05
3.50000E+00	1.57303E+01	4.90899E+05
3.50000E+00	1.60112E+01	4.91850E+05
3.50000E+00	1.62921E+01	4.92690E+05
3.50000E+00	1.65730E+01	4.93397E+05
3.50000E+00	1.68539E+01	4.93925E+05
3.50000E+00	1.71348E+01	4.94206E+05
3.50000E+00	1.74157E+01	4.94166E+05
3.50000E+00	1.76966E+01	4.93739E+05
3.50000E+00	1.79775E+01	4.92907E+05
3.50000E+00	1.82584E+01	4.91685E+05
3.50000E+00	1.85393E+01	4.90042E+05
3.50000E+00	1.88202E+01	4.87862E+05
3.50000E+00	1.91011E+01	4.84994E+05
3.50000E+00	1.93820E+01	4.81402E+05
3.50000E+00	1.96629E+01	4.77271E+05
3.50000E+00	1.99438E+01	4.72876E+05
3.50000E+00	2.02247E+01	4.68410E+05
3.50000E+00	2.05056E+01	4.63954E+05
3.50000E+00	2.07865E+01	4.59558E+05
3.50000E+00	2.10674E+01	4.55261E+05
3.50000E+00	2.13483E+01	4.51071E+05
3.50000E+00	2.16292E+01	4.46979E+05
3.50000E+00	2.19101E+01	4.42990E+05
3.50000E+00	2.21910E+01	4.39110E+05
3.50000E+00	2.24719E+01	4.35336E+05
3.50000E+00	2.27528E+01	4.31670E+05
3.50000E+00	2.30337E+01	4.28118E+05
3.50000E+00	2.33146E+01	4.24677E+05
3.50000E+00	2.35955E+01	4.21337E+05
3.50000E+00	2.38764E+01	4.18100E+05
3.50000E+00	2.41573E+01	4.14978E+05
3.50000E+00	2.44382E+01	4.11962E+05
3.50000E+00	2.47191E+01	4.09035E+05
3.50000E+00	2.50000E+01	4.06184E+05
4.00000E+00	0.00000E+00	5.54594E+03
4.00000E+00	2.80899E-01	5.44366E+03
4.00000E+00	5.61798E-01	5.41941E+03
4.00000E+00	8.42697E-01	5.63765E+03
4.00000E+00	1.12360E+00	6.22711E+03
4.00000E+00	1.40449E+00	7.20532E+03
4.00000E+00	1.68539E+00	8.62221E+03
4.00000E+00	1.96629E+00	1.05078E+04
4.00000E+00	2.24719E+00	1.28262E+04
4.00000E+00	2.52809E+00	1.54830E+04
4.00000E+00	2.80899E+00	1.83743E+04
4.00000E+00	3.08989E+00	2.14336E+04
4.00000E+00	3.37079E+00	2.46421E+04
4.00000E+00	3.65169E+00	2.80235E+04
4.00000E+00	3.93258E+00	3.16456E+04
4.00000E+00	4.21348E+00	3.56031E+04
4.00000E+00	4.49438E+00	3.99839E+04
4.00000E+00	4.77528E+00	4.48527E+04
4.00000E+00	5.05618E+00	5.02551E+04
4.00000E+00	5.33708E+00	5.62203E+04
4.00000E+00	5.61798E+00	6.27668E+04
4.00000E+00	5.89888E+00	6.99186E+04
4.00000E+00	6.17978E+00	7.77250E+04
4.00000E+00	6.46067E+00	8.62708E+04
4.00000E+00	6.74157E+00	9.56807E+04
4.00000E+00	7.02247E+00	1.06102E+05
4.00000E+00	7.30337E+00	1.17679E+05
4.00000E+00	7.58427E+00	1.30534E+05
4.00000E+00	7.86517E+00	1.44778E+05
4.00000E+00	8.14607E+00	1.60483E+05
4.00000E+00	8.42697E+00	1.77656E+05
4.00000E+00	8.70787E+00	1.96211E+05
4.00000E+00	8.98876E+00	2.15967E+05
4.00000E+00	9.26966E+00	2.36691E+05
4.00000E+00	9.55056E+00	2.58075E+05
4.00000E+00	9.83146E+00	2.79694E+05
4.00000E+00	1.01124E+01	3.01058E+05
4.00000E+00	1.03933E+01	3.21729E+05
4.00000E+00	1.06742E+01	3.41354E+05
4.00000E+00	1.09551E+01	3.59666E+05
4.00000E+00	1.12360E+01	3.76572E+05
4.00000E+00	1.15169E+01	3.92185E+05
4.00000E+00	1.17978E+01	4.06668E+05
4.00000E+00	1.20787E+01	4.20099E+05
4.00000E+00	1.23596E+01	4.32451E+05
4.00000E+00	1.26404E+01	4.43637E+05
4.00000E+00	1.29213E+01	4.53558E+05
4.00000E+00	1.32022E+01	4.62164E+05
4.00000E+00	1.34831E+01	4.69441E+05
4.00000E+00	1.37640E+01	4.75355E+05
4.00000E+00	1.40449E+01	4.79880E+05
4.00000E+00	1.43258E+01	4.83151E+05
4.00000E+00	1.46067E+01	4.85483E+05
4.00000E+00	1.48876E+01	4.87221E+05
4.00000E+00	1.51685E+01	4.88617E+05
4.00000E+00	1.54494E+01	4.89814E+05
4.00000E+00	1.57303E+01	4.90877E+05
4.00000E+00	1.60112E+01	4.91822E+05
4.00000E+00	1.62921E+01	4.92645E+05
4.00000E+00	1.65730E+01	4.93322E+05
4.00000E+00	1.68539E+01	4.93809E+05
4.00000E+00	1.71348E+01	4.94046E+05
4.00000E+00	1.74157E+01	4.93965E+05
4.00000E+00	1.76966E+01	4.93511E+05
4.00000E+00	1.79775E+01	4.92659E+05
4.00000E+00	1.82584E+01	4.91402E+05
4.00000E+00	1.85393E+01	4.89700E+05
4.00000E+00	1.88202E+01	4.87461E+05
4.00000E+00	1.91011E+01	4.84580E+05
4.00000E+00	1.93820E+01	4.81052E+05
4.00000E+00	1.96629E+01	4.77024E+05
4.00000E+00	1.99438E+01	4.72718E+05
4.00000E+00	2.02247E+01	4.68307E+05
4.00000E+00	2.05056E+01	4.63888E+05
4.00000E+00	2.07865E+01	4.59517E+05
4.00000E+00	2.10674E+01	4.55233E+05
4.00000E+00	2.13483E+01	4.51047E+05
4.00000E+00	2.16292E+01	4.46961E+05
4.00000E+00	2.19101E+01	4.42978E+05
4.00000E+00	2.21910E+01	4.39101E+05
4.00000E+00	2.24719E+01	4.35331E+05
4.00000E+00	2.27528E+01	4.31669E+05
4.00000E+00	2.30337E+01	4.28119E+05
4.00000E+00	2.33146E+01	4.24679E+05
4.00000E+00	2.35955E+01	4.21341E+05
4.00000E+00	2.38764E+01	4.18109E+05
4.00000E+00	2.41573E+01	4.14986E+05
4.00000E+00	2.44382E+01	4.11965E+05
4.00000E+00	2.47191E+01	4.09034E+05
4.00000E+00	2.50000E+01	4.06182E+05
5.00000E+00	0.00000E+00	6.09254E+03
5.00000E+00	2.80899E-01	6.18395E+03
5.00000E+00	5.61798E-01	6.40165E+03
5.00000E+00	8.42697E-01	6.83651E+03
5.00000E+00	1.12360E+00	7.62068E+03
5.00000E+00	1.40449E+00	8.79571E+03
5.00000E+00	1.68539E+00	1.03469E+04
5.00000E+00	1.96629E+00	1.22622E+04
5.00000E+00	2.24719E+00	1.45163E+04
5.00000E+00	2.52809E+00	1.70640E+04
5.00000E+00	2.80899E+00	1.98554E+04
5.00000E+00	3.08989E+00	2.28574E+04
5.00000E+00	3.37079E+00	2.60654E+04
5.00000E+00	3.65169E+00	2.95053E+04
5.00000E+00	3.93258E+00	3.32310E+04
5.00000E+00	4.21348E+00	3.73123E+04
5.00000E+00	4.49438E+00	4.18180E+04
5.00000E+00	4.77528E+00	4.68060E+04
5.00000E+00	5.05618E+00	5.23215E+04
5.00000E+00	5.33708E+00	5.83997E+04
5.00000E+00	5.61798E+00	6.50729E+04
5.00000E+00	5.89888E+00	7.23814E+04
5.00000E+00	6.17978E+00	8.03852E+04
5.00000E+00	6.46067E+00	8.91704E+04
5.00000E+00	6.74157E+00	9.88485E+04
5.00000E+00	7.02247E+00	1.09545E+05
5.00000E+00	7.30337E+00	1.21381E+05
5.00000E+00	7.58427E+00	1.34466E+05
5.00000E+00	7.86517E+00	1.48880E+05
5.00000E+00	8.14607E+00	1.64665E+05
5.00000E+00	8.42697E+00	1.81800E+05
5.00000E+00	8.70787E+00	2.00189E+05
5.00000E+00	8.98876E+00	2.19660E+05
5.00000E+00	9.26966E+00	2.39972E+05
5.00000E+00	9.55056E+00	2.60817E+05
5.00000E+00	9.83146E+00	2.81816E+05
5.00000E+00	1.01124E+01	3.02562E+05
5.00000E+00	1.03933E+01	3.22674E+05
5.00000E+00	1.06742E+01	3.41842E+05
5.00000E+00	1.09551E+01	3.59849E+05
5.00000E+00	1.12360E+01	3.76605E+05
5.00000E+00	1.15169E+01	3.92138E+05
5.00000E+00	1.17978E+01	4.06520E+05
5.00000E+00	1.20787E+01	4.19793E+05
5.00000E+00	1.23596E+01	4.31944E+05
5.00000E+00	1.26404E+01	4.42920E+05
5.00000E+00	1.29213E+01	4.52658E+05
5.00000E+00	1.32022E+01	4.61118E+05
5.00000E+00	1.34831E+01	4.68280E+05
5.00000E+00	1.37640E+01	4.74142E+05
5.00000E+00	1.40449E+01	4.78749E+05
5.00000E+00	1.43258E+01	4.82238E+05
5.00000E+00	1.46067E+01	4.84840E+05
5.00000E+00	1.48876E+01	4.86814E+05
5.00000E+00	1.51685E+01	4.88373E+05
5.00000E+00	1.54494E+01	4.89662E+05
5.00000E+00	1.57303E+01	4.90759E+05
5.00000E+00	1.60112E+01	4.91700E+05
5.00000E+00	1.62921E+01	4.92486E+05
5.00000E+00	1.65730E+01	4.93101E+05
5.00000E+00	1.68539E+01	4.93506E+05
5.00000E+00	1.71348E+01	4.93651E+05
5.00000E+00	1.74157E+01	4.93484E+05
5.00000E+00	1.76966E+01	4.92958E+05
5.00000E+00	1.79775E+01	4.92040E+05
5.00000E+00	1.82584E+01	4.90702E+05
5.00000E+00	1.85393E+01	4.88903E+05
5.00000E+00	1.88202E+01	4.86584E+05
5.00000E+00	1.91011E+01	4.83706E+05
5.00000E+00	1.93820E+01	4.80288E+05
5.00000E+00	1.96629E+01	4.76435E+05
5.00000E+00	1.99438E+01	4.72299E+05
5.00000E+00	2.02247E+01	4.68018E+05
5.00000E+00	2.05056E+01	4.63691E+05
5.00000E+00	2.07865E+01	4.59385E+05
5.00000E+00	2.10674E+01	4.55140E+05
5.00000E+00	2.13483E+01	4.50978E+05
5.00000E+00	2.16292E+01	4.46910E+05
5.00000E+00	2.19101E+01	4.42940E+05
5.00000E+00	2.21910E+01	4.39075E+05
5.00000E+00	2.24719E+01	4.35315E+05
5.00000E+00	2.27528E+01	4.31662E+05
5.00000E+00	2.30337E+01	4.28117E+05
5.00000E+00	2.33146E+01	4.24680E+05
5.00000E+00	2.35955E+01	4.21348E+05
5.00000E+00	2.38764E+01	4.18120E+05
5.00000E+00	2.41573E+01	4.14996E+05
5.00000E+00	2.44382E+01	4.11969E+05
5.00000E+00	2.47191E+01	4.09031E+05
5.00000E+00	2.50000E+01	4.06173E+05
6.00000E+00	0.00000E+00	7.18500E+03
6.00000E+00	2.80899E-01	7.43637E+03
6.00000E+00	5.61798E-01	7.83999E+03
6.00000E+00	8.42697E-01	8.45523E+03
6.00000E+00	1.12360E+00	9.36228E+03
6.00000E+00	1.40449E+00	1.06490E+04
6.00000E+00	1.68539E+00	1.22972E+04
6.00000E+00	1.96629E+00	1.42670E+04
6.00000E+00	2.24719E+00	1.65212E+04
6.00000E+00	2.52809E+00	1.90309E+04
6.00000E+00	2.80899E+00	2.17770E+04
6.00000E+00	3.08989E+00	2.47547E+04
6.00000E+00	3.37079E+00	2.79765E+04
6.00000E+00	3.65169E+00	3.14736E+04
6.00000E+00	3.93258E+00	3.52931E+04
6.00000E+00	4.21348E+00	3.94916E+04
6.00000E+00	4.49438E+00	4.41261E+04
6.00000E+00	4.77528E+00	4.92483E+04
6.00000E+00	5.05618E+00	5.49033E+04
6.00000E+00	5.33708E+00	6.11318E+04
6.00000E+00	5.61798E+00	6.79756E+04
6.00000E+00	5.89888E+00	7.54846E+04
6.00000E+00	6.17978E+00	8.37235E+04
6.00000E+00	6.46067E+00	9.27751E+04
6.00000E+00	6.74157E+00	1.02738E+05
6.00000E+00	7.02247E+00	1.13716E+05
6.00000E+00	7.30337E+00	1.25811E+05
6.00000E+00	7.58427E+00	1.39105E+05
6.00000E+00	7.86517E+00	1.53655E+05
6.00000E+00	8.14607E+00	1.69474E+05
6.00000E+00	8.42697E+00	1.86520E+05
6.00000E+00	8.70787E+00	2.04688E+05
6.00000E+00	8.98876E+00	2.23806E+05
6.00000E+00	9.26966E+00	2.43641E+05
6.00000E+00	9.55056E+00	2.63903E+05
6.00000E+00	9.83146E+00	2.84259E+05
6.00000E+00	1.01124E+01	3.04361E+05
6.00000E+00	1.03933E+01	3.23885E+05
6.00000E+00	1.06742E+01	3.42561E+05
6.00000E+00	1.09551E+01	3.60201E+05
6.00000E+00	1.12360E+01	3.76705E+05
6.00000E+00	1.15169E+01	3.92053E+05
6.00000E+00	1.17978E+01	4.06261E+05
6.00000E+00	1.20787E+01	4.19341E+05
6.00000E+00	1.23596E+01	4.31280E+05
6.00000E+00	1.26404E+01	4.42045E+05
6.00000E+00	1.29213E+01	4.51599E+05
6.00000E+00	1.32022E+01	4.59914E+05
6.00000E+00	1.34831E+01	4.66985E+05
6.00000E+00	1.37640E+01	4.72836E+05
6.00000E+00	1.40449E+01	4.77535E+05
6.00000E+00	1.43258E+01	4.81209E+05
6.00000E+00	1.46067E+01	4.84042E+05
6.00000E+00	1.48876E+01	4.86233E+05
6.00000E+00	1.51685E+01	4.87962E+05
6.00000E+00	1.54494E+01	4.89359E+05
6.00000E+00	1.57303E+01	4.90509E+05
6.00000E+00	1.60112E+01	4.91456E+05
6.00000E+00	1.62921E+01	4.92212E+05
6.00000E+00	1.65730E+01	4.92766E+05
6.00000E+00	1.68539E+01	4.93089E+05
6.00000E+00	1.71348E+01	4.93144E+05
6.00000E+00	1.74157E+01	4.92885E+05
6.00000E+00	1.76966E+01	4.92274E+05
6.00000E+00	1.79775E+01	4.91274E+05
6.00000E+00	1.82584E+01	4.89855E+05
6.00000E+00	1.85393E+01	4.87982E+05
6.00000E+00	1.88202E+01	4.85623E+05
6.00000E+00	1.91011E+01	4.82768E+05
6.00000E+00	1.93820E+01	4.79447E+05
6.00000E+00	1.96629E+01	4.75742E+05
6.00000E+00	1.99438E+01	4.71762E+05
6.00000E+00	2.02247E+01	4.67618E+05
6.00000E+00	2.05056E+01	4.63401E+05
6.00000E+00	2.07865E+01	4.59175E+05
6.00000E+00	2.10674E+01	4.54988E+05
6.00000E+00	2.13483E+01	4.50866E+05
6.00000E+00	2.16292E+01	4.46826E+05
6.00000E+00	2.19101E+01	4.42879E+05
6.00000E+00	2.21910E+01	4.39030E+05
6.00000E+00	2.24719E+01	4.35283E+05
6.00000E+00	2.27528E+01	4.31642E+05
6.00000E+00	2.30337E+01	4.28106E+05
6.00000E+00	2.33146E+01	4.24675E+05
6.00000E+00	2.35955E+01	4.21347E+05
6.00000E+00	2.38764E+01	4.18122E+05
6.00000E+00	2.41573E+01	4.14997E+05
6.00000E+00	2.44382E+01	4.11965E+05
6.00000E+00	2.47191E+01	4.09021E+05
6.00000E+00	2.50000E+01	4.06156E+05
7.00000E+00	0.00000E+00	8.74568E+03
7.00000E+00	2.80899E-01	9.13211E+03
7.00000E+00	5.61798E-01	9.68343E+03
7.00000E+00	8.42697E-01	1.04421E+04
7.00000E+00	1.12360E+00	1.14565E+04
7.00000E+00	1.40449E+00	1.27981E+04
7.00000E+00	1.68539E+00	1.45013E+04
7.00000E+00	1.96629E+00	1.65236E+04
7.00000E+00	2.24719E+00	1.88207E+04
7.00000E+00	2.52809E+00	2.13610E+04
7.00000E+00	2.80899E+00	2.41326E+04
7.00000E+00	3.08989E+00	2.71431E+04
7.00000E+00	3.37079E+00	3.04166E+04
7.00000E+00	3.65169E+00	3.39901E+04
7.00000E+00	3.93258E+00	3.79104E+04
7.00000E+00	4.21348E+00	4.22292E+04
7.00000E+00	4.49438E+00	4.69983E+04
7.00000E+00	4.77528E+00	5.22671E+04
7.00000E+00	5.05618E+00	5.80816E+04
7.00000E+00	5.33708E+00	6.44866E+04
7.00000E+00	5.61798E+00	7.15294E+04
7.00000E+00	5.89888E+00	7.92643E+04
7.00000E+00	6.17978E+00	8.77560E+04
7.00000E+00	6.46067E+00	9.70805E+04
7.00000E+00	6.74157E+00	1.07322E+05
7.00000E+00	7.02247E+00	1.18566E+05
7.00000E+00	7.30337E+00	1.30891E+05
7.00000E+00	7.58427E+00	1.44355E+05
7.00000E+00	7.86517E+00	1.58990E+05
7.00000E+00	8.14607E+00	1.74787E+05
7.00000E+00	8.42697E+00	1.91687E+05
7.00000E+00	8.70787E+00	2.09579E+05
7.00000E+00	8.98876E+00	2.28293E+05
7.00000E+00	9.26966E+00	2.47610E+05
7.00000E+00	9.55056E+00	2.67266E+05
7.00000E+00	9.83146E+00	2.86967E+05
7.00000E+00	1.01124E+01	3.06415E+05
7.00000E+00	1.03933E+01	3.25332E+05
7.00000E+00	1.06742E+01	3.43484E+05
7.00000E+00	1.09551E+01	3.60699E+05
7.00000E+00	1.12360E+01	3.76871E+05
7.00000E+00	1.15169E+01	3.91951E+05
7.00000E+00	1.17978E+01	4.05920E+05
7.00000E+00	1.20787E+01	4.18769E+05
7.00000E+00	1.23596E+01	4.30482E+05
7.00000E+00	1.26404E+01	4.41037E+05
7.00000E+00	1.29213E+01	4.50411E+05
7.00000E+00	1.32022E+01	4.58594E+05
7.00000E+00	1.34831E+01	4.65595E+05
7.00000E+00	1.37640E+01	4.71451E+05
7.00000E+00	1.40449E+01	4.76238E+05
7.00000E+00	1.43258E+01	4.80071E+05
7.00000E+00	1.46067E+01	4.83099E+05
7.00000E+00	1.48876E+01	4.85484E+05
7.00000E+00	1.51685E+01	4.87373E+05
7.00000E+00	1.54494E+01	4.88883E+05
7.00000E+00	1.57303E+01	4.90096E+05
7.00000E+00	1.60112E+01	4.91059E+05
7.00000E+00	1.62921E+01	4.91793E+05
7.00000E+00	1.65730E+01	4.92293E+05
7.00000E+00	1.68539E+01	4.92542E+05
7.00000E+00	1.71348E+01	4.92509E+05
7.00000E+00	1.74157E+01	4.92160E+05
7.00000E+00	1.76966E+01	4.91460E+05
7.00000E+00	1.79775E+01	4.90379E+05
7.00000E+00	1.82584E+01	4.88888E+05
7.00000E+00	1.85393E+01	4.86963E+05
7.00000E+00	1.88202E+01	4.84588E+05
7.00000E+00	1.91011E+01	4.81768E+05
7.00000E+00	1.93820E+01	4.78537E+05
7.00000E+00	1.96629E+01	4.74961E+05
7.00000E+00	1.99438E+01	4.71124E+05
7.00000E+00	2.02247E+01	4.67115E+05
7.00000E+00	2.05056E+01	4.63013E+05
7.00000E+00	2.07865E+01	4.58882E+05
7.00000E+00	2.10674E+01	4.54766E+05
7.00000E+00	2.13483E+01	4.50698E+05
7.00000E+00	2.16292E+01	4.46699E+05
7.00000E+00	2.19101E+01	4.42783E+05
7.00000E+00	2.21910E+01	4.38958E+05
7.00000E+00	2.24719E+01	4.35230E+05
7.00000E+00	2.27528E+01	4.31603E+05
7.00000E+00	2.30337E+01	4.28078E+05
7.00000E+00	2.33146E+01	4.24656E+05
7.00000E+00	2.35955E+01	4.21334E+05
7.00000E+00	2.38764E+01	4.18111E+05
7.00000E+00	2.41573E+01	4.14985E+05
7.00000E+00	2.44382E+01	4.11949E+05
7.00000E+00	2.47191E+01	4.08999E+05
7.00000E+00	2.50000E+01	4.06126E+05
8.00000E+00	0.00000E+00	1.07286E+04
8.00000E+00	2.80899E-01	1.12325E+04
8.00000E+00	5.61798E-01	1.19072E+04
8.00000E+00	8.42697E-01	1.27849E+04
8.00000E+00	1.12360E+00	1.38985E+04
8.00000E+00	1.40449E+00	1.52901E+04
8.00000E+00	1.68539E+00	1.70225E+04
8.00000E+00	1.96629E+00	1.90874E+04
8.00000E+00	2.24719E+00	2.14437E+04
8.00000E+00	2.52809E+00	2.40578E+04
8.00000E+00	2.80899E+00	2.69139E+04
8.00000E+00	3.08989E+00	3.00180E+04
8.00000E+00	3.37079E+00	3.33952E+04
8.00000E+00	3.65169E+00	3.70844E+04
8.00000E+00	3.93258E+00	4.11328E+04
8.00000E+00	4.21348E+00	4.55914E+04
8.00000E+00	4.49438E+00	5.05114E+04
8.00000E+00	4.77528E+00	5.59426E+04
8.00000E+00	5.05618E+00	6.19330E+04
8.00000E+00	5.33708E+00	6.85305E+04
8.00000E+00	5.61798E+00	7.57854E+04
8.00000E+00	5.89888E+00	8.37526E+04
8.00000E+00	6.17978E+00	9.24937E+04
8.00000E+00	6.46067E+00	1.02076E+05
8.00000E+00	6.74157E+00	1.12569E+05
8.00000E+00	7.02247E+00	1.24041E+05
8.00000E+00	7.30337E+00	1.36547E+05
8.00000E+00	7.58427E+00	1.50125E+05
8.00000E+00	7.86517E+00	1.64784E+05
8.00000E+00	8.14607E+00	1.80498E+05
8.00000E+00	8.42697E+00	1.97195E+05
8.00000E+00	8.70787E+00	2.14761E+05
8.00000E+00	8.98876E+00	2.33032E+05
8.00000E+00	9.26966E+00	2.51805E+05
8.00000E+00	9.55056E+00	2.70841E+05
8.00000E+00	9.83146E+00	2.89884E+05
8.00000E+00	1.01124E+01	3.08675E+05
8.00000E+00	1.03933E+01	3.26973E+05
8.00000E+00	1.06742E+01	3.44574E+05
8.00000E+00	1.09551E+01	3.61318E+05
8.00000E+00	1.12360E+01	3.77098E+05
8.00000E+00	1.15169E+01	3.91845E+05
8.00000E+00	1.17978E+01	4.05524E+05
8.00000E+00	1.20787E+01	4.18109E+05
8.00000E+00	1.23596E+01	4.29581E+05
8.00000E+00	1.26404E+01	4.39924E+05
8.00000E+00	1.29213E+01	4.49126E+05
8.00000E+00	1.32022E+01	4.57187E+05
8.00000E+00	1.34831E+01	4.64129E+05
8.00000E+00	1.37640E+01	4.69995E+05
8.00000E+00	1.40449E+01	4.74860E+05
8.00000E+00	1.43258E+01	4.78827E+05
8.00000E+00	1.46067E+01	4.82020E+05
8.00000E+00	1.48876E+01	4.84572E+05
8.00000E+00	1.51685E+01	4.86606E+05
8.00000E+00	1.54494E+01	4.88224E+05
8.00000E+00	1.57303E+01	4.89502E+05
8.00000E+00	1.60112E+01	4.90489E+05
8.00000E+00	1.62921E+01	4.91209E+05
8.00000E+00	1.65730E+01	4.91665E+05
8.00000E+00	1.68539E+01	4.91848E+05
8.00000E+00	1.71348E+01	4.91737E+05
8.00000E+00	1.74157E+01	4.91304E+05
8.00000E+00	1.76966E+01	4.90524E+05
8.00000E+00	1.79775E+01	4.89370E+05
8.00000E+00	1.82584E+01	4.87821E+05
8.00000E+00	1.85393E+01	4.85862E+05
8.00000E+00	1.88202E+01	4.83487E+05
8.00000E+00	1.91011E+01	4.80709E+05
8.00000E+00	1.93820E+01	4.77563E+05
8.00000E+00	1.96629E+01	4.74102E+05
8.00000E+00	1.99438E+01	4.70396E+05
8.00000E+00	2.02247E+01	4.66517E+05
8.00000E+00	2.05056E+01	4.62533E+05
8.00000E+00	2.07865E+01	4.58502E+05
8.00000E+00	2.10674E+01	4.54468E+05
8.00000E+00	2.13483E+01	4.50466E+05
8.00000E+00	2.16292E+01	4.46519E+05
8.00000E+00	2.19101E+01	4.42643E+05
8.00000E+00	2.21910E+01	4.38850E+05
8.00000E+00	2.24719E+01	4.35147E+05
8.00000E+00	2.27528E+01	4.31539E+05
8.00000E+00	2.30337E+01	4.28029E+05
8.00000E+00	2.33146E+01	4.24617E+05
8.00000E+00	2.35955E+01	4.21302E+05
8.00000E+00	2.38764E+01	4.18083E+05
8.00000E+00	2.41573E+01	4.14956E+05
8.00000E+00	2.44382E+01	4.11917E+05
8.00000E+00	2.47191E+01	4.08959E+05
8.00000E+00	2.50000E+01	4.06077E+05
9.00000E+00	0.00000E+00	1.31194E+04
9.00000E+00	2.80899E-01	1.37302E+04
9.00000E+00	5.61798E-01	1.45146E+04
9.00000E+00	8.42697E-01	1.54987E+04
9.00000E+00	1.12360E+00	1.67075E+04
9.00000E+00	1.40449E+00	1.81692E+04
9.00000E+00	1.68539E+00	1.99288E+04
9.00000E+00	1.96629E+00	2.20321E+04
9.00000E+00	2.24719E+00	2.44524E+04
9.00000E+00	2.52809E+00	2.71601E+04
9.00000E+00	2.80899E+00	3.01366E+04
9.00000E+00	3.08989E+00	3.33810E+04
9.00000E+00	3.37079E+00	3.69116E+04
9.00000E+00	3.65169E+00	4.07627E+04
9.00000E+00	3.93258E+00	4.49788E+04
9.00000E+00	4.21348E+00	4.96098E+04
9.00000E+00	4.49438E+00	5.47071E+04
9.00000E+00	4.77528E+00	6.03219E+04
9.00000E+00	5.05618E+00	6.65044E+04
9.00000E+00	5.33708E+00	7.33045E+04
9.00000E+00	5.61798E+00	8.07736E+04
9.00000E+00	5.89888E+00	8.89654E+04
9.00000E+00	6.17978E+00	9.79363E+04
9.00000E+00	6.46067E+00	1.07744E+05
9.00000E+00	6.74157E+00	1.18446E+05
9.00000E+00	7.02247E+00	1.30091E+05
9.00000E+00	7.30337E+00	1.42718E+05
9.00000E+00	7.58427E+00	1.56343E+05
9.00000E+00	7.86517E+00	1.70960E+05
9.00000E+00	8.14607E+00	1.86527E+05
9.00000E+00	8.42697E+00	2.02966E+05
9.00000E+00	8.70787E+00	2.20161E+05
9.00000E+00	8.98876E+00	2.37957E+05
9.00000E+00	9.26966E+00	2.56166E+05
9.00000E+00	9.55056E+00	2.74576E+05
9.00000E+00	9.83146E+00	2.92960E+05
9.00000E+00	1.01124E+01	3.11094E+05
9.00000E+00	1.03933E+01	3.28767E+05
9.00000E+00	1.06742E+01	3.45796E+05
9.00000E+00	1.09551E+01	3.62037E+05
9.00000E+00	1.12360E+01	3.77379E+05
9.00000E+00	1.15169E+01	3.91749E+05
9.00000E+00	1.17978E+01	4.05097E+05
9.00000E+00	1.20787E+01	4.17392E+05
9.00000E+00	1.23596E+01	4.28610E+05
9.00000E+00	1.26404E+01	4.38737E+05
9.00000E+00	1.29213E+01	4.47770E+05
9.00000E+00	1.32022E+01	4.55715E+05
9.00000E+00	1.34831E+01	4.62601E+05
9.00000E+00	1.37640E+01	4.68473E+05
9.00000E+00	1.40449E+01	4.73402E+05
9.00000E+00	1.43258E+01	4.77478E+05
9.00000E+00	1.46067E+01	4.80808E+05
9.00000E+00	1.48876E+01	4.83501E+05
9.00000E+00	1.51685E+01	4.85661E+05
9.00000E+00	1.54494E+01	4.87378E+05
9.00000E+00	1.57303E+01	4.88720E+05
9.00000E+00	1.60112E+01	4.89734E+05
9.00000E+00	1.62921E+01	4.90448E+05
9.00000E+00	1.65730E+01	4.90871E+05
9.00000E+00	1.68539E+01	4.91000E+05
9.00000E+00	1.71348E+01	4.90822E+05
9.00000E+00	1.74157E+01	4.90318E+05
9.00000E+00	1.76966E+01	4.89469E+05
9.00000E+00	1.79775E+01	4.88256E+05
9.00000E+00	1.82584E+01	4.86664E+05
9.00000E+00	1.85393E+01	4.84685E+05
9.00000E+00	1.88202E+01	4.82323E+05
9.00000E+00	1.91011E+01	4.79593E+05
9.00000E+00	1.93820E+01	4.76527E+05
9.00000E+00	1.96629E+01	4.73173E+05
9.00000E+00	1.99438E+01	4.69587E+05
9.00000E+00	2.02247E+01	4.65832E+05
9.00000E+00	2.05056E+01	4.61965E+05
9.00000E+00	2.07865E+01	4.58037E+05
9.00000E+00	2.10674E+01	4.54093E+05
9.00000E+00	2.13483E+01	4.50165E+05
9.00000E+00	2.16292E+01	4.46278E+05
9.00000E+00	2.19101E+01	4.42451E+05
9.00000E+00	2.21910E+01	4.38697E+05
9.00000E+00	2.24719E+01	4.35025E+05
9.00000E+00	2.27528E+01	4.31442E+05
9.00000E+00	2.30337E+01	4.27950E+05
9.00000E+00	2.33146E+01	4.24551E+05
9.00000E+00	2.35955E+01	4.21245E+05
9.00000E+00	2.38764E+01	4.18031E+05
9.00000E+00	2.41573E+01	4.14904E+05
9.00000E+00	2.44382E+01	4.11862E+05
9.00000E+00	2.47191E+01	4.08898E+05
9.00000E+00	2.50000E+01	4.06006E+05
1.00000E+01	0.00000E+00	1.59283E+04
1.00000E+01	2.80899E-01	1.66410E+04
1.00000E+01	5.61798E-01	1.75295E+04
1.00000E+01	8.42697E-01	1.86163E+04
1.00000E+01	1.12360E+00	1.99220E+04
1.00000E+01	1.40449E+00	2.14685E+04
1.00000E+01	1.68539E+00	2.32861E+04
1.00000E+01	1.96629E+00	2.54282E+04
1.00000E+01	2.24719E+00	2.79162E+04
1.00000E+01	2.52809E+00	3.07252E+04
1.00000E+01	2.80899E+00	3.38382E+04
1.00000E+01	3.08989E+00	3.72495E+04
1.00000E+01	3.37079E+00	4.09686E+04
1.00000E+01	3.65169E+00	4.50208E+04
1.00000E+01	3.93258E+00	4.94437E+04
1.00000E+01	4.21348E+00	5.42831E+04
1.00000E+01	4.49438E+00	5.95886E+04
1.00000E+01	4.77528E+00	6.54112E+04
1.00000E+01	5.05618E+00	7.18020E+04
1.00000E+01	5.33708E+00	7.88117E+04
1.00000E+01	5.61798E+00	8.64912E+04
1.00000E+01	5.89888E+00	9.48915E+04
1.00000E+01	6.17978E+00	1.04064E+05
1.00000E+01	6.46067E+00	1.14056E+05
1.00000E+01	6.74157E+00	1.24913E+05
1.00000E+01	7.02247E+00	1.36671E+05
1.00000E+01	7.30337E+00	1.49351E+05
1.00000E+01	7.58427E+00	1.62955E+05
1.00000E+01	7.86517E+00	1.77461E+05
1.00000E+01	8.14607E+00	1.92819E+05
1.00000E+01	8.42697E+00	2.08947E+05
1.00000E+01	8.70787E+00	2.25730E+05
1.00000E+01	8.98876E+00	2.43023E+05
1.00000E+01	9.26966E+00	2.60654E+05
1.00000E+01	9.55056E+00	2.78432E+05
1.00000E+01	9.83146E+00	2.96159E+05
1.00000E+01	1.01124E+01	3.13636E+05
1.00000E+01	1.03933E+01	3.30679E+05
1.00000E+01	1.06742E+01	3.47124E+05
1.00000E+01	1.09551E+01	3.62837E+05
1.00000E+01	1.12360E+01	3.77712E+05
1.00000E+01	1.15169E+01	3.91671E+05
1.00000E+01	1.17978E+01	4.04661E+05
1.00000E+01	1.20787E+01	4.16644E+05
1.00000E+01	1.23596E+01	4.27595E+05
1.00000E+01	1.26404E+01	4.37502E+05
1.00000E+01	1.29213E+01	4.46364E+05
1.00000E+01	1.32022E+01	4.54194E+05
1.00000E+01	1.34831E+01	4.61020E+05
1.00000E+01	1.37640E+01	4.66889E+05
1.00000E+01	1.40449E+01	4.71865E+05
1.00000E+01	1.43258E+01	4.76028E+05
1.00000E+01	1.46067E+01	4.79467E+05
1.00000E+01	1.48876E+01	4.82276E+05
1.00000E+01	1.51685E+01	4.84544E+05
1.00000E+01	1.54494E+01	4.86347E+05
1.00000E+01	1.57303E+01	4.87748E+05
1.00000E+01	1.60112E+01	4.88792E+05
1.00000E+01	1.62921E+01	4.89507E+05
1.00000E+01	1.65730E+01	4.89907E+05
1.00000E+01	1.68539E+01	4.89995E+05
1.00000E+01	1.71348E+01	4.89764E+05
1.00000E+01	1.74157E+01	4.89203E+05
1.00000E+01	1.76966E+01	4.88300E+05
1.00000E+01	1.79775E+01	4.87042E+05
1.00000E+01	1.82584E+01	4.85422E+05
1.00000E+01	1.85393E+01	4.83438E+05
1.00000E+01	1.88202E+01	4.81097E+05
1.00000E+01	1.91011E+01	4.78418E+05
1.00000E+01	1.93820E+01	4.75431E+05
1.00000E+01	1.96629E+01	4.72177E+05
1.00000E+01	1.99438E+01	4.68705E+05
1.00000E+01	2.02247E+01	4.65067E+05
1.00000E+01	2.05056E+01	4.61313E+05
1.00000E+01	2.07865E+01	4.57491E+05
1.00000E+01	2.10674E+01	4.53639E+05
1.00000E+01	2.13483E+01	4.49791E+05
1.00000E+01	2.16292E+01	4.45971E+05
1.00000E+01	2.19101E+01	4.42200E+05
1.00000E+01	2.21910E+01	4.38492E+05
1.00000E+01	2.24719E+01	4.34858E+05
1.00000E+01	2.27528E+01	4.31303E+05
1.00000E+01	2.30337E+01	4.27834E+05
1.00000E+01	2.33146E+01	4.24452E+05
1.00000E+01	2.35955E+01	4.21157E+05
1.00000E+01	2.38764E+01	4.17949E+05
1.00000E+01	2.41573E+01	4.14824E+05
1.00000E+01	2.44382E+01	4.11779E+05
1.00000E+01	2.47191E+01	4.08809E+05
1.00000E+01	2.50000E+01	4.05907E+05
