1.00000E-04	0.00000E+00	6.31252E+07
1.00000E-04	2.80899E-01	7.45555E+07
1.00000E-04	5.61798E-01	8.97623E+07
1.00000E-04	8.42697E-01	9.69892E+07
1.00000E-04	1.12360E+00	9.90918E+07
1.00000E-04	1.40449E+00	9.85565E+07
1.00000E-04	1.68539E+00	9.69674E+07
1.00000E-04	1.96629E+00	9.49047E+07
1.00000E-04	2.24719E+00	9.24496E+07
1.00000E-04	2.52809E+00	8.97217E+07
1.00000E-04	2.80899E+00	8.68139E+07
1.00000E-04	3.08989E+00	8.37846E+07
1.00000E-04	3.37079E+00	8.07545E+07
1.00000E-04	3.65169E+00	7.77413E+07
1.00000E-04	3.93258E+00	7.47421E+07
1.00000E-04	4.21348E+00	7.18769E+07
1.00000E-04	4.49438E+00	6.90842E+07
1.00000E-04	4.77528E+00	6.63665E+07
1.00000E-04	5.05618E+00	6.37330E+07
1.00000E-04	5.33708E+00	6.12165E+07
1.00000E-04	5.61798E+00	5.87748E+07
1.00000E-04	5.89888E+00	5.64416E+07
1.00000E-04	6.17978E+00	5.41860E+07
1.00000E-04	6.46067E+00	5.20271E+07
1.00000E-04	6.74157E+00	4.99770E+07
1.00000E-04	7.02247E+00	4.80188E+07
1.00000E-04	7.30337E+00	4.61575E+07
1.00000E-04	7.58427E+00	4.43984E+07
1.00000E-04	7.86517E+00	4.27307E+07
1.00000E-04	8.14607E+00	4.11592E+07
1.00000E-04	8.42697E+00	3.96662E+07
1.00000E-04	8.70787E+00	3.82562E+07
1.00000E-04	8.98876E+00	3.69230E+07
1.00000E-04	9.26966E+00	3.56668E+07
1.00000E-04	9.55056E+00	3.44755E+07
1.00000E-04	9.83146E+00	3.33506E+07
1.00000E-04	1.01124E+01	3.22844E+07
1.00000E-04	1.03933E+01	3.12742E+07
1.00000E-04	1.06742E+01	3.03174E+07
1.00000E-04	1.09551E+01	2.94059E+07
1.00000E-04	1.12360E+01	2.85483E+07
1.00000E-04	1.15169E+01	2.77282E+07
1.00000E-04	1.17978E+01	2.69469E+07
1.00000E-04	1.20787E+01	2.62060E+07
1.00000E-04	1.23596E+01	2.54987E+07
1.00000E-04	1.26404E+01	2.48215E+07
1.00000E-04	1.29213E+01	2.41763E+07
1.00000E-04	1.32022E+01	2.35629E+07
1.00000E-04	1.34831E+01	2.29738E+07
1.00000E-04	1.37640E+01	2.24100E+07
1.00000E-04	1.40449E+01	2.18724E+07
1.00000E-04	1.43258E+01	2.13547E+07
1.00000E-04	1.46067E+01	2.08589E+07
1.00000E-04	1.48876E+01	2.03816E+07
1.00000E-04	1.51685E+01	1.99248E+07
1.00000E-04	1.54494E+01	1.94860E+07
1.00000E-04	1.57303E+01	1.90636E+07
1.00000E-04	1.60112E+01	1.86558E+07
1.00000E-04	1.62921E+01	1.82646E+07
1.00000E-04	1.65730E+01	1.78877E+07
1.00000E-04	1.68539E+01	1.75228E+07
1.00000E-04	1.71348E+01	1.71723E+07
1.00000E-04	1.74157E+01	1.68327E+07
1.00000E-04	1.76966E+01	1.65057E+07
1.00000E-04	1.79775E+01	1.61899E+07
1.00000E-04	1.82584E+01	1.58860E+07
1.00000E-04	1.85393E+01	1.55896E+07
1.00000E-04	1.88202E+01	1.53032E+07
1.00000E-04	1.91011E+01	1.50265E+07
1.00000E-04	1.93820E+01	1.47580E+07
1.00000E-04	1.96629E+01	1.44992E+07
1.00000E-04	1.99438E+01	1.42484E+07
1.00000E-04	2.02247E+01	1.40037E+07
1.00000E-04	2.05056E+01	1.37667E+07
1.00000E-04	2.07865E+01	1.35381E+07
1.00000E-04	2.10674E+01	1.33133E+07
1.00000E-04	2.13483E+01	1.30977E+07
1.00000E-04	2.16292E+01	1.28866E+07
1.00000E-04	2.19101E+01	1.26818E+07
1.00000E-04	2.21910E+01	1.24835E+07
1.00000E-04	2.24719E+01	1.22902E+07
1.00000E-04	2.27528E+01	1.21014E+07
1.00000E-04	2.30337E+01	1.19190E+07
1.00000E-04	2.33146E+01	1.17408E+07
1.00000E-04	2.35955E+01	1.15665E+07
1.00000E-04	2.38764E+01	1.13973E+07
1.00000E-04	2.41573E+01	1.12336E+07
1.00000E-04	2.44382E+01	1.10725E+07
1.00000E-04	2.47191E+01	1.09164E+07
1.00000E-04	2.50000E+01	1.07634E+07
5.00000E-04	0.00000E+00	6.61373E+07
5.00000E-04	2.80899E-01	7.45442E+07
5.00000E-04	5.61798E-01	8.97627E+07
5.00000E-04	8.42697E-01	9.70006E+07
5.00000E-04	1.12360E+00	9.90753E+07
5.00000E-04	1.40449E+00	9.85563E+07
5.00000E-04	1.68539E+00	9.69674E+07
5.00000E-04	1.96629E+00	9.49047E+07
5.00000E-04	2.24719E+00	9.24496E+07
5.00000E-04	2.52809E+00	8.97217E+07
5.00000E-04	2.80899E+00	8.68139E+07
5.00000E-04	3.08989E+00	8.37877E+07
5.00000E-04	3.37079E+00	8.07545E+07
5.00000E-04	3.65169E+00	7.77408E+07
5.00000E-04	3.93258E+00	7.47426E+07
5.00000E-04	4.21348E+00	7.18693E+07
5.00000E-04	4.49438E+00	6.90841E+07
5.00000E-04	4.77528E+00	6.63664E+07
5.00000E-04	5.05618E+00	6.37331E+07
5.00000E-04	5.33708E+00	6.12165E+07
5.00000E-04	5.61798E+00	5.87748E+07
5.00000E-04	5.89888E+00	5.64415E+07
5.00000E-04	6.17978E+00	5.41860E+07
5.00000E-04	6.46067E+00	5.20271E+07
5.00000E-04	6.74157E+00	4.99770E+07
5.00000E-04	7.02247E+00	4.80188E+07
5.00000E-04	7.30337E+00	4.61578E+07
5.00000E-04	7.58427E+00	4.43984E+07
5.00000E-04	7.86517E+00	4.27307E+07
5.00000E-04	8.14607E+00	4.11592E+07
5.00000E-04	8.42697E+00	3.96662E+07
5.00000E-04	8.70787E+00	3.82562E+07
5.00000E-04	8.98876E+00	3.69245E+07
5.00000E-04	9.26966E+00	3.56668E+07
5.00000E-04	9.55056E+00	3.44755E+07
5.00000E-04	9.83146E+00	3.33506E+07
5.00000E-04	1.01124E+01	3.22844E+07
5.00000E-04	1.03933E+01	3.12738E+07
5.00000E-04	1.06742E+01	3.03174E+07
5.00000E-04	1.09551E+01	2.94059E+07
5.00000E-04	1.12360E+01	2.85483E+07
5.00000E-04	1.15169E+01	2.77282E+07
5.00000E-04	1.17978E+01	2.69469E+07
5.00000E-04	1.20787E+01	2.62060E+07
5.00000E-04	1.23596E+01	2.54987E+07
5.00000E-04	1.26404E+01	2.48215E+07
5.00000E-04	1.29213E+01	2.41763E+07
5.00000E-04	1.32022E+01	2.35629E+07
5.00000E-04	1.34831E+01	2.29738E+07
5.00000E-04	1.37640E+01	2.24100E+07
5.00000E-04	1.40449E+01	2.18724E+07
5.00000E-04	1.43258E+01	2.13547E+07
5.00000E-04	1.46067E+01	2.08589E+07
5.00000E-04	1.48876E+01	2.03816E+07
5.00000E-04	1.51685E+01	1.99248E+07
5.00000E-04	1.54494E+01	1.94860E+07
5.00000E-04	1.57303E+01	1.90636E+07
5.00000E-04	1.60112E+01	1.86558E+07
5.00000E-04	1.62921E+01	1.82646E+07
5.00000E-04	1.65730E+01	1.78877E+07
5.00000E-04	1.68539E+01	1.75228E+07
5.00000E-04	1.71348E+01	1.71723E+07
5.00000E-04	1.74157E+01	1.68327E+07
5.00000E-04	1.76966E+01	1.65057E+07
5.00000E-04	1.79775E+01	1.61899E+07
5.00000E-04	1.82584E+01	1.58860E+07
5.00000E-04	1.85393E+01	1.55896E+07
5.00000E-04	1.88202E+01	1.53032E+07
5.00000E-04	1.91011E+01	1.50265E+07
5.00000E-04	1.93820E+01	1.47580E+07
5.00000E-04	1.96629E+01	1.44992E+07
5.00000E-04	1.99438E+01	1.42482E+07
5.00000E-04	2.02247E+01	1.40037E+07
5.00000E-04	2.05056E+01	1.37667E+07
5.00000E-04	2.07865E+01	1.35381E+07
5.00000E-04	2.10674E+01	1.33133E+07
5.00000E-04	2.13483E+01	1.30977E+07
5.00000E-04	2.16292E+01	1.28866E+07
5.00000E-04	2.19101E+01	1.26818E+07
5.00000E-04	2.21910E+01	1.24835E+07
5.00000E-04	2.24719E+01	1.22902E+07
5.00000E-04	2.27528E+01	1.21014E+07
5.00000E-04	2.30337E+01	1.19190E+07
5.00000E-04	2.33146E+01	1.17408E+07
5.00000E-04	2.35955E+01	1.15665E+07
5.00000E-04	2.38764E+01	1.13973E+07
5.00000E-04	2.41573E+01	1.12336E+07
5.00000E-04	2.44382E+01	1.10725E+07
5.00000E-04	2.47191E+01	1.09164E+07
5.00000E-04	2.50000E+01	1.07634E+07
1.00000E-03	0.00000E+00	6.69860E+07
1.00000E-03	2.80899E-01	7.45435E+07
1.00000E-03	5.61798E-01	8.97628E+07
1.00000E-03	8.42697E-01	9.70081E+07
1.00000E-03	1.12360E+00	9.90619E+07
1.00000E-03	1.40449E+00	9.85524E+07
1.00000E-03	1.68539E+00	9.69678E+07
1.00000E-03	1.96629E+00	9.49047E+07
1.00000E-03	2.24719E+00	9.24491E+07
1.00000E-03	2.52809E+00	8.97213E+07
1.00000E-03	2.80899E+00	8.68138E+07
1.00000E-03	3.08989E+00	8.37942E+07
1.00000E-03	3.37079E+00	8.07553E+07
1.00000E-03	3.65169E+00	7.77368E+07
1.00000E-03	3.93258E+00	7.47463E+07
1.00000E-03	4.21348E+00	7.18662E+07
1.00000E-03	4.49438E+00	6.90826E+07
1.00000E-03	4.77528E+00	6.63655E+07
1.00000E-03	5.05618E+00	6.37344E+07
1.00000E-03	5.33708E+00	6.12165E+07
1.00000E-03	5.61798E+00	5.87748E+07
1.00000E-03	5.89888E+00	5.64402E+07
1.00000E-03	6.17978E+00	5.41860E+07
1.00000E-03	6.46067E+00	5.20271E+07
1.00000E-03	6.74157E+00	4.99766E+07
1.00000E-03	7.02247E+00	4.80188E+07
1.00000E-03	7.30337E+00	4.61579E+07
1.00000E-03	7.58427E+00	4.43984E+07
1.00000E-03	7.86517E+00	4.27307E+07
1.00000E-03	8.14607E+00	4.11592E+07
1.00000E-03	8.42697E+00	3.96662E+07
1.00000E-03	8.70787E+00	3.82562E+07
1.00000E-03	8.98876E+00	3.69248E+07
1.00000E-03	9.26966E+00	3.56668E+07
1.00000E-03	9.55056E+00	3.44755E+07
1.00000E-03	9.83146E+00	3.33506E+07
1.00000E-03	1.01124E+01	3.22844E+07
1.00000E-03	1.03933E+01	3.12737E+07
1.00000E-03	1.06742E+01	3.03174E+07
1.00000E-03	1.09551E+01	2.94059E+07
1.00000E-03	1.12360E+01	2.85483E+07
1.00000E-03	1.15169E+01	2.77282E+07
1.00000E-03	1.17978E+01	2.69469E+07
1.00000E-03	1.20787E+01	2.62060E+07
1.00000E-03	1.23596E+01	2.54987E+07
1.00000E-03	1.26404E+01	2.48215E+07
1.00000E-03	1.29213E+01	2.41763E+07
1.00000E-03	1.32022E+01	2.35629E+07
1.00000E-03	1.34831E+01	2.29738E+07
1.00000E-03	1.37640E+01	2.24100E+07
1.00000E-03	1.40449E+01	2.18724E+07
1.00000E-03	1.43258E+01	2.13547E+07
1.00000E-03	1.46067E+01	2.08589E+07
1.00000E-03	1.48876E+01	2.03816E+07
1.00000E-03	1.51685E+01	1.99248E+07
1.00000E-03	1.54494E+01	1.94860E+07
1.00000E-03	1.57303E+01	1.90636E+07
1.00000E-03	1.60112E+01	1.86558E+07
1.00000E-03	1.62921E+01	1.82646E+07
1.00000E-03	1.65730E+01	1.78877E+07
1.00000E-03	1.68539E+01	1.75228E+07
1.00000E-03	1.71348E+01	1.71723E+07
1.00000E-03	1.74157E+01	1.68328E+07
1.00000E-03	1.76966E+01	1.65057E+07
1.00000E-03	1.79775E+01	1.61899E+07
1.00000E-03	1.82584E+01	1.58860E+07
1.00000E-03	1.85393E+01	1.55896E+07
1.00000E-03	1.88202E+01	1.53032E+07
1.00000E-03	1.91011E+01	1.50266E+07
1.00000E-03	1.93820E+01	1.47580E+07
1.00000E-03	1.96629E+01	1.44992E+07
1.00000E-03	1.99438E+01	1.42478E+07
1.00000E-03	2.02247E+01	1.40037E+07
1.00000E-03	2.05056E+01	1.37667E+07
1.00000E-03	2.07865E+01	1.35381E+07
1.00000E-03	2.10674E+01	1.33133E+07
1.00000E-03	2.13483E+01	1.30977E+07
1.00000E-03	2.16292E+01	1.28866E+07
1.00000E-03	2.19101E+01	1.26818E+07
1.00000E-03	2.21910E+01	1.24835E+07
1.00000E-03	2.24719E+01	1.22902E+07
1.00000E-03	2.27528E+01	1.21014E+07
1.00000E-03	2.30337E+01	1.19190E+07
1.00000E-03	2.33146E+01	1.17408E+07
1.00000E-03	2.35955E+01	1.15665E+07
1.00000E-03	2.38764E+01	1.13973E+07
1.00000E-03	2.41573E+01	1.12336E+07
1.00000E-03	2.44382E+01	1.10725E+07
1.00000E-03	2.47191E+01	1.09164E+07
1.00000E-03	2.50000E+01	1.07634E+07
5.00000E-03	0.00000E+00	6.72116E+07
5.00000E-03	2.80899E-01	7.45439E+07
5.00000E-03	5.61798E-01	8.97629E+07
5.00000E-03	8.42697E-01	9.70096E+07
5.00000E-03	1.12360E+00	9.90527E+07
5.00000E-03	1.40449E+00	9.85432E+07
5.00000E-03	1.68539E+00	9.69690E+07
5.00000E-03	1.96629E+00	9.49012E+07
5.00000E-03	2.24719E+00	9.24425E+07
5.00000E-03	2.52809E+00	8.97205E+07
5.00000E-03	2.80899E+00	8.68131E+07
5.00000E-03	3.08989E+00	8.38033E+07
5.00000E-03	3.37079E+00	8.07576E+07
5.00000E-03	3.65169E+00	7.77248E+07
5.00000E-03	3.93258E+00	7.47577E+07
5.00000E-03	4.21348E+00	7.18637E+07
5.00000E-03	4.49438E+00	6.90711E+07
5.00000E-03	4.77528E+00	6.63579E+07
5.00000E-03	5.05618E+00	6.37407E+07
5.00000E-03	5.33708E+00	6.12137E+07
5.00000E-03	5.61798E+00	5.87770E+07
5.00000E-03	5.89888E+00	5.64353E+07
5.00000E-03	6.17978E+00	5.41834E+07
5.00000E-03	6.46067E+00	5.20273E+07
5.00000E-03	6.74157E+00	4.99721E+07
5.00000E-03	7.02247E+00	4.80166E+07
5.00000E-03	7.30337E+00	4.61579E+07
5.00000E-03	7.58427E+00	4.43981E+07
5.00000E-03	7.86517E+00	4.27313E+07
5.00000E-03	8.14607E+00	4.11576E+07
5.00000E-03	8.42697E+00	3.96661E+07
5.00000E-03	8.70787E+00	3.82562E+07
5.00000E-03	8.98876E+00	3.69250E+07
5.00000E-03	9.26966E+00	3.56662E+07
5.00000E-03	9.55056E+00	3.44755E+07
5.00000E-03	9.83146E+00	3.33503E+07
5.00000E-03	1.01124E+01	3.22843E+07
5.00000E-03	1.03933E+01	3.12737E+07
5.00000E-03	1.06742E+01	3.03173E+07
5.00000E-03	1.09551E+01	2.94060E+07
5.00000E-03	1.12360E+01	2.85473E+07
5.00000E-03	1.15169E+01	2.77277E+07
5.00000E-03	1.17978E+01	2.69469E+07
5.00000E-03	1.20787E+01	2.62050E+07
5.00000E-03	1.23596E+01	2.54987E+07
5.00000E-03	1.26404E+01	2.48215E+07
5.00000E-03	1.29213E+01	2.41771E+07
5.00000E-03	1.32022E+01	2.35629E+07
5.00000E-03	1.34831E+01	2.29742E+07
5.00000E-03	1.37640E+01	2.24106E+07
5.00000E-03	1.40449E+01	2.18724E+07
5.00000E-03	1.43258E+01	2.13547E+07
5.00000E-03	1.46067E+01	2.08589E+07
5.00000E-03	1.48876E+01	2.03817E+07
5.00000E-03	1.51685E+01	1.99248E+07
5.00000E-03	1.54494E+01	1.94860E+07
5.00000E-03	1.57303E+01	1.90635E+07
5.00000E-03	1.60112E+01	1.86559E+07
5.00000E-03	1.62921E+01	1.82647E+07
5.00000E-03	1.65730E+01	1.78876E+07
5.00000E-03	1.68539E+01	1.75228E+07
5.00000E-03	1.71348E+01	1.71723E+07
5.00000E-03	1.74157E+01	1.68332E+07
5.00000E-03	1.76966E+01	1.65058E+07
5.00000E-03	1.79775E+01	1.61899E+07
5.00000E-03	1.82584E+01	1.58860E+07
5.00000E-03	1.85393E+01	1.55896E+07
5.00000E-03	1.88202E+01	1.53033E+07
5.00000E-03	1.91011E+01	1.50266E+07
5.00000E-03	1.93820E+01	1.47580E+07
5.00000E-03	1.96629E+01	1.44992E+07
5.00000E-03	1.99438E+01	1.42474E+07
5.00000E-03	2.02247E+01	1.40037E+07
5.00000E-03	2.05056E+01	1.37667E+07
5.00000E-03	2.07865E+01	1.35380E+07
5.00000E-03	2.10674E+01	1.33133E+07
5.00000E-03	2.13483E+01	1.30977E+07
5.00000E-03	2.16292E+01	1.28866E+07
5.00000E-03	2.19101E+01	1.26818E+07
5.00000E-03	2.21910E+01	1.24835E+07
5.00000E-03	2.24719E+01	1.22902E+07
5.00000E-03	2.27528E+01	1.21014E+07
5.00000E-03	2.30337E+01	1.19190E+07
5.00000E-03	2.33146E+01	1.17407E+07
5.00000E-03	2.35955E+01	1.15665E+07
5.00000E-03	2.38764E+01	1.13974E+07
5.00000E-03	2.41573E+01	1.12334E+07
5.00000E-03	2.44382E+01	1.10725E+07
5.00000E-03	2.47191E+01	1.09164E+07
5.00000E-03	2.50000E+01	1.07634E+07
1.00000E-02	0.00000E+00	6.74204E+07
1.00000E-02	2.80899E-01	7.45450E+07
1.00000E-02	5.61798E-01	8.97632E+07
1.00000E-02	8.42697E-01	9.70097E+07
1.00000E-02	1.12360E+00	9.90527E+07
1.00000E-02	1.40449E+00	9.85432E+07
1.00000E-02	1.68539E+00	9.69690E+07
1.00000E-02	1.96629E+00	9.49012E+07
1.00000E-02	2.24719E+00	9.24424E+07
1.00000E-02	2.52809E+00	8.97205E+07
1.00000E-02	2.80899E+00	8.68131E+07
1.00000E-02	3.08989E+00	8.38036E+07
1.00000E-02	3.37079E+00	8.07576E+07
1.00000E-02	3.65169E+00	7.77241E+07
1.00000E-02	3.93258E+00	7.47587E+07
1.00000E-02	4.21348E+00	7.18637E+07
1.00000E-02	4.49438E+00	6.90690E+07
1.00000E-02	4.77528E+00	6.63570E+07
1.00000E-02	5.05618E+00	6.37412E+07
1.00000E-02	5.33708E+00	6.12127E+07
1.00000E-02	5.61798E+00	5.87780E+07
1.00000E-02	5.89888E+00	5.64347E+07
1.00000E-02	6.17978E+00	5.41819E+07
1.00000E-02	6.46067E+00	5.20275E+07
1.00000E-02	6.74157E+00	4.99711E+07
1.00000E-02	7.02247E+00	4.80159E+07
1.00000E-02	7.30337E+00	4.61578E+07
1.00000E-02	7.58427E+00	4.43981E+07
1.00000E-02	7.86517E+00	4.27316E+07
1.00000E-02	8.14607E+00	4.11561E+07
1.00000E-02	8.42697E+00	3.96655E+07
1.00000E-02	8.70787E+00	3.82564E+07
1.00000E-02	8.98876E+00	3.69251E+07
1.00000E-02	9.26966E+00	3.56656E+07
1.00000E-02	9.55056E+00	3.44755E+07
1.00000E-02	9.83146E+00	3.33497E+07
1.00000E-02	1.01124E+01	3.22837E+07
1.00000E-02	1.03933E+01	3.12737E+07
1.00000E-02	1.06742E+01	3.03171E+07
1.00000E-02	1.09551E+01	2.94063E+07
1.00000E-02	1.12360E+01	2.85464E+07
1.00000E-02	1.15169E+01	2.77271E+07
1.00000E-02	1.17978E+01	2.69469E+07
1.00000E-02	1.20787E+01	2.62045E+07
1.00000E-02	1.23596E+01	2.54984E+07
1.00000E-02	1.26404E+01	2.48218E+07
1.00000E-02	1.29213E+01	2.41775E+07
1.00000E-02	1.32022E+01	2.35630E+07
1.00000E-02	1.34831E+01	2.29746E+07
1.00000E-02	1.37640E+01	2.24110E+07
1.00000E-02	1.40449E+01	2.18722E+07
1.00000E-02	1.43258E+01	2.13548E+07
1.00000E-02	1.46067E+01	2.08589E+07
1.00000E-02	1.48876E+01	2.03819E+07
1.00000E-02	1.51685E+01	1.99248E+07
1.00000E-02	1.54494E+01	1.94860E+07
1.00000E-02	1.57303E+01	1.90634E+07
1.00000E-02	1.60112E+01	1.86560E+07
1.00000E-02	1.62921E+01	1.82648E+07
1.00000E-02	1.65730E+01	1.78874E+07
1.00000E-02	1.68539E+01	1.75228E+07
1.00000E-02	1.71348E+01	1.71723E+07
1.00000E-02	1.74157E+01	1.68333E+07
1.00000E-02	1.76966E+01	1.65059E+07
1.00000E-02	1.79775E+01	1.61899E+07
1.00000E-02	1.82584E+01	1.58857E+07
1.00000E-02	1.85393E+01	1.55897E+07
1.00000E-02	1.88202E+01	1.53034E+07
1.00000E-02	1.91011E+01	1.50266E+07
1.00000E-02	1.93820E+01	1.47581E+07
1.00000E-02	1.96629E+01	1.44992E+07
1.00000E-02	1.99438E+01	1.42473E+07
1.00000E-02	2.02247E+01	1.40037E+07
1.00000E-02	2.05056E+01	1.37668E+07
1.00000E-02	2.07865E+01	1.35377E+07
1.00000E-02	2.10674E+01	1.33133E+07
1.00000E-02	2.13483E+01	1.30977E+07
1.00000E-02	2.16292E+01	1.28866E+07
1.00000E-02	2.19101E+01	1.26818E+07
1.00000E-02	2.21910E+01	1.24835E+07
1.00000E-02	2.24719E+01	1.22902E+07
1.00000E-02	2.27528E+01	1.21014E+07
1.00000E-02	2.30337E+01	1.19188E+07
1.00000E-02	2.33146E+01	1.17405E+07
1.00000E-02	2.35955E+01	1.15665E+07
1.00000E-02	2.38764E+01	1.13975E+07
1.00000E-02	2.41573E+01	1.12332E+07
1.00000E-02	2.44382E+01	1.10725E+07
1.00000E-02	2.47191E+01	1.09164E+07
1.00000E-02	2.50000E+01	1.07634E+07
5.00000E-02	0.00000E+00	6.55332E+07
5.00000E-02	2.80899E-01	7.45755E+07
5.00000E-02	5.61798E-01	8.97705E+07
5.00000E-02	8.42697E-01	9.70114E+07
5.00000E-02	1.12360E+00	9.90531E+07
5.00000E-02	1.40449E+00	9.85435E+07
5.00000E-02	1.68539E+00	9.69691E+07
5.00000E-02	1.96629E+00	9.49011E+07
5.00000E-02	2.24719E+00	9.24423E+07
5.00000E-02	2.52809E+00	8.97204E+07
5.00000E-02	2.80899E+00	8.68129E+07
5.00000E-02	3.08989E+00	8.38034E+07
5.00000E-02	3.37079E+00	8.07574E+07
5.00000E-02	3.65169E+00	7.77239E+07
5.00000E-02	3.93258E+00	7.47586E+07
5.00000E-02	4.21348E+00	7.18636E+07
5.00000E-02	4.49438E+00	6.90686E+07
5.00000E-02	4.77528E+00	6.63568E+07
5.00000E-02	5.05618E+00	6.37411E+07
5.00000E-02	5.33708E+00	6.12126E+07
5.00000E-02	5.61798E+00	5.87780E+07
5.00000E-02	5.89888E+00	5.64346E+07
5.00000E-02	6.17978E+00	5.41817E+07
5.00000E-02	6.46067E+00	5.20275E+07
5.00000E-02	6.74157E+00	4.99708E+07
5.00000E-02	7.02247E+00	4.80159E+07
5.00000E-02	7.30337E+00	4.61578E+07
5.00000E-02	7.58427E+00	4.43981E+07
5.00000E-02	7.86517E+00	4.27316E+07
5.00000E-02	8.14607E+00	4.11555E+07
5.00000E-02	8.42697E+00	3.96652E+07
5.00000E-02	8.70787E+00	3.82566E+07
5.00000E-02	8.98876E+00	3.69251E+07
5.00000E-02	9.26966E+00	3.56654E+07
5.00000E-02	9.55056E+00	3.44754E+07
5.00000E-02	9.83146E+00	3.33493E+07
5.00000E-02	1.01124E+01	3.22833E+07
5.00000E-02	1.03933E+01	3.12738E+07
5.00000E-02	1.06742E+01	3.03166E+07
5.00000E-02	1.09551E+01	2.94071E+07
5.00000E-02	1.12360E+01	2.85459E+07
5.00000E-02	1.15169E+01	2.77267E+07
5.00000E-02	1.17978E+01	2.69469E+07
5.00000E-02	1.20787E+01	2.62043E+07
5.00000E-02	1.23596E+01	2.54977E+07
5.00000E-02	1.26404E+01	2.48224E+07
5.00000E-02	1.29213E+01	2.41777E+07
5.00000E-02	1.32022E+01	2.35630E+07
5.00000E-02	1.34831E+01	2.29748E+07
5.00000E-02	1.37640E+01	2.24114E+07
5.00000E-02	1.40449E+01	2.18718E+07
5.00000E-02	1.43258E+01	2.13550E+07
5.00000E-02	1.46067E+01	2.08586E+07
5.00000E-02	1.48876E+01	2.03820E+07
5.00000E-02	1.51685E+01	1.99249E+07
5.00000E-02	1.54494E+01	1.94858E+07
5.00000E-02	1.57303E+01	1.90631E+07
5.00000E-02	1.60112E+01	1.86563E+07
5.00000E-02	1.62921E+01	1.82649E+07
5.00000E-02	1.65730E+01	1.78871E+07
5.00000E-02	1.68539E+01	1.75229E+07
5.00000E-02	1.71348E+01	1.71719E+07
5.00000E-02	1.74157E+01	1.68333E+07
5.00000E-02	1.76966E+01	1.65060E+07
5.00000E-02	1.79775E+01	1.61899E+07
5.00000E-02	1.82584E+01	1.58849E+07
5.00000E-02	1.85393E+01	1.55897E+07
5.00000E-02	1.88202E+01	1.53035E+07
5.00000E-02	1.91011E+01	1.50266E+07
5.00000E-02	1.93820E+01	1.47589E+07
5.00000E-02	1.96629E+01	1.44991E+07
5.00000E-02	1.99438E+01	1.42473E+07
5.00000E-02	2.02247E+01	1.40034E+07
5.00000E-02	2.05056E+01	1.37669E+07
5.00000E-02	2.07865E+01	1.35371E+07
5.00000E-02	2.10674E+01	1.33139E+07
5.00000E-02	2.13483E+01	1.30974E+07
5.00000E-02	2.16292E+01	1.28869E+07
5.00000E-02	2.19101E+01	1.26821E+07
5.00000E-02	2.21910E+01	1.24833E+07
5.00000E-02	2.24719E+01	1.22900E+07
5.00000E-02	2.27528E+01	1.21017E+07
5.00000E-02	2.30337E+01	1.19185E+07
5.00000E-02	2.33146E+01	1.17404E+07
5.00000E-02	2.35955E+01	1.15669E+07
5.00000E-02	2.38764E+01	1.13977E+07
5.00000E-02	2.41573E+01	1.12330E+07
5.00000E-02	2.44382E+01	1.10725E+07
5.00000E-02	2.47191E+01	1.09161E+07
5.00000E-02	2.50000E+01	1.07634E+07
1.00000E-01	0.00000E+00	6.41478E+07
1.00000E-01	2.80899E-01	7.46556E+07
1.00000E-01	5.61798E-01	8.97902E+07
1.00000E-01	8.42697E-01	9.70157E+07
1.00000E-01	1.12360E+00	9.90537E+07
1.00000E-01	1.40449E+00	9.85438E+07
1.00000E-01	1.68539E+00	9.69692E+07
1.00000E-01	1.96629E+00	9.49007E+07
1.00000E-01	2.24719E+00	9.24418E+07
1.00000E-01	2.52809E+00	8.97198E+07
1.00000E-01	2.80899E+00	8.68123E+07
1.00000E-01	3.08989E+00	8.38029E+07
1.00000E-01	3.37079E+00	8.07569E+07
1.00000E-01	3.65169E+00	7.77235E+07
1.00000E-01	3.93258E+00	7.47582E+07
1.00000E-01	4.21348E+00	7.18633E+07
1.00000E-01	4.49438E+00	6.90683E+07
1.00000E-01	4.77528E+00	6.63566E+07
1.00000E-01	5.05618E+00	6.37409E+07
1.00000E-01	5.33708E+00	6.12124E+07
1.00000E-01	5.61798E+00	5.87778E+07
1.00000E-01	5.89888E+00	5.64344E+07
1.00000E-01	6.17978E+00	5.41815E+07
1.00000E-01	6.46067E+00	5.20273E+07
1.00000E-01	6.74157E+00	4.99707E+07
1.00000E-01	7.02247E+00	4.80158E+07
1.00000E-01	7.30337E+00	4.61577E+07
1.00000E-01	7.58427E+00	4.43980E+07
1.00000E-01	7.86517E+00	4.27315E+07
1.00000E-01	8.14607E+00	4.11555E+07
1.00000E-01	8.42697E+00	3.96652E+07
1.00000E-01	8.70787E+00	3.82565E+07
1.00000E-01	8.98876E+00	3.69251E+07
1.00000E-01	9.26966E+00	3.56654E+07
1.00000E-01	9.55056E+00	3.44754E+07
1.00000E-01	9.83146E+00	3.33493E+07
1.00000E-01	1.01124E+01	3.22833E+07
1.00000E-01	1.03933E+01	3.12737E+07
1.00000E-01	1.06742E+01	3.03166E+07
1.00000E-01	1.09551E+01	2.94071E+07
1.00000E-01	1.12360E+01	2.85458E+07
1.00000E-01	1.15169E+01	2.77267E+07
1.00000E-01	1.17978E+01	2.69469E+07
1.00000E-01	1.20787E+01	2.62043E+07
1.00000E-01	1.23596E+01	2.54977E+07
1.00000E-01	1.26404E+01	2.48224E+07
1.00000E-01	1.29213E+01	2.41777E+07
1.00000E-01	1.32022E+01	2.35629E+07
1.00000E-01	1.34831E+01	2.29748E+07
1.00000E-01	1.37640E+01	2.24114E+07
1.00000E-01	1.40449E+01	2.18718E+07
1.00000E-01	1.43258E+01	2.13550E+07
1.00000E-01	1.46067E+01	2.08586E+07
1.00000E-01	1.48876E+01	2.03820E+07
1.00000E-01	1.51685E+01	1.99249E+07
1.00000E-01	1.54494E+01	1.94858E+07
1.00000E-01	1.57303E+01	1.90631E+07
1.00000E-01	1.60112E+01	1.86563E+07
1.00000E-01	1.62921E+01	1.82649E+07
1.00000E-01	1.65730E+01	1.78871E+07
1.00000E-01	1.68539E+01	1.75229E+07
1.00000E-01	1.71348E+01	1.71718E+07
1.00000E-01	1.74157E+01	1.68333E+07
1.00000E-01	1.76966E+01	1.65060E+07
1.00000E-01	1.79775E+01	1.61899E+07
1.00000E-01	1.82584E+01	1.58848E+07
1.00000E-01	1.85393E+01	1.55897E+07
1.00000E-01	1.88202E+01	1.53035E+07
1.00000E-01	1.91011E+01	1.50266E+07
1.00000E-01	1.93820E+01	1.47589E+07
1.00000E-01	1.96629E+01	1.44991E+07
1.00000E-01	1.99438E+01	1.42472E+07
1.00000E-01	2.02247E+01	1.40034E+07
1.00000E-01	2.05056E+01	1.37669E+07
1.00000E-01	2.07865E+01	1.35370E+07
1.00000E-01	2.10674E+01	1.33139E+07
1.00000E-01	2.13483E+01	1.30974E+07
1.00000E-01	2.16292E+01	1.28869E+07
1.00000E-01	2.19101E+01	1.26822E+07
1.00000E-01	2.21910E+01	1.24833E+07
1.00000E-01	2.24719E+01	1.22900E+07
1.00000E-01	2.27528E+01	1.21017E+07
1.00000E-01	2.30337E+01	1.19185E+07
1.00000E-01	2.33146E+01	1.17404E+07
1.00000E-01	2.35955E+01	1.15669E+07
1.00000E-01	2.38764E+01	1.13977E+07
1.00000E-01	2.41573E+01	1.12330E+07
1.00000E-01	2.44382E+01	1.10725E+07
1.00000E-01	2.47191E+01	1.09161E+07
1.00000E-01	2.50000E+01	1.07634E+07
2.00000E-01	0.00000E+00	6.33956E+07
2.00000E-01	2.80899E-01	7.48848E+07
2.00000E-01	5.61798E-01	8.98527E+07
2.00000E-01	8.42697E-01	9.70267E+07
2.00000E-01	1.12360E+00	9.90535E+07
2.00000E-01	1.40449E+00	9.85437E+07
2.00000E-01	1.68539E+00	9.69685E+07
2.00000E-01	1.96629E+00	9.48984E+07
2.00000E-01	2.24719E+00	9.24393E+07
2.00000E-01	2.52809E+00	8.97170E+07
2.00000E-01	2.80899E+00	8.68097E+07
2.00000E-01	3.08989E+00	8.38006E+07
2.00000E-01	3.37079E+00	8.07547E+07
2.00000E-01	3.65169E+00	7.77218E+07
2.00000E-01	3.93258E+00	7.47564E+07
2.00000E-01	4.21348E+00	7.18619E+07
2.00000E-01	4.49438E+00	6.90669E+07
2.00000E-01	4.77528E+00	6.63555E+07
2.00000E-01	5.05618E+00	6.37398E+07
2.00000E-01	5.33708E+00	6.12115E+07
2.00000E-01	5.61798E+00	5.87769E+07
2.00000E-01	5.89888E+00	5.64336E+07
2.00000E-01	6.17978E+00	5.41809E+07
2.00000E-01	6.46067E+00	5.20267E+07
2.00000E-01	6.74157E+00	4.99703E+07
2.00000E-01	7.02247E+00	4.80153E+07
2.00000E-01	7.30337E+00	4.61574E+07
2.00000E-01	7.58427E+00	4.43977E+07
2.00000E-01	7.86517E+00	4.27313E+07
2.00000E-01	8.14607E+00	4.11553E+07
2.00000E-01	8.42697E+00	3.96650E+07
2.00000E-01	8.70787E+00	3.82564E+07
2.00000E-01	8.98876E+00	3.69249E+07
2.00000E-01	9.26966E+00	3.56653E+07
2.00000E-01	9.55056E+00	3.44753E+07
2.00000E-01	9.83146E+00	3.33492E+07
2.00000E-01	1.01124E+01	3.22833E+07
2.00000E-01	1.03933E+01	3.12737E+07
2.00000E-01	1.06742E+01	3.03165E+07
2.00000E-01	1.09551E+01	2.94071E+07
2.00000E-01	1.12360E+01	2.85458E+07
2.00000E-01	1.15169E+01	2.77267E+07
2.00000E-01	1.17978E+01	2.69468E+07
2.00000E-01	1.20787E+01	2.62043E+07
2.00000E-01	1.23596E+01	2.54977E+07
2.00000E-01	1.26404E+01	2.48224E+07
2.00000E-01	1.29213E+01	2.41777E+07
2.00000E-01	1.32022E+01	2.35629E+07
2.00000E-01	1.34831E+01	2.29748E+07
2.00000E-01	1.37640E+01	2.24113E+07
2.00000E-01	1.40449E+01	2.18718E+07
2.00000E-01	1.43258E+01	2.13550E+07
2.00000E-01	1.46067E+01	2.08586E+07
2.00000E-01	1.48876E+01	2.03820E+07
2.00000E-01	1.51685E+01	1.99249E+07
2.00000E-01	1.54494E+01	1.94858E+07
2.00000E-01	1.57303E+01	1.90631E+07
2.00000E-01	1.60112E+01	1.86563E+07
2.00000E-01	1.62921E+01	1.82648E+07
2.00000E-01	1.65730E+01	1.78871E+07
2.00000E-01	1.68539E+01	1.75229E+07
2.00000E-01	1.71348E+01	1.71718E+07
2.00000E-01	1.74157E+01	1.68333E+07
2.00000E-01	1.76966E+01	1.65060E+07
2.00000E-01	1.79775E+01	1.61899E+07
2.00000E-01	1.82584E+01	1.58848E+07
2.00000E-01	1.85393E+01	1.55897E+07
2.00000E-01	1.88202E+01	1.53035E+07
2.00000E-01	1.91011E+01	1.50266E+07
2.00000E-01	1.93820E+01	1.47589E+07
2.00000E-01	1.96629E+01	1.44991E+07
2.00000E-01	1.99438E+01	1.42472E+07
2.00000E-01	2.02247E+01	1.40033E+07
2.00000E-01	2.05056E+01	1.37669E+07
2.00000E-01	2.07865E+01	1.35370E+07
2.00000E-01	2.10674E+01	1.33139E+07
2.00000E-01	2.13483E+01	1.30974E+07
2.00000E-01	2.16292E+01	1.28869E+07
2.00000E-01	2.19101E+01	1.26822E+07
2.00000E-01	2.21910E+01	1.24833E+07
2.00000E-01	2.24719E+01	1.22900E+07
2.00000E-01	2.27528E+01	1.21017E+07
2.00000E-01	2.30337E+01	1.19185E+07
2.00000E-01	2.33146E+01	1.17404E+07
2.00000E-01	2.35955E+01	1.15669E+07
2.00000E-01	2.38764E+01	1.13977E+07
2.00000E-01	2.41573E+01	1.12330E+07
2.00000E-01	2.44382E+01	1.10725E+07
2.00000E-01	2.47191E+01	1.09161E+07
2.00000E-01	2.50000E+01	1.07634E+07
2.50000E-01	0.00000E+00	6.34587E+07
2.50000E-01	2.80899E-01	7.50009E+07
2.50000E-01	5.61798E-01	8.98900E+07
2.50000E-01	8.42697E-01	9.70317E+07
2.50000E-01	1.12360E+00	9.90518E+07
2.50000E-01	1.40449E+00	9.85426E+07
2.50000E-01	1.68539E+00	9.69673E+07
2.50000E-01	1.96629E+00	9.48963E+07
2.50000E-01	2.24719E+00	9.24372E+07
2.50000E-01	2.52809E+00	8.97148E+07
2.50000E-01	2.80899E+00	8.68076E+07
2.50000E-01	3.08989E+00	8.37988E+07
2.50000E-01	3.37079E+00	8.07530E+07
2.50000E-01	3.65169E+00	7.77204E+07
2.50000E-01	3.93258E+00	7.47551E+07
2.50000E-01	4.21348E+00	7.18608E+07
2.50000E-01	4.49438E+00	6.90658E+07
2.50000E-01	4.77528E+00	6.63547E+07
2.50000E-01	5.05618E+00	6.37390E+07
2.50000E-01	5.33708E+00	6.12108E+07
2.50000E-01	5.61798E+00	5.87763E+07
2.50000E-01	5.89888E+00	5.64330E+07
2.50000E-01	6.17978E+00	5.41804E+07
2.50000E-01	6.46067E+00	5.20263E+07
2.50000E-01	6.74157E+00	4.99699E+07
2.50000E-01	7.02247E+00	4.80150E+07
2.50000E-01	7.30337E+00	4.61571E+07
2.50000E-01	7.58427E+00	4.43975E+07
2.50000E-01	7.86517E+00	4.27311E+07
2.50000E-01	8.14607E+00	4.11551E+07
2.50000E-01	8.42697E+00	3.96648E+07
2.50000E-01	8.70787E+00	3.82563E+07
2.50000E-01	8.98876E+00	3.69248E+07
2.50000E-01	9.26966E+00	3.56652E+07
2.50000E-01	9.55056E+00	3.44752E+07
2.50000E-01	9.83146E+00	3.33492E+07
2.50000E-01	1.01124E+01	3.22832E+07
2.50000E-01	1.03933E+01	3.12736E+07
2.50000E-01	1.06742E+01	3.03164E+07
2.50000E-01	1.09551E+01	2.94070E+07
2.50000E-01	1.12360E+01	2.85457E+07
2.50000E-01	1.15169E+01	2.77266E+07
2.50000E-01	1.17978E+01	2.69468E+07
2.50000E-01	1.20787E+01	2.62042E+07
2.50000E-01	1.23596E+01	2.54977E+07
2.50000E-01	1.26404E+01	2.48223E+07
2.50000E-01	1.29213E+01	2.41777E+07
2.50000E-01	1.32022E+01	2.35629E+07
2.50000E-01	1.34831E+01	2.29748E+07
2.50000E-01	1.37640E+01	2.24113E+07
2.50000E-01	1.40449E+01	2.18717E+07
2.50000E-01	1.43258E+01	2.13550E+07
2.50000E-01	1.46067E+01	2.08586E+07
2.50000E-01	1.48876E+01	2.03820E+07
2.50000E-01	1.51685E+01	1.99249E+07
2.50000E-01	1.54494E+01	1.94858E+07
2.50000E-01	1.57303E+01	1.90631E+07
2.50000E-01	1.60112E+01	1.86563E+07
2.50000E-01	1.62921E+01	1.82648E+07
2.50000E-01	1.65730E+01	1.78871E+07
2.50000E-01	1.68539E+01	1.75229E+07
2.50000E-01	1.71348E+01	1.71718E+07
2.50000E-01	1.74157E+01	1.68333E+07
2.50000E-01	1.76966E+01	1.65060E+07
2.50000E-01	1.79775E+01	1.61899E+07
2.50000E-01	1.82584E+01	1.58848E+07
2.50000E-01	1.85393E+01	1.55897E+07
2.50000E-01	1.88202E+01	1.53035E+07
2.50000E-01	1.91011E+01	1.50266E+07
2.50000E-01	1.93820E+01	1.47589E+07
2.50000E-01	1.96629E+01	1.44991E+07
2.50000E-01	1.99438E+01	1.42472E+07
2.50000E-01	2.02247E+01	1.40033E+07
2.50000E-01	2.05056E+01	1.37669E+07
2.50000E-01	2.07865E+01	1.35370E+07
2.50000E-01	2.10674E+01	1.33139E+07
2.50000E-01	2.13483E+01	1.30974E+07
2.50000E-01	2.16292E+01	1.28869E+07
2.50000E-01	2.19101E+01	1.26822E+07
2.50000E-01	2.21910E+01	1.24833E+07
2.50000E-01	2.24719E+01	1.22900E+07
2.50000E-01	2.27528E+01	1.21017E+07
2.50000E-01	2.30337E+01	1.19185E+07
2.50000E-01	2.33146E+01	1.17404E+07
2.50000E-01	2.35955E+01	1.15669E+07
2.50000E-01	2.38764E+01	1.13977E+07
2.50000E-01	2.41573E+01	1.12329E+07
2.50000E-01	2.44382E+01	1.10725E+07
2.50000E-01	2.47191E+01	1.09161E+07
2.50000E-01	2.50000E+01	1.07634E+07
3.00000E-01	0.00000E+00	6.36884E+07
3.00000E-01	2.80899E-01	7.51145E+07
3.00000E-01	5.61798E-01	8.99276E+07
3.00000E-01	8.42697E-01	9.70352E+07
3.00000E-01	1.12360E+00	9.90487E+07
3.00000E-01	1.40449E+00	9.85406E+07
3.00000E-01	1.68539E+00	9.69654E+07
3.00000E-01	1.96629E+00	9.48934E+07
3.00000E-01	2.24719E+00	9.24343E+07
3.00000E-01	2.52809E+00	8.97119E+07
3.00000E-01	2.80899E+00	8.68049E+07
3.00000E-01	3.08989E+00	8.37964E+07
3.00000E-01	3.37079E+00	8.07509E+07
3.00000E-01	3.65169E+00	7.77186E+07
3.00000E-01	3.93258E+00	7.47534E+07
3.00000E-01	4.21348E+00	7.18595E+07
3.00000E-01	4.49438E+00	6.90645E+07
3.00000E-01	4.77528E+00	6.63536E+07
3.00000E-01	5.05618E+00	6.37379E+07
3.00000E-01	5.33708E+00	6.12099E+07
3.00000E-01	5.61798E+00	5.87755E+07
3.00000E-01	5.89888E+00	5.64323E+07
3.00000E-01	6.17978E+00	5.41798E+07
3.00000E-01	6.46067E+00	5.20258E+07
3.00000E-01	6.74157E+00	4.99695E+07
3.00000E-01	7.02247E+00	4.80146E+07
3.00000E-01	7.30337E+00	4.61568E+07
3.00000E-01	7.58427E+00	4.43972E+07
3.00000E-01	7.86517E+00	4.27309E+07
3.00000E-01	8.14607E+00	4.11549E+07
3.00000E-01	8.42697E+00	3.96647E+07
3.00000E-01	8.70787E+00	3.82561E+07
3.00000E-01	8.98876E+00	3.69247E+07
3.00000E-01	9.26966E+00	3.56651E+07
3.00000E-01	9.55056E+00	3.44751E+07
3.00000E-01	9.83146E+00	3.33491E+07
3.00000E-01	1.01124E+01	3.22831E+07
3.00000E-01	1.03933E+01	3.12736E+07
3.00000E-01	1.06742E+01	3.03164E+07
3.00000E-01	1.09551E+01	2.94070E+07
3.00000E-01	1.12360E+01	2.85457E+07
3.00000E-01	1.15169E+01	2.77266E+07
3.00000E-01	1.17978E+01	2.69468E+07
3.00000E-01	1.20787E+01	2.62042E+07
3.00000E-01	1.23596E+01	2.54976E+07
3.00000E-01	1.26404E+01	2.48223E+07
3.00000E-01	1.29213E+01	2.41776E+07
3.00000E-01	1.32022E+01	2.35629E+07
3.00000E-01	1.34831E+01	2.29747E+07
3.00000E-01	1.37640E+01	2.24113E+07
3.00000E-01	1.40449E+01	2.18717E+07
3.00000E-01	1.43258E+01	2.13550E+07
3.00000E-01	1.46067E+01	2.08586E+07
3.00000E-01	1.48876E+01	2.03820E+07
3.00000E-01	1.51685E+01	1.99249E+07
3.00000E-01	1.54494E+01	1.94858E+07
3.00000E-01	1.57303E+01	1.90631E+07
3.00000E-01	1.60112E+01	1.86563E+07
3.00000E-01	1.62921E+01	1.82648E+07
3.00000E-01	1.65730E+01	1.78871E+07
3.00000E-01	1.68539E+01	1.75229E+07
3.00000E-01	1.71348E+01	1.71718E+07
3.00000E-01	1.74157E+01	1.68333E+07
3.00000E-01	1.76966E+01	1.65060E+07
3.00000E-01	1.79775E+01	1.61898E+07
3.00000E-01	1.82584E+01	1.58848E+07
3.00000E-01	1.85393E+01	1.55897E+07
3.00000E-01	1.88202E+01	1.53035E+07
3.00000E-01	1.91011E+01	1.50266E+07
3.00000E-01	1.93820E+01	1.47589E+07
3.00000E-01	1.96629E+01	1.44991E+07
3.00000E-01	1.99438E+01	1.42472E+07
3.00000E-01	2.02247E+01	1.40033E+07
3.00000E-01	2.05056E+01	1.37669E+07
3.00000E-01	2.07865E+01	1.35370E+07
3.00000E-01	2.10674E+01	1.33139E+07
3.00000E-01	2.13483E+01	1.30974E+07
3.00000E-01	2.16292E+01	1.28869E+07
3.00000E-01	2.19101E+01	1.26822E+07
3.00000E-01	2.21910E+01	1.24833E+07
3.00000E-01	2.24719E+01	1.22900E+07
3.00000E-01	2.27528E+01	1.21017E+07
3.00000E-01	2.30337E+01	1.19185E+07
3.00000E-01	2.33146E+01	1.17404E+07
3.00000E-01	2.35955E+01	1.15669E+07
3.00000E-01	2.38764E+01	1.13977E+07
3.00000E-01	2.41573E+01	1.12329E+07
3.00000E-01	2.44382E+01	1.10725E+07
3.00000E-01	2.47191E+01	1.09161E+07
3.00000E-01	2.50000E+01	1.07634E+07
4.00000E-01	0.00000E+00	6.44841E+07
4.00000E-01	2.80899E-01	7.54446E+07
4.00000E-01	5.61798E-01	8.99930E+07
4.00000E-01	8.42697E-01	9.70347E+07
4.00000E-01	1.12360E+00	9.90369E+07
4.00000E-01	1.40449E+00	9.85329E+07
4.00000E-01	1.68539E+00	9.69590E+07
4.00000E-01	1.96629E+00	9.48851E+07
4.00000E-01	2.24719E+00	9.24265E+07
4.00000E-01	2.52809E+00	8.97041E+07
4.00000E-01	2.80899E+00	8.67978E+07
4.00000E-01	3.08989E+00	8.37901E+07
4.00000E-01	3.37079E+00	8.07452E+07
4.00000E-01	3.65169E+00	7.77141E+07
4.00000E-01	3.93258E+00	7.47491E+07
4.00000E-01	4.21348E+00	7.18560E+07
4.00000E-01	4.49438E+00	6.90610E+07
4.00000E-01	4.77528E+00	6.63508E+07
4.00000E-01	5.05618E+00	6.37352E+07
4.00000E-01	5.33708E+00	6.12076E+07
4.00000E-01	5.61798E+00	5.87734E+07
4.00000E-01	5.89888E+00	5.64304E+07
4.00000E-01	6.17978E+00	5.41782E+07
4.00000E-01	6.46067E+00	5.20243E+07
4.00000E-01	6.74157E+00	4.99684E+07
4.00000E-01	7.02247E+00	4.80136E+07
4.00000E-01	7.30337E+00	4.61561E+07
4.00000E-01	7.58427E+00	4.43965E+07
4.00000E-01	7.86517E+00	4.27303E+07
4.00000E-01	8.14607E+00	4.11544E+07
4.00000E-01	8.42697E+00	3.96642E+07
4.00000E-01	8.70787E+00	3.82557E+07
4.00000E-01	8.98876E+00	3.69243E+07
4.00000E-01	9.26966E+00	3.56649E+07
4.00000E-01	9.55056E+00	3.44749E+07
4.00000E-01	9.83146E+00	3.33489E+07
4.00000E-01	1.01124E+01	3.22830E+07
4.00000E-01	1.03933E+01	3.12734E+07
4.00000E-01	1.06742E+01	3.03162E+07
4.00000E-01	1.09551E+01	2.94069E+07
4.00000E-01	1.12360E+01	2.85456E+07
4.00000E-01	1.15169E+01	2.77265E+07
4.00000E-01	1.17978E+01	2.69467E+07
4.00000E-01	1.20787E+01	2.62042E+07
4.00000E-01	1.23596E+01	2.54975E+07
4.00000E-01	1.26404E+01	2.48222E+07
4.00000E-01	1.29213E+01	2.41776E+07
4.00000E-01	1.32022E+01	2.35628E+07
4.00000E-01	1.34831E+01	2.29747E+07
4.00000E-01	1.37640E+01	2.24113E+07
4.00000E-01	1.40449E+01	2.18717E+07
4.00000E-01	1.43258E+01	2.13549E+07
4.00000E-01	1.46067E+01	2.08585E+07
4.00000E-01	1.48876E+01	2.03819E+07
4.00000E-01	1.51685E+01	1.99248E+07
4.00000E-01	1.54494E+01	1.94858E+07
4.00000E-01	1.57303E+01	1.90630E+07
4.00000E-01	1.60112E+01	1.86562E+07
4.00000E-01	1.62921E+01	1.82648E+07
4.00000E-01	1.65730E+01	1.78871E+07
4.00000E-01	1.68539E+01	1.75228E+07
4.00000E-01	1.71348E+01	1.71718E+07
4.00000E-01	1.74157E+01	1.68333E+07
4.00000E-01	1.76966E+01	1.65059E+07
4.00000E-01	1.79775E+01	1.61898E+07
4.00000E-01	1.82584E+01	1.58848E+07
4.00000E-01	1.85393E+01	1.55897E+07
4.00000E-01	1.88202E+01	1.53035E+07
4.00000E-01	1.91011E+01	1.50266E+07
4.00000E-01	1.93820E+01	1.47588E+07
4.00000E-01	1.96629E+01	1.44991E+07
4.00000E-01	1.99438E+01	1.42472E+07
4.00000E-01	2.02247E+01	1.40033E+07
4.00000E-01	2.05056E+01	1.37668E+07
4.00000E-01	2.07865E+01	1.35370E+07
4.00000E-01	2.10674E+01	1.33139E+07
4.00000E-01	2.13483E+01	1.30974E+07
4.00000E-01	2.16292E+01	1.28869E+07
4.00000E-01	2.19101E+01	1.26822E+07
4.00000E-01	2.21910E+01	1.24832E+07
4.00000E-01	2.24719E+01	1.22900E+07
4.00000E-01	2.27528E+01	1.21017E+07
4.00000E-01	2.30337E+01	1.19185E+07
4.00000E-01	2.33146E+01	1.17404E+07
4.00000E-01	2.35955E+01	1.15669E+07
4.00000E-01	2.38764E+01	1.13977E+07
4.00000E-01	2.41573E+01	1.12329E+07
4.00000E-01	2.44382E+01	1.10725E+07
4.00000E-01	2.47191E+01	1.09161E+07
4.00000E-01	2.50000E+01	1.07634E+07
5.00000E-01	0.00000E+00	6.55683E+07
5.00000E-01	2.80899E-01	7.60984E+07
5.00000E-01	5.61798E-01	9.00319E+07
5.00000E-01	8.42697E-01	9.70190E+07
5.00000E-01	1.12360E+00	9.90154E+07
5.00000E-01	1.40449E+00	9.85191E+07
5.00000E-01	1.68539E+00	9.69483E+07
5.00000E-01	1.96629E+00	9.48730E+07
5.00000E-01	2.24719E+00	9.24153E+07
5.00000E-01	2.52809E+00	8.96934E+07
5.00000E-01	2.80899E+00	8.67882E+07
5.00000E-01	3.08989E+00	8.37817E+07
5.00000E-01	3.37079E+00	8.07377E+07
5.00000E-01	3.65169E+00	7.77079E+07
5.00000E-01	3.93258E+00	7.47433E+07
5.00000E-01	4.21348E+00	7.18514E+07
5.00000E-01	4.49438E+00	6.90565E+07
5.00000E-01	4.77528E+00	6.63470E+07
5.00000E-01	5.05618E+00	6.37317E+07
5.00000E-01	5.33708E+00	6.12046E+07
5.00000E-01	5.61798E+00	5.87706E+07
5.00000E-01	5.89888E+00	5.64279E+07
5.00000E-01	6.17978E+00	5.41761E+07
5.00000E-01	6.46067E+00	5.20225E+07
5.00000E-01	6.74157E+00	4.99669E+07
5.00000E-01	7.02247E+00	4.80123E+07
5.00000E-01	7.30337E+00	4.61550E+07
5.00000E-01	7.58427E+00	4.43956E+07
5.00000E-01	7.86517E+00	4.27295E+07
5.00000E-01	8.14607E+00	4.11537E+07
5.00000E-01	8.42697E+00	3.96637E+07
5.00000E-01	8.70787E+00	3.82553E+07
5.00000E-01	8.98876E+00	3.69239E+07
5.00000E-01	9.26966E+00	3.56646E+07
5.00000E-01	9.55056E+00	3.44746E+07
5.00000E-01	9.83146E+00	3.33486E+07
5.00000E-01	1.01124E+01	3.22827E+07
5.00000E-01	1.03933E+01	3.12732E+07
5.00000E-01	1.06742E+01	3.03160E+07
5.00000E-01	1.09551E+01	2.94068E+07
5.00000E-01	1.12360E+01	2.85454E+07
5.00000E-01	1.15169E+01	2.77264E+07
5.00000E-01	1.17978E+01	2.69465E+07
5.00000E-01	1.20787E+01	2.62041E+07
5.00000E-01	1.23596E+01	2.54974E+07
5.00000E-01	1.26404E+01	2.48221E+07
5.00000E-01	1.29213E+01	2.41775E+07
5.00000E-01	1.32022E+01	2.35627E+07
5.00000E-01	1.34831E+01	2.29746E+07
5.00000E-01	1.37640E+01	2.24112E+07
5.00000E-01	1.40449E+01	2.18716E+07
5.00000E-01	1.43258E+01	2.13548E+07
5.00000E-01	1.46067E+01	2.08585E+07
5.00000E-01	1.48876E+01	2.03819E+07
5.00000E-01	1.51685E+01	1.99248E+07
5.00000E-01	1.54494E+01	1.94857E+07
5.00000E-01	1.57303E+01	1.90630E+07
5.00000E-01	1.60112E+01	1.86562E+07
5.00000E-01	1.62921E+01	1.82647E+07
5.00000E-01	1.65730E+01	1.78870E+07
5.00000E-01	1.68539E+01	1.75228E+07
5.00000E-01	1.71348E+01	1.71718E+07
5.00000E-01	1.74157E+01	1.68332E+07
5.00000E-01	1.76966E+01	1.65059E+07
5.00000E-01	1.79775E+01	1.61898E+07
5.00000E-01	1.82584E+01	1.58848E+07
5.00000E-01	1.85393E+01	1.55896E+07
5.00000E-01	1.88202E+01	1.53035E+07
5.00000E-01	1.91011E+01	1.50266E+07
5.00000E-01	1.93820E+01	1.47588E+07
5.00000E-01	1.96629E+01	1.44991E+07
5.00000E-01	1.99438E+01	1.42472E+07
5.00000E-01	2.02247E+01	1.40033E+07
5.00000E-01	2.05056E+01	1.37668E+07
5.00000E-01	2.07865E+01	1.35370E+07
5.00000E-01	2.10674E+01	1.33139E+07
5.00000E-01	2.13483E+01	1.30974E+07
5.00000E-01	2.16292E+01	1.28869E+07
5.00000E-01	2.19101E+01	1.26821E+07
5.00000E-01	2.21910E+01	1.24832E+07
5.00000E-01	2.24719E+01	1.22900E+07
5.00000E-01	2.27528E+01	1.21017E+07
5.00000E-01	2.30337E+01	1.19185E+07
5.00000E-01	2.33146E+01	1.17404E+07
5.00000E-01	2.35955E+01	1.15669E+07
5.00000E-01	2.38764E+01	1.13977E+07
5.00000E-01	2.41573E+01	1.12329E+07
5.00000E-01	2.44382E+01	1.10725E+07
5.00000E-01	2.47191E+01	1.09161E+07
5.00000E-01	2.50000E+01	1.07634E+07
6.00000E-01	0.00000E+00	6.68218E+07
6.00000E-01	2.80899E-01	7.70649E+07
6.00000E-01	5.61798E-01	9.00471E+07
6.00000E-01	8.42697E-01	9.69821E+07
6.00000E-01	1.12360E+00	9.89818E+07
6.00000E-01	1.40449E+00	9.84977E+07
6.00000E-01	1.68539E+00	9.69325E+07
6.00000E-01	1.96629E+00	9.48567E+07
6.00000E-01	2.24719E+00	9.24005E+07
6.00000E-01	2.52809E+00	8.96795E+07
6.00000E-01	2.80899E+00	8.67758E+07
6.00000E-01	3.08989E+00	8.37708E+07
6.00000E-01	3.37079E+00	8.07282E+07
6.00000E-01	3.65169E+00	7.77001E+07
6.00000E-01	3.93258E+00	7.47362E+07
6.00000E-01	4.21348E+00	7.18455E+07
6.00000E-01	4.49438E+00	6.90509E+07
6.00000E-01	4.77528E+00	6.63423E+07
6.00000E-01	5.05618E+00	6.37272E+07
6.00000E-01	5.33708E+00	6.12008E+07
6.00000E-01	5.61798E+00	5.87671E+07
6.00000E-01	5.89888E+00	5.64248E+07
6.00000E-01	6.17978E+00	5.41736E+07
6.00000E-01	6.46067E+00	5.20202E+07
6.00000E-01	6.74157E+00	4.99651E+07
6.00000E-01	7.02247E+00	4.80106E+07
6.00000E-01	7.30337E+00	4.61537E+07
6.00000E-01	7.58427E+00	4.43944E+07
6.00000E-01	7.86517E+00	4.27286E+07
6.00000E-01	8.14607E+00	4.11529E+07
6.00000E-01	8.42697E+00	3.96629E+07
6.00000E-01	8.70787E+00	3.82546E+07
6.00000E-01	8.98876E+00	3.69233E+07
6.00000E-01	9.26966E+00	3.56641E+07
6.00000E-01	9.55056E+00	3.44742E+07
6.00000E-01	9.83146E+00	3.33483E+07
6.00000E-01	1.01124E+01	3.22824E+07
6.00000E-01	1.03933E+01	3.12730E+07
6.00000E-01	1.06742E+01	3.03157E+07
6.00000E-01	1.09551E+01	2.94066E+07
6.00000E-01	1.12360E+01	2.85452E+07
6.00000E-01	1.15169E+01	2.77262E+07
6.00000E-01	1.17978E+01	2.69464E+07
6.00000E-01	1.20787E+01	2.62040E+07
6.00000E-01	1.23596E+01	2.54973E+07
6.00000E-01	1.26404E+01	2.48220E+07
6.00000E-01	1.29213E+01	2.41774E+07
6.00000E-01	1.32022E+01	2.35626E+07
6.00000E-01	1.34831E+01	2.29745E+07
6.00000E-01	1.37640E+01	2.24111E+07
6.00000E-01	1.40449E+01	2.18716E+07
6.00000E-01	1.43258E+01	2.13547E+07
6.00000E-01	1.46067E+01	2.08584E+07
6.00000E-01	1.48876E+01	2.03819E+07
6.00000E-01	1.51685E+01	1.99247E+07
6.00000E-01	1.54494E+01	1.94857E+07
6.00000E-01	1.57303E+01	1.90629E+07
6.00000E-01	1.60112E+01	1.86562E+07
6.00000E-01	1.62921E+01	1.82647E+07
6.00000E-01	1.65730E+01	1.78870E+07
6.00000E-01	1.68539E+01	1.75228E+07
6.00000E-01	1.71348E+01	1.71718E+07
6.00000E-01	1.74157E+01	1.68332E+07
6.00000E-01	1.76966E+01	1.65059E+07
6.00000E-01	1.79775E+01	1.61898E+07
6.00000E-01	1.82584E+01	1.58847E+07
6.00000E-01	1.85393E+01	1.55896E+07
6.00000E-01	1.88202E+01	1.53035E+07
6.00000E-01	1.91011E+01	1.50266E+07
6.00000E-01	1.93820E+01	1.47588E+07
6.00000E-01	1.96629E+01	1.44991E+07
6.00000E-01	1.99438E+01	1.42472E+07
6.00000E-01	2.02247E+01	1.40033E+07
6.00000E-01	2.05056E+01	1.37668E+07
6.00000E-01	2.07865E+01	1.35370E+07
6.00000E-01	2.10674E+01	1.33139E+07
6.00000E-01	2.13483E+01	1.30974E+07
6.00000E-01	2.16292E+01	1.28869E+07
6.00000E-01	2.19101E+01	1.26821E+07
6.00000E-01	2.21910E+01	1.24832E+07
6.00000E-01	2.24719E+01	1.22899E+07
6.00000E-01	2.27528E+01	1.21017E+07
6.00000E-01	2.30337E+01	1.19185E+07
6.00000E-01	2.33146E+01	1.17403E+07
6.00000E-01	2.35955E+01	1.15668E+07
6.00000E-01	2.38764E+01	1.13977E+07
6.00000E-01	2.41573E+01	1.12329E+07
6.00000E-01	2.44382E+01	1.10725E+07
6.00000E-01	2.47191E+01	1.09160E+07
6.00000E-01	2.50000E+01	1.07634E+07
7.00000E-01	0.00000E+00	6.81695E+07
7.00000E-01	2.80899E-01	7.81440E+07
7.00000E-01	5.61798E-01	9.00702E+07
7.00000E-01	8.42697E-01	9.69198E+07
7.00000E-01	1.12360E+00	9.89335E+07
7.00000E-01	1.40449E+00	9.84672E+07
7.00000E-01	1.68539E+00	9.69105E+07
7.00000E-01	1.96629E+00	9.48357E+07
7.00000E-01	2.24719E+00	9.23817E+07
7.00000E-01	2.52809E+00	8.96622E+07
7.00000E-01	2.80899E+00	8.67606E+07
7.00000E-01	3.08989E+00	8.37575E+07
7.00000E-01	3.37079E+00	8.07166E+07
7.00000E-01	3.65169E+00	7.76906E+07
7.00000E-01	3.93258E+00	7.47275E+07
7.00000E-01	4.21348E+00	7.18384E+07
7.00000E-01	4.49438E+00	6.90441E+07
7.00000E-01	4.77528E+00	6.63365E+07
7.00000E-01	5.05618E+00	6.37219E+07
7.00000E-01	5.33708E+00	6.11961E+07
7.00000E-01	5.61798E+00	5.87629E+07
7.00000E-01	5.89888E+00	5.64211E+07
7.00000E-01	6.17978E+00	5.41704E+07
7.00000E-01	6.46067E+00	5.20175E+07
7.00000E-01	6.74157E+00	4.99628E+07
7.00000E-01	7.02247E+00	4.80086E+07
7.00000E-01	7.30337E+00	4.61521E+07
7.00000E-01	7.58427E+00	4.43930E+07
7.00000E-01	7.86517E+00	4.27274E+07
7.00000E-01	8.14607E+00	4.11519E+07
7.00000E-01	8.42697E+00	3.96621E+07
7.00000E-01	8.70787E+00	3.82539E+07
7.00000E-01	8.98876E+00	3.69227E+07
7.00000E-01	9.26966E+00	3.56636E+07
7.00000E-01	9.55056E+00	3.44737E+07
7.00000E-01	9.83146E+00	3.33479E+07
7.00000E-01	1.01124E+01	3.22821E+07
7.00000E-01	1.03933E+01	3.12726E+07
7.00000E-01	1.06742E+01	3.03154E+07
7.00000E-01	1.09551E+01	2.94064E+07
7.00000E-01	1.12360E+01	2.85449E+07
7.00000E-01	1.15169E+01	2.77260E+07
7.00000E-01	1.17978E+01	2.69462E+07
7.00000E-01	1.20787E+01	2.62038E+07
7.00000E-01	1.23596E+01	2.54971E+07
7.00000E-01	1.26404E+01	2.48219E+07
7.00000E-01	1.29213E+01	2.41773E+07
7.00000E-01	1.32022E+01	2.35625E+07
7.00000E-01	1.34831E+01	2.29744E+07
7.00000E-01	1.37640E+01	2.24110E+07
7.00000E-01	1.40449E+01	2.18715E+07
7.00000E-01	1.43258E+01	2.13546E+07
7.00000E-01	1.46067E+01	2.08583E+07
7.00000E-01	1.48876E+01	2.03818E+07
7.00000E-01	1.51685E+01	1.99247E+07
7.00000E-01	1.54494E+01	1.94856E+07
7.00000E-01	1.57303E+01	1.90629E+07
7.00000E-01	1.60112E+01	1.86561E+07
7.00000E-01	1.62921E+01	1.82646E+07
7.00000E-01	1.65730E+01	1.78869E+07
7.00000E-01	1.68539E+01	1.75227E+07
7.00000E-01	1.71348E+01	1.71717E+07
7.00000E-01	1.74157E+01	1.68331E+07
7.00000E-01	1.76966E+01	1.65058E+07
7.00000E-01	1.79775E+01	1.61898E+07
7.00000E-01	1.82584E+01	1.58847E+07
7.00000E-01	1.85393E+01	1.55896E+07
7.00000E-01	1.88202E+01	1.53034E+07
7.00000E-01	1.91011E+01	1.50266E+07
7.00000E-01	1.93820E+01	1.47588E+07
7.00000E-01	1.96629E+01	1.44990E+07
7.00000E-01	1.99438E+01	1.42472E+07
7.00000E-01	2.02247E+01	1.40033E+07
7.00000E-01	2.05056E+01	1.37668E+07
7.00000E-01	2.07865E+01	1.35370E+07
7.00000E-01	2.10674E+01	1.33139E+07
7.00000E-01	2.13483E+01	1.30974E+07
7.00000E-01	2.16292E+01	1.28869E+07
7.00000E-01	2.19101E+01	1.26821E+07
7.00000E-01	2.21910E+01	1.24832E+07
7.00000E-01	2.24719E+01	1.22899E+07
7.00000E-01	2.27528E+01	1.21017E+07
7.00000E-01	2.30337E+01	1.19185E+07
7.00000E-01	2.33146E+01	1.17403E+07
7.00000E-01	2.35955E+01	1.15668E+07
7.00000E-01	2.38764E+01	1.13977E+07
7.00000E-01	2.41573E+01	1.12329E+07
7.00000E-01	2.44382E+01	1.10725E+07
7.00000E-01	2.47191E+01	1.09160E+07
7.00000E-01	2.50000E+01	1.07634E+07
8.00000E-01	0.00000E+00	6.95615E+07
8.00000E-01	2.80899E-01	7.91549E+07
8.00000E-01	5.61798E-01	9.01456E+07
8.00000E-01	8.42697E-01	9.68321E+07
8.00000E-01	1.12360E+00	9.88680E+07
8.00000E-01	1.40449E+00	9.84263E+07
8.00000E-01	1.68539E+00	9.68817E+07
8.00000E-01	1.96629E+00	9.48095E+07
8.00000E-01	2.24719E+00	9.23586E+07
8.00000E-01	2.52809E+00	8.96413E+07
8.00000E-01	2.80899E+00	8.67423E+07
8.00000E-01	3.08989E+00	8.37416E+07
8.00000E-01	3.37079E+00	8.07029E+07
8.00000E-01	3.65169E+00	7.76792E+07
8.00000E-01	3.93258E+00	7.47174E+07
8.00000E-01	4.21348E+00	7.18299E+07
8.00000E-01	4.49438E+00	6.90362E+07
8.00000E-01	4.77528E+00	6.63297E+07
8.00000E-01	5.05618E+00	6.37156E+07
8.00000E-01	5.33708E+00	6.11907E+07
8.00000E-01	5.61798E+00	5.87580E+07
8.00000E-01	5.89888E+00	5.64167E+07
8.00000E-01	6.17978E+00	5.41668E+07
8.00000E-01	6.46067E+00	5.20143E+07
8.00000E-01	6.74157E+00	4.99602E+07
8.00000E-01	7.02247E+00	4.80063E+07
8.00000E-01	7.30337E+00	4.61502E+07
8.00000E-01	7.58427E+00	4.43913E+07
8.00000E-01	7.86517E+00	4.27260E+07
8.00000E-01	8.14607E+00	4.11507E+07
8.00000E-01	8.42697E+00	3.96611E+07
8.00000E-01	8.70787E+00	3.82530E+07
8.00000E-01	8.98876E+00	3.69219E+07
8.00000E-01	9.26966E+00	3.56630E+07
8.00000E-01	9.55056E+00	3.44731E+07
8.00000E-01	9.83146E+00	3.33474E+07
8.00000E-01	1.01124E+01	3.22816E+07
8.00000E-01	1.03933E+01	3.12722E+07
8.00000E-01	1.06742E+01	3.03151E+07
8.00000E-01	1.09551E+01	2.94061E+07
8.00000E-01	1.12360E+01	2.85446E+07
8.00000E-01	1.15169E+01	2.77257E+07
8.00000E-01	1.17978E+01	2.69460E+07
8.00000E-01	1.20787E+01	2.62036E+07
8.00000E-01	1.23596E+01	2.54968E+07
8.00000E-01	1.26404E+01	2.48217E+07
8.00000E-01	1.29213E+01	2.41772E+07
8.00000E-01	1.32022E+01	2.35623E+07
8.00000E-01	1.34831E+01	2.29742E+07
8.00000E-01	1.37640E+01	2.24109E+07
8.00000E-01	1.40449E+01	2.18714E+07
8.00000E-01	1.43258E+01	2.13545E+07
8.00000E-01	1.46067E+01	2.08582E+07
8.00000E-01	1.48876E+01	2.03817E+07
8.00000E-01	1.51685E+01	1.99246E+07
8.00000E-01	1.54494E+01	1.94855E+07
8.00000E-01	1.57303E+01	1.90628E+07
8.00000E-01	1.60112E+01	1.86560E+07
8.00000E-01	1.62921E+01	1.82645E+07
8.00000E-01	1.65730E+01	1.78869E+07
8.00000E-01	1.68539E+01	1.75227E+07
8.00000E-01	1.71348E+01	1.71717E+07
8.00000E-01	1.74157E+01	1.68331E+07
8.00000E-01	1.76966E+01	1.65058E+07
8.00000E-01	1.79775E+01	1.61897E+07
8.00000E-01	1.82584E+01	1.58846E+07
8.00000E-01	1.85393E+01	1.55895E+07
8.00000E-01	1.88202E+01	1.53034E+07
8.00000E-01	1.91011E+01	1.50265E+07
8.00000E-01	1.93820E+01	1.47587E+07
8.00000E-01	1.96629E+01	1.44990E+07
8.00000E-01	1.99438E+01	1.42472E+07
8.00000E-01	2.02247E+01	1.40032E+07
8.00000E-01	2.05056E+01	1.37667E+07
8.00000E-01	2.07865E+01	1.35369E+07
8.00000E-01	2.10674E+01	1.33138E+07
8.00000E-01	2.13483E+01	1.30973E+07
8.00000E-01	2.16292E+01	1.28868E+07
8.00000E-01	2.19101E+01	1.26821E+07
8.00000E-01	2.21910E+01	1.24832E+07
8.00000E-01	2.24719E+01	1.22899E+07
8.00000E-01	2.27528E+01	1.21017E+07
8.00000E-01	2.30337E+01	1.19185E+07
8.00000E-01	2.33146E+01	1.17403E+07
8.00000E-01	2.35955E+01	1.15668E+07
8.00000E-01	2.38764E+01	1.13977E+07
8.00000E-01	2.41573E+01	1.12329E+07
8.00000E-01	2.44382E+01	1.10725E+07
8.00000E-01	2.47191E+01	1.09160E+07
8.00000E-01	2.50000E+01	1.07634E+07
9.00000E-01	0.00000E+00	7.09633E+07
9.00000E-01	2.80899E-01	8.00285E+07
9.00000E-01	5.61798E-01	9.03073E+07
9.00000E-01	8.42697E-01	9.67257E+07
9.00000E-01	1.12360E+00	9.87838E+07
9.00000E-01	1.40449E+00	9.83735E+07
9.00000E-01	1.68539E+00	9.68450E+07
9.00000E-01	1.96629E+00	9.47776E+07
9.00000E-01	2.24719E+00	9.23308E+07
9.00000E-01	2.52809E+00	8.96166E+07
9.00000E-01	2.80899E+00	8.67208E+07
9.00000E-01	3.08989E+00	8.37230E+07
9.00000E-01	3.37079E+00	8.06869E+07
9.00000E-01	3.65169E+00	7.76659E+07
9.00000E-01	3.93258E+00	7.47056E+07
9.00000E-01	4.21348E+00	7.18200E+07
9.00000E-01	4.49438E+00	6.90271E+07
9.00000E-01	4.77528E+00	6.63218E+07
9.00000E-01	5.05618E+00	6.37084E+07
9.00000E-01	5.33708E+00	6.11844E+07
9.00000E-01	5.61798E+00	5.87524E+07
9.00000E-01	5.89888E+00	5.64117E+07
9.00000E-01	6.17978E+00	5.41626E+07
9.00000E-01	6.46067E+00	5.20106E+07
9.00000E-01	6.74157E+00	4.99572E+07
9.00000E-01	7.02247E+00	4.80037E+07
9.00000E-01	7.30337E+00	4.61480E+07
9.00000E-01	7.58427E+00	4.43894E+07
9.00000E-01	7.86517E+00	4.27244E+07
9.00000E-01	8.14607E+00	4.11493E+07
9.00000E-01	8.42697E+00	3.96599E+07
9.00000E-01	8.70787E+00	3.82520E+07
9.00000E-01	8.98876E+00	3.69210E+07
9.00000E-01	9.26966E+00	3.56623E+07
9.00000E-01	9.55056E+00	3.44725E+07
9.00000E-01	9.83146E+00	3.33468E+07
9.00000E-01	1.01124E+01	3.22811E+07
9.00000E-01	1.03933E+01	3.12718E+07
9.00000E-01	1.06742E+01	3.03146E+07
9.00000E-01	1.09551E+01	2.94058E+07
9.00000E-01	1.12360E+01	2.85443E+07
9.00000E-01	1.15169E+01	2.77254E+07
9.00000E-01	1.17978E+01	2.69457E+07
9.00000E-01	1.20787E+01	2.62034E+07
9.00000E-01	1.23596E+01	2.54966E+07
9.00000E-01	1.26404E+01	2.48215E+07
9.00000E-01	1.29213E+01	2.41770E+07
9.00000E-01	1.32022E+01	2.35622E+07
9.00000E-01	1.34831E+01	2.29741E+07
9.00000E-01	1.37640E+01	2.24107E+07
9.00000E-01	1.40449E+01	2.18713E+07
9.00000E-01	1.43258E+01	2.13544E+07
9.00000E-01	1.46067E+01	2.08581E+07
9.00000E-01	1.48876E+01	2.03816E+07
9.00000E-01	1.51685E+01	1.99245E+07
9.00000E-01	1.54494E+01	1.94854E+07
9.00000E-01	1.57303E+01	1.90627E+07
9.00000E-01	1.60112E+01	1.86560E+07
9.00000E-01	1.62921E+01	1.82644E+07
9.00000E-01	1.65730E+01	1.78868E+07
9.00000E-01	1.68539E+01	1.75226E+07
9.00000E-01	1.71348E+01	1.71716E+07
9.00000E-01	1.74157E+01	1.68330E+07
9.00000E-01	1.76966E+01	1.65057E+07
9.00000E-01	1.79775E+01	1.61897E+07
9.00000E-01	1.82584E+01	1.58846E+07
9.00000E-01	1.85393E+01	1.55894E+07
9.00000E-01	1.88202E+01	1.53034E+07
9.00000E-01	1.91011E+01	1.50265E+07
9.00000E-01	1.93820E+01	1.47587E+07
9.00000E-01	1.96629E+01	1.44990E+07
9.00000E-01	1.99438E+01	1.42471E+07
9.00000E-01	2.02247E+01	1.40032E+07
9.00000E-01	2.05056E+01	1.37667E+07
9.00000E-01	2.07865E+01	1.35369E+07
9.00000E-01	2.10674E+01	1.33138E+07
9.00000E-01	2.13483E+01	1.30973E+07
9.00000E-01	2.16292E+01	1.28868E+07
9.00000E-01	2.19101E+01	1.26821E+07
9.00000E-01	2.21910E+01	1.24832E+07
9.00000E-01	2.24719E+01	1.22899E+07
9.00000E-01	2.27528E+01	1.21016E+07
9.00000E-01	2.30337E+01	1.19184E+07
9.00000E-01	2.33146E+01	1.17403E+07
9.00000E-01	2.35955E+01	1.15668E+07
9.00000E-01	2.38764E+01	1.13976E+07
9.00000E-01	2.41573E+01	1.12329E+07
9.00000E-01	2.44382E+01	1.10725E+07
9.00000E-01	2.47191E+01	1.09160E+07
9.00000E-01	2.50000E+01	1.07634E+07
1.00000E+00	0.00000E+00	7.23513E+07
1.00000E+00	2.80899E-01	8.07827E+07
1.00000E+00	5.61798E-01	9.05648E+07
1.00000E+00	8.42697E-01	9.66133E+07
1.00000E+00	1.12360E+00	9.86805E+07
1.00000E+00	1.40449E+00	9.83078E+07
1.00000E+00	1.68539E+00	9.67997E+07
1.00000E+00	1.96629E+00	9.47396E+07
1.00000E+00	2.24719E+00	9.22981E+07
1.00000E+00	2.52809E+00	8.95878E+07
1.00000E+00	2.80899E+00	8.66959E+07
1.00000E+00	3.08989E+00	8.37016E+07
1.00000E+00	3.37079E+00	8.06686E+07
1.00000E+00	3.65169E+00	7.76507E+07
1.00000E+00	3.93258E+00	7.46922E+07
1.00000E+00	4.21348E+00	7.18086E+07
1.00000E+00	4.49438E+00	6.90168E+07
1.00000E+00	4.77528E+00	6.63127E+07
1.00000E+00	5.05618E+00	6.37002E+07
1.00000E+00	5.33708E+00	6.11772E+07
1.00000E+00	5.61798E+00	5.87460E+07
1.00000E+00	5.89888E+00	5.64061E+07
1.00000E+00	6.17978E+00	5.41578E+07
1.00000E+00	6.46067E+00	5.20065E+07
1.00000E+00	6.74157E+00	4.99537E+07
1.00000E+00	7.02247E+00	4.80007E+07
1.00000E+00	7.30337E+00	4.61455E+07
1.00000E+00	7.58427E+00	4.43873E+07
1.00000E+00	7.86517E+00	4.27226E+07
1.00000E+00	8.14607E+00	4.11477E+07
1.00000E+00	8.42697E+00	3.96586E+07
1.00000E+00	8.70787E+00	3.82509E+07
1.00000E+00	8.98876E+00	3.69200E+07
1.00000E+00	9.26966E+00	3.56614E+07
1.00000E+00	9.55056E+00	3.44717E+07
1.00000E+00	9.83146E+00	3.33462E+07
1.00000E+00	1.01124E+01	3.22806E+07
1.00000E+00	1.03933E+01	3.12713E+07
1.00000E+00	1.06742E+01	3.03142E+07
1.00000E+00	1.09551E+01	2.94055E+07
1.00000E+00	1.12360E+01	2.85439E+07
1.00000E+00	1.15169E+01	2.77251E+07
1.00000E+00	1.17978E+01	2.69454E+07
1.00000E+00	1.20787E+01	2.62032E+07
1.00000E+00	1.23596E+01	2.54963E+07
1.00000E+00	1.26404E+01	2.48213E+07
1.00000E+00	1.29213E+01	2.41769E+07
1.00000E+00	1.32022E+01	2.35620E+07
1.00000E+00	1.34831E+01	2.29739E+07
1.00000E+00	1.37640E+01	2.24106E+07
1.00000E+00	1.40449E+01	2.18711E+07
1.00000E+00	1.43258E+01	2.13542E+07
1.00000E+00	1.46067E+01	2.08580E+07
1.00000E+00	1.48876E+01	2.03815E+07
1.00000E+00	1.51685E+01	1.99244E+07
1.00000E+00	1.54494E+01	1.94853E+07
1.00000E+00	1.57303E+01	1.90626E+07
1.00000E+00	1.60112E+01	1.86559E+07
1.00000E+00	1.62921E+01	1.82643E+07
1.00000E+00	1.65730E+01	1.78867E+07
1.00000E+00	1.68539E+01	1.75226E+07
1.00000E+00	1.71348E+01	1.71715E+07
1.00000E+00	1.74157E+01	1.68329E+07
1.00000E+00	1.76966E+01	1.65057E+07
1.00000E+00	1.79775E+01	1.61896E+07
1.00000E+00	1.82584E+01	1.58845E+07
1.00000E+00	1.85393E+01	1.55894E+07
1.00000E+00	1.88202E+01	1.53033E+07
1.00000E+00	1.91011E+01	1.50265E+07
1.00000E+00	1.93820E+01	1.47586E+07
1.00000E+00	1.96629E+01	1.44989E+07
1.00000E+00	1.99438E+01	1.42471E+07
1.00000E+00	2.02247E+01	1.40032E+07
1.00000E+00	2.05056E+01	1.37666E+07
1.00000E+00	2.07865E+01	1.35369E+07
1.00000E+00	2.10674E+01	1.33138E+07
1.00000E+00	2.13483E+01	1.30973E+07
1.00000E+00	2.16292E+01	1.28868E+07
1.00000E+00	2.19101E+01	1.26821E+07
1.00000E+00	2.21910E+01	1.24832E+07
1.00000E+00	2.24719E+01	1.22898E+07
1.00000E+00	2.27528E+01	1.21016E+07
1.00000E+00	2.30337E+01	1.19184E+07
1.00000E+00	2.33146E+01	1.17403E+07
1.00000E+00	2.35955E+01	1.15668E+07
1.00000E+00	2.38764E+01	1.13976E+07
1.00000E+00	2.41573E+01	1.12329E+07
1.00000E+00	2.44382E+01	1.10724E+07
1.00000E+00	2.47191E+01	1.09160E+07
1.00000E+00	2.50000E+01	1.07634E+07
1.50000E+00	0.00000E+00	7.86692E+07
1.50000E+00	2.80899E-01	8.41497E+07
1.50000E+00	5.61798E-01	9.24675E+07
1.50000E+00	8.42697E-01	9.64177E+07
1.50000E+00	1.12360E+00	9.80108E+07
1.50000E+00	1.40449E+00	9.77786E+07
1.50000E+00	1.68539E+00	9.64218E+07
1.50000E+00	1.96629E+00	9.44401E+07
1.50000E+00	2.24719E+00	9.20496E+07
1.50000E+00	2.52809E+00	8.93765E+07
1.50000E+00	2.80899E+00	8.65162E+07
1.50000E+00	3.08989E+00	8.35488E+07
1.50000E+00	3.37079E+00	8.05395E+07
1.50000E+00	3.65169E+00	7.75426E+07
1.50000E+00	3.93258E+00	7.45989E+07
1.50000E+00	4.21348E+00	7.17288E+07
1.50000E+00	4.49438E+00	6.89455E+07
1.50000E+00	4.77528E+00	6.62501E+07
1.50000E+00	5.05618E+00	6.36443E+07
1.50000E+00	5.33708E+00	6.11280E+07
1.50000E+00	5.61798E+00	5.87023E+07
1.50000E+00	5.89888E+00	5.63676E+07
1.50000E+00	6.17978E+00	5.41250E+07
1.50000E+00	6.46067E+00	5.19784E+07
1.50000E+00	6.74157E+00	4.99299E+07
1.50000E+00	7.02247E+00	4.79802E+07
1.50000E+00	7.30337E+00	4.61283E+07
1.50000E+00	7.58427E+00	4.43726E+07
1.50000E+00	7.86517E+00	4.27100E+07
1.50000E+00	8.14607E+00	4.11370E+07
1.50000E+00	8.42697E+00	3.96493E+07
1.50000E+00	8.70787E+00	3.82429E+07
1.50000E+00	8.98876E+00	3.69131E+07
1.50000E+00	9.26966E+00	3.56556E+07
1.50000E+00	9.55056E+00	3.44666E+07
1.50000E+00	9.83146E+00	3.33416E+07
1.50000E+00	1.01124E+01	3.22766E+07
1.50000E+00	1.03933E+01	3.12677E+07
1.50000E+00	1.06742E+01	3.03109E+07
1.50000E+00	1.09551E+01	2.94029E+07
1.50000E+00	1.12360E+01	2.85414E+07
1.50000E+00	1.15169E+01	2.77227E+07
1.50000E+00	1.17978E+01	2.69433E+07
1.50000E+00	1.20787E+01	2.62014E+07
1.50000E+00	1.23596E+01	2.54945E+07
1.50000E+00	1.26404E+01	2.48197E+07
1.50000E+00	1.29213E+01	2.41756E+07
1.50000E+00	1.32022E+01	2.35606E+07
1.50000E+00	1.34831E+01	2.29726E+07
1.50000E+00	1.37640E+01	2.24094E+07
1.50000E+00	1.40449E+01	2.18701E+07
1.50000E+00	1.43258E+01	2.13532E+07
1.50000E+00	1.46067E+01	2.08570E+07
1.50000E+00	1.48876E+01	2.03808E+07
1.50000E+00	1.51685E+01	1.99237E+07
1.50000E+00	1.54494E+01	1.94845E+07
1.50000E+00	1.57303E+01	1.90619E+07
1.50000E+00	1.60112E+01	1.86553E+07
1.50000E+00	1.62921E+01	1.82637E+07
1.50000E+00	1.65730E+01	1.78861E+07
1.50000E+00	1.68539E+01	1.75221E+07
1.50000E+00	1.71348E+01	1.71711E+07
1.50000E+00	1.74157E+01	1.68324E+07
1.50000E+00	1.76966E+01	1.65053E+07
1.50000E+00	1.79775E+01	1.61893E+07
1.50000E+00	1.82584E+01	1.58841E+07
1.50000E+00	1.85393E+01	1.55889E+07
1.50000E+00	1.88202E+01	1.53030E+07
1.50000E+00	1.91011E+01	1.50262E+07
1.50000E+00	1.93820E+01	1.47583E+07
1.50000E+00	1.96629E+01	1.44986E+07
1.50000E+00	1.99438E+01	1.42469E+07
1.50000E+00	2.02247E+01	1.40029E+07
1.50000E+00	2.05056E+01	1.37664E+07
1.50000E+00	2.07865E+01	1.35366E+07
1.50000E+00	2.10674E+01	1.33136E+07
1.50000E+00	2.13483E+01	1.30970E+07
1.50000E+00	2.16292E+01	1.28865E+07
1.50000E+00	2.19101E+01	1.26819E+07
1.50000E+00	2.21910E+01	1.24830E+07
1.50000E+00	2.24719E+01	1.22896E+07
1.50000E+00	2.27528E+01	1.21014E+07
1.50000E+00	2.30337E+01	1.19183E+07
1.50000E+00	2.33146E+01	1.17401E+07
1.50000E+00	2.35955E+01	1.15666E+07
1.50000E+00	2.38764E+01	1.13975E+07
1.50000E+00	2.41573E+01	1.12328E+07
1.50000E+00	2.44382E+01	1.10723E+07
1.50000E+00	2.47191E+01	1.09158E+07
1.50000E+00	2.50000E+01	1.07633E+07
2.00000E+00	0.00000E+00	8.36178E+07
2.00000E+00	2.80899E-01	8.75772E+07
2.00000E+00	5.61798E-01	9.35538E+07
2.00000E+00	8.42697E-01	9.69159E+07
2.00000E+00	1.12360E+00	9.75889E+07
2.00000E+00	1.40449E+00	9.71053E+07
2.00000E+00	1.68539E+00	9.58141E+07
2.00000E+00	1.96629E+00	9.39386E+07
2.00000E+00	2.24719E+00	9.16381E+07
2.00000E+00	2.52809E+00	8.90355E+07
2.00000E+00	2.80899E+00	8.62318E+07
2.00000E+00	3.08989E+00	8.33107E+07
2.00000E+00	3.37079E+00	8.03404E+07
2.00000E+00	3.65169E+00	7.73759E+07
2.00000E+00	3.93258E+00	7.44570E+07
2.00000E+00	4.21348E+00	7.16070E+07
2.00000E+00	4.49438E+00	6.88388E+07
2.00000E+00	4.77528E+00	6.61563E+07
2.00000E+00	5.05618E+00	6.35614E+07
2.00000E+00	5.33708E+00	6.10549E+07
2.00000E+00	5.61798E+00	5.86379E+07
2.00000E+00	5.89888E+00	5.63112E+07
2.00000E+00	6.17978E+00	5.40765E+07
2.00000E+00	6.46067E+00	5.19369E+07
2.00000E+00	6.74157E+00	4.98945E+07
2.00000E+00	7.02247E+00	4.79501E+07
2.00000E+00	7.30337E+00	4.61027E+07
2.00000E+00	7.58427E+00	4.43507E+07
2.00000E+00	7.86517E+00	4.26914E+07
2.00000E+00	8.14607E+00	4.11210E+07
2.00000E+00	8.42697E+00	3.96356E+07
2.00000E+00	8.70787E+00	3.82310E+07
2.00000E+00	8.98876E+00	3.69028E+07
2.00000E+00	9.26966E+00	3.56467E+07
2.00000E+00	9.55056E+00	3.44588E+07
2.00000E+00	9.83146E+00	3.33348E+07
2.00000E+00	1.01124E+01	3.22706E+07
2.00000E+00	1.03933E+01	3.12623E+07
2.00000E+00	1.06742E+01	3.03062E+07
2.00000E+00	1.09551E+01	2.93988E+07
2.00000E+00	1.12360E+01	2.85376E+07
2.00000E+00	1.15169E+01	2.77191E+07
2.00000E+00	1.17978E+01	2.69402E+07
2.00000E+00	1.20787E+01	2.61985E+07
2.00000E+00	1.23596E+01	2.54918E+07
2.00000E+00	1.26404E+01	2.48173E+07
2.00000E+00	1.29213E+01	2.41735E+07
2.00000E+00	1.32022E+01	2.35586E+07
2.00000E+00	1.34831E+01	2.29706E+07
2.00000E+00	1.37640E+01	2.24077E+07
2.00000E+00	1.40449E+01	2.18685E+07
2.00000E+00	1.43258E+01	2.13516E+07
2.00000E+00	1.46067E+01	2.08557E+07
2.00000E+00	1.48876E+01	2.03796E+07
2.00000E+00	1.51685E+01	1.99225E+07
2.00000E+00	1.54494E+01	1.94833E+07
2.00000E+00	1.57303E+01	1.90609E+07
2.00000E+00	1.60112E+01	1.86543E+07
2.00000E+00	1.62921E+01	1.82627E+07
2.00000E+00	1.65730E+01	1.78853E+07
2.00000E+00	1.68539E+01	1.75213E+07
2.00000E+00	1.71348E+01	1.71703E+07
2.00000E+00	1.74157E+01	1.68317E+07
2.00000E+00	1.76966E+01	1.65046E+07
2.00000E+00	1.79775E+01	1.61887E+07
2.00000E+00	1.82584E+01	1.58835E+07
2.00000E+00	1.85393E+01	1.55883E+07
2.00000E+00	1.88202E+01	1.53024E+07
2.00000E+00	1.91011E+01	1.50257E+07
2.00000E+00	1.93820E+01	1.47578E+07
2.00000E+00	1.96629E+01	1.44981E+07
2.00000E+00	1.99438E+01	1.42465E+07
2.00000E+00	2.02247E+01	1.40025E+07
2.00000E+00	2.05056E+01	1.37659E+07
2.00000E+00	2.07865E+01	1.35363E+07
2.00000E+00	2.10674E+01	1.33132E+07
2.00000E+00	2.13483E+01	1.30967E+07
2.00000E+00	2.16292E+01	1.28862E+07
2.00000E+00	2.19101E+01	1.26816E+07
2.00000E+00	2.21910E+01	1.24827E+07
2.00000E+00	2.24719E+01	1.22893E+07
2.00000E+00	2.27528E+01	1.21012E+07
2.00000E+00	2.30337E+01	1.19181E+07
2.00000E+00	2.33146E+01	1.17399E+07
2.00000E+00	2.35955E+01	1.15663E+07
2.00000E+00	2.38764E+01	1.13973E+07
2.00000E+00	2.41573E+01	1.12326E+07
2.00000E+00	2.44382E+01	1.10721E+07
2.00000E+00	2.47191E+01	1.09156E+07
2.00000E+00	2.50000E+01	1.07631E+07
2.50000E+00	0.00000E+00	8.72739E+07
2.50000E+00	2.80899E-01	9.02206E+07
2.50000E+00	5.61798E-01	9.39386E+07
2.50000E+00	8.42697E-01	9.71851E+07
2.50000E+00	1.12360E+00	9.75431E+07
2.50000E+00	1.40449E+00	9.66210E+07
2.50000E+00	1.68539E+00	9.51631E+07
2.50000E+00	1.96629E+00	9.32981E+07
2.50000E+00	2.24719E+00	9.10729E+07
2.50000E+00	2.52809E+00	8.85564E+07
2.50000E+00	2.80899E+00	8.58312E+07
2.50000E+00	3.08989E+00	8.29770E+07
2.50000E+00	3.37079E+00	8.00625E+07
2.50000E+00	3.65169E+00	7.71435E+07
2.50000E+00	3.93258E+00	7.42605E+07
2.50000E+00	4.21348E+00	7.14388E+07
2.50000E+00	4.49438E+00	6.86928E+07
2.50000E+00	4.77528E+00	6.60286E+07
2.50000E+00	5.05618E+00	6.34492E+07
2.50000E+00	5.33708E+00	6.09563E+07
2.50000E+00	5.61798E+00	5.85513E+07
2.50000E+00	5.89888E+00	5.62357E+07
2.50000E+00	6.17978E+00	5.40114E+07
2.50000E+00	6.46067E+00	5.18811E+07
2.50000E+00	6.74157E+00	4.98469E+07
2.50000E+00	7.02247E+00	4.79094E+07
2.50000E+00	7.30337E+00	4.60681E+07
2.50000E+00	7.58427E+00	4.43212E+07
2.50000E+00	7.86517E+00	4.26661E+07
2.50000E+00	8.14607E+00	4.10993E+07
2.50000E+00	8.42697E+00	3.96169E+07
2.50000E+00	8.70787E+00	3.82148E+07
2.50000E+00	8.98876E+00	3.68888E+07
2.50000E+00	9.26966E+00	3.56346E+07
2.50000E+00	9.55056E+00	3.44482E+07
2.50000E+00	9.83146E+00	3.33255E+07
2.50000E+00	1.01124E+01	3.22624E+07
2.50000E+00	1.03933E+01	3.12550E+07
2.50000E+00	1.06742E+01	3.02997E+07
2.50000E+00	1.09551E+01	2.93931E+07
2.50000E+00	1.12360E+01	2.85324E+07
2.50000E+00	1.15169E+01	2.77144E+07
2.50000E+00	1.17978E+01	2.69359E+07
2.50000E+00	1.20787E+01	2.61946E+07
2.50000E+00	1.23596E+01	2.54881E+07
2.50000E+00	1.26404E+01	2.48141E+07
2.50000E+00	1.29213E+01	2.41705E+07
2.50000E+00	1.32022E+01	2.35558E+07
2.50000E+00	1.34831E+01	2.29680E+07
2.50000E+00	1.37640E+01	2.24053E+07
2.50000E+00	1.40449E+01	2.18663E+07
2.50000E+00	1.43258E+01	2.13495E+07
2.50000E+00	1.46067E+01	2.08538E+07
2.50000E+00	1.48876E+01	2.03779E+07
2.50000E+00	1.51685E+01	1.99209E+07
2.50000E+00	1.54494E+01	1.94818E+07
2.50000E+00	1.57303E+01	1.90594E+07
2.50000E+00	1.60112E+01	1.86529E+07
2.50000E+00	1.62921E+01	1.82614E+07
2.50000E+00	1.65730E+01	1.78841E+07
2.50000E+00	1.68539E+01	1.75202E+07
2.50000E+00	1.71348E+01	1.71693E+07
2.50000E+00	1.74157E+01	1.68307E+07
2.50000E+00	1.76966E+01	1.65037E+07
2.50000E+00	1.79775E+01	1.61879E+07
2.50000E+00	1.82584E+01	1.58827E+07
2.50000E+00	1.85393E+01	1.55875E+07
2.50000E+00	1.88202E+01	1.53017E+07
2.50000E+00	1.91011E+01	1.50250E+07
2.50000E+00	1.93820E+01	1.47571E+07
2.50000E+00	1.96629E+01	1.44975E+07
2.50000E+00	1.99438E+01	1.42459E+07
2.50000E+00	2.02247E+01	1.40020E+07
2.50000E+00	2.05056E+01	1.37654E+07
2.50000E+00	2.07865E+01	1.35357E+07
2.50000E+00	2.10674E+01	1.33128E+07
2.50000E+00	2.13483E+01	1.30962E+07
2.50000E+00	2.16292E+01	1.28857E+07
2.50000E+00	2.19101E+01	1.26812E+07
2.50000E+00	2.21910E+01	1.24823E+07
2.50000E+00	2.24719E+01	1.22889E+07
2.50000E+00	2.27528E+01	1.21008E+07
2.50000E+00	2.30337E+01	1.19177E+07
2.50000E+00	2.33146E+01	1.17395E+07
2.50000E+00	2.35955E+01	1.15660E+07
2.50000E+00	2.38764E+01	1.13970E+07
2.50000E+00	2.41573E+01	1.12323E+07
2.50000E+00	2.44382E+01	1.10718E+07
2.50000E+00	2.47191E+01	1.09154E+07
2.50000E+00	2.50000E+01	1.07628E+07
3.00000E+00	0.00000E+00	8.98856E+07
3.00000E+00	2.80899E-01	9.20693E+07
3.00000E+00	5.61798E-01	9.42568E+07
3.00000E+00	8.42697E-01	9.68829E+07
3.00000E+00	1.12360E+00	9.74439E+07
3.00000E+00	1.40449E+00	9.63458E+07
3.00000E+00	1.68539E+00	9.46407E+07
3.00000E+00	1.96629E+00	9.26571E+07
3.00000E+00	2.24719E+00	9.04294E+07
3.00000E+00	2.52809E+00	8.79705E+07
3.00000E+00	2.80899E+00	8.53230E+07
3.00000E+00	3.08989E+00	8.25462E+07
3.00000E+00	3.37079E+00	7.97010E+07
3.00000E+00	3.65169E+00	7.68402E+07
3.00000E+00	3.93258E+00	7.40042E+07
3.00000E+00	4.21348E+00	7.12201E+07
3.00000E+00	4.49438E+00	6.85039E+07
3.00000E+00	4.77528E+00	6.58642E+07
3.00000E+00	5.05618E+00	6.33054E+07
3.00000E+00	5.33708E+00	6.08304E+07
3.00000E+00	5.61798E+00	5.84413E+07
3.00000E+00	5.89888E+00	5.61400E+07
3.00000E+00	6.17978E+00	5.39287E+07
3.00000E+00	6.46067E+00	5.18101E+07
3.00000E+00	6.74157E+00	4.97862E+07
3.00000E+00	7.02247E+00	4.78576E+07
3.00000E+00	7.30337E+00	4.60238E+07
3.00000E+00	7.58427E+00	4.42833E+07
3.00000E+00	7.86517E+00	4.26336E+07
3.00000E+00	8.14607E+00	4.10714E+07
3.00000E+00	8.42697E+00	3.95929E+07
3.00000E+00	8.70787E+00	3.81941E+07
3.00000E+00	8.98876E+00	3.68708E+07
3.00000E+00	9.26966E+00	3.56190E+07
3.00000E+00	9.55056E+00	3.44346E+07
3.00000E+00	9.83146E+00	3.33135E+07
3.00000E+00	1.01124E+01	3.22517E+07
3.00000E+00	1.03933E+01	3.12455E+07
3.00000E+00	1.06742E+01	3.02913E+07
3.00000E+00	1.09551E+01	2.93856E+07
3.00000E+00	1.12360E+01	2.85257E+07
3.00000E+00	1.15169E+01	2.77082E+07
3.00000E+00	1.17978E+01	2.69303E+07
3.00000E+00	1.20787E+01	2.61896E+07
3.00000E+00	1.23596E+01	2.54835E+07
3.00000E+00	1.26404E+01	2.48098E+07
3.00000E+00	1.29213E+01	2.41667E+07
3.00000E+00	1.32022E+01	2.35523E+07
3.00000E+00	1.34831E+01	2.29647E+07
3.00000E+00	1.37640E+01	2.24022E+07
3.00000E+00	1.40449E+01	2.18634E+07
3.00000E+00	1.43258E+01	2.13469E+07
3.00000E+00	1.46067E+01	2.08513E+07
3.00000E+00	1.48876E+01	2.03756E+07
3.00000E+00	1.51685E+01	1.99188E+07
3.00000E+00	1.54494E+01	1.94798E+07
3.00000E+00	1.57303E+01	1.90576E+07
3.00000E+00	1.60112E+01	1.86512E+07
3.00000E+00	1.62921E+01	1.82598E+07
3.00000E+00	1.65730E+01	1.78826E+07
3.00000E+00	1.68539E+01	1.75188E+07
3.00000E+00	1.71348E+01	1.71680E+07
3.00000E+00	1.74157E+01	1.68295E+07
3.00000E+00	1.76966E+01	1.65026E+07
3.00000E+00	1.79775E+01	1.61868E+07
3.00000E+00	1.82584E+01	1.58816E+07
3.00000E+00	1.85393E+01	1.55864E+07
3.00000E+00	1.88202E+01	1.53007E+07
3.00000E+00	1.91011E+01	1.50241E+07
3.00000E+00	1.93820E+01	1.47563E+07
3.00000E+00	1.96629E+01	1.44967E+07
3.00000E+00	1.99438E+01	1.42452E+07
3.00000E+00	2.02247E+01	1.40013E+07
3.00000E+00	2.05056E+01	1.37647E+07
3.00000E+00	2.07865E+01	1.35351E+07
3.00000E+00	2.10674E+01	1.33121E+07
3.00000E+00	2.13483E+01	1.30956E+07
3.00000E+00	2.16292E+01	1.28852E+07
3.00000E+00	2.19101E+01	1.26806E+07
3.00000E+00	2.21910E+01	1.24818E+07
3.00000E+00	2.24719E+01	1.22885E+07
3.00000E+00	2.27528E+01	1.21003E+07
3.00000E+00	2.30337E+01	1.19173E+07
3.00000E+00	2.33146E+01	1.17391E+07
3.00000E+00	2.35955E+01	1.15656E+07
3.00000E+00	2.38764E+01	1.13966E+07
3.00000E+00	2.41573E+01	1.12319E+07
3.00000E+00	2.44382E+01	1.10715E+07
3.00000E+00	2.47191E+01	1.09150E+07
3.00000E+00	2.50000E+01	1.07625E+07
3.50000E+00	0.00000E+00	9.16894E+07
3.50000E+00	2.80899E-01	9.32894E+07
3.50000E+00	5.61798E-01	9.46255E+07
3.50000E+00	8.42697E-01	9.62721E+07
3.50000E+00	1.12360E+00	9.70037E+07
3.50000E+00	1.40449E+00	9.60587E+07
3.50000E+00	1.68539E+00	9.42400E+07
3.50000E+00	1.96629E+00	9.21040E+07
3.50000E+00	2.24719E+00	8.97997E+07
3.50000E+00	2.52809E+00	8.73422E+07
3.50000E+00	2.80899E+00	8.47434E+07
3.50000E+00	3.08989E+00	8.20354E+07
3.50000E+00	3.37079E+00	7.92617E+07
3.50000E+00	3.65169E+00	7.64663E+07
3.50000E+00	3.93258E+00	7.36862E+07
3.50000E+00	4.21348E+00	7.09480E+07
3.50000E+00	4.49438E+00	6.82694E+07
3.50000E+00	4.77528E+00	6.56608E+07
3.50000E+00	5.05618E+00	6.31282E+07
3.50000E+00	5.33708E+00	6.06757E+07
3.50000E+00	5.61798E+00	5.83064E+07
3.50000E+00	5.89888E+00	5.60227E+07
3.50000E+00	6.17978E+00	5.38274E+07
3.50000E+00	6.46067E+00	5.17231E+07
3.50000E+00	6.74157E+00	4.97116E+07
3.50000E+00	7.02247E+00	4.77937E+07
3.50000E+00	7.30337E+00	4.59692E+07
3.50000E+00	7.58427E+00	4.42366E+07
3.50000E+00	7.86517E+00	4.25935E+07
3.50000E+00	8.14607E+00	4.10369E+07
3.50000E+00	8.42697E+00	3.95631E+07
3.50000E+00	8.70787E+00	3.81683E+07
3.50000E+00	8.98876E+00	3.68485E+07
3.50000E+00	9.26966E+00	3.55996E+07
3.50000E+00	9.55056E+00	3.44176E+07
3.50000E+00	9.83146E+00	3.32985E+07
3.50000E+00	1.01124E+01	3.22385E+07
3.50000E+00	1.03933E+01	3.12338E+07
3.50000E+00	1.06742E+01	3.02808E+07
3.50000E+00	1.09551E+01	2.93763E+07
3.50000E+00	1.12360E+01	2.85172E+07
3.50000E+00	1.15169E+01	2.77006E+07
3.50000E+00	1.17978E+01	2.69234E+07
3.50000E+00	1.20787E+01	2.61832E+07
3.50000E+00	1.23596E+01	2.54777E+07
3.50000E+00	1.26404E+01	2.48046E+07
3.50000E+00	1.29213E+01	2.41619E+07
3.50000E+00	1.32022E+01	2.35478E+07
3.50000E+00	1.34831E+01	2.29605E+07
3.50000E+00	1.37640E+01	2.23984E+07
3.50000E+00	1.40449E+01	2.18599E+07
3.50000E+00	1.43258E+01	2.13436E+07
3.50000E+00	1.46067E+01	2.08483E+07
3.50000E+00	1.48876E+01	2.03729E+07
3.50000E+00	1.51685E+01	1.99162E+07
3.50000E+00	1.54494E+01	1.94774E+07
3.50000E+00	1.57303E+01	1.90553E+07
3.50000E+00	1.60112E+01	1.86490E+07
3.50000E+00	1.62921E+01	1.82578E+07
3.50000E+00	1.65730E+01	1.78807E+07
3.50000E+00	1.68539E+01	1.75171E+07
3.50000E+00	1.71348E+01	1.71664E+07
3.50000E+00	1.74157E+01	1.68279E+07
3.50000E+00	1.76966E+01	1.65011E+07
3.50000E+00	1.79775E+01	1.61854E+07
3.50000E+00	1.82584E+01	1.58803E+07
3.50000E+00	1.85393E+01	1.55852E+07
3.50000E+00	1.88202E+01	1.52995E+07
3.50000E+00	1.91011E+01	1.50230E+07
3.50000E+00	1.93820E+01	1.47552E+07
3.50000E+00	1.96629E+01	1.44957E+07
3.50000E+00	1.99438E+01	1.42442E+07
3.50000E+00	2.02247E+01	1.40004E+07
3.50000E+00	2.05056E+01	1.37638E+07
3.50000E+00	2.07865E+01	1.35342E+07
3.50000E+00	2.10674E+01	1.33113E+07
3.50000E+00	2.13483E+01	1.30948E+07
3.50000E+00	2.16292E+01	1.28845E+07
3.50000E+00	2.19101E+01	1.26800E+07
3.50000E+00	2.21910E+01	1.24812E+07
3.50000E+00	2.24719E+01	1.22878E+07
3.50000E+00	2.27528E+01	1.20998E+07
3.50000E+00	2.30337E+01	1.19167E+07
3.50000E+00	2.33146E+01	1.17386E+07
3.50000E+00	2.35955E+01	1.15651E+07
3.50000E+00	2.38764E+01	1.13961E+07
3.50000E+00	2.41573E+01	1.12315E+07
3.50000E+00	2.44382E+01	1.10710E+07
3.50000E+00	2.47191E+01	1.09146E+07
3.50000E+00	2.50000E+01	1.07621E+07
4.00000E+00	0.00000E+00	9.28744E+07
4.00000E+00	2.80899E-01	9.40241E+07
4.00000E+00	5.61798E-01	9.48423E+07
4.00000E+00	8.42697E-01	9.56042E+07
4.00000E+00	1.12360E+00	9.62438E+07
4.00000E+00	1.40449E+00	9.55702E+07
4.00000E+00	1.68539E+00	9.38376E+07
4.00000E+00	1.96629E+00	9.16266E+07
4.00000E+00	2.24719E+00	8.92307E+07
4.00000E+00	2.52809E+00	8.67304E+07
4.00000E+00	2.80899E+00	8.41412E+07
4.00000E+00	3.08989E+00	8.14773E+07
4.00000E+00	3.37079E+00	7.87638E+07
4.00000E+00	3.65169E+00	7.60316E+07
4.00000E+00	3.93258E+00	7.33103E+07
4.00000E+00	4.21348E+00	7.06236E+07
4.00000E+00	4.49438E+00	6.79887E+07
4.00000E+00	4.77528E+00	6.54171E+07
4.00000E+00	5.05618E+00	6.29161E+07
4.00000E+00	5.33708E+00	6.04909E+07
4.00000E+00	5.61798E+00	5.81454E+07
4.00000E+00	5.89888E+00	5.58830E+07
4.00000E+00	6.17978E+00	5.37067E+07
4.00000E+00	6.46067E+00	5.16191E+07
4.00000E+00	6.74157E+00	4.96223E+07
4.00000E+00	7.02247E+00	4.77173E+07
4.00000E+00	7.30337E+00	4.59037E+07
4.00000E+00	7.58427E+00	4.41805E+07
4.00000E+00	7.86517E+00	4.25453E+07
4.00000E+00	8.14607E+00	4.09954E+07
4.00000E+00	8.42697E+00	3.95273E+07
4.00000E+00	8.70787E+00	3.81373E+07
4.00000E+00	8.98876E+00	3.68215E+07
4.00000E+00	9.26966E+00	3.55761E+07
4.00000E+00	9.55056E+00	3.43970E+07
4.00000E+00	9.83146E+00	3.32804E+07
4.00000E+00	1.01124E+01	3.22225E+07
4.00000E+00	1.03933E+01	3.12196E+07
4.00000E+00	1.06742E+01	3.02682E+07
4.00000E+00	1.09551E+01	2.93650E+07
4.00000E+00	1.12360E+01	2.85071E+07
4.00000E+00	1.15169E+01	2.76913E+07
4.00000E+00	1.17978E+01	2.69150E+07
4.00000E+00	1.20787E+01	2.61756E+07
4.00000E+00	1.23596E+01	2.54707E+07
4.00000E+00	1.26404E+01	2.47982E+07
4.00000E+00	1.29213E+01	2.41561E+07
4.00000E+00	1.32022E+01	2.35424E+07
4.00000E+00	1.34831E+01	2.29556E+07
4.00000E+00	1.37640E+01	2.23938E+07
4.00000E+00	1.40449E+01	2.18556E+07
4.00000E+00	1.43258E+01	2.13396E+07
4.00000E+00	1.46067E+01	2.08446E+07
4.00000E+00	1.48876E+01	2.03695E+07
4.00000E+00	1.51685E+01	1.99131E+07
4.00000E+00	1.54494E+01	1.94744E+07
4.00000E+00	1.57303E+01	1.90525E+07
4.00000E+00	1.60112E+01	1.86464E+07
4.00000E+00	1.62921E+01	1.82553E+07
4.00000E+00	1.65730E+01	1.78784E+07
4.00000E+00	1.68539E+01	1.75150E+07
4.00000E+00	1.71348E+01	1.71644E+07
4.00000E+00	1.74157E+01	1.68261E+07
4.00000E+00	1.76966E+01	1.64994E+07
4.00000E+00	1.79775E+01	1.61838E+07
4.00000E+00	1.82584E+01	1.58787E+07
4.00000E+00	1.85393E+01	1.55837E+07
4.00000E+00	1.88202E+01	1.52981E+07
4.00000E+00	1.91011E+01	1.50217E+07
4.00000E+00	1.93820E+01	1.47539E+07
4.00000E+00	1.96629E+01	1.44945E+07
4.00000E+00	1.99438E+01	1.42431E+07
4.00000E+00	2.02247E+01	1.39993E+07
4.00000E+00	2.05056E+01	1.37628E+07
4.00000E+00	2.07865E+01	1.35333E+07
4.00000E+00	2.10674E+01	1.33104E+07
4.00000E+00	2.13483E+01	1.30939E+07
4.00000E+00	2.16292E+01	1.28836E+07
4.00000E+00	2.19101E+01	1.26792E+07
4.00000E+00	2.21910E+01	1.24804E+07
4.00000E+00	2.24719E+01	1.22871E+07
4.00000E+00	2.27528E+01	1.20991E+07
4.00000E+00	2.30337E+01	1.19161E+07
4.00000E+00	2.33146E+01	1.17379E+07
4.00000E+00	2.35955E+01	1.15645E+07
4.00000E+00	2.38764E+01	1.13955E+07
4.00000E+00	2.41573E+01	1.12309E+07
4.00000E+00	2.44382E+01	1.10705E+07
4.00000E+00	2.47191E+01	1.09141E+07
4.00000E+00	2.50000E+01	1.07616E+07
5.00000E+00	0.00000E+00	9.39251E+07
5.00000E+00	2.80899E-01	9.44482E+07
5.00000E+00	5.61798E-01	9.46411E+07
5.00000E+00	8.42697E-01	9.44161E+07
5.00000E+00	1.12360E+00	9.43238E+07
5.00000E+00	1.40449E+00	9.38978E+07
5.00000E+00	1.68539E+00	9.26093E+07
5.00000E+00	1.96629E+00	9.05986E+07
5.00000E+00	2.24719E+00	8.81940E+07
5.00000E+00	2.52809E+00	8.56248E+07
5.00000E+00	2.80899E+00	8.29967E+07
5.00000E+00	3.08989E+00	8.03486E+07
5.00000E+00	3.37079E+00	7.76971E+07
5.00000E+00	3.65169E+00	7.50543E+07
5.00000E+00	3.93258E+00	7.24330E+07
5.00000E+00	4.21348E+00	6.98457E+07
5.00000E+00	4.49438E+00	6.73035E+07
5.00000E+00	4.77528E+00	6.48155E+07
5.00000E+00	5.05618E+00	6.23891E+07
5.00000E+00	5.33708E+00	6.00301E+07
5.00000E+00	5.61798E+00	5.77435E+07
5.00000E+00	5.89888E+00	5.55336E+07
5.00000E+00	6.17978E+00	5.34040E+07
5.00000E+00	6.46067E+00	5.13578E+07
5.00000E+00	6.74157E+00	4.93974E+07
5.00000E+00	7.02247E+00	4.75239E+07
5.00000E+00	7.30337E+00	4.57376E+07
5.00000E+00	7.58427E+00	4.40377E+07
5.00000E+00	7.86517E+00	4.24224E+07
5.00000E+00	8.14607E+00	4.08894E+07
5.00000E+00	8.42697E+00	3.94356E+07
5.00000E+00	8.70787E+00	3.80579E+07
5.00000E+00	8.98876E+00	3.67525E+07
5.00000E+00	9.26966E+00	3.55158E+07
5.00000E+00	9.55056E+00	3.43442E+07
5.00000E+00	9.83146E+00	3.32340E+07
5.00000E+00	1.01124E+01	3.21814E+07
5.00000E+00	1.03933E+01	3.11831E+07
5.00000E+00	1.06742E+01	3.02357E+07
5.00000E+00	1.09551E+01	2.93359E+07
5.00000E+00	1.12360E+01	2.84809E+07
5.00000E+00	1.15169E+01	2.76676E+07
5.00000E+00	1.17978E+01	2.68935E+07
5.00000E+00	1.20787E+01	2.61560E+07
5.00000E+00	1.23596E+01	2.54529E+07
5.00000E+00	1.26404E+01	2.47819E+07
5.00000E+00	1.29213E+01	2.41411E+07
5.00000E+00	1.32022E+01	2.35286E+07
5.00000E+00	1.34831E+01	2.29428E+07
5.00000E+00	1.37640E+01	2.23820E+07
5.00000E+00	1.40449E+01	2.18447E+07
5.00000E+00	1.43258E+01	2.13295E+07
5.00000E+00	1.46067E+01	2.08353E+07
5.00000E+00	1.48876E+01	2.03608E+07
5.00000E+00	1.51685E+01	1.99050E+07
5.00000E+00	1.54494E+01	1.94669E+07
5.00000E+00	1.57303E+01	1.90455E+07
5.00000E+00	1.60112E+01	1.86398E+07
5.00000E+00	1.62921E+01	1.82491E+07
5.00000E+00	1.65730E+01	1.78726E+07
5.00000E+00	1.68539E+01	1.75096E+07
5.00000E+00	1.71348E+01	1.71593E+07
5.00000E+00	1.74157E+01	1.68213E+07
5.00000E+00	1.76966E+01	1.64949E+07
5.00000E+00	1.79775E+01	1.61795E+07
5.00000E+00	1.82584E+01	1.58747E+07
5.00000E+00	1.85393E+01	1.55798E+07
5.00000E+00	1.88202E+01	1.52945E+07
5.00000E+00	1.91011E+01	1.50183E+07
5.00000E+00	1.93820E+01	1.47507E+07
5.00000E+00	1.96629E+01	1.44915E+07
5.00000E+00	1.99438E+01	1.42402E+07
5.00000E+00	2.02247E+01	1.39965E+07
5.00000E+00	2.05056E+01	1.37602E+07
5.00000E+00	2.07865E+01	1.35308E+07
5.00000E+00	2.10674E+01	1.33080E+07
5.00000E+00	2.13483E+01	1.30917E+07
5.00000E+00	2.16292E+01	1.28814E+07
5.00000E+00	2.19101E+01	1.26771E+07
5.00000E+00	2.21910E+01	1.24785E+07
5.00000E+00	2.24719E+01	1.22853E+07
5.00000E+00	2.27528E+01	1.20973E+07
5.00000E+00	2.30337E+01	1.19144E+07
5.00000E+00	2.33146E+01	1.17363E+07
5.00000E+00	2.35955E+01	1.15630E+07
5.00000E+00	2.38764E+01	1.13941E+07
5.00000E+00	2.41573E+01	1.12295E+07
5.00000E+00	2.44382E+01	1.10692E+07
5.00000E+00	2.47191E+01	1.09128E+07
5.00000E+00	2.50000E+01	1.07604E+07
6.00000E+00	0.00000E+00	9.38052E+07
6.00000E+00	2.80899E-01	9.39328E+07
6.00000E+00	5.61798E-01	9.37653E+07
6.00000E+00	8.42697E-01	9.31936E+07
6.00000E+00	1.12360E+00	9.24171E+07
6.00000E+00	1.40449E+00	9.17608E+07
6.00000E+00	1.68539E+00	9.07358E+07
6.00000E+00	1.96629E+00	8.91122E+07
6.00000E+00	2.24719E+00	8.69751E+07
6.00000E+00	2.52809E+00	8.45239E+07
6.00000E+00	2.80899E+00	8.19276E+07
6.00000E+00	3.08989E+00	7.92879E+07
6.00000E+00	3.37079E+00	7.66553E+07
6.00000E+00	3.65169E+00	7.40525E+07
6.00000E+00	3.93258E+00	7.14902E+07
6.00000E+00	4.21348E+00	6.89742E+07
6.00000E+00	4.49438E+00	6.65093E+07
6.00000E+00	4.77528E+00	6.40997E+07
6.00000E+00	5.05618E+00	6.17493E+07
6.00000E+00	5.33708E+00	5.94623E+07
6.00000E+00	5.61798E+00	5.72426E+07
6.00000E+00	5.89888E+00	5.50941E+07
6.00000E+00	6.17978E+00	5.30203E+07
6.00000E+00	6.46067E+00	5.10242E+07
6.00000E+00	6.74157E+00	4.91082E+07
6.00000E+00	7.02247E+00	4.72739E+07
6.00000E+00	7.30337E+00	4.55217E+07
6.00000E+00	7.58427E+00	4.38513E+07
6.00000E+00	7.86517E+00	4.22614E+07
6.00000E+00	8.14607E+00	4.07501E+07
6.00000E+00	8.42697E+00	3.93149E+07
6.00000E+00	8.70787E+00	3.79529E+07
6.00000E+00	8.98876E+00	3.66611E+07
6.00000E+00	9.26966E+00	3.54359E+07
6.00000E+00	9.55056E+00	3.42742E+07
6.00000E+00	9.83146E+00	3.31723E+07
6.00000E+00	1.01124E+01	3.21269E+07
6.00000E+00	1.03933E+01	3.11347E+07
6.00000E+00	1.06742E+01	3.01925E+07
6.00000E+00	1.09551E+01	2.92973E+07
6.00000E+00	1.12360E+01	2.84461E+07
6.00000E+00	1.15169E+01	2.76362E+07
6.00000E+00	1.17978E+01	2.68650E+07
6.00000E+00	1.20787E+01	2.61302E+07
6.00000E+00	1.23596E+01	2.54293E+07
6.00000E+00	1.26404E+01	2.47603E+07
6.00000E+00	1.29213E+01	2.41213E+07
6.00000E+00	1.32022E+01	2.35104E+07
6.00000E+00	1.34831E+01	2.29260E+07
6.00000E+00	1.37640E+01	2.23665E+07
6.00000E+00	1.40449E+01	2.18304E+07
6.00000E+00	1.43258E+01	2.13163E+07
6.00000E+00	1.46067E+01	2.08230E+07
6.00000E+00	1.48876E+01	2.03494E+07
6.00000E+00	1.51685E+01	1.98944E+07
6.00000E+00	1.54494E+01	1.94570E+07
6.00000E+00	1.57303E+01	1.90362E+07
6.00000E+00	1.60112E+01	1.86311E+07
6.00000E+00	1.62921E+01	1.82410E+07
6.00000E+00	1.65730E+01	1.78650E+07
6.00000E+00	1.68539E+01	1.75024E+07
6.00000E+00	1.71348E+01	1.71527E+07
6.00000E+00	1.74157E+01	1.68150E+07
6.00000E+00	1.76966E+01	1.64890E+07
6.00000E+00	1.79775E+01	1.61740E+07
6.00000E+00	1.82584E+01	1.58694E+07
6.00000E+00	1.85393E+01	1.55748E+07
6.00000E+00	1.88202E+01	1.52898E+07
6.00000E+00	1.91011E+01	1.50138E+07
6.00000E+00	1.93820E+01	1.47465E+07
6.00000E+00	1.96629E+01	1.44875E+07
6.00000E+00	1.99438E+01	1.42364E+07
6.00000E+00	2.02247E+01	1.39929E+07
6.00000E+00	2.05056E+01	1.37567E+07
6.00000E+00	2.07865E+01	1.35275E+07
6.00000E+00	2.10674E+01	1.33049E+07
6.00000E+00	2.13483E+01	1.30887E+07
6.00000E+00	2.16292E+01	1.28786E+07
6.00000E+00	2.19101E+01	1.26745E+07
6.00000E+00	2.21910E+01	1.24759E+07
6.00000E+00	2.24719E+01	1.22829E+07
6.00000E+00	2.27528E+01	1.20950E+07
6.00000E+00	2.30337E+01	1.19122E+07
6.00000E+00	2.33146E+01	1.17342E+07
6.00000E+00	2.35955E+01	1.15609E+07
6.00000E+00	2.38764E+01	1.13922E+07
6.00000E+00	2.41573E+01	1.12277E+07
6.00000E+00	2.44382E+01	1.10674E+07
6.00000E+00	2.47191E+01	1.09111E+07
6.00000E+00	2.50000E+01	1.07588E+07
7.00000E+00	0.00000E+00	9.29540E+07
7.00000E+00	2.80899E-01	9.28228E+07
7.00000E+00	5.61798E-01	9.24316E+07
7.00000E+00	8.42697E-01	9.16967E+07
7.00000E+00	1.12360E+00	9.06586E+07
7.00000E+00	1.40449E+00	8.96018E+07
7.00000E+00	1.68539E+00	8.85503E+07
7.00000E+00	1.96629E+00	8.71758E+07
7.00000E+00	2.24719E+00	8.53702E+07
7.00000E+00	2.52809E+00	8.31918E+07
7.00000E+00	2.80899E+00	8.07694E+07
7.00000E+00	3.08989E+00	7.82255E+07
7.00000E+00	3.37079E+00	7.56464E+07
7.00000E+00	3.65169E+00	7.30824E+07
7.00000E+00	3.93258E+00	7.05598E+07
7.00000E+00	4.21348E+00	6.80907E+07
7.00000E+00	4.49438E+00	6.56805E+07
7.00000E+00	4.77528E+00	6.33316E+07
7.00000E+00	5.05618E+00	6.10455E+07
7.00000E+00	5.33708E+00	5.88239E+07
7.00000E+00	5.61798E+00	5.66687E+07
7.00000E+00	5.89888E+00	5.45823E+07
7.00000E+00	6.17978E+00	5.25671E+07
7.00000E+00	6.46067E+00	5.06252E+07
7.00000E+00	6.74157E+00	4.87586E+07
7.00000E+00	7.02247E+00	4.69686E+07
7.00000E+00	7.30337E+00	4.52558E+07
7.00000E+00	7.58427E+00	4.36200E+07
7.00000E+00	7.86517E+00	4.20603E+07
7.00000E+00	8.14607E+00	4.05753E+07
7.00000E+00	8.42697E+00	3.91627E+07
7.00000E+00	8.70787E+00	3.78203E+07
7.00000E+00	8.98876E+00	3.65452E+07
7.00000E+00	9.26966E+00	3.53344E+07
7.00000E+00	9.55056E+00	3.41849E+07
7.00000E+00	9.83146E+00	3.30936E+07
7.00000E+00	1.01124E+01	3.20572E+07
7.00000E+00	1.03933E+01	3.10728E+07
7.00000E+00	1.06742E+01	3.01373E+07
7.00000E+00	1.09551E+01	2.92479E+07
7.00000E+00	1.12360E+01	2.84017E+07
7.00000E+00	1.15169E+01	2.75962E+07
7.00000E+00	1.17978E+01	2.68288E+07
7.00000E+00	1.20787E+01	2.60972E+07
7.00000E+00	1.23596E+01	2.53993E+07
7.00000E+00	1.26404E+01	2.47329E+07
7.00000E+00	1.29213E+01	2.40962E+07
7.00000E+00	1.32022E+01	2.34874E+07
7.00000E+00	1.34831E+01	2.29048E+07
7.00000E+00	1.37640E+01	2.23469E+07
7.00000E+00	1.40449E+01	2.18122E+07
7.00000E+00	1.43258E+01	2.12995E+07
7.00000E+00	1.46067E+01	2.08075E+07
7.00000E+00	1.48876E+01	2.03350E+07
7.00000E+00	1.51685E+01	1.98810E+07
7.00000E+00	1.54494E+01	1.94445E+07
7.00000E+00	1.57303E+01	1.90245E+07
7.00000E+00	1.60112E+01	1.86202E+07
7.00000E+00	1.62921E+01	1.82308E+07
7.00000E+00	1.65730E+01	1.78554E+07
7.00000E+00	1.68539E+01	1.74935E+07
7.00000E+00	1.71348E+01	1.71443E+07
7.00000E+00	1.74157E+01	1.68071E+07
7.00000E+00	1.76966E+01	1.64816E+07
7.00000E+00	1.79775E+01	1.61669E+07
7.00000E+00	1.82584E+01	1.58628E+07
7.00000E+00	1.85393E+01	1.55686E+07
7.00000E+00	1.88202E+01	1.52839E+07
7.00000E+00	1.91011E+01	1.50082E+07
7.00000E+00	1.93820E+01	1.47412E+07
7.00000E+00	1.96629E+01	1.44825E+07
7.00000E+00	1.99438E+01	1.42317E+07
7.00000E+00	2.02247E+01	1.39884E+07
7.00000E+00	2.05056E+01	1.37524E+07
7.00000E+00	2.07865E+01	1.35234E+07
7.00000E+00	2.10674E+01	1.33010E+07
7.00000E+00	2.13483E+01	1.30850E+07
7.00000E+00	2.16292E+01	1.28751E+07
7.00000E+00	2.19101E+01	1.26711E+07
7.00000E+00	2.21910E+01	1.24727E+07
7.00000E+00	2.24719E+01	1.22798E+07
7.00000E+00	2.27528E+01	1.20921E+07
7.00000E+00	2.30337E+01	1.19094E+07
7.00000E+00	2.33146E+01	1.17316E+07
7.00000E+00	2.35955E+01	1.15584E+07
7.00000E+00	2.38764E+01	1.13897E+07
7.00000E+00	2.41573E+01	1.12254E+07
7.00000E+00	2.44382E+01	1.10652E+07
7.00000E+00	2.47191E+01	1.09090E+07
7.00000E+00	2.50000E+01	1.07567E+07
8.00000E+00	0.00000E+00	9.16350E+07
8.00000E+00	2.80899E-01	9.13296E+07
8.00000E+00	5.61798E-01	9.07950E+07
8.00000E+00	8.42697E-01	8.99715E+07
8.00000E+00	1.12360E+00	8.88575E+07
8.00000E+00	1.40449E+00	8.75665E+07
8.00000E+00	1.68539E+00	8.63363E+07
8.00000E+00	1.96629E+00	8.50259E+07
8.00000E+00	2.24719E+00	8.34500E+07
8.00000E+00	2.52809E+00	8.15570E+07
8.00000E+00	2.80899E+00	7.93901E+07
8.00000E+00	3.08989E+00	7.70366E+07
8.00000E+00	3.37079E+00	7.45855E+07
8.00000E+00	3.65169E+00	7.21056E+07
8.00000E+00	3.93258E+00	6.96422E+07
8.00000E+00	4.21348E+00	6.72217E+07
8.00000E+00	4.49438E+00	6.48580E+07
8.00000E+00	4.77528E+00	6.25575E+07
8.00000E+00	5.05618E+00	6.03230E+07
8.00000E+00	5.33708E+00	5.81558E+07
8.00000E+00	5.61798E+00	5.60567E+07
8.00000E+00	5.89888E+00	5.40265E+07
8.00000E+00	6.17978E+00	5.20664E+07
8.00000E+00	6.46067E+00	5.01774E+07
8.00000E+00	6.74157E+00	4.83605E+07
8.00000E+00	7.02247E+00	4.66164E+07
8.00000E+00	7.30337E+00	4.49454E+07
8.00000E+00	7.58427E+00	4.33472E+07
8.00000E+00	7.86517E+00	4.18210E+07
8.00000E+00	8.14607E+00	4.03655E+07
8.00000E+00	8.42697E+00	3.89788E+07
8.00000E+00	8.70787E+00	3.76590E+07
8.00000E+00	8.98876E+00	3.64036E+07
8.00000E+00	9.26966E+00	3.52099E+07
8.00000E+00	9.55056E+00	3.40751E+07
8.00000E+00	9.83146E+00	3.29965E+07
8.00000E+00	1.01124E+01	3.19712E+07
8.00000E+00	1.03933E+01	3.09963E+07
8.00000E+00	1.06742E+01	3.00691E+07
8.00000E+00	1.09551E+01	2.91868E+07
8.00000E+00	1.12360E+01	2.83468E+07
8.00000E+00	1.15169E+01	2.75466E+07
8.00000E+00	1.17978E+01	2.67840E+07
8.00000E+00	1.20787E+01	2.60565E+07
8.00000E+00	1.23596E+01	2.53622E+07
8.00000E+00	1.26404E+01	2.46991E+07
8.00000E+00	1.29213E+01	2.40652E+07
8.00000E+00	1.32022E+01	2.34590E+07
8.00000E+00	1.34831E+01	2.28786E+07
8.00000E+00	1.37640E+01	2.23228E+07
8.00000E+00	1.40449E+01	2.17900E+07
8.00000E+00	1.43258E+01	2.12789E+07
8.00000E+00	1.46067E+01	2.07884E+07
8.00000E+00	1.48876E+01	2.03173E+07
8.00000E+00	1.51685E+01	1.98645E+07
8.00000E+00	1.54494E+01	1.94291E+07
8.00000E+00	1.57303E+01	1.90102E+07
8.00000E+00	1.60112E+01	1.86068E+07
8.00000E+00	1.62921E+01	1.82183E+07
8.00000E+00	1.65730E+01	1.78437E+07
8.00000E+00	1.68539E+01	1.74825E+07
8.00000E+00	1.71348E+01	1.71340E+07
8.00000E+00	1.74157E+01	1.67975E+07
8.00000E+00	1.76966E+01	1.64725E+07
8.00000E+00	1.79775E+01	1.61584E+07
8.00000E+00	1.82584E+01	1.58547E+07
8.00000E+00	1.85393E+01	1.55609E+07
8.00000E+00	1.88202E+01	1.52766E+07
8.00000E+00	1.91011E+01	1.50014E+07
8.00000E+00	1.93820E+01	1.47347E+07
8.00000E+00	1.96629E+01	1.44763E+07
8.00000E+00	1.99438E+01	1.42259E+07
8.00000E+00	2.02247E+01	1.39829E+07
8.00000E+00	2.05056E+01	1.37472E+07
8.00000E+00	2.07865E+01	1.35184E+07
8.00000E+00	2.10674E+01	1.32963E+07
8.00000E+00	2.13483E+01	1.30805E+07
8.00000E+00	2.16292E+01	1.28708E+07
8.00000E+00	2.19101E+01	1.26670E+07
8.00000E+00	2.21910E+01	1.24689E+07
8.00000E+00	2.24719E+01	1.22761E+07
8.00000E+00	2.27528E+01	1.20886E+07
8.00000E+00	2.30337E+01	1.19061E+07
8.00000E+00	2.33146E+01	1.17284E+07
8.00000E+00	2.35955E+01	1.15554E+07
8.00000E+00	2.38764E+01	1.13868E+07
8.00000E+00	2.41573E+01	1.12226E+07
8.00000E+00	2.44382E+01	1.10625E+07
8.00000E+00	2.47191E+01	1.09064E+07
8.00000E+00	2.50000E+01	1.07543E+07
9.00000E+00	0.00000E+00	9.00143E+07
9.00000E+00	2.80899E-01	8.95895E+07
9.00000E+00	5.61798E-01	8.89619E+07
9.00000E+00	8.42697E-01	8.80893E+07
9.00000E+00	1.12360E+00	8.69591E+07
9.00000E+00	1.40449E+00	8.56187E+07
9.00000E+00	1.68539E+00	8.42099E+07
9.00000E+00	1.96629E+00	8.28515E+07
9.00000E+00	2.24719E+00	8.13810E+07
9.00000E+00	2.52809E+00	7.96978E+07
9.00000E+00	2.80899E+00	7.77787E+07
9.00000E+00	3.08989E+00	7.56566E+07
9.00000E+00	3.37079E+00	7.33932E+07
9.00000E+00	3.65169E+00	7.10534E+07
9.00000E+00	3.93258E+00	6.86911E+07
9.00000E+00	4.21348E+00	6.63451E+07
9.00000E+00	4.49438E+00	6.40401E+07
9.00000E+00	4.77528E+00	6.17904E+07
9.00000E+00	5.05618E+00	5.96040E+07
9.00000E+00	5.33708E+00	5.74846E+07
9.00000E+00	5.61798E+00	5.54340E+07
9.00000E+00	5.89888E+00	5.34529E+07
9.00000E+00	6.17978E+00	5.15419E+07
9.00000E+00	6.46067E+00	4.97011E+07
9.00000E+00	6.74157E+00	4.79307E+07
9.00000E+00	7.02247E+00	4.62308E+07
9.00000E+00	7.30337E+00	4.46010E+07
9.00000E+00	7.58427E+00	4.30407E+07
9.00000E+00	7.86517E+00	4.15490E+07
9.00000E+00	8.14607E+00	4.01246E+07
9.00000E+00	8.42697E+00	3.87658E+07
9.00000E+00	8.70787E+00	3.74706E+07
9.00000E+00	8.98876E+00	3.62370E+07
9.00000E+00	9.26966E+00	3.50624E+07
9.00000E+00	9.55056E+00	3.39445E+07
9.00000E+00	9.83146E+00	3.28806E+07
9.00000E+00	1.01124E+01	3.18680E+07
9.00000E+00	1.03933E+01	3.09043E+07
9.00000E+00	1.06742E+01	2.99868E+07
9.00000E+00	1.09551E+01	2.91130E+07
9.00000E+00	1.12360E+01	2.82804E+07
9.00000E+00	1.15169E+01	2.74868E+07
9.00000E+00	1.17978E+01	2.67298E+07
9.00000E+00	1.20787E+01	2.60074E+07
9.00000E+00	1.23596E+01	2.53175E+07
9.00000E+00	1.26404E+01	2.46583E+07
9.00000E+00	1.29213E+01	2.40279E+07
9.00000E+00	1.32022E+01	2.34247E+07
9.00000E+00	1.34831E+01	2.28471E+07
9.00000E+00	1.37640E+01	2.22938E+07
9.00000E+00	1.40449E+01	2.17632E+07
9.00000E+00	1.43258E+01	2.12541E+07
9.00000E+00	1.46067E+01	2.07654E+07
9.00000E+00	1.48876E+01	2.02960E+07
9.00000E+00	1.51685E+01	1.98447E+07
9.00000E+00	1.54494E+01	1.94107E+07
9.00000E+00	1.57303E+01	1.89930E+07
9.00000E+00	1.60112E+01	1.85908E+07
9.00000E+00	1.62921E+01	1.82033E+07
9.00000E+00	1.65730E+01	1.78297E+07
9.00000E+00	1.68539E+01	1.74694E+07
9.00000E+00	1.71348E+01	1.71216E+07
9.00000E+00	1.74157E+01	1.67859E+07
9.00000E+00	1.76966E+01	1.64616E+07
9.00000E+00	1.79775E+01	1.61481E+07
9.00000E+00	1.82584E+01	1.58450E+07
9.00000E+00	1.85393E+01	1.55518E+07
9.00000E+00	1.88202E+01	1.52680E+07
9.00000E+00	1.91011E+01	1.49932E+07
9.00000E+00	1.93820E+01	1.47270E+07
9.00000E+00	1.96629E+01	1.44690E+07
9.00000E+00	1.99438E+01	1.42189E+07
9.00000E+00	2.02247E+01	1.39763E+07
9.00000E+00	2.05056E+01	1.37410E+07
9.00000E+00	2.07865E+01	1.35125E+07
9.00000E+00	2.10674E+01	1.32906E+07
9.00000E+00	2.13483E+01	1.30751E+07
9.00000E+00	2.16292E+01	1.28657E+07
9.00000E+00	2.19101E+01	1.26622E+07
9.00000E+00	2.21910E+01	1.24642E+07
9.00000E+00	2.24719E+01	1.22717E+07
9.00000E+00	2.27528E+01	1.20844E+07
9.00000E+00	2.30337E+01	1.19021E+07
9.00000E+00	2.33146E+01	1.17246E+07
9.00000E+00	2.35955E+01	1.15517E+07
9.00000E+00	2.38764E+01	1.13833E+07
9.00000E+00	2.41573E+01	1.12192E+07
9.00000E+00	2.44382E+01	1.10593E+07
9.00000E+00	2.47191E+01	1.09034E+07
9.00000E+00	2.50000E+01	1.07513E+07
1.00000E+01	0.00000E+00	8.82012E+07
1.00000E+01	2.80899E-01	8.76940E+07
1.00000E+01	5.61798E-01	8.70066E+07
1.00000E+01	8.42697E-01	8.61086E+07
1.00000E+01	1.12360E+00	8.49867E+07
1.00000E+01	1.40449E+00	8.36608E+07
1.00000E+01	1.68539E+00	8.22001E+07
1.00000E+01	1.96629E+00	8.07437E+07
1.00000E+01	2.24719E+00	7.92942E+07
1.00000E+01	2.52809E+00	7.77335E+07
1.00000E+01	2.80899E+00	7.60050E+07
1.00000E+01	3.08989E+00	7.40994E+07
1.00000E+01	3.37079E+00	7.20427E+07
1.00000E+01	3.65169E+00	6.98797E+07
1.00000E+01	3.93258E+00	6.76585E+07
1.00000E+01	4.21348E+00	6.54212E+07
1.00000E+01	4.49438E+00	6.31999E+07
1.00000E+01	4.77528E+00	6.10169E+07
1.00000E+01	5.05618E+00	5.88864E+07
1.00000E+01	5.33708E+00	5.68169E+07
1.00000E+01	5.61798E+00	5.48130E+07
1.00000E+01	5.89888E+00	5.28773E+07
1.00000E+01	6.17978E+00	5.10106E+07
1.00000E+01	6.46067E+00	4.92133E+07
1.00000E+01	6.74157E+00	4.74852E+07
1.00000E+01	7.02247E+00	4.58260E+07
1.00000E+01	7.30337E+00	4.42349E+07
1.00000E+01	7.58427E+00	4.27109E+07
1.00000E+01	7.86517E+00	4.12529E+07
1.00000E+01	8.14607E+00	3.98594E+07
1.00000E+01	8.42697E+00	3.85288E+07
1.00000E+01	8.70787E+00	3.72591E+07
1.00000E+01	8.98876E+00	3.60483E+07
1.00000E+01	9.26966E+00	3.48941E+07
1.00000E+01	9.55056E+00	3.37943E+07
1.00000E+01	9.83146E+00	3.27464E+07
1.00000E+01	1.01124E+01	3.17481E+07
1.00000E+01	1.03933E+01	3.07969E+07
1.00000E+01	1.06742E+01	2.98904E+07
1.00000E+01	1.09551E+01	2.90262E+07
1.00000E+01	1.12360E+01	2.82022E+07
1.00000E+01	1.15169E+01	2.74161E+07
1.00000E+01	1.17978E+01	2.66658E+07
1.00000E+01	1.20787E+01	2.59492E+07
1.00000E+01	1.23596E+01	2.52645E+07
1.00000E+01	1.26404E+01	2.46099E+07
1.00000E+01	1.29213E+01	2.39837E+07
1.00000E+01	1.32022E+01	2.33841E+07
1.00000E+01	1.34831E+01	2.28099E+07
1.00000E+01	1.37640E+01	2.22595E+07
1.00000E+01	1.40449E+01	2.17315E+07
1.00000E+01	1.43258E+01	2.12249E+07
1.00000E+01	1.46067E+01	2.07384E+07
1.00000E+01	1.48876E+01	2.02709E+07
1.00000E+01	1.51685E+01	1.98214E+07
1.00000E+01	1.54494E+01	1.93890E+07
1.00000E+01	1.57303E+01	1.89728E+07
1.00000E+01	1.60112E+01	1.85719E+07
1.00000E+01	1.62921E+01	1.81856E+07
1.00000E+01	1.65730E+01	1.78132E+07
1.00000E+01	1.68539E+01	1.74539E+07
1.00000E+01	1.71348E+01	1.71071E+07
1.00000E+01	1.74157E+01	1.67723E+07
1.00000E+01	1.76966E+01	1.64487E+07
1.00000E+01	1.79775E+01	1.61360E+07
1.00000E+01	1.82584E+01	1.58336E+07
1.00000E+01	1.85393E+01	1.55411E+07
1.00000E+01	1.88202E+01	1.52579E+07
1.00000E+01	1.91011E+01	1.49836E+07
1.00000E+01	1.93820E+01	1.47179E+07
1.00000E+01	1.96629E+01	1.44605E+07
1.00000E+01	1.99438E+01	1.42108E+07
1.00000E+01	2.02247E+01	1.39686E+07
1.00000E+01	2.05056E+01	1.37336E+07
1.00000E+01	2.07865E+01	1.35055E+07
1.00000E+01	2.10674E+01	1.32840E+07
1.00000E+01	2.13483E+01	1.30689E+07
1.00000E+01	2.16292E+01	1.28598E+07
1.00000E+01	2.19101E+01	1.26565E+07
1.00000E+01	2.21910E+01	1.24588E+07
1.00000E+01	2.24719E+01	1.22666E+07
1.00000E+01	2.27528E+01	1.20795E+07
1.00000E+01	2.30337E+01	1.18974E+07
1.00000E+01	2.33146E+01	1.17201E+07
1.00000E+01	2.35955E+01	1.15474E+07
1.00000E+01	2.38764E+01	1.13792E+07
1.00000E+01	2.41573E+01	1.12153E+07
1.00000E+01	2.44382E+01	1.10556E+07
1.00000E+01	2.47191E+01	1.08998E+07
1.00000E+01	2.50000E+01	1.07478E+07
