1.00000E-04	0.00000E+00	6.73147E-01
1.00000E-04	2.80899E-01	9.49627E-04
1.00000E-04	5.61798E-01	2.80809E-03
1.00000E-04	8.42697E-01	4.38281E-03
1.00000E-04	1.12360E+00	5.16259E-03
1.00000E-04	1.40449E+00	5.28185E-03
1.00000E-04	1.68539E+00	5.10863E-03
1.00000E-04	1.96629E+00	4.53298E+00
1.00000E-04	2.24719E+00	4.05303E+00
1.00000E-04	2.52809E+00	3.52170E+00
1.00000E-04	2.80899E+00	3.09229E+00
1.00000E-04	3.08989E+00	2.75365E+00
1.00000E-04	3.37079E+00	2.48755E+00
1.00000E-04	3.65169E+00	2.27596E+00
1.00000E-04	3.93258E+00	2.10902E+00
1.00000E-04	4.21348E+00	1.97721E+00
1.00000E-04	4.49438E+00	1.86281E+00
1.00000E-04	4.77528E+00	1.78211E+00
1.00000E-04	5.05618E+00	1.71014E+00
1.00000E-04	5.33708E+00	1.66840E+00
1.00000E-04	5.61798E+00	1.63127E+00
1.00000E-04	5.89888E+00	1.61402E+00
1.00000E-04	6.17978E+00	1.60308E+00
1.00000E-04	6.46067E+00	1.60362E+00
1.00000E-04	6.74157E+00	1.61909E+00
1.00000E-04	7.02247E+00	1.63656E+00
1.00000E-04	7.30337E+00	1.67590E+00
1.00000E-04	7.58427E+00	1.71403E+00
1.00000E-04	7.86517E+00	1.77534E+00
1.00000E-04	8.14607E+00	1.83877E+00
1.00000E-04	8.42697E+00	1.91942E+00
1.00000E-04	8.70787E+00	2.01063E+00
1.00000E-04	8.98876E+00	2.11587E+00
1.00000E-04	9.26966E+00	2.25048E+00
1.00000E-04	9.55056E+00	2.38930E+00
1.00000E-04	9.83146E+00	2.57579E+00
1.00000E-04	1.01124E+01	2.77220E+00
1.00000E-04	1.03933E+01	3.02630E+00
1.00000E-04	1.06742E+01	3.30736E+00
1.00000E-04	1.09551E+01	3.63919E+00
1.00000E-04	1.12360E+01	4.05268E+00
1.00000E-04	1.15169E+01	4.49234E+00
1.00000E-04	1.17978E+01	5.07254E+00
1.00000E-04	1.20787E+01	5.68985E+00
1.00000E-04	1.23596E+01	6.50160E+00
1.00000E-04	1.26404E+01	7.35607E+00
1.00000E-04	1.29213E+01	8.42593E+00
1.00000E-04	1.32022E+01	9.62387E+00
1.00000E-04	1.34831E+01	1.09318E+01
1.00000E-04	1.37640E+01	1.23617E+01
1.00000E-04	1.40449E+01	1.38377E+01
1.00000E-04	1.43258E+01	1.52590E+01
1.00000E-04	1.46067E+01	1.66211E+01
1.00000E-04	1.48876E+01	1.77896E+01
1.00000E-04	1.51685E+01	1.88629E+01
1.00000E-04	1.54494E+01	1.97023E+01
1.00000E-04	1.57303E+01	2.04044E+01
1.00000E-04	1.60112E+01	2.09309E+01
1.00000E-04	1.62921E+01	2.13194E+01
1.00000E-04	1.65730E+01	2.16340E+01
1.00000E-04	1.68539E+01	2.18308E+01
1.00000E-04	1.71348E+01	2.19635E+01
1.00000E-04	1.74157E+01	2.19924E+01
1.00000E-04	1.76966E+01	2.19976E+01
1.00000E-04	1.79775E+01	2.19477E+01
1.00000E-04	1.82584E+01	2.18726E+01
1.00000E-04	1.85393E+01	2.17548E+01
1.00000E-04	1.88202E+01	2.16209E+01
1.00000E-04	1.91011E+01	2.14689E+01
1.00000E-04	1.93820E+01	2.12888E+01
1.00000E-04	1.96629E+01	2.11137E+01
1.00000E-04	1.99438E+01	2.09230E+01
1.00000E-04	2.02247E+01	2.07165E+01
1.00000E-04	2.05056E+01	2.05046E+01
1.00000E-04	2.07865E+01	2.03061E+01
1.00000E-04	2.10674E+01	2.00990E+01
1.00000E-04	2.13483E+01	1.98838E+01
1.00000E-04	2.16292E+01	1.96636E+01
1.00000E-04	2.19101E+01	1.94517E+01
1.00000E-04	2.21910E+01	1.92440E+01
1.00000E-04	2.24719E+01	1.90249E+01
1.00000E-04	2.27528E+01	1.88084E+01
1.00000E-04	2.30337E+01	1.86029E+01
1.00000E-04	2.33146E+01	1.83907E+01
1.00000E-04	2.35955E+01	1.81773E+01
1.00000E-04	2.38764E+01	1.79719E+01
1.00000E-04	2.41573E+01	1.77736E+01
1.00000E-04	2.44382E+01	1.75686E+01
1.00000E-04	2.47191E+01	1.73710E+01
1.00000E-04	2.50000E+01	1.71760E+01
5.00000E-04	0.00000E+00	6.60487E-01
5.00000E-04	2.80899E-01	1.01555E-02
5.00000E-04	5.61798E-01	3.00387E-02
5.00000E-04	8.42697E-01	4.68914E-02
5.00000E-04	1.12360E+00	5.52140E-02
5.00000E-04	1.40449E+00	5.65004E-02
5.00000E-04	1.68539E+00	5.46477E-02
5.00000E-04	1.96629E+00	4.84899E+01
5.00000E-04	2.24719E+00	4.33558E+01
5.00000E-04	2.52809E+00	3.76721E+01
5.00000E-04	2.80899E+00	3.30786E+01
5.00000E-04	3.08989E+00	2.94564E+01
5.00000E-04	3.37079E+00	2.66096E+01
5.00000E-04	3.65169E+00	2.43461E+01
5.00000E-04	3.93258E+00	2.25605E+01
5.00000E-04	4.21348E+00	2.11490E+01
5.00000E-04	4.49438E+00	1.99267E+01
5.00000E-04	4.77528E+00	1.90635E+01
5.00000E-04	5.05618E+00	1.82936E+01
5.00000E-04	5.33708E+00	1.78471E+01
5.00000E-04	5.61798E+00	1.74499E+01
5.00000E-04	5.89888E+00	1.72653E+01
5.00000E-04	6.17978E+00	1.71483E+01
5.00000E-04	6.46067E+00	1.71541E+01
5.00000E-04	6.74157E+00	1.73196E+01
5.00000E-04	7.02247E+00	1.75065E+01
5.00000E-04	7.30337E+00	1.79279E+01
5.00000E-04	7.58427E+00	1.83352E+01
5.00000E-04	7.86517E+00	1.89911E+01
5.00000E-04	8.14607E+00	1.96695E+01
5.00000E-04	8.42697E+00	2.05322E+01
5.00000E-04	8.70787E+00	2.15079E+01
5.00000E-04	8.98876E+00	2.26414E+01
5.00000E-04	9.26966E+00	2.40737E+01
5.00000E-04	9.55056E+00	2.55587E+01
5.00000E-04	9.83146E+00	2.75535E+01
5.00000E-04	1.01124E+01	2.96546E+01
5.00000E-04	1.03933E+01	3.23665E+01
5.00000E-04	1.06742E+01	3.53792E+01
5.00000E-04	1.09551E+01	3.89289E+01
5.00000E-04	1.12360E+01	4.33520E+01
5.00000E-04	1.15169E+01	4.80552E+01
5.00000E-04	1.17978E+01	5.42616E+01
5.00000E-04	1.20787E+01	6.08650E+01
5.00000E-04	1.23596E+01	6.95484E+01
5.00000E-04	1.26404E+01	7.86888E+01
5.00000E-04	1.29213E+01	9.01333E+01
5.00000E-04	1.32022E+01	1.02948E+02
5.00000E-04	1.34831E+01	1.16939E+02
5.00000E-04	1.37640E+01	1.32235E+02
5.00000E-04	1.40449E+01	1.48024E+02
5.00000E-04	1.43258E+01	1.63227E+02
5.00000E-04	1.46067E+01	1.77798E+02
5.00000E-04	1.48876E+01	1.90297E+02
5.00000E-04	1.51685E+01	2.01779E+02
5.00000E-04	1.54494E+01	2.10758E+02
5.00000E-04	1.57303E+01	2.18268E+02
5.00000E-04	1.60112E+01	2.23901E+02
5.00000E-04	1.62921E+01	2.28057E+02
5.00000E-04	1.65730E+01	2.31422E+02
5.00000E-04	1.68539E+01	2.33527E+02
5.00000E-04	1.71348E+01	2.34947E+02
5.00000E-04	1.74157E+01	2.35256E+02
5.00000E-04	1.76966E+01	2.35311E+02
5.00000E-04	1.79775E+01	2.34777E+02
5.00000E-04	1.82584E+01	2.33974E+02
5.00000E-04	1.85393E+01	2.32714E+02
5.00000E-04	1.88202E+01	2.31281E+02
5.00000E-04	1.91011E+01	2.29656E+02
5.00000E-04	1.93820E+01	2.27729E+02
5.00000E-04	1.96629E+01	2.25856E+02
5.00000E-04	1.99438E+01	2.23805E+02
5.00000E-04	2.02247E+01	2.21607E+02
5.00000E-04	2.05056E+01	2.19341E+02
5.00000E-04	2.07865E+01	2.17217E+02
5.00000E-04	2.10674E+01	2.15001E+02
5.00000E-04	2.13483E+01	2.12699E+02
5.00000E-04	2.16292E+01	2.10344E+02
5.00000E-04	2.19101E+01	2.08077E+02
5.00000E-04	2.21910E+01	2.05855E+02
5.00000E-04	2.24719E+01	2.03512E+02
5.00000E-04	2.27528E+01	2.01196E+02
5.00000E-04	2.30337E+01	1.98998E+02
5.00000E-04	2.33146E+01	1.96728E+02
5.00000E-04	2.35955E+01	1.94445E+02
5.00000E-04	2.38764E+01	1.92248E+02
5.00000E-04	2.41573E+01	1.90126E+02
5.00000E-04	2.44382E+01	1.87933E+02
5.00000E-04	2.47191E+01	1.85819E+02
5.00000E-04	2.50000E+01	1.83734E+02
1.00000E-03	0.00000E+00	6.59733E-01
1.00000E-03	2.80899E-01	2.84696E-02
1.00000E-03	5.61798E-01	8.42115E-02
1.00000E-03	8.42697E-01	1.31471E-01
1.00000E-03	1.12360E+00	1.54764E-01
1.00000E-03	1.40449E+00	1.58388E-01
1.00000E-03	1.68539E+00	1.53201E-01
1.00000E-03	1.96629E+00	1.35938E+02
1.00000E-03	2.24719E+00	1.21545E+02
1.00000E-03	2.52809E+00	1.05611E+02
1.00000E-03	2.80899E+00	9.27334E+01
1.00000E-03	3.08989E+00	8.25806E+01
1.00000E-03	3.37079E+00	7.45982E+01
1.00000E-03	3.65169E+00	6.82510E+01
1.00000E-03	3.93258E+00	6.32484E+01
1.00000E-03	4.21348E+00	5.92880E+01
1.00000E-03	4.49438E+00	5.58622E+01
1.00000E-03	4.77528E+00	5.34424E+01
1.00000E-03	5.05618E+00	5.12860E+01
1.00000E-03	5.33708E+00	5.00329E+01
1.00000E-03	5.61798E+00	4.89194E+01
1.00000E-03	5.89888E+00	4.83999E+01
1.00000E-03	6.17978E+00	4.80740E+01
1.00000E-03	6.46067E+00	4.80902E+01
1.00000E-03	6.74157E+00	4.85527E+01
1.00000E-03	7.02247E+00	4.90780E+01
1.00000E-03	7.30337E+00	5.02596E+01
1.00000E-03	7.58427E+00	5.14013E+01
1.00000E-03	7.86517E+00	5.32400E+01
1.00000E-03	8.14607E+00	5.51420E+01
1.00000E-03	8.42697E+00	5.75606E+01
1.00000E-03	8.70787E+00	6.02958E+01
1.00000E-03	8.98876E+00	6.34770E+01
1.00000E-03	9.26966E+00	6.74888E+01
1.00000E-03	9.55056E+00	7.16519E+01
1.00000E-03	9.83146E+00	7.72442E+01
1.00000E-03	1.01124E+01	8.31343E+01
1.00000E-03	1.03933E+01	9.07349E+01
1.00000E-03	1.06742E+01	9.91830E+01
1.00000E-03	1.09551E+01	1.09134E+02
1.00000E-03	1.12360E+01	1.21534E+02
1.00000E-03	1.15169E+01	1.34719E+02
1.00000E-03	1.17978E+01	1.52118E+02
1.00000E-03	1.20787E+01	1.70629E+02
1.00000E-03	1.23596E+01	1.94974E+02
1.00000E-03	1.26404E+01	2.20598E+02
1.00000E-03	1.29213E+01	2.52684E+02
1.00000E-03	1.32022E+01	2.88606E+02
1.00000E-03	1.34831E+01	3.27829E+02
1.00000E-03	1.37640E+01	3.70711E+02
1.00000E-03	1.40449E+01	4.14974E+02
1.00000E-03	1.43258E+01	4.57594E+02
1.00000E-03	1.46067E+01	4.98444E+02
1.00000E-03	1.48876E+01	5.33484E+02
1.00000E-03	1.51685E+01	5.65671E+02
1.00000E-03	1.54494E+01	5.90845E+02
1.00000E-03	1.57303E+01	6.11899E+02
1.00000E-03	1.60112E+01	6.27689E+02
1.00000E-03	1.62921E+01	6.39340E+02
1.00000E-03	1.65730E+01	6.48774E+02
1.00000E-03	1.68539E+01	6.54675E+02
1.00000E-03	1.71348E+01	6.58655E+02
1.00000E-03	1.74157E+01	6.59532E+02
1.00000E-03	1.76966E+01	6.59678E+02
1.00000E-03	1.79775E+01	6.58180E+02
1.00000E-03	1.82584E+01	6.55930E+02
1.00000E-03	1.85393E+01	6.52397E+02
1.00000E-03	1.88202E+01	6.48380E+02
1.00000E-03	1.91011E+01	6.43828E+02
1.00000E-03	1.93820E+01	6.38422E+02
1.00000E-03	1.96629E+01	6.33170E+02
1.00000E-03	1.99438E+01	6.27373E+02
1.00000E-03	2.02247E+01	6.21258E+02
1.00000E-03	2.05056E+01	6.14905E+02
1.00000E-03	2.07865E+01	6.08952E+02
1.00000E-03	2.10674E+01	6.02740E+02
1.00000E-03	2.13483E+01	5.96287E+02
1.00000E-03	2.16292E+01	5.89682E+02
1.00000E-03	2.19101E+01	5.83328E+02
1.00000E-03	2.21910E+01	5.77099E+02
1.00000E-03	2.24719E+01	5.70530E+02
1.00000E-03	2.27528E+01	5.64038E+02
1.00000E-03	2.30337E+01	5.57876E+02
1.00000E-03	2.33146E+01	5.51511E+02
1.00000E-03	2.35955E+01	5.45111E+02
1.00000E-03	2.38764E+01	5.38952E+02
1.00000E-03	2.41573E+01	5.33005E+02
1.00000E-03	2.44382E+01	5.26857E+02
1.00000E-03	2.47191E+01	5.20931E+02
1.00000E-03	2.50000E+01	5.15085E+02
5.00000E-03	0.00000E+00	6.65903E-01
5.00000E-03	2.80899E-01	3.07722E-01
5.00000E-03	5.61798E-01	9.10206E-01
5.00000E-03	8.42697E-01	1.42104E+00
5.00000E-03	1.12360E+00	1.67258E+00
5.00000E-03	1.40449E+00	1.71179E+00
5.00000E-03	1.68539E+00	1.65590E+00
5.00000E-03	1.96629E+00	1.46922E+03
5.00000E-03	2.24719E+00	1.31369E+03
5.00000E-03	2.52809E+00	1.14149E+03
5.00000E-03	2.80899E+00	1.00231E+03
5.00000E-03	3.08989E+00	8.92603E+02
5.00000E-03	3.37079E+00	8.06304E+02
5.00000E-03	3.65169E+00	7.37643E+02
5.00000E-03	3.93258E+00	6.83680E+02
5.00000E-03	4.21348E+00	6.40801E+02
5.00000E-03	4.49438E+00	6.03723E+02
5.00000E-03	4.77528E+00	5.77568E+02
5.00000E-03	5.05618E+00	5.54387E+02
5.00000E-03	5.33708E+00	5.40747E+02
5.00000E-03	5.61798E+00	5.28782E+02
5.00000E-03	5.89888E+00	5.23045E+02
5.00000E-03	6.17978E+00	5.19544E+02
5.00000E-03	6.46067E+00	5.19790E+02
5.00000E-03	6.74157E+00	5.24623E+02
5.00000E-03	7.02247E+00	5.30378E+02
5.00000E-03	7.30337E+00	5.43232E+02
5.00000E-03	7.58427E+00	5.55558E+02
5.00000E-03	7.86517E+00	5.75493E+02
5.00000E-03	8.14607E+00	5.95853E+02
5.00000E-03	8.42697E+00	6.22129E+02
5.00000E-03	8.70787E+00	6.51713E+02
5.00000E-03	8.98876E+00	6.86124E+02
5.00000E-03	9.26966E+00	7.29331E+02
5.00000E-03	9.55056E+00	7.74449E+02
5.00000E-03	9.83146E+00	8.34820E+02
5.00000E-03	1.01124E+01	8.98487E+02
5.00000E-03	1.03933E+01	9.80691E+02
5.00000E-03	1.06742E+01	1.07201E+03
5.00000E-03	1.09551E+01	1.17959E+03
5.00000E-03	1.12360E+01	1.31273E+03
5.00000E-03	1.15169E+01	1.45562E+03
5.00000E-03	1.17978E+01	1.64420E+03
5.00000E-03	1.20787E+01	1.84271E+03
5.00000E-03	1.23596E+01	2.10731E+03
5.00000E-03	1.26404E+01	2.38442E+03
5.00000E-03	1.29213E+01	2.73330E+03
5.00000E-03	1.32022E+01	3.11936E+03
5.00000E-03	1.34831E+01	3.54466E+03
5.00000E-03	1.37640E+01	4.00950E+03
5.00000E-03	1.40449E+01	4.48520E+03
5.00000E-03	1.43258E+01	4.94597E+03
5.00000E-03	1.46067E+01	5.38745E+03
5.00000E-03	1.48876E+01	5.76650E+03
5.00000E-03	1.51685E+01	6.11408E+03
5.00000E-03	1.54494E+01	6.38617E+03
5.00000E-03	1.57303E+01	6.61365E+03
5.00000E-03	1.60112E+01	6.78444E+03
5.00000E-03	1.62921E+01	6.91058E+03
5.00000E-03	1.65730E+01	7.01203E+03
5.00000E-03	1.68539E+01	7.07607E+03
5.00000E-03	1.71348E+01	7.11910E+03
5.00000E-03	1.74157E+01	7.12965E+03
5.00000E-03	1.76966E+01	7.13040E+03
5.00000E-03	1.79775E+01	7.11396E+03
5.00000E-03	1.82584E+01	7.08953E+03
5.00000E-03	1.85393E+01	7.05145E+03
5.00000E-03	1.88202E+01	7.00809E+03
5.00000E-03	1.91011E+01	6.95897E+03
5.00000E-03	1.93820E+01	6.90041E+03
5.00000E-03	1.96629E+01	6.84363E+03
5.00000E-03	1.99438E+01	6.78029E+03
5.00000E-03	2.02247E+01	6.71488E+03
5.00000E-03	2.05056E+01	6.64627E+03
5.00000E-03	2.07865E+01	6.58174E+03
5.00000E-03	2.10674E+01	6.51473E+03
5.00000E-03	2.13483E+01	6.44498E+03
5.00000E-03	2.16292E+01	6.37360E+03
5.00000E-03	2.19101E+01	6.30492E+03
5.00000E-03	2.21910E+01	6.23759E+03
5.00000E-03	2.24719E+01	6.16659E+03
5.00000E-03	2.27528E+01	6.09642E+03
5.00000E-03	2.30337E+01	6.02978E+03
5.00000E-03	2.33146E+01	5.96095E+03
5.00000E-03	2.35955E+01	5.89185E+03
5.00000E-03	2.38764E+01	5.82530E+03
5.00000E-03	2.41573E+01	5.76087E+03
5.00000E-03	2.44382E+01	5.69455E+03
5.00000E-03	2.47191E+01	5.63049E+03
5.00000E-03	2.50000E+01	5.56731E+03
1.00000E-02	0.00000E+00	6.75851E-01
1.00000E-02	2.80899E-01	8.36978E-01
1.00000E-02	5.61798E-01	2.47551E+00
1.00000E-02	8.42697E-01	3.86481E+00
1.00000E-02	1.12360E+00	4.54891E+00
1.00000E-02	1.40449E+00	4.65553E+00
1.00000E-02	1.68539E+00	4.50353E+00
1.00000E-02	1.96629E+00	3.99580E+03
1.00000E-02	2.24719E+00	3.57284E+03
1.00000E-02	2.52809E+00	3.10451E+03
1.00000E-02	2.80899E+00	2.72597E+03
1.00000E-02	3.08989E+00	2.42761E+03
1.00000E-02	3.37079E+00	2.19290E+03
1.00000E-02	3.65169E+00	2.00615E+03
1.00000E-02	3.93258E+00	1.85941E+03
1.00000E-02	4.21348E+00	1.74278E+03
1.00000E-02	4.49438E+00	1.64191E+03
1.00000E-02	4.77528E+00	1.57079E+03
1.00000E-02	5.05618E+00	1.50778E+03
1.00000E-02	5.33708E+00	1.47063E+03
1.00000E-02	5.61798E+00	1.43817E+03
1.00000E-02	5.89888E+00	1.42249E+03
1.00000E-02	6.17978E+00	1.41290E+03
1.00000E-02	6.46067E+00	1.41368E+03
1.00000E-02	6.74157E+00	1.42671E+03
1.00000E-02	7.02247E+00	1.44240E+03
1.00000E-02	7.30337E+00	1.47741E+03
1.00000E-02	7.58427E+00	1.51095E+03
1.00000E-02	7.86517E+00	1.56522E+03
1.00000E-02	8.14607E+00	1.62014E+03
1.00000E-02	8.42697E+00	1.69184E+03
1.00000E-02	8.70787E+00	1.77254E+03
1.00000E-02	8.98876E+00	1.86607E+03
1.00000E-02	9.26966E+00	1.98321E+03
1.00000E-02	9.55056E+00	2.10623E+03
1.00000E-02	9.83146E+00	2.26994E+03
1.00000E-02	1.01124E+01	2.44301E+03
1.00000E-02	1.03933E+01	2.66721E+03
1.00000E-02	1.06742E+01	2.91513E+03
1.00000E-02	1.09551E+01	3.20869E+03
1.00000E-02	1.12360E+01	3.56830E+03
1.00000E-02	1.15169E+01	3.95729E+03
1.00000E-02	1.17978E+01	4.47160E+03
1.00000E-02	1.20787E+01	5.00940E+03
1.00000E-02	1.23596E+01	5.72959E+03
1.00000E-02	1.26404E+01	6.48703E+03
1.00000E-02	1.29213E+01	7.43683E+03
1.00000E-02	1.32022E+01	8.48395E+03
1.00000E-02	1.34831E+01	9.64445E+03
1.00000E-02	1.37640E+01	1.09105E+04
1.00000E-02	1.40449E+01	1.21961E+04
1.00000E-02	1.43258E+01	1.34531E+04
1.00000E-02	1.46067E+01	1.46522E+04
1.00000E-02	1.48876E+01	1.56858E+04
1.00000E-02	1.51685E+01	1.66288E+04
1.00000E-02	1.54494E+01	1.73684E+04
1.00000E-02	1.57303E+01	1.79853E+04
1.00000E-02	1.60112E+01	1.84530E+04
1.00000E-02	1.62921E+01	1.87959E+04
1.00000E-02	1.65730E+01	1.90684E+04
1.00000E-02	1.68539E+01	1.92448E+04
1.00000E-02	1.71348E+01	1.93617E+04
1.00000E-02	1.74157E+01	1.93912E+04
1.00000E-02	1.76966E+01	1.93932E+04
1.00000E-02	1.79775E+01	1.93478E+04
1.00000E-02	1.82584E+01	1.92797E+04
1.00000E-02	1.85393E+01	1.91779E+04
1.00000E-02	1.88202E+01	1.90605E+04
1.00000E-02	1.91011E+01	1.89262E+04
1.00000E-02	1.93820E+01	1.87673E+04
1.00000E-02	1.96629E+01	1.86126E+04
1.00000E-02	1.99438E+01	1.84400E+04
1.00000E-02	2.02247E+01	1.82622E+04
1.00000E-02	2.05056E+01	1.80762E+04
1.00000E-02	2.07865E+01	1.78991E+04
1.00000E-02	2.10674E+01	1.77183E+04
1.00000E-02	2.13483E+01	1.75283E+04
1.00000E-02	2.16292E+01	1.73344E+04
1.00000E-02	2.19101E+01	1.71475E+04
1.00000E-02	2.21910E+01	1.69643E+04
1.00000E-02	2.24719E+01	1.67712E+04
1.00000E-02	2.27528E+01	1.65805E+04
1.00000E-02	2.30337E+01	1.63987E+04
1.00000E-02	2.33146E+01	1.62115E+04
1.00000E-02	2.35955E+01	1.60240E+04
1.00000E-02	2.38764E+01	1.58434E+04
1.00000E-02	2.41573E+01	1.56672E+04
1.00000E-02	2.44382E+01	1.54874E+04
1.00000E-02	2.47191E+01	1.53132E+04
1.00000E-02	2.50000E+01	1.51414E+04
5.00000E-02	0.00000E+00	7.62857E-01
5.00000E-02	2.80899E-01	6.62603E+00
5.00000E-02	5.61798E-01	1.95549E+01
5.00000E-02	8.42697E-01	3.05197E+01
5.00000E-02	1.12360E+00	3.59196E+01
5.00000E-02	1.40449E+00	3.67615E+01
5.00000E-02	1.68539E+00	3.55632E+01
5.00000E-02	1.96629E+00	3.15458E+04
5.00000E-02	2.24719E+00	2.82129E+04
5.00000E-02	2.52809E+00	2.45144E+04
5.00000E-02	2.80899E+00	2.15254E+04
5.00000E-02	3.08989E+00	1.91694E+04
5.00000E-02	3.37079E+00	1.73160E+04
5.00000E-02	3.65169E+00	1.58416E+04
5.00000E-02	3.93258E+00	1.46827E+04
5.00000E-02	4.21348E+00	1.37617E+04
5.00000E-02	4.49438E+00	1.29651E+04
5.00000E-02	4.77528E+00	1.24036E+04
5.00000E-02	5.05618E+00	1.19063E+04
5.00000E-02	5.33708E+00	1.16127E+04
5.00000E-02	5.61798E+00	1.13565E+04
5.00000E-02	5.89888E+00	1.12326E+04
5.00000E-02	6.17978E+00	1.11567E+04
5.00000E-02	6.46067E+00	1.11630E+04
5.00000E-02	6.74157E+00	1.12657E+04
5.00000E-02	7.02247E+00	1.13898E+04
5.00000E-02	7.30337E+00	1.16663E+04
5.00000E-02	7.58427E+00	1.19313E+04
5.00000E-02	7.86517E+00	1.23596E+04
5.00000E-02	8.14607E+00	1.27921E+04
5.00000E-02	8.42697E+00	1.33588E+04
5.00000E-02	8.70787E+00	1.39973E+04
5.00000E-02	8.98876E+00	1.47354E+04
5.00000E-02	9.26966E+00	1.56596E+04
5.00000E-02	9.55056E+00	1.66317E+04
5.00000E-02	9.83146E+00	1.79224E+04
5.00000E-02	1.01124E+01	1.92885E+04
5.00000E-02	1.03933E+01	2.10618E+04
5.00000E-02	1.06742E+01	2.30130E+04
5.00000E-02	1.09551E+01	2.53475E+04
5.00000E-02	1.12360E+01	2.81664E+04
5.00000E-02	1.15169E+01	3.12425E+04
5.00000E-02	1.17978E+01	3.53093E+04
5.00000E-02	1.20787E+01	3.95501E+04
5.00000E-02	1.23596E+01	4.52178E+04
5.00000E-02	1.26404E+01	5.12574E+04
5.00000E-02	1.29213E+01	5.87353E+04
5.00000E-02	1.32022E+01	6.69936E+04
5.00000E-02	1.34831E+01	7.61755E+04
5.00000E-02	1.37640E+01	8.61856E+04
5.00000E-02	1.40449E+01	9.62648E+04
5.00000E-02	1.43258E+01	1.06256E+05
5.00000E-02	1.46067E+01	1.15671E+05
5.00000E-02	1.48876E+01	1.23874E+05
5.00000E-02	1.51685E+01	1.31313E+05
5.00000E-02	1.54494E+01	1.37129E+05
5.00000E-02	1.57303E+01	1.41997E+05
5.00000E-02	1.60112E+01	1.45735E+05
5.00000E-02	1.62921E+01	1.48423E+05
5.00000E-02	1.65730E+01	1.50554E+05
5.00000E-02	1.68539E+01	1.51968E+05
5.00000E-02	1.71348E+01	1.52864E+05
5.00000E-02	1.74157E+01	1.53123E+05
5.00000E-02	1.76966E+01	1.53138E+05
5.00000E-02	1.79775E+01	1.52776E+05
5.00000E-02	1.82584E+01	1.52207E+05
5.00000E-02	1.85393E+01	1.51440E+05
5.00000E-02	1.88202E+01	1.50515E+05
5.00000E-02	1.91011E+01	1.49449E+05
5.00000E-02	1.93820E+01	1.48221E+05
5.00000E-02	1.96629E+01	1.46969E+05
5.00000E-02	1.99438E+01	1.45608E+05
5.00000E-02	2.02247E+01	1.44197E+05
5.00000E-02	2.05056E+01	1.42739E+05
5.00000E-02	2.07865E+01	1.41320E+05
5.00000E-02	2.10674E+01	1.39928E+05
5.00000E-02	2.13483E+01	1.38404E+05
5.00000E-02	2.16292E+01	1.36889E+05
5.00000E-02	2.19101E+01	1.35414E+05
5.00000E-02	2.21910E+01	1.33952E+05
5.00000E-02	2.24719E+01	1.32428E+05
5.00000E-02	2.27528E+01	1.30935E+05
5.00000E-02	2.30337E+01	1.29482E+05
5.00000E-02	2.33146E+01	1.28010E+05
5.00000E-02	2.35955E+01	1.26540E+05
5.00000E-02	2.38764E+01	1.25112E+05
5.00000E-02	2.41573E+01	1.23709E+05
5.00000E-02	2.44382E+01	1.22296E+05
5.00000E-02	2.47191E+01	1.20912E+05
5.00000E-02	2.50000E+01	1.19563E+05
1.00000E-01	0.00000E+00	8.73169E-01
1.00000E-01	2.80899E-01	1.14791E+01
1.00000E-01	5.61798E-01	3.36554E+01
1.00000E-01	8.42697E-01	5.24757E+01
1.00000E-01	1.12360E+00	6.17482E+01
1.00000E-01	1.40449E+00	6.31958E+01
1.00000E-01	1.68539E+00	6.76673E+01
1.00000E-01	1.96629E+00	5.41934E+04
1.00000E-01	2.24719E+00	4.85030E+04
1.00000E-01	2.52809E+00	4.21434E+04
1.00000E-01	2.80899E+00	3.70054E+04
1.00000E-01	3.08989E+00	3.29549E+04
1.00000E-01	3.37079E+00	2.97684E+04
1.00000E-01	3.65169E+00	2.72346E+04
1.00000E-01	3.93258E+00	2.52417E+04
1.00000E-01	4.21348E+00	2.36584E+04
1.00000E-01	4.49438E+00	2.22891E+04
1.00000E-01	4.77528E+00	2.13235E+04
1.00000E-01	5.05618E+00	2.04701E+04
1.00000E-01	5.33708E+00	1.99639E+04
1.00000E-01	5.61798E+00	1.95241E+04
1.00000E-01	5.89888E+00	1.93104E+04
1.00000E-01	6.17978E+00	1.91799E+04
1.00000E-01	6.46067E+00	1.91908E+04
1.00000E-01	6.74157E+00	1.93674E+04
1.00000E-01	7.02247E+00	1.95814E+04
1.00000E-01	7.30337E+00	2.00560E+04
1.00000E-01	7.58427E+00	2.05127E+04
1.00000E-01	7.86517E+00	2.12480E+04
1.00000E-01	8.14607E+00	2.19921E+04
1.00000E-01	8.42697E+00	2.29658E+04
1.00000E-01	8.70787E+00	2.40634E+04
1.00000E-01	8.98876E+00	2.53325E+04
1.00000E-01	9.26966E+00	2.69211E+04
1.00000E-01	9.55056E+00	2.85937E+04
1.00000E-01	9.83146E+00	3.08112E+04
1.00000E-01	1.01124E+01	3.31611E+04
1.00000E-01	1.03933E+01	3.62084E+04
1.00000E-01	1.06742E+01	3.95639E+04
1.00000E-01	1.09551E+01	4.35761E+04
1.00000E-01	1.12360E+01	4.84222E+04
1.00000E-01	1.15169E+01	5.37167E+04
1.00000E-01	1.17978E+01	6.07020E+04
1.00000E-01	1.20787E+01	6.80012E+04
1.00000E-01	1.23596E+01	7.77361E+04
1.00000E-01	1.26404E+01	8.81230E+04
1.00000E-01	1.29213E+01	1.00975E+05
1.00000E-01	1.32022E+01	1.15174E+05
1.00000E-01	1.34831E+01	1.30958E+05
1.00000E-01	1.37640E+01	1.48166E+05
1.00000E-01	1.40449E+01	1.65496E+05
1.00000E-01	1.43258E+01	1.82671E+05
1.00000E-01	1.46067E+01	1.98848E+05
1.00000E-01	1.48876E+01	2.12958E+05
1.00000E-01	1.51685E+01	2.25741E+05
1.00000E-01	1.54494E+01	2.35745E+05
1.00000E-01	1.57303E+01	2.44115E+05
1.00000E-01	1.60112E+01	2.50538E+05
1.00000E-01	1.62921E+01	2.55162E+05
1.00000E-01	1.65730E+01	2.58825E+05
1.00000E-01	1.68539E+01	2.61256E+05
1.00000E-01	1.71348E+01	2.62792E+05
1.00000E-01	1.74157E+01	2.63241E+05
1.00000E-01	1.76966E+01	2.63266E+05
1.00000E-01	1.79775E+01	2.62644E+05
1.00000E-01	1.82584E+01	2.61666E+05
1.00000E-01	1.85393E+01	2.60348E+05
1.00000E-01	1.88202E+01	2.58758E+05
1.00000E-01	1.91011E+01	2.56926E+05
1.00000E-01	1.93820E+01	2.54816E+05
1.00000E-01	1.96629E+01	2.52662E+05
1.00000E-01	1.99438E+01	2.50322E+05
1.00000E-01	2.02247E+01	2.47896E+05
1.00000E-01	2.05056E+01	2.45391E+05
1.00000E-01	2.07865E+01	2.42950E+05
1.00000E-01	2.10674E+01	2.40557E+05
1.00000E-01	2.13483E+01	2.37938E+05
1.00000E-01	2.16292E+01	2.35332E+05
1.00000E-01	2.19101E+01	2.32798E+05
1.00000E-01	2.21910E+01	2.30283E+05
1.00000E-01	2.24719E+01	2.27664E+05
1.00000E-01	2.27528E+01	2.25098E+05
1.00000E-01	2.30337E+01	2.22600E+05
1.00000E-01	2.33146E+01	2.20068E+05
1.00000E-01	2.35955E+01	2.17543E+05
1.00000E-01	2.38764E+01	2.15086E+05
1.00000E-01	2.41573E+01	2.12674E+05
1.00000E-01	2.44382E+01	2.10246E+05
1.00000E-01	2.47191E+01	2.07866E+05
1.00000E-01	2.50000E+01	2.05546E+05
2.00000E-01	0.00000E+00	1.03127E+00
2.00000E-01	2.80899E-01	1.17687E+01
2.00000E-01	5.61798E-01	3.36865E+01
2.00000E-01	8.42697E-01	5.23286E+01
2.00000E-01	1.12360E+00	6.15289E+01
2.00000E-01	1.40449E+00	6.29732E+01
2.00000E-01	1.68539E+00	4.68552E+02
2.00000E-01	1.96629E+00	5.38454E+04
2.00000E-01	2.24719E+00	4.83392E+04
2.00000E-01	2.52809E+00	4.20007E+04
2.00000E-01	2.80899E+00	3.68822E+04
2.00000E-01	3.08989E+00	3.28451E+04
2.00000E-01	3.37079E+00	2.96685E+04
2.00000E-01	3.65169E+00	2.71458E+04
2.00000E-01	3.93258E+00	2.51576E+04
2.00000E-01	4.21348E+00	2.35793E+04
2.00000E-01	4.49438E+00	2.22163E+04
2.00000E-01	4.77528E+00	2.12522E+04
2.00000E-01	5.05618E+00	2.04066E+04
2.00000E-01	5.33708E+00	1.98971E+04
2.00000E-01	5.61798E+00	1.94606E+04
2.00000E-01	5.89888E+00	1.92458E+04
2.00000E-01	6.17978E+00	1.91159E+04
2.00000E-01	6.46067E+00	1.91270E+04
2.00000E-01	6.74157E+00	1.93026E+04
2.00000E-01	7.02247E+00	1.95195E+04
2.00000E-01	7.30337E+00	1.99889E+04
2.00000E-01	7.58427E+00	2.04488E+04
2.00000E-01	7.86517E+00	2.11771E+04
2.00000E-01	8.14607E+00	2.19210E+04
2.00000E-01	8.42697E+00	2.28893E+04
2.00000E-01	8.70787E+00	2.39835E+04
2.00000E-01	8.98876E+00	2.52493E+04
2.00000E-01	9.26966E+00	2.68314E+04
2.00000E-01	9.55056E+00	2.85045E+04
2.00000E-01	9.83146E+00	3.07086E+04
2.00000E-01	1.01124E+01	3.30571E+04
2.00000E-01	1.03933E+01	3.60878E+04
2.00000E-01	1.06742E+01	3.94366E+04
2.00000E-01	1.09551E+01	4.34322E+04
2.00000E-01	1.12360E+01	4.82615E+04
2.00000E-01	1.15169E+01	5.35584E+04
2.00000E-01	1.17978E+01	6.04999E+04
2.00000E-01	1.20787E+01	6.78058E+04
2.00000E-01	1.23596E+01	7.74773E+04
2.00000E-01	1.26404E+01	8.78462E+04
2.00000E-01	1.29213E+01	1.00639E+05
2.00000E-01	1.32022E+01	1.14798E+05
2.00000E-01	1.34831E+01	1.30532E+05
2.00000E-01	1.37640E+01	1.47674E+05
2.00000E-01	1.40449E+01	1.64956E+05
2.00000E-01	1.43258E+01	1.82064E+05
2.00000E-01	1.46067E+01	1.98178E+05
2.00000E-01	1.48876E+01	2.12251E+05
2.00000E-01	1.51685E+01	2.24969E+05
2.00000E-01	1.54494E+01	2.34957E+05
2.00000E-01	1.57303E+01	2.43300E+05
2.00000E-01	1.60112E+01	2.49695E+05
2.00000E-01	1.62921E+01	2.54313E+05
2.00000E-01	1.65730E+01	2.57958E+05
2.00000E-01	1.68539E+01	2.60387E+05
2.00000E-01	1.71348E+01	2.61910E+05
2.00000E-01	1.74157E+01	2.62366E+05
2.00000E-01	1.76966E+01	2.62388E+05
2.00000E-01	1.79775E+01	2.61770E+05
2.00000E-01	1.82584E+01	2.60796E+05
2.00000E-01	1.85393E+01	2.59481E+05
2.00000E-01	1.88202E+01	2.57897E+05
2.00000E-01	1.91011E+01	2.56069E+05
2.00000E-01	1.93820E+01	2.53969E+05
2.00000E-01	1.96629E+01	2.51820E+05
2.00000E-01	1.99438E+01	2.49489E+05
2.00000E-01	2.02247E+01	2.47072E+05
2.00000E-01	2.05056E+01	2.44575E+05
2.00000E-01	2.07865E+01	2.42143E+05
2.00000E-01	2.10674E+01	2.39755E+05
2.00000E-01	2.13483E+01	2.37147E+05
2.00000E-01	2.16292E+01	2.34550E+05
2.00000E-01	2.19101E+01	2.32024E+05
2.00000E-01	2.21910E+01	2.29516E+05
2.00000E-01	2.24719E+01	2.26907E+05
2.00000E-01	2.27528E+01	2.24349E+05
2.00000E-01	2.30337E+01	2.21859E+05
2.00000E-01	2.33146E+01	2.19336E+05
2.00000E-01	2.35955E+01	2.16820E+05
2.00000E-01	2.38764E+01	2.14371E+05
2.00000E-01	2.41573E+01	2.11967E+05
2.00000E-01	2.44382E+01	2.09547E+05
2.00000E-01	2.47191E+01	2.07175E+05
2.00000E-01	2.50000E+01	2.04863E+05
2.50000E-01	0.00000E+00	1.07789E+00
2.50000E-01	2.80899E-01	1.03052E+01
2.50000E-01	5.61798E-01	2.90180E+01
2.50000E-01	8.42697E-01	4.49554E+01
2.50000E-01	1.12360E+00	5.28305E+01
2.50000E-01	1.40449E+00	5.40746E+01
2.50000E-01	1.68539E+00	8.90310E+02
2.50000E-01	1.96629E+00	4.61213E+04
2.50000E-01	2.24719E+00	4.15100E+04
2.50000E-01	2.52809E+00	3.60681E+04
2.50000E-01	2.80899E+00	3.16738E+04
2.50000E-01	3.08989E+00	2.82071E+04
2.50000E-01	3.37079E+00	2.54788E+04
2.50000E-01	3.65169E+00	2.33133E+04
2.50000E-01	3.93258E+00	2.16050E+04
2.50000E-01	4.21348E+00	2.02493E+04
2.50000E-01	4.49438E+00	1.90803E+04
2.50000E-01	4.77528E+00	1.82509E+04
2.50000E-01	5.05618E+00	1.75273E+04
2.50000E-01	5.33708E+00	1.70871E+04
2.50000E-01	5.61798E+00	1.67134E+04
2.50000E-01	5.89888E+00	1.65278E+04
2.50000E-01	6.17978E+00	1.64166E+04
2.50000E-01	6.46067E+00	1.64263E+04
2.50000E-01	6.74157E+00	1.65767E+04
2.50000E-01	7.02247E+00	1.67651E+04
2.50000E-01	7.30337E+00	1.71661E+04
2.50000E-01	7.58427E+00	1.75638E+04
2.50000E-01	7.86517E+00	1.81865E+04
2.50000E-01	8.14607E+00	1.88267E+04
2.50000E-01	8.42697E+00	1.96570E+04
2.50000E-01	8.70787E+00	2.05970E+04
2.50000E-01	8.98876E+00	2.16848E+04
2.50000E-01	9.26966E+00	2.30424E+04
2.50000E-01	9.55056E+00	2.44830E+04
2.50000E-01	9.83146E+00	2.63721E+04
2.50000E-01	1.01124E+01	2.83934E+04
2.50000E-01	1.03933E+01	3.09918E+04
2.50000E-01	1.06742E+01	3.38703E+04
2.50000E-01	1.09551E+01	3.73006E+04
2.50000E-01	1.12360E+01	4.14471E+04
2.50000E-01	1.15169E+01	4.60070E+04
2.50000E-01	1.17978E+01	5.19565E+04
2.50000E-01	1.20787E+01	5.82489E+04
2.50000E-01	1.23596E+01	6.65366E+04
2.50000E-01	1.26404E+01	7.54528E+04
2.50000E-01	1.29213E+01	8.64287E+04
2.50000E-01	1.32022E+01	9.85921E+04
2.50000E-01	1.34831E+01	1.12107E+05
2.50000E-01	1.37640E+01	1.26821E+05
2.50000E-01	1.40449E+01	1.41668E+05
2.50000E-01	1.43258E+01	1.56355E+05
2.50000E-01	1.46067E+01	1.70187E+05
2.50000E-01	1.48876E+01	1.82279E+05
2.50000E-01	1.51685E+01	1.93188E+05
2.50000E-01	1.54494E+01	2.01777E+05
2.50000E-01	1.57303E+01	2.08940E+05
2.50000E-01	1.60112E+01	2.14430E+05
2.50000E-01	1.62921E+01	2.18402E+05
2.50000E-01	1.65730E+01	2.21528E+05
2.50000E-01	1.68539E+01	2.23617E+05
2.50000E-01	1.71348E+01	2.24921E+05
2.50000E-01	1.74157E+01	2.25317E+05
2.50000E-01	1.76966E+01	2.25334E+05
2.50000E-01	1.79775E+01	2.24804E+05
2.50000E-01	1.82584E+01	2.23968E+05
2.50000E-01	1.85393E+01	2.22838E+05
2.50000E-01	1.88202E+01	2.21479E+05
2.50000E-01	1.91011E+01	2.19908E+05
2.50000E-01	1.93820E+01	2.18106E+05
2.50000E-01	1.96629E+01	2.16259E+05
2.50000E-01	1.99438E+01	2.14259E+05
2.50000E-01	2.02247E+01	2.12182E+05
2.50000E-01	2.05056E+01	2.10038E+05
2.50000E-01	2.07865E+01	2.07949E+05
2.50000E-01	2.10674E+01	2.05898E+05
2.50000E-01	2.13483E+01	2.03659E+05
2.50000E-01	2.16292E+01	2.01429E+05
2.50000E-01	2.19101E+01	1.99259E+05
2.50000E-01	2.21910E+01	1.97106E+05
2.50000E-01	2.24719E+01	1.94865E+05
2.50000E-01	2.27528E+01	1.92669E+05
2.50000E-01	2.30337E+01	1.90530E+05
2.50000E-01	2.33146E+01	1.88363E+05
2.50000E-01	2.35955E+01	1.86203E+05
2.50000E-01	2.38764E+01	1.84099E+05
2.50000E-01	2.41573E+01	1.82034E+05
2.50000E-01	2.44382E+01	1.79957E+05
2.50000E-01	2.47191E+01	1.77919E+05
2.50000E-01	2.50000E+01	1.75934E+05
3.00000E-01	0.00000E+00	1.11051E+00
3.00000E-01	2.80899E-01	8.82649E+00
3.00000E-01	5.61798E-01	2.43897E+01
3.00000E-01	8.42697E-01	3.76646E+01
3.00000E-01	1.12360E+00	4.42339E+01
3.00000E-01	1.40449E+00	4.53084E+01
3.00000E-01	1.68539E+00	1.31171E+03
3.00000E-01	1.96629E+00	3.84910E+04
3.00000E-01	2.24719E+00	3.47597E+04
3.00000E-01	2.52809E+00	3.02045E+04
3.00000E-01	2.80899E+00	2.65259E+04
3.00000E-01	3.08989E+00	2.36229E+04
3.00000E-01	3.37079E+00	2.13379E+04
3.00000E-01	3.65169E+00	1.95251E+04
3.00000E-01	3.93258E+00	1.80937E+04
3.00000E-01	4.21348E+00	1.69581E+04
3.00000E-01	4.49438E+00	1.59806E+04
3.00000E-01	4.77528E+00	1.52844E+04
3.00000E-01	5.05618E+00	1.46809E+04
3.00000E-01	5.33708E+00	1.43098E+04
3.00000E-01	5.61798E+00	1.39981E+04
3.00000E-01	5.89888E+00	1.38415E+04
3.00000E-01	6.17978E+00	1.37486E+04
3.00000E-01	6.46067E+00	1.37571E+04
3.00000E-01	6.74157E+00	1.38825E+04
3.00000E-01	7.02247E+00	1.40424E+04
3.00000E-01	7.30337E+00	1.43760E+04
3.00000E-01	7.58427E+00	1.47117E+04
3.00000E-01	7.86517E+00	1.52307E+04
3.00000E-01	8.14607E+00	1.57683E+04
3.00000E-01	8.42697E+00	1.64624E+04
3.00000E-01	8.70787E+00	1.72499E+04
3.00000E-01	8.98876E+00	1.81616E+04
3.00000E-01	9.26966E+00	1.92975E+04
3.00000E-01	9.55056E+00	2.05076E+04
3.00000E-01	9.83146E+00	2.20860E+04
3.00000E-01	1.01124E+01	2.37832E+04
3.00000E-01	1.03933E+01	2.59550E+04
3.00000E-01	1.06742E+01	2.83684E+04
3.00000E-01	1.09551E+01	3.12406E+04
3.00000E-01	1.12360E+01	3.47119E+04
3.00000E-01	1.15169E+01	3.85409E+04
3.00000E-01	1.17978E+01	4.35125E+04
3.00000E-01	1.20787E+01	4.87993E+04
3.00000E-01	1.23596E+01	5.57230E+04
3.00000E-01	1.26404E+01	6.32022E+04
3.00000E-01	1.29213E+01	7.23839E+04
3.00000E-01	1.32022E+01	8.25742E+04
3.00000E-01	1.34831E+01	9.38952E+04
3.00000E-01	1.37640E+01	1.06211E+05
3.00000E-01	1.40449E+01	1.18649E+05
3.00000E-01	1.43258E+01	1.30944E+05
3.00000E-01	1.46067E+01	1.42523E+05
3.00000E-01	1.48876E+01	1.52655E+05
3.00000E-01	1.51685E+01	1.61780E+05
3.00000E-01	1.54494E+01	1.68981E+05
3.00000E-01	1.57303E+01	1.74979E+05
3.00000E-01	1.60112E+01	1.79575E+05
3.00000E-01	1.62921E+01	1.82907E+05
3.00000E-01	1.65730E+01	1.85522E+05
3.00000E-01	1.68539E+01	1.87274E+05
3.00000E-01	1.71348E+01	1.88361E+05
3.00000E-01	1.74157E+01	1.88698E+05
3.00000E-01	1.76966E+01	1.88710E+05
3.00000E-01	1.79775E+01	1.88268E+05
3.00000E-01	1.82584E+01	1.87568E+05
3.00000E-01	1.85393E+01	1.86621E+05
3.00000E-01	1.88202E+01	1.85483E+05
3.00000E-01	1.91011E+01	1.84167E+05
3.00000E-01	1.93820E+01	1.82659E+05
3.00000E-01	1.96629E+01	1.81112E+05
3.00000E-01	1.99438E+01	1.79437E+05
3.00000E-01	2.02247E+01	1.77698E+05
3.00000E-01	2.05056E+01	1.75903E+05
3.00000E-01	2.07865E+01	1.74153E+05
3.00000E-01	2.10674E+01	1.72434E+05
3.00000E-01	2.13483E+01	1.70560E+05
3.00000E-01	2.16292E+01	1.68693E+05
3.00000E-01	2.19101E+01	1.66876E+05
3.00000E-01	2.21910E+01	1.65071E+05
3.00000E-01	2.24719E+01	1.63196E+05
3.00000E-01	2.27528E+01	1.61356E+05
3.00000E-01	2.30337E+01	1.59564E+05
3.00000E-01	2.33146E+01	1.57750E+05
3.00000E-01	2.35955E+01	1.55941E+05
3.00000E-01	2.38764E+01	1.54179E+05
3.00000E-01	2.41573E+01	1.52450E+05
3.00000E-01	2.44382E+01	1.50710E+05
3.00000E-01	2.47191E+01	1.49004E+05
3.00000E-01	2.50000E+01	1.47341E+05
4.00000E-01	0.00000E+00	1.15027E+00
4.00000E-01	2.80899E-01	6.48756E+00
4.00000E-01	5.61798E-01	1.71324E+01
4.00000E-01	8.42697E-01	2.62534E+01
4.00000E-01	1.12360E+00	3.07840E+01
4.00000E-01	1.40449E+00	3.22861E+01
4.00000E-01	1.68539E+00	1.89841E+03
4.00000E-01	1.96629E+00	2.65370E+04
4.00000E-01	2.24719E+00	2.41970E+04
4.00000E-01	2.52809E+00	2.10307E+04
4.00000E-01	2.80899E+00	1.84713E+04
4.00000E-01	3.08989E+00	1.64504E+04
4.00000E-01	3.37079E+00	1.48592E+04
4.00000E-01	3.65169E+00	1.35977E+04
4.00000E-01	3.93258E+00	1.26001E+04
4.00000E-01	4.21348E+00	1.18088E+04
4.00000E-01	4.49438E+00	1.11305E+04
4.00000E-01	4.77528E+00	1.06432E+04
4.00000E-01	5.05618E+00	1.02265E+04
4.00000E-01	5.33708E+00	9.96446E+03
4.00000E-01	5.61798E+00	9.74952E+03
4.00000E-01	5.89888E+00	9.63861E+03
4.00000E-01	6.17978E+00	9.57466E+03
4.00000E-01	6.46067E+00	9.58096E+03
4.00000E-01	6.74157E+00	9.66727E+03
4.00000E-01	7.02247E+00	9.78183E+03
4.00000E-01	7.30337E+00	1.00108E+04
4.00000E-01	7.58427E+00	1.02485E+04
4.00000E-01	7.86517E+00	1.06061E+04
4.00000E-01	8.14607E+00	1.09829E+04
4.00000E-01	8.42697E+00	1.14644E+04
4.00000E-01	8.70787E+00	1.20134E+04
4.00000E-01	8.98876E+00	1.26495E+04
4.00000E-01	9.26966E+00	1.34383E+04
4.00000E-01	9.55056E+00	1.42869E+04
4.00000E-01	9.83146E+00	1.53802E+04
4.00000E-01	1.01124E+01	1.65694E+04
4.00000E-01	1.03933E+01	1.80751E+04
4.00000E-01	1.06742E+01	1.97600E+04
4.00000E-01	1.09551E+01	2.17601E+04
4.00000E-01	1.12360E+01	2.41746E+04
4.00000E-01	1.15169E+01	2.68566E+04
4.00000E-01	1.17978E+01	3.03015E+04
4.00000E-01	1.20787E+01	3.40098E+04
4.00000E-01	1.23596E+01	3.88049E+04
4.00000E-01	1.26404E+01	4.40340E+04
4.00000E-01	1.29213E+01	5.04115E+04
4.00000E-01	1.32022E+01	5.75130E+04
4.00000E-01	1.34831E+01	6.54014E+04
4.00000E-01	1.37640E+01	7.39649E+04
4.00000E-01	1.40449E+01	8.26327E+04
4.00000E-01	1.43258E+01	9.11863E+04
4.00000E-01	1.46067E+01	9.92397E+04
4.00000E-01	1.48876E+01	1.06305E+05
4.00000E-01	1.51685E+01	1.12641E+05
4.00000E-01	1.54494E+01	1.17670E+05
4.00000E-01	1.57303E+01	1.21843E+05
4.00000E-01	1.60112E+01	1.25043E+05
4.00000E-01	1.62921E+01	1.27371E+05
4.00000E-01	1.65730E+01	1.29186E+05
4.00000E-01	1.68539E+01	1.30411E+05
4.00000E-01	1.71348E+01	1.31162E+05
4.00000E-01	1.74157E+01	1.31404E+05
4.00000E-01	1.76966E+01	1.31410E+05
4.00000E-01	1.79775E+01	1.31104E+05
4.00000E-01	1.82584E+01	1.30617E+05
4.00000E-01	1.85393E+01	1.29957E+05
4.00000E-01	1.88202E+01	1.29165E+05
4.00000E-01	1.91011E+01	1.28247E+05
4.00000E-01	1.93820E+01	1.27199E+05
4.00000E-01	1.96629E+01	1.26120E+05
4.00000E-01	1.99438E+01	1.24955E+05
4.00000E-01	2.02247E+01	1.23744E+05
4.00000E-01	2.05056E+01	1.22494E+05
4.00000E-01	2.07865E+01	1.21276E+05
4.00000E-01	2.10674E+01	1.20076E+05
4.00000E-01	2.13483E+01	1.18774E+05
4.00000E-01	2.16292E+01	1.17473E+05
4.00000E-01	2.19101E+01	1.16208E+05
4.00000E-01	2.21910E+01	1.14950E+05
4.00000E-01	2.24719E+01	1.13645E+05
4.00000E-01	2.27528E+01	1.12364E+05
4.00000E-01	2.30337E+01	1.11116E+05
4.00000E-01	2.33146E+01	1.09853E+05
4.00000E-01	2.35955E+01	1.08593E+05
4.00000E-01	2.38764E+01	1.07367E+05
4.00000E-01	2.41573E+01	1.06162E+05
4.00000E-01	2.44382E+01	1.04951E+05
4.00000E-01	2.47191E+01	1.03763E+05
4.00000E-01	2.50000E+01	1.02604E+05
5.00000E-01	0.00000E+00	1.17130E+00
5.00000E-01	2.80899E-01	4.97417E+00
5.00000E-01	5.61798E-01	1.24267E+01
5.00000E-01	8.42697E-01	1.88670E+01
5.00000E-01	1.12360E+00	2.20900E+01
5.00000E-01	1.40449E+00	2.72710E+01
5.00000E-01	1.68539E+00	2.13402E+03
5.00000E-01	1.96629E+00	1.87849E+04
5.00000E-01	2.24719E+00	1.73608E+04
5.00000E-01	2.52809E+00	1.50954E+04
5.00000E-01	2.80899E+00	1.32599E+04
5.00000E-01	3.08989E+00	1.18097E+04
5.00000E-01	3.37079E+00	1.06675E+04
5.00000E-01	3.65169E+00	9.76234E+03
5.00000E-01	3.93258E+00	9.04593E+03
5.00000E-01	4.21348E+00	8.47723E+03
5.00000E-01	4.49438E+00	7.99231E+03
5.00000E-01	4.77528E+00	7.64042E+03
5.00000E-01	5.05618E+00	7.34393E+03
5.00000E-01	5.33708E+00	7.15316E+03
5.00000E-01	5.61798E+00	7.00058E+03
5.00000E-01	5.89888E+00	6.91952E+03
5.00000E-01	6.17978E+00	6.87427E+03
5.00000E-01	6.46067E+00	6.87916E+03
5.00000E-01	6.74157E+00	6.94019E+03
5.00000E-01	7.02247E+00	7.02483E+03
5.00000E-01	7.30337E+00	7.18655E+03
5.00000E-01	7.58427E+00	7.36024E+03
5.00000E-01	7.86517E+00	7.61417E+03
5.00000E-01	8.14607E+00	7.88665E+03
5.00000E-01	8.42697E+00	8.23093E+03
5.00000E-01	8.70787E+00	8.62563E+03
5.00000E-01	8.98876E+00	9.08336E+03
5.00000E-01	9.26966E+00	9.64779E+03
5.00000E-01	9.55056E+00	1.02615E+04
5.00000E-01	9.83146E+00	1.10418E+04
5.00000E-01	1.01124E+01	1.19014E+04
5.00000E-01	1.03933E+01	1.29774E+04
5.00000E-01	1.06742E+01	1.41906E+04
5.00000E-01	1.09551E+01	1.56269E+04
5.00000E-01	1.12360E+01	1.73577E+04
5.00000E-01	1.15169E+01	1.92948E+04
5.00000E-01	1.17978E+01	2.17549E+04
5.00000E-01	1.20787E+01	2.44374E+04
5.00000E-01	1.23596E+01	2.78604E+04
5.00000E-01	1.26404E+01	3.16314E+04
5.00000E-01	1.29213E+01	3.61977E+04
5.00000E-01	1.32022E+01	4.12995E+04
5.00000E-01	1.34831E+01	4.69658E+04
5.00000E-01	1.37640E+01	5.31028E+04
5.00000E-01	1.40449E+01	5.93287E+04
5.00000E-01	1.43258E+01	6.54632E+04
5.00000E-01	1.46067E+01	7.12366E+04
5.00000E-01	1.48876E+01	7.63157E+04
5.00000E-01	1.51685E+01	8.08509E+04
5.00000E-01	1.54494E+01	8.44719E+04
5.00000E-01	1.57303E+01	8.74636E+04
5.00000E-01	1.60112E+01	8.97602E+04
5.00000E-01	1.62921E+01	9.14382E+04
5.00000E-01	1.65730E+01	9.27375E+04
5.00000E-01	1.68539E+01	9.36205E+04
5.00000E-01	1.71348E+01	9.41553E+04
5.00000E-01	1.74157E+01	9.43347E+04
5.00000E-01	1.76966E+01	9.43360E+04
5.00000E-01	1.79775E+01	9.41186E+04
5.00000E-01	1.82584E+01	9.37688E+04
5.00000E-01	1.85393E+01	9.32949E+04
5.00000E-01	1.88202E+01	9.27266E+04
5.00000E-01	1.91011E+01	9.20666E+04
5.00000E-01	1.93820E+01	9.13165E+04
5.00000E-01	1.96629E+01	9.05405E+04
5.00000E-01	1.99438E+01	8.97050E+04
5.00000E-01	2.02247E+01	8.88351E+04
5.00000E-01	2.05056E+01	8.79390E+04
5.00000E-01	2.07865E+01	8.70645E+04
5.00000E-01	2.10674E+01	8.62011E+04
5.00000E-01	2.13483E+01	8.52680E+04
5.00000E-01	2.16292E+01	8.43346E+04
5.00000E-01	2.19101E+01	8.34260E+04
5.00000E-01	2.21910E+01	8.25221E+04
5.00000E-01	2.24719E+01	8.15864E+04
5.00000E-01	2.27528E+01	8.06668E+04
5.00000E-01	2.30337E+01	7.97699E+04
5.00000E-01	2.33146E+01	7.88637E+04
5.00000E-01	2.35955E+01	7.79595E+04
5.00000E-01	2.38764E+01	7.70789E+04
5.00000E-01	2.41573E+01	7.62133E+04
5.00000E-01	2.44382E+01	7.53445E+04
5.00000E-01	2.47191E+01	7.44915E+04
5.00000E-01	2.50000E+01	7.36597E+04
6.00000E-01	0.00000E+00	1.18275E+00
6.00000E-01	2.80899E-01	4.00820E+00
6.00000E-01	5.61798E-01	9.40619E+00
6.00000E-01	8.42697E-01	1.41302E+01
6.00000E-01	1.12360E+00	1.65888E+01
6.00000E-01	1.40449E+00	3.14708E+01
6.00000E-01	1.68539E+00	2.15916E+03
6.00000E-01	1.96629E+00	1.38109E+04
6.00000E-01	2.24719E+00	1.29756E+04
6.00000E-01	2.52809E+00	1.12905E+04
6.00000E-01	2.80899E+00	9.91901E+03
6.00000E-01	3.08989E+00	8.83480E+03
6.00000E-01	3.37079E+00	7.98052E+03
6.00000E-01	3.65169E+00	7.30366E+03
6.00000E-01	3.93258E+00	6.76763E+03
6.00000E-01	4.21348E+00	6.34164E+03
6.00000E-01	4.49438E+00	5.98043E+03
6.00000E-01	4.77528E+00	5.71562E+03
6.00000E-01	5.05618E+00	5.49573E+03
6.00000E-01	5.33708E+00	5.35115E+03
6.00000E-01	5.61798E+00	5.23831E+03
6.00000E-01	5.89888E+00	5.17663E+03
6.00000E-01	6.17978E+00	5.14332E+03
6.00000E-01	6.46067E+00	5.14726E+03
6.00000E-01	6.74157E+00	5.19217E+03
6.00000E-01	7.02247E+00	5.25722E+03
6.00000E-01	7.30337E+00	5.37627E+03
6.00000E-01	7.58427E+00	5.50842E+03
6.00000E-01	7.86517E+00	5.69641E+03
6.00000E-01	8.14607E+00	5.90178E+03
6.00000E-01	8.42697E+00	6.15838E+03
6.00000E-01	8.70787E+00	6.45411E+03
6.00000E-01	8.98876E+00	6.79746E+03
6.00000E-01	9.26966E+00	7.21821E+03
6.00000E-01	9.55056E+00	7.68076E+03
6.00000E-01	9.83146E+00	8.26125E+03
6.00000E-01	1.01124E+01	8.90874E+03
6.00000E-01	1.03933E+01	9.71021E+03
6.00000E-01	1.06742E+01	1.06205E+04
6.00000E-01	1.09551E+01	1.16958E+04
6.00000E-01	1.12360E+01	1.29885E+04
6.00000E-01	1.15169E+01	1.44463E+04
6.00000E-01	1.17978E+01	1.62772E+04
6.00000E-01	1.20787E+01	1.82992E+04
6.00000E-01	1.23596E+01	2.08461E+04
6.00000E-01	1.26404E+01	2.36805E+04
6.00000E-01	1.29213E+01	2.70879E+04
6.00000E-01	1.32022E+01	3.09070E+04
6.00000E-01	1.34831E+01	3.51478E+04
6.00000E-01	1.37640E+01	3.97304E+04
6.00000E-01	1.40449E+01	4.43895E+04
6.00000E-01	1.43258E+01	4.89737E+04
6.00000E-01	1.46067E+01	5.32863E+04
6.00000E-01	1.48876E+01	5.70910E+04
6.00000E-01	1.51685E+01	6.04735E+04
6.00000E-01	1.54494E+01	6.31899E+04
6.00000E-01	1.57303E+01	6.54249E+04
6.00000E-01	1.60112E+01	6.71431E+04
6.00000E-01	1.62921E+01	6.84034E+04
6.00000E-01	1.65730E+01	6.93727E+04
6.00000E-01	1.68539E+01	7.00357E+04
6.00000E-01	1.71348E+01	7.04329E+04
6.00000E-01	1.74157E+01	7.05713E+04
6.00000E-01	1.76966E+01	7.05706E+04
6.00000E-01	1.79775E+01	7.04095E+04
6.00000E-01	1.82584E+01	7.01477E+04
6.00000E-01	1.85393E+01	6.97933E+04
6.00000E-01	1.88202E+01	6.93683E+04
6.00000E-01	1.91011E+01	6.88740E+04
6.00000E-01	1.93820E+01	6.83143E+04
6.00000E-01	1.96629E+01	6.77328E+04
6.00000E-01	1.99438E+01	6.71084E+04
6.00000E-01	2.02247E+01	6.64575E+04
6.00000E-01	2.05056E+01	6.57879E+04
6.00000E-01	2.07865E+01	6.51336E+04
6.00000E-01	2.10674E+01	6.44861E+04
6.00000E-01	2.13483E+01	6.37895E+04
6.00000E-01	2.16292E+01	6.30914E+04
6.00000E-01	2.19101E+01	6.24115E+04
6.00000E-01	2.21910E+01	6.17345E+04
6.00000E-01	2.24719E+01	6.10354E+04
6.00000E-01	2.27528E+01	6.03475E+04
6.00000E-01	2.30337E+01	5.96760E+04
6.00000E-01	2.33146E+01	5.89983E+04
6.00000E-01	2.35955E+01	5.83221E+04
6.00000E-01	2.38764E+01	5.76633E+04
6.00000E-01	2.41573E+01	5.70154E+04
6.00000E-01	2.44382E+01	5.63657E+04
6.00000E-01	2.47191E+01	5.57277E+04
6.00000E-01	2.50000E+01	5.51053E+04
7.00000E-01	0.00000E+00	1.18892E+00
7.00000E-01	2.80899E-01	3.36759E+00
7.00000E-01	5.61798E-01	7.41061E+00
7.00000E-01	8.42697E-01	1.10029E+01
7.00000E-01	1.12360E+00	1.32299E+01
7.00000E-01	1.40449E+00	4.47773E+01
7.00000E-01	1.68539E+00	2.08537E+03
7.00000E-01	1.96629E+00	1.05293E+04
7.00000E-01	2.24719E+00	1.00738E+04
7.00000E-01	2.52809E+00	8.77564E+03
7.00000E-01	2.80899E+00	7.71099E+03
7.00000E-01	3.08989E+00	6.86868E+03
7.00000E-01	3.37079E+00	6.20472E+03
7.00000E-01	3.65169E+00	5.67870E+03
7.00000E-01	3.93258E+00	5.26196E+03
7.00000E-01	4.21348E+00	4.93030E+03
7.00000E-01	4.49438E+00	4.65069E+03
7.00000E-01	4.77528E+00	4.44365E+03
7.00000E-01	5.05618E+00	4.27407E+03
7.00000E-01	5.33708E+00	4.16035E+03
7.00000E-01	5.61798E+00	4.07359E+03
7.00000E-01	5.89888E+00	4.02490E+03
7.00000E-01	6.17978E+00	3.99942E+03
7.00000E-01	6.46067E+00	4.00270E+03
7.00000E-01	6.74157E+00	4.03705E+03
7.00000E-01	7.02247E+00	4.08888E+03
7.00000E-01	7.30337E+00	4.18004E+03
7.00000E-01	7.58427E+00	4.28438E+03
7.00000E-01	7.86517E+00	4.42915E+03
7.00000E-01	8.14607E+00	4.58996E+03
7.00000E-01	8.42697E+00	4.78884E+03
7.00000E-01	8.70787E+00	5.01911E+03
7.00000E-01	8.98876E+00	5.28680E+03
7.00000E-01	9.26966E+00	5.61281E+03
7.00000E-01	9.55056E+00	5.97494E+03
7.00000E-01	9.83146E+00	6.42400E+03
7.00000E-01	1.01124E+01	6.93064E+03
7.00000E-01	1.03933E+01	7.55147E+03
7.00000E-01	1.06742E+01	8.26123E+03
7.00000E-01	1.09551E+01	9.09810E+03
7.00000E-01	1.12360E+01	1.01015E+04
7.00000E-01	1.15169E+01	1.12414E+04
7.00000E-01	1.17978E+01	1.26582E+04
7.00000E-01	1.20787E+01	1.42414E+04
7.00000E-01	1.23596E+01	1.62119E+04
7.00000E-01	1.26404E+01	1.84255E+04
7.00000E-01	1.29213E+01	2.10687E+04
7.00000E-01	1.32022E+01	2.40396E+04
7.00000E-01	1.34831E+01	2.73375E+04
7.00000E-01	1.37640E+01	3.08937E+04
7.00000E-01	1.40449E+01	3.45160E+04
7.00000E-01	1.43258E+01	3.80760E+04
7.00000E-01	1.46067E+01	4.14235E+04
7.00000E-01	1.48876E+01	4.43851E+04
7.00000E-01	1.51685E+01	4.70072E+04
7.00000E-01	1.54494E+01	4.91245E+04
7.00000E-01	1.57303E+01	5.08598E+04
7.00000E-01	1.60112E+01	5.21959E+04
7.00000E-01	1.62921E+01	5.31796E+04
7.00000E-01	1.65730E+01	5.39313E+04
7.00000E-01	1.68539E+01	5.44483E+04
7.00000E-01	1.71348E+01	5.47554E+04
7.00000E-01	1.74157E+01	5.48662E+04
7.00000E-01	1.76966E+01	5.48644E+04
7.00000E-01	1.79775E+01	5.47404E+04
7.00000E-01	1.82584E+01	5.45368E+04
7.00000E-01	1.85393E+01	5.42614E+04
7.00000E-01	1.88202E+01	5.39311E+04
7.00000E-01	1.91011E+01	5.35464E+04
7.00000E-01	1.93820E+01	5.31125E+04
7.00000E-01	1.96629E+01	5.26596E+04
7.00000E-01	1.99438E+01	5.21747E+04
7.00000E-01	2.02247E+01	5.16685E+04
7.00000E-01	2.05056E+01	5.11485E+04
7.00000E-01	2.07865E+01	5.06397E+04
7.00000E-01	2.10674E+01	5.01351E+04
7.00000E-01	2.13483E+01	4.95947E+04
7.00000E-01	2.16292E+01	4.90521E+04
7.00000E-01	2.19101E+01	4.85233E+04
7.00000E-01	2.21910E+01	4.79964E+04
7.00000E-01	2.24719E+01	4.74535E+04
7.00000E-01	2.27528E+01	4.69188E+04
7.00000E-01	2.30337E+01	4.63963E+04
7.00000E-01	2.33146E+01	4.58696E+04
7.00000E-01	2.35955E+01	4.53441E+04
7.00000E-01	2.38764E+01	4.48318E+04
7.00000E-01	2.41573E+01	4.43278E+04
7.00000E-01	2.44382E+01	4.38230E+04
7.00000E-01	2.47191E+01	4.33270E+04
7.00000E-01	2.50000E+01	4.28429E+04
8.00000E-01	0.00000E+00	1.19202E+00
8.00000E-01	2.80899E-01	2.92131E+00
8.00000E-01	5.61798E-01	6.04529E+00
8.00000E-01	8.42697E-01	8.87901E+00
8.00000E-01	1.12360E+00	1.15864E+01
8.00000E-01	1.40449E+00	6.56797E+01
8.00000E-01	1.68539E+00	1.97296E+03
8.00000E-01	1.96629E+00	8.28671E+03
8.00000E-01	2.24719E+00	8.07787E+03
8.00000E-01	2.52809E+00	7.04895E+03
8.00000E-01	2.80899E+00	6.19516E+03
8.00000E-01	3.08989E+00	5.51896E+03
8.00000E-01	3.37079E+00	4.98568E+03
8.00000E-01	3.65169E+00	4.56320E+03
8.00000E-01	3.93258E+00	4.22838E+03
8.00000E-01	4.21348E+00	3.96151E+03
8.00000E-01	4.49438E+00	3.73778E+03
8.00000E-01	4.77528E+00	3.57058E+03
8.00000E-01	5.05618E+00	3.43531E+03
8.00000E-01	5.33708E+00	3.34302E+03
8.00000E-01	5.61798E+00	3.27400E+03
8.00000E-01	5.89888E+00	3.23438E+03
8.00000E-01	6.17978E+00	3.21422E+03
8.00000E-01	6.46067E+00	3.21702E+03
8.00000E-01	6.74157E+00	3.24420E+03
8.00000E-01	7.02247E+00	3.28675E+03
8.00000E-01	7.30337E+00	3.35902E+03
8.00000E-01	7.58427E+00	3.44400E+03
8.00000E-01	7.86517E+00	3.55937E+03
8.00000E-01	8.14607E+00	3.68943E+03
8.00000E-01	8.42697E+00	3.84884E+03
8.00000E-01	8.70787E+00	4.03413E+03
8.00000E-01	8.98876E+00	4.24984E+03
8.00000E-01	9.26966E+00	4.51100E+03
8.00000E-01	9.55056E+00	4.80383E+03
8.00000E-01	9.83146E+00	5.16316E+03
8.00000E-01	1.01124E+01	5.57261E+03
8.00000E-01	1.03933E+01	6.06998E+03
8.00000E-01	1.06742E+01	6.64182E+03
8.00000E-01	1.09551E+01	7.31510E+03
8.00000E-01	1.12360E+01	8.12027E+03
8.00000E-01	1.15169E+01	9.04104E+03
8.00000E-01	1.17978E+01	1.01748E+04
8.00000E-01	1.20787E+01	1.14551E+04
8.00000E-01	1.23596E+01	1.30320E+04
8.00000E-01	1.26404E+01	1.48180E+04
8.00000E-01	1.29213E+01	1.69378E+04
8.00000E-01	1.32022E+01	1.93261E+04
8.00000E-01	1.34831E+01	2.19761E+04
8.00000E-01	1.37640E+01	2.48284E+04
8.00000E-01	1.40449E+01	2.77381E+04
8.00000E-01	1.43258E+01	3.05952E+04
8.00000E-01	1.46067E+01	3.32805E+04
8.00000E-01	1.48876E+01	3.56624E+04
8.00000E-01	1.51685E+01	3.77635E+04
8.00000E-01	1.54494E+01	3.94686E+04
8.00000E-01	1.57303E+01	4.08612E+04
8.00000E-01	1.60112E+01	4.19352E+04
8.00000E-01	1.62921E+01	4.27286E+04
8.00000E-01	1.65730E+01	4.33313E+04
8.00000E-01	1.68539E+01	4.37479E+04
8.00000E-01	1.71348E+01	4.39935E+04
8.00000E-01	1.74157E+01	4.40850E+04
8.00000E-01	1.76966E+01	4.40827E+04
8.00000E-01	1.79775E+01	4.39840E+04
8.00000E-01	1.82584E+01	4.38204E+04
8.00000E-01	1.85393E+01	4.35994E+04
8.00000E-01	1.88202E+01	4.33340E+04
8.00000E-01	1.91011E+01	4.30247E+04
8.00000E-01	1.93820E+01	4.26769E+04
8.00000E-01	1.96629E+01	4.23125E+04
8.00000E-01	1.99438E+01	4.19232E+04
8.00000E-01	2.02247E+01	4.15165E+04
8.00000E-01	2.05056E+01	4.10992E+04
8.00000E-01	2.07865E+01	4.06903E+04
8.00000E-01	2.10674E+01	4.02838E+04
8.00000E-01	2.13483E+01	3.98504E+04
8.00000E-01	2.16292E+01	3.94146E+04
8.00000E-01	2.19101E+01	3.89896E+04
8.00000E-01	2.21910E+01	3.85658E+04
8.00000E-01	2.24719E+01	3.81301E+04
8.00000E-01	2.27528E+01	3.77005E+04
8.00000E-01	2.30337E+01	3.72803E+04
8.00000E-01	2.33146E+01	3.68572E+04
8.00000E-01	2.35955E+01	3.64352E+04
8.00000E-01	2.38764E+01	3.60235E+04
8.00000E-01	2.41573E+01	3.56183E+04
8.00000E-01	2.44382E+01	3.52129E+04
8.00000E-01	2.47191E+01	3.48144E+04
8.00000E-01	2.50000E+01	3.44253E+04
9.00000E-01	0.00000E+00	1.19325E+00
9.00000E-01	2.80899E-01	2.59688E+00
9.00000E-01	5.61798E-01	5.08264E+00
9.00000E-01	8.42697E-01	7.43983E+00
9.00000E-01	1.12360E+00	1.15910E+01
9.00000E-01	1.40449E+00	9.19662E+01
9.00000E-01	1.68539E+00	1.85087E+03
9.00000E-01	1.96629E+00	6.70126E+03
9.00000E-01	2.24719E+00	6.65287E+03
9.00000E-01	2.52809E+00	5.81921E+03
9.00000E-01	2.80899E+00	5.11590E+03
9.00000E-01	3.08989E+00	4.55802E+03
9.00000E-01	3.37079E+00	4.11781E+03
9.00000E-01	3.65169E+00	3.76904E+03
9.00000E-01	3.93258E+00	3.49255E+03
9.00000E-01	4.21348E+00	3.27184E+03
9.00000E-01	4.49438E+00	3.08780E+03
9.00000E-01	4.77528E+00	2.94911E+03
9.00000E-01	5.05618E+00	2.83810E+03
9.00000E-01	5.33708E+00	2.76124E+03
9.00000E-01	5.61798E+00	2.70472E+03
9.00000E-01	5.89888E+00	2.67165E+03
9.00000E-01	6.17978E+00	2.65524E+03
9.00000E-01	6.46067E+00	2.65768E+03
9.00000E-01	6.74157E+00	2.67984E+03
9.00000E-01	7.02247E+00	2.71564E+03
9.00000E-01	7.30337E+00	2.77464E+03
9.00000E-01	7.58427E+00	2.84564E+03
9.00000E-01	7.86517E+00	2.94027E+03
9.00000E-01	8.14607E+00	3.04831E+03
9.00000E-01	8.42697E+00	3.17974E+03
9.00000E-01	8.70787E+00	3.33299E+03
9.00000E-01	8.98876E+00	3.51165E+03
9.00000E-01	9.26966E+00	3.72680E+03
9.00000E-01	9.55056E+00	3.97003E+03
9.00000E-01	9.83146E+00	4.26584E+03
9.00000E-01	1.01124E+01	4.60573E+03
9.00000E-01	1.03933E+01	5.01561E+03
9.00000E-01	1.06742E+01	5.48907E+03
9.00000E-01	1.09551E+01	6.04593E+03
9.00000E-01	1.12360E+01	6.71026E+03
9.00000E-01	1.15169E+01	7.47439E+03
9.00000E-01	1.17978E+01	8.40772E+03
9.00000E-01	1.20787E+01	9.47118E+03
9.00000E-01	1.23596E+01	1.07692E+04
9.00000E-01	1.26404E+01	1.22497E+04
9.00000E-01	1.29213E+01	1.39978E+04
9.00000E-01	1.32022E+01	1.59710E+04
9.00000E-01	1.34831E+01	1.81594E+04
9.00000E-01	1.37640E+01	2.05110E+04
9.00000E-01	1.40449E+01	2.29128E+04
9.00000E-01	1.43258E+01	2.52694E+04
9.00000E-01	1.46067E+01	2.74834E+04
9.00000E-01	1.48876E+01	2.94519E+04
9.00000E-01	1.51685E+01	3.11828E+04
9.00000E-01	1.54494E+01	3.25938E+04
9.00000E-01	1.57303E+01	3.37428E+04
9.00000E-01	1.60112E+01	3.46302E+04
9.00000E-01	1.62921E+01	3.52878E+04
9.00000E-01	1.65730E+01	3.57849E+04
9.00000E-01	1.68539E+01	3.61296E+04
9.00000E-01	1.71348E+01	3.63320E+04
9.00000E-01	1.74157E+01	3.64093E+04
9.00000E-01	1.76966E+01	3.64069E+04
9.00000E-01	1.79775E+01	3.63262E+04
9.00000E-01	1.82584E+01	3.61911E+04
9.00000E-01	1.85393E+01	3.60087E+04
9.00000E-01	1.88202E+01	3.57896E+04
9.00000E-01	1.91011E+01	3.55341E+04
9.00000E-01	1.93820E+01	3.52475E+04
9.00000E-01	1.96629E+01	3.49461E+04
9.00000E-01	1.99438E+01	3.46249E+04
9.00000E-01	2.02247E+01	3.42890E+04
9.00000E-01	2.05056E+01	3.39448E+04
9.00000E-01	2.07865E+01	3.36070E+04
9.00000E-01	2.10674E+01	3.32705E+04
9.00000E-01	2.13483E+01	3.29132E+04
9.00000E-01	2.16292E+01	3.25535E+04
9.00000E-01	2.19101E+01	3.22023E+04
9.00000E-01	2.21910E+01	3.18519E+04
9.00000E-01	2.24719E+01	3.14925E+04
9.00000E-01	2.27528E+01	3.11377E+04
9.00000E-01	2.30337E+01	3.07904E+04
9.00000E-01	2.33146E+01	3.04411E+04
9.00000E-01	2.35955E+01	3.00928E+04
9.00000E-01	2.38764E+01	2.97527E+04
9.00000E-01	2.41573E+01	2.94178E+04
9.00000E-01	2.44382E+01	2.90832E+04
9.00000E-01	2.47191E+01	2.87541E+04
9.00000E-01	2.50000E+01	2.84326E+04
1.00000E+00	0.00000E+00	1.19333E+00
1.00000E+00	2.80899E-01	2.35404E+00
1.00000E+00	5.61798E-01	4.39337E+00
1.00000E+00	8.42697E-01	6.54522E+00
1.00000E+00	1.12360E+00	1.33020E+01
1.00000E+00	1.40449E+00	1.21379E+02
1.00000E+00	1.68539E+00	1.73166E+03
1.00000E+00	1.96629E+00	5.54443E+03
1.00000E+00	2.24719E+00	5.59989E+03
1.00000E+00	2.52809E+00	4.91317E+03
1.00000E+00	2.80899E+00	4.32112E+03
1.00000E+00	3.08989E+00	3.85042E+03
1.00000E+00	3.37079E+00	3.47877E+03
1.00000E+00	3.65169E+00	3.18429E+03
1.00000E+00	3.93258E+00	2.95075E+03
1.00000E+00	4.21348E+00	2.76407E+03
1.00000E+00	4.49438E+00	2.60918E+03
1.00000E+00	4.77528E+00	2.49158E+03
1.00000E+00	5.05618E+00	2.39832E+03
1.00000E+00	5.33708E+00	2.33295E+03
1.00000E+00	5.61798E+00	2.28553E+03
1.00000E+00	5.89888E+00	2.25738E+03
1.00000E+00	6.17978E+00	2.24369E+03
1.00000E+00	6.46067E+00	2.24586E+03
1.00000E+00	6.74157E+00	2.26438E+03
1.00000E+00	7.02247E+00	2.29509E+03
1.00000E+00	7.30337E+00	2.34446E+03
1.00000E+00	7.58427E+00	2.40503E+03
1.00000E+00	7.86517E+00	2.48452E+03
1.00000E+00	8.14607E+00	2.57626E+03
1.00000E+00	8.42697E+00	2.68717E+03
1.00000E+00	8.70787E+00	2.81682E+03
1.00000E+00	8.98876E+00	2.96815E+03
1.00000E+00	9.26966E+00	3.14957E+03
1.00000E+00	9.55056E+00	3.35608E+03
1.00000E+00	9.83146E+00	3.60540E+03
1.00000E+00	1.01124E+01	3.89381E+03
1.00000E+00	1.03933E+01	4.23956E+03
1.00000E+00	1.06742E+01	4.64045E+03
1.00000E+00	1.09551E+01	5.11163E+03
1.00000E+00	1.12360E+01	5.67250E+03
1.00000E+00	1.15169E+01	6.32083E+03
1.00000E+00	1.17978E+01	7.10733E+03
1.00000E+00	1.20787E+01	8.01026E+03
1.00000E+00	1.23596E+01	9.10410E+03
1.00000E+00	1.26404E+01	1.03588E+04
1.00000E+00	1.29213E+01	1.18339E+04
1.00000E+00	1.32022E+01	1.35012E+04
1.00000E+00	1.34831E+01	1.53493E+04
1.00000E+00	1.37640E+01	1.73326E+04
1.00000E+00	1.40449E+01	1.93599E+04
1.00000E+00	1.43258E+01	2.13479E+04
1.00000E+00	1.46067E+01	2.32152E+04
1.00000E+00	1.48876E+01	2.48787E+04
1.00000E+00	1.51685E+01	2.63376E+04
1.00000E+00	1.54494E+01	2.75315E+04
1.00000E+00	1.57303E+01	2.85014E+04
1.00000E+00	1.60112E+01	2.92514E+04
1.00000E+00	1.62921E+01	2.98089E+04
1.00000E+00	1.65730E+01	3.02284E+04
1.00000E+00	1.68539E+01	3.05201E+04
1.00000E+00	1.71348E+01	3.06908E+04
1.00000E+00	1.74157E+01	3.07576E+04
1.00000E+00	1.76966E+01	3.07552E+04
1.00000E+00	1.79775E+01	3.06877E+04
1.00000E+00	1.82584E+01	3.05737E+04
1.00000E+00	1.85393E+01	3.04198E+04
1.00000E+00	1.88202E+01	3.02346E+04
1.00000E+00	1.91011E+01	3.00188E+04
1.00000E+00	1.93820E+01	2.97771E+04
1.00000E+00	1.96629E+01	2.95223E+04
1.00000E+00	1.99438E+01	2.92511E+04
1.00000E+00	2.02247E+01	2.89675E+04
1.00000E+00	2.05056E+01	2.86770E+04
1.00000E+00	2.07865E+01	2.83916E+04
1.00000E+00	2.10674E+01	2.81066E+04
1.00000E+00	2.13483E+01	2.78054E+04
1.00000E+00	2.16292E+01	2.75017E+04
1.00000E+00	2.19101E+01	2.72048E+04
1.00000E+00	2.21910E+01	2.69085E+04
1.00000E+00	2.24719E+01	2.66053E+04
1.00000E+00	2.27528E+01	2.63056E+04
1.00000E+00	2.30337E+01	2.60120E+04
1.00000E+00	2.33146E+01	2.57170E+04
1.00000E+00	2.35955E+01	2.54228E+04
1.00000E+00	2.38764E+01	2.51354E+04
1.00000E+00	2.41573E+01	2.48524E+04
1.00000E+00	2.44382E+01	2.45699E+04
1.00000E+00	2.47191E+01	2.42919E+04
1.00000E+00	2.50000E+01	2.40202E+04
1.50000E+00	0.00000E+00	1.20127E+00
1.50000E+00	2.80899E-01	1.86758E+00
1.50000E+00	5.61798E-01	3.64354E+00
1.50000E+00	8.42697E-01	9.56569E+00
1.50000E+00	1.12360E+00	4.12515E+01
1.50000E+00	1.40449E+00	2.33322E+02
1.50000E+00	1.68539E+00	1.12453E+03
1.50000E+00	1.96629E+00	2.41869E+03
1.50000E+00	2.24719E+00	2.59828E+03
1.50000E+00	2.52809E+00	2.33437E+03
1.50000E+00	2.80899E+00	2.06275E+03
1.50000E+00	3.08989E+00	1.84040E+03
1.50000E+00	3.37079E+00	1.66364E+03
1.50000E+00	3.65169E+00	1.52332E+03
1.50000E+00	3.93258E+00	1.41177E+03
1.50000E+00	4.21348E+00	1.32220E+03
1.50000E+00	4.49438E+00	1.24922E+03
1.50000E+00	4.77528E+00	1.19249E+03
1.50000E+00	5.05618E+00	1.14865E+03
1.50000E+00	5.33708E+00	1.11686E+03
1.50000E+00	5.61798E+00	1.09461E+03
1.50000E+00	5.89888E+00	1.08092E+03
1.50000E+00	6.17978E+00	1.07470E+03
1.50000E+00	6.46067E+00	1.07596E+03
1.50000E+00	6.74157E+00	1.08462E+03
1.50000E+00	7.02247E+00	1.10003E+03
1.50000E+00	7.30337E+00	1.12311E+03
1.50000E+00	7.58427E+00	1.15292E+03
1.50000E+00	7.86517E+00	1.19047E+03
1.50000E+00	8.14607E+00	1.23510E+03
1.50000E+00	8.42697E+00	1.28822E+03
1.50000E+00	8.70787E+00	1.35071E+03
1.50000E+00	8.98876E+00	1.42398E+03
1.50000E+00	9.26966E+00	1.51057E+03
1.50000E+00	9.55056E+00	1.61118E+03
1.50000E+00	9.83146E+00	1.73031E+03
1.50000E+00	1.01124E+01	1.87036E+03
1.50000E+00	1.03933E+01	2.03580E+03
1.50000E+00	1.06742E+01	2.22948E+03
1.50000E+00	1.09551E+01	2.45695E+03
1.50000E+00	1.12360E+01	2.72579E+03
1.50000E+00	1.15169E+01	3.04102E+03
1.50000E+00	1.17978E+01	3.41614E+03
1.50000E+00	1.20787E+01	3.85561E+03
1.50000E+00	1.23596E+01	4.37696E+03
1.50000E+00	1.26404E+01	4.98355E+03
1.50000E+00	1.29213E+01	5.68740E+03
1.50000E+00	1.32022E+01	6.48462E+03
1.50000E+00	1.34831E+01	7.36529E+03
1.50000E+00	1.37640E+01	8.30561E+03
1.50000E+00	1.40449E+01	9.26789E+03
1.50000E+00	1.43258E+01	1.02105E+04
1.50000E+00	1.46067E+01	1.10953E+04
1.50000E+00	1.48876E+01	1.18893E+04
1.50000E+00	1.51685E+01	1.25805E+04
1.50000E+00	1.54494E+01	1.31537E+04
1.50000E+00	1.57303E+01	1.36169E+04
1.50000E+00	1.60112E+01	1.39771E+04
1.50000E+00	1.62921E+01	1.42477E+04
1.50000E+00	1.65730E+01	1.44486E+04
1.50000E+00	1.68539E+01	1.45885E+04
1.50000E+00	1.71348E+01	1.46709E+04
1.50000E+00	1.74157E+01	1.47056E+04
1.50000E+00	1.76966E+01	1.47047E+04
1.50000E+00	1.79775E+01	1.46738E+04
1.50000E+00	1.82584E+01	1.46197E+04
1.50000E+00	1.85393E+01	1.45467E+04
1.50000E+00	1.88202E+01	1.44581E+04
1.50000E+00	1.91011E+01	1.43552E+04
1.50000E+00	1.93820E+01	1.42406E+04
1.50000E+00	1.96629E+01	1.41185E+04
1.50000E+00	1.99438E+01	1.39891E+04
1.50000E+00	2.02247E+01	1.38539E+04
1.50000E+00	2.05056E+01	1.37159E+04
1.50000E+00	2.07865E+01	1.35790E+04
1.50000E+00	2.10674E+01	1.34414E+04
1.50000E+00	2.13483E+01	1.32984E+04
1.50000E+00	2.16292E+01	1.31539E+04
1.50000E+00	2.19101E+01	1.30115E+04
1.50000E+00	2.21910E+01	1.28692E+04
1.50000E+00	2.24719E+01	1.27249E+04
1.50000E+00	2.27528E+01	1.25818E+04
1.50000E+00	2.30337E+01	1.24408E+04
1.50000E+00	2.33146E+01	1.22999E+04
1.50000E+00	2.35955E+01	1.21597E+04
1.50000E+00	2.38764E+01	1.20221E+04
1.50000E+00	2.41573E+01	1.18865E+04
1.50000E+00	2.44382E+01	1.17516E+04
1.50000E+00	2.47191E+01	1.16188E+04
1.50000E+00	2.50000E+01	1.14886E+04
2.00000E+00	0.00000E+00	1.26688E+00
2.00000E+00	2.80899E-01	1.97167E+00
2.00000E+00	5.61798E-01	4.19008E+00
2.00000E+00	8.42697E-01	1.12491E+01
2.00000E+00	1.12360E+00	3.56216E+01
2.00000E+00	1.40449E+00	1.19434E+02
2.00000E+00	1.68539E+00	3.36141E+02
2.00000E+00	1.96629E+00	5.80627E+02
2.00000E+00	2.24719E+00	6.39725E+02
2.00000E+00	2.52809E+00	5.91555E+02
2.00000E+00	2.80899E+00	5.27988E+02
2.00000E+00	3.08989E+00	4.72579E+02
2.00000E+00	3.37079E+00	4.27701E+02
2.00000E+00	3.65169E+00	3.91855E+02
2.00000E+00	3.93258E+00	3.63241E+02
2.00000E+00	4.21348E+00	3.40235E+02
2.00000E+00	4.49438E+00	3.21665E+02
2.00000E+00	4.77528E+00	3.07096E+02
2.00000E+00	5.05618E+00	2.95917E+02
2.00000E+00	5.33708E+00	2.87720E+02
2.00000E+00	5.61798E+00	2.82035E+02
2.00000E+00	5.89888E+00	2.78530E+02
2.00000E+00	6.17978E+00	2.76998E+02
2.00000E+00	6.46067E+00	2.77381E+02
2.00000E+00	6.74157E+00	2.79635E+02
2.00000E+00	7.02247E+00	2.83700E+02
2.00000E+00	7.30337E+00	2.89642E+02
2.00000E+00	7.58427E+00	2.97414E+02
2.00000E+00	7.86517E+00	3.07094E+02
2.00000E+00	8.14607E+00	3.18709E+02
2.00000E+00	8.42697E+00	3.32490E+02
2.00000E+00	8.70787E+00	3.48724E+02
2.00000E+00	8.98876E+00	3.67797E+02
2.00000E+00	9.26966E+00	3.90231E+02
2.00000E+00	9.55056E+00	4.16479E+02
2.00000E+00	9.83146E+00	4.47401E+02
2.00000E+00	1.01124E+01	4.83852E+02
2.00000E+00	1.03933E+01	5.26761E+02
2.00000E+00	1.06742E+01	5.77126E+02
2.00000E+00	1.09551E+01	6.36314E+02
2.00000E+00	1.12360E+01	7.06090E+02
2.00000E+00	1.15169E+01	7.88263E+02
2.00000E+00	1.17978E+01	8.85449E+02
2.00000E+00	1.20787E+01	9.99881E+02
2.00000E+00	1.23596E+01	1.13465E+03
2.00000E+00	1.26404E+01	1.29174E+03
2.00000E+00	1.29213E+01	1.47289E+03
2.00000E+00	1.32022E+01	1.67753E+03
2.00000E+00	1.34831E+01	1.90267E+03
2.00000E+00	1.37640E+01	2.14213E+03
2.00000E+00	1.40449E+01	2.38685E+03
2.00000E+00	1.43258E+01	2.62653E+03
2.00000E+00	1.46067E+01	2.85162E+03
2.00000E+00	1.48876E+01	3.05447E+03
2.00000E+00	1.51685E+01	3.23094E+03
2.00000E+00	1.54494E+01	3.37831E+03
2.00000E+00	1.57303E+01	3.49754E+03
2.00000E+00	1.60112E+01	3.59073E+03
2.00000E+00	1.62921E+01	3.66125E+03
2.00000E+00	1.65730E+01	3.71332E+03
2.00000E+00	1.68539E+01	3.74948E+03
2.00000E+00	1.71348E+01	3.77113E+03
2.00000E+00	1.74157E+01	3.78067E+03
2.00000E+00	1.76966E+01	3.78075E+03
2.00000E+00	1.79775E+01	3.77317E+03
2.00000E+00	1.82584E+01	3.75949E+03
2.00000E+00	1.85393E+01	3.74088E+03
2.00000E+00	1.88202E+01	3.71818E+03
2.00000E+00	1.91011E+01	3.69184E+03
2.00000E+00	1.93820E+01	3.66259E+03
2.00000E+00	1.96629E+01	3.63120E+03
2.00000E+00	1.99438E+01	3.59802E+03
2.00000E+00	2.02247E+01	3.56342E+03
2.00000E+00	2.05056E+01	3.52813E+03
2.00000E+00	2.07865E+01	3.49283E+03
2.00000E+00	2.10674E+01	3.45721E+03
2.00000E+00	2.13483E+01	3.42061E+03
2.00000E+00	2.16292E+01	3.38362E+03
2.00000E+00	2.19101E+01	3.34690E+03
2.00000E+00	2.21910E+01	3.31020E+03
2.00000E+00	2.24719E+01	3.27325E+03
2.00000E+00	2.27528E+01	3.23650E+03
2.00000E+00	2.30337E+01	3.20014E+03
2.00000E+00	2.33146E+01	3.16393E+03
2.00000E+00	2.35955E+01	3.12796E+03
2.00000E+00	2.38764E+01	3.09254E+03
2.00000E+00	2.41573E+01	3.05760E+03
2.00000E+00	2.44382E+01	3.02298E+03
2.00000E+00	2.47191E+01	2.98885E+03
2.00000E+00	2.50000E+01	2.95531E+03
2.50000E+00	0.00000E+00	1.29732E+00
2.50000E+00	2.80899E-01	1.87457E+00
2.50000E+00	5.61798E-01	3.38619E+00
2.50000E+00	8.42697E-01	7.30521E+00
2.50000E+00	1.12360E+00	1.72444E+01
2.50000E+00	1.40449E+00	4.11312E+01
2.50000E+00	1.68539E+00	8.48994E+01
2.50000E+00	1.96629E+00	1.27546E+02
2.50000E+00	2.24719E+00	1.41060E+02
2.50000E+00	2.52809E+00	1.33734E+02
2.50000E+00	2.80899E+00	1.20983E+02
2.50000E+00	3.08989E+00	1.08902E+02
2.50000E+00	3.37079E+00	9.87937E+01
2.50000E+00	3.65169E+00	9.06113E+01
2.50000E+00	3.93258E+00	8.40373E+01
2.50000E+00	4.21348E+00	7.87442E+01
2.50000E+00	4.49438E+00	7.44903E+01
2.50000E+00	4.77528E+00	7.11419E+01
2.50000E+00	5.05618E+00	6.85748E+01
2.50000E+00	5.33708E+00	6.66857E+01
2.50000E+00	5.61798E+00	6.53786E+01
2.50000E+00	5.89888E+00	6.45784E+01
2.50000E+00	6.17978E+00	6.42403E+01
2.50000E+00	6.46067E+00	6.43451E+01
2.50000E+00	6.74157E+00	6.48812E+01
2.50000E+00	7.02247E+00	6.58413E+01
2.50000E+00	7.30337E+00	6.72301E+01
2.50000E+00	7.58427E+00	6.90484E+01
2.50000E+00	7.86517E+00	7.13074E+01
2.50000E+00	8.14607E+00	7.40268E+01
2.50000E+00	8.42697E+00	7.72540E+01
2.50000E+00	8.70787E+00	8.10586E+01
2.50000E+00	8.98876E+00	8.55315E+01
2.50000E+00	9.26966E+00	9.07862E+01
2.50000E+00	9.55056E+00	9.69497E+01
2.50000E+00	9.83146E+00	1.04202E+02
2.50000E+00	1.01124E+01	1.12747E+02
2.50000E+00	1.03933E+01	1.22799E+02
2.50000E+00	1.06742E+01	1.34608E+02
2.50000E+00	1.09551E+01	1.48493E+02
2.50000E+00	1.12360E+01	1.64850E+02
2.50000E+00	1.15169E+01	1.84130E+02
2.50000E+00	1.17978E+01	2.06881E+02
2.50000E+00	1.20787E+01	2.33668E+02
2.50000E+00	1.23596E+01	2.65099E+02
2.50000E+00	1.26404E+01	3.01650E+02
2.50000E+00	1.29213E+01	3.43595E+02
2.50000E+00	1.32022E+01	3.90770E+02
2.50000E+00	1.34831E+01	4.42430E+02
2.50000E+00	1.37640E+01	4.97164E+02
2.50000E+00	1.40449E+01	5.52985E+02
2.50000E+00	1.43258E+01	6.07645E+02
2.50000E+00	1.46067E+01	6.59039E+02
2.50000E+00	1.48876E+01	7.05498E+02
2.50000E+00	1.51685E+01	7.45994E+02
2.50000E+00	1.54494E+01	7.79999E+02
2.50000E+00	1.57303E+01	8.07616E+02
2.50000E+00	1.60112E+01	8.29318E+02
2.50000E+00	1.62921E+01	8.45836E+02
2.50000E+00	1.65730E+01	8.58015E+02
2.50000E+00	1.68539E+01	8.66463E+02
2.50000E+00	1.71348E+01	8.71601E+02
2.50000E+00	1.74157E+01	8.73959E+02
2.50000E+00	1.76966E+01	8.74092E+02
2.50000E+00	1.79775E+01	8.72435E+02
2.50000E+00	1.82584E+01	8.69344E+02
2.50000E+00	1.85393E+01	8.65091E+02
2.50000E+00	1.88202E+01	8.59872E+02
2.50000E+00	1.91011E+01	8.53823E+02
2.50000E+00	1.93820E+01	8.47103E+02
2.50000E+00	1.96629E+01	8.39870E+02
2.50000E+00	1.99438E+01	8.32224E+02
2.50000E+00	2.02247E+01	8.24265E+02
2.50000E+00	2.05056E+01	8.16140E+02
2.50000E+00	2.07865E+01	8.07961E+02
2.50000E+00	2.10674E+01	7.99690E+02
2.50000E+00	2.13483E+01	7.91253E+02
2.50000E+00	2.16292E+01	7.82732E+02
2.50000E+00	2.19101E+01	7.74231E+02
2.50000E+00	2.21910E+01	7.65731E+02
2.50000E+00	2.24719E+01	7.57205E+02
2.50000E+00	2.27528E+01	7.48716E+02
2.50000E+00	2.30337E+01	7.40298E+02
2.50000E+00	2.33146E+01	7.31928E+02
2.50000E+00	2.35955E+01	7.23624E+02
2.50000E+00	2.38764E+01	7.15430E+02
2.50000E+00	2.41573E+01	7.07341E+02
2.50000E+00	2.44382E+01	6.99342E+02
2.50000E+00	2.47191E+01	6.91453E+02
2.50000E+00	2.50000E+01	6.83690E+02
3.00000E+00	0.00000E+00	1.30458E+00
3.00000E+00	2.80899E-01	1.75697E+00
3.00000E+00	5.61798E-01	2.76381E+00
3.00000E+00	8.42697E-01	4.99629E+00
3.00000E+00	1.12360E+00	9.62015E+00
3.00000E+00	1.40449E+00	1.83130E+01
3.00000E+00	1.68539E+00	3.10443E+01
3.00000E+00	1.96629E+00	4.23286E+01
3.00000E+00	2.24719E+00	4.64789E+01
3.00000E+00	2.52809E+00	4.48677E+01
3.00000E+00	2.80899E+00	4.11635E+01
3.00000E+00	3.08989E+00	3.73332E+01
3.00000E+00	3.37079E+00	3.39934E+01
3.00000E+00	3.65169E+00	3.12349E+01
3.00000E+00	3.93258E+00	2.89962E+01
3.00000E+00	4.21348E+00	2.71877E+01
3.00000E+00	4.49438E+00	2.57359E+01
3.00000E+00	4.77528E+00	2.45915E+01
3.00000E+00	5.05618E+00	2.37133E+01
3.00000E+00	5.33708E+00	2.30662E+01
3.00000E+00	5.61798E+00	2.26193E+01
3.00000E+00	5.89888E+00	2.23483E+01
3.00000E+00	6.17978E+00	2.22381E+01
3.00000E+00	6.46067E+00	2.22811E+01
3.00000E+00	6.74157E+00	2.24730E+01
3.00000E+00	7.02247E+00	2.28119E+01
3.00000E+00	7.30337E+00	2.32985E+01
3.00000E+00	7.58427E+00	2.39345E+01
3.00000E+00	7.86517E+00	2.47242E+01
3.00000E+00	8.14607E+00	2.56762E+01
3.00000E+00	8.42697E+00	2.68072E+01
3.00000E+00	8.70787E+00	2.81415E+01
3.00000E+00	8.98876E+00	2.97107E+01
3.00000E+00	9.26966E+00	3.15539E+01
3.00000E+00	9.55056E+00	3.37183E+01
3.00000E+00	9.83146E+00	3.62641E+01
3.00000E+00	1.01124E+01	3.92613E+01
3.00000E+00	1.03933E+01	4.27865E+01
3.00000E+00	1.06742E+01	4.69298E+01
3.00000E+00	1.09551E+01	5.18029E+01
3.00000E+00	1.12360E+01	5.75413E+01
3.00000E+00	1.15169E+01	6.43031E+01
3.00000E+00	1.17978E+01	7.22696E+01
3.00000E+00	1.20787E+01	8.16326E+01
3.00000E+00	1.23596E+01	9.25814E+01
3.00000E+00	1.26404E+01	1.05264E+02
3.00000E+00	1.29213E+01	1.19745E+02
3.00000E+00	1.32022E+01	1.35947E+02
3.00000E+00	1.34831E+01	1.53600E+02
3.00000E+00	1.37640E+01	1.72229E+02
3.00000E+00	1.40449E+01	1.91185E+02
3.00000E+00	1.43258E+01	2.09740E+02
3.00000E+00	1.46067E+01	2.27209E+02
3.00000E+00	1.48876E+01	2.43047E+02
3.00000E+00	1.51685E+01	2.56895E+02
3.00000E+00	1.54494E+01	2.68583E+02
3.00000E+00	1.57303E+01	2.78123E+02
3.00000E+00	1.60112E+01	2.85663E+02
3.00000E+00	1.62921E+01	2.91433E+02
3.00000E+00	1.65730E+01	2.95693E+02
3.00000E+00	1.68539E+01	2.98653E+02
3.00000E+00	1.71348E+01	3.00479E+02
3.00000E+00	1.74157E+01	3.01350E+02
3.00000E+00	1.76966E+01	3.01444E+02
3.00000E+00	1.79775E+01	3.00913E+02
3.00000E+00	1.82584E+01	2.99877E+02
3.00000E+00	1.85393E+01	2.98432E+02
3.00000E+00	1.88202E+01	2.96648E+02
3.00000E+00	1.91011E+01	2.94579E+02
3.00000E+00	1.93820E+01	2.92277E+02
3.00000E+00	1.96629E+01	2.89795E+02
3.00000E+00	1.99438E+01	2.87169E+02
3.00000E+00	2.02247E+01	2.84439E+02
3.00000E+00	2.05056E+01	2.81647E+02
3.00000E+00	2.07865E+01	2.78823E+02
3.00000E+00	2.10674E+01	2.75964E+02
3.00000E+00	2.13483E+01	2.73059E+02
3.00000E+00	2.16292E+01	2.70128E+02
3.00000E+00	2.19101E+01	2.67195E+02
3.00000E+00	2.21910E+01	2.64261E+02
3.00000E+00	2.24719E+01	2.61324E+02
3.00000E+00	2.27528E+01	2.58399E+02
3.00000E+00	2.30337E+01	2.55493E+02
3.00000E+00	2.33146E+01	2.52607E+02
3.00000E+00	2.35955E+01	2.49746E+02
3.00000E+00	2.38764E+01	2.46919E+02
3.00000E+00	2.41573E+01	2.44127E+02
3.00000E+00	2.44382E+01	2.41369E+02
3.00000E+00	2.47191E+01	2.38648E+02
3.00000E+00	2.50000E+01	2.35968E+02
3.50000E+00	0.00000E+00	1.30532E+00
3.50000E+00	2.80899E-01	1.66828E+00
3.50000E+00	5.61798E-01	2.38348E+00
3.50000E+00	8.42697E-01	3.77479E+00
3.50000E+00	1.12360E+00	6.28859E+00
3.50000E+00	1.40449E+00	1.02677E+01
3.50000E+00	1.68539E+00	1.52543E+01
3.50000E+00	1.96629E+00	1.93808E+01
3.50000E+00	2.24719E+00	2.10266E+01
3.50000E+00	2.52809E+00	2.05314E+01
3.50000E+00	2.80899E+00	1.90739E+01
3.50000E+00	3.08989E+00	1.74429E+01
3.50000E+00	3.37079E+00	1.59579E+01
3.50000E+00	3.65169E+00	1.47013E+01
3.50000E+00	3.93258E+00	1.36678E+01
3.50000E+00	4.21348E+00	1.28281E+01
3.50000E+00	4.49438E+00	1.21530E+01
3.50000E+00	4.77528E+00	1.16200E+01
3.50000E+00	5.05618E+00	1.12105E+01
3.50000E+00	5.33708E+00	1.09087E+01
3.50000E+00	5.61798E+00	1.07007E+01
3.50000E+00	5.89888E+00	1.05761E+01
3.50000E+00	6.17978E+00	1.05277E+01
3.50000E+00	6.46067E+00	1.05519E+01
3.50000E+00	6.74157E+00	1.06464E+01
3.50000E+00	7.02247E+00	1.08105E+01
3.50000E+00	7.30337E+00	1.10445E+01
3.50000E+00	7.58427E+00	1.13495E+01
3.50000E+00	7.86517E+00	1.17281E+01
3.50000E+00	8.14607E+00	1.21851E+01
3.50000E+00	8.42697E+00	1.27286E+01
3.50000E+00	8.70787E+00	1.33701E+01
3.50000E+00	8.98876E+00	1.41248E+01
3.50000E+00	9.26966E+00	1.50116E+01
3.50000E+00	9.55056E+00	1.60535E+01
3.50000E+00	9.83146E+00	1.72786E+01
3.50000E+00	1.01124E+01	1.87202E+01
3.50000E+00	1.03933E+01	2.04154E+01
3.50000E+00	1.06742E+01	2.24084E+01
3.50000E+00	1.09551E+01	2.47524E+01
3.50000E+00	1.12360E+01	2.75112E+01
3.50000E+00	1.15169E+01	3.07589E+01
3.50000E+00	1.17978E+01	3.45780E+01
3.50000E+00	1.20787E+01	3.90545E+01
3.50000E+00	1.23596E+01	4.42688E+01
3.50000E+00	1.26404E+01	5.02805E+01
3.50000E+00	1.29213E+01	5.71072E+01
3.50000E+00	1.32022E+01	6.47021E+01
3.50000E+00	1.34831E+01	7.29345E+01
3.50000E+00	1.37640E+01	8.15864E+01
3.50000E+00	1.40449E+01	9.03690E+01
3.50000E+00	1.43258E+01	9.89623E+01
3.50000E+00	1.46067E+01	1.07064E+02
3.50000E+00	1.48876E+01	1.14428E+02
3.50000E+00	1.51685E+01	1.20893E+02
3.50000E+00	1.54494E+01	1.26375E+02
3.50000E+00	1.57303E+01	1.30876E+02
3.50000E+00	1.60112E+01	1.34454E+02
3.50000E+00	1.62921E+01	1.37208E+02
3.50000E+00	1.65730E+01	1.39248E+02
3.50000E+00	1.68539E+01	1.40672E+02
3.50000E+00	1.71348E+01	1.41562E+02
3.50000E+00	1.74157E+01	1.42003E+02
3.50000E+00	1.76966E+01	1.42073E+02
3.50000E+00	1.79775E+01	1.41845E+02
3.50000E+00	1.82584E+01	1.41374E+02
3.50000E+00	1.85393E+01	1.40706E+02
3.50000E+00	1.88202E+01	1.39875E+02
3.50000E+00	1.91011E+01	1.38909E+02
3.50000E+00	1.93820E+01	1.37833E+02
3.50000E+00	1.96629E+01	1.36670E+02
3.50000E+00	1.99438E+01	1.35439E+02
3.50000E+00	2.02247E+01	1.34159E+02
3.50000E+00	2.05056E+01	1.32847E+02
3.50000E+00	2.07865E+01	1.31516E+02
3.50000E+00	2.10674E+01	1.30167E+02
3.50000E+00	2.13483E+01	1.28800E+02
3.50000E+00	2.16292E+01	1.27421E+02
3.50000E+00	2.19101E+01	1.26039E+02
3.50000E+00	2.21910E+01	1.24655E+02
3.50000E+00	2.24719E+01	1.23272E+02
3.50000E+00	2.27528E+01	1.21894E+02
3.50000E+00	2.30337E+01	1.20524E+02
3.50000E+00	2.33146E+01	1.19164E+02
3.50000E+00	2.35955E+01	1.17816E+02
3.50000E+00	2.38764E+01	1.16484E+02
3.50000E+00	2.41573E+01	1.15167E+02
3.50000E+00	2.44382E+01	1.13867E+02
3.50000E+00	2.47191E+01	1.12584E+02
3.50000E+00	2.50000E+01	1.11320E+02
4.00000E+00	0.00000E+00	1.30297E+00
4.00000E+00	2.80899E-01	1.60080E+00
4.00000E+00	5.61798E-01	2.13470E+00
4.00000E+00	8.42697E-01	3.06375E+00
4.00000E+00	1.12360E+00	4.58223E+00
4.00000E+00	1.40449E+00	6.71442E+00
4.00000E+00	1.68539E+00	9.10474E+00
4.00000E+00	1.96629E+00	1.09779E+01
4.00000E+00	2.24719E+00	1.17533E+01
4.00000E+00	2.52809E+00	1.15503E+01
4.00000E+00	2.80899E+00	1.08402E+01
4.00000E+00	3.08989E+00	9.99347E+00
4.00000E+00	3.37079E+00	9.19096E+00
4.00000E+00	3.65169E+00	8.49456E+00
4.00000E+00	3.93258E+00	7.91312E+00
4.00000E+00	4.21348E+00	7.43693E+00
4.00000E+00	4.49438E+00	7.05274E+00
4.00000E+00	4.77528E+00	6.74878E+00
4.00000E+00	5.05618E+00	6.51499E+00
4.00000E+00	5.33708E+00	6.34262E+00
4.00000E+00	5.61798E+00	6.22433E+00
4.00000E+00	5.89888E+00	6.15437E+00
4.00000E+00	6.17978E+00	6.12886E+00
4.00000E+00	6.46067E+00	6.14548E+00
4.00000E+00	6.74157E+00	6.20305E+00
4.00000E+00	7.02247E+00	6.30113E+00
4.00000E+00	7.30337E+00	6.43999E+00
4.00000E+00	7.58427E+00	6.62050E+00
4.00000E+00	7.86517E+00	6.84445E+00
4.00000E+00	8.14607E+00	7.11494E+00
4.00000E+00	8.42697E+00	7.43688E+00
4.00000E+00	8.70787E+00	7.81717E+00
4.00000E+00	8.98876E+00	8.26480E+00
4.00000E+00	9.26966E+00	8.79092E+00
4.00000E+00	9.55056E+00	9.40914E+00
4.00000E+00	9.83146E+00	1.01360E+01
4.00000E+00	1.01124E+01	1.09909E+01
4.00000E+00	1.03933E+01	1.19960E+01
4.00000E+00	1.06742E+01	1.31775E+01
4.00000E+00	1.09551E+01	1.45667E+01
4.00000E+00	1.12360E+01	1.62004E+01
4.00000E+00	1.15169E+01	1.81205E+01
4.00000E+00	1.17978E+01	2.03729E+01
4.00000E+00	1.20787E+01	2.30040E+01
4.00000E+00	1.23596E+01	2.60553E+01
4.00000E+00	1.26404E+01	2.95546E+01
4.00000E+00	1.29213E+01	3.35054E+01
4.00000E+00	1.32022E+01	3.78750E+01
4.00000E+00	1.34831E+01	4.25866E+01
4.00000E+00	1.37640E+01	4.75182E+01
4.00000E+00	1.40449E+01	5.25123E+01
4.00000E+00	1.43258E+01	5.73963E+01
4.00000E+00	1.46067E+01	6.20065E+01
4.00000E+00	1.48876E+01	6.62089E+01
4.00000E+00	1.51685E+01	6.99119E+01
4.00000E+00	1.54494E+01	7.30688E+01
4.00000E+00	1.57303E+01	7.56754E+01
4.00000E+00	1.60112E+01	7.77608E+01
4.00000E+00	1.62921E+01	7.93752E+01
4.00000E+00	1.65730E+01	8.05768E+01
4.00000E+00	1.68539E+01	8.14204E+01
4.00000E+00	1.71348E+01	8.19555E+01
4.00000E+00	1.74157E+01	8.22296E+01
4.00000E+00	1.76966E+01	8.22878E+01
4.00000E+00	1.79775E+01	8.21697E+01
4.00000E+00	1.82584E+01	8.19085E+01
4.00000E+00	1.85393E+01	8.15306E+01
4.00000E+00	1.88202E+01	8.10566E+01
4.00000E+00	1.91011E+01	8.05034E+01
4.00000E+00	1.93820E+01	7.98857E+01
4.00000E+00	1.96629E+01	7.92170E+01
4.00000E+00	1.99438E+01	7.85086E+01
4.00000E+00	2.02247E+01	7.77711E+01
4.00000E+00	2.05056E+01	7.70139E+01
4.00000E+00	2.07865E+01	7.62436E+01
4.00000E+00	2.10674E+01	7.54623E+01
4.00000E+00	2.13483E+01	7.46713E+01
4.00000E+00	2.16292E+01	7.38737E+01
4.00000E+00	2.19101E+01	7.30734E+01
4.00000E+00	2.21910E+01	7.22723E+01
4.00000E+00	2.24719E+01	7.14717E+01
4.00000E+00	2.27528E+01	7.06737E+01
4.00000E+00	2.30337E+01	6.98804E+01
4.00000E+00	2.33146E+01	6.90928E+01
4.00000E+00	2.35955E+01	6.83121E+01
4.00000E+00	2.38764E+01	6.75400E+01
4.00000E+00	2.41573E+01	6.67771E+01
4.00000E+00	2.44382E+01	6.60237E+01
4.00000E+00	2.47191E+01	6.52805E+01
4.00000E+00	2.50000E+01	6.45479E+01
5.00000E+00	0.00000E+00	1.29173E+00
5.00000E+00	2.80899E-01	1.50070E+00
5.00000E+00	5.61798E-01	1.82558E+00
5.00000E+00	8.42697E-01	2.30340E+00
5.00000E+00	1.12360E+00	2.97091E+00
5.00000E+00	1.40449E+00	3.78396E+00
5.00000E+00	1.68539E+00	4.58221E+00
5.00000E+00	1.96629E+00	5.16083E+00
5.00000E+00	2.24719E+00	5.39976E+00
5.00000E+00	2.52809E+00	5.33077E+00
5.00000E+00	2.80899E+00	5.07320E+00
5.00000E+00	3.08989E+00	4.74126E+00
5.00000E+00	3.37079E+00	4.40636E+00
5.00000E+00	3.65169E+00	4.10231E+00
5.00000E+00	3.93258E+00	3.84063E+00
5.00000E+00	4.21348E+00	3.62229E+00
5.00000E+00	4.49438E+00	3.44431E+00
5.00000E+00	4.77528E+00	3.30268E+00
5.00000E+00	5.05618E+00	3.19348E+00
5.00000E+00	5.33708E+00	3.11314E+00
5.00000E+00	5.61798E+00	3.05863E+00
5.00000E+00	5.89888E+00	3.02757E+00
5.00000E+00	6.17978E+00	3.01826E+00
5.00000E+00	6.46067E+00	3.02965E+00
5.00000E+00	6.74157E+00	3.06120E+00
5.00000E+00	7.02247E+00	3.11278E+00
5.00000E+00	7.30337E+00	3.18466E+00
5.00000E+00	7.58427E+00	3.27750E+00
5.00000E+00	7.86517E+00	3.39249E+00
5.00000E+00	8.14607E+00	3.53144E+00
5.00000E+00	8.42697E+00	3.69703E+00
5.00000E+00	8.70787E+00	3.89286E+00
5.00000E+00	8.98876E+00	4.12352E+00
5.00000E+00	9.26966E+00	4.39474E+00
5.00000E+00	9.55056E+00	4.71346E+00
5.00000E+00	9.83146E+00	5.08797E+00
5.00000E+00	1.01124E+01	5.52799E+00
5.00000E+00	1.03933E+01	6.04481E+00
5.00000E+00	1.06742E+01	6.65158E+00
5.00000E+00	1.09551E+01	7.36355E+00
5.00000E+00	1.12360E+01	8.19805E+00
5.00000E+00	1.15169E+01	9.17410E+00
5.00000E+00	1.17978E+01	1.03114E+01
5.00000E+00	1.20787E+01	1.16287E+01
5.00000E+00	1.23596E+01	1.31406E+01
5.00000E+00	1.26404E+01	1.48547E+01
5.00000E+00	1.29213E+01	1.67667E+01
5.00000E+00	1.32022E+01	1.88567E+01
5.00000E+00	1.34831E+01	2.10872E+01
5.00000E+00	1.37640E+01	2.34036E+01
5.00000E+00	1.40449E+01	2.57384E+01
5.00000E+00	1.43258E+01	2.80190E+01
5.00000E+00	1.46067E+01	3.01766E+01
5.00000E+00	1.48876E+01	3.21537E+01
5.00000E+00	1.51685E+01	3.39095E+01
5.00000E+00	1.54494E+01	3.54215E+01
5.00000E+00	1.57303E+01	3.66846E+01
5.00000E+00	1.60112E+01	3.77081E+01
5.00000E+00	1.62921E+01	3.85105E+01
5.00000E+00	1.65730E+01	3.91153E+01
5.00000E+00	1.68539E+01	3.95469E+01
5.00000E+00	1.71348E+01	3.98285E+01
5.00000E+00	1.74157E+01	3.99825E+01
5.00000E+00	1.76966E+01	4.00298E+01
5.00000E+00	1.79775E+01	3.99887E+01
5.00000E+00	1.82584E+01	3.98753E+01
5.00000E+00	1.85393E+01	3.97025E+01
5.00000E+00	1.88202E+01	3.94809E+01
5.00000E+00	1.91011E+01	3.92196E+01
5.00000E+00	1.93820E+01	3.89258E+01
5.00000E+00	1.96629E+01	3.86063E+01
5.00000E+00	1.99438E+01	3.82668E+01
5.00000E+00	2.02247E+01	3.79121E+01
5.00000E+00	2.05056E+01	3.75466E+01
5.00000E+00	2.07865E+01	3.71733E+01
5.00000E+00	2.10674E+01	3.67941E+01
5.00000E+00	2.13483E+01	3.64102E+01
5.00000E+00	2.16292E+01	3.60231E+01
5.00000E+00	2.19101E+01	3.56343E+01
5.00000E+00	2.21910E+01	3.52449E+01
5.00000E+00	2.24719E+01	3.48558E+01
5.00000E+00	2.27528E+01	3.44679E+01
5.00000E+00	2.30337E+01	3.40821E+01
5.00000E+00	2.33146E+01	3.36990E+01
5.00000E+00	2.35955E+01	3.33193E+01
5.00000E+00	2.38764E+01	3.29435E+01
5.00000E+00	2.41573E+01	3.25720E+01
5.00000E+00	2.44382E+01	3.22052E+01
5.00000E+00	2.47191E+01	3.18432E+01
5.00000E+00	2.50000E+01	3.14864E+01
6.00000E+00	0.00000E+00	1.27374E+00
6.00000E+00	2.80899E-01	1.42445E+00
6.00000E+00	5.61798E-01	1.63540E+00
6.00000E+00	8.42697E-01	1.91238E+00
6.00000E+00	1.12360E+00	2.25231E+00
6.00000E+00	1.40449E+00	2.63346E+00
6.00000E+00	1.68539E+00	2.98562E+00
6.00000E+00	1.96629E+00	3.23121E+00
6.00000E+00	2.24719E+00	3.32888E+00
6.00000E+00	2.52809E+00	3.28995E+00
6.00000E+00	2.80899E+00	3.15874E+00
6.00000E+00	3.08989E+00	2.98318E+00
6.00000E+00	3.37079E+00	2.79836E+00
6.00000E+00	3.65169E+00	2.62445E+00
6.00000E+00	3.93258E+00	2.47068E+00
6.00000E+00	4.21348E+00	2.34001E+00
6.00000E+00	4.49438E+00	2.23225E+00
6.00000E+00	4.77528E+00	2.14599E+00
6.00000E+00	5.05618E+00	2.07940E+00
6.00000E+00	5.33708E+00	2.03070E+00
6.00000E+00	5.61798E+00	1.99829E+00
6.00000E+00	5.89888E+00	1.98090E+00
6.00000E+00	6.17978E+00	1.97761E+00
6.00000E+00	6.46067E+00	1.98784E+00
6.00000E+00	6.74157E+00	2.01132E+00
6.00000E+00	7.02247E+00	2.04807E+00
6.00000E+00	7.30337E+00	2.09840E+00
6.00000E+00	7.58427E+00	2.16291E+00
6.00000E+00	7.86517E+00	2.24256E+00
6.00000E+00	8.14607E+00	2.33875E+00
6.00000E+00	8.42697E+00	2.45341E+00
6.00000E+00	8.70787E+00	2.58905E+00
6.00000E+00	8.98876E+00	2.74885E+00
6.00000E+00	9.26966E+00	2.93670E+00
6.00000E+00	9.55056E+00	3.15728E+00
6.00000E+00	9.83146E+00	3.41611E+00
6.00000E+00	1.01124E+01	3.71964E+00
6.00000E+00	1.03933E+01	4.07528E+00
6.00000E+00	1.06742E+01	4.49153E+00
6.00000E+00	1.09551E+01	4.97791E+00
6.00000E+00	1.12360E+01	5.54486E+00
6.00000E+00	1.15169E+01	6.20330E+00
6.00000E+00	1.17978E+01	6.96391E+00
6.00000E+00	1.20787E+01	7.83593E+00
6.00000E+00	1.23596E+01	8.82557E+00
6.00000E+00	1.26404E+01	9.93410E+00
6.00000E+00	1.29213E+01	1.11558E+01
6.00000E+00	1.32022E+01	1.24764E+01
6.00000E+00	1.34831E+01	1.38723E+01
6.00000E+00	1.37640E+01	1.53114E+01
6.00000E+00	1.40449E+01	1.67556E+01
6.00000E+00	1.43258E+01	1.81646E+01
6.00000E+00	1.46067E+01	1.95000E+01
6.00000E+00	1.48876E+01	2.07296E+01
6.00000E+00	1.51685E+01	2.18295E+01
6.00000E+00	1.54494E+01	2.27857E+01
6.00000E+00	1.57303E+01	2.35935E+01
6.00000E+00	1.60112E+01	2.42563E+01
6.00000E+00	1.62921E+01	2.47829E+01
6.00000E+00	1.65730E+01	2.51857E+01
6.00000E+00	1.68539E+01	2.54785E+01
6.00000E+00	1.71348E+01	2.56752E+01
6.00000E+00	1.74157E+01	2.57893E+01
6.00000E+00	1.76966E+01	2.58335E+01
6.00000E+00	1.79775E+01	2.58193E+01
6.00000E+00	1.82584E+01	2.57567E+01
6.00000E+00	1.85393E+01	2.56541E+01
6.00000E+00	1.88202E+01	2.55187E+01
6.00000E+00	1.91011E+01	2.53564E+01
6.00000E+00	1.93820E+01	2.51724E+01
6.00000E+00	1.96629E+01	2.49708E+01
6.00000E+00	1.99438E+01	2.47556E+01
6.00000E+00	2.02247E+01	2.45299E+01
6.00000E+00	2.05056E+01	2.42964E+01
6.00000E+00	2.07865E+01	2.40570E+01
6.00000E+00	2.10674E+01	2.38133E+01
6.00000E+00	2.13483E+01	2.35665E+01
6.00000E+00	2.16292E+01	2.33174E+01
6.00000E+00	2.19101E+01	2.30669E+01
6.00000E+00	2.21910E+01	2.28160E+01
6.00000E+00	2.24719E+01	2.25652E+01
6.00000E+00	2.27528E+01	2.23150E+01
6.00000E+00	2.30337E+01	2.20661E+01
6.00000E+00	2.33146E+01	2.18189E+01
6.00000E+00	2.35955E+01	2.15738E+01
6.00000E+00	2.38764E+01	2.13311E+01
6.00000E+00	2.41573E+01	2.10912E+01
6.00000E+00	2.44382E+01	2.08542E+01
6.00000E+00	2.47191E+01	2.06203E+01
6.00000E+00	2.50000E+01	2.03896E+01
7.00000E+00	0.00000E+00	1.25131E+00
7.00000E+00	2.80899E-01	1.36125E+00
7.00000E+00	5.61798E-01	1.50309E+00
7.00000E+00	8.42697E-01	1.67436E+00
7.00000E+00	1.12360E+00	1.86580E+00
7.00000E+00	1.40449E+00	2.06333E+00
7.00000E+00	1.68539E+00	2.24074E+00
7.00000E+00	1.96629E+00	2.36260E+00
7.00000E+00	2.24719E+00	2.40918E+00
7.00000E+00	2.52809E+00	2.38323E+00
7.00000E+00	2.80899E+00	2.30388E+00
7.00000E+00	3.08989E+00	2.19491E+00
7.00000E+00	3.37079E+00	2.07623E+00
7.00000E+00	3.65169E+00	1.96107E+00
7.00000E+00	3.93258E+00	1.85674E+00
7.00000E+00	4.21348E+00	1.76649E+00
7.00000E+00	4.49438E+00	1.69123E+00
7.00000E+00	4.77528E+00	1.63065E+00
7.00000E+00	5.05618E+00	1.58395E+00
7.00000E+00	5.33708E+00	1.55016E+00
7.00000E+00	5.61798E+00	1.52837E+00
7.00000E+00	5.89888E+00	1.51783E+00
7.00000E+00	6.17978E+00	1.51799E+00
7.00000E+00	6.46067E+00	1.52853E+00
7.00000E+00	6.74157E+00	1.54934E+00
7.00000E+00	7.02247E+00	1.58054E+00
7.00000E+00	7.30337E+00	1.62247E+00
7.00000E+00	7.58427E+00	1.67574E+00
7.00000E+00	7.86517E+00	1.74123E+00
7.00000E+00	8.14607E+00	1.82016E+00
7.00000E+00	8.42697E+00	1.91416E+00
7.00000E+00	8.70787E+00	2.02527E+00
7.00000E+00	8.98876E+00	2.15604E+00
7.00000E+00	9.26966E+00	2.30954E+00
7.00000E+00	9.55056E+00	2.48942E+00
7.00000E+00	9.83146E+00	2.69993E+00
7.00000E+00	1.01124E+01	2.94595E+00
7.00000E+00	1.03933E+01	3.23302E+00
7.00000E+00	1.06742E+01	3.56730E+00
7.00000E+00	1.09551E+01	3.95550E+00
7.00000E+00	1.12360E+01	4.40467E+00
7.00000E+00	1.15169E+01	4.92179E+00
7.00000E+00	1.17978E+01	5.51324E+00
7.00000E+00	1.20787E+01	6.18395E+00
7.00000E+00	1.23596E+01	6.93633E+00
7.00000E+00	1.26404E+01	7.76923E+00
7.00000E+00	1.29213E+01	8.67675E+00
7.00000E+00	1.32022E+01	9.64758E+00
7.00000E+00	1.34831E+01	1.06648E+01
7.00000E+00	1.37640E+01	1.17067E+01
7.00000E+00	1.40449E+01	1.27482E+01
7.00000E+00	1.43258E+01	1.37629E+01
7.00000E+00	1.46067E+01	1.47263E+01
7.00000E+00	1.48876E+01	1.56169E+01
7.00000E+00	1.51685E+01	1.64188E+01
7.00000E+00	1.54494E+01	1.71219E+01
7.00000E+00	1.57303E+01	1.77222E+01
7.00000E+00	1.60112E+01	1.82205E+01
7.00000E+00	1.62921E+01	1.86218E+01
7.00000E+00	1.65730E+01	1.89334E+01
7.00000E+00	1.68539E+01	1.91643E+01
7.00000E+00	1.71348E+01	1.93238E+01
7.00000E+00	1.74157E+01	1.94213E+01
7.00000E+00	1.76966E+01	1.94657E+01
7.00000E+00	1.79775E+01	1.94652E+01
7.00000E+00	1.82584E+01	1.94271E+01
7.00000E+00	1.85393E+01	1.93577E+01
7.00000E+00	1.88202E+01	1.92625E+01
7.00000E+00	1.91011E+01	1.91461E+01
7.00000E+00	1.93820E+01	1.90124E+01
7.00000E+00	1.96629E+01	1.88648E+01
7.00000E+00	1.99438E+01	1.87061E+01
7.00000E+00	2.02247E+01	1.85390E+01
7.00000E+00	2.05056E+01	1.83652E+01
7.00000E+00	2.07865E+01	1.81865E+01
7.00000E+00	2.10674E+01	1.80041E+01
7.00000E+00	2.13483E+01	1.78190E+01
7.00000E+00	2.16292E+01	1.76320E+01
7.00000E+00	2.19101E+01	1.74439E+01
7.00000E+00	2.21910E+01	1.72552E+01
7.00000E+00	2.24719E+01	1.70664E+01
7.00000E+00	2.27528E+01	1.68782E+01
7.00000E+00	2.30337E+01	1.66907E+01
7.00000E+00	2.33146E+01	1.65045E+01
7.00000E+00	2.35955E+01	1.63197E+01
7.00000E+00	2.38764E+01	1.61368E+01
7.00000E+00	2.41573E+01	1.59558E+01
7.00000E+00	2.44382E+01	1.57770E+01
7.00000E+00	2.47191E+01	1.56004E+01
7.00000E+00	2.50000E+01	1.54263E+01
8.00000E+00	0.00000E+00	1.22660E+00
8.00000E+00	2.80899E-01	1.30716E+00
8.00000E+00	5.61798E-01	1.40450E+00
8.00000E+00	8.42697E-01	1.51453E+00
8.00000E+00	1.12360E+00	1.62928E+00
8.00000E+00	1.40449E+00	1.73841E+00
8.00000E+00	1.68539E+00	1.83247E+00
8.00000E+00	1.96629E+00	1.89632E+00
8.00000E+00	2.24719E+00	1.91890E+00
8.00000E+00	2.52809E+00	1.89971E+00
8.00000E+00	2.80899E+00	1.84712E+00
8.00000E+00	3.08989E+00	1.77356E+00
8.00000E+00	3.37079E+00	1.69100E+00
8.00000E+00	3.65169E+00	1.60855E+00
8.00000E+00	3.93258E+00	1.53206E+00
8.00000E+00	4.21348E+00	1.46470E+00
8.00000E+00	4.49438E+00	1.40788E+00
8.00000E+00	4.77528E+00	1.36194E+00
8.00000E+00	5.05618E+00	1.32665E+00
8.00000E+00	5.33708E+00	1.30157E+00
8.00000E+00	5.61798E+00	1.28620E+00
8.00000E+00	5.89888E+00	1.28009E+00
8.00000E+00	6.17978E+00	1.28295E+00
8.00000E+00	6.46067E+00	1.29462E+00
8.00000E+00	6.74157E+00	1.31511E+00
8.00000E+00	7.02247E+00	1.34463E+00
8.00000E+00	7.30337E+00	1.38358E+00
8.00000E+00	7.58427E+00	1.43256E+00
8.00000E+00	7.86517E+00	1.49244E+00
8.00000E+00	8.14607E+00	1.56437E+00
8.00000E+00	8.42697E+00	1.64982E+00
8.00000E+00	8.70787E+00	1.75060E+00
8.00000E+00	8.98876E+00	1.86893E+00
8.00000E+00	9.26966E+00	2.00741E+00
8.00000E+00	9.55056E+00	2.16912E+00
8.00000E+00	9.83146E+00	2.35756E+00
8.00000E+00	1.01124E+01	2.57670E+00
8.00000E+00	1.03933E+01	2.83090E+00
8.00000E+00	1.06742E+01	3.12493E+00
8.00000E+00	1.09551E+01	3.46377E+00
8.00000E+00	1.12360E+01	3.85241E+00
8.00000E+00	1.15169E+01	4.29555E+00
8.00000E+00	1.17978E+01	4.79711E+00
8.00000E+00	1.20787E+01	5.35960E+00
8.00000E+00	1.23596E+01	5.98351E+00
8.00000E+00	1.26404E+01	6.66650E+00
8.00000E+00	1.29213E+01	7.40289E+00
8.00000E+00	1.32022E+01	8.18327E+00
8.00000E+00	1.34831E+01	8.99458E+00
8.00000E+00	1.37640E+01	9.82069E+00
8.00000E+00	1.40449E+01	1.06435E+01
8.00000E+00	1.43258E+01	1.14443E+01
8.00000E+00	1.46067E+01	1.22054E+01
8.00000E+00	1.48876E+01	1.29116E+01
8.00000E+00	1.51685E+01	1.35511E+01
8.00000E+00	1.54494E+01	1.41162E+01
8.00000E+00	1.57303E+01	1.46032E+01
8.00000E+00	1.60112E+01	1.50119E+01
8.00000E+00	1.62921E+01	1.53452E+01
8.00000E+00	1.65730E+01	1.56079E+01
8.00000E+00	1.68539E+01	1.58062E+01
8.00000E+00	1.71348E+01	1.59468E+01
8.00000E+00	1.74157E+01	1.60367E+01
8.00000E+00	1.76966E+01	1.60827E+01
8.00000E+00	1.79775E+01	1.60912E+01
8.00000E+00	1.82584E+01	1.60678E+01
8.00000E+00	1.85393E+01	1.60178E+01
8.00000E+00	1.88202E+01	1.59455E+01
8.00000E+00	1.91011E+01	1.58549E+01
8.00000E+00	1.93820E+01	1.57493E+01
8.00000E+00	1.96629E+01	1.56314E+01
8.00000E+00	1.99438E+01	1.55038E+01
8.00000E+00	2.02247E+01	1.53685E+01
8.00000E+00	2.05056E+01	1.52272E+01
8.00000E+00	2.07865E+01	1.50814E+01
8.00000E+00	2.10674E+01	1.49320E+01
8.00000E+00	2.13483E+01	1.47801E+01
8.00000E+00	2.16292E+01	1.46265E+01
8.00000E+00	2.19101E+01	1.44716E+01
8.00000E+00	2.21910E+01	1.43162E+01
8.00000E+00	2.24719E+01	1.41606E+01
8.00000E+00	2.27528E+01	1.40053E+01
8.00000E+00	2.30337E+01	1.38505E+01
8.00000E+00	2.33146E+01	1.36967E+01
8.00000E+00	2.35955E+01	1.35441E+01
8.00000E+00	2.38764E+01	1.33928E+01
8.00000E+00	2.41573E+01	1.32431E+01
8.00000E+00	2.44382E+01	1.30952E+01
8.00000E+00	2.47191E+01	1.29491E+01
8.00000E+00	2.50000E+01	1.28049E+01
9.00000E+00	0.00000E+00	1.20133E+00
9.00000E+00	2.80899E-01	1.26041E+00
9.00000E+00	5.61798E-01	1.32798E+00
9.00000E+00	8.42697E-01	1.40029E+00
9.00000E+00	1.12360E+00	1.47149E+00
9.00000E+00	1.40449E+00	1.53474E+00
9.00000E+00	1.68539E+00	1.58463E+00
9.00000E+00	1.96629E+00	1.61720E+00
9.00000E+00	2.24719E+00	1.62624E+00
9.00000E+00	2.52809E+00	1.61042E+00
9.00000E+00	2.80899E+00	1.57321E+00
9.00000E+00	3.08989E+00	1.52111E+00
9.00000E+00	3.37079E+00	1.46128E+00
9.00000E+00	3.65169E+00	1.39999E+00
9.00000E+00	3.93258E+00	1.34182E+00
9.00000E+00	4.21348E+00	1.28968E+00
9.00000E+00	4.49438E+00	1.24522E+00
9.00000E+00	4.77528E+00	1.20914E+00
9.00000E+00	5.05618E+00	1.18167E+00
9.00000E+00	5.33708E+00	1.16269E+00
9.00000E+00	5.61798E+00	1.15204E+00
9.00000E+00	5.89888E+00	1.14950E+00
9.00000E+00	6.17978E+00	1.15496E+00
9.00000E+00	6.46067E+00	1.16841E+00
9.00000E+00	6.74157E+00	1.18996E+00
9.00000E+00	7.02247E+00	1.21990E+00
9.00000E+00	7.30337E+00	1.25868E+00
9.00000E+00	7.58427E+00	1.30694E+00
9.00000E+00	7.86517E+00	1.36556E+00
9.00000E+00	8.14607E+00	1.43563E+00
9.00000E+00	8.42697E+00	1.51854E+00
9.00000E+00	8.70787E+00	1.61596E+00
9.00000E+00	8.98876E+00	1.72989E+00
9.00000E+00	9.26966E+00	1.86265E+00
9.00000E+00	9.55056E+00	2.01690E+00
9.00000E+00	9.83146E+00	2.19563E+00
9.00000E+00	1.01124E+01	2.40215E+00
9.00000E+00	1.03933E+01	2.64003E+00
9.00000E+00	1.06742E+01	2.91301E+00
9.00000E+00	1.09551E+01	3.22488E+00
9.00000E+00	1.12360E+01	3.57926E+00
9.00000E+00	1.15169E+01	3.97931E+00
9.00000E+00	1.17978E+01	4.42736E+00
9.00000E+00	1.20787E+01	4.92448E+00
9.00000E+00	1.23596E+01	5.47000E+00
9.00000E+00	1.26404E+01	6.06105E+00
9.00000E+00	1.29213E+01	6.69224E+00
9.00000E+00	1.32022E+01	7.35550E+00
9.00000E+00	1.34831E+01	8.04026E+00
9.00000E+00	1.37640E+01	8.73389E+00
9.00000E+00	1.40449E+01	9.42250E+00
9.00000E+00	1.43258E+01	1.00920E+01
9.00000E+00	1.46067E+01	1.07289E+01
9.00000E+00	1.48876E+01	1.13217E+01
9.00000E+00	1.51685E+01	1.18612E+01
9.00000E+00	1.54494E+01	1.23412E+01
9.00000E+00	1.57303E+01	1.27583E+01
9.00000E+00	1.60112E+01	1.31119E+01
9.00000E+00	1.62921E+01	1.34037E+01
9.00000E+00	1.65730E+01	1.36369E+01
9.00000E+00	1.68539E+01	1.38159E+01
9.00000E+00	1.71348E+01	1.39460E+01
9.00000E+00	1.74157E+01	1.40325E+01
9.00000E+00	1.76966E+01	1.40808E+01
9.00000E+00	1.79775E+01	1.40960E+01
9.00000E+00	1.82584E+01	1.40830E+01
9.00000E+00	1.85393E+01	1.40460E+01
9.00000E+00	1.88202E+01	1.39888E+01
9.00000E+00	1.91011E+01	1.39149E+01
9.00000E+00	1.93820E+01	1.38272E+01
9.00000E+00	1.96629E+01	1.37281E+01
9.00000E+00	1.99438E+01	1.36198E+01
9.00000E+00	2.02247E+01	1.35043E+01
9.00000E+00	2.05056E+01	1.33830E+01
9.00000E+00	2.07865E+01	1.32572E+01
9.00000E+00	2.10674E+01	1.31280E+01
9.00000E+00	2.13483E+01	1.29962E+01
9.00000E+00	2.16292E+01	1.28626E+01
9.00000E+00	2.19101E+01	1.27278E+01
9.00000E+00	2.21910E+01	1.25922E+01
9.00000E+00	2.24719E+01	1.24564E+01
9.00000E+00	2.27528E+01	1.23207E+01
9.00000E+00	2.30337E+01	1.21855E+01
9.00000E+00	2.33146E+01	1.20509E+01
9.00000E+00	2.35955E+01	1.19173E+01
9.00000E+00	2.38764E+01	1.17848E+01
9.00000E+00	2.41573E+01	1.16537E+01
9.00000E+00	2.44382E+01	1.15240E+01
9.00000E+00	2.47191E+01	1.13958E+01
9.00000E+00	2.50000E+01	1.12694E+01
1.00000E+01	0.00000E+00	1.17671E+00
1.00000E+01	2.80899E-01	1.21995E+00
1.00000E+01	5.61798E-01	1.26711E+00
1.00000E+01	8.42697E-01	1.31519E+00
1.00000E+01	1.12360E+00	1.36008E+00
1.00000E+01	1.40449E+00	1.39739E+00
1.00000E+01	1.68539E+00	1.42363E+00
1.00000E+01	1.96629E+00	1.43779E+00
1.00000E+01	2.24719E+00	1.43849E+00
1.00000E+01	2.52809E+00	1.42423E+00
1.00000E+01	2.80899E+00	1.39636E+00
1.00000E+01	3.08989E+00	1.35817E+00
1.00000E+01	3.37079E+00	1.31391E+00
1.00000E+01	3.65169E+00	1.26770E+00
1.00000E+01	3.93258E+00	1.22301E+00
1.00000E+01	4.21348E+00	1.18236E+00
1.00000E+01	4.49438E+00	1.14738E+00
1.00000E+01	4.77528E+00	1.11903E+00
1.00000E+01	5.05618E+00	1.09781E+00
1.00000E+01	5.33708E+00	1.08391E+00
1.00000E+01	5.61798E+00	1.07738E+00
1.00000E+01	5.89888E+00	1.07824E+00
1.00000E+01	6.17978E+00	1.08653E+00
1.00000E+01	6.46067E+00	1.10238E+00
1.00000E+01	6.74157E+00	1.12600E+00
1.00000E+01	7.02247E+00	1.15774E+00
1.00000E+01	7.30337E+00	1.19813E+00
1.00000E+01	7.58427E+00	1.24784E+00
1.00000E+01	7.86517E+00	1.30775E+00
1.00000E+01	8.14607E+00	1.37894E+00
1.00000E+01	8.42697E+00	1.46273E+00
1.00000E+01	8.70787E+00	1.56069E+00
1.00000E+01	8.98876E+00	1.67464E+00
1.00000E+01	9.26966E+00	1.80668E+00
1.00000E+01	9.55056E+00	1.95915E+00
1.00000E+01	9.83146E+00	2.13464E+00
1.00000E+01	1.01124E+01	2.33594E+00
1.00000E+01	1.03933E+01	2.56597E+00
1.00000E+01	1.06742E+01	2.82772E+00
1.00000E+01	1.09551E+01	3.12406E+00
1.00000E+01	1.12360E+01	3.45759E+00
1.00000E+01	1.15169E+01	3.83038E+00
1.00000E+01	1.17978E+01	4.24368E+00
1.00000E+01	1.20787E+01	4.69762E+00
1.00000E+01	1.23596E+01	5.19083E+00
1.00000E+01	1.26404E+01	5.72019E+00
1.00000E+01	1.29213E+01	6.28064E+00
1.00000E+01	1.32022E+01	6.86514E+00
1.00000E+01	1.34831E+01	7.46487E+00
1.00000E+01	1.37640E+01	8.06956E+00
1.00000E+01	1.40449E+01	8.66816E+00
1.00000E+01	1.43258E+01	9.24948E+00
1.00000E+01	1.46067E+01	9.80301E+00
1.00000E+01	1.48876E+01	1.03195E+01
1.00000E+01	1.51685E+01	1.07917E+01
1.00000E+01	1.54494E+01	1.12143E+01
1.00000E+01	1.57303E+01	1.15843E+01
1.00000E+01	1.60112E+01	1.19009E+01
1.00000E+01	1.62921E+01	1.21648E+01
1.00000E+01	1.65730E+01	1.23785E+01
1.00000E+01	1.68539E+01	1.25452E+01
1.00000E+01	1.71348E+01	1.26690E+01
1.00000E+01	1.74157E+01	1.27541E+01
1.00000E+01	1.76966E+01	1.28049E+01
1.00000E+01	1.79775E+01	1.28257E+01
1.00000E+01	1.82584E+01	1.28206E+01
1.00000E+01	1.85393E+01	1.27933E+01
1.00000E+01	1.88202E+01	1.27472E+01
1.00000E+01	1.91011E+01	1.26853E+01
1.00000E+01	1.93820E+01	1.26101E+01
1.00000E+01	1.96629E+01	1.25242E+01
1.00000E+01	1.99438E+01	1.24293E+01
1.00000E+01	2.02247E+01	1.23272E+01
1.00000E+01	2.05056E+01	1.22194E+01
1.00000E+01	2.07865E+01	1.21071E+01
1.00000E+01	2.10674E+01	1.19913E+01
1.00000E+01	2.13483E+01	1.18729E+01
1.00000E+01	2.16292E+01	1.17525E+01
1.00000E+01	2.19101E+01	1.16308E+01
1.00000E+01	2.21910E+01	1.15082E+01
1.00000E+01	2.24719E+01	1.13852E+01
1.00000E+01	2.27528E+01	1.12622E+01
1.00000E+01	2.30337E+01	1.11395E+01
1.00000E+01	2.33146E+01	1.10173E+01
1.00000E+01	2.35955E+01	1.08958E+01
1.00000E+01	2.38764E+01	1.07754E+01
1.00000E+01	2.41573E+01	1.06561E+01
1.00000E+01	2.44382E+01	1.05380E+01
1.00000E+01	2.47191E+01	1.04213E+01
1.00000E+01	2.50000E+01	1.03061E+01
