1.00000E-04	0.00000E+00	1.34447E+03
1.00000E-04	2.80899E-01	4.22401E+01
1.00000E-04	5.61798E-01	5.61373E+01
1.00000E-04	8.42697E-01	7.62800E+01
1.00000E-04	1.12360E+00	4.14720E+03
1.00000E-04	1.40449E+00	3.58938E+03
1.00000E-04	1.68539E+00	3.05894E+03
1.00000E-04	1.96629E+00	2.66982E+03
1.00000E-04	2.24719E+00	2.48641E+03
1.00000E-04	2.52809E+00	2.90042E+03
1.00000E-04	2.80899E+00	3.81882E+03
1.00000E-04	3.08989E+00	4.41899E+03
1.00000E-04	3.37079E+00	4.84076E+03
1.00000E-04	3.65169E+00	5.21912E+03
1.00000E-04	3.93258E+00	5.73080E+03
1.00000E-04	4.21348E+00	6.28255E+03
1.00000E-04	4.49438E+00	8.12579E+03
1.00000E-04	4.77528E+00	1.03820E+04
1.00000E-04	5.05618E+00	1.31581E+04
1.00000E-04	5.33708E+00	1.56353E+04
1.00000E-04	5.61798E+00	1.69828E+04
1.00000E-04	5.89888E+00	1.75216E+04
1.00000E-04	6.17978E+00	1.76895E+04
1.00000E-04	6.46067E+00	1.76509E+04
1.00000E-04	6.74157E+00	1.74452E+04
1.00000E-04	7.02247E+00	1.71215E+04
1.00000E-04	7.30337E+00	1.67708E+04
1.00000E-04	7.58427E+00	1.64676E+04
1.00000E-04	7.86517E+00	1.62217E+04
1.00000E-04	8.14607E+00	1.61443E+04
1.00000E-04	8.42697E+00	1.62054E+04
1.00000E-04	8.70787E+00	1.64409E+04
1.00000E-04	8.98876E+00	1.68695E+04
1.00000E-04	9.26966E+00	1.74082E+04
1.00000E-04	9.55056E+00	1.81180E+04
1.00000E-04	9.83146E+00	1.88848E+04
1.00000E-04	1.01124E+01	1.97896E+04
1.00000E-04	1.03933E+01	2.07156E+04
1.00000E-04	1.06742E+01	2.17573E+04
1.00000E-04	1.09551E+01	2.28759E+04
1.00000E-04	1.12360E+01	2.41779E+04
1.00000E-04	1.15169E+01	2.56757E+04
1.00000E-04	1.17978E+01	2.72798E+04
1.00000E-04	1.20787E+01	2.90847E+04
1.00000E-04	1.23596E+01	3.08476E+04
1.00000E-04	1.26404E+01	3.25738E+04
1.00000E-04	1.29213E+01	3.43231E+04
1.00000E-04	1.32022E+01	3.61854E+04
1.00000E-04	1.34831E+01	3.81564E+04
1.00000E-04	1.37640E+01	4.02687E+04
1.00000E-04	1.40449E+01	4.25260E+04
1.00000E-04	1.43258E+01	4.47313E+04
1.00000E-04	1.46067E+01	4.70750E+04
1.00000E-04	1.48876E+01	4.93051E+04
1.00000E-04	1.51685E+01	5.14920E+04
1.00000E-04	1.54494E+01	5.35330E+04
1.00000E-04	1.57303E+01	5.53833E+04
1.00000E-04	1.60112E+01	5.69886E+04
1.00000E-04	1.62921E+01	5.84421E+04
1.00000E-04	1.65730E+01	5.97257E+04
1.00000E-04	1.68539E+01	6.08358E+04
1.00000E-04	1.71348E+01	6.18217E+04
1.00000E-04	1.74157E+01	6.26574E+04
1.00000E-04	1.76966E+01	6.33807E+04
1.00000E-04	1.79775E+01	6.39784E+04
1.00000E-04	1.82584E+01	6.44685E+04
1.00000E-04	1.85393E+01	6.47965E+04
1.00000E-04	1.88202E+01	6.50138E+04
1.00000E-04	1.91011E+01	6.51527E+04
1.00000E-04	1.93820E+01	6.51651E+04
1.00000E-04	1.96629E+01	6.51246E+04
1.00000E-04	1.99438E+01	6.50435E+04
1.00000E-04	2.02247E+01	6.48428E+04
1.00000E-04	2.05056E+01	6.46400E+04
1.00000E-04	2.07865E+01	6.44886E+04
1.00000E-04	2.10674E+01	6.42096E+04
1.00000E-04	2.13483E+01	6.39117E+04
1.00000E-04	2.16292E+01	6.35893E+04
1.00000E-04	2.19101E+01	6.32867E+04
1.00000E-04	2.21910E+01	6.29359E+04
1.00000E-04	2.24719E+01	6.25649E+04
1.00000E-04	2.27528E+01	6.21992E+04
1.00000E-04	2.30337E+01	6.18548E+04
1.00000E-04	2.33146E+01	6.14680E+04
1.00000E-04	2.35955E+01	6.10778E+04
1.00000E-04	2.38764E+01	6.07134E+04
1.00000E-04	2.41573E+01	6.03620E+04
1.00000E-04	2.44382E+01	5.99785E+04
1.00000E-04	2.47191E+01	5.96295E+04
1.00000E-04	2.50000E+01	5.92638E+04
5.00000E-04	0.00000E+00	6.08913E+02
5.00000E-04	2.80899E-01	4.22340E+01
5.00000E-04	5.61798E-01	5.61377E+01
5.00000E-04	8.42697E-01	7.62927E+01
5.00000E-04	1.12360E+00	4.14652E+03
5.00000E-04	1.40449E+00	3.58937E+03
5.00000E-04	1.68539E+00	3.05894E+03
5.00000E-04	1.96629E+00	2.66982E+03
5.00000E-04	2.24719E+00	2.48641E+03
5.00000E-04	2.52809E+00	2.90042E+03
5.00000E-04	2.80899E+00	3.81882E+03
5.00000E-04	3.08989E+00	4.41938E+03
5.00000E-04	3.37079E+00	4.84076E+03
5.00000E-04	3.65169E+00	5.21902E+03
5.00000E-04	3.93258E+00	5.73093E+03
5.00000E-04	4.21348E+00	6.27979E+03
5.00000E-04	4.49438E+00	8.12573E+03
5.00000E-04	4.77528E+00	1.03819E+04
5.00000E-04	5.05618E+00	1.31583E+04
5.00000E-04	5.33708E+00	1.56353E+04
5.00000E-04	5.61798E+00	1.69828E+04
5.00000E-04	5.89888E+00	1.75215E+04
5.00000E-04	6.17978E+00	1.76895E+04
5.00000E-04	6.46067E+00	1.76509E+04
5.00000E-04	6.74157E+00	1.74452E+04
5.00000E-04	7.02247E+00	1.71215E+04
5.00000E-04	7.30337E+00	1.67711E+04
5.00000E-04	7.58427E+00	1.64676E+04
5.00000E-04	7.86517E+00	1.62217E+04
5.00000E-04	8.14607E+00	1.61443E+04
5.00000E-04	8.42697E+00	1.62054E+04
5.00000E-04	8.70787E+00	1.64409E+04
5.00000E-04	8.98876E+00	1.68744E+04
5.00000E-04	9.26966E+00	1.74082E+04
5.00000E-04	9.55056E+00	1.81180E+04
5.00000E-04	9.83146E+00	1.88848E+04
5.00000E-04	1.01124E+01	1.97896E+04
5.00000E-04	1.03933E+01	2.07127E+04
5.00000E-04	1.06742E+01	2.17573E+04
5.00000E-04	1.09551E+01	2.28759E+04
5.00000E-04	1.12360E+01	2.41779E+04
5.00000E-04	1.15169E+01	2.56757E+04
5.00000E-04	1.17978E+01	2.72798E+04
5.00000E-04	1.20787E+01	2.90847E+04
5.00000E-04	1.23596E+01	3.08476E+04
5.00000E-04	1.26404E+01	3.25738E+04
5.00000E-04	1.29213E+01	3.43231E+04
5.00000E-04	1.32022E+01	3.61854E+04
5.00000E-04	1.34831E+01	3.81564E+04
5.00000E-04	1.37640E+01	4.02687E+04
5.00000E-04	1.40449E+01	4.25260E+04
5.00000E-04	1.43258E+01	4.47313E+04
5.00000E-04	1.46067E+01	4.70750E+04
5.00000E-04	1.48876E+01	4.93051E+04
5.00000E-04	1.51685E+01	5.14920E+04
5.00000E-04	1.54494E+01	5.35330E+04
5.00000E-04	1.57303E+01	5.53833E+04
5.00000E-04	1.60112E+01	5.69886E+04
5.00000E-04	1.62921E+01	5.84421E+04
5.00000E-04	1.65730E+01	5.97257E+04
5.00000E-04	1.68539E+01	6.08358E+04
5.00000E-04	1.71348E+01	6.18217E+04
5.00000E-04	1.74157E+01	6.26575E+04
5.00000E-04	1.76966E+01	6.33807E+04
5.00000E-04	1.79775E+01	6.39784E+04
5.00000E-04	1.82584E+01	6.44685E+04
5.00000E-04	1.85393E+01	6.47965E+04
5.00000E-04	1.88202E+01	6.50138E+04
5.00000E-04	1.91011E+01	6.51528E+04
5.00000E-04	1.93820E+01	6.51651E+04
5.00000E-04	1.96629E+01	6.51246E+04
5.00000E-04	1.99438E+01	6.50382E+04
5.00000E-04	2.02247E+01	6.48428E+04
5.00000E-04	2.05056E+01	6.46400E+04
5.00000E-04	2.07865E+01	6.44886E+04
5.00000E-04	2.10674E+01	6.42096E+04
5.00000E-04	2.13483E+01	6.39117E+04
5.00000E-04	2.16292E+01	6.35893E+04
5.00000E-04	2.19101E+01	6.32867E+04
5.00000E-04	2.21910E+01	6.29359E+04
5.00000E-04	2.24719E+01	6.25649E+04
5.00000E-04	2.27528E+01	6.21992E+04
5.00000E-04	2.30337E+01	6.18548E+04
5.00000E-04	2.33146E+01	6.14680E+04
5.00000E-04	2.35955E+01	6.10778E+04
5.00000E-04	2.38764E+01	6.07134E+04
5.00000E-04	2.41573E+01	6.03620E+04
5.00000E-04	2.44382E+01	5.99785E+04
5.00000E-04	2.47191E+01	5.96295E+04
5.00000E-04	2.50000E+01	5.92638E+04
1.00000E-03	0.00000E+00	4.34082E+02
1.00000E-03	2.80899E-01	4.22337E+01
1.00000E-03	5.61798E-01	5.61378E+01
1.00000E-03	8.42697E-01	7.63011E+01
1.00000E-03	1.12360E+00	4.14595E+03
1.00000E-03	1.40449E+00	3.58932E+03
1.00000E-03	1.68539E+00	3.05894E+03
1.00000E-03	1.96629E+00	2.66982E+03
1.00000E-03	2.24719E+00	2.48639E+03
1.00000E-03	2.52809E+00	2.90038E+03
1.00000E-03	2.80899E+00	3.81881E+03
1.00000E-03	3.08989E+00	4.42021E+03
1.00000E-03	3.37079E+00	4.84087E+03
1.00000E-03	3.65169E+00	5.21837E+03
1.00000E-03	3.93258E+00	5.73178E+03
1.00000E-03	4.21348E+00	6.27869E+03
1.00000E-03	4.49438E+00	8.12447E+03
1.00000E-03	4.77528E+00	1.03810E+04
1.00000E-03	5.05618E+00	1.31601E+04
1.00000E-03	5.33708E+00	1.56353E+04
1.00000E-03	5.61798E+00	1.69828E+04
1.00000E-03	5.89888E+00	1.75204E+04
1.00000E-03	6.17978E+00	1.76895E+04
1.00000E-03	6.46067E+00	1.76509E+04
1.00000E-03	6.74157E+00	1.74448E+04
1.00000E-03	7.02247E+00	1.71215E+04
1.00000E-03	7.30337E+00	1.67711E+04
1.00000E-03	7.58427E+00	1.64676E+04
1.00000E-03	7.86517E+00	1.62217E+04
1.00000E-03	8.14607E+00	1.61443E+04
1.00000E-03	8.42697E+00	1.62054E+04
1.00000E-03	8.70787E+00	1.64409E+04
1.00000E-03	8.98876E+00	1.68752E+04
1.00000E-03	9.26966E+00	1.74082E+04
1.00000E-03	9.55056E+00	1.81180E+04
1.00000E-03	9.83146E+00	1.88848E+04
1.00000E-03	1.01124E+01	1.97896E+04
1.00000E-03	1.03933E+01	2.07123E+04
1.00000E-03	1.06742E+01	2.17573E+04
1.00000E-03	1.09551E+01	2.28759E+04
1.00000E-03	1.12360E+01	2.41778E+04
1.00000E-03	1.15169E+01	2.56757E+04
1.00000E-03	1.17978E+01	2.72798E+04
1.00000E-03	1.20787E+01	2.90845E+04
1.00000E-03	1.23596E+01	3.08476E+04
1.00000E-03	1.26404E+01	3.25738E+04
1.00000E-03	1.29213E+01	3.43233E+04
1.00000E-03	1.32022E+01	3.61854E+04
1.00000E-03	1.34831E+01	3.81564E+04
1.00000E-03	1.37640E+01	4.02688E+04
1.00000E-03	1.40449E+01	4.25260E+04
1.00000E-03	1.43258E+01	4.47313E+04
1.00000E-03	1.46067E+01	4.70750E+04
1.00000E-03	1.48876E+01	4.93051E+04
1.00000E-03	1.51685E+01	5.14920E+04
1.00000E-03	1.54494E+01	5.35330E+04
1.00000E-03	1.57303E+01	5.53833E+04
1.00000E-03	1.60112E+01	5.69886E+04
1.00000E-03	1.62921E+01	5.84421E+04
1.00000E-03	1.65730E+01	5.97257E+04
1.00000E-03	1.68539E+01	6.08358E+04
1.00000E-03	1.71348E+01	6.18217E+04
1.00000E-03	1.74157E+01	6.26588E+04
1.00000E-03	1.76966E+01	6.33807E+04
1.00000E-03	1.79775E+01	6.39784E+04
1.00000E-03	1.82584E+01	6.44685E+04
1.00000E-03	1.85393E+01	6.47965E+04
1.00000E-03	1.88202E+01	6.50138E+04
1.00000E-03	1.91011E+01	6.51536E+04
1.00000E-03	1.93820E+01	6.51651E+04
1.00000E-03	1.96629E+01	6.51246E+04
1.00000E-03	1.99438E+01	6.50301E+04
1.00000E-03	2.02247E+01	6.48428E+04
1.00000E-03	2.05056E+01	6.46400E+04
1.00000E-03	2.07865E+01	6.44886E+04
1.00000E-03	2.10674E+01	6.42096E+04
1.00000E-03	2.13483E+01	6.39117E+04
1.00000E-03	2.16292E+01	6.35893E+04
1.00000E-03	2.19101E+01	6.32867E+04
1.00000E-03	2.21910E+01	6.29359E+04
1.00000E-03	2.24719E+01	6.25649E+04
1.00000E-03	2.27528E+01	6.21992E+04
1.00000E-03	2.30337E+01	6.18548E+04
1.00000E-03	2.33146E+01	6.14680E+04
1.00000E-03	2.35955E+01	6.10778E+04
1.00000E-03	2.38764E+01	6.07134E+04
1.00000E-03	2.41573E+01	6.03620E+04
1.00000E-03	2.44382E+01	5.99785E+04
1.00000E-03	2.47191E+01	5.96295E+04
1.00000E-03	2.50000E+01	5.92638E+04
5.00000E-03	0.00000E+00	1.95503E+02
5.00000E-03	2.80899E-01	4.22339E+01
5.00000E-03	5.61798E-01	5.61380E+01
5.00000E-03	8.42697E-01	7.63029E+01
5.00000E-03	1.12360E+00	4.14556E+03
5.00000E-03	1.40449E+00	3.58919E+03
5.00000E-03	1.68539E+00	3.05896E+03
5.00000E-03	1.96629E+00	2.66978E+03
5.00000E-03	2.24719E+00	2.48621E+03
5.00000E-03	2.52809E+00	2.90029E+03
5.00000E-03	2.80899E+00	3.81871E+03
5.00000E-03	3.08989E+00	4.42140E+03
5.00000E-03	3.37079E+00	4.84119E+03
5.00000E-03	3.65169E+00	5.21640E+03
5.00000E-03	3.93258E+00	5.73437E+03
5.00000E-03	4.21348E+00	6.27777E+03
5.00000E-03	4.49438E+00	8.11483E+03
5.00000E-03	4.77528E+00	1.03732E+04
5.00000E-03	5.05618E+00	1.31691E+04
5.00000E-03	5.33708E+00	1.56318E+04
5.00000E-03	5.61798E+00	1.69854E+04
5.00000E-03	5.89888E+00	1.75162E+04
5.00000E-03	6.17978E+00	1.76872E+04
5.00000E-03	6.46067E+00	1.76511E+04
5.00000E-03	6.74157E+00	1.74414E+04
5.00000E-03	7.02247E+00	1.71199E+04
5.00000E-03	7.30337E+00	1.67711E+04
5.00000E-03	7.58427E+00	1.64675E+04
5.00000E-03	7.86517E+00	1.62225E+04
5.00000E-03	8.14607E+00	1.61424E+04
5.00000E-03	8.42697E+00	1.62051E+04
5.00000E-03	8.70787E+00	1.64409E+04
5.00000E-03	8.98876E+00	1.68758E+04
5.00000E-03	9.26966E+00	1.74061E+04
5.00000E-03	9.55056E+00	1.81179E+04
5.00000E-03	9.83146E+00	1.88835E+04
5.00000E-03	1.01124E+01	1.97885E+04
5.00000E-03	1.03933E+01	2.07120E+04
5.00000E-03	1.06742E+01	2.17572E+04
5.00000E-03	1.09551E+01	2.28761E+04
5.00000E-03	1.12360E+01	2.41683E+04
5.00000E-03	1.15169E+01	2.56692E+04
5.00000E-03	1.17978E+01	2.72801E+04
5.00000E-03	1.20787E+01	2.90703E+04
5.00000E-03	1.23596E+01	3.08470E+04
5.00000E-03	1.26404E+01	3.25744E+04
5.00000E-03	1.29213E+01	3.43383E+04
5.00000E-03	1.32022E+01	3.61851E+04
5.00000E-03	1.34831E+01	3.81648E+04
5.00000E-03	1.37640E+01	4.02832E+04
5.00000E-03	1.40449E+01	4.25256E+04
5.00000E-03	1.43258E+01	4.47316E+04
5.00000E-03	1.46067E+01	4.70750E+04
5.00000E-03	1.48876E+01	4.93073E+04
5.00000E-03	1.51685E+01	5.14920E+04
5.00000E-03	1.54494E+01	5.35330E+04
5.00000E-03	1.57303E+01	5.53826E+04
5.00000E-03	1.60112E+01	5.69890E+04
5.00000E-03	1.62921E+01	5.84448E+04
5.00000E-03	1.65730E+01	5.97231E+04
5.00000E-03	1.68539E+01	6.08359E+04
5.00000E-03	1.71348E+01	6.18217E+04
5.00000E-03	1.74157E+01	6.26722E+04
5.00000E-03	1.76966E+01	6.33844E+04
5.00000E-03	1.79775E+01	6.39784E+04
5.00000E-03	1.82584E+01	6.44670E+04
5.00000E-03	1.85393E+01	6.47966E+04
5.00000E-03	1.88202E+01	6.50146E+04
5.00000E-03	1.91011E+01	6.51556E+04
5.00000E-03	1.93820E+01	6.51652E+04
5.00000E-03	1.96629E+01	6.51246E+04
5.00000E-03	1.99438E+01	6.50193E+04
5.00000E-03	2.02247E+01	6.48428E+04
5.00000E-03	2.05056E+01	6.46409E+04
5.00000E-03	2.07865E+01	6.44864E+04
5.00000E-03	2.10674E+01	6.42096E+04
5.00000E-03	2.13483E+01	6.39117E+04
5.00000E-03	2.16292E+01	6.35893E+04
5.00000E-03	2.19101E+01	6.32867E+04
5.00000E-03	2.21910E+01	6.29359E+04
5.00000E-03	2.24719E+01	6.25649E+04
5.00000E-03	2.27528E+01	6.21992E+04
5.00000E-03	2.30337E+01	6.18542E+04
5.00000E-03	2.33146E+01	6.14666E+04
5.00000E-03	2.35955E+01	6.10778E+04
5.00000E-03	2.38764E+01	6.07138E+04
5.00000E-03	2.41573E+01	6.03595E+04
5.00000E-03	2.44382E+01	5.99785E+04
5.00000E-03	2.47191E+01	5.96295E+04
5.00000E-03	2.50000E+01	5.92638E+04
1.00000E-02	0.00000E+00	1.44392E+02
1.00000E-02	2.80899E-01	4.22348E+01
1.00000E-02	5.61798E-01	5.61385E+01
1.00000E-02	8.42697E-01	7.63031E+01
1.00000E-02	1.12360E+00	4.14551E+03
1.00000E-02	1.40449E+00	3.58918E+03
1.00000E-02	1.68539E+00	3.05896E+03
1.00000E-02	1.96629E+00	2.66978E+03
1.00000E-02	2.24719E+00	2.48621E+03
1.00000E-02	2.52809E+00	2.90030E+03
1.00000E-02	2.80899E+00	3.81870E+03
1.00000E-02	3.08989E+00	4.42144E+03
1.00000E-02	3.37079E+00	4.84119E+03
1.00000E-02	3.65169E+00	5.21627E+03
1.00000E-02	3.93258E+00	5.73460E+03
1.00000E-02	4.21348E+00	6.27784E+03
1.00000E-02	4.49438E+00	8.11307E+03
1.00000E-02	4.77528E+00	1.03722E+04
1.00000E-02	5.05618E+00	1.31698E+04
1.00000E-02	5.33708E+00	1.56306E+04
1.00000E-02	5.61798E+00	1.69866E+04
1.00000E-02	5.89888E+00	1.75157E+04
1.00000E-02	6.17978E+00	1.76858E+04
1.00000E-02	6.46067E+00	1.76512E+04
1.00000E-02	6.74157E+00	1.74406E+04
1.00000E-02	7.02247E+00	1.71195E+04
1.00000E-02	7.30337E+00	1.67711E+04
1.00000E-02	7.58427E+00	1.64675E+04
1.00000E-02	7.86517E+00	1.62228E+04
1.00000E-02	8.14607E+00	1.61405E+04
1.00000E-02	8.42697E+00	1.62041E+04
1.00000E-02	8.70787E+00	1.64414E+04
1.00000E-02	8.98876E+00	1.68760E+04
1.00000E-02	9.26966E+00	1.74039E+04
1.00000E-02	9.55056E+00	1.81177E+04
1.00000E-02	9.83146E+00	1.88803E+04
1.00000E-02	1.01124E+01	1.97853E+04
1.00000E-02	1.03933E+01	2.07122E+04
1.00000E-02	1.06742E+01	2.17554E+04
1.00000E-02	1.09551E+01	2.28791E+04
1.00000E-02	1.12360E+01	2.41604E+04
1.00000E-02	1.15169E+01	2.56618E+04
1.00000E-02	1.17978E+01	2.72796E+04
1.00000E-02	1.20787E+01	2.90629E+04
1.00000E-02	1.23596E+01	3.08418E+04
1.00000E-02	1.26404E+01	3.25795E+04
1.00000E-02	1.29213E+01	3.43462E+04
1.00000E-02	1.32022E+01	3.61856E+04
1.00000E-02	1.34831E+01	3.81744E+04
1.00000E-02	1.37640E+01	4.02951E+04
1.00000E-02	1.40449E+01	4.25207E+04
1.00000E-02	1.43258E+01	4.47351E+04
1.00000E-02	1.46067E+01	4.70749E+04
1.00000E-02	1.48876E+01	4.93140E+04
1.00000E-02	1.51685E+01	5.14931E+04
1.00000E-02	1.54494E+01	5.35329E+04
1.00000E-02	1.57303E+01	5.53767E+04
1.00000E-02	1.60112E+01	5.69936E+04
1.00000E-02	1.62921E+01	5.84494E+04
1.00000E-02	1.65730E+01	5.97149E+04
1.00000E-02	1.68539E+01	6.08363E+04
1.00000E-02	1.71348E+01	6.18215E+04
1.00000E-02	1.74157E+01	6.26757E+04
1.00000E-02	1.76966E+01	6.33879E+04
1.00000E-02	1.79775E+01	6.39784E+04
1.00000E-02	1.82584E+01	6.44581E+04
1.00000E-02	1.85393E+01	6.47972E+04
1.00000E-02	1.88202E+01	6.50184E+04
1.00000E-02	1.91011E+01	6.51555E+04
1.00000E-02	1.93820E+01	6.51671E+04
1.00000E-02	1.96629E+01	6.51246E+04
1.00000E-02	1.99438E+01	6.50178E+04
1.00000E-02	2.02247E+01	6.48414E+04
1.00000E-02	2.05056E+01	6.46434E+04
1.00000E-02	2.07865E+01	6.44790E+04
1.00000E-02	2.10674E+01	6.42109E+04
1.00000E-02	2.13483E+01	6.39115E+04
1.00000E-02	2.16292E+01	6.35906E+04
1.00000E-02	2.19101E+01	6.32869E+04
1.00000E-02	2.21910E+01	6.29359E+04
1.00000E-02	2.24719E+01	6.25646E+04
1.00000E-02	2.27528E+01	6.21998E+04
1.00000E-02	2.30337E+01	6.18511E+04
1.00000E-02	2.33146E+01	6.14638E+04
1.00000E-02	2.35955E+01	6.10780E+04
1.00000E-02	2.38764E+01	6.07163E+04
1.00000E-02	2.41573E+01	6.03551E+04
1.00000E-02	2.44382E+01	5.99786E+04
1.00000E-02	2.47191E+01	5.96292E+04
1.00000E-02	2.50000E+01	5.92638E+04
5.00000E-02	0.00000E+00	7.30815E+01
5.00000E-02	2.80899E-01	4.22589E+01
5.00000E-02	5.61798E-01	5.61541E+01
5.00000E-02	8.42697E-01	7.63984E+01
5.00000E-02	1.12360E+00	4.14409E+03
5.00000E-02	1.40449E+00	3.58903E+03
5.00000E-02	1.68539E+00	3.05900E+03
5.00000E-02	1.96629E+00	2.67000E+03
5.00000E-02	2.24719E+00	2.48627E+03
5.00000E-02	2.52809E+00	2.90050E+03
5.00000E-02	2.80899E+00	3.81846E+03
5.00000E-02	3.08989E+00	4.42152E+03
5.00000E-02	3.37079E+00	4.84124E+03
5.00000E-02	3.65169E+00	5.21629E+03
5.00000E-02	3.93258E+00	5.73464E+03
5.00000E-02	4.21348E+00	6.27975E+03
5.00000E-02	4.49438E+00	8.11298E+03
5.00000E-02	4.77528E+00	1.03722E+04
5.00000E-02	5.05618E+00	1.31698E+04
5.00000E-02	5.33708E+00	1.56304E+04
5.00000E-02	5.61798E+00	1.69867E+04
5.00000E-02	5.89888E+00	1.75156E+04
5.00000E-02	6.17978E+00	1.76856E+04
5.00000E-02	6.46067E+00	1.76512E+04
5.00000E-02	6.74157E+00	1.74404E+04
5.00000E-02	7.02247E+00	1.71195E+04
5.00000E-02	7.30337E+00	1.67711E+04
5.00000E-02	7.58427E+00	1.64675E+04
5.00000E-02	7.86517E+00	1.62229E+04
5.00000E-02	8.14607E+00	1.61397E+04
5.00000E-02	8.42697E+00	1.62036E+04
5.00000E-02	8.70787E+00	1.64420E+04
5.00000E-02	8.98876E+00	1.68761E+04
5.00000E-02	9.26966E+00	1.74035E+04
5.00000E-02	9.55056E+00	1.81175E+04
5.00000E-02	9.83146E+00	1.88788E+04
5.00000E-02	1.01124E+01	1.97835E+04
5.00000E-02	1.03933E+01	2.07126E+04
5.00000E-02	1.06742E+01	2.17518E+04
5.00000E-02	1.09551E+01	2.28861E+04
5.00000E-02	1.12360E+01	2.41552E+04
5.00000E-02	1.15169E+01	2.56575E+04
5.00000E-02	1.17978E+01	2.72797E+04
5.00000E-02	1.20787E+01	2.90595E+04
5.00000E-02	1.23596E+01	3.08318E+04
5.00000E-02	1.26404E+01	3.25895E+04
5.00000E-02	1.29213E+01	3.43499E+04
5.00000E-02	1.32022E+01	3.61859E+04
5.00000E-02	1.34831E+01	3.81801E+04
5.00000E-02	1.37640E+01	4.03032E+04
5.00000E-02	1.40449E+01	4.25093E+04
5.00000E-02	1.43258E+01	4.47422E+04
5.00000E-02	1.46067E+01	4.70663E+04
5.00000E-02	1.48876E+01	4.93180E+04
5.00000E-02	1.51685E+01	5.14955E+04
5.00000E-02	1.54494E+01	5.35262E+04
5.00000E-02	1.57303E+01	5.53671E+04
5.00000E-02	1.60112E+01	5.70028E+04
5.00000E-02	1.62921E+01	5.84508E+04
5.00000E-02	1.65730E+01	5.97069E+04
5.00000E-02	1.68539E+01	6.08376E+04
5.00000E-02	1.71348E+01	6.18079E+04
5.00000E-02	1.74157E+01	6.26766E+04
5.00000E-02	1.76966E+01	6.33889E+04
5.00000E-02	1.79775E+01	6.39767E+04
5.00000E-02	1.82584E+01	6.44347E+04
5.00000E-02	1.85393E+01	6.47992E+04
5.00000E-02	1.88202E+01	6.50221E+04
5.00000E-02	1.91011E+01	6.51555E+04
5.00000E-02	1.93820E+01	6.51857E+04
5.00000E-02	1.96629E+01	6.51221E+04
5.00000E-02	1.99438E+01	6.50163E+04
5.00000E-02	2.02247E+01	6.48347E+04
5.00000E-02	2.05056E+01	6.46449E+04
5.00000E-02	2.07865E+01	6.44651E+04
5.00000E-02	2.10674E+01	6.42229E+04
5.00000E-02	2.13483E+01	6.39061E+04
5.00000E-02	2.16292E+01	6.35976E+04
5.00000E-02	2.19101E+01	6.32945E+04
5.00000E-02	2.21910E+01	6.29318E+04
5.00000E-02	2.24719E+01	6.25610E+04
5.00000E-02	2.27528E+01	6.22070E+04
5.00000E-02	2.30337E+01	6.18444E+04
5.00000E-02	2.33146E+01	6.14607E+04
5.00000E-02	2.35955E+01	6.10850E+04
5.00000E-02	2.38764E+01	6.07212E+04
5.00000E-02	2.41573E+01	6.03498E+04
5.00000E-02	2.44382E+01	5.99798E+04
5.00000E-02	2.47191E+01	5.96225E+04
5.00000E-02	2.50000E+01	5.92638E+04
1.00000E-01	0.00000E+00	5.48590E+01
1.00000E-01	2.80899E-01	4.23252E+01
1.00000E-01	5.61798E-01	5.62004E+01
1.00000E-01	8.42697E-01	8.61662E+01
1.00000E-01	1.12360E+00	4.13964E+03
1.00000E-01	1.40449E+00	3.58868E+03
1.00000E-01	1.68539E+00	3.05919E+03
1.00000E-01	1.96629E+00	2.67042E+03
1.00000E-01	2.24719E+00	2.48695E+03
1.00000E-01	2.52809E+00	2.90112E+03
1.00000E-01	2.80899E+00	3.81786E+03
1.00000E-01	3.08989E+00	4.42170E+03
1.00000E-01	3.37079E+00	4.84139E+03
1.00000E-01	3.65169E+00	5.21659E+03
1.00000E-01	3.93258E+00	5.73473E+03
1.00000E-01	4.21348E+00	6.28426E+03
1.00000E-01	4.49438E+00	8.11334E+03
1.00000E-01	4.77528E+00	1.03728E+04
1.00000E-01	5.05618E+00	1.31698E+04
1.00000E-01	5.33708E+00	1.56291E+04
1.00000E-01	5.61798E+00	1.69866E+04
1.00000E-01	5.89888E+00	1.75152E+04
1.00000E-01	6.17978E+00	1.76856E+04
1.00000E-01	6.46067E+00	1.76512E+04
1.00000E-01	6.74157E+00	1.74403E+04
1.00000E-01	7.02247E+00	1.71194E+04
1.00000E-01	7.30337E+00	1.67711E+04
1.00000E-01	7.58427E+00	1.64675E+04
1.00000E-01	7.86517E+00	1.62234E+04
1.00000E-01	8.14607E+00	1.61397E+04
1.00000E-01	8.42697E+00	1.62040E+04
1.00000E-01	8.70787E+00	1.64426E+04
1.00000E-01	8.98876E+00	1.68761E+04
1.00000E-01	9.26966E+00	1.74041E+04
1.00000E-01	9.55056E+00	1.81175E+04
1.00000E-01	9.83146E+00	1.88793E+04
1.00000E-01	1.01124E+01	1.97835E+04
1.00000E-01	1.03933E+01	2.07129E+04
1.00000E-01	1.06742E+01	2.17518E+04
1.00000E-01	1.09551E+01	2.28864E+04
1.00000E-01	1.12360E+01	2.41558E+04
1.00000E-01	1.15169E+01	2.56576E+04
1.00000E-01	1.17978E+01	2.72801E+04
1.00000E-01	1.20787E+01	2.90595E+04
1.00000E-01	1.23596E+01	3.08319E+04
1.00000E-01	1.26404E+01	3.25896E+04
1.00000E-01	1.29213E+01	3.43501E+04
1.00000E-01	1.32022E+01	3.61862E+04
1.00000E-01	1.34831E+01	3.81805E+04
1.00000E-01	1.37640E+01	4.03033E+04
1.00000E-01	1.40449E+01	4.25093E+04
1.00000E-01	1.43258E+01	4.47426E+04
1.00000E-01	1.46067E+01	4.70655E+04
1.00000E-01	1.48876E+01	4.93181E+04
1.00000E-01	1.51685E+01	5.14955E+04
1.00000E-01	1.54494E+01	5.35261E+04
1.00000E-01	1.57303E+01	5.53670E+04
1.00000E-01	1.60112E+01	5.70028E+04
1.00000E-01	1.62921E+01	5.84507E+04
1.00000E-01	1.65730E+01	5.97069E+04
1.00000E-01	1.68539E+01	6.08373E+04
1.00000E-01	1.71348E+01	6.18070E+04
1.00000E-01	1.74157E+01	6.26765E+04
1.00000E-01	1.76966E+01	6.33889E+04
1.00000E-01	1.79775E+01	6.39766E+04
1.00000E-01	1.82584E+01	6.44340E+04
1.00000E-01	1.85393E+01	6.47991E+04
1.00000E-01	1.88202E+01	6.50220E+04
1.00000E-01	1.91011E+01	6.51554E+04
1.00000E-01	1.93820E+01	6.51864E+04
1.00000E-01	1.96629E+01	6.51221E+04
1.00000E-01	1.99438E+01	6.50161E+04
1.00000E-01	2.02247E+01	6.48347E+04
1.00000E-01	2.05056E+01	6.46449E+04
1.00000E-01	2.07865E+01	6.44646E+04
1.00000E-01	2.10674E+01	6.42233E+04
1.00000E-01	2.13483E+01	6.39060E+04
1.00000E-01	2.16292E+01	6.35976E+04
1.00000E-01	2.19101E+01	6.32949E+04
1.00000E-01	2.21910E+01	6.29315E+04
1.00000E-01	2.24719E+01	6.25610E+04
1.00000E-01	2.27528E+01	6.22072E+04
1.00000E-01	2.30337E+01	6.18443E+04
1.00000E-01	2.33146E+01	6.14607E+04
1.00000E-01	2.35955E+01	6.10854E+04
1.00000E-01	2.38764E+01	6.07212E+04
1.00000E-01	2.41573E+01	6.03498E+04
1.00000E-01	2.44382E+01	5.99799E+04
1.00000E-01	2.47191E+01	5.96221E+04
1.00000E-01	2.50000E+01	5.92638E+04
2.00000E-01	0.00000E+00	4.35211E+01
2.00000E-01	2.80899E-01	4.25260E+01
2.00000E-01	5.61798E-01	5.63734E+01
2.00000E-01	8.42697E-01	2.05704E+02
2.00000E-01	1.12360E+00	4.12317E+03
2.00000E-01	1.40449E+00	3.58818E+03
2.00000E-01	1.68539E+00	3.05943E+03
2.00000E-01	1.96629E+00	2.67121E+03
2.00000E-01	2.24719E+00	2.49056E+03
2.00000E-01	2.52809E+00	2.90426E+03
2.00000E-01	2.80899E+00	3.81584E+03
2.00000E-01	3.08989E+00	4.42204E+03
2.00000E-01	3.37079E+00	4.84175E+03
2.00000E-01	3.65169E+00	5.21810E+03
2.00000E-01	3.93258E+00	5.73518E+03
2.00000E-01	4.21348E+00	6.29659E+03
2.00000E-01	4.49438E+00	8.11466E+03
2.00000E-01	4.77528E+00	1.03772E+04
2.00000E-01	5.05618E+00	1.31701E+04
2.00000E-01	5.33708E+00	1.56225E+04
2.00000E-01	5.61798E+00	1.69844E+04
2.00000E-01	5.89888E+00	1.75141E+04
2.00000E-01	6.17978E+00	1.76852E+04
2.00000E-01	6.46067E+00	1.76509E+04
2.00000E-01	6.74157E+00	1.74398E+04
2.00000E-01	7.02247E+00	1.71194E+04
2.00000E-01	7.30337E+00	1.67713E+04
2.00000E-01	7.58427E+00	1.64674E+04
2.00000E-01	7.86517E+00	1.62250E+04
2.00000E-01	8.14607E+00	1.61401E+04
2.00000E-01	8.42697E+00	1.62051E+04
2.00000E-01	8.70787E+00	1.64444E+04
2.00000E-01	8.98876E+00	1.68762E+04
2.00000E-01	9.26966E+00	1.74063E+04
2.00000E-01	9.55056E+00	1.81176E+04
2.00000E-01	9.83146E+00	1.88811E+04
2.00000E-01	1.01124E+01	1.97836E+04
2.00000E-01	1.03933E+01	2.07142E+04
2.00000E-01	1.06742E+01	2.17522E+04
2.00000E-01	1.09551E+01	2.28876E+04
2.00000E-01	1.12360E+01	2.41578E+04
2.00000E-01	1.15169E+01	2.56580E+04
2.00000E-01	1.17978E+01	2.72820E+04
2.00000E-01	1.20787E+01	2.90597E+04
2.00000E-01	1.23596E+01	3.08325E+04
2.00000E-01	1.26404E+01	3.25897E+04
2.00000E-01	1.29213E+01	3.43511E+04
2.00000E-01	1.32022E+01	3.61875E+04
2.00000E-01	1.34831E+01	3.81817E+04
2.00000E-01	1.37640E+01	4.03038E+04
2.00000E-01	1.40449E+01	4.25093E+04
2.00000E-01	1.43258E+01	4.47443E+04
2.00000E-01	1.46067E+01	4.70655E+04
2.00000E-01	1.48876E+01	4.93183E+04
2.00000E-01	1.51685E+01	5.14955E+04
2.00000E-01	1.54494E+01	5.35258E+04
2.00000E-01	1.57303E+01	5.53668E+04
2.00000E-01	1.60112E+01	5.70025E+04
2.00000E-01	1.62921E+01	5.84501E+04
2.00000E-01	1.65730E+01	5.97069E+04
2.00000E-01	1.68539E+01	6.08363E+04
2.00000E-01	1.71348E+01	6.18070E+04
2.00000E-01	1.74157E+01	6.26758E+04
2.00000E-01	1.76966E+01	6.33886E+04
2.00000E-01	1.79775E+01	6.39763E+04
2.00000E-01	1.82584E+01	6.44339E+04
2.00000E-01	1.85393E+01	6.47984E+04
2.00000E-01	1.88202E+01	6.50217E+04
2.00000E-01	1.91011E+01	6.51550E+04
2.00000E-01	1.93820E+01	6.51858E+04
2.00000E-01	1.96629E+01	6.51221E+04
2.00000E-01	1.99438E+01	6.50155E+04
2.00000E-01	2.02247E+01	6.48347E+04
2.00000E-01	2.05056E+01	6.46450E+04
2.00000E-01	2.07865E+01	6.44644E+04
2.00000E-01	2.10674E+01	6.42230E+04
2.00000E-01	2.13483E+01	6.39061E+04
2.00000E-01	2.16292E+01	6.35977E+04
2.00000E-01	2.19101E+01	6.32944E+04
2.00000E-01	2.21910E+01	6.29315E+04
2.00000E-01	2.24719E+01	6.25610E+04
2.00000E-01	2.27528E+01	6.22072E+04
2.00000E-01	2.30337E+01	6.18442E+04
2.00000E-01	2.33146E+01	6.14608E+04
2.00000E-01	2.35955E+01	6.10855E+04
2.00000E-01	2.38764E+01	6.07212E+04
2.00000E-01	2.41573E+01	6.03498E+04
2.00000E-01	2.44382E+01	5.99799E+04
2.00000E-01	2.47191E+01	5.96221E+04
2.00000E-01	2.50000E+01	5.92637E+04
2.50000E-01	0.00000E+00	4.12822E+01
2.50000E-01	2.80899E-01	4.26311E+01
2.50000E-01	5.61798E-01	5.64973E+01
2.50000E-01	8.42697E-01	3.00300E+02
2.50000E-01	1.12360E+00	4.11153E+03
2.50000E-01	1.40449E+00	3.58795E+03
2.50000E-01	1.68539E+00	3.05938E+03
2.50000E-01	1.96629E+00	2.67157E+03
2.50000E-01	2.24719E+00	2.49310E+03
2.50000E-01	2.52809E+00	2.90704E+03
2.50000E-01	2.80899E+00	3.81442E+03
2.50000E-01	3.08989E+00	4.42214E+03
2.50000E-01	3.37079E+00	4.84194E+03
2.50000E-01	3.65169E+00	5.21924E+03
2.50000E-01	3.93258E+00	5.73557E+03
2.50000E-01	4.21348E+00	6.30409E+03
2.50000E-01	4.49438E+00	8.11575E+03
2.50000E-01	4.77528E+00	1.03813E+04
2.50000E-01	5.05618E+00	1.31703E+04
2.50000E-01	5.33708E+00	1.56176E+04
2.50000E-01	5.61798E+00	1.69820E+04
2.50000E-01	5.89888E+00	1.75134E+04
2.50000E-01	6.17978E+00	1.76849E+04
2.50000E-01	6.46067E+00	1.76505E+04
2.50000E-01	6.74157E+00	1.74393E+04
2.50000E-01	7.02247E+00	1.71193E+04
2.50000E-01	7.30337E+00	1.67714E+04
2.50000E-01	7.58427E+00	1.64674E+04
2.50000E-01	7.86517E+00	1.62260E+04
2.50000E-01	8.14607E+00	1.61405E+04
2.50000E-01	8.42697E+00	1.62058E+04
2.50000E-01	8.70787E+00	1.64455E+04
2.50000E-01	8.98876E+00	1.68763E+04
2.50000E-01	9.26966E+00	1.74079E+04
2.50000E-01	9.55056E+00	1.81177E+04
2.50000E-01	9.83146E+00	1.88823E+04
2.50000E-01	1.01124E+01	1.97837E+04
2.50000E-01	1.03933E+01	2.07151E+04
2.50000E-01	1.06742E+01	2.17525E+04
2.50000E-01	1.09551E+01	2.28884E+04
2.50000E-01	1.12360E+01	2.41593E+04
2.50000E-01	1.15169E+01	2.56585E+04
2.50000E-01	1.17978E+01	2.72834E+04
2.50000E-01	1.20787E+01	2.90598E+04
2.50000E-01	1.23596E+01	3.08330E+04
2.50000E-01	1.26404E+01	3.25899E+04
2.50000E-01	1.29213E+01	3.43519E+04
2.50000E-01	1.32022E+01	3.61885E+04
2.50000E-01	1.34831E+01	3.81826E+04
2.50000E-01	1.37640E+01	4.03044E+04
2.50000E-01	1.40449E+01	4.25095E+04
2.50000E-01	1.43258E+01	4.47455E+04
2.50000E-01	1.46067E+01	4.70655E+04
2.50000E-01	1.48876E+01	4.93185E+04
2.50000E-01	1.51685E+01	5.14955E+04
2.50000E-01	1.54494E+01	5.35256E+04
2.50000E-01	1.57303E+01	5.53666E+04
2.50000E-01	1.60112E+01	5.70023E+04
2.50000E-01	1.62921E+01	5.84496E+04
2.50000E-01	1.65730E+01	5.97069E+04
2.50000E-01	1.68539E+01	6.08357E+04
2.50000E-01	1.71348E+01	6.18070E+04
2.50000E-01	1.74157E+01	6.26752E+04
2.50000E-01	1.76966E+01	6.33884E+04
2.50000E-01	1.79775E+01	6.39761E+04
2.50000E-01	1.82584E+01	6.44337E+04
2.50000E-01	1.85393E+01	6.47979E+04
2.50000E-01	1.88202E+01	6.50215E+04
2.50000E-01	1.91011E+01	6.51547E+04
2.50000E-01	1.93820E+01	6.51854E+04
2.50000E-01	1.96629E+01	6.51221E+04
2.50000E-01	1.99438E+01	6.50152E+04
2.50000E-01	2.02247E+01	6.48348E+04
2.50000E-01	2.05056E+01	6.46450E+04
2.50000E-01	2.07865E+01	6.44642E+04
2.50000E-01	2.10674E+01	6.42228E+04
2.50000E-01	2.13483E+01	6.39061E+04
2.50000E-01	2.16292E+01	6.35977E+04
2.50000E-01	2.19101E+01	6.32941E+04
2.50000E-01	2.21910E+01	6.29315E+04
2.50000E-01	2.24719E+01	6.25611E+04
2.50000E-01	2.27528E+01	6.22072E+04
2.50000E-01	2.30337E+01	6.18441E+04
2.50000E-01	2.33146E+01	6.14608E+04
2.50000E-01	2.35955E+01	6.10855E+04
2.50000E-01	2.38764E+01	6.07211E+04
2.50000E-01	2.41573E+01	6.03497E+04
2.50000E-01	2.44382E+01	5.99799E+04
2.50000E-01	2.47191E+01	5.96221E+04
2.50000E-01	2.50000E+01	5.92637E+04
3.00000E-01	0.00000E+00	3.99768E+01
3.00000E-01	2.80899E-01	4.27348E+01
3.00000E-01	5.61798E-01	5.66538E+01
3.00000E-01	8.42697E-01	4.02869E+02
3.00000E-01	1.12360E+00	4.09748E+03
3.00000E-01	1.40449E+00	3.58760E+03
3.00000E-01	1.68539E+00	3.05922E+03
3.00000E-01	1.96629E+00	2.67196E+03
3.00000E-01	2.24719E+00	2.49605E+03
3.00000E-01	2.52809E+00	2.91059E+03
3.00000E-01	2.80899E+00	3.81287E+03
3.00000E-01	3.08989E+00	4.42217E+03
3.00000E-01	3.37079E+00	4.84217E+03
3.00000E-01	3.65169E+00	5.22058E+03
3.00000E-01	3.93258E+00	5.73606E+03
3.00000E-01	4.21348E+00	6.31259E+03
3.00000E-01	4.49438E+00	8.11728E+03
3.00000E-01	4.77528E+00	1.03867E+04
3.00000E-01	5.05618E+00	1.31706E+04
3.00000E-01	5.33708E+00	1.56119E+04
3.00000E-01	5.61798E+00	1.69787E+04
3.00000E-01	5.89888E+00	1.75126E+04
3.00000E-01	6.17978E+00	1.76845E+04
3.00000E-01	6.46067E+00	1.76500E+04
3.00000E-01	6.74157E+00	1.74387E+04
3.00000E-01	7.02247E+00	1.71192E+04
3.00000E-01	7.30337E+00	1.67715E+04
3.00000E-01	7.58427E+00	1.64674E+04
3.00000E-01	7.86517E+00	1.62272E+04
3.00000E-01	8.14607E+00	1.61411E+04
3.00000E-01	8.42697E+00	1.62067E+04
3.00000E-01	8.70787E+00	1.64467E+04
3.00000E-01	8.98876E+00	1.68765E+04
3.00000E-01	9.26966E+00	1.74097E+04
3.00000E-01	9.55056E+00	1.81179E+04
3.00000E-01	9.83146E+00	1.88836E+04
3.00000E-01	1.01124E+01	1.97838E+04
3.00000E-01	1.03933E+01	2.07161E+04
3.00000E-01	1.06742E+01	2.17530E+04
3.00000E-01	1.09551E+01	2.28894E+04
3.00000E-01	1.12360E+01	2.41610E+04
3.00000E-01	1.15169E+01	2.56591E+04
3.00000E-01	1.17978E+01	2.72851E+04
3.00000E-01	1.20787E+01	2.90600E+04
3.00000E-01	1.23596E+01	3.08335E+04
3.00000E-01	1.26404E+01	3.25902E+04
3.00000E-01	1.29213E+01	3.43529E+04
3.00000E-01	1.32022E+01	3.61896E+04
3.00000E-01	1.34831E+01	3.81836E+04
3.00000E-01	1.37640E+01	4.03052E+04
3.00000E-01	1.40449E+01	4.25097E+04
3.00000E-01	1.43258E+01	4.47469E+04
3.00000E-01	1.46067E+01	4.70655E+04
3.00000E-01	1.48876E+01	4.93188E+04
3.00000E-01	1.51685E+01	5.14955E+04
3.00000E-01	1.54494E+01	5.35253E+04
3.00000E-01	1.57303E+01	5.53664E+04
3.00000E-01	1.60112E+01	5.70020E+04
3.00000E-01	1.62921E+01	5.84490E+04
3.00000E-01	1.65730E+01	5.97068E+04
3.00000E-01	1.68539E+01	6.08350E+04
3.00000E-01	1.71348E+01	6.18070E+04
3.00000E-01	1.74157E+01	6.26746E+04
3.00000E-01	1.76966E+01	6.33882E+04
3.00000E-01	1.79775E+01	6.39757E+04
3.00000E-01	1.82584E+01	6.44336E+04
3.00000E-01	1.85393E+01	6.47972E+04
3.00000E-01	1.88202E+01	6.50213E+04
3.00000E-01	1.91011E+01	6.51543E+04
3.00000E-01	1.93820E+01	6.51849E+04
3.00000E-01	1.96629E+01	6.51220E+04
3.00000E-01	1.99438E+01	6.50147E+04
3.00000E-01	2.02247E+01	6.48348E+04
3.00000E-01	2.05056E+01	6.46450E+04
3.00000E-01	2.07865E+01	6.44640E+04
3.00000E-01	2.10674E+01	6.42225E+04
3.00000E-01	2.13483E+01	6.39061E+04
3.00000E-01	2.16292E+01	6.35977E+04
3.00000E-01	2.19101E+01	6.32937E+04
3.00000E-01	2.21910E+01	6.29315E+04
3.00000E-01	2.24719E+01	6.25611E+04
3.00000E-01	2.27528E+01	6.22071E+04
3.00000E-01	2.30337E+01	6.18440E+04
3.00000E-01	2.33146E+01	6.14608E+04
3.00000E-01	2.35955E+01	6.10855E+04
3.00000E-01	2.38764E+01	6.07210E+04
3.00000E-01	2.41573E+01	6.03497E+04
3.00000E-01	2.44382E+01	5.99799E+04
3.00000E-01	2.47191E+01	5.96221E+04
3.00000E-01	2.50000E+01	5.92636E+04
4.00000E-01	0.00000E+00	3.88785E+01
4.00000E-01	2.80899E-01	4.30105E+01
4.00000E-01	5.61798E-01	5.73242E+01
4.00000E-01	8.42697E-01	6.09748E+02
4.00000E-01	1.12360E+00	4.06146E+03
4.00000E-01	1.40449E+00	3.58631E+03
4.00000E-01	1.68539E+00	3.05861E+03
4.00000E-01	1.96629E+00	2.67286E+03
4.00000E-01	2.24719E+00	2.50320E+03
4.00000E-01	2.52809E+00	2.91969E+03
4.00000E-01	2.80899E+00	3.80968E+03
4.00000E-01	3.08989E+00	4.42197E+03
4.00000E-01	3.37079E+00	4.84278E+03
4.00000E-01	3.65169E+00	5.22388E+03
4.00000E-01	3.93258E+00	5.73735E+03
4.00000E-01	4.21348E+00	6.33275E+03
4.00000E-01	4.49438E+00	8.12205E+03
4.00000E-01	4.77528E+00	1.04005E+04
4.00000E-01	5.05618E+00	1.31715E+04
4.00000E-01	5.33708E+00	1.55986E+04
4.00000E-01	5.61798E+00	1.69700E+04
4.00000E-01	5.89888E+00	1.75104E+04
4.00000E-01	6.17978E+00	1.76833E+04
4.00000E-01	6.46067E+00	1.76485E+04
4.00000E-01	6.74157E+00	1.74370E+04
4.00000E-01	7.02247E+00	1.71189E+04
4.00000E-01	7.30337E+00	1.67718E+04
4.00000E-01	7.58427E+00	1.64674E+04
4.00000E-01	7.86517E+00	1.62298E+04
4.00000E-01	8.14607E+00	1.61426E+04
4.00000E-01	8.42697E+00	1.62089E+04
4.00000E-01	8.70787E+00	1.64495E+04
4.00000E-01	8.98876E+00	1.68773E+04
4.00000E-01	9.26966E+00	1.74139E+04
4.00000E-01	9.55056E+00	1.81184E+04
4.00000E-01	9.83146E+00	1.88868E+04
4.00000E-01	1.01124E+01	1.97843E+04
4.00000E-01	1.03933E+01	2.07188E+04
4.00000E-01	1.06742E+01	2.17545E+04
4.00000E-01	1.09551E+01	2.28920E+04
4.00000E-01	1.12360E+01	2.41652E+04
4.00000E-01	1.15169E+01	2.56609E+04
4.00000E-01	1.17978E+01	2.72892E+04
4.00000E-01	1.20787E+01	2.90606E+04
4.00000E-01	1.23596E+01	3.08349E+04
4.00000E-01	1.26404E+01	3.25910E+04
4.00000E-01	1.29213E+01	3.43554E+04
4.00000E-01	1.32022E+01	3.61926E+04
4.00000E-01	1.34831E+01	3.81862E+04
4.00000E-01	1.37640E+01	4.03074E+04
4.00000E-01	1.40449E+01	4.25105E+04
4.00000E-01	1.43258E+01	4.47504E+04
4.00000E-01	1.46067E+01	4.70657E+04
4.00000E-01	1.48876E+01	4.93194E+04
4.00000E-01	1.51685E+01	5.14955E+04
4.00000E-01	1.54494E+01	5.35244E+04
4.00000E-01	1.57303E+01	5.53657E+04
4.00000E-01	1.60112E+01	5.70012E+04
4.00000E-01	1.62921E+01	5.84476E+04
4.00000E-01	1.65730E+01	5.97066E+04
4.00000E-01	1.68539E+01	6.08333E+04
4.00000E-01	1.71348E+01	6.18069E+04
4.00000E-01	1.74157E+01	6.26729E+04
4.00000E-01	1.76966E+01	6.33874E+04
4.00000E-01	1.79775E+01	6.39748E+04
4.00000E-01	1.82584E+01	6.44331E+04
4.00000E-01	1.85393E+01	6.47956E+04
4.00000E-01	1.88202E+01	6.50207E+04
4.00000E-01	1.91011E+01	6.51534E+04
4.00000E-01	1.93820E+01	6.51836E+04
4.00000E-01	1.96629E+01	6.51219E+04
4.00000E-01	1.99438E+01	6.50137E+04
4.00000E-01	2.02247E+01	6.48349E+04
4.00000E-01	2.05056E+01	6.46451E+04
4.00000E-01	2.07865E+01	6.44634E+04
4.00000E-01	2.10674E+01	6.42218E+04
4.00000E-01	2.13483E+01	6.39062E+04
4.00000E-01	2.16292E+01	6.35978E+04
4.00000E-01	2.19101E+01	6.32928E+04
4.00000E-01	2.21910E+01	6.29314E+04
4.00000E-01	2.24719E+01	6.25613E+04
4.00000E-01	2.27528E+01	6.22070E+04
4.00000E-01	2.30337E+01	6.18437E+04
4.00000E-01	2.33146E+01	6.14608E+04
4.00000E-01	2.35955E+01	6.10856E+04
4.00000E-01	2.38764E+01	6.07208E+04
4.00000E-01	2.41573E+01	6.03496E+04
4.00000E-01	2.44382E+01	5.99800E+04
4.00000E-01	2.47191E+01	5.96220E+04
4.00000E-01	2.50000E+01	5.92634E+04
5.00000E-01	0.00000E+00	3.87908E+01
5.00000E-01	2.80899E-01	4.35148E+01
5.00000E-01	5.61798E-01	5.98466E+01
5.00000E-01	8.42697E-01	8.04133E+02
5.00000E-01	1.12360E+00	4.01489E+03
5.00000E-01	1.40449E+00	3.58384E+03
5.00000E-01	1.68539E+00	3.05765E+03
5.00000E-01	1.96629E+00	2.67406E+03
5.00000E-01	2.24719E+00	2.51212E+03
5.00000E-01	2.52809E+00	2.93108E+03
5.00000E-01	2.80899E+00	3.80674E+03
5.00000E-01	3.08989E+00	4.42149E+03
5.00000E-01	3.37079E+00	4.84362E+03
5.00000E-01	3.65169E+00	5.22792E+03
5.00000E-01	3.93258E+00	5.73919E+03
5.00000E-01	4.21348E+00	6.35700E+03
5.00000E-01	4.49438E+00	8.12972E+03
5.00000E-01	4.77528E+00	1.04175E+04
5.00000E-01	5.05618E+00	1.31727E+04
5.00000E-01	5.33708E+00	1.55835E+04
5.00000E-01	5.61798E+00	1.69590E+04
5.00000E-01	5.89888E+00	1.75074E+04
5.00000E-01	6.17978E+00	1.76814E+04
5.00000E-01	6.46067E+00	1.76464E+04
5.00000E-01	6.74157E+00	1.74349E+04
5.00000E-01	7.02247E+00	1.71184E+04
5.00000E-01	7.30337E+00	1.67722E+04
5.00000E-01	7.58427E+00	1.64676E+04
5.00000E-01	7.86517E+00	1.62326E+04
5.00000E-01	8.14607E+00	1.61446E+04
5.00000E-01	8.42697E+00	1.62118E+04
5.00000E-01	8.70787E+00	1.64529E+04
5.00000E-01	8.98876E+00	1.68787E+04
5.00000E-01	9.26966E+00	1.74186E+04
5.00000E-01	9.55056E+00	1.81195E+04
5.00000E-01	9.83146E+00	1.88906E+04
5.00000E-01	1.01124E+01	1.97852E+04
5.00000E-01	1.03933E+01	2.07220E+04
5.00000E-01	1.06742E+01	2.17567E+04
5.00000E-01	1.09551E+01	2.28954E+04
5.00000E-01	1.12360E+01	2.41703E+04
5.00000E-01	1.15169E+01	2.56635E+04
5.00000E-01	1.17978E+01	2.72941E+04
5.00000E-01	1.20787E+01	2.90616E+04
5.00000E-01	1.23596E+01	3.08367E+04
5.00000E-01	1.26404E+01	3.25923E+04
5.00000E-01	1.29213E+01	3.43584E+04
5.00000E-01	1.32022E+01	3.61965E+04
5.00000E-01	1.34831E+01	3.81897E+04
5.00000E-01	1.37640E+01	4.03105E+04
5.00000E-01	1.40449E+01	4.25118E+04
5.00000E-01	1.43258E+01	4.47545E+04
5.00000E-01	1.46067E+01	4.70661E+04
5.00000E-01	1.48876E+01	4.93203E+04
5.00000E-01	1.51685E+01	5.14954E+04
5.00000E-01	1.54494E+01	5.35233E+04
5.00000E-01	1.57303E+01	5.53646E+04
5.00000E-01	1.60112E+01	5.70001E+04
5.00000E-01	1.62921E+01	5.84458E+04
5.00000E-01	1.65730E+01	5.97062E+04
5.00000E-01	1.68539E+01	6.08314E+04
5.00000E-01	1.71348E+01	6.18067E+04
5.00000E-01	1.74157E+01	6.26710E+04
5.00000E-01	1.76966E+01	6.33864E+04
5.00000E-01	1.79775E+01	6.39735E+04
5.00000E-01	1.82584E+01	6.44325E+04
5.00000E-01	1.85393E+01	6.47936E+04
5.00000E-01	1.88202E+01	6.50198E+04
5.00000E-01	1.91011E+01	6.51521E+04
5.00000E-01	1.93820E+01	6.51821E+04
5.00000E-01	1.96629E+01	6.51216E+04
5.00000E-01	1.99438E+01	6.50124E+04
5.00000E-01	2.02247E+01	6.48350E+04
5.00000E-01	2.05056E+01	6.46453E+04
5.00000E-01	2.07865E+01	6.44626E+04
5.00000E-01	2.10674E+01	6.42207E+04
5.00000E-01	2.13483E+01	6.39063E+04
5.00000E-01	2.16292E+01	6.35978E+04
5.00000E-01	2.19101E+01	6.32916E+04
5.00000E-01	2.21910E+01	6.29313E+04
5.00000E-01	2.24719E+01	6.25614E+04
5.00000E-01	2.27528E+01	6.22068E+04
5.00000E-01	2.30337E+01	6.18433E+04
5.00000E-01	2.33146E+01	6.14608E+04
5.00000E-01	2.35955E+01	6.10856E+04
5.00000E-01	2.38764E+01	6.07206E+04
5.00000E-01	2.41573E+01	6.03495E+04
5.00000E-01	2.44382E+01	5.99800E+04
5.00000E-01	2.47191E+01	5.96219E+04
5.00000E-01	2.50000E+01	5.92631E+04
6.00000E-01	0.00000E+00	3.91640E+01
6.00000E-01	2.80899E-01	4.43462E+01
6.00000E-01	5.61798E-01	6.71770E+01
6.00000E-01	8.42697E-01	9.80961E+02
6.00000E-01	1.12360E+00	3.95952E+03
6.00000E-01	1.40449E+00	3.57977E+03
6.00000E-01	1.68539E+00	3.05637E+03
6.00000E-01	1.96629E+00	2.67564E+03
6.00000E-01	2.24719E+00	2.52292E+03
6.00000E-01	2.52809E+00	2.94439E+03
6.00000E-01	2.80899E+00	3.80423E+03
6.00000E-01	3.08989E+00	4.42077E+03
6.00000E-01	3.37079E+00	4.84472E+03
6.00000E-01	3.65169E+00	5.23261E+03
6.00000E-01	3.93258E+00	5.74185E+03
6.00000E-01	4.21348E+00	6.38490E+03
6.00000E-01	4.49438E+00	8.14085E+03
6.00000E-01	4.77528E+00	1.04370E+04
6.00000E-01	5.05618E+00	1.31743E+04
6.00000E-01	5.33708E+00	1.55671E+04
6.00000E-01	5.61798E+00	1.69462E+04
6.00000E-01	5.89888E+00	1.75033E+04
6.00000E-01	6.17978E+00	1.76787E+04
6.00000E-01	6.46067E+00	1.76436E+04
6.00000E-01	6.74157E+00	1.74325E+04
6.00000E-01	7.02247E+00	1.71176E+04
6.00000E-01	7.30337E+00	1.67726E+04
6.00000E-01	7.58427E+00	1.64680E+04
6.00000E-01	7.86517E+00	1.62357E+04
6.00000E-01	8.14607E+00	1.61471E+04
6.00000E-01	8.42697E+00	1.62152E+04
6.00000E-01	8.70787E+00	1.64569E+04
6.00000E-01	8.98876E+00	1.68808E+04
6.00000E-01	9.26966E+00	1.74236E+04
6.00000E-01	9.55056E+00	1.81210E+04
6.00000E-01	9.83146E+00	1.88949E+04
6.00000E-01	1.01124E+01	1.97866E+04
6.00000E-01	1.03933E+01	2.07257E+04
6.00000E-01	1.06742E+01	2.17596E+04
6.00000E-01	1.09551E+01	2.28994E+04
6.00000E-01	1.12360E+01	2.41764E+04
6.00000E-01	1.15169E+01	2.56671E+04
6.00000E-01	1.17978E+01	2.72997E+04
6.00000E-01	1.20787E+01	2.90632E+04
6.00000E-01	1.23596E+01	3.08388E+04
6.00000E-01	1.26404E+01	3.25942E+04
6.00000E-01	1.29213E+01	3.43621E+04
6.00000E-01	1.32022E+01	3.62013E+04
6.00000E-01	1.34831E+01	3.81940E+04
6.00000E-01	1.37640E+01	4.03143E+04
6.00000E-01	1.40449E+01	4.25140E+04
6.00000E-01	1.43258E+01	4.47591E+04
6.00000E-01	1.46067E+01	4.70669E+04
6.00000E-01	1.48876E+01	4.93213E+04
6.00000E-01	1.51685E+01	5.14953E+04
6.00000E-01	1.54494E+01	5.35219E+04
6.00000E-01	1.57303E+01	5.53631E+04
6.00000E-01	1.60112E+01	5.69986E+04
6.00000E-01	1.62921E+01	5.84437E+04
6.00000E-01	1.65730E+01	5.97055E+04
6.00000E-01	1.68539E+01	6.08294E+04
6.00000E-01	1.71348E+01	6.18062E+04
6.00000E-01	1.74157E+01	6.26688E+04
6.00000E-01	1.76966E+01	6.33851E+04
6.00000E-01	1.79775E+01	6.39720E+04
6.00000E-01	1.82584E+01	6.44316E+04
6.00000E-01	1.85393E+01	6.47913E+04
6.00000E-01	1.88202E+01	6.50187E+04
6.00000E-01	1.91011E+01	6.51506E+04
6.00000E-01	1.93820E+01	6.51804E+04
6.00000E-01	1.96629E+01	6.51211E+04
6.00000E-01	1.99438E+01	6.50109E+04
6.00000E-01	2.02247E+01	6.48350E+04
6.00000E-01	2.05056E+01	6.46454E+04
6.00000E-01	2.07865E+01	6.44616E+04
6.00000E-01	2.10674E+01	6.42193E+04
6.00000E-01	2.13483E+01	6.39064E+04
6.00000E-01	2.16292E+01	6.35979E+04
6.00000E-01	2.19101E+01	6.32903E+04
6.00000E-01	2.21910E+01	6.29311E+04
6.00000E-01	2.24719E+01	6.25616E+04
6.00000E-01	2.27528E+01	6.22065E+04
6.00000E-01	2.30337E+01	6.18428E+04
6.00000E-01	2.33146E+01	6.14609E+04
6.00000E-01	2.35955E+01	6.10857E+04
6.00000E-01	2.38764E+01	6.07203E+04
6.00000E-01	2.41573E+01	6.03494E+04
6.00000E-01	2.44382E+01	5.99801E+04
6.00000E-01	2.47191E+01	5.96218E+04
6.00000E-01	2.50000E+01	5.92628E+04
7.00000E-01	0.00000E+00	3.98133E+01
7.00000E-01	2.80899E-01	4.57308E+01
7.00000E-01	5.61798E-01	8.27552E+01
7.00000E-01	8.42697E-01	1.14017E+03
7.00000E-01	1.12360E+00	3.89815E+03
7.00000E-01	1.40449E+00	3.57368E+03
7.00000E-01	1.68539E+00	3.05480E+03
7.00000E-01	1.96629E+00	2.67770E+03
7.00000E-01	2.24719E+00	2.53560E+03
7.00000E-01	2.52809E+00	2.95931E+03
7.00000E-01	2.80899E+00	3.80227E+03
7.00000E-01	3.08989E+00	4.41989E+03
7.00000E-01	3.37079E+00	4.84608E+03
7.00000E-01	3.65169E+00	5.23788E+03
7.00000E-01	3.93258E+00	5.74570E+03
7.00000E-01	4.21348E+00	6.41596E+03
7.00000E-01	4.49438E+00	8.15581E+03
7.00000E-01	4.77528E+00	1.04585E+04
7.00000E-01	5.05618E+00	1.31762E+04
7.00000E-01	5.33708E+00	1.55496E+04
7.00000E-01	5.61798E+00	1.69317E+04
7.00000E-01	5.89888E+00	1.74981E+04
7.00000E-01	6.17978E+00	1.76753E+04
7.00000E-01	6.46067E+00	1.76402E+04
7.00000E-01	6.74157E+00	1.74297E+04
7.00000E-01	7.02247E+00	1.71166E+04
7.00000E-01	7.30337E+00	1.67730E+04
7.00000E-01	7.58427E+00	1.64687E+04
7.00000E-01	7.86517E+00	1.62390E+04
7.00000E-01	8.14607E+00	1.61502E+04
7.00000E-01	8.42697E+00	1.62192E+04
7.00000E-01	8.70787E+00	1.64616E+04
7.00000E-01	8.98876E+00	1.68836E+04
7.00000E-01	9.26966E+00	1.74291E+04
7.00000E-01	9.55056E+00	1.81233E+04
7.00000E-01	9.83146E+00	1.88995E+04
7.00000E-01	1.01124E+01	1.97886E+04
7.00000E-01	1.03933E+01	2.07298E+04
7.00000E-01	1.06742E+01	2.17632E+04
7.00000E-01	1.09551E+01	2.29042E+04
7.00000E-01	1.12360E+01	2.41834E+04
7.00000E-01	1.15169E+01	2.56716E+04
7.00000E-01	1.17978E+01	2.73058E+04
7.00000E-01	1.20787E+01	2.90654E+04
7.00000E-01	1.23596E+01	3.08412E+04
7.00000E-01	1.26404E+01	3.25965E+04
7.00000E-01	1.29213E+01	3.43663E+04
7.00000E-01	1.32022E+01	3.62070E+04
7.00000E-01	1.34831E+01	3.81992E+04
7.00000E-01	1.37640E+01	4.03188E+04
7.00000E-01	1.40449E+01	4.25169E+04
7.00000E-01	1.43258E+01	4.47641E+04
7.00000E-01	1.46067E+01	4.70681E+04
7.00000E-01	1.48876E+01	4.93225E+04
7.00000E-01	1.51685E+01	5.14950E+04
7.00000E-01	1.54494E+01	5.35203E+04
7.00000E-01	1.57303E+01	5.53612E+04
7.00000E-01	1.60112E+01	5.69967E+04
7.00000E-01	1.62921E+01	5.84413E+04
7.00000E-01	1.65730E+01	5.97045E+04
7.00000E-01	1.68539E+01	6.08272E+04
7.00000E-01	1.71348E+01	6.18054E+04
7.00000E-01	1.74157E+01	6.26664E+04
7.00000E-01	1.76966E+01	6.33835E+04
7.00000E-01	1.79775E+01	6.39701E+04
7.00000E-01	1.82584E+01	6.44305E+04
7.00000E-01	1.85393E+01	6.47887E+04
7.00000E-01	1.88202E+01	6.50173E+04
7.00000E-01	1.91011E+01	6.51488E+04
7.00000E-01	1.93820E+01	6.51785E+04
7.00000E-01	1.96629E+01	6.51204E+04
7.00000E-01	1.99438E+01	6.50094E+04
7.00000E-01	2.02247E+01	6.48349E+04
7.00000E-01	2.05056E+01	6.46456E+04
7.00000E-01	2.07865E+01	6.44604E+04
7.00000E-01	2.10674E+01	6.42177E+04
7.00000E-01	2.13483E+01	6.39065E+04
7.00000E-01	2.16292E+01	6.35979E+04
7.00000E-01	2.19101E+01	6.32889E+04
7.00000E-01	2.21910E+01	6.29309E+04
7.00000E-01	2.24719E+01	6.25617E+04
7.00000E-01	2.27528E+01	6.22062E+04
7.00000E-01	2.30337E+01	6.18422E+04
7.00000E-01	2.33146E+01	6.14608E+04
7.00000E-01	2.35955E+01	6.10858E+04
7.00000E-01	2.38764E+01	6.07200E+04
7.00000E-01	2.41573E+01	6.03493E+04
7.00000E-01	2.44382E+01	5.99802E+04
7.00000E-01	2.47191E+01	5.96216E+04
7.00000E-01	2.50000E+01	5.92624E+04
8.00000E-01	0.00000E+00	4.08182E+01
8.00000E-01	2.80899E-01	4.83198E+01
8.00000E-01	5.61798E-01	1.09332E+02
8.00000E-01	8.42697E-01	1.28311E+03
8.00000E-01	1.12360E+00	3.83363E+03
8.00000E-01	1.40449E+00	3.56519E+03
8.00000E-01	1.68539E+00	3.05293E+03
8.00000E-01	1.96629E+00	2.68035E+03
8.00000E-01	2.24719E+00	2.55010E+03
8.00000E-01	2.52809E+00	2.97558E+03
8.00000E-01	2.80899E+00	3.80092E+03
8.00000E-01	3.08989E+00	4.41889E+03
8.00000E-01	3.37079E+00	4.84773E+03
8.00000E-01	3.65169E+00	5.24368E+03
8.00000E-01	3.93258E+00	5.75113E+03
8.00000E-01	4.21348E+00	6.44975E+03
8.00000E-01	4.49438E+00	8.17478E+03
8.00000E-01	4.77528E+00	1.04815E+04
8.00000E-01	5.05618E+00	1.31784E+04
8.00000E-01	5.33708E+00	1.55312E+04
8.00000E-01	5.61798E+00	1.69155E+04
8.00000E-01	5.89888E+00	1.74915E+04
8.00000E-01	6.17978E+00	1.76712E+04
8.00000E-01	6.46067E+00	1.76362E+04
8.00000E-01	6.74157E+00	1.74266E+04
8.00000E-01	7.02247E+00	1.71154E+04
8.00000E-01	7.30337E+00	1.67735E+04
8.00000E-01	7.58427E+00	1.64697E+04
8.00000E-01	7.86517E+00	1.62426E+04
8.00000E-01	8.14607E+00	1.61539E+04
8.00000E-01	8.42697E+00	1.62238E+04
8.00000E-01	8.70787E+00	1.64668E+04
8.00000E-01	8.98876E+00	1.68872E+04
8.00000E-01	9.26966E+00	1.74348E+04
8.00000E-01	9.55056E+00	1.81262E+04
8.00000E-01	9.83146E+00	1.89046E+04
8.00000E-01	1.01124E+01	1.97912E+04
8.00000E-01	1.03933E+01	2.07344E+04
8.00000E-01	1.06742E+01	2.17675E+04
8.00000E-01	1.09551E+01	2.29098E+04
8.00000E-01	1.12360E+01	2.41912E+04
8.00000E-01	1.15169E+01	2.56772E+04
8.00000E-01	1.17978E+01	2.73124E+04
8.00000E-01	1.20787E+01	2.90683E+04
8.00000E-01	1.23596E+01	3.08439E+04
8.00000E-01	1.26404E+01	3.25995E+04
8.00000E-01	1.29213E+01	3.43710E+04
8.00000E-01	1.32022E+01	3.62135E+04
8.00000E-01	1.34831E+01	3.82052E+04
8.00000E-01	1.37640E+01	4.03240E+04
8.00000E-01	1.40449E+01	4.25207E+04
8.00000E-01	1.43258E+01	4.47694E+04
8.00000E-01	1.46067E+01	4.70698E+04
8.00000E-01	1.48876E+01	4.93238E+04
8.00000E-01	1.51685E+01	5.14946E+04
8.00000E-01	1.54494E+01	5.35186E+04
8.00000E-01	1.57303E+01	5.53589E+04
8.00000E-01	1.60112E+01	5.69945E+04
8.00000E-01	1.62921E+01	5.84387E+04
8.00000E-01	1.65730E+01	5.97032E+04
8.00000E-01	1.68539E+01	6.08249E+04
8.00000E-01	1.71348E+01	6.18043E+04
8.00000E-01	1.74157E+01	6.26638E+04
8.00000E-01	1.76966E+01	6.33815E+04
8.00000E-01	1.79775E+01	6.39679E+04
8.00000E-01	1.82584E+01	6.44290E+04
8.00000E-01	1.85393E+01	6.47859E+04
8.00000E-01	1.88202E+01	6.50155E+04
8.00000E-01	1.91011E+01	6.51467E+04
8.00000E-01	1.93820E+01	6.51765E+04
8.00000E-01	1.96629E+01	6.51195E+04
8.00000E-01	1.99438E+01	6.50077E+04
8.00000E-01	2.02247E+01	6.48346E+04
8.00000E-01	2.05056E+01	6.46457E+04
8.00000E-01	2.07865E+01	6.44590E+04
8.00000E-01	2.10674E+01	6.42160E+04
8.00000E-01	2.13483E+01	6.39065E+04
8.00000E-01	2.16292E+01	6.35978E+04
8.00000E-01	2.19101E+01	6.32874E+04
8.00000E-01	2.21910E+01	6.29305E+04
8.00000E-01	2.24719E+01	6.25619E+04
8.00000E-01	2.27528E+01	6.22058E+04
8.00000E-01	2.30337E+01	6.18416E+04
8.00000E-01	2.33146E+01	6.14608E+04
8.00000E-01	2.35955E+01	6.10858E+04
8.00000E-01	2.38764E+01	6.07197E+04
8.00000E-01	2.41573E+01	6.03492E+04
8.00000E-01	2.44382E+01	5.99803E+04
8.00000E-01	2.47191E+01	5.96215E+04
8.00000E-01	2.50000E+01	5.92620E+04
9.00000E-01	0.00000E+00	4.25593E+01
9.00000E-01	2.80899E-01	5.32626E+01
9.00000E-01	5.61798E-01	1.48423E+02
9.00000E-01	8.42697E-01	1.41147E+03
9.00000E-01	1.12360E+00	3.76829E+03
9.00000E-01	1.40449E+00	3.55406E+03
9.00000E-01	1.68539E+00	3.05074E+03
9.00000E-01	1.96629E+00	2.68369E+03
9.00000E-01	2.24719E+00	2.56631E+03
9.00000E-01	2.52809E+00	2.99295E+03
9.00000E-01	2.80899E+00	3.80025E+03
9.00000E-01	3.08989E+00	4.41783E+03
9.00000E-01	3.37079E+00	4.84967E+03
9.00000E-01	3.65169E+00	5.24999E+03
9.00000E-01	3.93258E+00	5.75845E+03
9.00000E-01	4.21348E+00	6.48595E+03
9.00000E-01	4.49438E+00	8.19775E+03
9.00000E-01	4.77528E+00	1.05060E+04
9.00000E-01	5.05618E+00	1.31808E+04
9.00000E-01	5.33708E+00	1.55118E+04
9.00000E-01	5.61798E+00	1.68978E+04
9.00000E-01	5.89888E+00	1.74836E+04
9.00000E-01	6.17978E+00	1.76663E+04
9.00000E-01	6.46067E+00	1.76316E+04
9.00000E-01	6.74157E+00	1.74232E+04
9.00000E-01	7.02247E+00	1.71139E+04
9.00000E-01	7.30337E+00	1.67738E+04
9.00000E-01	7.58427E+00	1.64709E+04
9.00000E-01	7.86517E+00	1.62463E+04
9.00000E-01	8.14607E+00	1.61581E+04
9.00000E-01	8.42697E+00	1.62290E+04
9.00000E-01	8.70787E+00	1.64726E+04
9.00000E-01	8.98876E+00	1.68915E+04
9.00000E-01	9.26966E+00	1.74409E+04
9.00000E-01	9.55056E+00	1.81298E+04
9.00000E-01	9.83146E+00	1.89100E+04
9.00000E-01	1.01124E+01	1.97944E+04
9.00000E-01	1.03933E+01	2.07393E+04
9.00000E-01	1.06742E+01	2.17725E+04
9.00000E-01	1.09551E+01	2.29160E+04
9.00000E-01	1.12360E+01	2.41998E+04
9.00000E-01	1.15169E+01	2.56838E+04
9.00000E-01	1.17978E+01	2.73195E+04
9.00000E-01	1.20787E+01	2.90718E+04
9.00000E-01	1.23596E+01	3.08468E+04
9.00000E-01	1.26404E+01	3.26029E+04
9.00000E-01	1.29213E+01	3.43763E+04
9.00000E-01	1.32022E+01	3.62208E+04
9.00000E-01	1.34831E+01	3.82121E+04
9.00000E-01	1.37640E+01	4.03299E+04
9.00000E-01	1.40449E+01	4.25252E+04
9.00000E-01	1.43258E+01	4.47751E+04
9.00000E-01	1.46067E+01	4.70719E+04
9.00000E-01	1.48876E+01	4.93252E+04
9.00000E-01	1.51685E+01	5.14942E+04
9.00000E-01	1.54494E+01	5.35166E+04
9.00000E-01	1.57303E+01	5.53563E+04
9.00000E-01	1.60112E+01	5.69919E+04
9.00000E-01	1.62921E+01	5.84358E+04
9.00000E-01	1.65730E+01	5.97015E+04
9.00000E-01	1.68539E+01	6.08225E+04
9.00000E-01	1.71348E+01	6.18028E+04
9.00000E-01	1.74157E+01	6.26610E+04
9.00000E-01	1.76966E+01	6.33792E+04
9.00000E-01	1.79775E+01	6.39654E+04
9.00000E-01	1.82584E+01	6.44271E+04
9.00000E-01	1.85393E+01	6.47829E+04
9.00000E-01	1.88202E+01	6.50135E+04
9.00000E-01	1.91011E+01	6.51443E+04
9.00000E-01	1.93820E+01	6.51742E+04
9.00000E-01	1.96629E+01	6.51183E+04
9.00000E-01	1.99438E+01	6.50059E+04
9.00000E-01	2.02247E+01	6.48343E+04
9.00000E-01	2.05056E+01	6.46458E+04
9.00000E-01	2.07865E+01	6.44575E+04
9.00000E-01	2.10674E+01	6.42140E+04
9.00000E-01	2.13483E+01	6.39064E+04
9.00000E-01	2.16292E+01	6.35977E+04
9.00000E-01	2.19101E+01	6.32858E+04
9.00000E-01	2.21910E+01	6.29300E+04
9.00000E-01	2.24719E+01	6.25620E+04
9.00000E-01	2.27528E+01	6.22054E+04
9.00000E-01	2.30337E+01	6.18409E+04
9.00000E-01	2.33146E+01	6.14608E+04
9.00000E-01	2.35955E+01	6.10858E+04
9.00000E-01	2.38764E+01	6.07193E+04
9.00000E-01	2.41573E+01	6.03490E+04
9.00000E-01	2.44382E+01	5.99803E+04
9.00000E-01	2.47191E+01	5.96212E+04
9.00000E-01	2.50000E+01	5.92615E+04
1.00000E+00	0.00000E+00	4.57418E+01
1.00000E+00	2.80899E-01	6.20225E+01
1.00000E+00	5.61798E-01	2.00314E+02
1.00000E+00	8.42697E-01	1.52703E+03
1.00000E+00	1.12360E+00	3.70386E+03
1.00000E+00	1.40449E+00	3.54017E+03
1.00000E+00	1.68539E+00	3.04821E+03
1.00000E+00	1.96629E+00	2.68781E+03
1.00000E+00	2.24719E+00	2.58408E+03
1.00000E+00	2.52809E+00	3.01125E+03
1.00000E+00	2.80899E+00	3.80031E+03
1.00000E+00	3.08989E+00	4.41678E+03
1.00000E+00	3.37079E+00	4.85192E+03
1.00000E+00	3.65169E+00	5.25685E+03
1.00000E+00	3.93258E+00	5.76792E+03
1.00000E+00	4.21348E+00	6.52428E+03
1.00000E+00	4.49438E+00	8.22461E+03
1.00000E+00	4.77528E+00	1.05317E+04
1.00000E+00	5.05618E+00	1.31833E+04
1.00000E+00	5.33708E+00	1.54916E+04
1.00000E+00	5.61798E+00	1.68786E+04
1.00000E+00	5.89888E+00	1.74744E+04
1.00000E+00	6.17978E+00	1.76607E+04
1.00000E+00	6.46067E+00	1.76264E+04
1.00000E+00	6.74157E+00	1.74195E+04
1.00000E+00	7.02247E+00	1.71123E+04
1.00000E+00	7.30337E+00	1.67742E+04
1.00000E+00	7.58427E+00	1.64724E+04
1.00000E+00	7.86517E+00	1.62503E+04
1.00000E+00	8.14607E+00	1.61628E+04
1.00000E+00	8.42697E+00	1.62348E+04
1.00000E+00	8.70787E+00	1.64790E+04
1.00000E+00	8.98876E+00	1.68965E+04
1.00000E+00	9.26966E+00	1.74473E+04
1.00000E+00	9.55056E+00	1.81342E+04
1.00000E+00	9.83146E+00	1.89157E+04
1.00000E+00	1.01124E+01	1.97983E+04
1.00000E+00	1.03933E+01	2.07447E+04
1.00000E+00	1.06742E+01	2.17783E+04
1.00000E+00	1.09551E+01	2.29231E+04
1.00000E+00	1.12360E+01	2.42092E+04
1.00000E+00	1.15169E+01	2.56914E+04
1.00000E+00	1.17978E+01	2.73271E+04
1.00000E+00	1.20787E+01	2.90760E+04
1.00000E+00	1.23596E+01	3.08502E+04
1.00000E+00	1.26404E+01	3.26069E+04
1.00000E+00	1.29213E+01	3.43822E+04
1.00000E+00	1.32022E+01	3.62290E+04
1.00000E+00	1.34831E+01	3.82198E+04
1.00000E+00	1.37640E+01	4.03363E+04
1.00000E+00	1.40449E+01	4.25306E+04
1.00000E+00	1.43258E+01	4.47811E+04
1.00000E+00	1.46067E+01	4.70744E+04
1.00000E+00	1.48876E+01	4.93267E+04
1.00000E+00	1.51685E+01	5.14936E+04
1.00000E+00	1.54494E+01	5.35145E+04
1.00000E+00	1.57303E+01	5.53533E+04
1.00000E+00	1.60112E+01	5.69890E+04
1.00000E+00	1.62921E+01	5.84328E+04
1.00000E+00	1.65730E+01	5.96995E+04
1.00000E+00	1.68539E+01	6.08199E+04
1.00000E+00	1.71348E+01	6.18011E+04
1.00000E+00	1.74157E+01	6.26581E+04
1.00000E+00	1.76966E+01	6.33765E+04
1.00000E+00	1.79775E+01	6.39627E+04
1.00000E+00	1.82584E+01	6.44249E+04
1.00000E+00	1.85393E+01	6.47796E+04
1.00000E+00	1.88202E+01	6.50111E+04
1.00000E+00	1.91011E+01	6.51417E+04
1.00000E+00	1.93820E+01	6.51718E+04
1.00000E+00	1.96629E+01	6.51168E+04
1.00000E+00	1.99438E+01	6.50040E+04
1.00000E+00	2.02247E+01	6.48339E+04
1.00000E+00	2.05056E+01	6.46458E+04
1.00000E+00	2.07865E+01	6.44558E+04
1.00000E+00	2.10674E+01	6.42119E+04
1.00000E+00	2.13483E+01	6.39062E+04
1.00000E+00	2.16292E+01	6.35975E+04
1.00000E+00	2.19101E+01	6.32842E+04
1.00000E+00	2.21910E+01	6.29295E+04
1.00000E+00	2.24719E+01	6.25621E+04
1.00000E+00	2.27528E+01	6.22049E+04
1.00000E+00	2.30337E+01	6.18402E+04
1.00000E+00	2.33146E+01	6.14607E+04
1.00000E+00	2.35955E+01	6.10859E+04
1.00000E+00	2.38764E+01	6.07189E+04
1.00000E+00	2.41573E+01	6.03488E+04
1.00000E+00	2.44382E+01	5.99804E+04
1.00000E+00	2.47191E+01	5.96210E+04
1.00000E+00	2.50000E+01	5.92610E+04
1.50000E+00	0.00000E+00	1.18366E+02
1.50000E+00	2.80899E-01	2.05262E+02
1.50000E+00	5.61798E-01	6.08488E+02
1.50000E+00	8.42697E-01	1.96615E+03
1.50000E+00	1.12360E+00	3.42530E+03
1.50000E+00	1.40449E+00	3.43518E+03
1.50000E+00	1.68539E+00	3.02989E+03
1.50000E+00	1.96629E+00	2.72191E+03
1.50000E+00	2.24719E+00	2.69075E+03
1.50000E+00	2.52809E+00	3.11184E+03
1.50000E+00	2.80899E+00	3.81249E+03
1.50000E+00	3.08989E+00	4.41415E+03
1.50000E+00	3.37079E+00	4.86876E+03
1.50000E+00	3.65169E+00	5.30214E+03
1.50000E+00	3.93258E+00	5.85205E+03
1.50000E+00	4.21348E+00	6.74277E+03
1.50000E+00	4.49438E+00	8.40908E+03
1.50000E+00	4.77528E+00	1.06763E+04
1.50000E+00	5.05618E+00	1.31972E+04
1.50000E+00	5.33708E+00	1.53813E+04
1.50000E+00	5.61798E+00	1.67625E+04
1.50000E+00	5.89888E+00	1.74075E+04
1.50000E+00	6.17978E+00	1.76203E+04
1.50000E+00	6.46067E+00	1.75925E+04
1.50000E+00	6.74157E+00	1.73959E+04
1.50000E+00	7.02247E+00	1.71009E+04
1.50000E+00	7.30337E+00	1.67757E+04
1.50000E+00	7.58427E+00	1.64837E+04
1.50000E+00	7.86517E+00	1.62746E+04
1.50000E+00	8.14607E+00	1.61944E+04
1.50000E+00	8.42697E+00	1.62722E+04
1.50000E+00	8.70787E+00	1.65193E+04
1.50000E+00	8.98876E+00	1.69323E+04
1.50000E+00	9.26966E+00	1.74857E+04
1.50000E+00	9.55056E+00	1.81661E+04
1.50000E+00	9.83146E+00	1.89501E+04
1.50000E+00	1.01124E+01	1.98270E+04
1.50000E+00	1.03933E+01	2.07788E+04
1.50000E+00	1.06742E+01	2.18175E+04
1.50000E+00	1.09551E+01	2.29700E+04
1.50000E+00	1.12360E+01	2.42670E+04
1.50000E+00	1.15169E+01	2.57434E+04
1.50000E+00	1.17978E+01	2.73734E+04
1.50000E+00	1.20787E+01	2.91061E+04
1.50000E+00	1.23596E+01	3.08730E+04
1.50000E+00	1.26404E+01	3.26349E+04
1.50000E+00	1.29213E+01	3.44207E+04
1.50000E+00	1.32022E+01	3.62803E+04
1.50000E+00	1.34831E+01	3.82695E+04
1.50000E+00	1.37640E+01	4.03787E+04
1.50000E+00	1.40449E+01	4.25680E+04
1.50000E+00	1.43258E+01	4.48161E+04
1.50000E+00	1.46067E+01	4.70932E+04
1.50000E+00	1.48876E+01	4.93357E+04
1.50000E+00	1.51685E+01	5.14898E+04
1.50000E+00	1.54494E+01	5.35014E+04
1.50000E+00	1.57303E+01	5.53343E+04
1.50000E+00	1.60112E+01	5.69694E+04
1.50000E+00	1.62921E+01	5.84137E+04
1.50000E+00	1.65730E+01	5.96844E+04
1.50000E+00	1.68539E+01	6.08044E+04
1.50000E+00	1.71348E+01	6.17872E+04
1.50000E+00	1.74157E+01	6.26401E+04
1.50000E+00	1.76966E+01	6.33586E+04
1.50000E+00	1.79775E+01	6.39450E+04
1.50000E+00	1.82584E+01	6.44090E+04
1.50000E+00	1.85393E+01	6.47600E+04
1.50000E+00	1.88202E+01	6.49944E+04
1.50000E+00	1.91011E+01	6.51245E+04
1.50000E+00	1.93820E+01	6.51565E+04
1.50000E+00	1.96629E+01	6.51061E+04
1.50000E+00	1.99438E+01	6.49934E+04
1.50000E+00	2.02247E+01	6.48298E+04
1.50000E+00	2.05056E+01	6.46439E+04
1.50000E+00	2.07865E+01	6.44455E+04
1.50000E+00	2.10674E+01	6.42000E+04
1.50000E+00	2.13483E+01	6.39035E+04
1.50000E+00	2.16292E+01	6.35948E+04
1.50000E+00	2.19101E+01	6.32755E+04
1.50000E+00	2.21910E+01	6.29254E+04
1.50000E+00	2.24719E+01	6.25618E+04
1.50000E+00	2.27528E+01	6.22019E+04
1.50000E+00	2.30337E+01	6.18360E+04
1.50000E+00	2.33146E+01	6.14596E+04
1.50000E+00	2.35955E+01	6.10854E+04
1.50000E+00	2.38764E+01	6.07168E+04
1.50000E+00	2.41573E+01	6.03475E+04
1.50000E+00	2.44382E+01	5.99802E+04
1.50000E+00	2.47191E+01	5.96193E+04
1.50000E+00	2.50000E+01	5.92584E+04
2.00000E+00	0.00000E+00	3.38618E+02
2.00000E+00	2.80899E-01	5.29099E+02
2.00000E+00	5.61798E-01	1.09942E+03
2.00000E+00	8.42697E-01	2.25842E+03
2.00000E+00	1.12360E+00	3.23882E+03
2.00000E+00	1.40449E+00	3.30604E+03
2.00000E+00	1.68539E+00	3.00676E+03
2.00000E+00	1.96629E+00	2.77718E+03
2.00000E+00	2.24719E+00	2.81405E+03
2.00000E+00	2.52809E+00	3.22027E+03
2.00000E+00	2.80899E+00	3.84485E+03
2.00000E+00	3.08989E+00	4.42339E+03
2.00000E+00	3.37079E+00	4.90010E+03
2.00000E+00	3.65169E+00	5.37557E+03
2.00000E+00	3.93258E+00	5.99719E+03
2.00000E+00	4.21348E+00	6.99886E+03
2.00000E+00	4.49438E+00	8.65222E+03
2.00000E+00	4.77528E+00	1.08406E+04
2.00000E+00	5.05618E+00	1.32123E+04
2.00000E+00	5.33708E+00	1.52635E+04
2.00000E+00	5.61798E+00	1.66219E+04
2.00000E+00	5.89888E+00	1.73096E+04
2.00000E+00	6.17978E+00	1.75572E+04
2.00000E+00	6.46067E+00	1.75450E+04
2.00000E+00	6.74157E+00	1.73636E+04
2.00000E+00	7.02247E+00	1.70851E+04
2.00000E+00	7.30337E+00	1.67769E+04
2.00000E+00	7.58427E+00	1.65004E+04
2.00000E+00	7.86517E+00	1.63064E+04
2.00000E+00	8.14607E+00	1.62377E+04
2.00000E+00	8.42697E+00	1.63229E+04
2.00000E+00	8.70787E+00	1.65731E+04
2.00000E+00	8.98876E+00	1.69838E+04
2.00000E+00	9.26966E+00	1.75363E+04
2.00000E+00	9.55056E+00	1.82131E+04
2.00000E+00	9.83146E+00	1.89960E+04
2.00000E+00	1.01124E+01	1.98705E+04
2.00000E+00	1.03933E+01	2.08267E+04
2.00000E+00	1.06742E+01	2.18736E+04
2.00000E+00	1.09551E+01	2.30359E+04
2.00000E+00	1.12360E+01	2.43423E+04
2.00000E+00	1.15169E+01	2.58150E+04
2.00000E+00	1.17978E+01	2.74341E+04
2.00000E+00	1.20787E+01	2.91511E+04
2.00000E+00	1.23596E+01	3.09092E+04
2.00000E+00	1.26404E+01	3.26767E+04
2.00000E+00	1.29213E+01	3.44748E+04
2.00000E+00	1.32022E+01	3.63474E+04
2.00000E+00	1.34831E+01	3.83364E+04
2.00000E+00	1.37640E+01	4.04379E+04
2.00000E+00	1.40449E+01	4.26208E+04
2.00000E+00	1.43258E+01	4.48601E+04
2.00000E+00	1.46067E+01	4.71206E+04
2.00000E+00	1.48876E+01	4.93472E+04
2.00000E+00	1.51685E+01	5.14852E+04
2.00000E+00	1.54494E+01	5.34843E+04
2.00000E+00	1.57303E+01	5.53092E+04
2.00000E+00	1.60112E+01	5.69424E+04
2.00000E+00	1.62921E+01	5.83880E+04
2.00000E+00	1.65730E+01	5.96618E+04
2.00000E+00	1.68539E+01	6.07829E+04
2.00000E+00	1.71348E+01	6.17657E+04
2.00000E+00	1.74157E+01	6.26161E+04
2.00000E+00	1.76966E+01	6.33335E+04
2.00000E+00	1.79775E+01	6.39203E+04
2.00000E+00	1.82584E+01	6.43849E+04
2.00000E+00	1.85393E+01	6.47343E+04
2.00000E+00	1.88202E+01	6.49701E+04
2.00000E+00	1.91011E+01	6.51011E+04
2.00000E+00	1.93820E+01	6.51360E+04
2.00000E+00	1.96629E+01	6.50898E+04
2.00000E+00	1.99438E+01	6.49801E+04
2.00000E+00	2.02247E+01	6.48224E+04
2.00000E+00	2.05056E+01	6.46381E+04
2.00000E+00	2.07865E+01	6.44329E+04
2.00000E+00	2.10674E+01	6.41864E+04
2.00000E+00	2.13483E+01	6.38970E+04
2.00000E+00	2.16292E+01	6.35890E+04
2.00000E+00	2.19101E+01	6.32663E+04
2.00000E+00	2.21910E+01	6.29194E+04
2.00000E+00	2.24719E+01	6.25593E+04
2.00000E+00	2.27528E+01	6.21980E+04
2.00000E+00	2.30337E+01	6.18313E+04
2.00000E+00	2.33146E+01	6.14573E+04
2.00000E+00	2.35955E+01	6.10840E+04
2.00000E+00	2.38764E+01	6.07144E+04
2.00000E+00	2.41573E+01	6.03456E+04
2.00000E+00	2.44382E+01	5.99791E+04
2.00000E+00	2.47191E+01	5.96171E+04
2.00000E+00	2.50000E+01	5.92554E+04
2.50000E+00	0.00000E+00	6.74464E+02
2.50000E+00	2.80899E-01	9.40103E+02
2.50000E+00	5.61798E-01	1.52863E+03
2.50000E+00	8.42697E-01	2.44918E+03
2.50000E+00	1.12360E+00	3.12543E+03
2.50000E+00	1.40449E+00	3.19794E+03
2.50000E+00	1.68539E+00	2.99363E+03
2.50000E+00	1.96629E+00	2.84916E+03
2.50000E+00	2.24719E+00	2.94253E+03
2.50000E+00	2.52809E+00	3.33213E+03
2.50000E+00	2.80899E+00	3.89692E+03
2.50000E+00	3.08989E+00	4.45377E+03
2.50000E+00	3.37079E+00	4.95596E+03
2.50000E+00	3.65169E+00	5.48713E+03
2.50000E+00	3.93258E+00	6.19432E+03
2.50000E+00	4.21348E+00	7.28380E+03
2.50000E+00	4.49438E+00	8.92492E+03
2.50000E+00	4.77528E+00	1.10145E+04
2.50000E+00	5.05618E+00	1.32296E+04
2.50000E+00	5.33708E+00	1.51473E+04
2.50000E+00	5.61798E+00	1.64687E+04
2.50000E+00	5.89888E+00	1.71868E+04
2.50000E+00	6.17978E+00	1.74714E+04
2.50000E+00	6.46067E+00	1.74832E+04
2.50000E+00	6.74157E+00	1.73226E+04
2.50000E+00	7.02247E+00	1.70652E+04
2.50000E+00	7.30337E+00	1.67783E+04
2.50000E+00	7.58427E+00	1.65217E+04
2.50000E+00	7.86517E+00	1.63458E+04
2.50000E+00	8.14607E+00	1.62914E+04
2.50000E+00	8.42697E+00	1.63857E+04
2.50000E+00	8.70787E+00	1.66398E+04
2.50000E+00	8.98876E+00	1.70496E+04
2.50000E+00	9.26966E+00	1.76000E+04
2.50000E+00	9.55056E+00	1.82740E+04
2.50000E+00	9.83146E+00	1.90548E+04
2.50000E+00	1.01124E+01	1.99290E+04
2.50000E+00	1.03933E+01	2.08900E+04
2.50000E+00	1.06742E+01	2.19464E+04
2.50000E+00	1.09551E+01	2.31195E+04
2.50000E+00	1.12360E+01	2.44338E+04
2.50000E+00	1.15169E+01	2.59031E+04
2.50000E+00	1.17978E+01	2.75099E+04
2.50000E+00	1.20787E+01	2.92116E+04
2.50000E+00	1.23596E+01	3.09611E+04
2.50000E+00	1.26404E+01	3.27336E+04
2.50000E+00	1.29213E+01	3.45442E+04
2.50000E+00	1.32022E+01	3.64287E+04
2.50000E+00	1.34831E+01	3.84186E+04
2.50000E+00	1.37640E+01	4.05127E+04
2.50000E+00	1.40449E+01	4.26866E+04
2.50000E+00	1.43258E+01	4.49131E+04
2.50000E+00	1.46067E+01	4.71549E+04
2.50000E+00	1.48876E+01	4.93614E+04
2.50000E+00	1.51685E+01	5.14802E+04
2.50000E+00	1.54494E+01	5.34641E+04
2.50000E+00	1.57303E+01	5.52793E+04
2.50000E+00	1.60112E+01	5.69092E+04
2.50000E+00	1.62921E+01	5.83556E+04
2.50000E+00	1.65730E+01	5.96318E+04
2.50000E+00	1.68539E+01	6.07546E+04
2.50000E+00	1.71348E+01	6.17370E+04
2.50000E+00	1.74157E+01	6.25854E+04
2.50000E+00	1.76966E+01	6.33015E+04
2.50000E+00	1.79775E+01	6.38885E+04
2.50000E+00	1.82584E+01	6.43533E+04
2.50000E+00	1.85393E+01	6.47020E+04
2.50000E+00	1.88202E+01	6.49389E+04
2.50000E+00	1.91011E+01	6.50716E+04
2.50000E+00	1.93820E+01	6.51101E+04
2.50000E+00	1.96629E+01	6.50685E+04
2.50000E+00	1.99438E+01	6.49634E+04
2.50000E+00	2.02247E+01	6.48110E+04
2.50000E+00	2.05056E+01	6.46278E+04
2.50000E+00	2.07865E+01	6.44183E+04
2.50000E+00	2.10674E+01	6.41713E+04
2.50000E+00	2.13483E+01	6.38869E+04
2.50000E+00	2.16292E+01	6.35803E+04
2.50000E+00	2.19101E+01	6.32562E+04
2.50000E+00	2.21910E+01	6.29118E+04
2.50000E+00	2.24719E+01	6.25545E+04
2.50000E+00	2.27528E+01	6.21929E+04
2.50000E+00	2.30337E+01	6.18261E+04
2.50000E+00	2.33146E+01	6.14539E+04
2.50000E+00	2.35955E+01	6.10816E+04
2.50000E+00	2.38764E+01	6.07116E+04
2.50000E+00	2.41573E+01	6.03432E+04
2.50000E+00	2.44382E+01	5.99771E+04
2.50000E+00	2.47191E+01	5.96142E+04
2.50000E+00	2.50000E+01	5.92520E+04
3.00000E+00	0.00000E+00	1.04583E+03
3.00000E+00	2.80899E-01	1.34030E+03
3.00000E+00	5.61798E-01	1.86545E+03
3.00000E+00	8.42697E-01	2.56691E+03
3.00000E+00	1.12360E+00	3.05526E+03
3.00000E+00	1.40449E+00	3.12871E+03
3.00000E+00	1.68539E+00	3.00362E+03
3.00000E+00	1.96629E+00	2.93630E+03
3.00000E+00	2.24719E+00	3.07347E+03
3.00000E+00	2.52809E+00	3.44858E+03
3.00000E+00	2.80899E+00	3.96998E+03
3.00000E+00	3.08989E+00	4.51278E+03
3.00000E+00	3.37079E+00	5.04519E+03
3.00000E+00	3.65169E+00	5.63986E+03
3.00000E+00	3.93258E+00	6.43175E+03
3.00000E+00	4.21348E+00	7.58713E+03
3.00000E+00	4.49438E+00	9.20727E+03
3.00000E+00	4.77528E+00	1.11894E+04
3.00000E+00	5.05618E+00	1.32496E+04
3.00000E+00	5.33708E+00	1.50378E+04
3.00000E+00	5.61798E+00	1.63116E+04
3.00000E+00	5.89888E+00	1.70468E+04
3.00000E+00	6.17978E+00	1.73659E+04
3.00000E+00	6.46067E+00	1.74073E+04
3.00000E+00	6.74157E+00	1.72730E+04
3.00000E+00	7.02247E+00	1.70415E+04
3.00000E+00	7.30337E+00	1.67799E+04
3.00000E+00	7.58427E+00	1.65470E+04
3.00000E+00	7.86517E+00	1.63922E+04
3.00000E+00	8.14607E+00	1.63544E+04
3.00000E+00	8.42697E+00	1.64595E+04
3.00000E+00	8.70787E+00	1.67185E+04
3.00000E+00	8.98876E+00	1.71285E+04
3.00000E+00	9.26966E+00	1.76771E+04
3.00000E+00	9.55056E+00	1.83485E+04
3.00000E+00	9.83146E+00	1.91276E+04
3.00000E+00	1.01124E+01	2.00027E+04
3.00000E+00	1.03933E+01	2.09695E+04
3.00000E+00	1.06742E+01	2.20357E+04
3.00000E+00	1.09551E+01	2.32195E+04
3.00000E+00	1.12360E+01	2.45403E+04
3.00000E+00	1.15169E+01	2.60060E+04
3.00000E+00	1.17978E+01	2.76006E+04
3.00000E+00	1.20787E+01	2.92881E+04
3.00000E+00	1.23596E+01	3.10300E+04
3.00000E+00	1.26404E+01	3.28067E+04
3.00000E+00	1.29213E+01	3.46285E+04
3.00000E+00	1.32022E+01	3.65234E+04
3.00000E+00	1.34831E+01	3.85144E+04
3.00000E+00	1.37640E+01	4.06012E+04
3.00000E+00	1.40449E+01	4.27639E+04
3.00000E+00	1.43258E+01	4.49742E+04
3.00000E+00	1.46067E+01	4.71949E+04
3.00000E+00	1.48876E+01	4.93785E+04
3.00000E+00	1.51685E+01	5.14755E+04
3.00000E+00	1.54494E+01	5.34419E+04
3.00000E+00	1.57303E+01	5.52457E+04
3.00000E+00	1.60112E+01	5.68707E+04
3.00000E+00	1.62921E+01	5.83169E+04
3.00000E+00	1.65730E+01	5.95948E+04
3.00000E+00	1.68539E+01	6.07188E+04
3.00000E+00	1.71348E+01	6.17009E+04
3.00000E+00	1.74157E+01	6.25478E+04
3.00000E+00	1.76966E+01	6.32627E+04
3.00000E+00	1.79775E+01	6.38495E+04
3.00000E+00	1.82584E+01	6.43143E+04
3.00000E+00	1.85393E+01	6.46631E+04
3.00000E+00	1.88202E+01	6.49012E+04
3.00000E+00	1.91011E+01	6.50363E+04
3.00000E+00	1.93820E+01	6.50789E+04
3.00000E+00	1.96629E+01	6.50425E+04
3.00000E+00	1.99438E+01	6.49427E+04
3.00000E+00	2.02247E+01	6.47951E+04
3.00000E+00	2.05056E+01	6.46133E+04
3.00000E+00	2.07865E+01	6.44015E+04
3.00000E+00	2.10674E+01	6.41545E+04
3.00000E+00	2.13483E+01	6.38736E+04
3.00000E+00	2.16292E+01	6.35687E+04
3.00000E+00	2.19101E+01	6.32447E+04
3.00000E+00	2.21910E+01	6.29025E+04
3.00000E+00	2.24719E+01	6.25477E+04
3.00000E+00	2.27528E+01	6.21865E+04
3.00000E+00	2.30337E+01	6.18201E+04
3.00000E+00	2.33146E+01	6.14494E+04
3.00000E+00	2.35955E+01	6.10780E+04
3.00000E+00	2.38764E+01	6.07082E+04
3.00000E+00	2.41573E+01	6.03401E+04
3.00000E+00	2.44382E+01	5.99741E+04
3.00000E+00	2.47191E+01	5.96106E+04
3.00000E+00	2.50000E+01	5.92480E+04
3.50000E+00	0.00000E+00	1.39626E+03
3.50000E+00	2.80899E-01	1.68418E+03
3.50000E+00	5.61798E-01	2.12372E+03
3.50000E+00	8.42697E-01	2.64431E+03
3.50000E+00	1.12360E+00	3.01243E+03
3.50000E+00	1.40449E+00	3.09695E+03
3.50000E+00	1.68539E+00	3.04089E+03
3.50000E+00	1.96629E+00	3.03937E+03
3.50000E+00	2.24719E+00	3.21013E+03
3.50000E+00	2.52809E+00	3.57480E+03
3.50000E+00	2.80899E+00	4.06770E+03
3.50000E+00	3.08989E+00	4.60593E+03
3.50000E+00	3.37079E+00	5.17253E+03
3.50000E+00	3.65169E+00	5.83142E+03
3.50000E+00	3.93258E+00	6.69820E+03
3.50000E+00	4.21348E+00	7.89863E+03
3.50000E+00	4.49438E+00	9.48681E+03
3.50000E+00	4.77528E+00	1.13594E+04
3.50000E+00	5.05618E+00	1.32719E+04
3.50000E+00	5.33708E+00	1.49370E+04
3.50000E+00	5.61798E+00	1.61563E+04
3.50000E+00	5.89888E+00	1.68967E+04
3.50000E+00	6.17978E+00	1.72455E+04
3.50000E+00	6.46067E+00	1.73190E+04
3.50000E+00	6.74157E+00	1.72156E+04
3.50000E+00	7.02247E+00	1.70142E+04
3.50000E+00	7.30337E+00	1.67817E+04
3.50000E+00	7.58427E+00	1.65758E+04
3.50000E+00	7.86517E+00	1.64446E+04
3.50000E+00	8.14607E+00	1.64254E+04
3.50000E+00	8.42697E+00	1.65430E+04
3.50000E+00	8.70787E+00	1.68083E+04
3.50000E+00	8.98876E+00	1.72198E+04
3.50000E+00	9.26966E+00	1.77672E+04
3.50000E+00	9.55056E+00	1.84368E+04
3.50000E+00	9.83146E+00	1.92151E+04
3.50000E+00	1.01124E+01	2.00922E+04
3.50000E+00	1.03933E+01	2.10652E+04
3.50000E+00	1.06742E+01	2.21413E+04
3.50000E+00	1.09551E+01	2.33349E+04
3.50000E+00	1.12360E+01	2.46607E+04
3.50000E+00	1.15169E+01	2.61228E+04
3.50000E+00	1.17978E+01	2.77063E+04
3.50000E+00	1.20787E+01	2.93812E+04
3.50000E+00	1.23596E+01	3.11166E+04
3.50000E+00	1.26404E+01	3.28964E+04
3.50000E+00	1.29213E+01	3.47276E+04
3.50000E+00	1.32022E+01	3.66306E+04
3.50000E+00	1.34831E+01	3.86222E+04
3.50000E+00	1.37640E+01	4.07015E+04
3.50000E+00	1.40449E+01	4.28509E+04
3.50000E+00	1.43258E+01	4.50426E+04
3.50000E+00	1.46067E+01	4.72399E+04
3.50000E+00	1.48876E+01	4.93983E+04
3.50000E+00	1.51685E+01	5.14716E+04
3.50000E+00	1.54494E+01	5.34186E+04
3.50000E+00	1.57303E+01	5.52093E+04
3.50000E+00	1.60112E+01	5.68277E+04
3.50000E+00	1.62921E+01	5.82723E+04
3.50000E+00	1.65730E+01	5.95510E+04
3.50000E+00	1.68539E+01	6.06758E+04
3.50000E+00	1.71348E+01	6.16575E+04
3.50000E+00	1.74157E+01	6.25031E+04
3.50000E+00	1.76966E+01	6.32169E+04
3.50000E+00	1.79775E+01	6.38034E+04
3.50000E+00	1.82584E+01	6.42683E+04
3.50000E+00	1.85393E+01	6.46175E+04
3.50000E+00	1.88202E+01	6.48572E+04
3.50000E+00	1.91011E+01	6.49954E+04
3.50000E+00	1.93820E+01	6.50425E+04
3.50000E+00	1.96629E+01	6.50117E+04
3.50000E+00	1.99438E+01	6.49176E+04
3.50000E+00	2.02247E+01	6.47746E+04
3.50000E+00	2.05056E+01	6.45946E+04
3.50000E+00	2.07865E+01	6.43820E+04
3.50000E+00	2.10674E+01	6.41356E+04
3.50000E+00	2.13483E+01	6.38574E+04
3.50000E+00	2.16292E+01	6.35545E+04
3.50000E+00	2.19101E+01	6.32316E+04
3.50000E+00	2.21910E+01	6.28915E+04
3.50000E+00	2.24719E+01	6.25388E+04
3.50000E+00	2.27528E+01	6.21787E+04
3.50000E+00	2.30337E+01	6.18131E+04
3.50000E+00	2.33146E+01	6.14438E+04
3.50000E+00	2.35955E+01	6.10734E+04
3.50000E+00	2.38764E+01	6.07040E+04
3.50000E+00	2.41573E+01	6.03361E+04
3.50000E+00	2.44382E+01	5.99702E+04
3.50000E+00	2.47191E+01	5.96064E+04
3.50000E+00	2.50000E+01	5.92435E+04
4.00000E+00	0.00000E+00	1.70255E+03
4.00000E+00	2.80899E-01	1.96498E+03
4.00000E+00	5.61798E-01	2.32268E+03
4.00000E+00	8.42697E-01	2.70741E+03
4.00000E+00	1.12360E+00	2.99454E+03
4.00000E+00	1.40449E+00	3.09706E+03
4.00000E+00	1.68539E+00	3.10360E+03
4.00000E+00	1.96629E+00	3.15905E+03
4.00000E+00	2.24719E+00	3.35763E+03
4.00000E+00	2.52809E+00	3.71732E+03
4.00000E+00	2.80899E+00	4.19441E+03
4.00000E+00	3.08989E+00	4.73656E+03
4.00000E+00	3.37079E+00	5.33880E+03
4.00000E+00	3.65169E+00	6.05675E+03
4.00000E+00	3.93258E+00	6.98395E+03
4.00000E+00	4.21348E+00	8.21011E+03
4.00000E+00	4.49438E+00	9.75629E+03
4.00000E+00	4.77528E+00	1.15208E+04
4.00000E+00	5.05618E+00	1.32956E+04
4.00000E+00	5.33708E+00	1.48453E+04
4.00000E+00	5.61798E+00	1.60066E+04
4.00000E+00	5.89888E+00	1.67427E+04
4.00000E+00	6.17978E+00	1.71153E+04
4.00000E+00	6.46067E+00	1.72213E+04
4.00000E+00	6.74157E+00	1.71516E+04
4.00000E+00	7.02247E+00	1.69838E+04
4.00000E+00	7.30337E+00	1.67836E+04
4.00000E+00	7.58427E+00	1.66076E+04
4.00000E+00	7.86517E+00	1.65023E+04
4.00000E+00	8.14607E+00	1.65036E+04
4.00000E+00	8.42697E+00	1.66352E+04
4.00000E+00	8.70787E+00	1.69083E+04
4.00000E+00	8.98876E+00	1.73227E+04
4.00000E+00	9.26966E+00	1.78702E+04
4.00000E+00	9.55056E+00	1.85389E+04
4.00000E+00	9.83146E+00	1.93175E+04
4.00000E+00	1.01124E+01	2.01975E+04
4.00000E+00	1.03933E+01	2.11772E+04
4.00000E+00	1.06742E+01	2.22625E+04
4.00000E+00	1.09551E+01	2.34648E+04
4.00000E+00	1.12360E+01	2.47946E+04
4.00000E+00	1.15169E+01	2.62531E+04
4.00000E+00	1.17978E+01	2.78268E+04
4.00000E+00	1.20787E+01	2.94910E+04
4.00000E+00	1.23596E+01	3.12206E+04
4.00000E+00	1.26404E+01	3.30026E+04
4.00000E+00	1.29213E+01	3.48409E+04
4.00000E+00	1.32022E+01	3.67498E+04
4.00000E+00	1.34831E+01	3.87407E+04
4.00000E+00	1.37640E+01	4.08116E+04
4.00000E+00	1.40449E+01	4.29460E+04
4.00000E+00	1.43258E+01	4.51171E+04
4.00000E+00	1.46067E+01	4.72893E+04
4.00000E+00	1.48876E+01	4.94208E+04
4.00000E+00	1.51685E+01	5.14688E+04
4.00000E+00	1.54494E+01	5.33949E+04
4.00000E+00	1.57303E+01	5.51708E+04
4.00000E+00	1.60112E+01	5.67811E+04
4.00000E+00	1.62921E+01	5.82224E+04
4.00000E+00	1.65730E+01	5.95006E+04
4.00000E+00	1.68539E+01	6.06256E+04
4.00000E+00	1.71348E+01	6.16068E+04
4.00000E+00	1.74157E+01	6.24513E+04
4.00000E+00	1.76966E+01	6.31642E+04
4.00000E+00	1.79775E+01	6.37504E+04
4.00000E+00	1.82584E+01	6.42155E+04
4.00000E+00	1.85393E+01	6.45656E+04
4.00000E+00	1.88202E+01	6.48074E+04
4.00000E+00	1.91011E+01	6.49491E+04
4.00000E+00	1.93820E+01	6.50011E+04
4.00000E+00	1.96629E+01	6.49760E+04
4.00000E+00	1.99438E+01	6.48877E+04
4.00000E+00	2.02247E+01	6.47495E+04
4.00000E+00	2.05056E+01	6.45717E+04
4.00000E+00	2.07865E+01	6.43596E+04
4.00000E+00	2.10674E+01	6.41143E+04
4.00000E+00	2.13483E+01	6.38385E+04
4.00000E+00	2.16292E+01	6.35377E+04
4.00000E+00	2.19101E+01	6.32166E+04
4.00000E+00	2.21910E+01	6.28786E+04
4.00000E+00	2.24719E+01	6.25281E+04
4.00000E+00	2.27528E+01	6.21694E+04
4.00000E+00	2.30337E+01	6.18050E+04
4.00000E+00	2.33146E+01	6.14370E+04
4.00000E+00	2.35955E+01	6.10676E+04
4.00000E+00	2.38764E+01	6.06988E+04
4.00000E+00	2.41573E+01	6.03312E+04
4.00000E+00	2.44382E+01	5.99654E+04
4.00000E+00	2.47191E+01	5.96013E+04
4.00000E+00	2.50000E+01	5.92382E+04
5.00000E+00	0.00000E+00	2.18618E+03
5.00000E+00	2.80899E-01	2.38584E+03
5.00000E+00	5.61798E-01	2.62200E+03
5.00000E+00	8.42697E-01	2.85047E+03
5.00000E+00	1.12360E+00	3.04368E+03
5.00000E+00	1.40449E+00	3.18273E+03
5.00000E+00	1.68539E+00	3.29489E+03
5.00000E+00	1.96629E+00	3.44860E+03
5.00000E+00	2.24719E+00	3.70065E+03
5.00000E+00	2.52809E+00	4.06996E+03
5.00000E+00	2.80899E+00	4.54500E+03
5.00000E+00	3.08989E+00	5.11150E+03
5.00000E+00	3.37079E+00	5.77875E+03
5.00000E+00	3.65169E+00	6.58568E+03
5.00000E+00	3.93258E+00	7.58526E+03
5.00000E+00	4.21348E+00	8.81357E+03
5.00000E+00	4.49438E+00	1.02534E+04
5.00000E+00	4.77528E+00	1.18135E+04
5.00000E+00	5.05618E+00	1.33444E+04
5.00000E+00	5.33708E+00	1.46876E+04
5.00000E+00	5.61798E+00	1.57313E+04
5.00000E+00	5.89888E+00	1.64401E+04
5.00000E+00	6.17978E+00	1.68446E+04
5.00000E+00	6.46067E+00	1.70106E+04
5.00000E+00	6.74157E+00	1.70117E+04
5.00000E+00	7.02247E+00	1.69173E+04
5.00000E+00	7.30337E+00	1.67888E+04
5.00000E+00	7.58427E+00	1.66790E+04
5.00000E+00	7.86517E+00	1.66310E+04
5.00000E+00	8.14607E+00	1.66782E+04
5.00000E+00	8.42697E+00	1.68428E+04
5.00000E+00	8.70787E+00	1.71364E+04
5.00000E+00	8.98876E+00	1.75614E+04
5.00000E+00	9.26966E+00	1.81133E+04
5.00000E+00	9.55056E+00	1.87845E+04
5.00000E+00	9.83146E+00	1.95669E+04
5.00000E+00	1.01124E+01	2.04553E+04
5.00000E+00	1.03933E+01	2.14484E+04
5.00000E+00	1.06742E+01	2.25499E+04
5.00000E+00	1.09551E+01	2.37661E+04
5.00000E+00	1.12360E+01	2.51014E+04
5.00000E+00	1.15169E+01	2.65536E+04
5.00000E+00	1.17978E+01	2.81119E+04
5.00000E+00	1.20787E+01	2.97593E+04
5.00000E+00	1.23596E+01	3.14792E+04
5.00000E+00	1.26404E+01	3.32621E+04
5.00000E+00	1.29213E+01	3.51077E+04
5.00000E+00	1.32022E+01	3.70211E+04
5.00000E+00	1.34831E+01	3.90054E+04
5.00000E+00	1.37640E+01	4.10555E+04
5.00000E+00	1.40449E+01	4.31556E+04
5.00000E+00	1.43258E+01	4.52807E+04
5.00000E+00	1.46067E+01	4.73989E+04
5.00000E+00	1.48876E+01	4.94735E+04
5.00000E+00	1.51685E+01	5.14675E+04
5.00000E+00	1.54494E+01	5.33482E+04
5.00000E+00	1.57303E+01	5.50905E+04
5.00000E+00	1.60112E+01	5.66793E+04
5.00000E+00	1.62921E+01	5.81094E+04
5.00000E+00	1.65730E+01	5.93826E+04
5.00000E+00	1.68539E+01	6.05052E+04
5.00000E+00	1.71348E+01	6.14845E+04
5.00000E+00	1.74157E+01	6.23269E+04
5.00000E+00	1.76966E+01	6.30384E+04
5.00000E+00	1.79775E+01	6.36243E+04
5.00000E+00	1.82584E+01	6.40905E+04
5.00000E+00	1.85393E+01	6.44436E+04
5.00000E+00	1.88202E+01	6.46907E+04
5.00000E+00	1.91011E+01	6.48404E+04
5.00000E+00	1.93820E+01	6.49030E+04
5.00000E+00	1.96629E+01	6.48900E+04
5.00000E+00	1.99438E+01	6.48136E+04
5.00000E+00	2.02247E+01	6.46850E+04
5.00000E+00	2.05056E+01	6.45136E+04
5.00000E+00	2.07865E+01	6.43052E+04
5.00000E+00	2.10674E+01	6.40636E+04
5.00000E+00	2.13483E+01	6.37927E+04
5.00000E+00	2.16292E+01	6.34968E+04
5.00000E+00	2.19101E+01	6.31802E+04
5.00000E+00	2.21910E+01	6.28470E+04
5.00000E+00	2.24719E+01	6.25011E+04
5.00000E+00	2.27528E+01	6.21460E+04
5.00000E+00	2.30337E+01	6.17848E+04
5.00000E+00	2.33146E+01	6.14195E+04
5.00000E+00	2.35955E+01	6.10525E+04
5.00000E+00	2.38764E+01	6.06851E+04
5.00000E+00	2.41573E+01	6.03184E+04
5.00000E+00	2.44382E+01	5.99529E+04
5.00000E+00	2.47191E+01	5.95886E+04
5.00000E+00	2.50000E+01	5.92252E+04
6.00000E+00	0.00000E+00	2.56651E+03
6.00000E+00	2.80899E-01	2.71934E+03
6.00000E+00	5.61798E-01	2.89031E+03
6.00000E+00	8.42697E-01	3.05814E+03
6.00000E+00	1.12360E+00	3.21609E+03
6.00000E+00	1.40449E+00	3.38314E+03
6.00000E+00	1.68539E+00	3.57113E+03
6.00000E+00	1.96629E+00	3.80648E+03
6.00000E+00	2.24719E+00	4.11737E+03
6.00000E+00	2.52809E+00	4.52016E+03
6.00000E+00	2.80899E+00	5.01947E+03
6.00000E+00	3.08989E+00	5.61909E+03
6.00000E+00	3.37079E+00	6.33261E+03
6.00000E+00	3.65169E+00	7.18438E+03
6.00000E+00	3.93258E+00	8.19852E+03
6.00000E+00	4.21348E+00	9.38001E+03
6.00000E+00	4.49438E+00	1.06963E+04
6.00000E+00	4.77528E+00	1.20707E+04
6.00000E+00	5.05618E+00	1.33958E+04
6.00000E+00	5.33708E+00	1.45636E+04
6.00000E+00	5.61798E+00	1.54965E+04
6.00000E+00	5.89888E+00	1.61652E+04
6.00000E+00	6.17978E+00	1.65852E+04
6.00000E+00	6.46067E+00	1.68013E+04
6.00000E+00	6.74157E+00	1.68708E+04
6.00000E+00	7.02247E+00	1.68520E+04
6.00000E+00	7.30337E+00	1.67995E+04
6.00000E+00	7.58427E+00	1.67608E+04
6.00000E+00	7.86517E+00	1.67753E+04
6.00000E+00	8.14607E+00	1.68738E+04
6.00000E+00	8.42697E+00	1.70773E+04
6.00000E+00	8.70787E+00	1.73980E+04
6.00000E+00	8.98876E+00	1.78405E+04
6.00000E+00	9.26966E+00	1.84036E+04
6.00000E+00	9.55056E+00	1.90830E+04
6.00000E+00	9.83146E+00	1.98739E+04
6.00000E+00	1.01124E+01	2.07729E+04
6.00000E+00	1.03933E+01	2.17791E+04
6.00000E+00	1.06742E+01	2.28941E+04
6.00000E+00	1.09551E+01	2.41205E+04
6.00000E+00	1.12360E+01	2.54591E+04
6.00000E+00	1.15169E+01	2.69063E+04
6.00000E+00	1.17978E+01	2.84535E+04
6.00000E+00	1.20787E+01	3.00885E+04
6.00000E+00	1.23596E+01	3.17994E+04
6.00000E+00	1.26404E+01	3.35785E+04
6.00000E+00	1.29213E+01	3.54224E+04
6.00000E+00	1.32022E+01	3.73305E+04
6.00000E+00	1.34831E+01	3.93002E+04
6.00000E+00	1.37640E+01	4.13232E+04
6.00000E+00	1.40449E+01	4.33838E+04
6.00000E+00	1.43258E+01	4.54589E+04
6.00000E+00	1.46067E+01	4.75198E+04
6.00000E+00	1.48876E+01	4.95349E+04
6.00000E+00	1.51685E+01	5.14725E+04
6.00000E+00	1.54494E+01	5.33043E+04
6.00000E+00	1.57303E+01	5.50082E+04
6.00000E+00	1.60112E+01	5.65698E+04
6.00000E+00	1.62921E+01	5.79823E+04
6.00000E+00	1.65730E+01	5.92451E+04
6.00000E+00	1.68539E+01	6.03614E+04
6.00000E+00	1.71348E+01	6.13367E+04
6.00000E+00	1.74157E+01	6.21765E+04
6.00000E+00	1.76966E+01	6.28866E+04
6.00000E+00	1.79775E+01	6.34728E+04
6.00000E+00	1.82584E+01	6.39411E+04
6.00000E+00	1.85393E+01	6.42984E+04
6.00000E+00	1.88202E+01	6.45522E+04
6.00000E+00	1.91011E+01	6.47112E+04
6.00000E+00	1.93820E+01	6.47851E+04
6.00000E+00	1.96629E+01	6.47844E+04
6.00000E+00	1.99438E+01	6.47200E+04
6.00000E+00	2.02247E+01	6.46020E+04
6.00000E+00	2.05056E+01	6.44387E+04
6.00000E+00	2.07865E+01	6.42368E+04
6.00000E+00	2.10674E+01	6.40011E+04
6.00000E+00	2.13483E+01	6.37360E+04
6.00000E+00	2.16292E+01	6.34459E+04
6.00000E+00	2.19101E+01	6.31350E+04
6.00000E+00	2.21910E+01	6.28072E+04
6.00000E+00	2.24719E+01	6.24663E+04
6.00000E+00	2.27528E+01	6.21158E+04
6.00000E+00	2.30337E+01	6.17583E+04
6.00000E+00	2.33146E+01	6.13964E+04
6.00000E+00	2.35955E+01	6.10319E+04
6.00000E+00	2.38764E+01	6.06665E+04
6.00000E+00	2.41573E+01	6.03010E+04
6.00000E+00	2.44382E+01	5.99361E+04
6.00000E+00	2.47191E+01	5.95720E+04
6.00000E+00	2.50000E+01	5.92086E+04
7.00000E+00	0.00000E+00	2.92483E+03
7.00000E+00	2.80899E-01	3.05334E+03
7.00000E+00	5.61798E-01	3.19771E+03
7.00000E+00	8.42697E-01	3.34984E+03
7.00000E+00	1.12360E+00	3.51015E+03
7.00000E+00	1.40449E+00	3.69903E+03
7.00000E+00	1.68539E+00	3.93798E+03
7.00000E+00	1.96629E+00	4.23594E+03
7.00000E+00	2.24719E+00	4.60410E+03
7.00000E+00	2.52809E+00	5.05194E+03
7.00000E+00	2.80899E+00	5.58712E+03
7.00000E+00	3.08989E+00	6.21828E+03
7.00000E+00	3.37079E+00	6.95742E+03
7.00000E+00	3.65169E+00	7.81769E+03
7.00000E+00	3.93258E+00	8.80589E+03
7.00000E+00	4.21348E+00	9.91176E+03
7.00000E+00	4.49438E+00	1.10996E+04
7.00000E+00	4.77528E+00	1.23078E+04
7.00000E+00	5.05618E+00	1.34588E+04
7.00000E+00	5.33708E+00	1.44779E+04
7.00000E+00	5.61798E+00	1.53110E+04
7.00000E+00	5.89888E+00	1.59357E+04
7.00000E+00	6.17978E+00	1.63603E+04
7.00000E+00	6.46067E+00	1.66162E+04
7.00000E+00	6.74157E+00	1.67470E+04
7.00000E+00	7.02247E+00	1.68005E+04
7.00000E+00	7.30337E+00	1.68231E+04
7.00000E+00	7.58427E+00	1.68565E+04
7.00000E+00	7.86517E+00	1.69360E+04
7.00000E+00	8.14607E+00	1.70893E+04
7.00000E+00	8.42697E+00	1.73366E+04
7.00000E+00	8.70787E+00	1.76904E+04
7.00000E+00	8.98876E+00	1.81569E+04
7.00000E+00	9.26966E+00	1.87376E+04
7.00000E+00	9.55056E+00	1.94308E+04
7.00000E+00	9.83146E+00	2.02342E+04
7.00000E+00	1.01124E+01	2.11458E+04
7.00000E+00	1.03933E+01	2.21646E+04
7.00000E+00	1.06742E+01	2.32909E+04
7.00000E+00	1.09551E+01	2.45251E+04
7.00000E+00	1.12360E+01	2.58658E+04
7.00000E+00	1.15169E+01	2.73090E+04
7.00000E+00	1.17978E+01	2.88474E+04
7.00000E+00	1.20787E+01	3.04717E+04
7.00000E+00	1.23596E+01	3.21726E+04
7.00000E+00	1.26404E+01	3.39429E+04
7.00000E+00	1.29213E+01	3.57772E+04
7.00000E+00	1.32022E+01	3.76711E+04
7.00000E+00	1.34831E+01	3.96182E+04
7.00000E+00	1.37640E+01	4.16081E+04
7.00000E+00	1.40449E+01	4.36247E+04
7.00000E+00	1.43258E+01	4.56467E+04
7.00000E+00	1.46067E+01	4.76489E+04
7.00000E+00	1.48876E+01	4.96035E+04
7.00000E+00	1.51685E+01	5.14834E+04
7.00000E+00	1.54494E+01	5.32641E+04
7.00000E+00	1.57303E+01	5.49260E+04
7.00000E+00	1.60112E+01	5.64555E+04
7.00000E+00	1.62921E+01	5.78451E+04
7.00000E+00	1.65730E+01	5.90923E+04
7.00000E+00	1.68539E+01	6.01985E+04
7.00000E+00	1.71348E+01	6.11672E+04
7.00000E+00	1.74157E+01	6.20031E+04
7.00000E+00	1.76966E+01	6.27115E+04
7.00000E+00	1.79775E+01	6.32982E+04
7.00000E+00	1.82584E+01	6.37693E+04
7.00000E+00	1.85393E+01	6.41318E+04
7.00000E+00	1.88202E+01	6.43932E+04
7.00000E+00	1.91011E+01	6.45621E+04
7.00000E+00	1.93820E+01	6.46476E+04
7.00000E+00	1.96629E+01	6.46594E+04
7.00000E+00	1.99438E+01	6.46074E+04
7.00000E+00	2.02247E+01	6.45007E+04
7.00000E+00	2.05056E+01	6.43473E+04
7.00000E+00	2.07865E+01	6.41537E+04
7.00000E+00	2.10674E+01	6.39256E+04
7.00000E+00	2.13483E+01	6.36676E+04
7.00000E+00	2.16292E+01	6.33844E+04
7.00000E+00	2.19101E+01	6.30801E+04
7.00000E+00	2.21910E+01	6.27585E+04
7.00000E+00	2.24719E+01	6.24234E+04
7.00000E+00	2.27528E+01	6.20779E+04
7.00000E+00	2.30337E+01	6.17250E+04
7.00000E+00	2.33146E+01	6.13668E+04
7.00000E+00	2.35955E+01	6.10054E+04
7.00000E+00	2.38764E+01	6.06422E+04
7.00000E+00	2.41573E+01	6.02784E+04
7.00000E+00	2.44382E+01	5.99146E+04
7.00000E+00	2.47191E+01	5.95510E+04
7.00000E+00	2.50000E+01	5.91878E+04
8.00000E+00	0.00000E+00	3.31195E+03
8.00000E+00	2.80899E-01	3.43338E+03
8.00000E+00	5.61798E-01	3.57354E+03
8.00000E+00	8.42697E-01	3.73097E+03
8.00000E+00	1.12360E+00	3.90920E+03
8.00000E+00	1.40449E+00	4.12175E+03
8.00000E+00	1.68539E+00	4.39387E+03
8.00000E+00	1.96629E+00	4.73538E+03
8.00000E+00	2.24719E+00	5.14923E+03
8.00000E+00	2.52809E+00	5.63875E+03
8.00000E+00	2.80899E+00	6.20810E+03
8.00000E+00	3.08989E+00	6.86316E+03
8.00000E+00	3.37079E+00	7.61088E+03
8.00000E+00	3.65169E+00	8.45605E+03
8.00000E+00	3.93258E+00	9.39596E+03
8.00000E+00	4.21348E+00	1.04145E+04
8.00000E+00	4.49438E+00	1.14788E+04
8.00000E+00	4.77528E+00	1.25408E+04
8.00000E+00	5.05618E+00	1.35445E+04
8.00000E+00	5.33708E+00	1.44379E+04
8.00000E+00	5.61798E+00	1.51835E+04
8.00000E+00	5.89888E+00	1.57649E+04
8.00000E+00	6.17978E+00	1.61874E+04
8.00000E+00	6.46067E+00	1.64737E+04
8.00000E+00	6.74157E+00	1.66573E+04
8.00000E+00	7.02247E+00	1.67765E+04
8.00000E+00	7.30337E+00	1.68698E+04
8.00000E+00	7.58427E+00	1.69731E+04
8.00000E+00	7.86517E+00	1.71171E+04
8.00000E+00	8.14607E+00	1.73270E+04
8.00000E+00	8.42697E+00	1.76213E+04
8.00000E+00	8.70787E+00	1.80127E+04
8.00000E+00	8.98876E+00	1.85085E+04
8.00000E+00	9.26966E+00	1.91120E+04
8.00000E+00	9.55056E+00	1.98237E+04
8.00000E+00	9.83146E+00	2.06429E+04
8.00000E+00	1.01124E+01	2.15685E+04
8.00000E+00	1.03933E+01	2.25998E+04
8.00000E+00	1.06742E+01	2.37361E+04
8.00000E+00	1.09551E+01	2.49763E+04
8.00000E+00	1.12360E+01	2.63182E+04
8.00000E+00	1.15169E+01	2.77575E+04
8.00000E+00	1.17978E+01	2.92876E+04
8.00000E+00	1.20787E+01	3.09010E+04
8.00000E+00	1.23596E+01	3.25896E+04
8.00000E+00	1.26404E+01	3.43462E+04
8.00000E+00	1.29213E+01	3.61639E+04
8.00000E+00	1.32022E+01	3.80360E+04
8.00000E+00	1.34831E+01	3.99535E+04
8.00000E+00	1.37640E+01	4.19048E+04
8.00000E+00	1.40449E+01	4.38738E+04
8.00000E+00	1.43258E+01	4.58409E+04
8.00000E+00	1.46067E+01	4.77834E+04
8.00000E+00	1.48876E+01	4.96773E+04
8.00000E+00	1.51685E+01	5.14990E+04
8.00000E+00	1.54494E+01	5.32272E+04
8.00000E+00	1.57303E+01	5.48446E+04
8.00000E+00	1.60112E+01	5.63384E+04
8.00000E+00	1.62921E+01	5.77007E+04
8.00000E+00	1.65730E+01	5.89282E+04
8.00000E+00	1.68539E+01	6.00205E+04
8.00000E+00	1.71348E+01	6.09800E+04
8.00000E+00	1.74157E+01	6.18104E+04
8.00000E+00	1.76966E+01	6.25163E+04
8.00000E+00	1.79775E+01	6.31033E+04
8.00000E+00	1.82584E+01	6.35774E+04
8.00000E+00	1.85393E+01	6.39455E+04
8.00000E+00	1.88202E+01	6.42150E+04
8.00000E+00	1.91011E+01	6.43940E+04
8.00000E+00	1.93820E+01	6.44913E+04
8.00000E+00	1.96629E+01	6.45158E+04
8.00000E+00	1.99438E+01	6.44765E+04
8.00000E+00	2.02247E+01	6.43818E+04
8.00000E+00	2.05056E+01	6.42393E+04
8.00000E+00	2.07865E+01	6.40556E+04
8.00000E+00	2.10674E+01	6.38365E+04
8.00000E+00	2.13483E+01	6.35870E+04
8.00000E+00	2.16292E+01	6.33118E+04
8.00000E+00	2.19101E+01	6.30149E+04
8.00000E+00	2.21910E+01	6.27003E+04
8.00000E+00	2.24719E+01	6.23716E+04
8.00000E+00	2.27528E+01	6.20319E+04
8.00000E+00	2.30337E+01	6.16839E+04
8.00000E+00	2.33146E+01	6.13301E+04
8.00000E+00	2.35955E+01	6.09722E+04
8.00000E+00	2.38764E+01	6.06118E+04
8.00000E+00	2.41573E+01	6.02501E+04
8.00000E+00	2.44382E+01	5.98877E+04
8.00000E+00	2.47191E+01	5.95251E+04
8.00000E+00	2.50000E+01	5.91625E+04
9.00000E+00	0.00000E+00	3.75012E+03
9.00000E+00	2.80899E-01	3.87520E+03
9.00000E+00	5.61798E-01	4.02271E+03
9.00000E+00	8.42697E-01	4.19429E+03
9.00000E+00	1.12360E+00	4.39445E+03
9.00000E+00	1.40449E+00	4.63283E+03
9.00000E+00	1.68539E+00	4.92678E+03
9.00000E+00	1.96629E+00	5.29500E+03
9.00000E+00	2.24719E+00	5.73840E+03
9.00000E+00	2.52809E+00	6.25643E+03
9.00000E+00	2.80899E+00	6.84883E+03
9.00000E+00	3.08989E+00	7.51621E+03
9.00000E+00	3.37079E+00	8.25928E+03
9.00000E+00	3.65169E+00	9.07628E+03
9.00000E+00	3.93258E+00	9.95932E+03
9.00000E+00	4.21348E+00	1.08911E+04
9.00000E+00	4.49438E+00	1.18436E+04
9.00000E+00	4.77528E+00	1.27803E+04
9.00000E+00	5.05618E+00	1.36611E+04
9.00000E+00	5.33708E+00	1.44496E+04
9.00000E+00	5.61798E+00	1.51203E+04
9.00000E+00	5.89888E+00	1.56620E+04
9.00000E+00	6.17978E+00	1.60790E+04
9.00000E+00	6.46067E+00	1.63885E+04
9.00000E+00	6.74157E+00	1.66163E+04
9.00000E+00	7.02247E+00	1.67932E+04
9.00000E+00	7.30337E+00	1.69509E+04
9.00000E+00	7.58427E+00	1.71195E+04
9.00000E+00	7.86517E+00	1.73256E+04
9.00000E+00	8.14607E+00	1.75913E+04
9.00000E+00	8.42697E+00	1.79339E+04
9.00000E+00	8.70787E+00	1.83656E+04
9.00000E+00	8.98876E+00	1.88943E+04
9.00000E+00	9.26966E+00	1.95245E+04
9.00000E+00	9.55056E+00	2.02580E+04
9.00000E+00	9.83146E+00	2.10952E+04
9.00000E+00	1.01124E+01	2.20360E+04
9.00000E+00	1.03933E+01	2.30794E+04
9.00000E+00	1.06742E+01	2.42246E+04
9.00000E+00	1.09551E+01	2.54696E+04
9.00000E+00	1.12360E+01	2.68115E+04
9.00000E+00	1.15169E+01	2.82460E+04
9.00000E+00	1.17978E+01	2.97672E+04
9.00000E+00	1.20787E+01	3.13682E+04
9.00000E+00	1.23596E+01	3.30415E+04
9.00000E+00	1.26404E+01	3.47796E+04
9.00000E+00	1.29213E+01	3.65748E+04
9.00000E+00	1.32022E+01	3.84186E+04
9.00000E+00	1.34831E+01	4.03010E+04
9.00000E+00	1.37640E+01	4.22092E+04
9.00000E+00	1.40449E+01	4.41279E+04
9.00000E+00	1.43258E+01	4.60386E+04
9.00000E+00	1.46067E+01	4.79212E+04
9.00000E+00	1.48876E+01	4.97546E+04
9.00000E+00	1.51685E+01	5.15181E+04
9.00000E+00	1.54494E+01	5.31932E+04
9.00000E+00	1.57303E+01	5.47643E+04
9.00000E+00	1.60112E+01	5.62197E+04
9.00000E+00	1.62921E+01	5.75516E+04
9.00000E+00	1.65730E+01	5.87558E+04
9.00000E+00	1.68539E+01	5.98311E+04
9.00000E+00	1.71348E+01	6.07789E+04
9.00000E+00	1.74157E+01	6.16018E+04
9.00000E+00	1.76966E+01	6.23041E+04
9.00000E+00	1.79775E+01	6.28909E+04
9.00000E+00	1.82584E+01	6.33678E+04
9.00000E+00	1.85393E+01	6.37414E+04
9.00000E+00	1.88202E+01	6.40190E+04
9.00000E+00	1.91011E+01	6.42082E+04
9.00000E+00	1.93820E+01	6.43172E+04
9.00000E+00	1.96629E+01	6.43543E+04
9.00000E+00	1.99438E+01	6.43279E+04
9.00000E+00	2.02247E+01	6.42457E+04
9.00000E+00	2.05056E+01	6.41150E+04
9.00000E+00	2.07865E+01	6.39424E+04
9.00000E+00	2.10674E+01	6.37335E+04
9.00000E+00	2.13483E+01	6.34936E+04
9.00000E+00	2.16292E+01	6.32273E+04
9.00000E+00	2.19101E+01	6.29388E+04
9.00000E+00	2.21910E+01	6.26320E+04
9.00000E+00	2.24719E+01	6.23103E+04
9.00000E+00	2.27528E+01	6.19770E+04
9.00000E+00	2.30337E+01	6.16346E+04
9.00000E+00	2.33146E+01	6.12856E+04
9.00000E+00	2.35955E+01	6.09318E+04
9.00000E+00	2.38764E+01	6.05747E+04
9.00000E+00	2.41573E+01	6.02155E+04
9.00000E+00	2.44382E+01	5.98551E+04
9.00000E+00	2.47191E+01	5.94939E+04
9.00000E+00	2.50000E+01	5.91324E+04
1.00000E+01	0.00000E+00	4.24284E+03
1.00000E+01	2.80899E-01	4.37722E+03
1.00000E+01	5.61798E-01	4.53704E+03
1.00000E+01	8.42697E-01	4.72523E+03
1.00000E+01	1.12360E+00	4.94629E+03
1.00000E+01	1.40449E+00	5.20739E+03
1.00000E+01	1.68539E+00	5.51960E+03
1.00000E+01	1.96629E+00	5.89993E+03
1.00000E+01	2.24719E+00	6.35694E+03
1.00000E+01	2.52809E+00	6.88736E+03
1.00000E+01	2.80899E+00	7.48771E+03
1.00000E+01	3.08989E+00	8.15406E+03
1.00000E+01	3.37079E+00	8.88171E+03
1.00000E+01	3.65169E+00	9.66388E+03
1.00000E+01	3.93258E+00	1.04896E+04
1.00000E+01	4.21348E+00	1.13422E+04
1.00000E+01	4.49438E+00	1.21986E+04
1.00000E+01	4.77528E+00	1.30312E+04
1.00000E+01	5.05618E+00	1.38116E+04
1.00000E+01	5.33708E+00	1.45148E+04
1.00000E+01	5.61798E+00	1.51237E+04
1.00000E+01	5.89888E+00	1.56315E+04
1.00000E+01	6.17978E+00	1.60424E+04
1.00000E+01	6.46067E+00	1.63699E+04
1.00000E+01	6.74157E+00	1.66349E+04
1.00000E+01	7.02247E+00	1.68618E+04
1.00000E+01	7.30337E+00	1.70768E+04
1.00000E+01	7.58427E+00	1.73049E+04
1.00000E+01	7.86517E+00	1.75690E+04
1.00000E+01	8.14607E+00	1.78885E+04
1.00000E+01	8.42697E+00	1.82788E+04
1.00000E+01	8.70787E+00	1.87515E+04
1.00000E+01	8.98876E+00	1.93148E+04
1.00000E+01	9.26966E+00	1.99736E+04
1.00000E+01	9.55056E+00	2.07306E+04
1.00000E+01	9.83146E+00	2.15872E+04
1.00000E+01	1.01124E+01	2.25434E+04
1.00000E+01	1.03933E+01	2.35985E+04
1.00000E+01	1.06742E+01	2.47513E+04
1.00000E+01	1.09551E+01	2.59996E+04
1.00000E+01	1.12360E+01	2.73402E+04
1.00000E+01	1.15169E+01	2.87686E+04
1.00000E+01	1.17978E+01	3.02791E+04
1.00000E+01	1.20787E+01	3.18654E+04
1.00000E+01	1.23596E+01	3.35200E+04
1.00000E+01	1.26404E+01	3.52353E+04
1.00000E+01	1.29213E+01	3.70029E+04
1.00000E+01	1.32022E+01	3.88134E+04
1.00000E+01	1.34831E+01	4.06560E+04
1.00000E+01	1.37640E+01	4.25178E+04
1.00000E+01	1.40449E+01	4.43840E+04
1.00000E+01	1.43258E+01	4.62376E+04
1.00000E+01	1.46067E+01	4.80604E+04
1.00000E+01	1.48876E+01	4.98337E+04
1.00000E+01	1.51685E+01	5.15394E+04
1.00000E+01	1.54494E+01	5.31611E+04
1.00000E+01	1.57303E+01	5.46850E+04
1.00000E+01	1.60112E+01	5.61002E+04
1.00000E+01	1.62921E+01	5.73992E+04
1.00000E+01	1.65730E+01	5.85775E+04
1.00000E+01	1.68539E+01	5.96333E+04
1.00000E+01	1.71348E+01	6.05670E+04
1.00000E+01	1.74157E+01	6.13807E+04
1.00000E+01	1.76966E+01	6.20781E+04
1.00000E+01	1.79775E+01	6.26637E+04
1.00000E+01	1.82584E+01	6.31428E+04
1.00000E+01	1.85393E+01	6.35216E+04
1.00000E+01	1.88202E+01	6.38070E+04
1.00000E+01	1.91011E+01	6.40061E+04
1.00000E+01	1.93820E+01	6.41265E+04
1.00000E+01	1.96629E+01	6.41762E+04
1.00000E+01	1.99438E+01	6.41626E+04
1.00000E+01	2.02247E+01	6.40933E+04
1.00000E+01	2.05056E+01	6.39750E+04
1.00000E+01	2.07865E+01	6.38142E+04
1.00000E+01	2.10674E+01	6.36165E+04
1.00000E+01	2.13483E+01	6.33870E+04
1.00000E+01	2.16292E+01	6.31305E+04
1.00000E+01	2.19101E+01	6.28512E+04
1.00000E+01	2.21910E+01	6.25528E+04
1.00000E+01	2.24719E+01	6.22389E+04
1.00000E+01	2.27528E+01	6.19126E+04
1.00000E+01	2.30337E+01	6.15764E+04
1.00000E+01	2.33146E+01	6.12327E+04
1.00000E+01	2.35955E+01	6.08835E+04
1.00000E+01	2.38764E+01	6.05302E+04
1.00000E+01	2.41573E+01	6.01741E+04
1.00000E+01	2.44382E+01	5.98161E+04
1.00000E+01	2.47191E+01	5.94569E+04
1.00000E+01	2.50000E+01	5.90969E+04
