1.00000E-04	0.00000E+00	1.52692E+05
1.00000E-04	2.80899E-01	3.48869E+04
1.00000E-04	5.61798E-01	4.03083E+04
1.00000E-04	8.42697E-01	4.76385E+04
1.00000E-04	1.12360E+00	5.69538E+04
1.00000E-04	1.40449E+00	6.54918E+04
1.00000E-04	1.68539E+00	6.13809E+04
1.00000E-04	1.96629E+00	5.78816E+04
1.00000E-04	2.24719E+00	5.64720E+04
1.00000E-04	2.52809E+00	5.68196E+04
1.00000E-04	2.80899E+00	5.86671E+04
1.00000E-04	3.08989E+00	6.00879E+04
1.00000E-04	3.37079E+00	6.07568E+04
1.00000E-04	3.65169E+00	6.18144E+04
1.00000E-04	3.93258E+00	6.27568E+04
1.00000E-04	4.21348E+00	6.39977E+04
1.00000E-04	4.49438E+00	6.56908E+04
1.00000E-04	4.77528E+00	6.77908E+04
1.00000E-04	5.05618E+00	7.02792E+04
1.00000E-04	5.33708E+00	7.32798E+04
1.00000E-04	5.61798E+00	7.66142E+04
1.00000E-04	5.89888E+00	8.04970E+04
1.00000E-04	6.17978E+00	8.50542E+04
1.00000E-04	6.46067E+00	9.04732E+04
1.00000E-04	6.74157E+00	9.71504E+04
1.00000E-04	7.02247E+00	1.04412E+05
1.00000E-04	7.30337E+00	1.11138E+05
1.00000E-04	7.58427E+00	1.15854E+05
1.00000E-04	7.86517E+00	1.19016E+05
1.00000E-04	8.14607E+00	1.21639E+05
1.00000E-04	8.42697E+00	1.23864E+05
1.00000E-04	8.70787E+00	1.26277E+05
1.00000E-04	8.98876E+00	1.28942E+05
1.00000E-04	9.26966E+00	1.32270E+05
1.00000E-04	9.55056E+00	1.35929E+05
1.00000E-04	9.83146E+00	1.40629E+05
1.00000E-04	1.01124E+01	1.45820E+05
1.00000E-04	1.03933E+01	1.52116E+05
1.00000E-04	1.06742E+01	1.59230E+05
1.00000E-04	1.09551E+01	1.67306E+05
1.00000E-04	1.12360E+01	1.76770E+05
1.00000E-04	1.15169E+01	1.86706E+05
1.00000E-04	1.17978E+01	1.98023E+05
1.00000E-04	1.20787E+01	2.10303E+05
1.00000E-04	1.23596E+01	2.23920E+05
1.00000E-04	1.26404E+01	2.38111E+05
1.00000E-04	1.29213E+01	2.54174E+05
1.00000E-04	1.32022E+01	2.71187E+05
1.00000E-04	1.34831E+01	2.89273E+05
1.00000E-04	1.37640E+01	3.08466E+05
1.00000E-04	1.40449E+01	3.29694E+05
1.00000E-04	1.43258E+01	3.51267E+05
1.00000E-04	1.46067E+01	3.74315E+05
1.00000E-04	1.48876E+01	3.98287E+05
1.00000E-04	1.51685E+01	4.22971E+05
1.00000E-04	1.54494E+01	4.49110E+05
1.00000E-04	1.57303E+01	4.75739E+05
1.00000E-04	1.60112E+01	5.02788E+05
1.00000E-04	1.62921E+01	5.30834E+05
1.00000E-04	1.65730E+01	5.59734E+05
1.00000E-04	1.68539E+01	5.88208E+05
1.00000E-04	1.71348E+01	6.17517E+05
1.00000E-04	1.74157E+01	6.46103E+05
1.00000E-04	1.76966E+01	6.75060E+05
1.00000E-04	1.79775E+01	7.03590E+05
1.00000E-04	1.82584E+01	7.31844E+05
1.00000E-04	1.85393E+01	7.57669E+05
1.00000E-04	1.88202E+01	7.83510E+05
1.00000E-04	1.91011E+01	8.08364E+05
1.00000E-04	1.93820E+01	8.30858E+05
1.00000E-04	1.96629E+01	8.54012E+05
1.00000E-04	1.99438E+01	8.75440E+05
1.00000E-04	2.02247E+01	8.93581E+05
1.00000E-04	2.05056E+01	9.10978E+05
1.00000E-04	2.07865E+01	9.29378E+05
1.00000E-04	2.10674E+01	9.43272E+05
1.00000E-04	2.13483E+01	9.57005E+05
1.00000E-04	2.16292E+01	9.69037E+05
1.00000E-04	2.19101E+01	9.80718E+05
1.00000E-04	2.21910E+01	9.90477E+05
1.00000E-04	2.24719E+01	9.98522E+05
1.00000E-04	2.27528E+01	1.00581E+06
1.00000E-04	2.30337E+01	1.01279E+06
1.00000E-04	2.33146E+01	1.01739E+06
1.00000E-04	2.35955E+01	1.02090E+06
1.00000E-04	2.38764E+01	1.02452E+06
1.00000E-04	2.41573E+01	1.02729E+06
1.00000E-04	2.44382E+01	1.02815E+06
1.00000E-04	2.47191E+01	1.02923E+06
1.00000E-04	2.50000E+01	1.02950E+06
5.00000E-04	0.00000E+00	1.35633E+05
5.00000E-04	2.80899E-01	3.48823E+04
5.00000E-04	5.61798E-01	4.03085E+04
5.00000E-04	8.42697E-01	4.76454E+04
5.00000E-04	1.12360E+00	5.69400E+04
5.00000E-04	1.40449E+00	6.54916E+04
5.00000E-04	1.68539E+00	6.13809E+04
5.00000E-04	1.96629E+00	5.78816E+04
5.00000E-04	2.24719E+00	5.64720E+04
5.00000E-04	2.52809E+00	5.68196E+04
5.00000E-04	2.80899E+00	5.86671E+04
5.00000E-04	3.08989E+00	6.00910E+04
5.00000E-04	3.37079E+00	6.07569E+04
5.00000E-04	3.65169E+00	6.18136E+04
5.00000E-04	3.93258E+00	6.27577E+04
5.00000E-04	4.21348E+00	6.39840E+04
5.00000E-04	4.49438E+00	6.56907E+04
5.00000E-04	4.77528E+00	6.77907E+04
5.00000E-04	5.05618E+00	7.02795E+04
5.00000E-04	5.33708E+00	7.32798E+04
5.00000E-04	5.61798E+00	7.66142E+04
5.00000E-04	5.89888E+00	8.04962E+04
5.00000E-04	6.17978E+00	8.50542E+04
5.00000E-04	6.46067E+00	9.04732E+04
5.00000E-04	6.74157E+00	9.71502E+04
5.00000E-04	7.02247E+00	1.04412E+05
5.00000E-04	7.30337E+00	1.11143E+05
5.00000E-04	7.58427E+00	1.15854E+05
5.00000E-04	7.86517E+00	1.19016E+05
5.00000E-04	8.14607E+00	1.21639E+05
5.00000E-04	8.42697E+00	1.23864E+05
5.00000E-04	8.70787E+00	1.26277E+05
5.00000E-04	8.98876E+00	1.28974E+05
5.00000E-04	9.26966E+00	1.32270E+05
5.00000E-04	9.55056E+00	1.35929E+05
5.00000E-04	9.83146E+00	1.40629E+05
5.00000E-04	1.01124E+01	1.45820E+05
5.00000E-04	1.03933E+01	1.52096E+05
5.00000E-04	1.06742E+01	1.59230E+05
5.00000E-04	1.09551E+01	1.67306E+05
5.00000E-04	1.12360E+01	1.76770E+05
5.00000E-04	1.15169E+01	1.86706E+05
5.00000E-04	1.17978E+01	1.98023E+05
5.00000E-04	1.20787E+01	2.10303E+05
5.00000E-04	1.23596E+01	2.23920E+05
5.00000E-04	1.26404E+01	2.38111E+05
5.00000E-04	1.29213E+01	2.54174E+05
5.00000E-04	1.32022E+01	2.71187E+05
5.00000E-04	1.34831E+01	2.89273E+05
5.00000E-04	1.37640E+01	3.08466E+05
5.00000E-04	1.40449E+01	3.29694E+05
5.00000E-04	1.43258E+01	3.51267E+05
5.00000E-04	1.46067E+01	3.74315E+05
5.00000E-04	1.48876E+01	3.98287E+05
5.00000E-04	1.51685E+01	4.22971E+05
5.00000E-04	1.54494E+01	4.49110E+05
5.00000E-04	1.57303E+01	4.75739E+05
5.00000E-04	1.60112E+01	5.02788E+05
5.00000E-04	1.62921E+01	5.30834E+05
5.00000E-04	1.65730E+01	5.59734E+05
5.00000E-04	1.68539E+01	5.88208E+05
5.00000E-04	1.71348E+01	6.17517E+05
5.00000E-04	1.74157E+01	6.46104E+05
5.00000E-04	1.76966E+01	6.75060E+05
5.00000E-04	1.79775E+01	7.03590E+05
5.00000E-04	1.82584E+01	7.31844E+05
5.00000E-04	1.85393E+01	7.57669E+05
5.00000E-04	1.88202E+01	7.83510E+05
5.00000E-04	1.91011E+01	8.08367E+05
5.00000E-04	1.93820E+01	8.30858E+05
5.00000E-04	1.96629E+01	8.54012E+05
5.00000E-04	1.99438E+01	8.75278E+05
5.00000E-04	2.02247E+01	8.93581E+05
5.00000E-04	2.05056E+01	9.10978E+05
5.00000E-04	2.07865E+01	9.29378E+05
5.00000E-04	2.10674E+01	9.43272E+05
5.00000E-04	2.13483E+01	9.57005E+05
5.00000E-04	2.16292E+01	9.69037E+05
5.00000E-04	2.19101E+01	9.80718E+05
5.00000E-04	2.21910E+01	9.90477E+05
5.00000E-04	2.24719E+01	9.98522E+05
5.00000E-04	2.27528E+01	1.00581E+06
5.00000E-04	2.30337E+01	1.01279E+06
5.00000E-04	2.33146E+01	1.01739E+06
5.00000E-04	2.35955E+01	1.02090E+06
5.00000E-04	2.38764E+01	1.02452E+06
5.00000E-04	2.41573E+01	1.02729E+06
5.00000E-04	2.44382E+01	1.02815E+06
5.00000E-04	2.47191E+01	1.02923E+06
5.00000E-04	2.50000E+01	1.02950E+06
1.00000E-03	0.00000E+00	1.29457E+05
1.00000E-03	2.80899E-01	3.48819E+04
1.00000E-03	5.61798E-01	4.03085E+04
1.00000E-03	8.42697E-01	4.76500E+04
1.00000E-03	1.12360E+00	5.69288E+04
1.00000E-03	1.40449E+00	6.54890E+04
1.00000E-03	1.68539E+00	6.13811E+04
1.00000E-03	1.96629E+00	5.78816E+04
1.00000E-03	2.24719E+00	5.64716E+04
1.00000E-03	2.52809E+00	5.68192E+04
1.00000E-03	2.80899E+00	5.86671E+04
1.00000E-03	3.08989E+00	6.00977E+04
1.00000E-03	3.37079E+00	6.07578E+04
1.00000E-03	3.65169E+00	6.18082E+04
1.00000E-03	3.93258E+00	6.27633E+04
1.00000E-03	4.21348E+00	6.39786E+04
1.00000E-03	4.49438E+00	6.56874E+04
1.00000E-03	4.77528E+00	6.77884E+04
1.00000E-03	5.05618E+00	7.02835E+04
1.00000E-03	5.33708E+00	7.32798E+04
1.00000E-03	5.61798E+00	7.66142E+04
1.00000E-03	5.89888E+00	8.04893E+04
1.00000E-03	6.17978E+00	8.50541E+04
1.00000E-03	6.46067E+00	9.04732E+04
1.00000E-03	6.74157E+00	9.71450E+04
1.00000E-03	7.02247E+00	1.04411E+05
1.00000E-03	7.30337E+00	1.11144E+05
1.00000E-03	7.58427E+00	1.15854E+05
1.00000E-03	7.86517E+00	1.19016E+05
1.00000E-03	8.14607E+00	1.21639E+05
1.00000E-03	8.42697E+00	1.23864E+05
1.00000E-03	8.70787E+00	1.26277E+05
1.00000E-03	8.98876E+00	1.28979E+05
1.00000E-03	9.26966E+00	1.32270E+05
1.00000E-03	9.55056E+00	1.35929E+05
1.00000E-03	9.83146E+00	1.40629E+05
1.00000E-03	1.01124E+01	1.45820E+05
1.00000E-03	1.03933E+01	1.52093E+05
1.00000E-03	1.06742E+01	1.59230E+05
1.00000E-03	1.09551E+01	1.67306E+05
1.00000E-03	1.12360E+01	1.76770E+05
1.00000E-03	1.15169E+01	1.86706E+05
1.00000E-03	1.17978E+01	1.98023E+05
1.00000E-03	1.20787E+01	2.10302E+05
1.00000E-03	1.23596E+01	2.23920E+05
1.00000E-03	1.26404E+01	2.38111E+05
1.00000E-03	1.29213E+01	2.54175E+05
1.00000E-03	1.32022E+01	2.71187E+05
1.00000E-03	1.34831E+01	2.89273E+05
1.00000E-03	1.37640E+01	3.08466E+05
1.00000E-03	1.40449E+01	3.29694E+05
1.00000E-03	1.43258E+01	3.51267E+05
1.00000E-03	1.46067E+01	3.74315E+05
1.00000E-03	1.48876E+01	3.98287E+05
1.00000E-03	1.51685E+01	4.22971E+05
1.00000E-03	1.54494E+01	4.49110E+05
1.00000E-03	1.57303E+01	4.75739E+05
1.00000E-03	1.60112E+01	5.02788E+05
1.00000E-03	1.62921E+01	5.30834E+05
1.00000E-03	1.65730E+01	5.59734E+05
1.00000E-03	1.68539E+01	5.88208E+05
1.00000E-03	1.71348E+01	6.17517E+05
1.00000E-03	1.74157E+01	6.46129E+05
1.00000E-03	1.76966E+01	6.75060E+05
1.00000E-03	1.79775E+01	7.03590E+05
1.00000E-03	1.82584E+01	7.31844E+05
1.00000E-03	1.85393E+01	7.57669E+05
1.00000E-03	1.88202E+01	7.83510E+05
1.00000E-03	1.91011E+01	8.08390E+05
1.00000E-03	1.93820E+01	8.30858E+05
1.00000E-03	1.96629E+01	8.54012E+05
1.00000E-03	1.99438E+01	8.75030E+05
1.00000E-03	2.02247E+01	8.93581E+05
1.00000E-03	2.05056E+01	9.10978E+05
1.00000E-03	2.07865E+01	9.29378E+05
1.00000E-03	2.10674E+01	9.43272E+05
1.00000E-03	2.13483E+01	9.57005E+05
1.00000E-03	2.16292E+01	9.69037E+05
1.00000E-03	2.19101E+01	9.80718E+05
1.00000E-03	2.21910E+01	9.90477E+05
1.00000E-03	2.24719E+01	9.98522E+05
1.00000E-03	2.27528E+01	1.00581E+06
1.00000E-03	2.30337E+01	1.01279E+06
1.00000E-03	2.33146E+01	1.01739E+06
1.00000E-03	2.35955E+01	1.02090E+06
1.00000E-03	2.38764E+01	1.02452E+06
1.00000E-03	2.41573E+01	1.02729E+06
1.00000E-03	2.44382E+01	1.02815E+06
1.00000E-03	2.47191E+01	1.02923E+06
1.00000E-03	2.50000E+01	1.02950E+06
5.00000E-03	0.00000E+00	9.47827E+04
5.00000E-03	2.80899E-01	3.48820E+04
5.00000E-03	5.61798E-01	4.03086E+04
5.00000E-03	8.42697E-01	4.76510E+04
5.00000E-03	1.12360E+00	5.69211E+04
5.00000E-03	1.40449E+00	6.54830E+04
5.00000E-03	1.68539E+00	6.13817E+04
5.00000E-03	1.96629E+00	5.78797E+04
5.00000E-03	2.24719E+00	5.64671E+04
5.00000E-03	2.52809E+00	5.68186E+04
5.00000E-03	2.80899E+00	5.86663E+04
5.00000E-03	3.08989E+00	6.01071E+04
5.00000E-03	3.37079E+00	6.07606E+04
5.00000E-03	3.65169E+00	6.17919E+04
5.00000E-03	3.93258E+00	6.27804E+04
5.00000E-03	4.21348E+00	6.39740E+04
5.00000E-03	4.49438E+00	6.56622E+04
5.00000E-03	4.77528E+00	6.77686E+04
5.00000E-03	5.05618E+00	7.03034E+04
5.00000E-03	5.33708E+00	7.32692E+04
5.00000E-03	5.61798E+00	7.66242E+04
5.00000E-03	5.89888E+00	8.04614E+04
5.00000E-03	6.17978E+00	8.50355E+04
5.00000E-03	6.46067E+00	9.04754E+04
5.00000E-03	6.74157E+00	9.70926E+04
5.00000E-03	7.02247E+00	1.04381E+05
5.00000E-03	7.30337E+00	1.11144E+05
5.00000E-03	7.58427E+00	1.15851E+05
5.00000E-03	7.86517E+00	1.19025E+05
5.00000E-03	8.14607E+00	1.21616E+05
5.00000E-03	8.42697E+00	1.23862E+05
5.00000E-03	8.70787E+00	1.26277E+05
5.00000E-03	8.98876E+00	1.28983E+05
5.00000E-03	9.26966E+00	1.32255E+05
5.00000E-03	9.55056E+00	1.35929E+05
5.00000E-03	9.83146E+00	1.40620E+05
5.00000E-03	1.01124E+01	1.45813E+05
5.00000E-03	1.03933E+01	1.52091E+05
5.00000E-03	1.06742E+01	1.59229E+05
5.00000E-03	1.09551E+01	1.67308E+05
5.00000E-03	1.12360E+01	1.76698E+05
5.00000E-03	1.15169E+01	1.86662E+05
5.00000E-03	1.17978E+01	1.98025E+05
5.00000E-03	1.20787E+01	2.10200E+05
5.00000E-03	1.23596E+01	2.23916E+05
5.00000E-03	1.26404E+01	2.38116E+05
5.00000E-03	1.29213E+01	2.54299E+05
5.00000E-03	1.32022E+01	2.71185E+05
5.00000E-03	1.34831E+01	2.89343E+05
5.00000E-03	1.37640E+01	3.08597E+05
5.00000E-03	1.40449E+01	3.29691E+05
5.00000E-03	1.43258E+01	3.51269E+05
5.00000E-03	1.46067E+01	3.74315E+05
5.00000E-03	1.48876E+01	3.98309E+05
5.00000E-03	1.51685E+01	4.22971E+05
5.00000E-03	1.54494E+01	4.49110E+05
5.00000E-03	1.57303E+01	4.75730E+05
5.00000E-03	1.60112E+01	5.02794E+05
5.00000E-03	1.62921E+01	5.30873E+05
5.00000E-03	1.65730E+01	5.59693E+05
5.00000E-03	1.68539E+01	5.88208E+05
5.00000E-03	1.71348E+01	6.17517E+05
5.00000E-03	1.74157E+01	6.46393E+05
5.00000E-03	1.76966E+01	6.75135E+05
5.00000E-03	1.79775E+01	7.03590E+05
5.00000E-03	1.82584E+01	7.31810E+05
5.00000E-03	1.85393E+01	7.57669E+05
5.00000E-03	1.88202E+01	7.83530E+05
5.00000E-03	1.91011E+01	8.08447E+05
5.00000E-03	1.93820E+01	8.30860E+05
5.00000E-03	1.96629E+01	8.54012E+05
5.00000E-03	1.99438E+01	8.74702E+05
5.00000E-03	2.02247E+01	8.93579E+05
5.00000E-03	2.05056E+01	9.11006E+05
5.00000E-03	2.07865E+01	9.29309E+05
5.00000E-03	2.10674E+01	9.43273E+05
5.00000E-03	2.13483E+01	9.57005E+05
5.00000E-03	2.16292E+01	9.69038E+05
5.00000E-03	2.19101E+01	9.80718E+05
5.00000E-03	2.21910E+01	9.90477E+05
5.00000E-03	2.24719E+01	9.98522E+05
5.00000E-03	2.27528E+01	1.00581E+06
5.00000E-03	2.30337E+01	1.01277E+06
5.00000E-03	2.33146E+01	1.01734E+06
5.00000E-03	2.35955E+01	1.02090E+06
5.00000E-03	2.38764E+01	1.02453E+06
5.00000E-03	2.41573E+01	1.02722E+06
5.00000E-03	2.44382E+01	1.02815E+06
5.00000E-03	2.47191E+01	1.02923E+06
5.00000E-03	2.50000E+01	1.02950E+06
1.00000E-02	0.00000E+00	7.73582E+04
1.00000E-02	2.80899E-01	3.48824E+04
1.00000E-02	5.61798E-01	4.03088E+04
1.00000E-02	8.42697E-01	4.76511E+04
1.00000E-02	1.12360E+00	5.69212E+04
1.00000E-02	1.40449E+00	6.54828E+04
1.00000E-02	1.68539E+00	6.13817E+04
1.00000E-02	1.96629E+00	5.78797E+04
1.00000E-02	2.24719E+00	5.64671E+04
1.00000E-02	2.52809E+00	5.68186E+04
1.00000E-02	2.80899E+00	5.86663E+04
1.00000E-02	3.08989E+00	6.01074E+04
1.00000E-02	3.37079E+00	6.07606E+04
1.00000E-02	3.65169E+00	6.17908E+04
1.00000E-02	3.93258E+00	6.27819E+04
1.00000E-02	4.21348E+00	6.39740E+04
1.00000E-02	4.49438E+00	6.56576E+04
1.00000E-02	4.77528E+00	6.77661E+04
1.00000E-02	5.05618E+00	7.03050E+04
1.00000E-02	5.33708E+00	7.32656E+04
1.00000E-02	5.61798E+00	7.66288E+04
1.00000E-02	5.89888E+00	8.04580E+04
1.00000E-02	6.17978E+00	8.50244E+04
1.00000E-02	6.46067E+00	9.04771E+04
1.00000E-02	6.74157E+00	9.70803E+04
1.00000E-02	7.02247E+00	1.04372E+05
1.00000E-02	7.30337E+00	1.11143E+05
1.00000E-02	7.58427E+00	1.15851E+05
1.00000E-02	7.86517E+00	1.19029E+05
1.00000E-02	8.14607E+00	1.21594E+05
1.00000E-02	8.42697E+00	1.23853E+05
1.00000E-02	8.70787E+00	1.26281E+05
1.00000E-02	8.98876E+00	1.28984E+05
1.00000E-02	9.26966E+00	1.32240E+05
1.00000E-02	9.55056E+00	1.35927E+05
1.00000E-02	9.83146E+00	1.40600E+05
1.00000E-02	1.01124E+01	1.45792E+05
1.00000E-02	1.03933E+01	1.52092E+05
1.00000E-02	1.06742E+01	1.59215E+05
1.00000E-02	1.09551E+01	1.67328E+05
1.00000E-02	1.12360E+01	1.76638E+05
1.00000E-02	1.15169E+01	1.86613E+05
1.00000E-02	1.17978E+01	1.98021E+05
1.00000E-02	1.20787E+01	2.10146E+05
1.00000E-02	1.23596E+01	2.23877E+05
1.00000E-02	1.26404E+01	2.38159E+05
1.00000E-02	1.29213E+01	2.54364E+05
1.00000E-02	1.32022E+01	2.71190E+05
1.00000E-02	1.34831E+01	2.89423E+05
1.00000E-02	1.37640E+01	3.08703E+05
1.00000E-02	1.40449E+01	3.29649E+05
1.00000E-02	1.43258E+01	3.51301E+05
1.00000E-02	1.46067E+01	3.74314E+05
1.00000E-02	1.48876E+01	3.98376E+05
1.00000E-02	1.51685E+01	4.22983E+05
1.00000E-02	1.54494E+01	4.49108E+05
1.00000E-02	1.57303E+01	4.75658E+05
1.00000E-02	1.60112E+01	5.02856E+05
1.00000E-02	1.62921E+01	5.30940E+05
1.00000E-02	1.65730E+01	5.59562E+05
1.00000E-02	1.68539E+01	5.88215E+05
1.00000E-02	1.71348E+01	6.17513E+05
1.00000E-02	1.74157E+01	6.46462E+05
1.00000E-02	1.76966E+01	6.75206E+05
1.00000E-02	1.79775E+01	7.03590E+05
1.00000E-02	1.82584E+01	7.31604E+05
1.00000E-02	1.85393E+01	7.57685E+05
1.00000E-02	1.88202E+01	7.83627E+05
1.00000E-02	1.91011E+01	8.08444E+05
1.00000E-02	1.93820E+01	8.30916E+05
1.00000E-02	1.96629E+01	8.54011E+05
1.00000E-02	1.99438E+01	8.74656E+05
1.00000E-02	2.02247E+01	8.93536E+05
1.00000E-02	2.05056E+01	9.11086E+05
1.00000E-02	2.07865E+01	9.29072E+05
1.00000E-02	2.10674E+01	9.43314E+05
1.00000E-02	2.13483E+01	9.56998E+05
1.00000E-02	2.16292E+01	9.69080E+05
1.00000E-02	2.19101E+01	9.80724E+05
1.00000E-02	2.21910E+01	9.90476E+05
1.00000E-02	2.24719E+01	9.98512E+05
1.00000E-02	2.27528E+01	1.00583E+06
1.00000E-02	2.30337E+01	1.01267E+06
1.00000E-02	2.33146E+01	1.01726E+06
1.00000E-02	2.35955E+01	1.02090E+06
1.00000E-02	2.38764E+01	1.02461E+06
1.00000E-02	2.41573E+01	1.02709E+06
1.00000E-02	2.44382E+01	1.02815E+06
1.00000E-02	2.47191E+01	1.02923E+06
1.00000E-02	2.50000E+01	1.02950E+06
5.00000E-02	0.00000E+00	4.62220E+04
5.00000E-02	2.80899E-01	3.48900E+04
5.00000E-02	5.61798E-01	4.03149E+04
5.00000E-02	8.42697E-01	4.76556E+04
5.00000E-02	1.12360E+00	5.69255E+04
5.00000E-02	1.40449E+00	6.54774E+04
5.00000E-02	1.68539E+00	6.13818E+04
5.00000E-02	1.96629E+00	5.78802E+04
5.00000E-02	2.24719E+00	5.64678E+04
5.00000E-02	2.52809E+00	5.68194E+04
5.00000E-02	2.80899E+00	5.86672E+04
5.00000E-02	3.08989E+00	6.01075E+04
5.00000E-02	3.37079E+00	6.07610E+04
5.00000E-02	3.65169E+00	6.17909E+04
5.00000E-02	3.93258E+00	6.27822E+04
5.00000E-02	4.21348E+00	6.39744E+04
5.00000E-02	4.49438E+00	6.56574E+04
5.00000E-02	4.77528E+00	6.77663E+04
5.00000E-02	5.05618E+00	7.03054E+04
5.00000E-02	5.33708E+00	7.32658E+04
5.00000E-02	5.61798E+00	7.66295E+04
5.00000E-02	5.89888E+00	8.04582E+04
5.00000E-02	6.17978E+00	8.50235E+04
5.00000E-02	6.46067E+00	9.04778E+04
5.00000E-02	6.74157E+00	9.70778E+04
5.00000E-02	7.02247E+00	1.04371E+05
5.00000E-02	7.30337E+00	1.11142E+05
5.00000E-02	7.58427E+00	1.15851E+05
5.00000E-02	7.86517E+00	1.19029E+05
5.00000E-02	8.14607E+00	1.21585E+05
5.00000E-02	8.42697E+00	1.23848E+05
5.00000E-02	8.70787E+00	1.26285E+05
5.00000E-02	8.98876E+00	1.28985E+05
5.00000E-02	9.26966E+00	1.32237E+05
5.00000E-02	9.55056E+00	1.35926E+05
5.00000E-02	9.83146E+00	1.40589E+05
5.00000E-02	1.01124E+01	1.45780E+05
5.00000E-02	1.03933E+01	1.52095E+05
5.00000E-02	1.06742E+01	1.59189E+05
5.00000E-02	1.09551E+01	1.67377E+05
5.00000E-02	1.12360E+01	1.76598E+05
5.00000E-02	1.15169E+01	1.86585E+05
5.00000E-02	1.17978E+01	1.98020E+05
5.00000E-02	1.20787E+01	2.10122E+05
5.00000E-02	1.23596E+01	2.23801E+05
5.00000E-02	1.26404E+01	2.38244E+05
5.00000E-02	1.29213E+01	2.54394E+05
5.00000E-02	1.32022E+01	2.71192E+05
5.00000E-02	1.34831E+01	2.89470E+05
5.00000E-02	1.37640E+01	3.08777E+05
5.00000E-02	1.40449E+01	3.29549E+05
5.00000E-02	1.43258E+01	3.51366E+05
5.00000E-02	1.46067E+01	3.74235E+05
5.00000E-02	1.48876E+01	3.98415E+05
5.00000E-02	1.51685E+01	4.23009E+05
5.00000E-02	1.54494E+01	4.49033E+05
5.00000E-02	1.57303E+01	4.75541E+05
5.00000E-02	1.60112E+01	5.02982E+05
5.00000E-02	1.62921E+01	5.30962E+05
5.00000E-02	1.65730E+01	5.59436E+05
5.00000E-02	1.68539E+01	5.88239E+05
5.00000E-02	1.71348E+01	6.17268E+05
5.00000E-02	1.74157E+01	6.46482E+05
5.00000E-02	1.76966E+01	6.75226E+05
5.00000E-02	1.79775E+01	7.03555E+05
5.00000E-02	1.82584E+01	7.31069E+05
5.00000E-02	1.85393E+01	7.57738E+05
5.00000E-02	1.88202E+01	7.83724E+05
5.00000E-02	1.91011E+01	8.08443E+05
5.00000E-02	1.93820E+01	8.31453E+05
5.00000E-02	1.96629E+01	8.53934E+05
5.00000E-02	1.99438E+01	8.74611E+05
5.00000E-02	2.02247E+01	8.93321E+05
5.00000E-02	2.05056E+01	9.11133E+05
5.00000E-02	2.07865E+01	9.28631E+05
5.00000E-02	2.10674E+01	9.43715E+05
5.00000E-02	2.13483E+01	9.56819E+05
5.00000E-02	2.16292E+01	9.69313E+05
5.00000E-02	2.19101E+01	9.80976E+05
5.00000E-02	2.21910E+01	9.90339E+05
5.00000E-02	2.24719E+01	9.98394E+05
5.00000E-02	2.27528E+01	1.00607E+06
5.00000E-02	2.30337E+01	1.01245E+06
5.00000E-02	2.33146E+01	1.01716E+06
5.00000E-02	2.35955E+01	1.02112E+06
5.00000E-02	2.38764E+01	1.02475E+06
5.00000E-02	2.41573E+01	1.02694E+06
5.00000E-02	2.44382E+01	1.02818E+06
5.00000E-02	2.47191E+01	1.02904E+06
5.00000E-02	2.50000E+01	1.02950E+06
1.00000E-01	0.00000E+00	3.95761E+04
1.00000E-01	2.80899E-01	3.49139E+04
1.00000E-01	5.61798E-01	4.03326E+04
1.00000E-01	8.42697E-01	4.76688E+04
1.00000E-01	1.12360E+00	5.69385E+04
1.00000E-01	1.40449E+00	6.54594E+04
1.00000E-01	1.68539E+00	6.13823E+04
1.00000E-01	1.96629E+00	5.78819E+04
1.00000E-01	2.24719E+00	5.64701E+04
1.00000E-01	2.52809E+00	5.68220E+04
1.00000E-01	2.80899E+00	5.86700E+04
1.00000E-01	3.08989E+00	6.01079E+04
1.00000E-01	3.37079E+00	6.07623E+04
1.00000E-01	3.65169E+00	6.17912E+04
1.00000E-01	3.93258E+00	6.27829E+04
1.00000E-01	4.21348E+00	6.39759E+04
1.00000E-01	4.49438E+00	6.56585E+04
1.00000E-01	4.77528E+00	6.77674E+04
1.00000E-01	5.05618E+00	7.03064E+04
1.00000E-01	5.33708E+00	7.32667E+04
1.00000E-01	5.61798E+00	7.66307E+04
1.00000E-01	5.89888E+00	8.04596E+04
1.00000E-01	6.17978E+00	8.50253E+04
1.00000E-01	6.46067E+00	9.04803E+04
1.00000E-01	6.74157E+00	9.70787E+04
1.00000E-01	7.02247E+00	1.04372E+05
1.00000E-01	7.30337E+00	1.11141E+05
1.00000E-01	7.58427E+00	1.15850E+05
1.00000E-01	7.86517E+00	1.19029E+05
1.00000E-01	8.14607E+00	1.21584E+05
1.00000E-01	8.42697E+00	1.23848E+05
1.00000E-01	8.70787E+00	1.26285E+05
1.00000E-01	8.98876E+00	1.28986E+05
1.00000E-01	9.26966E+00	1.32237E+05
1.00000E-01	9.55056E+00	1.35929E+05
1.00000E-01	9.83146E+00	1.40590E+05
1.00000E-01	1.01124E+01	1.45783E+05
1.00000E-01	1.03933E+01	1.52097E+05
1.00000E-01	1.06742E+01	1.59193E+05
1.00000E-01	1.09551E+01	1.67379E+05
1.00000E-01	1.12360E+01	1.76598E+05
1.00000E-01	1.15169E+01	1.86588E+05
1.00000E-01	1.17978E+01	1.98021E+05
1.00000E-01	1.20787E+01	2.10125E+05
1.00000E-01	1.23596E+01	2.23802E+05
1.00000E-01	1.26404E+01	2.38251E+05
1.00000E-01	1.29213E+01	2.54398E+05
1.00000E-01	1.32022E+01	2.71196E+05
1.00000E-01	1.34831E+01	2.89474E+05
1.00000E-01	1.37640E+01	3.08782E+05
1.00000E-01	1.40449E+01	3.29551E+05
1.00000E-01	1.43258E+01	3.51367E+05
1.00000E-01	1.46067E+01	3.74231E+05
1.00000E-01	1.48876E+01	3.98416E+05
1.00000E-01	1.51685E+01	4.23013E+05
1.00000E-01	1.54494E+01	4.49035E+05
1.00000E-01	1.57303E+01	4.75546E+05
1.00000E-01	1.60112E+01	5.02985E+05
1.00000E-01	1.62921E+01	5.30965E+05
1.00000E-01	1.65730E+01	5.59439E+05
1.00000E-01	1.68539E+01	5.88240E+05
1.00000E-01	1.71348E+01	6.17254E+05
1.00000E-01	1.74157E+01	6.46483E+05
1.00000E-01	1.76966E+01	6.75228E+05
1.00000E-01	1.79775E+01	7.03555E+05
1.00000E-01	1.82584E+01	7.31055E+05
1.00000E-01	1.85393E+01	7.57739E+05
1.00000E-01	1.88202E+01	7.83723E+05
1.00000E-01	1.91011E+01	8.08442E+05
1.00000E-01	1.93820E+01	8.31477E+05
1.00000E-01	1.96629E+01	8.53930E+05
1.00000E-01	1.99438E+01	8.74608E+05
1.00000E-01	2.02247E+01	8.93321E+05
1.00000E-01	2.05056E+01	9.11134E+05
1.00000E-01	2.07865E+01	9.28615E+05
1.00000E-01	2.10674E+01	9.43728E+05
1.00000E-01	2.13483E+01	9.56815E+05
1.00000E-01	2.16292E+01	9.69314E+05
1.00000E-01	2.19101E+01	9.80990E+05
1.00000E-01	2.21910E+01	9.90328E+05
1.00000E-01	2.24719E+01	9.98392E+05
1.00000E-01	2.27528E+01	1.00607E+06
1.00000E-01	2.30337E+01	1.01245E+06
1.00000E-01	2.33146E+01	1.01716E+06
1.00000E-01	2.35955E+01	1.02113E+06
1.00000E-01	2.38764E+01	1.02475E+06
1.00000E-01	2.41573E+01	1.02694E+06
1.00000E-01	2.44382E+01	1.02818E+06
1.00000E-01	2.47191E+01	1.02903E+06
1.00000E-01	2.50000E+01	1.02950E+06
2.00000E-01	0.00000E+00	3.55482E+04
2.00000E-01	2.80899E-01	3.49847E+04
2.00000E-01	5.61798E-01	4.03960E+04
2.00000E-01	8.42697E-01	4.77202E+04
2.00000E-01	1.12360E+00	5.69890E+04
2.00000E-01	1.40449E+00	6.53795E+04
2.00000E-01	1.68539E+00	6.13826E+04
2.00000E-01	1.96629E+00	5.78883E+04
2.00000E-01	2.24719E+00	5.64791E+04
2.00000E-01	2.52809E+00	5.68322E+04
2.00000E-01	2.80899E+00	5.86806E+04
2.00000E-01	3.08989E+00	6.01092E+04
2.00000E-01	3.37079E+00	6.07669E+04
2.00000E-01	3.65169E+00	6.17923E+04
2.00000E-01	3.93258E+00	6.27862E+04
2.00000E-01	4.21348E+00	6.39815E+04
2.00000E-01	4.49438E+00	6.56633E+04
2.00000E-01	4.77528E+00	6.77723E+04
2.00000E-01	5.05618E+00	7.03109E+04
2.00000E-01	5.33708E+00	7.32706E+04
2.00000E-01	5.61798E+00	7.66355E+04
2.00000E-01	5.89888E+00	8.04657E+04
2.00000E-01	6.17978E+00	8.50321E+04
2.00000E-01	6.46067E+00	9.04899E+04
2.00000E-01	6.74157E+00	9.70844E+04
2.00000E-01	7.02247E+00	1.04377E+05
2.00000E-01	7.30337E+00	1.11136E+05
2.00000E-01	7.58427E+00	1.15847E+05
2.00000E-01	7.86517E+00	1.19030E+05
2.00000E-01	8.14607E+00	1.21582E+05
2.00000E-01	8.42697E+00	1.23847E+05
2.00000E-01	8.70787E+00	1.26285E+05
2.00000E-01	8.98876E+00	1.28988E+05
2.00000E-01	9.26966E+00	1.32238E+05
2.00000E-01	9.55056E+00	1.35939E+05
2.00000E-01	9.83146E+00	1.40594E+05
2.00000E-01	1.01124E+01	1.45795E+05
2.00000E-01	1.03933E+01	1.52104E+05
2.00000E-01	1.06742E+01	1.59207E+05
2.00000E-01	1.09551E+01	1.67387E+05
2.00000E-01	1.12360E+01	1.76601E+05
2.00000E-01	1.15169E+01	1.86600E+05
2.00000E-01	1.17978E+01	1.98023E+05
2.00000E-01	1.20787E+01	2.10138E+05
2.00000E-01	1.23596E+01	2.23807E+05
2.00000E-01	1.26404E+01	2.38276E+05
2.00000E-01	1.29213E+01	2.54411E+05
2.00000E-01	1.32022E+01	2.71213E+05
2.00000E-01	1.34831E+01	2.89485E+05
2.00000E-01	1.37640E+01	3.08800E+05
2.00000E-01	1.40449E+01	3.29557E+05
2.00000E-01	1.43258E+01	3.51374E+05
2.00000E-01	1.46067E+01	3.74244E+05
2.00000E-01	1.48876E+01	3.98420E+05
2.00000E-01	1.51685E+01	4.23029E+05
2.00000E-01	1.54494E+01	4.49044E+05
2.00000E-01	1.57303E+01	4.75563E+05
2.00000E-01	1.60112E+01	5.02996E+05
2.00000E-01	1.62921E+01	5.30975E+05
2.00000E-01	1.65730E+01	5.59447E+05
2.00000E-01	1.68539E+01	5.88247E+05
2.00000E-01	1.71348E+01	6.17261E+05
2.00000E-01	1.74157E+01	6.46487E+05
2.00000E-01	1.76966E+01	6.75233E+05
2.00000E-01	1.79775E+01	7.03556E+05
2.00000E-01	1.82584E+01	7.31058E+05
2.00000E-01	1.85393E+01	7.57741E+05
2.00000E-01	1.88202E+01	7.83720E+05
2.00000E-01	1.91011E+01	8.08439E+05
2.00000E-01	1.93820E+01	8.31480E+05
2.00000E-01	1.96629E+01	8.53924E+05
2.00000E-01	1.99438E+01	8.74607E+05
2.00000E-01	2.02247E+01	8.93321E+05
2.00000E-01	2.05056E+01	9.11137E+05
2.00000E-01	2.07865E+01	9.28604E+05
2.00000E-01	2.10674E+01	9.43723E+05
2.00000E-01	2.13483E+01	9.56815E+05
2.00000E-01	2.16292E+01	9.69312E+05
2.00000E-01	2.19101E+01	9.80978E+05
2.00000E-01	2.21910E+01	9.90324E+05
2.00000E-01	2.24719E+01	9.98392E+05
2.00000E-01	2.27528E+01	1.00607E+06
2.00000E-01	2.30337E+01	1.01245E+06
2.00000E-01	2.33146E+01	1.01716E+06
2.00000E-01	2.35955E+01	1.02113E+06
2.00000E-01	2.38764E+01	1.02475E+06
2.00000E-01	2.41573E+01	1.02694E+06
2.00000E-01	2.44382E+01	1.02818E+06
2.00000E-01	2.47191E+01	1.02903E+06
2.00000E-01	2.50000E+01	1.02950E+06
2.50000E-01	0.00000E+00	3.47575E+04
2.50000E-01	2.80899E-01	3.50120E+04
2.50000E-01	5.61798E-01	4.04395E+04
2.50000E-01	8.42697E-01	4.77584E+04
2.50000E-01	1.12360E+00	5.70257E+04
2.50000E-01	1.40449E+00	6.53162E+04
2.50000E-01	1.68539E+00	6.13822E+04
2.50000E-01	1.96629E+00	5.78932E+04
2.50000E-01	2.24719E+00	5.64858E+04
2.50000E-01	2.52809E+00	5.68398E+04
2.50000E-01	2.80899E+00	5.86874E+04
2.50000E-01	3.08989E+00	6.01100E+04
2.50000E-01	3.37079E+00	6.07700E+04
2.50000E-01	3.65169E+00	6.17932E+04
2.50000E-01	3.93258E+00	6.27887E+04
2.50000E-01	4.21348E+00	6.39854E+04
2.50000E-01	4.49438E+00	6.56668E+04
2.50000E-01	4.77528E+00	6.77760E+04
2.50000E-01	5.05618E+00	7.03144E+04
2.50000E-01	5.33708E+00	7.32736E+04
2.50000E-01	5.61798E+00	7.66390E+04
2.50000E-01	5.89888E+00	8.04703E+04
2.50000E-01	6.17978E+00	8.50373E+04
2.50000E-01	6.46067E+00	9.04970E+04
2.50000E-01	6.74157E+00	9.70895E+04
2.50000E-01	7.02247E+00	1.04380E+05
2.50000E-01	7.30337E+00	1.11132E+05
2.50000E-01	7.58427E+00	1.15844E+05
2.50000E-01	7.86517E+00	1.19030E+05
2.50000E-01	8.14607E+00	1.21581E+05
2.50000E-01	8.42697E+00	1.23847E+05
2.50000E-01	8.70787E+00	1.26285E+05
2.50000E-01	8.98876E+00	1.28991E+05
2.50000E-01	9.26966E+00	1.32238E+05
2.50000E-01	9.55056E+00	1.35946E+05
2.50000E-01	9.83146E+00	1.40597E+05
2.50000E-01	1.01124E+01	1.45803E+05
2.50000E-01	1.03933E+01	1.52109E+05
2.50000E-01	1.06742E+01	1.59216E+05
2.50000E-01	1.09551E+01	1.67393E+05
2.50000E-01	1.12360E+01	1.76603E+05
2.50000E-01	1.15169E+01	1.86610E+05
2.50000E-01	1.17978E+01	1.98024E+05
2.50000E-01	1.20787E+01	2.10148E+05
2.50000E-01	1.23596E+01	2.23811E+05
2.50000E-01	1.26404E+01	2.38293E+05
2.50000E-01	1.29213E+01	2.54419E+05
2.50000E-01	1.32022E+01	2.71226E+05
2.50000E-01	1.34831E+01	2.89494E+05
2.50000E-01	1.37640E+01	3.08813E+05
2.50000E-01	1.40449E+01	3.29562E+05
2.50000E-01	1.43258E+01	3.51380E+05
2.50000E-01	1.46067E+01	3.74254E+05
2.50000E-01	1.48876E+01	3.98424E+05
2.50000E-01	1.51685E+01	4.23042E+05
2.50000E-01	1.54494E+01	4.49050E+05
2.50000E-01	1.57303E+01	4.75576E+05
2.50000E-01	1.60112E+01	5.03004E+05
2.50000E-01	1.62921E+01	5.30983E+05
2.50000E-01	1.65730E+01	5.59454E+05
2.50000E-01	1.68539E+01	5.88252E+05
2.50000E-01	1.71348E+01	6.17267E+05
2.50000E-01	1.74157E+01	6.46490E+05
2.50000E-01	1.76966E+01	6.75237E+05
2.50000E-01	1.79775E+01	7.03557E+05
2.50000E-01	1.82584E+01	7.31061E+05
2.50000E-01	1.85393E+01	7.57742E+05
2.50000E-01	1.88202E+01	7.83718E+05
2.50000E-01	1.91011E+01	8.08436E+05
2.50000E-01	1.93820E+01	8.31482E+05
2.50000E-01	1.96629E+01	8.53919E+05
2.50000E-01	1.99438E+01	8.74605E+05
2.50000E-01	2.02247E+01	8.93322E+05
2.50000E-01	2.05056E+01	9.11139E+05
2.50000E-01	2.07865E+01	9.28596E+05
2.50000E-01	2.10674E+01	9.43719E+05
2.50000E-01	2.13483E+01	9.56815E+05
2.50000E-01	2.16292E+01	9.69312E+05
2.50000E-01	2.19101E+01	9.80969E+05
2.50000E-01	2.21910E+01	9.90321E+05
2.50000E-01	2.24719E+01	9.98392E+05
2.50000E-01	2.27528E+01	1.00607E+06
2.50000E-01	2.30337E+01	1.01244E+06
2.50000E-01	2.33146E+01	1.01716E+06
2.50000E-01	2.35955E+01	1.02113E+06
2.50000E-01	2.38764E+01	1.02474E+06
2.50000E-01	2.41573E+01	1.02693E+06
2.50000E-01	2.44382E+01	1.02818E+06
2.50000E-01	2.47191E+01	1.02903E+06
2.50000E-01	2.50000E+01	1.02949E+06
3.00000E-01	0.00000E+00	3.43009E+04
3.00000E-01	2.80899E-01	3.50320E+04
3.00000E-01	5.61798E-01	4.04894E+04
3.00000E-01	8.42697E-01	4.78047E+04
3.00000E-01	1.12360E+00	5.70695E+04
3.00000E-01	1.40449E+00	6.52390E+04
3.00000E-01	1.68539E+00	6.13810E+04
3.00000E-01	1.96629E+00	5.78991E+04
3.00000E-01	2.24719E+00	5.64940E+04
3.00000E-01	2.52809E+00	5.68490E+04
3.00000E-01	2.80899E+00	5.86945E+04
3.00000E-01	3.08989E+00	6.01107E+04
3.00000E-01	3.37079E+00	6.07737E+04
3.00000E-01	3.65169E+00	6.17945E+04
3.00000E-01	3.93258E+00	6.27916E+04
3.00000E-01	4.21348E+00	6.39900E+04
3.00000E-01	4.49438E+00	6.56711E+04
3.00000E-01	4.77528E+00	6.77804E+04
3.00000E-01	5.05618E+00	7.03188E+04
3.00000E-01	5.33708E+00	7.32775E+04
3.00000E-01	5.61798E+00	7.66434E+04
3.00000E-01	5.89888E+00	8.04760E+04
3.00000E-01	6.17978E+00	8.50436E+04
3.00000E-01	6.46067E+00	9.05057E+04
3.00000E-01	6.74157E+00	9.70962E+04
3.00000E-01	7.02247E+00	1.04384E+05
3.00000E-01	7.30337E+00	1.11126E+05
3.00000E-01	7.58427E+00	1.15841E+05
3.00000E-01	7.86517E+00	1.19030E+05
3.00000E-01	8.14607E+00	1.21580E+05
3.00000E-01	8.42697E+00	1.23847E+05
3.00000E-01	8.70787E+00	1.26285E+05
3.00000E-01	8.98876E+00	1.28994E+05
3.00000E-01	9.26966E+00	1.32240E+05
3.00000E-01	9.55056E+00	1.35955E+05
3.00000E-01	9.83146E+00	1.40602E+05
3.00000E-01	1.01124E+01	1.45813E+05
3.00000E-01	1.03933E+01	1.52115E+05
3.00000E-01	1.06742E+01	1.59227E+05
3.00000E-01	1.09551E+01	1.67400E+05
3.00000E-01	1.12360E+01	1.76607E+05
3.00000E-01	1.15169E+01	1.86621E+05
3.00000E-01	1.17978E+01	1.98026E+05
3.00000E-01	1.20787E+01	2.10161E+05
3.00000E-01	1.23596E+01	2.23817E+05
3.00000E-01	1.26404E+01	2.38312E+05
3.00000E-01	1.29213E+01	2.54429E+05
3.00000E-01	1.32022E+01	2.71241E+05
3.00000E-01	1.34831E+01	2.89503E+05
3.00000E-01	1.37640E+01	3.08827E+05
3.00000E-01	1.40449E+01	3.29569E+05
3.00000E-01	1.43258E+01	3.51388E+05
3.00000E-01	1.46067E+01	3.74266E+05
3.00000E-01	1.48876E+01	3.98428E+05
3.00000E-01	1.51685E+01	4.23057E+05
3.00000E-01	1.54494E+01	4.49058E+05
3.00000E-01	1.57303E+01	4.75590E+05
3.00000E-01	1.60112E+01	5.03014E+05
3.00000E-01	1.62921E+01	5.30992E+05
3.00000E-01	1.65730E+01	5.59463E+05
3.00000E-01	1.68539E+01	5.88259E+05
3.00000E-01	1.71348E+01	6.17274E+05
3.00000E-01	1.74157E+01	6.46494E+05
3.00000E-01	1.76966E+01	6.75243E+05
3.00000E-01	1.79775E+01	7.03558E+05
3.00000E-01	1.82584E+01	7.31063E+05
3.00000E-01	1.85393E+01	7.57744E+05
3.00000E-01	1.88202E+01	7.83716E+05
3.00000E-01	1.91011E+01	8.08433E+05
3.00000E-01	1.93820E+01	8.31484E+05
3.00000E-01	1.96629E+01	8.53914E+05
3.00000E-01	1.99438E+01	8.74602E+05
3.00000E-01	2.02247E+01	8.93322E+05
3.00000E-01	2.05056E+01	9.11142E+05
3.00000E-01	2.07865E+01	9.28587E+05
3.00000E-01	2.10674E+01	9.43713E+05
3.00000E-01	2.13483E+01	9.56816E+05
3.00000E-01	2.16292E+01	9.69311E+05
3.00000E-01	2.19101E+01	9.80958E+05
3.00000E-01	2.21910E+01	9.90317E+05
3.00000E-01	2.24719E+01	9.98393E+05
3.00000E-01	2.27528E+01	1.00607E+06
3.00000E-01	2.30337E+01	1.01244E+06
3.00000E-01	2.33146E+01	1.01716E+06
3.00000E-01	2.35955E+01	1.02113E+06
3.00000E-01	2.38764E+01	1.02474E+06
3.00000E-01	2.41573E+01	1.02693E+06
3.00000E-01	2.44382E+01	1.02818E+06
3.00000E-01	2.47191E+01	1.02903E+06
3.00000E-01	2.50000E+01	1.02949E+06
4.00000E-01	0.00000E+00	3.39121E+04
4.00000E-01	2.80899E-01	3.51055E+04
4.00000E-01	5.61798E-01	4.06031E+04
4.00000E-01	8.42697E-01	4.79195E+04
4.00000E-01	1.12360E+00	5.71754E+04
4.00000E-01	1.40449E+00	6.50511E+04
4.00000E-01	1.68539E+00	6.13761E+04
4.00000E-01	1.96629E+00	5.79142E+04
4.00000E-01	2.24719E+00	5.65144E+04
4.00000E-01	2.52809E+00	5.68720E+04
4.00000E-01	2.80899E+00	5.87080E+04
4.00000E-01	3.08989E+00	6.01115E+04
4.00000E-01	3.37079E+00	6.07827E+04
4.00000E-01	3.65169E+00	6.17980E+04
4.00000E-01	3.93258E+00	6.27986E+04
4.00000E-01	4.21348E+00	6.40008E+04
4.00000E-01	4.49438E+00	6.56816E+04
4.00000E-01	4.77528E+00	6.77915E+04
4.00000E-01	5.05618E+00	7.03299E+04
4.00000E-01	5.33708E+00	7.32878E+04
4.00000E-01	5.61798E+00	7.66545E+04
4.00000E-01	5.89888E+00	8.04908E+04
4.00000E-01	6.17978E+00	8.50601E+04
4.00000E-01	6.46067E+00	9.05279E+04
4.00000E-01	6.74157E+00	9.71139E+04
4.00000E-01	7.02247E+00	1.04393E+05
4.00000E-01	7.30337E+00	1.11111E+05
4.00000E-01	7.58427E+00	1.15831E+05
4.00000E-01	7.86517E+00	1.19030E+05
4.00000E-01	8.14607E+00	1.21578E+05
4.00000E-01	8.42697E+00	1.23849E+05
4.00000E-01	8.70787E+00	1.26287E+05
4.00000E-01	8.98876E+00	1.29002E+05
4.00000E-01	9.26966E+00	1.32244E+05
4.00000E-01	9.55056E+00	1.35975E+05
4.00000E-01	9.83146E+00	1.40613E+05
4.00000E-01	1.01124E+01	1.45835E+05
4.00000E-01	1.03933E+01	1.52129E+05
4.00000E-01	1.06742E+01	1.59252E+05
4.00000E-01	1.09551E+01	1.67419E+05
4.00000E-01	1.12360E+01	1.76619E+05
4.00000E-01	1.15169E+01	1.86650E+05
4.00000E-01	1.17978E+01	1.98034E+05
4.00000E-01	1.20787E+01	2.10192E+05
4.00000E-01	1.23596E+01	2.23833E+05
4.00000E-01	1.26404E+01	2.38354E+05
4.00000E-01	1.29213E+01	2.54451E+05
4.00000E-01	1.32022E+01	2.71277E+05
4.00000E-01	1.34831E+01	2.89527E+05
4.00000E-01	1.37640E+01	3.08862E+05
4.00000E-01	1.40449E+01	3.29590E+05
4.00000E-01	1.43258E+01	3.51409E+05
4.00000E-01	1.46067E+01	3.74298E+05
4.00000E-01	1.48876E+01	3.98440E+05
4.00000E-01	1.51685E+01	4.23095E+05
4.00000E-01	1.54494E+01	4.49077E+05
4.00000E-01	1.57303E+01	4.75625E+05
4.00000E-01	1.60112E+01	5.03037E+05
4.00000E-01	1.62921E+01	5.31014E+05
4.00000E-01	1.65730E+01	5.59484E+05
4.00000E-01	1.68539E+01	5.88276E+05
4.00000E-01	1.71348E+01	6.17293E+05
4.00000E-01	1.74157E+01	6.46504E+05
4.00000E-01	1.76966E+01	6.75255E+05
4.00000E-01	1.79775E+01	7.03562E+05
4.00000E-01	1.82584E+01	7.31070E+05
4.00000E-01	1.85393E+01	7.57749E+05
4.00000E-01	1.88202E+01	7.83713E+05
4.00000E-01	1.91011E+01	8.08425E+05
4.00000E-01	1.93820E+01	8.31491E+05
4.00000E-01	1.96629E+01	8.53903E+05
4.00000E-01	1.99438E+01	8.74595E+05
4.00000E-01	2.02247E+01	8.93321E+05
4.00000E-01	2.05056E+01	9.11149E+05
4.00000E-01	2.07865E+01	9.28564E+05
4.00000E-01	2.10674E+01	9.43699E+05
4.00000E-01	2.13483E+01	9.56816E+05
4.00000E-01	2.16292E+01	9.69309E+05
4.00000E-01	2.19101E+01	9.80932E+05
4.00000E-01	2.21910E+01	9.90308E+05
4.00000E-01	2.24719E+01	9.98394E+05
4.00000E-01	2.27528E+01	1.00606E+06
4.00000E-01	2.30337E+01	1.01243E+06
4.00000E-01	2.33146E+01	1.01715E+06
4.00000E-01	2.35955E+01	1.02114E+06
4.00000E-01	2.38764E+01	1.02472E+06
4.00000E-01	2.41573E+01	1.02692E+06
4.00000E-01	2.44382E+01	1.02818E+06
4.00000E-01	2.47191E+01	1.02903E+06
4.00000E-01	2.50000E+01	1.02948E+06
5.00000E-01	0.00000E+00	3.38639E+04
5.00000E-01	2.80899E-01	3.53183E+04
5.00000E-01	5.61798E-01	4.07292E+04
5.00000E-01	8.42697E-01	4.80604E+04
5.00000E-01	1.12360E+00	5.72980E+04
5.00000E-01	1.40449E+00	6.48317E+04
5.00000E-01	1.68539E+00	6.13666E+04
5.00000E-01	1.96629E+00	5.79330E+04
5.00000E-01	2.24719E+00	5.65400E+04
5.00000E-01	2.52809E+00	5.69012E+04
5.00000E-01	2.80899E+00	5.87195E+04
5.00000E-01	3.08989E+00	6.01110E+04
5.00000E-01	3.37079E+00	6.07937E+04
5.00000E-01	3.65169E+00	6.18026E+04
5.00000E-01	3.93258E+00	6.28069E+04
5.00000E-01	4.21348E+00	6.40140E+04
5.00000E-01	4.49438E+00	6.56946E+04
5.00000E-01	4.77528E+00	6.78052E+04
5.00000E-01	5.05618E+00	7.03439E+04
5.00000E-01	5.33708E+00	7.33012E+04
5.00000E-01	5.61798E+00	7.66691E+04
5.00000E-01	5.89888E+00	8.05101E+04
5.00000E-01	6.17978E+00	8.50818E+04
5.00000E-01	6.46067E+00	9.05563E+04
5.00000E-01	6.74157E+00	9.71370E+04
5.00000E-01	7.02247E+00	1.04402E+05
5.00000E-01	7.30337E+00	1.11092E+05
5.00000E-01	7.58427E+00	1.15819E+05
5.00000E-01	7.86517E+00	1.19028E+05
5.00000E-01	8.14607E+00	1.21577E+05
5.00000E-01	8.42697E+00	1.23853E+05
5.00000E-01	8.70787E+00	1.26291E+05
5.00000E-01	8.98876E+00	1.29014E+05
5.00000E-01	9.26966E+00	1.32251E+05
5.00000E-01	9.55056E+00	1.35998E+05
5.00000E-01	9.83146E+00	1.40628E+05
5.00000E-01	1.01124E+01	1.45862E+05
5.00000E-01	1.03933E+01	1.52148E+05
5.00000E-01	1.06742E+01	1.59282E+05
5.00000E-01	1.09551E+01	1.67443E+05
5.00000E-01	1.12360E+01	1.76637E+05
5.00000E-01	1.15169E+01	1.86686E+05
5.00000E-01	1.17978E+01	1.98048E+05
5.00000E-01	1.20787E+01	2.10231E+05
5.00000E-01	1.23596E+01	2.23856E+05
5.00000E-01	1.26404E+01	2.38403E+05
5.00000E-01	1.29213E+01	2.54478E+05
5.00000E-01	1.32022E+01	2.71320E+05
5.00000E-01	1.34831E+01	2.89557E+05
5.00000E-01	1.37640E+01	3.08904E+05
5.00000E-01	1.40449E+01	3.29620E+05
5.00000E-01	1.43258E+01	3.51440E+05
5.00000E-01	1.46067E+01	3.74337E+05
5.00000E-01	1.48876E+01	3.98458E+05
5.00000E-01	1.51685E+01	4.23142E+05
5.00000E-01	1.54494E+01	4.49102E+05
5.00000E-01	1.57303E+01	4.75666E+05
5.00000E-01	1.60112E+01	5.03067E+05
5.00000E-01	1.62921E+01	5.31042E+05
5.00000E-01	1.65730E+01	5.59511E+05
5.00000E-01	1.68539E+01	5.88299E+05
5.00000E-01	1.71348E+01	6.17318E+05
5.00000E-01	1.74157E+01	6.46516E+05
5.00000E-01	1.76966E+01	6.75271E+05
5.00000E-01	1.79775E+01	7.03568E+05
5.00000E-01	1.82584E+01	7.31078E+05
5.00000E-01	1.85393E+01	7.57756E+05
5.00000E-01	1.88202E+01	7.83710E+05
5.00000E-01	1.91011E+01	8.08416E+05
5.00000E-01	1.93820E+01	8.31499E+05
5.00000E-01	1.96629E+01	8.53890E+05
5.00000E-01	1.99438E+01	8.74583E+05
5.00000E-01	2.02247E+01	8.93320E+05
5.00000E-01	2.05056E+01	9.11158E+05
5.00000E-01	2.07865E+01	9.28537E+05
5.00000E-01	2.10674E+01	9.43681E+05
5.00000E-01	2.13483E+01	9.56817E+05
5.00000E-01	2.16292E+01	9.69307E+05
5.00000E-01	2.19101E+01	9.80902E+05
5.00000E-01	2.21910E+01	9.90296E+05
5.00000E-01	2.24719E+01	9.98395E+05
5.00000E-01	2.27528E+01	1.00605E+06
5.00000E-01	2.30337E+01	1.01241E+06
5.00000E-01	2.33146E+01	1.01714E+06
5.00000E-01	2.35955E+01	1.02114E+06
5.00000E-01	2.38764E+01	1.02470E+06
5.00000E-01	2.41573E+01	1.02691E+06
5.00000E-01	2.44382E+01	1.02818E+06
5.00000E-01	2.47191E+01	1.02903E+06
5.00000E-01	2.50000E+01	1.02946E+06
6.00000E-01	0.00000E+00	3.39732E+04
6.00000E-01	2.80899E-01	3.56747E+04
6.00000E-01	5.61798E-01	4.08687E+04
6.00000E-01	8.42697E-01	4.82231E+04
6.00000E-01	1.12360E+00	5.74267E+04
6.00000E-01	1.40449E+00	6.45924E+04
6.00000E-01	1.68539E+00	6.13505E+04
6.00000E-01	1.96629E+00	5.79551E+04
6.00000E-01	2.24719E+00	5.65706E+04
6.00000E-01	2.52809E+00	5.69361E+04
6.00000E-01	2.80899E+00	5.87290E+04
6.00000E-01	3.08989E+00	6.01088E+04
6.00000E-01	3.37079E+00	6.08064E+04
6.00000E-01	3.65169E+00	6.18083E+04
6.00000E-01	3.93258E+00	6.28166E+04
6.00000E-01	4.21348E+00	6.40294E+04
6.00000E-01	4.49438E+00	6.57102E+04
6.00000E-01	4.77528E+00	6.78216E+04
6.00000E-01	5.05618E+00	7.03607E+04
6.00000E-01	5.33708E+00	7.33177E+04
6.00000E-01	5.61798E+00	7.66871E+04
6.00000E-01	5.89888E+00	8.05339E+04
6.00000E-01	6.17978E+00	8.51089E+04
6.00000E-01	6.46067E+00	9.05906E+04
6.00000E-01	6.74157E+00	9.71651E+04
6.00000E-01	7.02247E+00	1.04411E+05
6.00000E-01	7.30337E+00	1.11069E+05
6.00000E-01	7.58427E+00	1.15802E+05
6.00000E-01	7.86517E+00	1.19024E+05
6.00000E-01	8.14607E+00	1.21577E+05
6.00000E-01	8.42697E+00	1.23859E+05
6.00000E-01	8.70787E+00	1.26299E+05
6.00000E-01	8.98876E+00	1.29028E+05
6.00000E-01	9.26966E+00	1.32261E+05
6.00000E-01	9.55056E+00	1.36025E+05
6.00000E-01	9.83146E+00	1.40646E+05
6.00000E-01	1.01124E+01	1.45893E+05
6.00000E-01	1.03933E+01	1.52170E+05
6.00000E-01	1.06742E+01	1.59315E+05
6.00000E-01	1.09551E+01	1.67472E+05
6.00000E-01	1.12360E+01	1.76661E+05
6.00000E-01	1.15169E+01	1.86728E+05
6.00000E-01	1.17978E+01	1.98068E+05
6.00000E-01	1.20787E+01	2.10278E+05
6.00000E-01	1.23596E+01	2.23885E+05
6.00000E-01	1.26404E+01	2.38456E+05
6.00000E-01	1.29213E+01	2.54510E+05
6.00000E-01	1.32022E+01	2.71370E+05
6.00000E-01	1.34831E+01	2.89594E+05
6.00000E-01	1.37640E+01	3.08954E+05
6.00000E-01	1.40449E+01	3.29658E+05
6.00000E-01	1.43258E+01	3.51478E+05
6.00000E-01	1.46067E+01	3.74385E+05
6.00000E-01	1.48876E+01	3.98484E+05
6.00000E-01	1.51685E+01	4.23196E+05
6.00000E-01	1.54494E+01	4.49133E+05
6.00000E-01	1.57303E+01	4.75712E+05
6.00000E-01	1.60112E+01	5.03103E+05
6.00000E-01	1.62921E+01	5.31077E+05
6.00000E-01	1.65730E+01	5.59544E+05
6.00000E-01	1.68539E+01	5.88328E+05
6.00000E-01	1.71348E+01	6.17348E+05
6.00000E-01	1.74157E+01	6.46532E+05
6.00000E-01	1.76966E+01	6.75290E+05
6.00000E-01	1.79775E+01	7.03576E+05
6.00000E-01	1.82584E+01	7.31088E+05
6.00000E-01	1.85393E+01	7.57766E+05
6.00000E-01	1.88202E+01	7.83708E+05
6.00000E-01	1.91011E+01	8.08406E+05
6.00000E-01	1.93820E+01	8.31508E+05
6.00000E-01	1.96629E+01	8.53877E+05
6.00000E-01	1.99438E+01	8.74567E+05
6.00000E-01	2.02247E+01	8.93319E+05
6.00000E-01	2.05056E+01	9.11167E+05
6.00000E-01	2.07865E+01	9.28506E+05
6.00000E-01	2.10674E+01	9.43658E+05
6.00000E-01	2.13483E+01	9.56817E+05
6.00000E-01	2.16292E+01	9.69304E+05
6.00000E-01	2.19101E+01	9.80866E+05
6.00000E-01	2.21910E+01	9.90281E+05
6.00000E-01	2.24719E+01	9.98396E+05
6.00000E-01	2.27528E+01	1.00603E+06
6.00000E-01	2.30337E+01	1.01239E+06
6.00000E-01	2.33146E+01	1.01713E+06
6.00000E-01	2.35955E+01	1.02114E+06
6.00000E-01	2.38764E+01	1.02468E+06
6.00000E-01	2.41573E+01	1.02690E+06
6.00000E-01	2.44382E+01	1.02817E+06
6.00000E-01	2.47191E+01	1.02902E+06
6.00000E-01	2.50000E+01	1.02944E+06
7.00000E-01	0.00000E+00	3.41685E+04
7.00000E-01	2.80899E-01	3.60905E+04
7.00000E-01	5.61798E-01	4.10356E+04
7.00000E-01	8.42697E-01	4.84038E+04
7.00000E-01	1.12360E+00	5.75517E+04
7.00000E-01	1.40449E+00	6.43406E+04
7.00000E-01	1.68539E+00	6.13261E+04
7.00000E-01	1.96629E+00	5.79797E+04
7.00000E-01	2.24719E+00	5.66059E+04
7.00000E-01	2.52809E+00	5.69761E+04
7.00000E-01	2.80899E+00	5.87369E+04
7.00000E-01	3.08989E+00	6.01051E+04
7.00000E-01	3.37079E+00	6.08205E+04
7.00000E-01	3.65169E+00	6.18150E+04
7.00000E-01	3.93258E+00	6.28278E+04
7.00000E-01	4.21348E+00	6.40470E+04
7.00000E-01	4.49438E+00	6.57282E+04
7.00000E-01	4.77528E+00	6.78405E+04
7.00000E-01	5.05618E+00	7.03803E+04
7.00000E-01	5.33708E+00	7.33374E+04
7.00000E-01	5.61798E+00	7.67087E+04
7.00000E-01	5.89888E+00	8.05621E+04
7.00000E-01	6.17978E+00	8.51414E+04
7.00000E-01	6.46067E+00	9.06307E+04
7.00000E-01	6.74157E+00	9.71980E+04
7.00000E-01	7.02247E+00	1.04420E+05
7.00000E-01	7.30337E+00	1.11042E+05
7.00000E-01	7.58427E+00	1.15783E+05
7.00000E-01	7.86517E+00	1.19019E+05
7.00000E-01	8.14607E+00	1.21577E+05
7.00000E-01	8.42697E+00	1.23868E+05
7.00000E-01	8.70787E+00	1.26308E+05
7.00000E-01	8.98876E+00	1.29046E+05
7.00000E-01	9.26966E+00	1.32276E+05
7.00000E-01	9.55056E+00	1.36054E+05
7.00000E-01	9.83146E+00	1.40668E+05
7.00000E-01	1.01124E+01	1.45927E+05
7.00000E-01	1.03933E+01	1.52198E+05
7.00000E-01	1.06742E+01	1.59352E+05
7.00000E-01	1.09551E+01	1.67507E+05
7.00000E-01	1.12360E+01	1.76690E+05
7.00000E-01	1.15169E+01	1.86775E+05
7.00000E-01	1.17978E+01	1.98096E+05
7.00000E-01	1.20787E+01	2.10330E+05
7.00000E-01	1.23596E+01	2.23921E+05
7.00000E-01	1.26404E+01	2.38515E+05
7.00000E-01	1.29213E+01	2.54548E+05
7.00000E-01	1.32022E+01	2.71426E+05
7.00000E-01	1.34831E+01	2.89639E+05
7.00000E-01	1.37640E+01	3.09010E+05
7.00000E-01	1.40449E+01	3.29705E+05
7.00000E-01	1.43258E+01	3.51526E+05
7.00000E-01	1.46067E+01	3.74441E+05
7.00000E-01	1.48876E+01	3.98519E+05
7.00000E-01	1.51685E+01	4.23257E+05
7.00000E-01	1.54494E+01	4.49172E+05
7.00000E-01	1.57303E+01	4.75764E+05
7.00000E-01	1.60112E+01	5.03145E+05
7.00000E-01	1.62921E+01	5.31117E+05
7.00000E-01	1.65730E+01	5.59582E+05
7.00000E-01	1.68539E+01	5.88362E+05
7.00000E-01	1.71348E+01	6.17383E+05
7.00000E-01	1.74157E+01	6.46552E+05
7.00000E-01	1.76966E+01	6.75311E+05
7.00000E-01	1.79775E+01	7.03586E+05
7.00000E-01	1.82584E+01	7.31099E+05
7.00000E-01	1.85393E+01	7.57776E+05
7.00000E-01	1.88202E+01	7.83707E+05
7.00000E-01	1.91011E+01	8.08395E+05
7.00000E-01	1.93820E+01	8.31517E+05
7.00000E-01	1.96629E+01	8.53861E+05
7.00000E-01	1.99438E+01	8.74547E+05
7.00000E-01	2.02247E+01	8.93318E+05
7.00000E-01	2.05056E+01	9.11177E+05
7.00000E-01	2.07865E+01	9.28473E+05
7.00000E-01	2.10674E+01	9.43631E+05
7.00000E-01	2.13483E+01	9.56817E+05
7.00000E-01	2.16292E+01	9.69299E+05
7.00000E-01	2.19101E+01	9.80828E+05
7.00000E-01	2.21910E+01	9.90264E+05
7.00000E-01	2.24719E+01	9.98396E+05
7.00000E-01	2.27528E+01	1.00601E+06
7.00000E-01	2.30337E+01	1.01236E+06
7.00000E-01	2.33146E+01	1.01712E+06
7.00000E-01	2.35955E+01	1.02113E+06
7.00000E-01	2.38764E+01	1.02465E+06
7.00000E-01	2.41573E+01	1.02689E+06
7.00000E-01	2.44382E+01	1.02817E+06
7.00000E-01	2.47191E+01	1.02902E+06
7.00000E-01	2.50000E+01	1.02942E+06
8.00000E-01	0.00000E+00	3.44204E+04
8.00000E-01	2.80899E-01	3.64900E+04
8.00000E-01	5.61798E-01	4.12503E+04
8.00000E-01	8.42697E-01	4.86000E+04
8.00000E-01	1.12360E+00	5.76651E+04
8.00000E-01	1.40449E+00	6.40807E+04
8.00000E-01	1.68539E+00	6.12916E+04
8.00000E-01	1.96629E+00	5.80063E+04
8.00000E-01	2.24719E+00	5.66456E+04
8.00000E-01	2.52809E+00	5.70208E+04
8.00000E-01	2.80899E+00	5.87440E+04
8.00000E-01	3.08989E+00	6.01001E+04
8.00000E-01	3.37079E+00	6.08357E+04
8.00000E-01	3.65169E+00	6.18229E+04
8.00000E-01	3.93258E+00	6.28404E+04
8.00000E-01	4.21348E+00	6.40669E+04
8.00000E-01	4.49438E+00	6.57486E+04
8.00000E-01	4.77528E+00	6.78621E+04
8.00000E-01	5.05618E+00	7.04026E+04
8.00000E-01	5.33708E+00	7.33601E+04
8.00000E-01	5.61798E+00	7.67337E+04
8.00000E-01	5.89888E+00	8.05946E+04
8.00000E-01	6.17978E+00	8.51793E+04
8.00000E-01	6.46067E+00	9.06763E+04
8.00000E-01	6.74157E+00	9.72353E+04
8.00000E-01	7.02247E+00	1.04429E+05
8.00000E-01	7.30337E+00	1.11013E+05
8.00000E-01	7.58427E+00	1.15760E+05
8.00000E-01	7.86517E+00	1.19013E+05
8.00000E-01	8.14607E+00	1.21578E+05
8.00000E-01	8.42697E+00	1.23878E+05
8.00000E-01	8.70787E+00	1.26321E+05
8.00000E-01	8.98876E+00	1.29066E+05
8.00000E-01	9.26966E+00	1.32294E+05
8.00000E-01	9.55056E+00	1.36086E+05
8.00000E-01	9.83146E+00	1.40693E+05
8.00000E-01	1.01124E+01	1.45965E+05
8.00000E-01	1.03933E+01	1.52230E+05
8.00000E-01	1.06742E+01	1.59393E+05
8.00000E-01	1.09551E+01	1.67548E+05
8.00000E-01	1.12360E+01	1.76726E+05
8.00000E-01	1.15169E+01	1.86827E+05
8.00000E-01	1.17978E+01	1.98132E+05
8.00000E-01	1.20787E+01	2.10388E+05
8.00000E-01	1.23596E+01	2.23964E+05
8.00000E-01	1.26404E+01	2.38579E+05
8.00000E-01	1.29213E+01	2.54592E+05
8.00000E-01	1.32022E+01	2.71488E+05
8.00000E-01	1.34831E+01	2.89692E+05
8.00000E-01	1.37640E+01	3.09074E+05
8.00000E-01	1.40449E+01	3.29761E+05
8.00000E-01	1.43258E+01	3.51581E+05
8.00000E-01	1.46067E+01	3.74503E+05
8.00000E-01	1.48876E+01	3.98562E+05
8.00000E-01	1.51685E+01	4.23325E+05
8.00000E-01	1.54494E+01	4.49219E+05
8.00000E-01	1.57303E+01	4.75822E+05
8.00000E-01	1.60112E+01	5.03194E+05
8.00000E-01	1.62921E+01	5.31164E+05
8.00000E-01	1.65730E+01	5.59626E+05
8.00000E-01	1.68539E+01	5.88402E+05
8.00000E-01	1.71348E+01	6.17423E+05
8.00000E-01	1.74157E+01	6.46576E+05
8.00000E-01	1.76966E+01	6.75335E+05
8.00000E-01	1.79775E+01	7.03599E+05
8.00000E-01	1.82584E+01	7.31111E+05
8.00000E-01	1.85393E+01	7.57789E+05
8.00000E-01	1.88202E+01	7.83705E+05
8.00000E-01	1.91011E+01	8.08384E+05
8.00000E-01	1.93820E+01	8.31526E+05
8.00000E-01	1.96629E+01	8.53845E+05
8.00000E-01	1.99438E+01	8.74525E+05
8.00000E-01	2.02247E+01	8.93316E+05
8.00000E-01	2.05056E+01	9.11186E+05
8.00000E-01	2.07865E+01	9.28436E+05
8.00000E-01	2.10674E+01	9.43600E+05
8.00000E-01	2.13483E+01	9.56815E+05
8.00000E-01	2.16292E+01	9.69292E+05
8.00000E-01	2.19101E+01	9.80786E+05
8.00000E-01	2.21910E+01	9.90244E+05
8.00000E-01	2.24719E+01	9.98395E+05
8.00000E-01	2.27528E+01	1.00599E+06
8.00000E-01	2.30337E+01	1.01233E+06
8.00000E-01	2.33146E+01	1.01711E+06
8.00000E-01	2.35955E+01	1.02113E+06
8.00000E-01	2.38764E+01	1.02462E+06
8.00000E-01	2.41573E+01	1.02687E+06
8.00000E-01	2.44382E+01	1.02816E+06
8.00000E-01	2.47191E+01	1.02901E+06
8.00000E-01	2.50000E+01	1.02940E+06
9.00000E-01	0.00000E+00	3.47155E+04
9.00000E-01	2.80899E-01	3.68478E+04
9.00000E-01	5.61798E-01	4.15286E+04
9.00000E-01	8.42697E-01	4.88121E+04
9.00000E-01	1.12360E+00	5.77616E+04
9.00000E-01	1.40449E+00	6.38155E+04
9.00000E-01	1.68539E+00	6.12460E+04
9.00000E-01	1.96629E+00	5.80339E+04
9.00000E-01	2.24719E+00	5.66895E+04
9.00000E-01	2.52809E+00	5.70692E+04
9.00000E-01	2.80899E+00	5.87508E+04
9.00000E-01	3.08989E+00	6.00944E+04
9.00000E-01	3.37079E+00	6.08515E+04
9.00000E-01	3.65169E+00	6.18319E+04
9.00000E-01	3.93258E+00	6.28546E+04
9.00000E-01	4.21348E+00	6.40889E+04
9.00000E-01	4.49438E+00	6.57715E+04
9.00000E-01	4.77528E+00	6.78862E+04
9.00000E-01	5.05618E+00	7.04276E+04
9.00000E-01	5.33708E+00	7.33858E+04
9.00000E-01	5.61798E+00	7.67623E+04
9.00000E-01	5.89888E+00	8.06313E+04
9.00000E-01	6.17978E+00	8.52225E+04
9.00000E-01	6.46067E+00	9.07273E+04
9.00000E-01	6.74157E+00	9.72767E+04
9.00000E-01	7.02247E+00	1.04438E+05
9.00000E-01	7.30337E+00	1.10981E+05
9.00000E-01	7.58427E+00	1.15734E+05
9.00000E-01	7.86517E+00	1.19006E+05
9.00000E-01	8.14607E+00	1.21578E+05
9.00000E-01	8.42697E+00	1.23889E+05
9.00000E-01	8.70787E+00	1.26336E+05
9.00000E-01	8.98876E+00	1.29088E+05
9.00000E-01	9.26966E+00	1.32317E+05
9.00000E-01	9.55056E+00	1.36121E+05
9.00000E-01	9.83146E+00	1.40722E+05
9.00000E-01	1.01124E+01	1.46007E+05
9.00000E-01	1.03933E+01	1.52268E+05
9.00000E-01	1.06742E+01	1.59439E+05
9.00000E-01	1.09551E+01	1.67593E+05
9.00000E-01	1.12360E+01	1.76769E+05
9.00000E-01	1.15169E+01	1.86884E+05
9.00000E-01	1.17978E+01	1.98176E+05
9.00000E-01	1.20787E+01	2.10451E+05
9.00000E-01	1.23596E+01	2.24016E+05
9.00000E-01	1.26404E+01	2.38648E+05
9.00000E-01	1.29213E+01	2.54643E+05
9.00000E-01	1.32022E+01	2.71556E+05
9.00000E-01	1.34831E+01	2.89753E+05
9.00000E-01	1.37640E+01	3.09144E+05
9.00000E-01	1.40449E+01	3.29825E+05
9.00000E-01	1.43258E+01	3.51645E+05
9.00000E-01	1.46067E+01	3.74572E+05
9.00000E-01	1.48876E+01	3.98614E+05
9.00000E-01	1.51685E+01	4.23398E+05
9.00000E-01	1.54494E+01	4.49274E+05
9.00000E-01	1.57303E+01	4.75885E+05
9.00000E-01	1.60112E+01	5.03250E+05
9.00000E-01	1.62921E+01	5.31217E+05
9.00000E-01	1.65730E+01	5.59675E+05
9.00000E-01	1.68539E+01	5.88448E+05
9.00000E-01	1.71348E+01	6.17467E+05
9.00000E-01	1.74157E+01	6.46604E+05
9.00000E-01	1.76966E+01	6.75361E+05
9.00000E-01	1.79775E+01	7.03615E+05
9.00000E-01	1.82584E+01	7.31125E+05
9.00000E-01	1.85393E+01	7.57803E+05
9.00000E-01	1.88202E+01	7.83704E+05
9.00000E-01	1.91011E+01	8.08372E+05
9.00000E-01	1.93820E+01	8.31535E+05
9.00000E-01	1.96629E+01	8.53827E+05
9.00000E-01	1.99438E+01	8.74500E+05
9.00000E-01	2.02247E+01	8.93314E+05
9.00000E-01	2.05056E+01	9.11193E+05
9.00000E-01	2.07865E+01	9.28398E+05
9.00000E-01	2.10674E+01	9.43566E+05
9.00000E-01	2.13483E+01	9.56812E+05
9.00000E-01	2.16292E+01	9.69283E+05
9.00000E-01	2.19101E+01	9.80742E+05
9.00000E-01	2.21910E+01	9.90221E+05
9.00000E-01	2.24719E+01	9.98392E+05
9.00000E-01	2.27528E+01	1.00597E+06
9.00000E-01	2.30337E+01	1.01230E+06
9.00000E-01	2.33146E+01	1.01710E+06
9.00000E-01	2.35955E+01	1.02112E+06
9.00000E-01	2.38764E+01	1.02459E+06
9.00000E-01	2.41573E+01	1.02685E+06
9.00000E-01	2.44382E+01	1.02815E+06
9.00000E-01	2.47191E+01	1.02900E+06
9.00000E-01	2.50000E+01	1.02937E+06
1.00000E+00	0.00000E+00	3.50472E+04
1.00000E+00	2.80899E-01	3.71774E+04
1.00000E+00	5.61798E-01	4.18752E+04
1.00000E+00	8.42697E-01	4.90426E+04
1.00000E+00	1.12360E+00	5.78382E+04
1.00000E+00	1.40449E+00	6.35470E+04
1.00000E+00	1.68539E+00	6.11887E+04
1.00000E+00	1.96629E+00	5.80617E+04
1.00000E+00	2.24719E+00	5.67371E+04
1.00000E+00	2.52809E+00	5.71207E+04
1.00000E+00	2.80899E+00	5.87578E+04
1.00000E+00	3.08989E+00	6.00884E+04
1.00000E+00	3.37079E+00	6.08678E+04
1.00000E+00	3.65169E+00	6.18421E+04
1.00000E+00	3.93258E+00	6.28702E+04
1.00000E+00	4.21348E+00	6.41131E+04
1.00000E+00	4.49438E+00	6.57969E+04
1.00000E+00	4.77528E+00	6.79130E+04
1.00000E+00	5.05618E+00	7.04554E+04
1.00000E+00	5.33708E+00	7.34146E+04
1.00000E+00	5.61798E+00	7.67944E+04
1.00000E+00	5.89888E+00	8.06722E+04
1.00000E+00	6.17978E+00	8.52710E+04
1.00000E+00	6.46067E+00	9.07833E+04
1.00000E+00	6.74157E+00	9.73218E+04
1.00000E+00	7.02247E+00	1.04447E+05
1.00000E+00	7.30337E+00	1.10948E+05
1.00000E+00	7.58427E+00	1.15706E+05
1.00000E+00	7.86517E+00	1.18997E+05
1.00000E+00	8.14607E+00	1.21579E+05
1.00000E+00	8.42697E+00	1.23902E+05
1.00000E+00	8.70787E+00	1.26353E+05
1.00000E+00	8.98876E+00	1.29112E+05
1.00000E+00	9.26966E+00	1.32343E+05
1.00000E+00	9.55056E+00	1.36158E+05
1.00000E+00	9.83146E+00	1.40755E+05
1.00000E+00	1.01124E+01	1.46052E+05
1.00000E+00	1.03933E+01	1.52311E+05
1.00000E+00	1.06742E+01	1.59488E+05
1.00000E+00	1.09551E+01	1.67644E+05
1.00000E+00	1.12360E+01	1.76817E+05
1.00000E+00	1.15169E+01	1.86946E+05
1.00000E+00	1.17978E+01	1.98228E+05
1.00000E+00	1.20787E+01	2.10520E+05
1.00000E+00	1.23596E+01	2.24075E+05
1.00000E+00	1.26404E+01	2.38723E+05
1.00000E+00	1.29213E+01	2.54702E+05
1.00000E+00	1.32022E+01	2.71631E+05
1.00000E+00	1.34831E+01	2.89823E+05
1.00000E+00	1.37640E+01	3.09221E+05
1.00000E+00	1.40449E+01	3.29896E+05
1.00000E+00	1.43258E+01	3.51717E+05
1.00000E+00	1.46067E+01	3.74649E+05
1.00000E+00	1.48876E+01	3.98675E+05
1.00000E+00	1.51685E+01	4.23477E+05
1.00000E+00	1.54494E+01	4.49337E+05
1.00000E+00	1.57303E+01	4.75954E+05
1.00000E+00	1.60112E+01	5.03312E+05
1.00000E+00	1.62921E+01	5.31277E+05
1.00000E+00	1.65730E+01	5.59730E+05
1.00000E+00	1.68539E+01	5.88500E+05
1.00000E+00	1.71348E+01	6.17516E+05
1.00000E+00	1.74157E+01	6.46635E+05
1.00000E+00	1.76966E+01	6.75390E+05
1.00000E+00	1.79775E+01	7.03633E+05
1.00000E+00	1.82584E+01	7.31140E+05
1.00000E+00	1.85393E+01	7.57818E+05
1.00000E+00	1.88202E+01	7.83703E+05
1.00000E+00	1.91011E+01	8.08360E+05
1.00000E+00	1.93820E+01	8.31543E+05
1.00000E+00	1.96629E+01	8.53808E+05
1.00000E+00	1.99438E+01	8.74473E+05
1.00000E+00	2.02247E+01	8.93311E+05
1.00000E+00	2.05056E+01	9.11199E+05
1.00000E+00	2.07865E+01	9.28357E+05
1.00000E+00	2.10674E+01	9.43528E+05
1.00000E+00	2.13483E+01	9.56808E+05
1.00000E+00	2.16292E+01	9.69271E+05
1.00000E+00	2.19101E+01	9.80695E+05
1.00000E+00	2.21910E+01	9.90195E+05
1.00000E+00	2.24719E+01	9.98386E+05
1.00000E+00	2.27528E+01	1.00594E+06
1.00000E+00	2.30337E+01	1.01226E+06
1.00000E+00	2.33146E+01	1.01708E+06
1.00000E+00	2.35955E+01	1.02111E+06
1.00000E+00	2.38764E+01	1.02456E+06
1.00000E+00	2.41573E+01	1.02682E+06
1.00000E+00	2.44382E+01	1.02814E+06
1.00000E+00	2.47191E+01	1.02899E+06
1.00000E+00	2.50000E+01	1.02935E+06
1.50000E+00	0.00000E+00	3.71410E+04
1.50000E+00	2.80899E-01	3.91194E+04
1.50000E+00	5.61798E-01	4.42376E+04
1.50000E+00	8.42697E-01	5.05632E+04
1.50000E+00	1.12360E+00	5.79821E+04
1.50000E+00	1.40449E+00	6.21980E+04
1.50000E+00	1.68539E+00	6.07372E+04
1.50000E+00	1.96629E+00	5.81767E+04
1.50000E+00	2.24719E+00	5.70124E+04
1.50000E+00	2.52809E+00	5.74014E+04
1.50000E+00	2.80899E+00	5.88050E+04
1.50000E+00	3.08989E+00	6.00657E+04
1.50000E+00	3.37079E+00	6.09489E+04
1.50000E+00	3.65169E+00	6.19120E+04
1.50000E+00	3.93258E+00	6.29723E+04
1.50000E+00	4.21348E+00	6.42629E+04
1.50000E+00	4.49438E+00	6.59598E+04
1.50000E+00	4.77528E+00	6.80854E+04
1.50000E+00	5.05618E+00	7.06356E+04
1.50000E+00	5.33708E+00	7.36047E+04
1.50000E+00	5.61798E+00	7.70093E+04
1.50000E+00	5.89888E+00	8.09394E+04
1.50000E+00	6.17978E+00	8.55879E+04
1.50000E+00	6.46067E+00	9.11315E+04
1.50000E+00	6.74157E+00	9.75921E+04
1.50000E+00	7.02247E+00	1.04494E+05
1.50000E+00	7.30337E+00	1.10768E+05
1.50000E+00	7.58427E+00	1.15532E+05
1.50000E+00	7.86517E+00	1.18929E+05
1.50000E+00	8.14607E+00	1.21587E+05
1.50000E+00	8.42697E+00	1.23980E+05
1.50000E+00	8.70787E+00	1.26469E+05
1.50000E+00	8.98876E+00	1.29267E+05
1.50000E+00	9.26966E+00	1.32525E+05
1.50000E+00	9.55056E+00	1.36388E+05
1.50000E+00	9.83146E+00	1.40985E+05
1.50000E+00	1.01124E+01	1.46337E+05
1.50000E+00	1.03933E+01	1.52601E+05
1.50000E+00	1.06742E+01	1.59805E+05
1.50000E+00	1.09551E+01	1.67977E+05
1.50000E+00	1.12360E+01	1.77152E+05
1.50000E+00	1.15169E+01	1.87329E+05
1.50000E+00	1.17978E+01	1.98595E+05
1.50000E+00	1.20787E+01	2.10946E+05
1.50000E+00	1.23596E+01	2.24483E+05
1.50000E+00	1.26404E+01	2.39183E+05
1.50000E+00	1.29213E+01	2.55111E+05
1.50000E+00	1.32022E+01	2.72100E+05
1.50000E+00	1.34831E+01	2.90292E+05
1.50000E+00	1.37640E+01	3.09715E+05
1.50000E+00	1.40449E+01	3.30375E+05
1.50000E+00	1.43258E+01	3.52196E+05
1.50000E+00	1.46067E+01	3.75132E+05
1.50000E+00	1.48876E+01	3.99108E+05
1.50000E+00	1.51685E+01	4.23963E+05
1.50000E+00	1.54494E+01	4.49772E+05
1.50000E+00	1.57303E+01	4.76391E+05
1.50000E+00	1.60112E+01	5.03723E+05
1.50000E+00	1.62921E+01	5.31666E+05
1.50000E+00	1.65730E+01	5.60088E+05
1.50000E+00	1.68539E+01	5.88838E+05
1.50000E+00	1.71348E+01	6.17822E+05
1.50000E+00	1.74157E+01	6.46853E+05
1.50000E+00	1.76966E+01	6.75569E+05
1.50000E+00	1.79775E+01	7.03759E+05
1.50000E+00	1.82584E+01	7.31239E+05
1.50000E+00	1.85393E+01	7.57903E+05
1.50000E+00	1.88202E+01	7.83703E+05
1.50000E+00	1.91011E+01	8.08306E+05
1.50000E+00	1.93820E+01	8.31556E+05
1.50000E+00	1.96629E+01	8.53699E+05
1.50000E+00	1.99438E+01	8.74317E+05
1.50000E+00	2.02247E+01	8.93280E+05
1.50000E+00	2.05056E+01	9.11192E+05
1.50000E+00	2.07865E+01	9.28134E+05
1.50000E+00	2.10674E+01	9.43306E+05
1.50000E+00	2.13483E+01	9.56744E+05
1.50000E+00	2.16292E+01	9.69166E+05
1.50000E+00	2.19101E+01	9.80437E+05
1.50000E+00	2.21910E+01	9.90025E+05
1.50000E+00	2.24719E+01	9.98316E+05
1.50000E+00	2.27528E+01	1.00577E+06
1.50000E+00	2.30337E+01	1.01204E+06
1.50000E+00	2.33146E+01	1.01697E+06
1.50000E+00	2.35955E+01	1.02103E+06
1.50000E+00	2.38764E+01	1.02438E+06
1.50000E+00	2.41573E+01	1.02667E+06
1.50000E+00	2.44382E+01	1.02806E+06
1.50000E+00	2.47191E+01	1.02891E+06
1.50000E+00	2.50000E+01	1.02919E+06
2.00000E+00	0.00000E+00	3.97404E+04
2.00000E+00	2.80899E-01	4.18552E+04
2.00000E+00	5.61798E-01	4.65868E+04
2.00000E+00	8.42697E-01	5.24512E+04
2.00000E+00	1.12360E+00	5.80759E+04
2.00000E+00	1.40449E+00	6.10103E+04
2.00000E+00	1.68539E+00	6.01213E+04
2.00000E+00	1.96629E+00	5.82089E+04
2.00000E+00	2.24719E+00	5.72933E+04
2.00000E+00	2.52809E+00	5.76780E+04
2.00000E+00	2.80899E+00	5.88785E+04
2.00000E+00	3.08989E+00	6.00679E+04
2.00000E+00	3.37079E+00	6.10261E+04
2.00000E+00	3.65169E+00	6.20101E+04
2.00000E+00	3.93258E+00	6.31126E+04
2.00000E+00	4.21348E+00	6.44564E+04
2.00000E+00	4.49438E+00	6.61789E+04
2.00000E+00	4.77528E+00	6.83205E+04
2.00000E+00	5.05618E+00	7.08845E+04
2.00000E+00	5.33708E+00	7.38736E+04
2.00000E+00	5.61798E+00	7.73170E+04
2.00000E+00	5.89888E+00	8.13100E+04
2.00000E+00	6.17978E+00	8.60164E+04
2.00000E+00	6.46067E+00	9.15693E+04
2.00000E+00	6.74157E+00	9.79101E+04
2.00000E+00	7.02247E+00	1.04550E+05
2.00000E+00	7.30337E+00	1.10587E+05
2.00000E+00	7.58427E+00	1.15328E+05
2.00000E+00	7.86517E+00	1.18832E+05
2.00000E+00	8.14607E+00	1.21596E+05
2.00000E+00	8.42697E+00	1.24078E+05
2.00000E+00	8.70787E+00	1.26630E+05
2.00000E+00	8.98876E+00	1.29480E+05
2.00000E+00	9.26966E+00	1.32786E+05
2.00000E+00	9.55056E+00	1.36696E+05
2.00000E+00	9.83146E+00	1.41319E+05
2.00000E+00	1.01124E+01	1.46721E+05
2.00000E+00	1.03933E+01	1.53012E+05
2.00000E+00	1.06742E+01	1.60242E+05
2.00000E+00	1.09551E+01	1.68438E+05
2.00000E+00	1.12360E+01	1.77632E+05
2.00000E+00	1.15169E+01	1.87845E+05
2.00000E+00	1.17978E+01	1.99130E+05
2.00000E+00	1.20787E+01	2.11519E+05
2.00000E+00	1.23596E+01	2.25070E+05
2.00000E+00	1.26404E+01	2.39797E+05
2.00000E+00	1.29213E+01	2.55710E+05
2.00000E+00	1.32022E+01	2.72740E+05
2.00000E+00	1.34831E+01	2.90953E+05
2.00000E+00	1.37640E+01	3.10392E+05
2.00000E+00	1.40449E+01	3.31047E+05
2.00000E+00	1.43258E+01	3.52866E+05
2.00000E+00	1.46067E+01	3.75792E+05
2.00000E+00	1.48876E+01	3.99741E+05
2.00000E+00	1.51685E+01	4.24611E+05
2.00000E+00	1.54494E+01	4.50393E+05
2.00000E+00	1.57303E+01	4.76991E+05
2.00000E+00	1.60112E+01	5.04296E+05
2.00000E+00	1.62921E+01	5.32205E+05
2.00000E+00	1.65730E+01	5.60588E+05
2.00000E+00	1.68539E+01	5.89304E+05
2.00000E+00	1.71348E+01	6.18231E+05
2.00000E+00	1.74157E+01	6.47168E+05
2.00000E+00	1.76966E+01	6.75815E+05
2.00000E+00	1.79775E+01	7.03942E+05
2.00000E+00	1.82584E+01	7.31377E+05
2.00000E+00	1.85393E+01	7.58001E+05
2.00000E+00	1.88202E+01	7.83712E+05
2.00000E+00	1.91011E+01	8.08259E+05
2.00000E+00	1.93820E+01	8.31522E+05
2.00000E+00	1.96629E+01	8.53567E+05
2.00000E+00	1.99438E+01	8.74145E+05
2.00000E+00	2.02247E+01	8.93202E+05
2.00000E+00	2.05056E+01	9.11109E+05
2.00000E+00	2.07865E+01	9.27883E+05
2.00000E+00	2.10674E+01	9.43041E+05
2.00000E+00	2.13483E+01	9.56596E+05
2.00000E+00	2.16292E+01	9.68984E+05
2.00000E+00	2.19101E+01	9.80144E+05
2.00000E+00	2.21910E+01	9.89790E+05
2.00000E+00	2.24719E+01	9.98158E+05
2.00000E+00	2.27528E+01	1.00554E+06
2.00000E+00	2.30337E+01	1.01178E+06
2.00000E+00	2.33146E+01	1.01678E+06
2.00000E+00	2.35955E+01	1.02087E+06
2.00000E+00	2.38764E+01	1.02415E+06
2.00000E+00	2.41573E+01	1.02647E+06
2.00000E+00	2.44382E+01	1.02793E+06
2.00000E+00	2.47191E+01	1.02877E+06
2.00000E+00	2.50000E+01	1.02899E+06
2.50000E+00	0.00000E+00	4.25261E+04
2.50000E+00	2.80899E-01	4.46970E+04
2.50000E+00	5.61798E-01	4.86321E+04
2.50000E+00	8.42697E-01	5.40007E+04
2.50000E+00	1.12360E+00	5.82975E+04
2.50000E+00	1.40449E+00	6.01996E+04
2.50000E+00	1.68539E+00	5.95633E+04
2.50000E+00	1.96629E+00	5.81849E+04
2.50000E+00	2.24719E+00	5.75330E+04
2.50000E+00	2.52809E+00	5.79205E+04
2.50000E+00	2.80899E+00	5.89701E+04
2.50000E+00	3.08989E+00	6.00973E+04
2.50000E+00	3.37079E+00	6.11056E+04
2.50000E+00	3.65169E+00	6.21321E+04
2.50000E+00	3.93258E+00	6.32881E+04
2.50000E+00	4.21348E+00	6.46897E+04
2.50000E+00	4.49438E+00	6.64495E+04
2.50000E+00	4.77528E+00	6.86161E+04
2.50000E+00	5.05618E+00	7.12033E+04
2.50000E+00	5.33708E+00	7.42239E+04
2.50000E+00	5.61798E+00	7.77177E+04
2.50000E+00	5.89888E+00	8.17773E+04
2.50000E+00	6.17978E+00	8.65336E+04
2.50000E+00	6.46067E+00	9.20658E+04
2.50000E+00	6.74157E+00	9.82523E+04
2.50000E+00	7.02247E+00	1.04620E+05
2.50000E+00	7.30337E+00	1.10426E+05
2.50000E+00	7.58427E+00	1.15122E+05
2.50000E+00	7.86517E+00	1.18720E+05
2.50000E+00	8.14607E+00	1.21604E+05
2.50000E+00	8.42697E+00	1.24196E+05
2.50000E+00	8.70787E+00	1.26832E+05
2.50000E+00	8.98876E+00	1.29750E+05
2.50000E+00	9.26966E+00	1.33120E+05
2.50000E+00	9.55056E+00	1.37084E+05
2.50000E+00	9.83146E+00	1.41753E+05
2.50000E+00	1.01124E+01	1.47208E+05
2.50000E+00	1.03933E+01	1.53539E+05
2.50000E+00	1.06742E+01	1.60802E+05
2.50000E+00	1.09551E+01	1.69030E+05
2.50000E+00	1.12360E+01	1.78254E+05
2.50000E+00	1.15169E+01	1.88504E+05
2.50000E+00	1.17978E+01	1.99821E+05
2.50000E+00	1.20787E+01	2.12248E+05
2.50000E+00	1.23596E+01	2.25825E+05
2.50000E+00	1.26404E+01	2.40574E+05
2.50000E+00	1.29213E+01	2.56494E+05
2.50000E+00	1.32022E+01	2.73557E+05
2.50000E+00	1.34831E+01	2.91798E+05
2.50000E+00	1.37640E+01	3.11252E+05
2.50000E+00	1.40449E+01	3.31908E+05
2.50000E+00	1.43258E+01	3.53721E+05
2.50000E+00	1.46067E+01	3.76633E+05
2.50000E+00	1.48876E+01	4.00563E+05
2.50000E+00	1.51685E+01	4.25429E+05
2.50000E+00	1.54494E+01	4.51188E+05
2.50000E+00	1.57303E+01	4.77756E+05
2.50000E+00	1.60112E+01	5.05027E+05
2.50000E+00	1.62921E+01	5.32893E+05
2.50000E+00	1.65730E+01	5.61227E+05
2.50000E+00	1.68539E+01	5.89890E+05
2.50000E+00	1.71348E+01	6.18740E+05
2.50000E+00	1.74157E+01	6.47575E+05
2.50000E+00	1.76966E+01	6.76131E+05
2.50000E+00	1.79775E+01	7.04181E+05
2.50000E+00	1.82584E+01	7.31551E+05
2.50000E+00	1.85393E+01	7.58111E+05
2.50000E+00	1.88202E+01	7.83731E+05
2.50000E+00	1.91011E+01	8.08214E+05
2.50000E+00	1.93820E+01	8.31449E+05
2.50000E+00	1.96629E+01	8.53414E+05
2.50000E+00	1.99438E+01	8.73959E+05
2.50000E+00	2.02247E+01	8.93068E+05
2.50000E+00	2.05056E+01	9.10953E+05
2.50000E+00	2.07865E+01	9.27603E+05
2.50000E+00	2.10674E+01	9.42738E+05
2.50000E+00	2.13483E+01	9.56362E+05
2.50000E+00	2.16292E+01	9.68725E+05
2.50000E+00	2.19101E+01	9.79814E+05
2.50000E+00	2.21910E+01	9.89495E+05
2.50000E+00	2.24719E+01	9.97913E+05
2.50000E+00	2.27528E+01	1.00526E+06
2.50000E+00	2.30337E+01	1.01147E+06
2.50000E+00	2.33146E+01	1.01653E+06
2.50000E+00	2.35955E+01	1.02064E+06
2.50000E+00	2.38764E+01	1.02389E+06
2.50000E+00	2.41573E+01	1.02623E+06
2.50000E+00	2.44382E+01	1.02773E+06
2.50000E+00	2.47191E+01	1.02857E+06
2.50000E+00	2.50000E+01	1.02876E+06
3.00000E+00	0.00000E+00	4.52067E+04
3.00000E+00	2.80899E-01	4.72984E+04
3.00000E+00	5.61798E-01	5.04744E+04
3.00000E+00	8.42697E-01	5.49735E+04
3.00000E+00	1.12360E+00	5.84683E+04
3.00000E+00	1.40449E+00	5.97559E+04
3.00000E+00	1.68539E+00	5.92192E+04
3.00000E+00	1.96629E+00	5.81980E+04
3.00000E+00	2.24719E+00	5.77502E+04
3.00000E+00	2.52809E+00	5.81362E+04
3.00000E+00	2.80899E+00	5.90761E+04
3.00000E+00	3.08989E+00	6.01528E+04
3.00000E+00	3.37079E+00	6.11968E+04
3.00000E+00	3.65169E+00	6.22767E+04
3.00000E+00	3.93258E+00	6.34955E+04
3.00000E+00	4.21348E+00	6.49606E+04
3.00000E+00	4.49438E+00	6.67681E+04
3.00000E+00	4.77528E+00	6.89708E+04
3.00000E+00	5.05618E+00	7.15924E+04
3.00000E+00	5.33708E+00	7.46556E+04
3.00000E+00	5.61798E+00	7.82065E+04
3.00000E+00	5.89888E+00	8.23281E+04
3.00000E+00	6.17978E+00	8.71160E+04
3.00000E+00	6.46067E+00	9.25967E+04
3.00000E+00	6.74157E+00	9.86074E+04
3.00000E+00	7.02247E+00	1.04710E+05
3.00000E+00	7.30337E+00	1.10297E+05
3.00000E+00	7.58427E+00	1.14935E+05
3.00000E+00	7.86517E+00	1.18610E+05
3.00000E+00	8.14607E+00	1.21618E+05
3.00000E+00	8.42697E+00	1.24332E+05
3.00000E+00	8.70787E+00	1.27072E+05
3.00000E+00	8.98876E+00	1.30076E+05
3.00000E+00	9.26966E+00	1.33523E+05
3.00000E+00	9.55056E+00	1.37555E+05
3.00000E+00	9.83146E+00	1.42284E+05
3.00000E+00	1.01124E+01	1.47798E+05
3.00000E+00	1.03933E+01	1.54178E+05
3.00000E+00	1.06742E+01	1.61483E+05
3.00000E+00	1.09551E+01	1.69752E+05
3.00000E+00	1.12360E+01	1.79015E+05
3.00000E+00	1.15169E+01	1.89307E+05
3.00000E+00	1.17978E+01	2.00667E+05
3.00000E+00	1.20787E+01	2.13134E+05
3.00000E+00	1.23596E+01	2.26744E+05
3.00000E+00	1.26404E+01	2.41519E+05
3.00000E+00	1.29213E+01	2.57458E+05
3.00000E+00	1.32022E+01	2.74552E+05
3.00000E+00	1.34831E+01	2.92823E+05
3.00000E+00	1.37640E+01	3.12294E+05
3.00000E+00	1.40449E+01	3.32953E+05
3.00000E+00	1.43258E+01	3.54760E+05
3.00000E+00	1.46067E+01	3.77656E+05
3.00000E+00	1.48876E+01	4.01567E+05
3.00000E+00	1.51685E+01	4.26419E+05
3.00000E+00	1.54494E+01	4.52152E+05
3.00000E+00	1.57303E+01	4.78683E+05
3.00000E+00	1.60112E+01	5.05911E+05
3.00000E+00	1.62921E+01	5.33725E+05
3.00000E+00	1.65730E+01	5.61997E+05
3.00000E+00	1.68539E+01	5.90589E+05
3.00000E+00	1.71348E+01	6.19347E+05
3.00000E+00	1.74157E+01	6.48070E+05
3.00000E+00	1.76966E+01	6.76518E+05
3.00000E+00	1.79775E+01	7.04473E+05
3.00000E+00	1.82584E+01	7.31759E+05
3.00000E+00	1.85393E+01	7.58235E+05
3.00000E+00	1.88202E+01	7.83759E+05
3.00000E+00	1.91011E+01	8.08167E+05
3.00000E+00	1.93820E+01	8.31348E+05
3.00000E+00	1.96629E+01	8.53243E+05
3.00000E+00	1.99438E+01	8.73754E+05
3.00000E+00	2.02247E+01	8.92879E+05
3.00000E+00	2.05056E+01	9.10730E+05
3.00000E+00	2.07865E+01	9.27289E+05
3.00000E+00	2.10674E+01	9.42396E+05
3.00000E+00	2.13483E+01	9.56049E+05
3.00000E+00	2.16292E+01	9.68393E+05
3.00000E+00	2.19101E+01	9.79440E+05
3.00000E+00	2.21910E+01	9.89138E+05
3.00000E+00	2.24719E+01	9.97587E+05
3.00000E+00	2.27528E+01	1.00491E+06
3.00000E+00	2.30337E+01	1.01112E+06
3.00000E+00	2.33146E+01	1.01622E+06
3.00000E+00	2.35955E+01	1.02034E+06
3.00000E+00	2.38764E+01	1.02358E+06
3.00000E+00	2.41573E+01	1.02593E+06
3.00000E+00	2.44382E+01	1.02747E+06
3.00000E+00	2.47191E+01	1.02831E+06
3.00000E+00	2.50000E+01	1.02848E+06
3.50000E+00	0.00000E+00	4.76004E+04
3.50000E+00	2.80899E-01	4.95195E+04
3.50000E+00	5.61798E-01	5.21129E+04
3.50000E+00	8.42697E-01	5.55563E+04
3.50000E+00	1.12360E+00	5.84647E+04
3.50000E+00	1.40449E+00	5.95145E+04
3.50000E+00	1.68539E+00	5.90960E+04
3.50000E+00	1.96629E+00	5.83152E+04
3.50000E+00	2.24719E+00	5.79969E+04
3.50000E+00	2.52809E+00	5.83619E+04
3.50000E+00	2.80899E+00	5.92115E+04
3.50000E+00	3.08989E+00	6.02429E+04
3.50000E+00	3.37079E+00	6.13121E+04
3.50000E+00	3.65169E+00	6.24479E+04
3.50000E+00	3.93258E+00	6.37350E+04
3.50000E+00	4.21348E+00	6.52687E+04
3.50000E+00	4.49438E+00	6.71335E+04
3.50000E+00	4.77528E+00	6.93834E+04
3.50000E+00	5.05618E+00	7.20502E+04
3.50000E+00	5.33708E+00	7.51644E+04
3.50000E+00	5.61798E+00	7.87735E+04
3.50000E+00	5.89888E+00	8.29459E+04
3.50000E+00	6.17978E+00	8.77426E+04
3.50000E+00	6.46067E+00	9.31461E+04
3.50000E+00	6.74157E+00	9.89710E+04
3.50000E+00	7.02247E+00	1.04823E+05
3.50000E+00	7.30337E+00	1.10209E+05
3.50000E+00	7.58427E+00	1.14783E+05
3.50000E+00	7.86517E+00	1.18518E+05
3.50000E+00	8.14607E+00	1.21647E+05
3.50000E+00	8.42697E+00	1.24492E+05
3.50000E+00	8.70787E+00	1.27350E+05
3.50000E+00	8.98876E+00	1.30457E+05
3.50000E+00	9.26966E+00	1.33995E+05
3.50000E+00	9.55056E+00	1.38108E+05
3.50000E+00	9.83146E+00	1.42909E+05
3.50000E+00	1.01124E+01	1.48490E+05
3.50000E+00	1.03933E+01	1.54930E+05
3.50000E+00	1.06742E+01	1.62287E+05
3.50000E+00	1.09551E+01	1.70604E+05
3.50000E+00	1.12360E+01	1.79915E+05
3.50000E+00	1.15169E+01	1.90256E+05
3.50000E+00	1.17978E+01	2.01663E+05
3.50000E+00	1.20787E+01	2.14176E+05
3.50000E+00	1.23596E+01	2.27825E+05
3.50000E+00	1.26404E+01	2.42631E+05
3.50000E+00	1.29213E+01	2.58598E+05
3.50000E+00	1.32022E+01	2.75725E+05
3.50000E+00	1.34831E+01	2.94026E+05
3.50000E+00	1.37640E+01	3.13515E+05
3.50000E+00	1.40449E+01	3.34178E+05
3.50000E+00	1.43258E+01	3.55978E+05
3.50000E+00	1.46067E+01	3.78858E+05
3.50000E+00	1.48876E+01	4.02749E+05
3.50000E+00	1.51685E+01	4.27579E+05
3.50000E+00	1.54494E+01	4.53280E+05
3.50000E+00	1.57303E+01	4.79769E+05
3.50000E+00	1.60112E+01	5.06945E+05
3.50000E+00	1.62921E+01	5.34695E+05
3.50000E+00	1.65730E+01	5.62894E+05
3.50000E+00	1.68539E+01	5.91399E+05
3.50000E+00	1.71348E+01	6.20049E+05
3.50000E+00	1.74157E+01	6.48649E+05
3.50000E+00	1.76966E+01	6.76974E+05
3.50000E+00	1.79775E+01	7.04817E+05
3.50000E+00	1.82584E+01	7.32001E+05
3.50000E+00	1.85393E+01	7.58376E+05
3.50000E+00	1.88202E+01	7.83796E+05
3.50000E+00	1.91011E+01	8.08116E+05
3.50000E+00	1.93820E+01	8.31226E+05
3.50000E+00	1.96629E+01	8.53053E+05
3.50000E+00	1.99438E+01	8.73524E+05
3.50000E+00	2.02247E+01	8.92637E+05
3.50000E+00	2.05056E+01	9.10446E+05
3.50000E+00	2.07865E+01	9.26934E+05
3.50000E+00	2.10674E+01	9.42008E+05
3.50000E+00	2.13483E+01	9.55667E+05
3.50000E+00	2.16292E+01	9.67994E+05
3.50000E+00	2.19101E+01	9.79013E+05
3.50000E+00	2.21910E+01	9.88719E+05
3.50000E+00	2.24719E+01	9.97187E+05
3.50000E+00	2.27528E+01	1.00451E+06
3.50000E+00	2.30337E+01	1.01071E+06
3.50000E+00	2.33146E+01	1.01584E+06
3.50000E+00	2.35955E+01	1.01998E+06
3.50000E+00	2.38764E+01	1.02322E+06
3.50000E+00	2.41573E+01	1.02559E+06
3.50000E+00	2.44382E+01	1.02716E+06
3.50000E+00	2.47191E+01	1.02800E+06
3.50000E+00	2.50000E+01	1.02817E+06
4.00000E+00	0.00000E+00	4.96377E+04
4.00000E+00	2.80899E-01	5.13378E+04
4.00000E+00	5.61798E-01	5.34560E+04
4.00000E+00	8.42697E-01	5.59619E+04
4.00000E+00	1.12360E+00	5.83272E+04
4.00000E+00	1.40449E+00	5.93314E+04
4.00000E+00	1.68539E+00	5.91113E+04
4.00000E+00	1.96629E+00	5.85388E+04
4.00000E+00	2.24719E+00	5.83082E+04
4.00000E+00	2.52809E+00	5.86376E+04
4.00000E+00	2.80899E+00	5.94031E+04
4.00000E+00	3.08989E+00	6.03871E+04
4.00000E+00	3.37079E+00	6.14699E+04
4.00000E+00	3.65169E+00	6.26566E+04
4.00000E+00	3.93258E+00	6.40120E+04
4.00000E+00	4.21348E+00	6.56171E+04
4.00000E+00	4.49438E+00	6.75462E+04
4.00000E+00	4.77528E+00	6.98525E+04
4.00000E+00	5.05618E+00	7.25731E+04
4.00000E+00	5.33708E+00	7.57427E+04
4.00000E+00	5.61798E+00	7.94058E+04
4.00000E+00	5.89888E+00	8.36142E+04
4.00000E+00	6.17978E+00	8.83973E+04
4.00000E+00	6.46067E+00	9.37045E+04
4.00000E+00	6.74157E+00	9.93426E+04
4.00000E+00	7.02247E+00	1.04964E+05
4.00000E+00	7.30337E+00	1.10167E+05
4.00000E+00	7.58427E+00	1.14675E+05
4.00000E+00	7.86517E+00	1.18459E+05
4.00000E+00	8.14607E+00	1.21703E+05
4.00000E+00	8.42697E+00	1.24682E+05
4.00000E+00	8.70787E+00	1.27669E+05
4.00000E+00	8.98876E+00	1.30893E+05
4.00000E+00	9.26966E+00	1.34535E+05
4.00000E+00	9.55056E+00	1.38741E+05
4.00000E+00	9.83146E+00	1.43627E+05
4.00000E+00	1.01124E+01	1.49285E+05
4.00000E+00	1.03933E+01	1.55794E+05
4.00000E+00	1.06742E+01	1.63212E+05
4.00000E+00	1.09551E+01	1.71586E+05
4.00000E+00	1.12360E+01	1.80953E+05
4.00000E+00	1.15169E+01	1.91349E+05
4.00000E+00	1.17978E+01	2.02811E+05
4.00000E+00	1.20787E+01	2.15373E+05
4.00000E+00	1.23596E+01	2.29067E+05
4.00000E+00	1.26404E+01	2.43911E+05
4.00000E+00	1.29213E+01	2.59912E+05
4.00000E+00	1.32022E+01	2.77073E+05
4.00000E+00	1.34831E+01	2.95405E+05
4.00000E+00	1.37640E+01	3.14912E+05
4.00000E+00	1.40449E+01	3.35580E+05
4.00000E+00	1.43258E+01	3.57373E+05
4.00000E+00	1.46067E+01	3.80237E+05
4.00000E+00	1.48876E+01	4.04105E+05
4.00000E+00	1.51685E+01	4.28906E+05
4.00000E+00	1.54494E+01	4.54569E+05
4.00000E+00	1.57303E+01	4.81007E+05
4.00000E+00	1.60112E+01	5.08122E+05
4.00000E+00	1.62921E+01	5.35799E+05
4.00000E+00	1.65730E+01	5.63910E+05
4.00000E+00	1.68539E+01	5.92313E+05
4.00000E+00	1.71348E+01	6.20842E+05
4.00000E+00	1.74157E+01	6.49307E+05
4.00000E+00	1.76966E+01	6.77497E+05
4.00000E+00	1.79775E+01	7.05213E+05
4.00000E+00	1.82584E+01	7.32276E+05
4.00000E+00	1.85393E+01	7.58535E+05
4.00000E+00	1.88202E+01	7.83842E+05
4.00000E+00	1.91011E+01	8.08063E+05
4.00000E+00	1.93820E+01	8.31089E+05
4.00000E+00	1.96629E+01	8.52843E+05
4.00000E+00	1.99438E+01	8.73265E+05
4.00000E+00	2.02247E+01	8.92346E+05
4.00000E+00	2.05056E+01	9.10109E+05
4.00000E+00	2.07865E+01	9.26535E+05
4.00000E+00	2.10674E+01	9.41573E+05
4.00000E+00	2.13483E+01	9.55221E+05
4.00000E+00	2.16292E+01	9.67531E+05
4.00000E+00	2.19101E+01	9.78531E+05
4.00000E+00	2.21910E+01	9.88240E+05
4.00000E+00	2.24719E+01	9.96718E+05
4.00000E+00	2.27528E+01	1.00404E+06
4.00000E+00	2.30337E+01	1.01025E+06
4.00000E+00	2.33146E+01	1.01539E+06
4.00000E+00	2.35955E+01	1.01956E+06
4.00000E+00	2.38764E+01	1.02281E+06
4.00000E+00	2.41573E+01	1.02520E+06
4.00000E+00	2.44382E+01	1.02678E+06
4.00000E+00	2.47191E+01	1.02764E+06
4.00000E+00	2.50000E+01	1.02780E+06
5.00000E+00	0.00000E+00	5.27038E+04
5.00000E+00	2.80899E-01	5.39565E+04
5.00000E+00	5.61798E-01	5.53463E+04
5.00000E+00	8.42697E-01	5.66739E+04
5.00000E+00	1.12360E+00	5.80343E+04
5.00000E+00	1.40449E+00	5.89853E+04
5.00000E+00	1.68539E+00	5.92449E+04
5.00000E+00	1.96629E+00	5.91371E+04
5.00000E+00	2.24719E+00	5.91101E+04
5.00000E+00	2.52809E+00	5.94044E+04
5.00000E+00	2.80899E+00	6.00358E+04
5.00000E+00	3.08989E+00	6.09222E+04
5.00000E+00	3.37079E+00	6.19982E+04
5.00000E+00	3.65169E+00	6.32549E+04
5.00000E+00	3.93258E+00	6.47264E+04
5.00000E+00	4.21348E+00	6.64658E+04
5.00000E+00	4.49438E+00	6.85278E+04
5.00000E+00	4.77528E+00	7.09585E+04
5.00000E+00	5.05618E+00	7.37952E+04
5.00000E+00	5.33708E+00	7.70709E+04
5.00000E+00	5.61798E+00	8.08157E+04
5.00000E+00	5.89888E+00	8.50477E+04
5.00000E+00	6.17978E+00	8.97492E+04
5.00000E+00	6.46067E+00	9.48327E+04
5.00000E+00	6.74157E+00	1.00117E+05
5.00000E+00	7.02247E+00	1.05340E+05
5.00000E+00	7.30337E+00	1.10235E+05
5.00000E+00	7.58427E+00	1.14623E+05
5.00000E+00	7.86517E+00	1.18482E+05
5.00000E+00	8.14607E+00	1.21933E+05
5.00000E+00	8.42697E+00	1.25180E+05
5.00000E+00	8.70787E+00	1.28445E+05
5.00000E+00	8.98876E+00	1.31934E+05
5.00000E+00	9.26966E+00	1.35820E+05
5.00000E+00	9.55056E+00	1.40249E+05
5.00000E+00	9.83146E+00	1.45336E+05
5.00000E+00	1.01124E+01	1.51179E+05
5.00000E+00	1.03933E+01	1.57854E+05
5.00000E+00	1.06742E+01	1.65424E+05
5.00000E+00	1.09551E+01	1.73939E+05
5.00000E+00	1.12360E+01	1.83441E+05
5.00000E+00	1.15169E+01	1.93968E+05
5.00000E+00	1.17978E+01	2.05554E+05
5.00000E+00	1.20787E+01	2.18234E+05
5.00000E+00	1.23596E+01	2.32032E+05
5.00000E+00	1.26404E+01	2.46967E+05
5.00000E+00	1.29213E+01	2.63049E+05
5.00000E+00	1.32022E+01	2.80285E+05
5.00000E+00	1.34831E+01	2.98677E+05
5.00000E+00	1.37640E+01	3.18222E+05
5.00000E+00	1.40449E+01	3.38901E+05
5.00000E+00	1.43258E+01	3.60678E+05
5.00000E+00	1.46067E+01	3.83504E+05
5.00000E+00	1.48876E+01	4.07315E+05
5.00000E+00	1.51685E+01	4.32041E+05
5.00000E+00	1.54494E+01	4.57606E+05
5.00000E+00	1.57303E+01	4.83921E+05
5.00000E+00	1.60112E+01	5.10884E+05
5.00000E+00	1.62921E+01	5.38380E+05
5.00000E+00	1.65730E+01	5.66280E+05
5.00000E+00	1.68539E+01	5.94437E+05
5.00000E+00	1.71348E+01	6.22687E+05
5.00000E+00	1.74157E+01	6.50849E+05
5.00000E+00	1.76966E+01	6.78731E+05
5.00000E+00	1.79775E+01	7.06148E+05
5.00000E+00	1.82584E+01	7.32926E+05
5.00000E+00	1.85393E+01	7.58912E+05
5.00000E+00	1.88202E+01	7.83962E+05
5.00000E+00	1.91011E+01	8.07953E+05
5.00000E+00	1.93820E+01	8.30780E+05
5.00000E+00	1.96629E+01	8.52366E+05
5.00000E+00	1.99438E+01	8.72658E+05
5.00000E+00	2.02247E+01	8.91634E+05
5.00000E+00	2.05056E+01	9.09287E+05
5.00000E+00	2.07865E+01	9.25600E+05
5.00000E+00	2.10674E+01	9.40555E+05
5.00000E+00	2.13483E+01	9.54155E+05
5.00000E+00	2.16292E+01	9.66425E+05
5.00000E+00	2.19101E+01	9.77395E+05
5.00000E+00	2.21910E+01	9.87100E+05
5.00000E+00	2.24719E+01	9.95590E+05
5.00000E+00	2.27528E+01	1.00292E+06
5.00000E+00	2.30337E+01	1.00915E+06
5.00000E+00	2.33146E+01	1.01433E+06
5.00000E+00	2.35955E+01	1.01853E+06
5.00000E+00	2.38764E+01	1.02182E+06
5.00000E+00	2.41573E+01	1.02424E+06
5.00000E+00	2.44382E+01	1.02587E+06
5.00000E+00	2.47191E+01	1.02675E+06
5.00000E+00	2.50000E+01	1.02693E+06
6.00000E+00	0.00000E+00	5.47686E+04
6.00000E+00	2.80899E-01	5.56626E+04
6.00000E+00	5.61798E-01	5.65821E+04
6.00000E+00	8.42697E-01	5.73782E+04
6.00000E+00	1.12360E+00	5.80706E+04
6.00000E+00	1.40449E+00	5.88211E+04
6.00000E+00	1.68539E+00	5.93783E+04
6.00000E+00	1.96629E+00	5.97142E+04
6.00000E+00	2.24719E+00	5.99949E+04
6.00000E+00	2.52809E+00	6.03957E+04
6.00000E+00	2.80899E+00	6.10062E+04
6.00000E+00	3.08989E+00	6.18439E+04
6.00000E+00	3.37079E+00	6.29051E+04
6.00000E+00	3.65169E+00	6.41975E+04
6.00000E+00	3.93258E+00	6.57463E+04
6.00000E+00	4.21348E+00	6.75877E+04
6.00000E+00	4.49438E+00	6.97603E+04
6.00000E+00	4.77528E+00	7.22989E+04
6.00000E+00	5.05618E+00	7.52324E+04
6.00000E+00	5.33708E+00	7.85823E+04
6.00000E+00	5.61798E+00	8.23602E+04
6.00000E+00	5.89888E+00	8.65575E+04
6.00000E+00	6.17978E+00	9.11298E+04
6.00000E+00	6.46067E+00	9.59802E+04
6.00000E+00	6.74157E+00	1.00954E+05
6.00000E+00	7.02247E+00	1.05862E+05
6.00000E+00	7.30337E+00	1.10521E+05
6.00000E+00	7.58427E+00	1.14818E+05
6.00000E+00	7.86517E+00	1.18743E+05
6.00000E+00	8.14607E+00	1.22382E+05
6.00000E+00	8.42697E+00	1.25890E+05
6.00000E+00	8.70787E+00	1.29445E+05
6.00000E+00	8.98876E+00	1.33225E+05
6.00000E+00	9.26966E+00	1.37392E+05
6.00000E+00	9.55056E+00	1.42082E+05
6.00000E+00	9.83146E+00	1.47411E+05
6.00000E+00	1.01124E+01	1.53476E+05
6.00000E+00	1.03933E+01	1.60356E+05
6.00000E+00	1.06742E+01	1.68114E+05
6.00000E+00	1.09551E+01	1.76804E+05
6.00000E+00	1.12360E+01	1.86472E+05
6.00000E+00	1.15169E+01	1.97155E+05
6.00000E+00	1.17978E+01	2.08890E+05
6.00000E+00	1.20787E+01	2.21705E+05
6.00000E+00	1.23596E+01	2.35626E+05
6.00000E+00	1.26404E+01	2.50669E+05
6.00000E+00	1.29213E+01	2.66846E+05
6.00000E+00	1.32022E+01	2.84162E+05
6.00000E+00	1.34831E+01	3.02615E+05
6.00000E+00	1.37640E+01	3.22196E+05
6.00000E+00	1.40449E+01	3.42883E+05
6.00000E+00	1.43258E+01	3.64640E+05
6.00000E+00	1.46067E+01	3.87417E+05
6.00000E+00	1.48876E+01	4.11155E+05
6.00000E+00	1.51685E+01	4.35782E+05
6.00000E+00	1.54494E+01	4.61220E+05
6.00000E+00	1.57303E+01	4.87376E+05
6.00000E+00	1.60112E+01	5.14149E+05
6.00000E+00	1.62921E+01	5.41420E+05
6.00000E+00	1.65730E+01	5.69060E+05
6.00000E+00	1.68539E+01	5.96923E+05
6.00000E+00	1.71348E+01	6.24848E+05
6.00000E+00	1.74157E+01	6.52665E+05
6.00000E+00	1.76966E+01	6.80195E+05
6.00000E+00	1.79775E+01	7.07264E+05
6.00000E+00	1.82584E+01	7.33706E+05
6.00000E+00	1.85393E+01	7.59371E+05
6.00000E+00	1.88202E+01	7.84124E+05
6.00000E+00	1.91011E+01	8.07844E+05
6.00000E+00	1.93820E+01	8.30434E+05
6.00000E+00	1.96629E+01	8.51816E+05
6.00000E+00	1.99438E+01	8.71939E+05
6.00000E+00	2.02247E+01	8.90769E+05
6.00000E+00	2.05056E+01	9.08289E+05
6.00000E+00	2.07865E+01	9.24483E+05
6.00000E+00	2.10674E+01	9.39343E+05
6.00000E+00	2.13483E+01	9.52874E+05
6.00000E+00	2.16292E+01	9.65095E+05
6.00000E+00	2.19101E+01	9.76033E+05
6.00000E+00	2.21910E+01	9.85727E+05
6.00000E+00	2.24719E+01	9.94220E+05
6.00000E+00	2.27528E+01	1.00157E+06
6.00000E+00	2.30337E+01	1.00782E+06
6.00000E+00	2.33146E+01	1.01303E+06
6.00000E+00	2.35955E+01	1.01727E+06
6.00000E+00	2.38764E+01	1.02060E+06
6.00000E+00	2.41573E+01	1.02306E+06
6.00000E+00	2.44382E+01	1.02473E+06
6.00000E+00	2.47191E+01	1.02564E+06
6.00000E+00	2.50000E+01	1.02586E+06
7.00000E+00	0.00000E+00	5.62531E+04
7.00000E+00	2.80899E-01	5.69015E+04
7.00000E+00	5.61798E-01	5.75422E+04
7.00000E+00	8.42697E-01	5.80852E+04
7.00000E+00	1.12360E+00	5.85169E+04
7.00000E+00	1.40449E+00	5.90161E+04
7.00000E+00	1.68539E+00	5.96475E+04
7.00000E+00	1.96629E+00	6.02668E+04
7.00000E+00	2.24719E+00	6.08582E+04
7.00000E+00	2.52809E+00	6.14805E+04
7.00000E+00	2.80899E+00	6.22079E+04
7.00000E+00	3.08989E+00	6.30985E+04
7.00000E+00	3.37079E+00	6.41936E+04
7.00000E+00	3.65169E+00	6.55273E+04
7.00000E+00	3.93258E+00	6.71331E+04
7.00000E+00	4.21348E+00	6.90440E+04
7.00000E+00	4.49438E+00	7.12905E+04
7.00000E+00	4.77528E+00	7.38980E+04
7.00000E+00	5.05618E+00	7.68849E+04
7.00000E+00	5.33708E+00	8.02602E+04
7.00000E+00	5.61798E+00	8.40190E+04
7.00000E+00	5.89888E+00	8.81356E+04
7.00000E+00	6.17978E+00	9.25544E+04
7.00000E+00	6.46067E+00	9.71836E+04
7.00000E+00	6.74157E+00	1.01899E+05
7.00000E+00	7.02247E+00	1.06562E+05
7.00000E+00	7.30337E+00	1.11050E+05
7.00000E+00	7.58427E+00	1.15293E+05
7.00000E+00	7.86517E+00	1.19289E+05
7.00000E+00	8.14607E+00	1.23107E+05
7.00000E+00	8.42697E+00	1.26866E+05
7.00000E+00	8.70787E+00	1.30714E+05
7.00000E+00	8.98876E+00	1.34801E+05
7.00000E+00	9.26966E+00	1.39272E+05
7.00000E+00	9.55056E+00	1.44254E+05
7.00000E+00	9.83146E+00	1.49859E+05
7.00000E+00	1.01124E+01	1.56181E+05
7.00000E+00	1.03933E+01	1.63299E+05
7.00000E+00	1.06742E+01	1.71279E+05
7.00000E+00	1.09551E+01	1.80176E+05
7.00000E+00	1.12360E+01	1.90037E+05
7.00000E+00	1.15169E+01	2.00901E+05
7.00000E+00	1.17978E+01	2.12804E+05
7.00000E+00	1.20787E+01	2.25773E+05
7.00000E+00	1.23596E+01	2.39832E+05
7.00000E+00	1.26404E+01	2.54996E+05
7.00000E+00	1.29213E+01	2.71277E+05
7.00000E+00	1.32022E+01	2.88675E+05
7.00000E+00	1.34831E+01	3.07188E+05
7.00000E+00	1.37640E+01	3.26800E+05
7.00000E+00	1.40449E+01	3.47488E+05
7.00000E+00	1.43258E+01	3.69214E+05
7.00000E+00	1.46067E+01	3.91930E+05
7.00000E+00	1.48876E+01	4.15575E+05
7.00000E+00	1.51685E+01	4.40078E+05
7.00000E+00	1.54494E+01	4.65357E+05
7.00000E+00	1.57303E+01	4.91320E+05
7.00000E+00	1.60112E+01	5.17863E+05
7.00000E+00	1.62921E+01	5.44868E+05
7.00000E+00	1.65730E+01	5.72205E+05
7.00000E+00	1.68539E+01	5.99732E+05
7.00000E+00	1.71348E+01	6.27293E+05
7.00000E+00	1.74157E+01	6.54726E+05
7.00000E+00	1.76966E+01	6.81865E+05
7.00000E+00	1.79775E+01	7.08544E+05
7.00000E+00	1.82584E+01	7.34609E+05
7.00000E+00	1.85393E+01	7.59914E+05
7.00000E+00	1.88202E+01	7.84331E+05
7.00000E+00	1.91011E+01	8.07744E+05
7.00000E+00	1.93820E+01	8.30060E+05
7.00000E+00	1.96629E+01	8.51204E+05
7.00000E+00	1.99438E+01	8.71121E+05
7.00000E+00	2.02247E+01	8.89773E+05
7.00000E+00	2.05056E+01	9.07137E+05
7.00000E+00	2.07865E+01	9.23197E+05
7.00000E+00	2.10674E+01	9.37948E+05
7.00000E+00	2.13483E+01	9.51395E+05
7.00000E+00	2.16292E+01	9.63556E+05
7.00000E+00	2.19101E+01	9.74456E+05
7.00000E+00	2.21910E+01	9.84131E+05
7.00000E+00	2.24719E+01	9.92622E+05
7.00000E+00	2.27528E+01	9.99980E+05
7.00000E+00	2.30337E+01	1.00626E+06
7.00000E+00	2.33146E+01	1.01150E+06
7.00000E+00	2.35955E+01	1.01578E+06
7.00000E+00	2.38764E+01	1.01915E+06
7.00000E+00	2.41573E+01	1.02166E+06
7.00000E+00	2.44382E+01	1.02337E+06
7.00000E+00	2.47191E+01	1.02433E+06
7.00000E+00	2.50000E+01	1.02458E+06
8.00000E+00	0.00000E+00	5.74675E+04
8.00000E+00	2.80899E-01	5.79644E+04
8.00000E+00	5.61798E-01	5.84527E+04
8.00000E+00	8.42697E-01	5.88823E+04
8.00000E+00	1.12360E+00	5.92423E+04
8.00000E+00	1.40449E+00	5.96153E+04
8.00000E+00	1.68539E+00	6.01966E+04
8.00000E+00	1.96629E+00	6.09403E+04
8.00000E+00	2.24719E+00	6.17545E+04
8.00000E+00	2.52809E+00	6.26144E+04
8.00000E+00	2.80899E+00	6.35406E+04
8.00000E+00	3.08989E+00	6.45784E+04
8.00000E+00	3.37079E+00	6.57799E+04
8.00000E+00	3.65169E+00	6.71951E+04
8.00000E+00	3.93258E+00	6.88682E+04
8.00000E+00	4.21348E+00	7.08366E+04
8.00000E+00	4.49438E+00	7.31299E+04
8.00000E+00	4.77528E+00	7.57693E+04
8.00000E+00	5.05618E+00	7.87661E+04
8.00000E+00	5.33708E+00	8.21202E+04
8.00000E+00	5.61798E+00	8.58166E+04
8.00000E+00	5.89888E+00	8.98215E+04
8.00000E+00	6.17978E+00	9.40782E+04
8.00000E+00	6.46067E+00	9.85068E+04
8.00000E+00	6.74157E+00	1.03010E+05
8.00000E+00	7.02247E+00	1.07488E+05
8.00000E+00	7.30337E+00	1.11860E+05
8.00000E+00	7.58427E+00	1.16082E+05
8.00000E+00	7.86517E+00	1.20162E+05
8.00000E+00	8.14607E+00	1.24156E+05
8.00000E+00	8.42697E+00	1.28163E+05
8.00000E+00	8.70787E+00	1.32302E+05
8.00000E+00	8.98876E+00	1.36703E+05
8.00000E+00	9.26966E+00	1.41493E+05
8.00000E+00	9.55056E+00	1.46788E+05
8.00000E+00	9.83146E+00	1.52694E+05
8.00000E+00	1.01124E+01	1.59301E+05
8.00000E+00	1.03933E+01	1.66686E+05
8.00000E+00	1.06742E+01	1.74916E+05
8.00000E+00	1.09551E+01	1.84047E+05
8.00000E+00	1.12360E+01	1.94125E+05
8.00000E+00	1.15169E+01	2.05192E+05
8.00000E+00	1.17978E+01	2.17280E+05
8.00000E+00	1.20787E+01	2.30418E+05
8.00000E+00	1.23596E+01	2.44627E+05
8.00000E+00	1.26404E+01	2.59921E+05
8.00000E+00	1.29213E+01	2.76308E+05
8.00000E+00	1.32022E+01	2.93789E+05
8.00000E+00	1.34831E+01	3.12356E+05
8.00000E+00	1.37640E+01	3.31993E+05
8.00000E+00	1.40449E+01	3.52671E+05
8.00000E+00	1.43258E+01	3.74354E+05
8.00000E+00	1.46067E+01	3.96991E+05
8.00000E+00	1.48876E+01	4.20520E+05
8.00000E+00	1.51685E+01	4.44872E+05
8.00000E+00	1.54494E+01	4.69962E+05
8.00000E+00	1.57303E+01	4.95698E+05
8.00000E+00	1.60112E+01	5.21975E+05
8.00000E+00	1.62921E+01	5.48676E+05
8.00000E+00	1.65730E+01	5.75672E+05
8.00000E+00	1.68539E+01	6.02825E+05
8.00000E+00	1.71348E+01	6.29987E+05
8.00000E+00	1.74157E+01	6.57003E+05
8.00000E+00	1.76966E+01	6.83716E+05
8.00000E+00	1.79775E+01	7.09972E+05
8.00000E+00	1.82584E+01	7.35625E+05
8.00000E+00	1.85393E+01	7.60536E+05
8.00000E+00	1.88202E+01	7.84583E+05
8.00000E+00	1.91011E+01	8.07658E+05
8.00000E+00	1.93820E+01	8.29668E+05
8.00000E+00	1.96629E+01	8.50541E+05
8.00000E+00	1.99438E+01	8.70220E+05
8.00000E+00	2.02247E+01	8.88665E+05
8.00000E+00	2.05056E+01	9.05850E+05
8.00000E+00	2.07865E+01	9.21759E+05
8.00000E+00	2.10674E+01	9.36385E+05
8.00000E+00	2.13483E+01	9.49736E+05
8.00000E+00	2.16292E+01	9.61825E+05
8.00000E+00	2.19101E+01	9.72677E+05
8.00000E+00	2.21910E+01	9.82325E+05
8.00000E+00	2.24719E+01	9.90810E+05
8.00000E+00	2.27528E+01	9.98176E+05
8.00000E+00	2.30337E+01	1.00447E+06
8.00000E+00	2.33146E+01	1.00975E+06
8.00000E+00	2.35955E+01	1.01407E+06
8.00000E+00	2.38764E+01	1.01748E+06
8.00000E+00	2.41573E+01	1.02004E+06
8.00000E+00	2.44382E+01	1.02180E+06
8.00000E+00	2.47191E+01	1.02280E+06
8.00000E+00	2.50000E+01	1.02309E+06
9.00000E+00	0.00000E+00	5.86128E+04
9.00000E+00	2.80899E-01	5.90263E+04
9.00000E+00	5.61798E-01	5.94421E+04
9.00000E+00	8.42697E-01	5.98336E+04
9.00000E+00	1.12360E+00	6.01959E+04
9.00000E+00	1.40449E+00	6.05724E+04
9.00000E+00	1.68539E+00	6.10857E+04
9.00000E+00	1.96629E+00	6.18559E+04
9.00000E+00	2.24719E+00	6.27956E+04
9.00000E+00	2.52809E+00	6.38428E+04
9.00000E+00	2.80899E+00	6.49754E+04
9.00000E+00	3.08989E+00	6.62056E+04
9.00000E+00	3.37079E+00	6.75692E+04
9.00000E+00	3.65169E+00	6.91122E+04
9.00000E+00	3.93258E+00	7.08813E+04
9.00000E+00	4.21348E+00	7.29169E+04
9.00000E+00	4.49438E+00	7.52504E+04
9.00000E+00	4.77528E+00	7.79024E+04
9.00000E+00	5.05618E+00	8.08819E+04
9.00000E+00	5.33708E+00	8.41852E+04
9.00000E+00	5.61798E+00	8.77938E+04
9.00000E+00	5.89888E+00	9.16733E+04
9.00000E+00	6.17978E+00	9.57724E+04
9.00000E+00	6.46067E+00	1.00025E+05
9.00000E+00	6.74157E+00	1.04358E+05
9.00000E+00	7.02247E+00	1.08701E+05
9.00000E+00	7.30337E+00	1.12999E+05
9.00000E+00	7.58427E+00	1.17230E+05
9.00000E+00	7.86517E+00	1.21407E+05
9.00000E+00	8.14607E+00	1.25579E+05
9.00000E+00	8.42697E+00	1.29829E+05
9.00000E+00	8.70787E+00	1.34257E+05
9.00000E+00	8.98876E+00	1.38973E+05
9.00000E+00	9.26966E+00	1.44089E+05
9.00000E+00	9.55056E+00	1.49711E+05
9.00000E+00	9.83146E+00	1.55935E+05
9.00000E+00	1.01124E+01	1.62847E+05
9.00000E+00	1.03933E+01	1.70522E+05
9.00000E+00	1.06742E+01	1.79024E+05
9.00000E+00	1.09551E+01	1.88410E+05
9.00000E+00	1.12360E+01	1.98725E+05
9.00000E+00	1.15169E+01	2.10011E+05
9.00000E+00	1.17978E+01	2.22299E+05
9.00000E+00	1.20787E+01	2.35616E+05
9.00000E+00	1.23596E+01	2.49981E+05
9.00000E+00	1.26404E+01	2.65409E+05
9.00000E+00	1.29213E+01	2.81903E+05
9.00000E+00	1.32022E+01	2.99463E+05
9.00000E+00	1.34831E+01	3.18077E+05
9.00000E+00	1.37640E+01	3.37727E+05
9.00000E+00	1.40449E+01	3.58383E+05
9.00000E+00	1.43258E+01	3.80006E+05
9.00000E+00	1.46067E+01	4.02543E+05
9.00000E+00	1.48876E+01	4.25935E+05
9.00000E+00	1.51685E+01	4.50108E+05
9.00000E+00	1.54494E+01	4.74979E+05
9.00000E+00	1.57303E+01	5.00455E+05
9.00000E+00	1.60112E+01	5.26432E+05
9.00000E+00	1.62921E+01	5.52794E+05
9.00000E+00	1.65730E+01	5.79417E+05
9.00000E+00	1.68539E+01	6.06165E+05
9.00000E+00	1.71348E+01	6.32897E+05
9.00000E+00	1.74157E+01	6.59466E+05
9.00000E+00	1.76966E+01	6.85726E+05
9.00000E+00	1.79775E+01	7.11531E+05
9.00000E+00	1.82584E+01	7.36743E+05
9.00000E+00	1.85393E+01	7.61232E+05
9.00000E+00	1.88202E+01	7.84881E+05
9.00000E+00	1.91011E+01	8.07587E+05
9.00000E+00	1.93820E+01	8.29263E+05
9.00000E+00	1.96629E+01	8.49836E+05
9.00000E+00	1.99438E+01	8.69249E+05
9.00000E+00	2.02247E+01	8.87463E+05
9.00000E+00	2.05056E+01	9.04447E+05
9.00000E+00	2.07865E+01	9.20186E+05
9.00000E+00	2.10674E+01	9.34673E+05
9.00000E+00	2.13483E+01	9.47912E+05
9.00000E+00	2.16292E+01	9.59918E+05
9.00000E+00	2.19101E+01	9.70712E+05
9.00000E+00	2.21910E+01	9.80325E+05
9.00000E+00	2.24719E+01	9.88795E+05
9.00000E+00	2.27528E+01	9.96164E+05
9.00000E+00	2.30337E+01	1.00248E+06
9.00000E+00	2.33146E+01	1.00779E+06
9.00000E+00	2.35955E+01	1.01215E+06
9.00000E+00	2.38764E+01	1.01560E+06
9.00000E+00	2.41573E+01	1.01821E+06
9.00000E+00	2.44382E+01	1.02001E+06
9.00000E+00	2.47191E+01	1.02107E+06
9.00000E+00	2.50000E+01	1.02141E+06
1.00000E+01	0.00000E+00	5.98130E+04
1.00000E+01	2.80899E-01	6.01898E+04
1.00000E+01	5.61798E-01	6.05824E+04
1.00000E+01	8.42697E-01	6.09782E+04
1.00000E+01	1.12360E+00	6.13767E+04
1.00000E+01	1.40449E+00	6.18040E+04
1.00000E+01	1.68539E+00	6.23267E+04
1.00000E+01	1.96629E+00	6.30720E+04
1.00000E+01	2.24719E+00	6.40677E+04
1.00000E+01	2.52809E+00	6.52378E+04
1.00000E+01	2.80899E+00	6.65392E+04
1.00000E+01	3.08989E+00	6.79568E+04
1.00000E+01	3.37079E+00	6.95013E+04
1.00000E+01	3.65169E+00	7.12015E+04
1.00000E+01	3.93258E+00	7.30947E+04
1.00000E+01	4.21348E+00	7.52179E+04
1.00000E+01	4.49438E+00	7.76018E+04
1.00000E+01	4.77528E+00	8.02676E+04
1.00000E+01	5.05618E+00	8.32248E+04
1.00000E+01	5.33708E+00	8.64701E+04
1.00000E+01	5.61798E+00	8.99871E+04
1.00000E+01	5.89888E+00	9.37458E+04
1.00000E+01	6.17978E+00	9.77043E+04
1.00000E+01	6.46067E+00	1.01811E+05
1.00000E+01	6.74157E+00	1.06013E+05
1.00000E+01	7.02247E+00	1.10262E+05
1.00000E+01	7.30337E+00	1.14523E+05
1.00000E+01	7.58427E+00	1.18788E+05
1.00000E+01	7.86517E+00	1.23075E+05
1.00000E+01	8.14607E+00	1.27428E+05
1.00000E+01	8.42697E+00	1.31917E+05
1.00000E+01	8.70787E+00	1.36628E+05
1.00000E+01	8.98876E+00	1.41657E+05
1.00000E+01	9.26966E+00	1.47102E+05
1.00000E+01	9.55056E+00	1.53055E+05
1.00000E+01	9.83146E+00	1.59607E+05
1.00000E+01	1.01124E+01	1.66836E+05
1.00000E+01	1.03933E+01	1.74814E+05
1.00000E+01	1.06742E+01	1.83604E+05
1.00000E+01	1.09551E+01	1.93259E+05
1.00000E+01	1.12360E+01	2.03825E+05
1.00000E+01	1.15169E+01	2.15341E+05
1.00000E+01	1.17978E+01	2.27837E+05
1.00000E+01	1.20787E+01	2.41339E+05
1.00000E+01	1.23596E+01	2.55864E+05
1.00000E+01	1.26404E+01	2.71424E+05
1.00000E+01	1.29213E+01	2.88021E+05
1.00000E+01	1.32022E+01	3.05652E+05
1.00000E+01	1.34831E+01	3.24303E+05
1.00000E+01	1.37640E+01	3.43953E+05
1.00000E+01	1.40449E+01	3.64571E+05
1.00000E+01	1.43258E+01	3.86114E+05
1.00000E+01	1.46067E+01	4.08531E+05
1.00000E+01	1.48876E+01	4.31760E+05
1.00000E+01	1.51685E+01	4.55727E+05
1.00000E+01	1.54494E+01	4.80351E+05
1.00000E+01	1.57303E+01	5.05538E+05
1.00000E+01	1.60112E+01	5.31184E+05
1.00000E+01	1.62921E+01	5.57178E+05
1.00000E+01	1.65730E+01	5.83397E+05
1.00000E+01	1.68539E+01	6.09713E+05
1.00000E+01	1.71348E+01	6.35989E+05
1.00000E+01	1.74157E+01	6.62088E+05
1.00000E+01	1.76966E+01	6.87871E+05
1.00000E+01	1.79775E+01	7.13201E+05
1.00000E+01	1.82584E+01	7.37949E+05
1.00000E+01	1.85393E+01	7.61992E+05
1.00000E+01	1.88202E+01	7.85220E+05
1.00000E+01	1.91011E+01	8.07534E+05
1.00000E+01	1.93820E+01	8.28849E+05
1.00000E+01	1.96629E+01	8.49097E+05
1.00000E+01	1.99438E+01	8.68222E+05
1.00000E+01	2.02247E+01	8.86181E+05
1.00000E+01	2.05056E+01	9.02945E+05
1.00000E+01	2.07865E+01	9.18496E+05
1.00000E+01	2.10674E+01	9.32827E+05
1.00000E+01	2.13483E+01	9.45941E+05
1.00000E+01	2.16292E+01	9.57851E+05
1.00000E+01	2.19101E+01	9.68576E+05
1.00000E+01	2.21910E+01	9.78145E+05
1.00000E+01	2.24719E+01	9.86592E+05
1.00000E+01	2.27528E+01	9.93958E+05
1.00000E+01	2.30337E+01	1.00028E+06
1.00000E+01	2.33146E+01	1.00562E+06
1.00000E+01	2.35955E+01	1.01001E+06
1.00000E+01	2.38764E+01	1.01351E+06
1.00000E+01	2.41573E+01	1.01617E+06
1.00000E+01	2.44382E+01	1.01802E+06
1.00000E+01	2.47191E+01	1.01913E+06
1.00000E+01	2.50000E+01	1.01953E+06
