1.00000E-04	0.00000E+00	9.37368E-01
1.00000E-04	2.80899E-01	4.32353E-02
1.00000E-04	5.61798E-01	3.17254E-02
1.00000E-04	8.42697E-01	2.48119E-02
1.00000E-04	1.12360E+00	1.98059E-02
1.00000E-04	1.40449E+00	1.61760E-02
1.00000E-04	1.68539E+00	1.35152E-02
1.00000E-04	1.96629E+00	1.15311E-02
1.00000E-04	2.24719E+00	1.00102E-02
1.00000E-04	2.52809E+00	8.80708E-03
1.00000E-04	2.80899E+00	7.81892E-03
1.00000E-04	3.08989E+00	6.99260E-03
1.00000E-04	3.37079E+00	6.30284E-03
1.00000E-04	3.65169E+00	5.72331E-03
1.00000E-04	3.93258E+00	5.23900E-03
1.00000E-04	4.21348E+00	4.83187E-03
1.00000E-04	4.49438E+00	4.49687E-03
1.00000E-04	4.77528E+00	4.22177E-03
1.00000E-04	5.05618E+00	4.00617E-03
1.00000E-04	5.33708E+00	3.85029E-03
1.00000E-04	5.61798E+00	3.73201E-03
1.00000E-04	5.89888E+00	3.67095E-03
1.00000E-04	6.17978E+00	3.63441E-03
1.00000E-04	6.46067E+00	3.66459E-03
1.00000E-04	6.74157E+00	3.72835E-03
1.00000E-04	7.02247E+00	3.85261E-03
1.00000E-04	7.30337E+00	4.00740E-03
1.00000E-04	7.58427E+00	4.20944E-03
1.00000E-04	7.86517E+00	4.44982E-03
1.00000E-04	8.14607E+00	4.70370E-03
1.00000E-04	8.42697E+00	4.99981E-03
1.00000E-04	8.70787E+00	5.29606E-03
1.00000E-04	8.98876E+00	5.62456E-03
1.00000E-04	9.26966E+00	5.95748E-03
1.00000E-04	9.55056E+00	6.30695E-03
1.00000E-04	9.83146E+00	6.66288E-03
1.00000E-04	1.01124E+01	7.01176E-03
1.00000E-04	1.03933E+01	7.36843E-03
1.00000E-04	1.06742E+01	7.70716E-03
1.00000E-04	1.09551E+01	8.04379E-03
1.00000E-04	1.12360E+01	8.35738E-03
1.00000E-04	1.15169E+01	8.66268E-03
1.00000E-04	1.17978E+01	8.94659E-03
1.00000E-04	1.20787E+01	9.23523E-03
1.00000E-04	1.23596E+01	9.48993E-03
1.00000E-04	1.26404E+01	9.71747E-03
1.00000E-04	1.29213E+01	9.92577E-03
1.00000E-04	1.32022E+01	1.01192E-02
1.00000E-04	1.34831E+01	1.03043E-02
1.00000E-04	1.37640E+01	1.04672E-02
1.00000E-04	1.40449E+01	1.06219E-02
1.00000E-04	1.43258E+01	1.07426E-02
1.00000E-04	1.46067E+01	1.08461E-02
1.00000E-04	1.48876E+01	1.09302E-02
1.00000E-04	1.51685E+01	1.10074E-02
1.00000E-04	1.54494E+01	1.10846E-02
1.00000E-04	1.57303E+01	1.11504E-02
1.00000E-04	1.60112E+01	1.12107E-02
1.00000E-04	1.62921E+01	1.12577E-02
1.00000E-04	1.65730E+01	1.12943E-02
1.00000E-04	1.68539E+01	1.13109E-02
1.00000E-04	1.71348E+01	1.13124E-02
1.00000E-04	1.74157E+01	1.13110E-02
1.00000E-04	1.76966E+01	1.13183E-02
1.00000E-04	1.79775E+01	1.13227E-02
1.00000E-04	1.82584E+01	1.13209E-02
1.00000E-04	1.85393E+01	1.13189E-02
1.00000E-04	1.88202E+01	1.13217E-02
1.00000E-04	1.91011E+01	1.13110E-02
1.00000E-04	1.93820E+01	1.12943E-02
1.00000E-04	1.96629E+01	1.12838E-02
1.00000E-04	1.99438E+01	1.12593E-02
1.00000E-04	2.02247E+01	1.12184E-02
1.00000E-04	2.05056E+01	1.11845E-02
1.00000E-04	2.07865E+01	1.11611E-02
1.00000E-04	2.10674E+01	1.11226E-02
1.00000E-04	2.13483E+01	1.10969E-02
1.00000E-04	2.16292E+01	1.10655E-02
1.00000E-04	2.19101E+01	1.10384E-02
1.00000E-04	2.21910E+01	1.10074E-02
1.00000E-04	2.24719E+01	1.09768E-02
1.00000E-04	2.27528E+01	1.09423E-02
1.00000E-04	2.30337E+01	1.09099E-02
1.00000E-04	2.33146E+01	1.08706E-02
1.00000E-04	2.35955E+01	1.08264E-02
1.00000E-04	2.38764E+01	1.07744E-02
1.00000E-04	2.41573E+01	1.07196E-02
1.00000E-04	2.44382E+01	1.06561E-02
1.00000E-04	2.47191E+01	1.06046E-02
1.00000E-04	2.50000E+01	1.05514E-02
5.00000E-04	0.00000E+00	9.19822E-01
5.00000E-04	2.80899E-01	8.65391E-02
5.00000E-04	5.61798E-01	6.35071E-02
5.00000E-04	8.42697E-01	4.96705E-02
5.00000E-04	1.12360E+00	3.96440E-02
5.00000E-04	1.40449E+00	3.23805E-02
5.00000E-04	1.68539E+00	2.70543E-02
5.00000E-04	1.96629E+00	2.30826E-02
5.00000E-04	2.24719E+00	2.00381E-02
5.00000E-04	2.52809E+00	1.76297E-02
5.00000E-04	2.80899E+00	1.56516E-02
5.00000E-04	3.08989E+00	1.39977E-02
5.00000E-04	3.37079E+00	1.26168E-02
5.00000E-04	3.65169E+00	1.14567E-02
5.00000E-04	3.93258E+00	1.04873E-02
5.00000E-04	4.21348E+00	9.67187E-03
5.00000E-04	4.49438E+00	9.00169E-03
5.00000E-04	4.77528E+00	8.45099E-03
5.00000E-04	5.05618E+00	8.01943E-03
5.00000E-04	5.33708E+00	7.70737E-03
5.00000E-04	5.61798E+00	7.47060E-03
5.00000E-04	5.89888E+00	7.34835E-03
5.00000E-04	6.17978E+00	7.27525E-03
5.00000E-04	6.46067E+00	7.33566E-03
5.00000E-04	6.74157E+00	7.46328E-03
5.00000E-04	7.02247E+00	7.71202E-03
5.00000E-04	7.30337E+00	8.02222E-03
5.00000E-04	7.58427E+00	8.42632E-03
5.00000E-04	7.86517E+00	8.90750E-03
5.00000E-04	8.14607E+00	9.41570E-03
5.00000E-04	8.42697E+00	1.00084E-02
5.00000E-04	8.70787E+00	1.06015E-02
5.00000E-04	8.98876E+00	1.12633E-02
5.00000E-04	9.26966E+00	1.19255E-02
5.00000E-04	9.55056E+00	1.26250E-02
5.00000E-04	9.83146E+00	1.33375E-02
5.00000E-04	1.01124E+01	1.40359E-02
5.00000E-04	1.03933E+01	1.47478E-02
5.00000E-04	1.06742E+01	1.54279E-02
5.00000E-04	1.09551E+01	1.61018E-02
5.00000E-04	1.12360E+01	1.67295E-02
5.00000E-04	1.15169E+01	1.73407E-02
5.00000E-04	1.17978E+01	1.79090E-02
5.00000E-04	1.20787E+01	1.84868E-02
5.00000E-04	1.23596E+01	1.89966E-02
5.00000E-04	1.26404E+01	1.94521E-02
5.00000E-04	1.29213E+01	1.98691E-02
5.00000E-04	1.32022E+01	2.02563E-02
5.00000E-04	1.34831E+01	2.06268E-02
5.00000E-04	1.37640E+01	2.09529E-02
5.00000E-04	1.40449E+01	2.12626E-02
5.00000E-04	1.43258E+01	2.15041E-02
5.00000E-04	1.46067E+01	2.17113E-02
5.00000E-04	1.48876E+01	2.18797E-02
5.00000E-04	1.51685E+01	2.20342E-02
5.00000E-04	1.54494E+01	2.21887E-02
5.00000E-04	1.57303E+01	2.23205E-02
5.00000E-04	1.60112E+01	2.24412E-02
5.00000E-04	1.62921E+01	2.25352E-02
5.00000E-04	1.65730E+01	2.26085E-02
5.00000E-04	1.68539E+01	2.26418E-02
5.00000E-04	1.71348E+01	2.26448E-02
5.00000E-04	1.74157E+01	2.26420E-02
5.00000E-04	1.76966E+01	2.26565E-02
5.00000E-04	1.79775E+01	2.26655E-02
5.00000E-04	1.82584E+01	2.26617E-02
5.00000E-04	1.85393E+01	2.26578E-02
5.00000E-04	1.88202E+01	2.26633E-02
5.00000E-04	1.91011E+01	2.26420E-02
5.00000E-04	1.93820E+01	2.26086E-02
5.00000E-04	1.96629E+01	2.25875E-02
5.00000E-04	1.99438E+01	2.25368E-02
5.00000E-04	2.02247E+01	2.24566E-02
5.00000E-04	2.05056E+01	2.23887E-02
5.00000E-04	2.07865E+01	2.23418E-02
5.00000E-04	2.10674E+01	2.22648E-02
5.00000E-04	2.13483E+01	2.22133E-02
5.00000E-04	2.16292E+01	2.21504E-02
5.00000E-04	2.19101E+01	2.20962E-02
5.00000E-04	2.21910E+01	2.20341E-02
5.00000E-04	2.24719E+01	2.19730E-02
5.00000E-04	2.27528E+01	2.19039E-02
5.00000E-04	2.30337E+01	2.18391E-02
5.00000E-04	2.33146E+01	2.17604E-02
5.00000E-04	2.35955E+01	2.16720E-02
5.00000E-04	2.38764E+01	2.15679E-02
5.00000E-04	2.41573E+01	2.14581E-02
5.00000E-04	2.44382E+01	2.13311E-02
5.00000E-04	2.47191E+01	2.12280E-02
5.00000E-04	2.50000E+01	2.11213E-02
1.00000E-03	0.00000E+00	9.19755E-01
1.00000E-03	2.80899E-01	1.18299E-01
1.00000E-03	5.61798E-01	8.68146E-02
1.00000E-03	8.42697E-01	6.79024E-02
1.00000E-03	1.12360E+00	5.41905E-02
1.00000E-03	1.40449E+00	4.42637E-02
1.00000E-03	1.68539E+00	3.69834E-02
1.00000E-03	1.96629E+00	3.15541E-02
1.00000E-03	2.24719E+00	2.73922E-02
1.00000E-03	2.52809E+00	2.40999E-02
1.00000E-03	2.80899E+00	2.13959E-02
1.00000E-03	3.08989E+00	1.91353E-02
1.00000E-03	3.37079E+00	1.72473E-02
1.00000E-03	3.65169E+00	1.56611E-02
1.00000E-03	3.93258E+00	1.43364E-02
1.00000E-03	4.21348E+00	1.32213E-02
1.00000E-03	4.49438E+00	1.23052E-02
1.00000E-03	4.77528E+00	1.15524E-02
1.00000E-03	5.05618E+00	1.09628E-02
1.00000E-03	5.33708E+00	1.05360E-02
1.00000E-03	5.61798E+00	1.02124E-02
1.00000E-03	5.89888E+00	1.00448E-02
1.00000E-03	6.17978E+00	9.94530E-03
1.00000E-03	6.46067E+00	1.00279E-02
1.00000E-03	6.74157E+00	1.02020E-02
1.00000E-03	7.02247E+00	1.05424E-02
1.00000E-03	7.30337E+00	1.09665E-02
1.00000E-03	7.58427E+00	1.15188E-02
1.00000E-03	7.86517E+00	1.21766E-02
1.00000E-03	8.14607E+00	1.28713E-02
1.00000E-03	8.42697E+00	1.36816E-02
1.00000E-03	8.70787E+00	1.44923E-02
1.00000E-03	8.98876E+00	1.53980E-02
1.00000E-03	9.26966E+00	1.63022E-02
1.00000E-03	9.55056E+00	1.72585E-02
1.00000E-03	9.83146E+00	1.82325E-02
1.00000E-03	1.01124E+01	1.91872E-02
1.00000E-03	1.03933E+01	2.01599E-02
1.00000E-03	1.06742E+01	2.10901E-02
1.00000E-03	1.09551E+01	2.20112E-02
1.00000E-03	1.12360E+01	2.28693E-02
1.00000E-03	1.15169E+01	2.37048E-02
1.00000E-03	1.17978E+01	2.44817E-02
1.00000E-03	1.20787E+01	2.52714E-02
1.00000E-03	1.23596E+01	2.59685E-02
1.00000E-03	1.26404E+01	2.65911E-02
1.00000E-03	1.29213E+01	2.71612E-02
1.00000E-03	1.32022E+01	2.76905E-02
1.00000E-03	1.34831E+01	2.81969E-02
1.00000E-03	1.37640E+01	2.86428E-02
1.00000E-03	1.40449E+01	2.90661E-02
1.00000E-03	1.43258E+01	2.93963E-02
1.00000E-03	1.46067E+01	2.96795E-02
1.00000E-03	1.48876E+01	2.99096E-02
1.00000E-03	1.51685E+01	3.01208E-02
1.00000E-03	1.54494E+01	3.03321E-02
1.00000E-03	1.57303E+01	3.05123E-02
1.00000E-03	1.60112E+01	3.06772E-02
1.00000E-03	1.62921E+01	3.08058E-02
1.00000E-03	1.65730E+01	3.09059E-02
1.00000E-03	1.68539E+01	3.09515E-02
1.00000E-03	1.71348E+01	3.09556E-02
1.00000E-03	1.74157E+01	3.09521E-02
1.00000E-03	1.76966E+01	3.09716E-02
1.00000E-03	1.79775E+01	3.09838E-02
1.00000E-03	1.82584E+01	3.09787E-02
1.00000E-03	1.85393E+01	3.09733E-02
1.00000E-03	1.88202E+01	3.09809E-02
1.00000E-03	1.91011E+01	3.09521E-02
1.00000E-03	1.93820E+01	3.09061E-02
1.00000E-03	1.96629E+01	3.08772E-02
1.00000E-03	1.99438E+01	3.08042E-02
1.00000E-03	2.02247E+01	3.06983E-02
1.00000E-03	2.05056E+01	3.06054E-02
1.00000E-03	2.07865E+01	3.05414E-02
1.00000E-03	2.10674E+01	3.04361E-02
1.00000E-03	2.13483E+01	3.03658E-02
1.00000E-03	2.16292E+01	3.02798E-02
1.00000E-03	2.19101E+01	3.02057E-02
1.00000E-03	2.21910E+01	3.01208E-02
1.00000E-03	2.24719E+01	3.00372E-02
1.00000E-03	2.27528E+01	2.99427E-02
1.00000E-03	2.30337E+01	2.98541E-02
1.00000E-03	2.33146E+01	2.97466E-02
1.00000E-03	2.35955E+01	2.96257E-02
1.00000E-03	2.38764E+01	2.94834E-02
1.00000E-03	2.41573E+01	2.93333E-02
1.00000E-03	2.44382E+01	2.91597E-02
1.00000E-03	2.47191E+01	2.90188E-02
1.00000E-03	2.50000E+01	2.88730E-02
5.00000E-03	0.00000E+00	9.21686E-01
5.00000E-03	2.80899E-01	2.45691E-01
5.00000E-03	5.61798E-01	1.80303E-01
5.00000E-03	8.42697E-01	1.41025E-01
5.00000E-03	1.12360E+00	1.12542E-01
5.00000E-03	1.40449E+00	9.19268E-02
5.00000E-03	1.68539E+00	7.68100E-02
5.00000E-03	1.96629E+00	6.55330E-02
5.00000E-03	2.24719E+00	5.68886E-02
5.00000E-03	2.52809E+00	5.00522E-02
5.00000E-03	2.80899E+00	4.44364E-02
5.00000E-03	3.08989E+00	3.97428E-02
5.00000E-03	3.37079E+00	3.58207E-02
5.00000E-03	3.65169E+00	3.25247E-02
5.00000E-03	3.93258E+00	2.97763E-02
5.00000E-03	4.21348E+00	2.74585E-02
5.00000E-03	4.49438E+00	2.55545E-02
5.00000E-03	4.77528E+00	2.39911E-02
5.00000E-03	5.05618E+00	2.27700E-02
5.00000E-03	5.33708E+00	2.18807E-02
5.00000E-03	5.61798E+00	2.12109E-02
5.00000E-03	5.89888E+00	2.08582E-02
5.00000E-03	6.17978E+00	2.06526E-02
5.00000E-03	6.46067E+00	2.08269E-02
5.00000E-03	6.74157E+00	2.11805E-02
5.00000E-03	7.02247E+00	2.18907E-02
5.00000E-03	7.30337E+00	2.27759E-02
5.00000E-03	7.58427E+00	2.39224E-02
5.00000E-03	7.86517E+00	2.52920E-02
5.00000E-03	8.14607E+00	2.67246E-02
5.00000E-03	8.42697E+00	2.84140E-02
5.00000E-03	8.70787E+00	3.00988E-02
5.00000E-03	8.98876E+00	3.19812E-02
5.00000E-03	9.26966E+00	3.38522E-02
5.00000E-03	9.55056E+00	3.58436E-02
5.00000E-03	9.83146E+00	3.78636E-02
5.00000E-03	1.01124E+01	3.98471E-02
5.00000E-03	1.03933E+01	4.18689E-02
5.00000E-03	1.06742E+01	4.38011E-02
5.00000E-03	1.09551E+01	4.57149E-02
5.00000E-03	1.12360E+01	4.74812E-02
5.00000E-03	1.15169E+01	4.92231E-02
5.00000E-03	1.17978E+01	5.08456E-02
5.00000E-03	1.20787E+01	5.24690E-02
5.00000E-03	1.23596E+01	5.39326E-02
5.00000E-03	1.26404E+01	5.52269E-02
5.00000E-03	1.29213E+01	5.64256E-02
5.00000E-03	1.32022E+01	5.75094E-02
5.00000E-03	1.34831E+01	5.85685E-02
5.00000E-03	1.37640E+01	5.94993E-02
5.00000E-03	1.40449E+01	6.03663E-02
5.00000E-03	1.43258E+01	6.10525E-02
5.00000E-03	1.46067E+01	6.16406E-02
5.00000E-03	1.48876E+01	6.21198E-02
5.00000E-03	1.51685E+01	6.25571E-02
5.00000E-03	1.54494E+01	6.29958E-02
5.00000E-03	1.57303E+01	6.33696E-02
5.00000E-03	1.60112E+01	6.37129E-02
5.00000E-03	1.62921E+01	6.39813E-02
5.00000E-03	1.65730E+01	6.41859E-02
5.00000E-03	1.68539E+01	6.42822E-02
5.00000E-03	1.71348E+01	6.42908E-02
5.00000E-03	1.74157E+01	6.42929E-02
5.00000E-03	1.76966E+01	6.43267E-02
5.00000E-03	1.79775E+01	6.43494E-02
5.00000E-03	1.82584E+01	6.43376E-02
5.00000E-03	1.85393E+01	6.43276E-02
5.00000E-03	1.88202E+01	6.43440E-02
5.00000E-03	1.91011E+01	6.42853E-02
5.00000E-03	1.93820E+01	6.41881E-02
5.00000E-03	1.96629E+01	6.41280E-02
5.00000E-03	1.99438E+01	6.39665E-02
5.00000E-03	2.02247E+01	6.37564E-02
5.00000E-03	2.05056E+01	6.35644E-02
5.00000E-03	2.07865E+01	6.34284E-02
5.00000E-03	2.10674E+01	6.32119E-02
5.00000E-03	2.13483E+01	6.30658E-02
5.00000E-03	2.16292E+01	6.28873E-02
5.00000E-03	2.19101E+01	6.27333E-02
5.00000E-03	2.21910E+01	6.25570E-02
5.00000E-03	2.24719E+01	6.23835E-02
5.00000E-03	2.27528E+01	6.21872E-02
5.00000E-03	2.30337E+01	6.20024E-02
5.00000E-03	2.33146E+01	6.17782E-02
5.00000E-03	2.35955E+01	6.15287E-02
5.00000E-03	2.38764E+01	6.12337E-02
5.00000E-03	2.41573E+01	6.09190E-02
5.00000E-03	2.44382E+01	6.05609E-02
5.00000E-03	2.47191E+01	6.02683E-02
5.00000E-03	2.50000E+01	5.99655E-02
1.00000E-02	0.00000E+00	9.32416E-01
1.00000E-02	2.80899E-01	3.24126E-01
1.00000E-02	5.61798E-01	2.37862E-01
1.00000E-02	8.42697E-01	1.86046E-01
1.00000E-02	1.12360E+00	1.48470E-01
1.00000E-02	1.40449E+00	1.21274E-01
1.00000E-02	1.68539E+00	1.01331E-01
1.00000E-02	1.96629E+00	8.64537E-02
1.00000E-02	2.24719E+00	7.50497E-02
1.00000E-02	2.52809E+00	6.60309E-02
1.00000E-02	2.80899E+00	5.86222E-02
1.00000E-02	3.08989E+00	5.24304E-02
1.00000E-02	3.37079E+00	4.72561E-02
1.00000E-02	3.65169E+00	4.29077E-02
1.00000E-02	3.93258E+00	3.92823E-02
1.00000E-02	4.21348E+00	3.62244E-02
1.00000E-02	4.49438E+00	3.37121E-02
1.00000E-02	4.77528E+00	3.16497E-02
1.00000E-02	5.05618E+00	3.00393E-02
1.00000E-02	5.33708E+00	2.88654E-02
1.00000E-02	5.61798E+00	2.79830E-02
1.00000E-02	5.89888E+00	2.75164E-02
1.00000E-02	6.17978E+00	2.72439E-02
1.00000E-02	6.46067E+00	2.74760E-02
1.00000E-02	6.74157E+00	2.79399E-02
1.00000E-02	7.02247E+00	2.88774E-02
1.00000E-02	7.30337E+00	3.00467E-02
1.00000E-02	7.58427E+00	3.15594E-02
1.00000E-02	7.86517E+00	3.33679E-02
1.00000E-02	8.14607E+00	3.52468E-02
1.00000E-02	8.42697E+00	3.74804E-02
1.00000E-02	8.70787E+00	3.97094E-02
1.00000E-02	8.98876E+00	4.21913E-02
1.00000E-02	9.26966E+00	4.46517E-02
1.00000E-02	9.55056E+00	4.72856E-02
1.00000E-02	9.83146E+00	4.99417E-02
1.00000E-02	1.01124E+01	5.25594E-02
1.00000E-02	1.03933E+01	5.52356E-02
1.00000E-02	1.06742E+01	5.77795E-02
1.00000E-02	1.09551E+01	6.03155E-02
1.00000E-02	1.12360E+01	6.26225E-02
1.00000E-02	1.15169E+01	6.49241E-02
1.00000E-02	1.17978E+01	6.70768E-02
1.00000E-02	1.20787E+01	6.92078E-02
1.00000E-02	1.23596E+01	7.11420E-02
1.00000E-02	1.26404E+01	7.28649E-02
1.00000E-02	1.29213E+01	7.44495E-02
1.00000E-02	1.32022E+01	7.58694E-02
1.00000E-02	1.34831E+01	7.72766E-02
1.00000E-02	1.37640E+01	7.85067E-02
1.00000E-02	1.40449E+01	7.96331E-02
1.00000E-02	1.43258E+01	8.05461E-02
1.00000E-02	1.46067E+01	8.13187E-02
1.00000E-02	1.48876E+01	8.19565E-02
1.00000E-02	1.51685E+01	8.25287E-02
1.00000E-02	1.54494E+01	8.31065E-02
1.00000E-02	1.57303E+01	8.35947E-02
1.00000E-02	1.60112E+01	8.40567E-02
1.00000E-02	1.62921E+01	8.44105E-02
1.00000E-02	1.65730E+01	8.46692E-02
1.00000E-02	1.68539E+01	8.48041E-02
1.00000E-02	1.71348E+01	8.48149E-02
1.00000E-02	1.74157E+01	8.48209E-02
1.00000E-02	1.76966E+01	8.48658E-02
1.00000E-02	1.79775E+01	8.48923E-02
1.00000E-02	1.82584E+01	8.48674E-02
1.00000E-02	1.85393E+01	8.48643E-02
1.00000E-02	1.88202E+01	8.48895E-02
1.00000E-02	1.91011E+01	8.48076E-02
1.00000E-02	1.93820E+01	8.46819E-02
1.00000E-02	1.96629E+01	8.46003E-02
1.00000E-02	1.99438E+01	8.43853E-02
1.00000E-02	2.02247E+01	8.41083E-02
1.00000E-02	2.05056E+01	8.38600E-02
1.00000E-02	2.07865E+01	8.36674E-02
1.00000E-02	2.10674E+01	8.33935E-02
1.00000E-02	2.13483E+01	8.31986E-02
1.00000E-02	2.16292E+01	8.29653E-02
1.00000E-02	2.19101E+01	8.27606E-02
1.00000E-02	2.21910E+01	8.25277E-02
1.00000E-02	2.24719E+01	8.22983E-02
1.00000E-02	2.27528E+01	8.20408E-02
1.00000E-02	2.30337E+01	8.17911E-02
1.00000E-02	2.33146E+01	8.14958E-02
1.00000E-02	2.35955E+01	8.11715E-02
1.00000E-02	2.38764E+01	8.07856E-02
1.00000E-02	2.41573E+01	8.03608E-02
1.00000E-02	2.44382E+01	7.98945E-02
1.00000E-02	2.47191E+01	7.95080E-02
1.00000E-02	2.50000E+01	7.91089E-02
5.00000E-02	0.00000E+00	9.60424E-01
5.00000E-02	2.80899E-01	5.23831E-01
5.00000E-02	5.61798E-01	3.84408E-01
5.00000E-02	8.42697E-01	3.00673E-01
5.00000E-02	1.12360E+00	2.39951E-01
5.00000E-02	1.40449E+00	1.95998E-01
5.00000E-02	1.68539E+00	1.63769E-01
5.00000E-02	1.96629E+00	1.39725E-01
5.00000E-02	2.24719E+00	1.21294E-01
5.00000E-02	2.52809E+00	1.06718E-01
5.00000E-02	2.80899E+00	9.47443E-02
5.00000E-02	3.08989E+00	8.47373E-02
5.00000E-02	3.37079E+00	7.63747E-02
5.00000E-02	3.65169E+00	6.93468E-02
5.00000E-02	3.93258E+00	6.34875E-02
5.00000E-02	4.21348E+00	5.85454E-02
5.00000E-02	4.49438E+00	5.44848E-02
5.00000E-02	4.77528E+00	5.11519E-02
5.00000E-02	5.05618E+00	4.85498E-02
5.00000E-02	5.33708E+00	4.66520E-02
5.00000E-02	5.61798E+00	4.52261E-02
5.00000E-02	5.89888E+00	4.44716E-02
5.00000E-02	6.17978E+00	4.40311E-02
5.00000E-02	6.46067E+00	4.44062E-02
5.00000E-02	6.74157E+00	4.51556E-02
5.00000E-02	7.02247E+00	4.66707E-02
5.00000E-02	7.30337E+00	4.85615E-02
5.00000E-02	7.58427E+00	5.10071E-02
5.00000E-02	7.86517E+00	5.39291E-02
5.00000E-02	8.14607E+00	5.69601E-02
5.00000E-02	8.42697E+00	6.05716E-02
5.00000E-02	8.70787E+00	6.41809E-02
5.00000E-02	8.98876E+00	6.81897E-02
5.00000E-02	9.26966E+00	7.21629E-02
5.00000E-02	9.55056E+00	7.64212E-02
5.00000E-02	9.83146E+00	8.07076E-02
5.00000E-02	1.01124E+01	8.49383E-02
5.00000E-02	1.03933E+01	8.92726E-02
5.00000E-02	1.06742E+01	9.33680E-02
5.00000E-02	1.09551E+01	9.75061E-02
5.00000E-02	1.12360E+01	1.01191E-01
5.00000E-02	1.15169E+01	1.04917E-01
5.00000E-02	1.17978E+01	1.08408E-01
5.00000E-02	1.20787E+01	1.11844E-01
5.00000E-02	1.23596E+01	1.14954E-01
5.00000E-02	1.26404E+01	1.17786E-01
5.00000E-02	1.29213E+01	1.20332E-01
5.00000E-02	1.32022E+01	1.22620E-01
5.00000E-02	1.34831E+01	1.24904E-01
5.00000E-02	1.37640E+01	1.26896E-01
5.00000E-02	1.40449E+01	1.28684E-01
5.00000E-02	1.43258E+01	1.30188E-01
5.00000E-02	1.46067E+01	1.31415E-01
5.00000E-02	1.48876E+01	1.32462E-01
5.00000E-02	1.51685E+01	1.33385E-01
5.00000E-02	1.54494E+01	1.34307E-01
5.00000E-02	1.57303E+01	1.35091E-01
5.00000E-02	1.60112E+01	1.35864E-01
5.00000E-02	1.62921E+01	1.36425E-01
5.00000E-02	1.65730E+01	1.36830E-01
5.00000E-02	1.68539E+01	1.37061E-01
5.00000E-02	1.71348E+01	1.37058E-01
5.00000E-02	1.74157E+01	1.37088E-01
5.00000E-02	1.76966E+01	1.37161E-01
5.00000E-02	1.79775E+01	1.37199E-01
5.00000E-02	1.82584E+01	1.37123E-01
5.00000E-02	1.85393E+01	1.37160E-01
5.00000E-02	1.88202E+01	1.37204E-01
5.00000E-02	1.91011E+01	1.37065E-01
5.00000E-02	1.93820E+01	1.36899E-01
5.00000E-02	1.96629E+01	1.36725E-01
5.00000E-02	1.99438E+01	1.36380E-01
5.00000E-02	2.02247E+01	1.35920E-01
5.00000E-02	2.05056E+01	1.35537E-01
5.00000E-02	2.07865E+01	1.35192E-01
5.00000E-02	2.10674E+01	1.34808E-01
5.00000E-02	2.13483E+01	1.34451E-01
5.00000E-02	2.16292E+01	1.34104E-01
5.00000E-02	2.19101E+01	1.33776E-01
5.00000E-02	2.21910E+01	1.33370E-01
5.00000E-02	2.24719E+01	1.33000E-01
5.00000E-02	2.27528E+01	1.32612E-01
5.00000E-02	2.30337E+01	1.32172E-01
5.00000E-02	2.33146E+01	1.31704E-01
5.00000E-02	2.35955E+01	1.31205E-01
5.00000E-02	2.38764E+01	1.30576E-01
5.00000E-02	2.41573E+01	1.29867E-01
5.00000E-02	2.44382E+01	1.29127E-01
5.00000E-02	2.47191E+01	1.28484E-01
5.00000E-02	2.50000E+01	1.27855E-01
1.00000E-01	0.00000E+00	9.73110E-01
1.00000E-01	2.80899E-01	5.96942E-01
1.00000E-01	5.61798E-01	4.38126E-01
1.00000E-01	8.42697E-01	3.42718E-01
1.00000E-01	1.12360E+00	2.73522E-01
1.00000E-01	1.40449E+00	2.23426E-01
1.00000E-01	1.68539E+00	1.86689E-01
1.00000E-01	1.96629E+00	1.59281E-01
1.00000E-01	2.24719E+00	1.38272E-01
1.00000E-01	2.52809E+00	1.21656E-01
1.00000E-01	2.80899E+00	1.08007E-01
1.00000E-01	3.08989E+00	9.65992E-02
1.00000E-01	3.37079E+00	8.70657E-02
1.00000E-01	3.65169E+00	7.90543E-02
1.00000E-01	3.93258E+00	7.23747E-02
1.00000E-01	4.21348E+00	6.67413E-02
1.00000E-01	4.49438E+00	6.21115E-02
1.00000E-01	4.77528E+00	5.83132E-02
1.00000E-01	5.05618E+00	5.53481E-02
1.00000E-01	5.33708E+00	5.31832E-02
1.00000E-01	5.61798E+00	5.15586E-02
1.00000E-01	5.89888E+00	5.06971E-02
1.00000E-01	6.17978E+00	5.01959E-02
1.00000E-01	6.46067E+00	5.06222E-02
1.00000E-01	6.74157E+00	5.14782E-02
1.00000E-01	7.02247E+00	5.32032E-02
1.00000E-01	7.30337E+00	5.53613E-02
1.00000E-01	7.58427E+00	5.81502E-02
1.00000E-01	7.86517E+00	6.14795E-02
1.00000E-01	8.14607E+00	6.49377E-02
1.00000E-01	8.42697E+00	6.90503E-02
1.00000E-01	8.70787E+00	7.31664E-02
1.00000E-01	8.98876E+00	7.77347E-02
1.00000E-01	9.26966E+00	8.22658E-02
1.00000E-01	9.55056E+00	8.71191E-02
1.00000E-01	9.83146E+00	9.20064E-02
1.00000E-01	1.01124E+01	9.68305E-02
1.00000E-01	1.03933E+01	1.01770E-01
1.00000E-01	1.06742E+01	1.06440E-01
1.00000E-01	1.09551E+01	1.11155E-01
1.00000E-01	1.12360E+01	1.15358E-01
1.00000E-01	1.15169E+01	1.19603E-01
1.00000E-01	1.17978E+01	1.23585E-01
1.00000E-01	1.20787E+01	1.27500E-01
1.00000E-01	1.23596E+01	1.31046E-01
1.00000E-01	1.26404E+01	1.34276E-01
1.00000E-01	1.29213E+01	1.37176E-01
1.00000E-01	1.32022E+01	1.39785E-01
1.00000E-01	1.34831E+01	1.42388E-01
1.00000E-01	1.37640E+01	1.44659E-01
1.00000E-01	1.40449E+01	1.46698E-01
1.00000E-01	1.43258E+01	1.48412E-01
1.00000E-01	1.46067E+01	1.49810E-01
1.00000E-01	1.48876E+01	1.51006E-01
1.00000E-01	1.51685E+01	1.52058E-01
1.00000E-01	1.54494E+01	1.53107E-01
1.00000E-01	1.57303E+01	1.54003E-01
1.00000E-01	1.60112E+01	1.54883E-01
1.00000E-01	1.62921E+01	1.55523E-01
1.00000E-01	1.65730E+01	1.55984E-01
1.00000E-01	1.68539E+01	1.56248E-01
1.00000E-01	1.71348E+01	1.56243E-01
1.00000E-01	1.74157E+01	1.56279E-01
1.00000E-01	1.76966E+01	1.56361E-01
1.00000E-01	1.79775E+01	1.56405E-01
1.00000E-01	1.82584E+01	1.56317E-01
1.00000E-01	1.85393E+01	1.56361E-01
1.00000E-01	1.88202E+01	1.56411E-01
1.00000E-01	1.91011E+01	1.56252E-01
1.00000E-01	1.93820E+01	1.56065E-01
1.00000E-01	1.96629E+01	1.55864E-01
1.00000E-01	1.99438E+01	1.55471E-01
1.00000E-01	2.02247E+01	1.54947E-01
1.00000E-01	2.05056E+01	1.54510E-01
1.00000E-01	2.07865E+01	1.54117E-01
1.00000E-01	2.10674E+01	1.53681E-01
1.00000E-01	2.13483E+01	1.53273E-01
1.00000E-01	2.16292E+01	1.52878E-01
1.00000E-01	2.19101E+01	1.52504E-01
1.00000E-01	2.21910E+01	1.52039E-01
1.00000E-01	2.24719E+01	1.51618E-01
1.00000E-01	2.27528E+01	1.51176E-01
1.00000E-01	2.30337E+01	1.50675E-01
1.00000E-01	2.33146E+01	1.50141E-01
1.00000E-01	2.35955E+01	1.49574E-01
1.00000E-01	2.38764E+01	1.48855E-01
1.00000E-01	2.41573E+01	1.48046E-01
1.00000E-01	2.44382E+01	1.47204E-01
1.00000E-01	2.47191E+01	1.46469E-01
1.00000E-01	2.50000E+01	1.45753E-01
2.00000E-01	0.00000E+00	9.82993E-01
2.00000E-01	2.80899E-01	6.51858E-01
2.00000E-01	5.61798E-01	4.79279E-01
2.00000E-01	8.42697E-01	3.75075E-01
2.00000E-01	1.12360E+00	2.99430E-01
2.00000E-01	1.40449E+00	2.44620E-01
2.00000E-01	1.68539E+00	2.04413E-01
2.00000E-01	1.96629E+00	1.74408E-01
2.00000E-01	2.24719E+00	1.51408E-01
2.00000E-01	2.52809E+00	1.33214E-01
2.00000E-01	2.80899E+00	1.18269E-01
2.00000E-01	3.08989E+00	1.05780E-01
2.00000E-01	3.37079E+00	9.53399E-02
2.00000E-01	3.65169E+00	8.65679E-02
2.00000E-01	3.93258E+00	7.92529E-02
2.00000E-01	4.21348E+00	7.30864E-02
2.00000E-01	4.49438E+00	6.80142E-02
2.00000E-01	4.77528E+00	6.38587E-02
2.00000E-01	5.05618E+00	6.06154E-02
2.00000E-01	5.33708E+00	5.82408E-02
2.00000E-01	5.61798E+00	5.64662E-02
2.00000E-01	5.89888E+00	5.55162E-02
2.00000E-01	6.17978E+00	5.49726E-02
2.00000E-01	6.46067E+00	5.54330E-02
2.00000E-01	6.74157E+00	5.63777E-02
2.00000E-01	7.02247E+00	5.82580E-02
2.00000E-01	7.30337E+00	6.06309E-02
2.00000E-01	7.58427E+00	6.36873E-02
2.00000E-01	7.86517E+00	6.73270E-02
2.00000E-01	8.14607E+00	7.11249E-02
2.00000E-01	8.42697E+00	7.56122E-02
2.00000E-01	8.70787E+00	8.01257E-02
2.00000E-01	8.98876E+00	8.51209E-02
2.00000E-01	9.26966E+00	9.00903E-02
2.00000E-01	9.55056E+00	9.54019E-02
2.00000E-01	9.83146E+00	1.00755E-01
2.00000E-01	1.01124E+01	1.06041E-01
2.00000E-01	1.03933E+01	1.11445E-01
2.00000E-01	1.06742E+01	1.16565E-01
2.00000E-01	1.09551E+01	1.21719E-01
2.00000E-01	1.12360E+01	1.26326E-01
2.00000E-01	1.15169E+01	1.30969E-01
2.00000E-01	1.17978E+01	1.35334E-01
2.00000E-01	1.20787E+01	1.39617E-01
2.00000E-01	1.23596E+01	1.43504E-01
2.00000E-01	1.26404E+01	1.47042E-01
2.00000E-01	1.29213E+01	1.50215E-01
2.00000E-01	1.32022E+01	1.53075E-01
2.00000E-01	1.34831E+01	1.55921E-01
2.00000E-01	1.37640E+01	1.58410E-01
2.00000E-01	1.40449E+01	1.60640E-01
2.00000E-01	1.43258E+01	1.62518E-01
2.00000E-01	1.46067E+01	1.64051E-01
2.00000E-01	1.48876E+01	1.65360E-01
2.00000E-01	1.51685E+01	1.66515E-01
2.00000E-01	1.54494E+01	1.67660E-01
2.00000E-01	1.57303E+01	1.68642E-01
2.00000E-01	1.60112E+01	1.69605E-01
2.00000E-01	1.62921E+01	1.70305E-01
2.00000E-01	1.65730E+01	1.70812E-01
2.00000E-01	1.68539E+01	1.71099E-01
2.00000E-01	1.71348E+01	1.71096E-01
2.00000E-01	1.74157E+01	1.71134E-01
2.00000E-01	1.76966E+01	1.71224E-01
2.00000E-01	1.79775E+01	1.71271E-01
2.00000E-01	1.82584E+01	1.71176E-01
2.00000E-01	1.85393E+01	1.71225E-01
2.00000E-01	1.88202E+01	1.71277E-01
2.00000E-01	1.91011E+01	1.71106E-01
2.00000E-01	1.93820E+01	1.70900E-01
2.00000E-01	1.96629E+01	1.70678E-01
2.00000E-01	1.99438E+01	1.70248E-01
2.00000E-01	2.02247E+01	1.69676E-01
2.00000E-01	2.05056E+01	1.69197E-01
2.00000E-01	2.07865E+01	1.68766E-01
2.00000E-01	2.10674E+01	1.68289E-01
2.00000E-01	2.13483E+01	1.67842E-01
2.00000E-01	2.16292E+01	1.67410E-01
2.00000E-01	2.19101E+01	1.67000E-01
2.00000E-01	2.21910E+01	1.66492E-01
2.00000E-01	2.24719E+01	1.66030E-01
2.00000E-01	2.27528E+01	1.65546E-01
2.00000E-01	2.30337E+01	1.64997E-01
2.00000E-01	2.33146E+01	1.64413E-01
2.00000E-01	2.35955E+01	1.63790E-01
2.00000E-01	2.38764E+01	1.63004E-01
2.00000E-01	2.41573E+01	1.62118E-01
2.00000E-01	2.44382E+01	1.61196E-01
2.00000E-01	2.47191E+01	1.60392E-01
2.00000E-01	2.50000E+01	1.59607E-01
2.50000E-01	0.00000E+00	9.84695E-01
2.50000E-01	2.80899E-01	6.66147E-01
2.50000E-01	5.61798E-01	4.90770E-01
2.50000E-01	8.42697E-01	3.84222E-01
2.50000E-01	1.12360E+00	3.06800E-01
2.50000E-01	1.40449E+00	2.50668E-01
2.50000E-01	1.68539E+00	2.09479E-01
2.50000E-01	1.96629E+00	1.78735E-01
2.50000E-01	2.24719E+00	1.55168E-01
2.50000E-01	2.52809E+00	1.36522E-01
2.50000E-01	2.80899E+00	1.21207E-01
2.50000E-01	3.08989E+00	1.08409E-01
2.50000E-01	3.37079E+00	9.77095E-02
2.50000E-01	3.65169E+00	8.87202E-02
2.50000E-01	3.93258E+00	8.12230E-02
2.50000E-01	4.21348E+00	7.49049E-02
2.50000E-01	4.49438E+00	6.97050E-02
2.50000E-01	4.77528E+00	6.54487E-02
2.50000E-01	5.05618E+00	6.21267E-02
2.50000E-01	5.33708E+00	5.96909E-02
2.50000E-01	5.61798E+00	5.78753E-02
2.50000E-01	5.89888E+00	5.68971E-02
2.50000E-01	6.17978E+00	5.63445E-02
2.50000E-01	6.46067E+00	5.68111E-02
2.50000E-01	6.74157E+00	5.77847E-02
2.50000E-01	7.02247E+00	5.97063E-02
2.50000E-01	7.30337E+00	6.21440E-02
2.50000E-01	7.58427E+00	6.52775E-02
2.50000E-01	7.86517E+00	6.90040E-02
2.50000E-01	8.14607E+00	7.29032E-02
2.50000E-01	8.42697E+00	7.74917E-02
2.50000E-01	8.70787E+00	8.21220E-02
2.50000E-01	8.98876E+00	8.72361E-02
2.50000E-01	9.26966E+00	9.23345E-02
2.50000E-01	9.55056E+00	9.77763E-02
2.50000E-01	9.83146E+00	1.03263E-01
2.50000E-01	1.01124E+01	1.08682E-01
2.50000E-01	1.03933E+01	1.14217E-01
2.50000E-01	1.06742E+01	1.19469E-01
2.50000E-01	1.09551E+01	1.24744E-01
2.50000E-01	1.12360E+01	1.29470E-01
2.50000E-01	1.15169E+01	1.34225E-01
2.50000E-01	1.17978E+01	1.38701E-01
2.50000E-01	1.20787E+01	1.43089E-01
2.50000E-01	1.23596E+01	1.47074E-01
2.50000E-01	1.26404E+01	1.50701E-01
2.50000E-01	1.29213E+01	1.53950E-01
2.50000E-01	1.32022E+01	1.56884E-01
2.50000E-01	1.34831E+01	1.59797E-01
2.50000E-01	1.37640E+01	1.62349E-01
2.50000E-01	1.40449E+01	1.64633E-01
2.50000E-01	1.43258E+01	1.66559E-01
2.50000E-01	1.46067E+01	1.68131E-01
2.50000E-01	1.48876E+01	1.69473E-01
2.50000E-01	1.51685E+01	1.70658E-01
2.50000E-01	1.54494E+01	1.71829E-01
2.50000E-01	1.57303E+01	1.72837E-01
2.50000E-01	1.60112E+01	1.73823E-01
2.50000E-01	1.62921E+01	1.74540E-01
2.50000E-01	1.65730E+01	1.75060E-01
2.50000E-01	1.68539E+01	1.75353E-01
2.50000E-01	1.71348E+01	1.75352E-01
2.50000E-01	1.74157E+01	1.75391E-01
2.50000E-01	1.76966E+01	1.75483E-01
2.50000E-01	1.79775E+01	1.75529E-01
2.50000E-01	1.82584E+01	1.75433E-01
2.50000E-01	1.85393E+01	1.75484E-01
2.50000E-01	1.88202E+01	1.75536E-01
2.50000E-01	1.91011E+01	1.75362E-01
2.50000E-01	1.93820E+01	1.75150E-01
2.50000E-01	1.96629E+01	1.74922E-01
2.50000E-01	1.99438E+01	1.74481E-01
2.50000E-01	2.02247E+01	1.73897E-01
2.50000E-01	2.05056E+01	1.73406E-01
2.50000E-01	2.07865E+01	1.72963E-01
2.50000E-01	2.10674E+01	1.72475E-01
2.50000E-01	2.13483E+01	1.72017E-01
2.50000E-01	2.16292E+01	1.71573E-01
2.50000E-01	2.19101E+01	1.71153E-01
2.50000E-01	2.21910E+01	1.70634E-01
2.50000E-01	2.24719E+01	1.70159E-01
2.50000E-01	2.27528E+01	1.69663E-01
2.50000E-01	2.30337E+01	1.69101E-01
2.50000E-01	2.33146E+01	1.68502E-01
2.50000E-01	2.35955E+01	1.67863E-01
2.50000E-01	2.38764E+01	1.67058E-01
2.50000E-01	2.41573E+01	1.66149E-01
2.50000E-01	2.44382E+01	1.65206E-01
2.50000E-01	2.47191E+01	1.64381E-01
2.50000E-01	2.50000E+01	1.63576E-01
3.00000E-01	0.00000E+00	9.85331E-01
3.00000E-01	2.80899E-01	6.76909E-01
3.00000E-01	5.61798E-01	5.00106E-01
3.00000E-01	8.42697E-01	3.91745E-01
3.00000E-01	1.12360E+00	3.12896E-01
3.00000E-01	1.40449E+00	2.55684E-01
3.00000E-01	1.68539E+00	2.13686E-01
3.00000E-01	1.96629E+00	1.82331E-01
3.00000E-01	2.24719E+00	1.58294E-01
3.00000E-01	2.52809E+00	1.39273E-01
3.00000E-01	2.80899E+00	1.23651E-01
3.00000E-01	3.08989E+00	1.10596E-01
3.00000E-01	3.37079E+00	9.96807E-02
3.00000E-01	3.65169E+00	9.05111E-02
3.00000E-01	3.93258E+00	8.28620E-02
3.00000E-01	4.21348E+00	7.64184E-02
3.00000E-01	4.49438E+00	7.11120E-02
3.00000E-01	4.77528E+00	6.67725E-02
3.00000E-01	5.05618E+00	6.33853E-02
3.00000E-01	5.33708E+00	6.08983E-02
3.00000E-01	5.61798E+00	5.90496E-02
3.00000E-01	5.89888E+00	5.80465E-02
3.00000E-01	6.17978E+00	5.74886E-02
3.00000E-01	6.46067E+00	5.79580E-02
3.00000E-01	6.74157E+00	5.89575E-02
3.00000E-01	7.02247E+00	6.09121E-02
3.00000E-01	7.30337E+00	6.34051E-02
3.00000E-01	7.58427E+00	6.66028E-02
3.00000E-01	7.86517E+00	7.04005E-02
3.00000E-01	8.14607E+00	7.43860E-02
3.00000E-01	8.42697E+00	7.90557E-02
3.00000E-01	8.70787E+00	8.37849E-02
3.00000E-01	8.98876E+00	8.89960E-02
3.00000E-01	9.26966E+00	9.42037E-02
3.00000E-01	9.55056E+00	9.97532E-02
3.00000E-01	9.83146E+00	1.05351E-01
3.00000E-01	1.01124E+01	1.10882E-01
3.00000E-01	1.03933E+01	1.16524E-01
3.00000E-01	1.06742E+01	1.21887E-01
3.00000E-01	1.09551E+01	1.27261E-01
3.00000E-01	1.12360E+01	1.32087E-01
3.00000E-01	1.15169E+01	1.36933E-01
3.00000E-01	1.17978E+01	1.41503E-01
3.00000E-01	1.20787E+01	1.45977E-01
3.00000E-01	1.23596E+01	1.50045E-01
3.00000E-01	1.26404E+01	1.53746E-01
3.00000E-01	1.29213E+01	1.57058E-01
3.00000E-01	1.32022E+01	1.60054E-01
3.00000E-01	1.34831E+01	1.63022E-01
3.00000E-01	1.37640E+01	1.65628E-01
3.00000E-01	1.40449E+01	1.67956E-01
3.00000E-01	1.43258E+01	1.69921E-01
3.00000E-01	1.46067E+01	1.71526E-01
3.00000E-01	1.48876E+01	1.72895E-01
3.00000E-01	1.51685E+01	1.74106E-01
3.00000E-01	1.54494E+01	1.75298E-01
3.00000E-01	1.57303E+01	1.76328E-01
3.00000E-01	1.60112E+01	1.77332E-01
3.00000E-01	1.62921E+01	1.78064E-01
3.00000E-01	1.65730E+01	1.78595E-01
3.00000E-01	1.68539E+01	1.78893E-01
3.00000E-01	1.71348E+01	1.78894E-01
3.00000E-01	1.74157E+01	1.78933E-01
3.00000E-01	1.76966E+01	1.79027E-01
3.00000E-01	1.79775E+01	1.79072E-01
3.00000E-01	1.82584E+01	1.78976E-01
3.00000E-01	1.85393E+01	1.79028E-01
3.00000E-01	1.88202E+01	1.79080E-01
3.00000E-01	1.91011E+01	1.78904E-01
3.00000E-01	1.93820E+01	1.78687E-01
3.00000E-01	1.96629E+01	1.78454E-01
3.00000E-01	1.99438E+01	1.78004E-01
3.00000E-01	2.02247E+01	1.77409E-01
3.00000E-01	2.05056E+01	1.76908E-01
3.00000E-01	2.07865E+01	1.76455E-01
3.00000E-01	2.10674E+01	1.75959E-01
3.00000E-01	2.13483E+01	1.75491E-01
3.00000E-01	2.16292E+01	1.75039E-01
3.00000E-01	2.19101E+01	1.74609E-01
3.00000E-01	2.21910E+01	1.74080E-01
3.00000E-01	2.24719E+01	1.73595E-01
3.00000E-01	2.27528E+01	1.73090E-01
3.00000E-01	2.30337E+01	1.72516E-01
3.00000E-01	2.33146E+01	1.71905E-01
3.00000E-01	2.35955E+01	1.71252E-01
3.00000E-01	2.38764E+01	1.70432E-01
3.00000E-01	2.41573E+01	1.69504E-01
3.00000E-01	2.44382E+01	1.68542E-01
3.00000E-01	2.47191E+01	1.67701E-01
3.00000E-01	2.50000E+01	1.66879E-01
4.00000E-01	0.00000E+00	9.84438E-01
4.00000E-01	2.80899E-01	6.93823E-01
4.00000E-01	5.61798E-01	5.15944E-01
4.00000E-01	8.42697E-01	4.04800E-01
4.00000E-01	1.12360E+00	3.23574E-01
4.00000E-01	1.40449E+00	2.64508E-01
4.00000E-01	1.68539E+00	2.21105E-01
4.00000E-01	1.96629E+00	1.88678E-01
4.00000E-01	2.24719E+00	1.63814E-01
4.00000E-01	2.52809E+00	1.44132E-01
4.00000E-01	2.80899E+00	1.27969E-01
4.00000E-01	3.08989E+00	1.14463E-01
4.00000E-01	3.37079E+00	1.03166E-01
4.00000E-01	3.65169E+00	9.36786E-02
4.00000E-01	3.93258E+00	8.57609E-02
4.00000E-01	4.21348E+00	7.90969E-02
4.00000E-01	4.49438E+00	7.36015E-02
4.00000E-01	4.77528E+00	6.91162E-02
4.00000E-01	5.05618E+00	6.56139E-02
4.00000E-01	5.33708E+00	6.30355E-02
4.00000E-01	5.61798E+00	6.11303E-02
4.00000E-01	5.89888E+00	6.00806E-02
4.00000E-01	6.17978E+00	5.95182E-02
4.00000E-01	6.46067E+00	5.99882E-02
4.00000E-01	6.74157E+00	6.10378E-02
4.00000E-01	7.02247E+00	6.30482E-02
4.00000E-01	7.30337E+00	6.56405E-02
4.00000E-01	7.58427E+00	6.89515E-02
4.00000E-01	7.86517E+00	7.28733E-02
4.00000E-01	8.14607E+00	7.70148E-02
4.00000E-01	8.42697E+00	8.18233E-02
4.00000E-01	8.70787E+00	8.67313E-02
4.00000E-01	8.98876E+00	9.21103E-02
4.00000E-01	9.26966E+00	9.75144E-02
4.00000E-01	9.55056E+00	1.03253E-01
4.00000E-01	9.83146E+00	1.09047E-01
4.00000E-01	1.01124E+01	1.14776E-01
4.00000E-01	1.03933E+01	1.20606E-01
4.00000E-01	1.06742E+01	1.26167E-01
4.00000E-01	1.09551E+01	1.31713E-01
4.00000E-01	1.12360E+01	1.36722E-01
4.00000E-01	1.15169E+01	1.41725E-01
4.00000E-01	1.17978E+01	1.46463E-01
4.00000E-01	1.20787E+01	1.51087E-01
4.00000E-01	1.23596E+01	1.55301E-01
4.00000E-01	1.26404E+01	1.59132E-01
4.00000E-01	1.29213E+01	1.62556E-01
4.00000E-01	1.32022E+01	1.65665E-01
4.00000E-01	1.34831E+01	1.68728E-01
4.00000E-01	1.37640E+01	1.71428E-01
4.00000E-01	1.40449E+01	1.73833E-01
4.00000E-01	1.43258E+01	1.75869E-01
4.00000E-01	1.46067E+01	1.77534E-01
4.00000E-01	1.48876E+01	1.78951E-01
4.00000E-01	1.51685E+01	1.80208E-01
4.00000E-01	1.54494E+01	1.81434E-01
4.00000E-01	1.57303E+01	1.82505E-01
4.00000E-01	1.60112E+01	1.83540E-01
4.00000E-01	1.62921E+01	1.84299E-01
4.00000E-01	1.65730E+01	1.84849E-01
4.00000E-01	1.68539E+01	1.85155E-01
4.00000E-01	1.71348E+01	1.85161E-01
4.00000E-01	1.74157E+01	1.85201E-01
4.00000E-01	1.76966E+01	1.85297E-01
4.00000E-01	1.79775E+01	1.85341E-01
4.00000E-01	1.82584E+01	1.85246E-01
4.00000E-01	1.85393E+01	1.85299E-01
4.00000E-01	1.88202E+01	1.85350E-01
4.00000E-01	1.91011E+01	1.85170E-01
4.00000E-01	1.93820E+01	1.84945E-01
4.00000E-01	1.96629E+01	1.84700E-01
4.00000E-01	1.99438E+01	1.84236E-01
4.00000E-01	2.02247E+01	1.83624E-01
4.00000E-01	2.05056E+01	1.83104E-01
4.00000E-01	2.07865E+01	1.82634E-01
4.00000E-01	2.10674E+01	1.82122E-01
4.00000E-01	2.13483E+01	1.81637E-01
4.00000E-01	2.16292E+01	1.81169E-01
4.00000E-01	2.19101E+01	1.80722E-01
4.00000E-01	2.21910E+01	1.80179E-01
4.00000E-01	2.24719E+01	1.79674E-01
4.00000E-01	2.27528E+01	1.79151E-01
4.00000E-01	2.30337E+01	1.78558E-01
4.00000E-01	2.33146E+01	1.77924E-01
4.00000E-01	2.35955E+01	1.77246E-01
4.00000E-01	2.38764E+01	1.76400E-01
4.00000E-01	2.41573E+01	1.75439E-01
4.00000E-01	2.44382E+01	1.74446E-01
4.00000E-01	2.47191E+01	1.73574E-01
4.00000E-01	2.50000E+01	1.72721E-01
5.00000E-01	0.00000E+00	9.81590E-01
5.00000E-01	2.80899E-01	7.09807E-01
5.00000E-01	5.61798E-01	5.30376E-01
5.00000E-01	8.42697E-01	4.17110E-01
5.00000E-01	1.12360E+00	3.33772E-01
5.00000E-01	1.40449E+00	2.72984E-01
5.00000E-01	1.68539E+00	2.28253E-01
5.00000E-01	1.96629E+00	1.94804E-01
5.00000E-01	2.24719E+00	1.69145E-01
5.00000E-01	2.52809E+00	1.48825E-01
5.00000E-01	2.80899E+00	1.32141E-01
5.00000E-01	3.08989E+00	1.18200E-01
5.00000E-01	3.37079E+00	1.06536E-01
5.00000E-01	3.65169E+00	9.67427E-02
5.00000E-01	3.93258E+00	8.85652E-02
5.00000E-01	4.21348E+00	8.16892E-02
5.00000E-01	4.49438E+00	7.60116E-02
5.00000E-01	4.77528E+00	7.13854E-02
5.00000E-01	5.05618E+00	6.77720E-02
5.00000E-01	5.33708E+00	6.51050E-02
5.00000E-01	5.61798E+00	6.31465E-02
5.00000E-01	5.89888E+00	6.20503E-02
5.00000E-01	6.17978E+00	6.14877E-02
5.00000E-01	6.46067E+00	6.19556E-02
5.00000E-01	6.74157E+00	6.30566E-02
5.00000E-01	7.02247E+00	6.51198E-02
5.00000E-01	7.30337E+00	6.78079E-02
5.00000E-01	7.58427E+00	7.12281E-02
5.00000E-01	7.86517E+00	7.52684E-02
5.00000E-01	8.14607E+00	7.95629E-02
5.00000E-01	8.42697E+00	8.45037E-02
5.00000E-01	8.70787E+00	8.95875E-02
5.00000E-01	8.98876E+00	9.51266E-02
5.00000E-01	9.26966E+00	1.00722E-01
5.00000E-01	9.55056E+00	1.06642E-01
5.00000E-01	9.83146E+00	1.12625E-01
5.00000E-01	1.01124E+01	1.18546E-01
5.00000E-01	1.03933E+01	1.24556E-01
5.00000E-01	1.06742E+01	1.30312E-01
5.00000E-01	1.09551E+01	1.36020E-01
5.00000E-01	1.12360E+01	1.41208E-01
5.00000E-01	1.15169E+01	1.46361E-01
5.00000E-01	1.17978E+01	1.51264E-01
5.00000E-01	1.20787E+01	1.56032E-01
5.00000E-01	1.23596E+01	1.60386E-01
5.00000E-01	1.26404E+01	1.64343E-01
5.00000E-01	1.29213E+01	1.67876E-01
5.00000E-01	1.32022E+01	1.71095E-01
5.00000E-01	1.34831E+01	1.74247E-01
5.00000E-01	1.37640E+01	1.77040E-01
5.00000E-01	1.40449E+01	1.79520E-01
5.00000E-01	1.43258E+01	1.81623E-01
5.00000E-01	1.46067E+01	1.83346E-01
5.00000E-01	1.48876E+01	1.84810E-01
5.00000E-01	1.51685E+01	1.86112E-01
5.00000E-01	1.54494E+01	1.87372E-01
5.00000E-01	1.57303E+01	1.88482E-01
5.00000E-01	1.60112E+01	1.89547E-01
5.00000E-01	1.62921E+01	1.90331E-01
5.00000E-01	1.65730E+01	1.90899E-01
5.00000E-01	1.68539E+01	1.91213E-01
5.00000E-01	1.71348E+01	1.91225E-01
5.00000E-01	1.74157E+01	1.91266E-01
5.00000E-01	1.76966E+01	1.91364E-01
5.00000E-01	1.79775E+01	1.91405E-01
5.00000E-01	1.82584E+01	1.91314E-01
5.00000E-01	1.85393E+01	1.91368E-01
5.00000E-01	1.88202E+01	1.91415E-01
5.00000E-01	1.91011E+01	1.91234E-01
5.00000E-01	1.93820E+01	1.91001E-01
5.00000E-01	1.96629E+01	1.90744E-01
5.00000E-01	1.99438E+01	1.90265E-01
5.00000E-01	2.02247E+01	1.89638E-01
5.00000E-01	2.05056E+01	1.89101E-01
5.00000E-01	2.07865E+01	1.88613E-01
5.00000E-01	2.10674E+01	1.88087E-01
5.00000E-01	2.13483E+01	1.87584E-01
5.00000E-01	2.16292E+01	1.87102E-01
5.00000E-01	2.19101E+01	1.86638E-01
5.00000E-01	2.21910E+01	1.86080E-01
5.00000E-01	2.24719E+01	1.85557E-01
5.00000E-01	2.27528E+01	1.85016E-01
5.00000E-01	2.30337E+01	1.84404E-01
5.00000E-01	2.33146E+01	1.83749E-01
5.00000E-01	2.35955E+01	1.83046E-01
5.00000E-01	2.38764E+01	1.82174E-01
5.00000E-01	2.41573E+01	1.81182E-01
5.00000E-01	2.44382E+01	1.80159E-01
5.00000E-01	2.47191E+01	1.79258E-01
5.00000E-01	2.50000E+01	1.78375E-01
6.00000E-01	0.00000E+00	9.77636E-01
6.00000E-01	2.80899E-01	7.26363E-01
6.00000E-01	5.61798E-01	5.44268E-01
6.00000E-01	8.42697E-01	4.29322E-01
6.00000E-01	1.12360E+00	3.44030E-01
6.00000E-01	1.40449E+00	2.81561E-01
6.00000E-01	1.68539E+00	2.35507E-01
6.00000E-01	1.96629E+00	2.01030E-01
6.00000E-01	2.24719E+00	1.74568E-01
6.00000E-01	2.52809E+00	1.53600E-01
6.00000E-01	2.80899E+00	1.36387E-01
6.00000E-01	3.08989E+00	1.22006E-01
6.00000E-01	3.37079E+00	1.09969E-01
6.00000E-01	3.65169E+00	9.98650E-02
6.00000E-01	3.93258E+00	9.14232E-02
6.00000E-01	4.21348E+00	8.43319E-02
6.00000E-01	4.49438E+00	7.84694E-02
6.00000E-01	4.77528E+00	7.36999E-02
6.00000E-01	5.05618E+00	6.99731E-02
6.00000E-01	5.33708E+00	6.72159E-02
6.00000E-01	5.61798E+00	6.52034E-02
6.00000E-01	5.89888E+00	6.40602E-02
6.00000E-01	6.17978E+00	6.34992E-02
6.00000E-01	6.46067E+00	6.39651E-02
6.00000E-01	6.74157E+00	6.51190E-02
6.00000E-01	7.02247E+00	6.72364E-02
6.00000E-01	7.30337E+00	7.00209E-02
6.00000E-01	7.58427E+00	7.35518E-02
6.00000E-01	7.86517E+00	7.77125E-02
6.00000E-01	8.14607E+00	8.21630E-02
6.00000E-01	8.42697E+00	8.72396E-02
6.00000E-01	8.70787E+00	9.25032E-02
6.00000E-01	8.98876E+00	9.82050E-02
6.00000E-01	9.26966E+00	1.03995E-01
6.00000E-01	9.55056E+00	1.10099E-01
6.00000E-01	9.83146E+00	1.16274E-01
6.00000E-01	1.01124E+01	1.22391E-01
6.00000E-01	1.03933E+01	1.28584E-01
6.00000E-01	1.06742E+01	1.34536E-01
6.00000E-01	1.09551E+01	1.40410E-01
6.00000E-01	1.12360E+01	1.45783E-01
6.00000E-01	1.15169E+01	1.51090E-01
6.00000E-01	1.17978E+01	1.56158E-01
6.00000E-01	1.20787E+01	1.61072E-01
6.00000E-01	1.23596E+01	1.65570E-01
6.00000E-01	1.26404E+01	1.69653E-01
6.00000E-01	1.29213E+01	1.73299E-01
6.00000E-01	1.32022E+01	1.76630E-01
6.00000E-01	1.34831E+01	1.79874E-01
6.00000E-01	1.37640E+01	1.82761E-01
6.00000E-01	1.40449E+01	1.85316E-01
6.00000E-01	1.43258E+01	1.87488E-01
6.00000E-01	1.46067E+01	1.89270E-01
6.00000E-01	1.48876E+01	1.90782E-01
6.00000E-01	1.51685E+01	1.92130E-01
6.00000E-01	1.54494E+01	1.93424E-01
6.00000E-01	1.57303E+01	1.94576E-01
6.00000E-01	1.60112E+01	1.95669E-01
6.00000E-01	1.62921E+01	1.96479E-01
6.00000E-01	1.65730E+01	1.97066E-01
6.00000E-01	1.68539E+01	1.97388E-01
6.00000E-01	1.71348E+01	1.97407E-01
6.00000E-01	1.74157E+01	1.97449E-01
6.00000E-01	1.76966E+01	1.97548E-01
6.00000E-01	1.79775E+01	1.97587E-01
6.00000E-01	1.82584E+01	1.97500E-01
6.00000E-01	1.85393E+01	1.97553E-01
6.00000E-01	1.88202E+01	1.97597E-01
6.00000E-01	1.91011E+01	1.97414E-01
6.00000E-01	1.93820E+01	1.97173E-01
6.00000E-01	1.96629E+01	1.96904E-01
6.00000E-01	1.99438E+01	1.96411E-01
6.00000E-01	2.02247E+01	1.95769E-01
6.00000E-01	2.05056E+01	1.95213E-01
6.00000E-01	2.07865E+01	1.94707E-01
6.00000E-01	2.10674E+01	1.94166E-01
6.00000E-01	2.13483E+01	1.93646E-01
6.00000E-01	2.16292E+01	1.93149E-01
6.00000E-01	2.19101E+01	1.92667E-01
6.00000E-01	2.21910E+01	1.92095E-01
6.00000E-01	2.24719E+01	1.91553E-01
6.00000E-01	2.27528E+01	1.90994E-01
6.00000E-01	2.30337E+01	1.90363E-01
6.00000E-01	2.33146E+01	1.89687E-01
6.00000E-01	2.35955E+01	1.88958E-01
6.00000E-01	2.38764E+01	1.88059E-01
6.00000E-01	2.41573E+01	1.87035E-01
6.00000E-01	2.44382E+01	1.85983E-01
6.00000E-01	2.47191E+01	1.85051E-01
6.00000E-01	2.50000E+01	1.84137E-01
7.00000E-01	0.00000E+00	9.73219E-01
7.00000E-01	2.80899E-01	7.42140E-01
7.00000E-01	5.61798E-01	5.57832E-01
7.00000E-01	8.42697E-01	4.41440E-01
7.00000E-01	1.12360E+00	3.54363E-01
7.00000E-01	1.40449E+00	2.90259E-01
7.00000E-01	1.68539E+00	2.42889E-01
7.00000E-01	1.96629E+00	2.07376E-01
7.00000E-01	2.24719E+00	1.80099E-01
7.00000E-01	2.52809E+00	1.58473E-01
7.00000E-01	2.80899E+00	1.40721E-01
7.00000E-01	3.08989E+00	1.25892E-01
7.00000E-01	3.37079E+00	1.13476E-01
7.00000E-01	3.65169E+00	1.03056E-01
7.00000E-01	3.93258E+00	9.43450E-02
7.00000E-01	4.21348E+00	8.70339E-02
7.00000E-01	4.49438E+00	8.09837E-02
7.00000E-01	4.77528E+00	7.60676E-02
7.00000E-01	5.05618E+00	7.22250E-02
7.00000E-01	5.33708E+00	6.93758E-02
7.00000E-01	5.61798E+00	6.73083E-02
7.00000E-01	5.89888E+00	6.61179E-02
7.00000E-01	6.17978E+00	6.55590E-02
7.00000E-01	6.46067E+00	6.60245E-02
7.00000E-01	6.74157E+00	6.72320E-02
7.00000E-01	7.02247E+00	6.94055E-02
7.00000E-01	7.30337E+00	7.22877E-02
7.00000E-01	7.58427E+00	7.59312E-02
7.00000E-01	7.86517E+00	8.02146E-02
7.00000E-01	8.14607E+00	8.48241E-02
7.00000E-01	8.42697E+00	9.00413E-02
7.00000E-01	8.70787E+00	9.54881E-02
7.00000E-01	8.98876E+00	1.01357E-01
7.00000E-01	9.26966E+00	1.07345E-01
7.00000E-01	9.55056E+00	1.13637E-01
7.00000E-01	9.83146E+00	1.20007E-01
7.00000E-01	1.01124E+01	1.26324E-01
7.00000E-01	1.03933E+01	1.32704E-01
7.00000E-01	1.06742E+01	1.38857E-01
7.00000E-01	1.09551E+01	1.44899E-01
7.00000E-01	1.12360E+01	1.50462E-01
7.00000E-01	1.15169E+01	1.55926E-01
7.00000E-01	1.17978E+01	1.61164E-01
7.00000E-01	1.20787E+01	1.66226E-01
7.00000E-01	1.23596E+01	1.70869E-01
7.00000E-01	1.26404E+01	1.75082E-01
7.00000E-01	1.29213E+01	1.78844E-01
7.00000E-01	1.32022E+01	1.82290E-01
7.00000E-01	1.34831E+01	1.85627E-01
7.00000E-01	1.37640E+01	1.88610E-01
7.00000E-01	1.40449E+01	1.91243E-01
7.00000E-01	1.43258E+01	1.93484E-01
7.00000E-01	1.46067E+01	1.95327E-01
7.00000E-01	1.48876E+01	1.96888E-01
7.00000E-01	1.51685E+01	1.98283E-01
7.00000E-01	1.54494E+01	1.99613E-01
7.00000E-01	1.57303E+01	2.00806E-01
7.00000E-01	1.60112E+01	2.01928E-01
7.00000E-01	1.62921E+01	2.02764E-01
7.00000E-01	1.65730E+01	2.03370E-01
7.00000E-01	1.68539E+01	2.03700E-01
7.00000E-01	1.71348E+01	2.03728E-01
7.00000E-01	1.74157E+01	2.03771E-01
7.00000E-01	1.76966E+01	2.03871E-01
7.00000E-01	1.79775E+01	2.03908E-01
7.00000E-01	1.82584E+01	2.03825E-01
7.00000E-01	1.85393E+01	2.03878E-01
7.00000E-01	1.88202E+01	2.03917E-01
7.00000E-01	1.91011E+01	2.03733E-01
7.00000E-01	1.93820E+01	2.03484E-01
7.00000E-01	1.96629E+01	2.03202E-01
7.00000E-01	1.99438E+01	2.02694E-01
7.00000E-01	2.02247E+01	2.02038E-01
7.00000E-01	2.05056E+01	2.01463E-01
7.00000E-01	2.07865E+01	2.00939E-01
7.00000E-01	2.10674E+01	2.00382E-01
7.00000E-01	2.13483E+01	1.99845E-01
7.00000E-01	2.16292E+01	1.99332E-01
7.00000E-01	2.19101E+01	1.98832E-01
7.00000E-01	2.21910E+01	1.98246E-01
7.00000E-01	2.24719E+01	1.97684E-01
7.00000E-01	2.27528E+01	1.97106E-01
7.00000E-01	2.30337E+01	1.96455E-01
7.00000E-01	2.33146E+01	1.95757E-01
7.00000E-01	2.35955E+01	1.95002E-01
7.00000E-01	2.38764E+01	1.94077E-01
7.00000E-01	2.41573E+01	1.93021E-01
7.00000E-01	2.44382E+01	1.91939E-01
7.00000E-01	2.47191E+01	1.90975E-01
7.00000E-01	2.50000E+01	1.90029E-01
8.00000E-01	0.00000E+00	9.68759E-01
8.00000E-01	2.80899E-01	7.55655E-01
8.00000E-01	5.61798E-01	5.71197E-01
8.00000E-01	8.42697E-01	4.53326E-01
8.00000E-01	1.12360E+00	3.64661E-01
8.00000E-01	1.40449E+00	2.98996E-01
8.00000E-01	1.68539E+00	2.50333E-01
8.00000E-01	1.96629E+00	2.13789E-01
8.00000E-01	2.24719E+00	1.85692E-01
8.00000E-01	2.52809E+00	1.63403E-01
8.00000E-01	2.80899E+00	1.45109E-01
8.00000E-01	3.08989E+00	1.29828E-01
8.00000E-01	3.37079E+00	1.17030E-01
8.00000E-01	3.65169E+00	1.06290E-01
8.00000E-01	3.93258E+00	9.73074E-02
8.00000E-01	4.21348E+00	8.97738E-02
8.00000E-01	4.49438E+00	8.35347E-02
8.00000E-01	4.77528E+00	7.84700E-02
8.00000E-01	5.05618E+00	7.45101E-02
8.00000E-01	5.33708E+00	7.15682E-02
8.00000E-01	5.61798E+00	6.94448E-02
8.00000E-01	5.89888E+00	6.82077E-02
8.00000E-01	6.17978E+00	6.76511E-02
8.00000E-01	6.46067E+00	6.81180E-02
8.00000E-01	6.74157E+00	6.93792E-02
8.00000E-01	7.02247E+00	7.16107E-02
8.00000E-01	7.30337E+00	7.45908E-02
8.00000E-01	7.58427E+00	7.83481E-02
8.00000E-01	7.86517E+00	8.27559E-02
8.00000E-01	8.14607E+00	8.75256E-02
8.00000E-01	8.42697E+00	9.28874E-02
8.00000E-01	8.70787E+00	9.85186E-02
8.00000E-01	8.98876E+00	1.04557E-01
8.00000E-01	9.26966E+00	1.10745E-01
8.00000E-01	9.55056E+00	1.17227E-01
8.00000E-01	9.83146E+00	1.23794E-01
8.00000E-01	1.01124E+01	1.30315E-01
8.00000E-01	1.03933E+01	1.36883E-01
8.00000E-01	1.06742E+01	1.43238E-01
8.00000E-01	1.09551E+01	1.49453E-01
8.00000E-01	1.12360E+01	1.55207E-01
8.00000E-01	1.15169E+01	1.60832E-01
8.00000E-01	1.17978E+01	1.66240E-01
8.00000E-01	1.20787E+01	1.71452E-01
8.00000E-01	1.23596E+01	1.76242E-01
8.00000E-01	1.26404E+01	1.80587E-01
8.00000E-01	1.29213E+01	1.84466E-01
8.00000E-01	1.32022E+01	1.88030E-01
8.00000E-01	1.34831E+01	1.91461E-01
8.00000E-01	1.37640E+01	1.94540E-01
8.00000E-01	1.40449E+01	1.97252E-01
8.00000E-01	1.43258E+01	1.99563E-01
8.00000E-01	1.46067E+01	2.01468E-01
8.00000E-01	1.48876E+01	2.03080E-01
8.00000E-01	1.51685E+01	2.04522E-01
8.00000E-01	1.54494E+01	2.05889E-01
8.00000E-01	1.57303E+01	2.07124E-01
8.00000E-01	1.60112E+01	2.08274E-01
8.00000E-01	1.62921E+01	2.09138E-01
8.00000E-01	1.65730E+01	2.09762E-01
8.00000E-01	1.68539E+01	2.10100E-01
8.00000E-01	1.71348E+01	2.10138E-01
8.00000E-01	1.74157E+01	2.10182E-01
8.00000E-01	1.76966E+01	2.10283E-01
8.00000E-01	1.79775E+01	2.10318E-01
8.00000E-01	1.82584E+01	2.10241E-01
8.00000E-01	1.85393E+01	2.10291E-01
8.00000E-01	1.88202E+01	2.10326E-01
8.00000E-01	1.91011E+01	2.10141E-01
8.00000E-01	1.93820E+01	2.09884E-01
8.00000E-01	1.96629E+01	2.09588E-01
8.00000E-01	1.99438E+01	2.09066E-01
8.00000E-01	2.02247E+01	2.08396E-01
8.00000E-01	2.05056E+01	2.07801E-01
8.00000E-01	2.07865E+01	2.07258E-01
8.00000E-01	2.10674E+01	2.06686E-01
8.00000E-01	2.13483E+01	2.06131E-01
8.00000E-01	2.16292E+01	2.05602E-01
8.00000E-01	2.19101E+01	2.05083E-01
8.00000E-01	2.21910E+01	2.04482E-01
8.00000E-01	2.24719E+01	2.03901E-01
8.00000E-01	2.27528E+01	2.03304E-01
8.00000E-01	2.30337E+01	2.02634E-01
8.00000E-01	2.33146E+01	2.01913E-01
8.00000E-01	2.35955E+01	2.01130E-01
8.00000E-01	2.38764E+01	2.00178E-01
8.00000E-01	2.41573E+01	1.99090E-01
8.00000E-01	2.44382E+01	1.97978E-01
8.00000E-01	2.47191E+01	1.96982E-01
8.00000E-01	2.50000E+01	1.96003E-01
9.00000E-01	0.00000E+00	9.64489E-01
9.00000E-01	2.80899E-01	7.66421E-01
9.00000E-01	5.61798E-01	5.84448E-01
9.00000E-01	8.42697E-01	4.64874E-01
9.00000E-01	1.12360E+00	3.74811E-01
9.00000E-01	1.40449E+00	3.07685E-01
9.00000E-01	1.68539E+00	2.57769E-01
9.00000E-01	1.96629E+00	2.20210E-01
9.00000E-01	2.24719E+00	1.91300E-01
9.00000E-01	2.52809E+00	1.68348E-01
9.00000E-01	2.80899E+00	1.49512E-01
9.00000E-01	3.08989E+00	1.33780E-01
9.00000E-01	3.37079E+00	1.20600E-01
9.00000E-01	3.65169E+00	1.09540E-01
9.00000E-01	3.93258E+00	1.00286E-01
9.00000E-01	4.21348E+00	9.25287E-02
9.00000E-01	4.49438E+00	8.61011E-02
9.00000E-01	4.77528E+00	8.08874E-02
9.00000E-01	5.05618E+00	7.68099E-02
9.00000E-01	5.33708E+00	7.37752E-02
9.00000E-01	5.61798E+00	7.15954E-02
9.00000E-01	5.89888E+00	7.03130E-02
9.00000E-01	6.17978E+00	6.97582E-02
9.00000E-01	6.46067E+00	7.02290E-02
9.00000E-01	6.74157E+00	7.15429E-02
9.00000E-01	7.02247E+00	7.38342E-02
9.00000E-01	7.30337E+00	7.69118E-02
9.00000E-01	7.58427E+00	8.07830E-02
9.00000E-01	7.86517E+00	8.53161E-02
9.00000E-01	8.14607E+00	9.02456E-02
9.00000E-01	8.42697E+00	9.57549E-02
9.00000E-01	8.70787E+00	1.01570E-01
9.00000E-01	8.98876E+00	1.07781E-01
9.00000E-01	9.26966E+00	1.14168E-01
9.00000E-01	9.55056E+00	1.20840E-01
9.00000E-01	9.83146E+00	1.27605E-01
9.00000E-01	1.01124E+01	1.34330E-01
9.00000E-01	1.03933E+01	1.41089E-01
9.00000E-01	1.06742E+01	1.47645E-01
9.00000E-01	1.09551E+01	1.54034E-01
9.00000E-01	1.12360E+01	1.59979E-01
9.00000E-01	1.15169E+01	1.65767E-01
9.00000E-01	1.17978E+01	1.71346E-01
9.00000E-01	1.20787E+01	1.76708E-01
9.00000E-01	1.23596E+01	1.81645E-01
9.00000E-01	1.26404E+01	1.86121E-01
9.00000E-01	1.29213E+01	1.90121E-01
9.00000E-01	1.32022E+01	1.93801E-01
9.00000E-01	1.34831E+01	1.97327E-01
9.00000E-01	1.37640E+01	2.00503E-01
9.00000E-01	1.40449E+01	2.03294E-01
9.00000E-01	1.43258E+01	2.05676E-01
9.00000E-01	1.46067E+01	2.07642E-01
9.00000E-01	1.48876E+01	2.09306E-01
9.00000E-01	1.51685E+01	2.10796E-01
9.00000E-01	1.54494E+01	2.12201E-01
9.00000E-01	1.57303E+01	2.13477E-01
9.00000E-01	1.60112E+01	2.14655E-01
9.00000E-01	1.62921E+01	2.15547E-01
9.00000E-01	1.65730E+01	2.16189E-01
9.00000E-01	1.68539E+01	2.16535E-01
9.00000E-01	1.71348E+01	2.16583E-01
9.00000E-01	1.74157E+01	2.16630E-01
9.00000E-01	1.76966E+01	2.16730E-01
9.00000E-01	1.79775E+01	2.16764E-01
9.00000E-01	1.82584E+01	2.16692E-01
9.00000E-01	1.85393E+01	2.16740E-01
9.00000E-01	1.88202E+01	2.16770E-01
9.00000E-01	1.91011E+01	2.16584E-01
9.00000E-01	1.93820E+01	2.16319E-01
9.00000E-01	1.96629E+01	2.16008E-01
9.00000E-01	1.99438E+01	2.15472E-01
9.00000E-01	2.02247E+01	2.14788E-01
9.00000E-01	2.05056E+01	2.14175E-01
9.00000E-01	2.07865E+01	2.13612E-01
9.00000E-01	2.10674E+01	2.13025E-01
9.00000E-01	2.13483E+01	2.12453E-01
9.00000E-01	2.16292E+01	2.11908E-01
9.00000E-01	2.19101E+01	2.11369E-01
9.00000E-01	2.21910E+01	2.10754E-01
9.00000E-01	2.24719E+01	2.10153E-01
9.00000E-01	2.27528E+01	2.09536E-01
9.00000E-01	2.30337E+01	2.08846E-01
9.00000E-01	2.33146E+01	2.08103E-01
9.00000E-01	2.35955E+01	2.07292E-01
9.00000E-01	2.38764E+01	2.06312E-01
9.00000E-01	2.41573E+01	2.05194E-01
9.00000E-01	2.44382E+01	2.04052E-01
9.00000E-01	2.47191E+01	2.03022E-01
9.00000E-01	2.50000E+01	2.02011E-01
1.00000E+00	0.00000E+00	9.60518E-01
1.00000E+00	2.80899E-01	7.74798E-01
1.00000E+00	5.61798E-01	5.97578E-01
1.00000E+00	8.42697E-01	4.76040E-01
1.00000E+00	1.12360E+00	3.84729E-01
1.00000E+00	1.40449E+00	3.16259E-01
1.00000E+00	1.68539E+00	2.65145E-01
1.00000E+00	1.96629E+00	2.26596E-01
1.00000E+00	2.24719E+00	1.96884E-01
1.00000E+00	2.52809E+00	1.73276E-01
1.00000E+00	2.80899E+00	1.53903E-01
1.00000E+00	3.08989E+00	1.37723E-01
1.00000E+00	3.37079E+00	1.24163E-01
1.00000E+00	3.65169E+00	1.12786E-01
1.00000E+00	3.93258E+00	1.03261E-01
1.00000E+00	4.21348E+00	9.52814E-02
1.00000E+00	4.49438E+00	8.86670E-02
1.00000E+00	4.77528E+00	8.33048E-02
1.00000E+00	5.05618E+00	7.91102E-02
1.00000E+00	5.33708E+00	7.59835E-02
1.00000E+00	5.61798E+00	7.37470E-02
1.00000E+00	5.89888E+00	7.24211E-02
1.00000E+00	6.17978E+00	7.18676E-02
1.00000E+00	6.46067E+00	7.23447E-02
1.00000E+00	6.74157E+00	7.37101E-02
1.00000E+00	7.02247E+00	7.60624E-02
1.00000E+00	7.30337E+00	7.92367E-02
1.00000E+00	7.58427E+00	8.32213E-02
1.00000E+00	7.86517E+00	8.78798E-02
1.00000E+00	8.14607E+00	9.29676E-02
1.00000E+00	8.42697E+00	9.86263E-02
1.00000E+00	8.70787E+00	1.04623E-01
1.00000E+00	8.98876E+00	1.11007E-01
1.00000E+00	9.26966E+00	1.17592E-01
1.00000E+00	9.55056E+00	1.24455E-01
1.00000E+00	9.83146E+00	1.31417E-01
1.00000E+00	1.01124E+01	1.38344E-01
1.00000E+00	1.03933E+01	1.45293E-01
1.00000E+00	1.06742E+01	1.52049E-01
1.00000E+00	1.09551E+01	1.58614E-01
1.00000E+00	1.12360E+01	1.64748E-01
1.00000E+00	1.15169E+01	1.70701E-01
1.00000E+00	1.17978E+01	1.76448E-01
1.00000E+00	1.20787E+01	1.81961E-01
1.00000E+00	1.23596E+01	1.87043E-01
1.00000E+00	1.26404E+01	1.91651E-01
1.00000E+00	1.29213E+01	1.95772E-01
1.00000E+00	1.32022E+01	1.99569E-01
1.00000E+00	1.34831E+01	2.03190E-01
1.00000E+00	1.37640E+01	2.06460E-01
1.00000E+00	1.40449E+01	2.09332E-01
1.00000E+00	1.43258E+01	2.11783E-01
1.00000E+00	1.46067E+01	2.13812E-01
1.00000E+00	1.48876E+01	2.15528E-01
1.00000E+00	1.51685E+01	2.17065E-01
1.00000E+00	1.54494E+01	2.18509E-01
1.00000E+00	1.57303E+01	2.19825E-01
1.00000E+00	1.60112E+01	2.21031E-01
1.00000E+00	1.62921E+01	2.21950E-01
1.00000E+00	1.65730E+01	2.22610E-01
1.00000E+00	1.68539E+01	2.22966E-01
1.00000E+00	1.71348E+01	2.23024E-01
1.00000E+00	1.74157E+01	2.23073E-01
1.00000E+00	1.76966E+01	2.23174E-01
1.00000E+00	1.79775E+01	2.23206E-01
1.00000E+00	1.82584E+01	2.23140E-01
1.00000E+00	1.85393E+01	2.23185E-01
1.00000E+00	1.88202E+01	2.23209E-01
1.00000E+00	1.91011E+01	2.23022E-01
1.00000E+00	1.93820E+01	2.22750E-01
1.00000E+00	1.96629E+01	2.22424E-01
1.00000E+00	1.99438E+01	2.21874E-01
1.00000E+00	2.02247E+01	2.21177E-01
1.00000E+00	2.05056E+01	2.20545E-01
1.00000E+00	2.07865E+01	2.19963E-01
1.00000E+00	2.10674E+01	2.19359E-01
1.00000E+00	2.13483E+01	2.18770E-01
1.00000E+00	2.16292E+01	2.18209E-01
1.00000E+00	2.19101E+01	2.17651E-01
1.00000E+00	2.21910E+01	2.17021E-01
1.00000E+00	2.24719E+01	2.16401E-01
1.00000E+00	2.27528E+01	2.15764E-01
1.00000E+00	2.30337E+01	2.15054E-01
1.00000E+00	2.33146E+01	2.14288E-01
1.00000E+00	2.35955E+01	2.13450E-01
1.00000E+00	2.38764E+01	2.12442E-01
1.00000E+00	2.41573E+01	2.11293E-01
1.00000E+00	2.44382E+01	2.10122E-01
1.00000E+00	2.47191E+01	2.09059E-01
1.00000E+00	2.50000E+01	2.08015E-01
1.50000E+00	0.00000E+00	9.45180E-01
1.50000E+00	2.80899E-01	8.00620E-01
1.50000E+00	5.61798E-01	6.55854E-01
1.50000E+00	8.42697E-01	5.27082E-01
1.50000E+00	1.12360E+00	4.29949E-01
1.50000E+00	1.40449E+00	3.56277E-01
1.50000E+00	1.68539E+00	3.00196E-01
1.50000E+00	1.96629E+00	2.57262E-01
1.50000E+00	2.24719E+00	2.23846E-01
1.50000E+00	2.52809E+00	1.97149E-01
1.50000E+00	2.80899E+00	1.75221E-01
1.50000E+00	3.08989E+00	1.56908E-01
1.50000E+00	3.37079E+00	1.41539E-01
1.50000E+00	3.65169E+00	1.28634E-01
1.50000E+00	3.93258E+00	1.17811E-01
1.50000E+00	4.21348E+00	1.08755E-01
1.50000E+00	4.49438E+00	1.01249E-01
1.50000E+00	4.77528E+00	9.51703E-02
1.50000E+00	5.05618E+00	9.04101E-02
1.50000E+00	5.33708E+00	8.68445E-02
1.50000E+00	5.61798E+00	8.43288E-02
1.50000E+00	5.89888E+00	8.28157E-02
1.50000E+00	6.17978E+00	8.22646E-02
1.50000E+00	6.46067E+00	8.28042E-02
1.50000E+00	6.74157E+00	8.44100E-02
1.50000E+00	7.02247E+00	8.70792E-02
1.50000E+00	7.30337E+00	9.07174E-02
1.50000E+00	7.58427E+00	9.52509E-02
1.50000E+00	7.86517E+00	1.00528E-01
1.50000E+00	8.14607E+00	1.06370E-01
1.50000E+00	8.42697E+00	1.12782E-01
1.50000E+00	8.70787E+00	1.19643E-01
1.50000E+00	8.98876E+00	1.26890E-01
1.50000E+00	9.26966E+00	1.34422E-01
1.50000E+00	9.55056E+00	1.42217E-01
1.50000E+00	9.83146E+00	1.50135E-01
1.50000E+00	1.01124E+01	1.58045E-01
1.50000E+00	1.03933E+01	1.65927E-01
1.50000E+00	1.06742E+01	1.73632E-01
1.50000E+00	1.09551E+01	1.81067E-01
1.50000E+00	1.12360E+01	1.88113E-01
1.50000E+00	1.15169E+01	1.94892E-01
1.50000E+00	1.17978E+01	2.01443E-01
1.50000E+00	1.20787E+01	2.07687E-01
1.50000E+00	1.23596E+01	2.13470E-01
1.50000E+00	1.26404E+01	2.18720E-01
1.50000E+00	1.29213E+01	2.23446E-01
1.50000E+00	1.32022E+01	2.27806E-01
1.50000E+00	1.34831E+01	2.31899E-01
1.50000E+00	1.37640E+01	2.35618E-01
1.50000E+00	1.40449E+01	2.38882E-01
1.50000E+00	1.43258E+01	2.41675E-01
1.50000E+00	1.46067E+01	2.44009E-01
1.50000E+00	1.48876E+01	2.45991E-01
1.50000E+00	1.51685E+01	2.47762E-01
1.50000E+00	1.54494E+01	2.49400E-01
1.50000E+00	1.57303E+01	2.50904E-01
1.50000E+00	1.60112E+01	2.52244E-01
1.50000E+00	1.62921E+01	2.53291E-01
1.50000E+00	1.65730E+01	2.54034E-01
1.50000E+00	1.68539E+01	2.54441E-01
1.50000E+00	1.71348E+01	2.54561E-01
1.50000E+00	1.74157E+01	2.54630E-01
1.50000E+00	1.76966E+01	2.54724E-01
1.50000E+00	1.79775E+01	2.54754E-01
1.50000E+00	1.82584E+01	2.54716E-01
1.50000E+00	1.85393E+01	2.54744E-01
1.50000E+00	1.88202E+01	2.54734E-01
1.50000E+00	1.91011E+01	2.54541E-01
1.50000E+00	1.93820E+01	2.54233E-01
1.50000E+00	1.96629E+01	2.53830E-01
1.50000E+00	1.99438E+01	2.53216E-01
1.50000E+00	2.02247E+01	2.52461E-01
1.50000E+00	2.05056E+01	2.51738E-01
1.50000E+00	2.07865E+01	2.51061E-01
1.50000E+00	2.10674E+01	2.50379E-01
1.50000E+00	2.13483E+01	2.49708E-01
1.50000E+00	2.16292E+01	2.49063E-01
1.50000E+00	2.19101E+01	2.48412E-01
1.50000E+00	2.21910E+01	2.47708E-01
1.50000E+00	2.24719E+01	2.46993E-01
1.50000E+00	2.27528E+01	2.46256E-01
1.50000E+00	2.30337E+01	2.45447E-01
1.50000E+00	2.33146E+01	2.44568E-01
1.50000E+00	2.35955E+01	2.43592E-01
1.50000E+00	2.38764E+01	2.42448E-01
1.50000E+00	2.41573E+01	2.41159E-01
1.50000E+00	2.44382E+01	2.39848E-01
1.50000E+00	2.47191E+01	2.38619E-01
1.50000E+00	2.50000E+01	2.37415E-01
2.00000E+00	0.00000E+00	9.34573E-01
2.00000E+00	2.80899E-01	8.18418E-01
2.00000E+00	5.61798E-01	6.92121E-01
2.00000E+00	8.42697E-01	5.71124E-01
2.00000E+00	1.12360E+00	4.69450E-01
2.00000E+00	1.40449E+00	3.91518E-01
2.00000E+00	1.68539E+00	3.31743E-01
2.00000E+00	1.96629E+00	2.85394E-01
2.00000E+00	2.24719E+00	2.48892E-01
2.00000E+00	2.52809E+00	2.19509E-01
2.00000E+00	2.80899E+00	1.95304E-01
2.00000E+00	3.08989E+00	1.75068E-01
2.00000E+00	3.37079E+00	1.58056E-01
2.00000E+00	3.65169E+00	1.43748E-01
2.00000E+00	3.93258E+00	1.31732E-01
2.00000E+00	4.21348E+00	1.21679E-01
2.00000E+00	4.49438E+00	1.13355E-01
2.00000E+00	4.77528E+00	1.06614E-01
2.00000E+00	5.05618E+00	1.01330E-01
2.00000E+00	5.33708E+00	9.73651E-02
2.00000E+00	5.61798E+00	9.45890E-02
2.00000E+00	5.89888E+00	9.29336E-02
2.00000E+00	6.17978E+00	9.23894E-02
2.00000E+00	6.46067E+00	9.30294E-02
2.00000E+00	6.74157E+00	9.48618E-02
2.00000E+00	7.02247E+00	9.78549E-02
2.00000E+00	7.30337E+00	1.01929E-01
2.00000E+00	7.58427E+00	1.06981E-01
2.00000E+00	7.86517E+00	1.12855E-01
2.00000E+00	8.14607E+00	1.19397E-01
2.00000E+00	8.42697E+00	1.26546E-01
2.00000E+00	8.70787E+00	1.34211E-01
2.00000E+00	8.98876E+00	1.42294E-01
2.00000E+00	9.26966E+00	1.50711E-01
2.00000E+00	9.55056E+00	1.59394E-01
2.00000E+00	9.83146E+00	1.68214E-01
2.00000E+00	1.01124E+01	1.77045E-01
2.00000E+00	1.03933E+01	1.85817E-01
2.00000E+00	1.06742E+01	1.94402E-01
2.00000E+00	1.09551E+01	2.02682E-01
2.00000E+00	1.12360E+01	2.10580E-01
2.00000E+00	1.15169E+01	2.18161E-01
2.00000E+00	1.17978E+01	2.25462E-01
2.00000E+00	1.20787E+01	2.32398E-01
2.00000E+00	1.23596E+01	2.38837E-01
2.00000E+00	1.26404E+01	2.44704E-01
2.00000E+00	1.29213E+01	2.50018E-01
2.00000E+00	1.32022E+01	2.54912E-01
2.00000E+00	1.34831E+01	2.59460E-01
2.00000E+00	1.37640E+01	2.63591E-01
2.00000E+00	1.40449E+01	2.67228E-01
2.00000E+00	1.43258E+01	2.70351E-01
2.00000E+00	1.46067E+01	2.72984E-01
2.00000E+00	1.48876E+01	2.75233E-01
2.00000E+00	1.51685E+01	2.77233E-01
2.00000E+00	1.54494E+01	2.79064E-01
2.00000E+00	1.57303E+01	2.80733E-01
2.00000E+00	1.60112E+01	2.82198E-01
2.00000E+00	1.62921E+01	2.83358E-01
2.00000E+00	1.65730E+01	2.84179E-01
2.00000E+00	1.68539E+01	2.84647E-01
2.00000E+00	1.71348E+01	2.84835E-01
2.00000E+00	1.74157E+01	2.84933E-01
2.00000E+00	1.76966E+01	2.85022E-01
2.00000E+00	1.79775E+01	2.85054E-01
2.00000E+00	1.82584E+01	2.85038E-01
2.00000E+00	1.85393E+01	2.85045E-01
2.00000E+00	1.88202E+01	2.84999E-01
2.00000E+00	1.91011E+01	2.84792E-01
2.00000E+00	1.93820E+01	2.84449E-01
2.00000E+00	1.96629E+01	2.83974E-01
2.00000E+00	1.99438E+01	2.83302E-01
2.00000E+00	2.02247E+01	2.82497E-01
2.00000E+00	2.05056E+01	2.81696E-01
2.00000E+00	2.07865E+01	2.80929E-01
2.00000E+00	2.10674E+01	2.80169E-01
2.00000E+00	2.13483E+01	2.79420E-01
2.00000E+00	2.16292E+01	2.78690E-01
2.00000E+00	2.19101E+01	2.77951E-01
2.00000E+00	2.21910E+01	2.77170E-01
2.00000E+00	2.24719E+01	2.76367E-01
2.00000E+00	2.27528E+01	2.75530E-01
2.00000E+00	2.30337E+01	2.74622E-01
2.00000E+00	2.33146E+01	2.73629E-01
2.00000E+00	2.35955E+01	2.72520E-01
2.00000E+00	2.38764E+01	2.71246E-01
2.00000E+00	2.41573E+01	2.69833E-01
2.00000E+00	2.44382E+01	2.68392E-01
2.00000E+00	2.47191E+01	2.67007E-01
2.00000E+00	2.50000E+01	2.65650E-01
2.50000E+00	0.00000E+00	9.25938E-01
2.50000E+00	2.80899E-01	8.28225E-01
2.50000E+00	5.61798E-01	7.12702E-01
2.50000E+00	8.42697E-01	6.05162E-01
2.50000E+00	1.12360E+00	5.04869E-01
2.50000E+00	1.40449E+00	4.23640E-01
2.50000E+00	1.68539E+00	3.60575E-01
2.50000E+00	1.96629E+00	3.11337E-01
2.50000E+00	2.24719E+00	2.72244E-01
2.50000E+00	2.52809E+00	2.40557E-01
2.50000E+00	2.80899E+00	2.14357E-01
2.50000E+00	3.08989E+00	1.92404E-01
2.50000E+00	3.37079E+00	1.73910E-01
2.50000E+00	3.65169E+00	1.58322E-01
2.50000E+00	3.93258E+00	1.45211E-01
2.50000E+00	4.21348E+00	1.34239E-01
2.50000E+00	4.49438E+00	1.25161E-01
2.50000E+00	4.77528E+00	1.17808E-01
2.50000E+00	5.05618E+00	1.12039E-01
2.50000E+00	5.33708E+00	1.07712E-01
2.50000E+00	5.61798E+00	1.04703E-01
2.50000E+00	5.89888E+00	1.02940E-01
2.50000E+00	6.17978E+00	1.02419E-01
2.50000E+00	6.46067E+00	1.03185E-01
2.50000E+00	6.74157E+00	1.05247E-01
2.50000E+00	7.02247E+00	1.08567E-01
2.50000E+00	7.30337E+00	1.13062E-01
2.50000E+00	7.58427E+00	1.18613E-01
2.50000E+00	7.86517E+00	1.25066E-01
2.50000E+00	8.14607E+00	1.32272E-01
2.50000E+00	8.42697E+00	1.40139E-01
2.50000E+00	8.70787E+00	1.48570E-01
2.50000E+00	8.98876E+00	1.57461E-01
2.50000E+00	9.26966E+00	1.66721E-01
2.50000E+00	9.55056E+00	1.76256E-01
2.50000E+00	9.83146E+00	1.85939E-01
2.50000E+00	1.01124E+01	1.95642E-01
2.50000E+00	1.03933E+01	2.05266E-01
2.50000E+00	1.06742E+01	2.14687E-01
2.50000E+00	1.09551E+01	2.23784E-01
2.50000E+00	1.12360E+01	2.32496E-01
2.50000E+00	1.15169E+01	2.40852E-01
2.50000E+00	1.17978E+01	2.48868E-01
2.50000E+00	1.20787E+01	2.56466E-01
2.50000E+00	1.23596E+01	2.63532E-01
2.50000E+00	1.26404E+01	2.69995E-01
2.50000E+00	1.29213E+01	2.75879E-01
2.50000E+00	1.32022E+01	2.81288E-01
2.50000E+00	1.34831E+01	2.86277E-01
2.50000E+00	1.37640E+01	2.90802E-01
2.50000E+00	1.40449E+01	2.94796E-01
2.50000E+00	1.43258E+01	2.98241E-01
2.50000E+00	1.46067E+01	3.01171E-01
2.50000E+00	1.48876E+01	3.03688E-01
2.50000E+00	1.51685E+01	3.05916E-01
2.50000E+00	1.54494E+01	3.07935E-01
2.50000E+00	1.57303E+01	3.09758E-01
2.50000E+00	1.60112E+01	3.11340E-01
2.50000E+00	1.62921E+01	3.12601E-01
2.50000E+00	1.65730E+01	3.13500E-01
2.50000E+00	1.68539E+01	3.14038E-01
2.50000E+00	1.71348E+01	3.14296E-01
2.50000E+00	1.74157E+01	3.14430E-01
2.50000E+00	1.76966E+01	3.14523E-01
2.50000E+00	1.79775E+01	3.14561E-01
2.50000E+00	1.82584E+01	3.14555E-01
2.50000E+00	1.85393E+01	3.14541E-01
2.50000E+00	1.88202E+01	3.14460E-01
2.50000E+00	1.91011E+01	3.14229E-01
2.50000E+00	1.93820E+01	3.13847E-01
2.50000E+00	1.96629E+01	3.13309E-01
2.50000E+00	1.99438E+01	3.12585E-01
2.50000E+00	2.02247E+01	3.11734E-01
2.50000E+00	2.05056E+01	3.10863E-01
2.50000E+00	2.07865E+01	3.10013E-01
2.50000E+00	2.10674E+01	3.09175E-01
2.50000E+00	2.13483E+01	3.08349E-01
2.50000E+00	2.16292E+01	3.07536E-01
2.50000E+00	2.19101E+01	3.06711E-01
2.50000E+00	2.21910E+01	3.05851E-01
2.50000E+00	2.24719E+01	3.04959E-01
2.50000E+00	2.27528E+01	3.04023E-01
2.50000E+00	2.30337E+01	3.03013E-01
2.50000E+00	2.33146E+01	3.01906E-01
2.50000E+00	2.35955E+01	3.00669E-01
2.50000E+00	2.38764E+01	2.99271E-01
2.50000E+00	2.41573E+01	2.97743E-01
2.50000E+00	2.44382E+01	2.96178E-01
2.50000E+00	2.47191E+01	2.94648E-01
2.50000E+00	2.50000E+01	2.93145E-01
3.00000E+00	0.00000E+00	9.18192E-01
3.00000E+00	2.80899E-01	8.32779E-01
3.00000E+00	5.61798E-01	7.26866E-01
3.00000E+00	8.42697E-01	6.29031E-01
3.00000E+00	1.12360E+00	5.35197E-01
3.00000E+00	1.40449E+00	4.53403E-01
3.00000E+00	1.68539E+00	3.87674E-01
3.00000E+00	1.96629E+00	3.35760E-01
3.00000E+00	2.24719E+00	2.94307E-01
3.00000E+00	2.52809E+00	2.60568E-01
3.00000E+00	2.80899E+00	2.32595E-01
3.00000E+00	3.08989E+00	2.09109E-01
3.00000E+00	3.37079E+00	1.89281E-01
3.00000E+00	3.65169E+00	1.72531E-01
3.00000E+00	3.93258E+00	1.58418E-01
3.00000E+00	4.21348E+00	1.46602E-01
3.00000E+00	4.49438E+00	1.36827E-01
3.00000E+00	4.77528E+00	1.28910E-01
3.00000E+00	5.05618E+00	1.22696E-01
3.00000E+00	5.33708E+00	1.18043E-01
3.00000E+00	5.61798E+00	1.14831E-01
3.00000E+00	5.89888E+00	1.12992E-01
3.00000E+00	6.17978E+00	1.12516E-01
3.00000E+00	6.46067E+00	1.13429E-01
3.00000E+00	6.74157E+00	1.15732E-01
3.00000E+00	7.02247E+00	1.19382E-01
3.00000E+00	7.30337E+00	1.24291E-01
3.00000E+00	7.58427E+00	1.30333E-01
3.00000E+00	7.86517E+00	1.37352E-01
3.00000E+00	8.14607E+00	1.45201E-01
3.00000E+00	8.42697E+00	1.53767E-01
3.00000E+00	8.70787E+00	1.62944E-01
3.00000E+00	8.98876E+00	1.72620E-01
3.00000E+00	9.26966E+00	1.82693E-01
3.00000E+00	9.55056E+00	1.93053E-01
3.00000E+00	9.83146E+00	2.03570E-01
3.00000E+00	1.01124E+01	2.14111E-01
3.00000E+00	1.03933E+01	2.24559E-01
3.00000E+00	1.06742E+01	2.34787E-01
3.00000E+00	1.09551E+01	2.44680E-01
3.00000E+00	1.12360E+01	2.54178E-01
3.00000E+00	1.15169E+01	2.63285E-01
3.00000E+00	1.17978E+01	2.71995E-01
3.00000E+00	1.20787E+01	2.80236E-01
3.00000E+00	1.23596E+01	2.87910E-01
3.00000E+00	1.26404E+01	2.94957E-01
3.00000E+00	1.29213E+01	3.01396E-01
3.00000E+00	1.32022E+01	3.07305E-01
3.00000E+00	1.34831E+01	3.12729E-01
3.00000E+00	1.37640E+01	3.17637E-01
3.00000E+00	1.40449E+01	3.21980E-01
3.00000E+00	1.43258E+01	3.25745E-01
3.00000E+00	1.46067E+01	3.28972E-01
3.00000E+00	1.48876E+01	3.31757E-01
3.00000E+00	1.51685E+01	3.34214E-01
3.00000E+00	1.54494E+01	3.36420E-01
3.00000E+00	1.57303E+01	3.38390E-01
3.00000E+00	1.60112E+01	3.40085E-01
3.00000E+00	1.62921E+01	3.41440E-01
3.00000E+00	1.65730E+01	3.42419E-01
3.00000E+00	1.68539E+01	3.43032E-01
3.00000E+00	1.71348E+01	3.43362E-01
3.00000E+00	1.74157E+01	3.43539E-01
3.00000E+00	1.76966E+01	3.43644E-01
3.00000E+00	1.79775E+01	3.43690E-01
3.00000E+00	1.82584E+01	3.43688E-01
3.00000E+00	1.85393E+01	3.43653E-01
3.00000E+00	1.88202E+01	3.43536E-01
3.00000E+00	1.91011E+01	3.43274E-01
3.00000E+00	1.93820E+01	3.42850E-01
3.00000E+00	1.96629E+01	3.42256E-01
3.00000E+00	1.99438E+01	3.41484E-01
3.00000E+00	2.02247E+01	3.40588E-01
3.00000E+00	2.05056E+01	3.39654E-01
3.00000E+00	2.07865E+01	3.38728E-01
3.00000E+00	2.10674E+01	3.37812E-01
3.00000E+00	2.13483E+01	3.36909E-01
3.00000E+00	2.16292E+01	3.36012E-01
3.00000E+00	2.19101E+01	3.35102E-01
3.00000E+00	2.21910E+01	3.34159E-01
3.00000E+00	2.24719E+01	3.33177E-01
3.00000E+00	2.27528E+01	3.32142E-01
3.00000E+00	2.30337E+01	3.31026E-01
3.00000E+00	2.33146E+01	3.29803E-01
3.00000E+00	2.35955E+01	3.28442E-01
3.00000E+00	2.38764E+01	3.26926E-01
3.00000E+00	2.41573E+01	3.25287E-01
3.00000E+00	2.44382E+01	3.23602E-01
3.00000E+00	2.47191E+01	3.21934E-01
3.00000E+00	2.50000E+01	3.20291E-01
3.50000E+00	0.00000E+00	9.10978E-01
3.50000E+00	2.80899E-01	8.34357E-01
3.50000E+00	5.61798E-01	7.38344E-01
3.50000E+00	8.42697E-01	6.46007E-01
3.50000E+00	1.12360E+00	5.59622E-01
3.50000E+00	1.40449E+00	4.80287E-01
3.50000E+00	1.68539E+00	4.13326E-01
3.50000E+00	1.96629E+00	3.59154E-01
3.50000E+00	2.24719E+00	3.15487E-01
3.50000E+00	2.52809E+00	2.79819E-01
3.50000E+00	2.80899E+00	2.50206E-01
3.50000E+00	3.08989E+00	2.25321E-01
3.50000E+00	3.37079E+00	2.04280E-01
3.50000E+00	3.65169E+00	1.86475E-01
3.50000E+00	3.93258E+00	1.71452E-01
3.50000E+00	4.21348E+00	1.58864E-01
3.50000E+00	4.49438E+00	1.48451E-01
3.50000E+00	4.77528E+00	1.40018E-01
3.50000E+00	5.05618E+00	1.33402E-01
3.50000E+00	5.33708E+00	1.28461E-01
3.50000E+00	5.61798E+00	1.25082E-01
3.50000E+00	5.89888E+00	1.23196E-01
3.50000E+00	6.17978E+00	1.22788E-01
3.50000E+00	6.46067E+00	1.23868E-01
3.50000E+00	6.74157E+00	1.26426E-01
3.50000E+00	7.02247E+00	1.30413E-01
3.50000E+00	7.30337E+00	1.35736E-01
3.50000E+00	7.58427E+00	1.42264E-01
3.50000E+00	7.86517E+00	1.49842E-01
3.50000E+00	8.14607E+00	1.58319E-01
3.50000E+00	8.42697E+00	1.67571E-01
3.50000E+00	8.70787E+00	1.77477E-01
3.50000E+00	8.98876E+00	1.87920E-01
3.50000E+00	9.26966E+00	1.98784E-01
3.50000E+00	9.55056E+00	2.09948E-01
3.50000E+00	9.83146E+00	2.21275E-01
3.50000E+00	1.01124E+01	2.32627E-01
3.50000E+00	1.03933E+01	2.43876E-01
3.50000E+00	1.06742E+01	2.54891E-01
3.50000E+00	1.09551E+01	2.65563E-01
3.50000E+00	1.12360E+01	2.75825E-01
3.50000E+00	1.15169E+01	2.85662E-01
3.50000E+00	1.17978E+01	2.95050E-01
3.50000E+00	1.20787E+01	3.03922E-01
3.50000E+00	1.23596E+01	3.12194E-01
3.50000E+00	1.26404E+01	3.19813E-01
3.50000E+00	1.29213E+01	3.26795E-01
3.50000E+00	1.32022E+01	3.33195E-01
3.50000E+00	1.34831E+01	3.39048E-01
3.50000E+00	1.37640E+01	3.44336E-01
3.50000E+00	1.40449E+01	3.49025E-01
3.50000E+00	1.43258E+01	3.53110E-01
3.50000E+00	1.46067E+01	3.56634E-01
3.50000E+00	1.48876E+01	3.59687E-01
3.50000E+00	1.51685E+01	3.62374E-01
3.50000E+00	1.54494E+01	3.64766E-01
3.50000E+00	1.57303E+01	3.66881E-01
3.50000E+00	1.60112E+01	3.68688E-01
3.50000E+00	1.62921E+01	3.70136E-01
3.50000E+00	1.65730E+01	3.71198E-01
3.50000E+00	1.68539E+01	3.71890E-01
3.50000E+00	1.71348E+01	3.72293E-01
3.50000E+00	1.74157E+01	3.72518E-01
3.50000E+00	1.76966E+01	3.72644E-01
3.50000E+00	1.79775E+01	3.72699E-01
3.50000E+00	1.82584E+01	3.72696E-01
3.50000E+00	1.85393E+01	3.72638E-01
3.50000E+00	1.88202E+01	3.72485E-01
3.50000E+00	1.91011E+01	3.72187E-01
3.50000E+00	1.93820E+01	3.71720E-01
3.50000E+00	1.96629E+01	3.71075E-01
3.50000E+00	1.99438E+01	3.70258E-01
3.50000E+00	2.02247E+01	3.69316E-01
3.50000E+00	2.05056E+01	3.68324E-01
3.50000E+00	2.07865E+01	3.67327E-01
3.50000E+00	2.10674E+01	3.66336E-01
3.50000E+00	2.13483E+01	3.65353E-01
3.50000E+00	2.16292E+01	3.64372E-01
3.50000E+00	2.19101E+01	3.63376E-01
3.50000E+00	2.21910E+01	3.62346E-01
3.50000E+00	2.24719E+01	3.61272E-01
3.50000E+00	2.27528E+01	3.60136E-01
3.50000E+00	2.30337E+01	3.58911E-01
3.50000E+00	2.33146E+01	3.57571E-01
3.50000E+00	2.35955E+01	3.56090E-01
3.50000E+00	2.38764E+01	3.54459E-01
3.50000E+00	2.41573E+01	3.52710E-01
3.50000E+00	2.44382E+01	3.50908E-01
3.50000E+00	2.47191E+01	3.49109E-01
3.50000E+00	2.50000E+01	3.47330E-01
4.00000E+00	0.00000E+00	9.04185E-01
4.00000E+00	2.80899E-01	8.34237E-01
4.00000E+00	5.61798E-01	7.47144E-01
4.00000E+00	8.42697E-01	6.59111E-01
4.00000E+00	1.12360E+00	5.78805E-01
4.00000E+00	1.40449E+00	5.03635E-01
4.00000E+00	1.68539E+00	4.37208E-01
4.00000E+00	1.96629E+00	3.81617E-01
4.00000E+00	2.24719E+00	3.36031E-01
4.00000E+00	2.52809E+00	2.98546E-01
4.00000E+00	2.80899E+00	2.67371E-01
4.00000E+00	3.08989E+00	2.41164E-01
4.00000E+00	3.37079E+00	2.18998E-01
4.00000E+00	3.65169E+00	2.00225E-01
4.00000E+00	3.93258E+00	1.84372E-01
4.00000E+00	4.21348E+00	1.71083E-01
4.00000E+00	4.49438E+00	1.60091E-01
4.00000E+00	4.77528E+00	1.51191E-01
4.00000E+00	5.05618E+00	1.44219E-01
4.00000E+00	5.33708E+00	1.39032E-01
4.00000E+00	5.61798E+00	1.35521E-01
4.00000E+00	5.89888E+00	1.33620E-01
4.00000E+00	6.17978E+00	1.33305E-01
4.00000E+00	6.46067E+00	1.34572E-01
4.00000E+00	6.74157E+00	1.37401E-01
4.00000E+00	7.02247E+00	1.41734E-01
4.00000E+00	7.30337E+00	1.47474E-01
4.00000E+00	7.58427E+00	1.54488E-01
4.00000E+00	7.86517E+00	1.62619E-01
4.00000E+00	8.14607E+00	1.71715E-01
4.00000E+00	8.42697E+00	1.81639E-01
4.00000E+00	8.70787E+00	1.92261E-01
4.00000E+00	8.98876E+00	2.03453E-01
4.00000E+00	9.26966E+00	2.15090E-01
4.00000E+00	9.55056E+00	2.27038E-01
4.00000E+00	9.83146E+00	2.39155E-01
4.00000E+00	1.01124E+01	2.51298E-01
4.00000E+00	1.03933E+01	2.63328E-01
4.00000E+00	1.06742E+01	2.75114E-01
4.00000E+00	1.09551E+01	2.86546E-01
4.00000E+00	1.12360E+01	2.97553E-01
4.00000E+00	1.15169E+01	3.08102E-01
4.00000E+00	1.17978E+01	3.18156E-01
4.00000E+00	1.20787E+01	3.27650E-01
4.00000E+00	1.23596E+01	3.36510E-01
4.00000E+00	1.26404E+01	3.44693E-01
4.00000E+00	1.29213E+01	3.52206E-01
4.00000E+00	1.32022E+01	3.59089E-01
4.00000E+00	1.34831E+01	3.65369E-01
4.00000E+00	1.37640E+01	3.71037E-01
4.00000E+00	1.40449E+01	3.76071E-01
4.00000E+00	1.43258E+01	3.80476E-01
4.00000E+00	1.46067E+01	3.84298E-01
4.00000E+00	1.48876E+01	3.87621E-01
4.00000E+00	1.51685E+01	3.90538E-01
4.00000E+00	1.54494E+01	3.93116E-01
4.00000E+00	1.57303E+01	3.95375E-01
4.00000E+00	1.60112E+01	3.97296E-01
4.00000E+00	1.62921E+01	3.98838E-01
4.00000E+00	1.65730E+01	3.99985E-01
4.00000E+00	1.68539E+01	4.00760E-01
4.00000E+00	1.71348E+01	4.01237E-01
4.00000E+00	1.74157E+01	4.01515E-01
4.00000E+00	1.76966E+01	4.01668E-01
4.00000E+00	1.79775E+01	4.01733E-01
4.00000E+00	1.82584E+01	4.01727E-01
4.00000E+00	1.85393E+01	4.01645E-01
4.00000E+00	1.88202E+01	4.01457E-01
4.00000E+00	1.91011E+01	4.01119E-01
4.00000E+00	1.93820E+01	4.00608E-01
4.00000E+00	1.96629E+01	3.99916E-01
4.00000E+00	1.99438E+01	3.99055E-01
4.00000E+00	2.02247E+01	3.98070E-01
4.00000E+00	2.05056E+01	3.97022E-01
4.00000E+00	2.07865E+01	3.95957E-01
4.00000E+00	2.10674E+01	3.94891E-01
4.00000E+00	2.13483E+01	3.93829E-01
4.00000E+00	2.16292E+01	3.92764E-01
4.00000E+00	2.19101E+01	3.91680E-01
4.00000E+00	2.21910E+01	3.90560E-01
4.00000E+00	2.24719E+01	3.89390E-01
4.00000E+00	2.27528E+01	3.88149E-01
4.00000E+00	2.30337E+01	3.86814E-01
4.00000E+00	2.33146E+01	3.85357E-01
4.00000E+00	2.35955E+01	3.83758E-01
4.00000E+00	2.38764E+01	3.82013E-01
4.00000E+00	2.41573E+01	3.80154E-01
4.00000E+00	2.44382E+01	3.78237E-01
4.00000E+00	2.47191E+01	3.76312E-01
4.00000E+00	2.50000E+01	3.74401E-01
5.00000E+00	0.00000E+00	8.91740E-01
5.00000E+00	2.80899E-01	8.31473E-01
5.00000E+00	5.61798E-01	7.58261E-01
5.00000E+00	8.42697E-01	6.79796E-01
5.00000E+00	1.12360E+00	6.06845E-01
5.00000E+00	1.40449E+00	5.39929E-01
5.00000E+00	1.68539E+00	4.78061E-01
5.00000E+00	1.96629E+00	4.22795E-01
5.00000E+00	2.24719E+00	3.75141E-01
5.00000E+00	2.52809E+00	3.34819E-01
5.00000E+00	2.80899E+00	3.00859E-01
5.00000E+00	3.08989E+00	2.72199E-01
5.00000E+00	3.37079E+00	2.47945E-01
5.00000E+00	3.65169E+00	2.27408E-01
5.00000E+00	3.93258E+00	2.10074E-01
5.00000E+00	4.21348E+00	1.95559E-01
5.00000E+00	4.49438E+00	1.83572E-01
5.00000E+00	4.77528E+00	1.73893E-01
5.00000E+00	5.05618E+00	1.66349E-01
5.00000E+00	5.33708E+00	1.60800E-01
5.00000E+00	5.61798E+00	1.57143E-01
5.00000E+00	5.89888E+00	1.55308E-01
5.00000E+00	6.17978E+00	1.55257E-01
5.00000E+00	6.46067E+00	1.56961E-01
5.00000E+00	6.74157E+00	1.60377E-01
5.00000E+00	7.02247E+00	1.65435E-01
5.00000E+00	7.30337E+00	1.72027E-01
5.00000E+00	7.58427E+00	1.80015E-01
5.00000E+00	7.86517E+00	1.89243E-01
5.00000E+00	8.14607E+00	1.99552E-01
5.00000E+00	8.42697E+00	2.10788E-01
5.00000E+00	8.70787E+00	2.22801E-01
5.00000E+00	8.98876E+00	2.35445E-01
5.00000E+00	9.26966E+00	2.48574E-01
5.00000E+00	9.55056E+00	2.62036E-01
5.00000E+00	9.83146E+00	2.75676E-01
5.00000E+00	1.01124E+01	2.89340E-01
5.00000E+00	1.03933E+01	3.02878E-01
5.00000E+00	1.06742E+01	3.16155E-01
5.00000E+00	1.09551E+01	3.29057E-01
5.00000E+00	1.12360E+01	3.41501E-01
5.00000E+00	1.15169E+01	3.53425E-01
5.00000E+00	1.17978E+01	3.64774E-01
5.00000E+00	1.20787E+01	3.75486E-01
5.00000E+00	1.23596E+01	3.85502E-01
5.00000E+00	1.26404E+01	3.94784E-01
5.00000E+00	1.29213E+01	4.03331E-01
5.00000E+00	1.32022E+01	4.11160E-01
5.00000E+00	1.34831E+01	4.18288E-01
5.00000E+00	1.37640E+01	4.24716E-01
5.00000E+00	1.40449E+01	4.30447E-01
5.00000E+00	1.43258E+01	4.35497E-01
5.00000E+00	1.46067E+01	4.39916E-01
5.00000E+00	1.48876E+01	4.43775E-01
5.00000E+00	1.51685E+01	4.47153E-01
5.00000E+00	1.54494E+01	4.50108E-01
5.00000E+00	1.57303E+01	4.52665E-01
5.00000E+00	1.60112E+01	4.54821E-01
5.00000E+00	1.62921E+01	4.56563E-01
5.00000E+00	1.65730E+01	4.57892E-01
5.00000E+00	1.68539E+01	4.58838E-01
5.00000E+00	1.71348E+01	4.59467E-01
5.00000E+00	1.74157E+01	4.59858E-01
5.00000E+00	1.76966E+01	4.60078E-01
5.00000E+00	1.79775E+01	4.60171E-01
5.00000E+00	1.82584E+01	4.60155E-01
5.00000E+00	1.85393E+01	4.60029E-01
5.00000E+00	1.88202E+01	4.59770E-01
5.00000E+00	1.91011E+01	4.59350E-01
5.00000E+00	1.93820E+01	4.58752E-01
5.00000E+00	1.96629E+01	4.57971E-01
5.00000E+00	1.99438E+01	4.57025E-01
5.00000E+00	2.02247E+01	4.55952E-01
5.00000E+00	2.05056E+01	4.54799E-01
5.00000E+00	2.07865E+01	4.53606E-01
5.00000E+00	2.10674E+01	4.52395E-01
5.00000E+00	2.13483E+01	4.51172E-01
5.00000E+00	2.16292E+01	4.49935E-01
5.00000E+00	2.19101E+01	4.48669E-01
5.00000E+00	2.21910E+01	4.47360E-01
5.00000E+00	2.24719E+01	4.45988E-01
5.00000E+00	2.27528E+01	4.44532E-01
5.00000E+00	2.30337E+01	4.42970E-01
5.00000E+00	2.33146E+01	4.41279E-01
5.00000E+00	2.35955E+01	4.39447E-01
5.00000E+00	2.38764E+01	4.37479E-01
5.00000E+00	2.41573E+01	4.35400E-01
5.00000E+00	2.44382E+01	4.33256E-01
5.00000E+00	2.47191E+01	4.31086E-01
5.00000E+00	2.50000E+01	4.28919E-01
6.00000E+00	0.00000E+00	8.80718E-01
6.00000E+00	2.80899E-01	8.27344E-01
6.00000E+00	5.61798E-01	7.64100E-01
6.00000E+00	8.42697E-01	6.95373E-01
6.00000E+00	1.12360E+00	6.27635E-01
6.00000E+00	1.40449E+00	5.66220E-01
6.00000E+00	1.68539E+00	5.09603E-01
6.00000E+00	1.96629E+00	4.57447E-01
6.00000E+00	2.24719E+00	4.10433E-01
6.00000E+00	2.52809E+00	3.69084E-01
6.00000E+00	2.80899E+00	3.33344E-01
6.00000E+00	3.08989E+00	3.02751E-01
6.00000E+00	3.37079E+00	2.76696E-01
6.00000E+00	3.65169E+00	2.54598E-01
6.00000E+00	3.93258E+00	2.35963E-01
6.00000E+00	4.21348E+00	2.20396E-01
6.00000E+00	4.49438E+00	2.07591E-01
6.00000E+00	4.77528E+00	1.97309E-01
6.00000E+00	5.05618E+00	1.89366E-01
6.00000E+00	5.33708E+00	1.83621E-01
6.00000E+00	5.61798E+00	1.79964E-01
6.00000E+00	5.89888E+00	1.78321E-01
6.00000E+00	6.17978E+00	1.78635E-01
6.00000E+00	6.46067E+00	1.80857E-01
6.00000E+00	6.74157E+00	1.84924E-01
6.00000E+00	7.02247E+00	1.90750E-01
6.00000E+00	7.30337E+00	1.98220E-01
6.00000E+00	7.58427E+00	2.07192E-01
6.00000E+00	7.86517E+00	2.17507E-01
6.00000E+00	8.14607E+00	2.28999E-01
6.00000E+00	8.42697E+00	2.41502E-01
6.00000E+00	8.70787E+00	2.54851E-01
6.00000E+00	8.98876E+00	2.68882E-01
6.00000E+00	9.26966E+00	2.83431E-01
6.00000E+00	9.55056E+00	2.98332E-01
6.00000E+00	9.83146E+00	3.13419E-01
6.00000E+00	1.01124E+01	3.28527E-01
6.00000E+00	1.03933E+01	3.43500E-01
6.00000E+00	1.06742E+01	3.58197E-01
6.00000E+00	1.09551E+01	3.72498E-01
6.00000E+00	1.12360E+01	3.86305E-01
6.00000E+00	1.15169E+01	3.99540E-01
6.00000E+00	1.17978E+01	4.12135E-01
6.00000E+00	1.20787E+01	4.24028E-01
6.00000E+00	1.23596E+01	4.35164E-01
6.00000E+00	1.26404E+01	4.45511E-01
6.00000E+00	1.29213E+01	4.55056E-01
6.00000E+00	1.32022E+01	4.63807E-01
6.00000E+00	1.34831E+01	4.71774E-01
6.00000E+00	1.37640E+01	4.78966E-01
6.00000E+00	1.40449E+01	4.85398E-01
6.00000E+00	1.43258E+01	4.91097E-01
6.00000E+00	1.46067E+01	4.96112E-01
6.00000E+00	1.48876E+01	5.00506E-01
6.00000E+00	1.51685E+01	5.04346E-01
6.00000E+00	1.54494E+01	5.07686E-01
6.00000E+00	1.57303E+01	5.10555E-01
6.00000E+00	1.60112E+01	5.12966E-01
6.00000E+00	1.62921E+01	5.14927E-01
6.00000E+00	1.65730E+01	5.16451E-01
6.00000E+00	1.68539E+01	5.17578E-01
6.00000E+00	1.71348E+01	5.18363E-01
6.00000E+00	1.74157E+01	5.18875E-01
6.00000E+00	1.76966E+01	5.19174E-01
6.00000E+00	1.79775E+01	5.19302E-01
6.00000E+00	1.82584E+01	5.19281E-01
6.00000E+00	1.85393E+01	5.19114E-01
6.00000E+00	1.88202E+01	5.18790E-01
6.00000E+00	1.91011E+01	5.18293E-01
6.00000E+00	1.93820E+01	5.17611E-01
6.00000E+00	1.96629E+01	5.16747E-01
6.00000E+00	1.99438E+01	5.15717E-01
6.00000E+00	2.02247E+01	5.14555E-01
6.00000E+00	2.05056E+01	5.13299E-01
6.00000E+00	2.07865E+01	5.11983E-01
6.00000E+00	2.10674E+01	5.10629E-01
6.00000E+00	2.13483E+01	5.09246E-01
6.00000E+00	2.16292E+01	5.07832E-01
6.00000E+00	2.19101E+01	5.06378E-01
6.00000E+00	2.21910E+01	5.04868E-01
6.00000E+00	2.24719E+01	5.03284E-01
6.00000E+00	2.27528E+01	5.01605E-01
6.00000E+00	2.30337E+01	4.99812E-01
6.00000E+00	2.33146E+01	4.97888E-01
6.00000E+00	2.35955E+01	4.95827E-01
6.00000E+00	2.38764E+01	4.93634E-01
6.00000E+00	2.41573E+01	4.91336E-01
6.00000E+00	2.44382E+01	4.88965E-01
6.00000E+00	2.47191E+01	4.86558E-01
6.00000E+00	2.50000E+01	4.84143E-01
7.00000E+00	0.00000E+00	8.70994E-01
7.00000E+00	2.80899E-01	8.22912E-01
7.00000E+00	5.61798E-01	7.67136E-01
7.00000E+00	8.42697E-01	7.06478E-01
7.00000E+00	1.12360E+00	6.44835E-01
7.00000E+00	1.40449E+00	5.86915E-01
7.00000E+00	1.68539E+00	5.34288E-01
7.00000E+00	1.96629E+00	4.85686E-01
7.00000E+00	2.24719E+00	4.40933E-01
7.00000E+00	2.52809E+00	4.00356E-01
7.00000E+00	2.80899E+00	3.64260E-01
7.00000E+00	3.08989E+00	3.32681E-01
7.00000E+00	3.37079E+00	3.05409E-01
7.00000E+00	3.65169E+00	2.82108E-01
7.00000E+00	3.93258E+00	2.62409E-01
7.00000E+00	4.21348E+00	2.45970E-01
7.00000E+00	4.49438E+00	2.32500E-01
7.00000E+00	4.77528E+00	2.21761E-01
7.00000E+00	5.05618E+00	2.13562E-01
7.00000E+00	5.33708E+00	2.07753E-01
7.00000E+00	5.61798E+00	2.04220E-01
7.00000E+00	5.89888E+00	2.02872E-01
7.00000E+00	6.17978E+00	2.03637E-01
7.00000E+00	6.46067E+00	2.06444E-01
7.00000E+00	6.74157E+00	2.11214E-01
7.00000E+00	7.02247E+00	2.17845E-01
7.00000E+00	7.30337E+00	2.26214E-01
7.00000E+00	7.58427E+00	2.36174E-01
7.00000E+00	7.86517E+00	2.47561E-01
7.00000E+00	8.14607E+00	2.60203E-01
7.00000E+00	8.42697E+00	2.73925E-01
7.00000E+00	8.70787E+00	2.88548E-01
7.00000E+00	8.98876E+00	3.03895E-01
7.00000E+00	9.26966E+00	3.19789E-01
7.00000E+00	9.55056E+00	3.36050E-01
7.00000E+00	9.83146E+00	3.52502E-01
7.00000E+00	1.01124E+01	3.68974E-01
7.00000E+00	1.03933E+01	3.85302E-01
7.00000E+00	1.06742E+01	4.01341E-01
7.00000E+00	1.09551E+01	4.16962E-01
7.00000E+00	1.12360E+01	4.32057E-01
7.00000E+00	1.15169E+01	4.46536E-01
7.00000E+00	1.17978E+01	4.60322E-01
7.00000E+00	1.20787E+01	4.73349E-01
7.00000E+00	1.23596E+01	4.85566E-01
7.00000E+00	1.26404E+01	4.96937E-01
7.00000E+00	1.29213E+01	5.07447E-01
7.00000E+00	1.32022E+01	5.17096E-01
7.00000E+00	1.34831E+01	5.25889E-01
7.00000E+00	1.37640E+01	5.33842E-01
7.00000E+00	1.40449E+01	5.40975E-01
7.00000E+00	1.43258E+01	5.47322E-01
7.00000E+00	1.46067E+01	5.52930E-01
7.00000E+00	1.48876E+01	5.57858E-01
7.00000E+00	1.51685E+01	5.62163E-01
7.00000E+00	1.54494E+01	5.65897E-01
7.00000E+00	1.57303E+01	5.69095E-01
7.00000E+00	1.60112E+01	5.71783E-01
7.00000E+00	1.62921E+01	5.73980E-01
7.00000E+00	1.65730E+01	5.75716E-01
7.00000E+00	1.68539E+01	5.77031E-01
7.00000E+00	1.71348E+01	5.77978E-01
7.00000E+00	1.74157E+01	5.78617E-01
7.00000E+00	1.76966E+01	5.79002E-01
7.00000E+00	1.79775E+01	5.79173E-01
7.00000E+00	1.82584E+01	5.79156E-01
7.00000E+00	1.85393E+01	5.78959E-01
7.00000E+00	1.88202E+01	5.78580E-01
7.00000E+00	1.91011E+01	5.78012E-01
7.00000E+00	1.93820E+01	5.77253E-01
7.00000E+00	1.96629E+01	5.76308E-01
7.00000E+00	1.99438E+01	5.75196E-01
7.00000E+00	2.02247E+01	5.73944E-01
7.00000E+00	2.05056E+01	5.72585E-01
7.00000E+00	2.07865E+01	5.71147E-01
7.00000E+00	2.10674E+01	5.69651E-01
7.00000E+00	2.13483E+01	5.68106E-01
7.00000E+00	2.16292E+01	5.66513E-01
7.00000E+00	2.19101E+01	5.64865E-01
7.00000E+00	2.21910E+01	5.63148E-01
7.00000E+00	2.24719E+01	5.61345E-01
7.00000E+00	2.27528E+01	5.59440E-01
7.00000E+00	2.30337E+01	5.57414E-01
7.00000E+00	2.33146E+01	5.55258E-01
7.00000E+00	2.35955E+01	5.52967E-01
7.00000E+00	2.38764E+01	5.50551E-01
7.00000E+00	2.41573E+01	5.48030E-01
7.00000E+00	2.44382E+01	5.45434E-01
7.00000E+00	2.47191E+01	5.42792E-01
7.00000E+00	2.50000E+01	5.40131E-01
8.00000E+00	0.00000E+00	8.62449E-01
8.00000E+00	2.80899E-01	8.18634E-01
8.00000E+00	5.61798E-01	7.68692E-01
8.00000E+00	8.42697E-01	7.14566E-01
8.00000E+00	1.12360E+00	6.58844E-01
8.00000E+00	1.40449E+00	6.04564E-01
8.00000E+00	1.68539E+00	5.54751E-01
8.00000E+00	1.96629E+00	5.09141E-01
8.00000E+00	2.24719E+00	4.67001E-01
8.00000E+00	2.52809E+00	4.28227E-01
8.00000E+00	2.80899E+00	3.93001E-01
8.00000E+00	3.08989E+00	3.61523E-01
8.00000E+00	3.37079E+00	3.33861E-01
8.00000E+00	3.65169E+00	3.09936E-01
8.00000E+00	3.93258E+00	2.89568E-01
8.00000E+00	4.21348E+00	2.72530E-01
8.00000E+00	4.49438E+00	2.58595E-01
8.00000E+00	4.77528E+00	2.47554E-01
8.00000E+00	5.05618E+00	2.39228E-01
8.00000E+00	5.33708E+00	2.33468E-01
8.00000E+00	5.61798E+00	2.30150E-01
8.00000E+00	5.89888E+00	2.29174E-01
8.00000E+00	6.17978E+00	2.30449E-01
8.00000E+00	6.46067E+00	2.33887E-01
8.00000E+00	6.74157E+00	2.39391E-01
8.00000E+00	7.02247E+00	2.46845E-01
8.00000E+00	7.30337E+00	2.56117E-01
8.00000E+00	7.58427E+00	2.67053E-01
8.00000E+00	7.86517E+00	2.79485E-01
8.00000E+00	8.14607E+00	2.93235E-01
8.00000E+00	8.42697E+00	3.08118E-01
8.00000E+00	8.70787E+00	3.23947E-01
8.00000E+00	8.98876E+00	3.40533E-01
8.00000E+00	9.26966E+00	3.57687E-01
8.00000E+00	9.55056E+00	3.75221E-01
8.00000E+00	9.83146E+00	3.92951E-01
8.00000E+00	1.01124E+01	4.10699E-01
8.00000E+00	1.03933E+01	4.28296E-01
8.00000E+00	1.06742E+01	4.45591E-01
8.00000E+00	1.09551E+01	4.62448E-01
8.00000E+00	1.12360E+01	4.78751E-01
8.00000E+00	1.15169E+01	4.94401E-01
8.00000E+00	1.17978E+01	5.09314E-01
8.00000E+00	1.20787E+01	5.23422E-01
8.00000E+00	1.23596E+01	5.36671E-01
8.00000E+00	1.26404E+01	5.49024E-01
8.00000E+00	1.29213E+01	5.60462E-01
8.00000E+00	1.32022E+01	5.70979E-01
8.00000E+00	1.34831E+01	5.80582E-01
8.00000E+00	1.37640E+01	5.89285E-01
8.00000E+00	1.40449E+01	5.97114E-01
8.00000E+00	1.43258E+01	6.04103E-01
8.00000E+00	1.46067E+01	6.10300E-01
8.00000E+00	1.48876E+01	6.15758E-01
8.00000E+00	1.51685E+01	6.20531E-01
8.00000E+00	1.54494E+01	6.24669E-01
8.00000E+00	1.57303E+01	6.28212E-01
8.00000E+00	1.60112E+01	6.31194E-01
8.00000E+00	1.62921E+01	6.33648E-01
8.00000E+00	1.65730E+01	6.35609E-01
8.00000E+00	1.68539E+01	6.37122E-01
8.00000E+00	1.71348E+01	6.38237E-01
8.00000E+00	1.74157E+01	6.39008E-01
8.00000E+00	1.76966E+01	6.39487E-01
8.00000E+00	1.79775E+01	6.39711E-01
8.00000E+00	1.82584E+01	6.39708E-01
8.00000E+00	1.85393E+01	6.39492E-01
8.00000E+00	1.88202E+01	6.39069E-01
8.00000E+00	1.91011E+01	6.38442E-01
8.00000E+00	1.93820E+01	6.37612E-01
8.00000E+00	1.96629E+01	6.36592E-01
8.00000E+00	1.99438E+01	6.35398E-01
8.00000E+00	2.02247E+01	6.34056E-01
8.00000E+00	2.05056E+01	6.32592E-01
8.00000E+00	2.07865E+01	6.31031E-01
8.00000E+00	2.10674E+01	6.29392E-01
8.00000E+00	2.13483E+01	6.27686E-01
8.00000E+00	2.16292E+01	6.25912E-01
8.00000E+00	2.19101E+01	6.24068E-01
8.00000E+00	2.21910E+01	6.22140E-01
8.00000E+00	2.24719E+01	6.20117E-01
8.00000E+00	2.27528E+01	6.17983E-01
8.00000E+00	2.30337E+01	6.15725E-01
8.00000E+00	2.33146E+01	6.13337E-01
8.00000E+00	2.35955E+01	6.10818E-01
8.00000E+00	2.38764E+01	6.08177E-01
8.00000E+00	2.41573E+01	6.05432E-01
8.00000E+00	2.44382E+01	6.02609E-01
8.00000E+00	2.47191E+01	5.99734E-01
8.00000E+00	2.50000E+01	5.96830E-01
9.00000E+00	0.00000E+00	8.54993E-01
9.00000E+00	2.80899E-01	8.14744E-01
9.00000E+00	5.61798E-01	7.69530E-01
9.00000E+00	8.42697E-01	7.20766E-01
9.00000E+00	1.12360E+00	6.70279E-01
9.00000E+00	1.40449E+00	6.20173E-01
9.00000E+00	1.68539E+00	5.72753E-01
9.00000E+00	1.96629E+00	5.29529E-01
9.00000E+00	2.24719E+00	4.89780E-01
9.00000E+00	2.52809E+00	4.53110E-01
9.00000E+00	2.80899E+00	4.19463E-01
9.00000E+00	3.08989E+00	3.88957E-01
9.00000E+00	3.37079E+00	3.61739E-01
9.00000E+00	3.65169E+00	3.37884E-01
9.00000E+00	3.93258E+00	3.17379E-01
9.00000E+00	4.21348E+00	3.00135E-01
9.00000E+00	4.49438E+00	2.86020E-01
9.00000E+00	4.77528E+00	2.74885E-01
9.00000E+00	5.05618E+00	2.66586E-01
9.00000E+00	5.33708E+00	2.60988E-01
9.00000E+00	5.61798E+00	2.57970E-01
9.00000E+00	5.89888E+00	2.57424E-01
9.00000E+00	6.17978E+00	2.59248E-01
9.00000E+00	6.46067E+00	2.63337E-01
9.00000E+00	6.74157E+00	2.69581E-01
9.00000E+00	7.02247E+00	2.77852E-01
9.00000E+00	7.30337E+00	2.88008E-01
9.00000E+00	7.58427E+00	2.99889E-01
9.00000E+00	7.86517E+00	3.13320E-01
9.00000E+00	8.14607E+00	3.28119E-01
9.00000E+00	8.42697E+00	3.44092E-01
9.00000E+00	8.70787E+00	3.61045E-01
9.00000E+00	8.98876E+00	3.78781E-01
9.00000E+00	9.26966E+00	3.97103E-01
9.00000E+00	9.55056E+00	4.15814E-01
9.00000E+00	9.83146E+00	4.34725E-01
9.00000E+00	1.01124E+01	4.53651E-01
9.00000E+00	1.03933E+01	4.72422E-01
9.00000E+00	1.06742E+01	4.90879E-01
9.00000E+00	1.09551E+01	5.08882E-01
9.00000E+00	1.12360E+01	5.26306E-01
9.00000E+00	1.15169E+01	5.43048E-01
9.00000E+00	1.17978E+01	5.59018E-01
9.00000E+00	1.20787E+01	5.74143E-01
9.00000E+00	1.23596E+01	5.88369E-01
9.00000E+00	1.26404E+01	6.01655E-01
9.00000E+00	1.29213E+01	6.13978E-01
9.00000E+00	1.32022E+01	6.25332E-01
9.00000E+00	1.34831E+01	6.35719E-01
9.00000E+00	1.37640E+01	6.45155E-01
9.00000E+00	1.40449E+01	6.53667E-01
9.00000E+00	1.43258E+01	6.61289E-01
9.00000E+00	1.46067E+01	6.68067E-01
9.00000E+00	1.48876E+01	6.74051E-01
9.00000E+00	1.51685E+01	6.79293E-01
9.00000E+00	1.54494E+01	6.83842E-01
9.00000E+00	1.57303E+01	6.87744E-01
9.00000E+00	1.60112E+01	6.91037E-01
9.00000E+00	1.62921E+01	6.93763E-01
9.00000E+00	1.65730E+01	6.95962E-01
9.00000E+00	1.68539E+01	6.97681E-01
9.00000E+00	1.71348E+01	6.98971E-01
9.00000E+00	1.74157E+01	6.99882E-01
9.00000E+00	1.76966E+01	7.00462E-01
9.00000E+00	1.79775E+01	7.00749E-01
9.00000E+00	1.82584E+01	7.00772E-01
9.00000E+00	1.85393E+01	7.00551E-01
9.00000E+00	1.88202E+01	7.00098E-01
9.00000E+00	1.91011E+01	6.99421E-01
9.00000E+00	1.93820E+01	6.98530E-01
9.00000E+00	1.96629E+01	6.97439E-01
9.00000E+00	1.99438E+01	6.96165E-01
9.00000E+00	2.02247E+01	6.94732E-01
9.00000E+00	2.05056E+01	6.93163E-01
9.00000E+00	2.07865E+01	6.91479E-01
9.00000E+00	2.10674E+01	6.89698E-01
9.00000E+00	2.13483E+01	6.87829E-01
9.00000E+00	2.16292E+01	6.85876E-01
9.00000E+00	2.19101E+01	6.83834E-01
9.00000E+00	2.21910E+01	6.81697E-01
9.00000E+00	2.24719E+01	6.79453E-01
9.00000E+00	2.27528E+01	6.77092E-01
9.00000E+00	2.30337E+01	6.74604E-01
9.00000E+00	2.33146E+01	6.71986E-01
9.00000E+00	2.35955E+01	6.69238E-01
9.00000E+00	2.38764E+01	6.66372E-01
9.00000E+00	2.41573E+01	6.63403E-01
9.00000E+00	2.44382E+01	6.60352E-01
9.00000E+00	2.47191E+01	6.57243E-01
9.00000E+00	2.50000E+01	6.54096E-01
1.00000E+01	0.00000E+00	8.48578E-01
1.00000E+01	2.80899E-01	8.11399E-01
1.00000E+01	5.61798E-01	7.70142E-01
1.00000E+01	8.42697E-01	7.25879E-01
1.00000E+01	1.12360E+00	6.79960E-01
1.00000E+01	1.40449E+00	6.33922E-01
1.00000E+01	1.68539E+00	5.89401E-01
1.00000E+01	1.96629E+00	5.48120E-01
1.00000E+01	2.24719E+00	5.10456E-01
1.00000E+01	2.52809E+00	4.75835E-01
1.00000E+01	2.80899E+00	4.44031E-01
1.00000E+01	3.08989E+00	4.15020E-01
1.00000E+01	3.37079E+00	3.88889E-01
1.00000E+01	3.65169E+00	3.65750E-01
1.00000E+01	3.93258E+00	3.45681E-01
1.00000E+01	4.21348E+00	3.28697E-01
1.00000E+01	4.49438E+00	3.14765E-01
1.00000E+01	4.77528E+00	3.03809E-01
1.00000E+01	5.05618E+00	2.95735E-01
1.00000E+01	5.33708E+00	2.90438E-01
1.00000E+01	5.61798E+00	2.87814E-01
1.00000E+01	5.89888E+00	2.87755E-01
1.00000E+01	6.17978E+00	2.90157E-01
1.00000E+01	6.46067E+00	2.94905E-01
1.00000E+01	6.74157E+00	3.01877E-01
1.00000E+01	7.02247E+00	3.10939E-01
1.00000E+01	7.30337E+00	3.21938E-01
1.00000E+01	7.58427E+00	3.34710E-01
1.00000E+01	7.86517E+00	3.49075E-01
1.00000E+01	8.14607E+00	3.64843E-01
1.00000E+01	8.42697E+00	3.81819E-01
1.00000E+01	8.70787E+00	3.99800E-01
1.00000E+01	8.98876E+00	4.18583E-01
1.00000E+01	9.26966E+00	4.37964E-01
1.00000E+01	9.55056E+00	4.57744E-01
1.00000E+01	9.83146E+00	4.77727E-01
1.00000E+01	1.01124E+01	4.97725E-01
1.00000E+01	1.03933E+01	5.17563E-01
1.00000E+01	1.06742E+01	5.37078E-01
1.00000E+01	1.09551E+01	5.56126E-01
1.00000E+01	1.12360E+01	5.74579E-01
1.00000E+01	1.15169E+01	5.92326E-01
1.00000E+01	1.17978E+01	6.09273E-01
1.00000E+01	1.20787E+01	6.25345E-01
1.00000E+01	1.23596E+01	6.40484E-01
1.00000E+01	1.26404E+01	6.54646E-01
1.00000E+01	1.29213E+01	6.67808E-01
1.00000E+01	1.32022E+01	6.79957E-01
1.00000E+01	1.34831E+01	6.91097E-01
1.00000E+01	1.37640E+01	7.01241E-01
1.00000E+01	1.40449E+01	7.10416E-01
1.00000E+01	1.43258E+01	7.18655E-01
1.00000E+01	1.46067E+01	7.26002E-01
1.00000E+01	1.48876E+01	7.32506E-01
1.00000E+01	1.51685E+01	7.38216E-01
1.00000E+01	1.54494E+01	7.43181E-01
1.00000E+01	1.57303E+01	7.47450E-01
1.00000E+01	1.60112E+01	7.51066E-01
1.00000E+01	1.62921E+01	7.54076E-01
1.00000E+01	1.65730E+01	7.56524E-01
1.00000E+01	1.68539E+01	7.58460E-01
1.00000E+01	1.71348E+01	7.59932E-01
1.00000E+01	1.74157E+01	7.60991E-01
1.00000E+01	1.76966E+01	7.61681E-01
1.00000E+01	1.79775E+01	7.62041E-01
1.00000E+01	1.82584E+01	7.62103E-01
1.00000E+01	1.85393E+01	7.61890E-01
1.00000E+01	1.88202E+01	7.61419E-01
1.00000E+01	1.91011E+01	7.60705E-01
1.00000E+01	1.93820E+01	7.59762E-01
1.00000E+01	1.96629E+01	7.58606E-01
1.00000E+01	1.99438E+01	7.57256E-01
1.00000E+01	2.02247E+01	7.55733E-01
1.00000E+01	2.05056E+01	7.54059E-01
1.00000E+01	2.07865E+01	7.52254E-01
1.00000E+01	2.10674E+01	7.50331E-01
1.00000E+01	2.13483E+01	7.48302E-01
1.00000E+01	2.16292E+01	7.46170E-01
1.00000E+01	2.19101E+01	7.43934E-01
1.00000E+01	2.21910E+01	7.41589E-01
1.00000E+01	2.24719E+01	7.39128E-01
1.00000E+01	2.27528E+01	7.36543E-01
1.00000E+01	2.30337E+01	7.33829E-01
1.00000E+01	2.33146E+01	7.30983E-01
1.00000E+01	2.35955E+01	7.28010E-01
1.00000E+01	2.38764E+01	7.24919E-01
1.00000E+01	2.41573E+01	7.21724E-01
1.00000E+01	2.44382E+01	7.18445E-01
1.00000E+01	2.47191E+01	7.15102E-01
1.00000E+01	2.50000E+01	7.11713E-01
