1.00000E-04	0.00000E+00	9.29476E-01
1.00000E-04	2.80899E-01	1.21232E-01
1.00000E-04	5.61798E-01	6.95897E-02
1.00000E-04	8.42697E-01	5.78768E-02
1.00000E-04	1.12360E+00	5.91641E-02
1.00000E-04	1.40449E+00	6.88176E-02
1.00000E-04	1.68539E+00	8.47343E-02
1.00000E-04	1.96629E+00	1.04559E-01
1.00000E-04	2.24719E+00	1.25862E-01
1.00000E-04	2.52809E+00	1.45915E-01
1.00000E-04	2.80899E+00	1.62411E-01
1.00000E-04	3.08989E+00	1.73781E-01
1.00000E-04	3.37079E+00	1.80208E-01
1.00000E-04	3.65169E+00	1.82522E-01
1.00000E-04	3.93258E+00	1.81669E-01
1.00000E-04	4.21348E+00	1.79417E-01
1.00000E-04	4.49438E+00	1.76586E-01
1.00000E-04	4.77528E+00	1.73501E-01
1.00000E-04	5.05618E+00	1.70948E-01
1.00000E-04	5.33708E+00	1.69431E-01
1.00000E-04	5.61798E+00	1.69602E-01
1.00000E-04	5.89888E+00	1.71700E-01
1.00000E-04	6.17978E+00	1.76539E-01
1.00000E-04	6.46067E+00	1.83841E-01
1.00000E-04	6.74157E+00	1.94438E-01
1.00000E-04	7.02247E+00	2.08601E-01
1.00000E-04	7.30337E+00	2.26259E-01
1.00000E-04	7.58427E+00	2.49357E-01
1.00000E-04	7.86517E+00	2.76461E-01
1.00000E-04	8.14607E+00	3.10435E-01
1.00000E-04	8.42697E+00	3.47802E-01
1.00000E-04	8.70787E+00	3.91302E-01
1.00000E-04	8.98876E+00	4.38603E-01
1.00000E-04	9.26966E+00	4.91906E-01
1.00000E-04	9.55056E+00	5.48225E-01
1.00000E-04	9.83146E+00	6.08429E-01
1.00000E-04	1.01124E+01	6.72826E-01
1.00000E-04	1.03933E+01	7.38539E-01
1.00000E-04	1.06742E+01	8.07200E-01
1.00000E-04	1.09551E+01	8.72998E-01
1.00000E-04	1.12360E+01	9.42120E-01
1.00000E-04	1.15169E+01	1.00738E+00
1.00000E-04	1.17978E+01	1.07009E+00
1.00000E-04	1.20787E+01	1.13191E+00
1.00000E-04	1.23596E+01	1.18645E+00
1.00000E-04	1.26404E+01	1.23687E+00
1.00000E-04	1.29213E+01	1.28449E+00
1.00000E-04	1.32022E+01	1.33081E+00
1.00000E-04	1.34831E+01	1.37099E+00
1.00000E-04	1.37640E+01	1.40861E+00
1.00000E-04	1.40449E+01	1.44309E+00
1.00000E-04	1.43258E+01	1.46984E+00
1.00000E-04	1.46067E+01	1.49389E+00
1.00000E-04	1.48876E+01	1.51500E+00
1.00000E-04	1.51685E+01	1.53472E+00
1.00000E-04	1.54494E+01	1.55276E+00
1.00000E-04	1.57303E+01	1.56901E+00
1.00000E-04	1.60112E+01	1.58196E+00
1.00000E-04	1.62921E+01	1.59411E+00
1.00000E-04	1.65730E+01	1.60374E+00
1.00000E-04	1.68539E+01	1.60861E+00
1.00000E-04	1.71348E+01	1.61130E+00
1.00000E-04	1.74157E+01	1.61224E+00
1.00000E-04	1.76966E+01	1.61229E+00
1.00000E-04	1.79775E+01	1.61150E+00
1.00000E-04	1.82584E+01	1.61048E+00
1.00000E-04	1.85393E+01	1.60769E+00
1.00000E-04	1.88202E+01	1.60422E+00
1.00000E-04	1.91011E+01	1.59989E+00
1.00000E-04	1.93820E+01	1.59480E+00
1.00000E-04	1.96629E+01	1.58957E+00
1.00000E-04	1.99438E+01	1.58225E+00
1.00000E-04	2.02247E+01	1.57230E+00
1.00000E-04	2.05056E+01	1.56204E+00
1.00000E-04	2.07865E+01	1.55196E+00
1.00000E-04	2.10674E+01	1.54010E+00
1.00000E-04	2.13483E+01	1.52935E+00
1.00000E-04	2.16292E+01	1.51773E+00
1.00000E-04	2.19101E+01	1.50626E+00
1.00000E-04	2.21910E+01	1.49496E+00
1.00000E-04	2.24719E+01	1.48370E+00
1.00000E-04	2.27528E+01	1.47204E+00
1.00000E-04	2.30337E+01	1.46117E+00
1.00000E-04	2.33146E+01	1.44994E+00
1.00000E-04	2.35955E+01	1.43851E+00
1.00000E-04	2.38764E+01	1.42713E+00
1.00000E-04	2.41573E+01	1.41654E+00
1.00000E-04	2.44382E+01	1.40520E+00
1.00000E-04	2.47191E+01	1.39353E+00
1.00000E-04	2.50000E+01	1.38145E+00
5.00000E-04	0.00000E+00	9.38026E-01
5.00000E-04	2.80899E-01	2.30734E-01
5.00000E-04	5.61798E-01	1.32453E-01
5.00000E-04	8.42697E-01	1.10170E-01
5.00000E-04	1.12360E+00	1.12586E-01
5.00000E-04	1.40449E+00	1.30983E-01
5.00000E-04	1.68539E+00	1.61278E-01
5.00000E-04	1.96629E+00	1.99011E-01
5.00000E-04	2.24719E+00	2.39559E-01
5.00000E-04	2.52809E+00	2.77727E-01
5.00000E-04	2.80899E+00	3.09124E-01
5.00000E-04	3.08989E+00	3.30786E-01
5.00000E-04	3.37079E+00	3.42997E-01
5.00000E-04	3.65169E+00	3.47398E-01
5.00000E-04	3.93258E+00	3.45782E-01
5.00000E-04	4.21348E+00	3.41442E-01
5.00000E-04	4.49438E+00	3.36104E-01
5.00000E-04	4.77528E+00	3.30232E-01
5.00000E-04	5.05618E+00	3.25374E-01
5.00000E-04	5.33708E+00	3.22485E-01
5.00000E-04	5.61798E+00	3.22811E-01
5.00000E-04	5.89888E+00	3.26802E-01
5.00000E-04	6.17978E+00	3.36015E-01
5.00000E-04	6.46067E+00	3.49912E-01
5.00000E-04	6.74157E+00	3.70082E-01
5.00000E-04	7.02247E+00	3.97039E-01
5.00000E-04	7.30337E+00	4.30673E-01
5.00000E-04	7.58427E+00	4.74612E-01
5.00000E-04	7.86517E+00	5.26201E-01
5.00000E-04	8.14607E+00	5.90864E-01
5.00000E-04	8.42697E+00	6.61987E-01
5.00000E-04	8.70787E+00	7.44783E-01
5.00000E-04	8.98876E+00	8.35316E-01
5.00000E-04	9.26966E+00	9.36265E-01
5.00000E-04	9.55056E+00	1.04346E+00
5.00000E-04	9.83146E+00	1.15805E+00
5.00000E-04	1.01124E+01	1.28062E+00
5.00000E-04	1.03933E+01	1.40540E+00
5.00000E-04	1.06742E+01	1.53638E+00
5.00000E-04	1.09551E+01	1.66162E+00
5.00000E-04	1.12360E+01	1.79318E+00
5.00000E-04	1.15169E+01	1.91739E+00
5.00000E-04	1.17978E+01	2.03674E+00
5.00000E-04	1.20787E+01	2.15441E+00
5.00000E-04	1.23596E+01	2.25822E+00
5.00000E-04	1.26404E+01	2.35418E+00
5.00000E-04	1.29213E+01	2.44483E+00
5.00000E-04	1.32022E+01	2.53299E+00
5.00000E-04	1.34831E+01	2.60947E+00
5.00000E-04	1.37640E+01	2.68108E+00
5.00000E-04	1.40449E+01	2.74670E+00
5.00000E-04	1.43258E+01	2.79761E+00
5.00000E-04	1.46067E+01	2.84338E+00
5.00000E-04	1.48876E+01	2.88357E+00
5.00000E-04	1.51685E+01	2.92110E+00
5.00000E-04	1.54494E+01	2.95543E+00
5.00000E-04	1.57303E+01	2.98637E+00
5.00000E-04	1.60112E+01	3.01101E+00
5.00000E-04	1.62921E+01	3.03414E+00
5.00000E-04	1.65730E+01	3.05248E+00
5.00000E-04	1.68539E+01	3.06174E+00
5.00000E-04	1.71348E+01	3.06685E+00
5.00000E-04	1.74157E+01	3.06864E+00
5.00000E-04	1.76966E+01	3.06874E+00
5.00000E-04	1.79775E+01	3.06723E+00
5.00000E-04	1.82584E+01	3.06531E+00
5.00000E-04	1.85393E+01	3.05998E+00
5.00000E-04	1.88202E+01	3.05337E+00
5.00000E-04	1.91011E+01	3.04514E+00
5.00000E-04	1.93820E+01	3.03545E+00
5.00000E-04	1.96629E+01	3.02550E+00
5.00000E-04	1.99438E+01	3.01136E+00
5.00000E-04	2.02247E+01	2.99262E+00
5.00000E-04	2.05056E+01	2.97311E+00
5.00000E-04	2.07865E+01	2.95391E+00
5.00000E-04	2.10674E+01	2.93134E+00
5.00000E-04	2.13483E+01	2.91088E+00
5.00000E-04	2.16292E+01	2.88876E+00
5.00000E-04	2.19101E+01	2.86692E+00
5.00000E-04	2.21910E+01	2.84542E+00
5.00000E-04	2.24719E+01	2.82399E+00
5.00000E-04	2.27528E+01	2.80180E+00
5.00000E-04	2.30337E+01	2.78112E+00
5.00000E-04	2.33146E+01	2.75974E+00
5.00000E-04	2.35955E+01	2.73798E+00
5.00000E-04	2.38764E+01	2.71632E+00
5.00000E-04	2.41573E+01	2.69616E+00
5.00000E-04	2.44382E+01	2.67458E+00
5.00000E-04	2.47191E+01	2.65237E+00
5.00000E-04	2.50000E+01	2.62938E+00
1.00000E-03	0.00000E+00	9.60401E-01
1.00000E-03	2.80899E-01	2.77717E-01
1.00000E-03	5.61798E-01	1.59425E-01
1.00000E-03	8.42697E-01	1.32612E-01
1.00000E-03	1.12360E+00	1.35489E-01
1.00000E-03	1.40449E+00	1.57644E-01
1.00000E-03	1.68539E+00	1.94121E-01
1.00000E-03	1.96629E+00	2.39535E-01
1.00000E-03	2.24719E+00	2.88336E-01
1.00000E-03	2.52809E+00	3.34277E-01
1.00000E-03	2.80899E+00	3.72070E-01
1.00000E-03	3.08989E+00	3.98200E-01
1.00000E-03	3.37079E+00	4.12848E-01
1.00000E-03	3.65169E+00	4.18106E-01
1.00000E-03	3.93258E+00	4.16223E-01
1.00000E-03	4.21348E+00	4.10945E-01
1.00000E-03	4.49438E+00	4.04531E-01
1.00000E-03	4.77528E+00	3.97468E-01
1.00000E-03	5.05618E+00	3.91642E-01
1.00000E-03	5.33708E+00	3.88151E-01
1.00000E-03	5.61798E+00	3.88544E-01
1.00000E-03	5.89888E+00	3.93322E-01
1.00000E-03	6.17978E+00	4.04437E-01
1.00000E-03	6.46067E+00	4.21163E-01
1.00000E-03	6.74157E+00	4.45418E-01
1.00000E-03	7.02247E+00	4.77885E-01
1.00000E-03	7.30337E+00	5.18374E-01
1.00000E-03	7.58427E+00	5.71256E-01
1.00000E-03	7.86517E+00	6.33350E-01
1.00000E-03	8.14607E+00	7.11180E-01
1.00000E-03	8.42697E+00	7.96786E-01
1.00000E-03	8.70787E+00	8.96441E-01
1.00000E-03	8.98876E+00	1.00551E+00
1.00000E-03	9.26966E+00	1.12691E+00
1.00000E-03	9.55056E+00	1.25594E+00
1.00000E-03	9.83146E+00	1.39386E+00
1.00000E-03	1.01124E+01	1.54139E+00
1.00000E-03	1.03933E+01	1.69154E+00
1.00000E-03	1.06742E+01	1.84923E+00
1.00000E-03	1.09551E+01	1.99997E+00
1.00000E-03	1.12360E+01	2.15832E+00
1.00000E-03	1.15169E+01	2.30782E+00
1.00000E-03	1.17978E+01	2.45148E+00
1.00000E-03	1.20787E+01	2.59309E+00
1.00000E-03	1.23596E+01	2.71806E+00
1.00000E-03	1.26404E+01	2.83356E+00
1.00000E-03	1.29213E+01	2.94267E+00
1.00000E-03	1.32022E+01	3.04877E+00
1.00000E-03	1.34831E+01	3.14083E+00
1.00000E-03	1.37640E+01	3.22702E+00
1.00000E-03	1.40449E+01	3.30601E+00
1.00000E-03	1.43258E+01	3.36728E+00
1.00000E-03	1.46067E+01	3.42237E+00
1.00000E-03	1.48876E+01	3.47074E+00
1.00000E-03	1.51685E+01	3.51592E+00
1.00000E-03	1.54494E+01	3.55724E+00
1.00000E-03	1.57303E+01	3.59448E+00
1.00000E-03	1.60112E+01	3.62414E+00
1.00000E-03	1.62921E+01	3.65198E+00
1.00000E-03	1.65730E+01	3.67405E+00
1.00000E-03	1.68539E+01	3.68519E+00
1.00000E-03	1.71348E+01	3.69135E+00
1.00000E-03	1.74157E+01	3.69355E+00
1.00000E-03	1.76966E+01	3.69362E+00
1.00000E-03	1.79775E+01	3.69181E+00
1.00000E-03	1.82584E+01	3.68949E+00
1.00000E-03	1.85393E+01	3.68308E+00
1.00000E-03	1.88202E+01	3.67513E+00
1.00000E-03	1.91011E+01	3.66525E+00
1.00000E-03	1.93820E+01	3.65355E+00
1.00000E-03	1.96629E+01	3.64157E+00
1.00000E-03	1.99438E+01	3.62418E+00
1.00000E-03	2.02247E+01	3.60200E+00
1.00000E-03	2.05056E+01	3.57851E+00
1.00000E-03	2.07865E+01	3.55540E+00
1.00000E-03	2.10674E+01	3.52824E+00
1.00000E-03	2.13483E+01	3.50362E+00
1.00000E-03	2.16292E+01	3.47699E+00
1.00000E-03	2.19101E+01	3.45071E+00
1.00000E-03	2.21910E+01	3.42483E+00
1.00000E-03	2.24719E+01	3.39903E+00
1.00000E-03	2.27528E+01	3.37233E+00
1.00000E-03	2.30337E+01	3.34743E+00
1.00000E-03	2.33146E+01	3.32170E+00
1.00000E-03	2.35955E+01	3.29551E+00
1.00000E-03	2.38764E+01	3.26943E+00
1.00000E-03	2.41573E+01	3.24517E+00
1.00000E-03	2.44382E+01	3.21920E+00
1.00000E-03	2.47191E+01	3.19246E+00
1.00000E-03	2.50000E+01	3.16480E+00
5.00000E-03	0.00000E+00	1.00160E+00
5.00000E-03	2.80899E-01	3.19147E-01
5.00000E-03	5.61798E-01	1.83208E-01
5.00000E-03	8.42697E-01	1.52397E-01
5.00000E-03	1.12360E+00	1.55684E-01
5.00000E-03	1.40449E+00	1.81133E-01
5.00000E-03	1.68539E+00	2.23086E-01
5.00000E-03	1.96629E+00	2.75248E-01
5.00000E-03	2.24719E+00	3.31300E-01
5.00000E-03	2.52809E+00	3.84138E-01
5.00000E-03	2.80899E+00	4.27570E-01
5.00000E-03	3.08989E+00	4.57697E-01
5.00000E-03	3.37079E+00	4.74460E-01
5.00000E-03	3.65169E+00	4.80367E-01
5.00000E-03	3.93258E+00	4.78424E-01
5.00000E-03	4.21348E+00	4.72227E-01
5.00000E-03	4.49438E+00	4.64770E-01
5.00000E-03	4.77528E+00	4.56685E-01
5.00000E-03	5.05618E+00	4.50141E-01
5.00000E-03	5.33708E+00	4.46018E-01
5.00000E-03	5.61798E+00	4.46547E-01
5.00000E-03	5.89888E+00	4.51881E-01
5.00000E-03	6.17978E+00	4.64691E-01
5.00000E-03	6.46067E+00	4.84005E-01
5.00000E-03	6.74157E+00	5.11616E-01
5.00000E-03	7.02247E+00	5.49003E-01
5.00000E-03	7.30337E+00	5.95706E-01
5.00000E-03	7.58427E+00	6.56449E-01
5.00000E-03	7.86517E+00	7.27949E-01
5.00000E-03	8.14607E+00	8.16931E-01
5.00000E-03	8.42697E+00	9.15609E-01
5.00000E-03	8.70787E+00	1.03018E+00
5.00000E-03	8.98876E+00	1.15561E+00
5.00000E-03	9.26966E+00	1.29473E+00
5.00000E-03	9.55056E+00	1.44330E+00
5.00000E-03	9.83146E+00	1.60162E+00
5.00000E-03	1.01124E+01	1.77119E+00
5.00000E-03	1.03933E+01	1.94384E+00
5.00000E-03	1.06742E+01	2.12509E+00
5.00000E-03	1.09551E+01	2.29836E+00
5.00000E-03	1.12360E+01	2.47913E+00
5.00000E-03	1.15169E+01	2.65144E+00
5.00000E-03	1.17978E+01	2.81723E+00
5.00000E-03	1.20787E+01	2.97864E+00
5.00000E-03	1.23596E+01	3.12350E+00
5.00000E-03	1.26404E+01	3.25633E+00
5.00000E-03	1.29213E+01	3.38285E+00
5.00000E-03	1.32022E+01	3.50358E+00
5.00000E-03	1.34831E+01	3.60993E+00
5.00000E-03	1.37640E+01	3.70935E+00
5.00000E-03	1.40449E+01	3.79919E+00
5.00000E-03	1.43258E+01	3.86963E+00
5.00000E-03	1.46067E+01	3.93294E+00
5.00000E-03	1.48876E+01	3.98862E+00
5.00000E-03	1.51685E+01	4.04044E+00
5.00000E-03	1.54494E+01	4.08792E+00
5.00000E-03	1.57303E+01	4.13068E+00
5.00000E-03	1.60112E+01	4.16482E+00
5.00000E-03	1.62921E+01	4.19692E+00
5.00000E-03	1.65730E+01	4.22203E+00
5.00000E-03	1.68539E+01	4.23496E+00
5.00000E-03	1.71348E+01	4.24204E+00
5.00000E-03	1.74157E+01	4.24519E+00
5.00000E-03	1.76966E+01	4.24482E+00
5.00000E-03	1.79775E+01	4.24257E+00
5.00000E-03	1.82584E+01	4.23983E+00
5.00000E-03	1.85393E+01	4.23253E+00
5.00000E-03	1.88202E+01	4.22344E+00
5.00000E-03	1.91011E+01	4.21215E+00
5.00000E-03	1.93820E+01	4.19861E+00
5.00000E-03	1.96629E+01	4.18484E+00
5.00000E-03	1.99438E+01	4.16430E+00
5.00000E-03	2.02247E+01	4.13936E+00
5.00000E-03	2.05056E+01	4.11241E+00
5.00000E-03	2.07865E+01	4.08571E+00
5.00000E-03	2.10674E+01	4.05460E+00
5.00000E-03	2.13483E+01	4.02630E+00
5.00000E-03	2.16292E+01	3.99570E+00
5.00000E-03	2.19101E+01	3.96550E+00
5.00000E-03	2.21910E+01	3.93576E+00
5.00000E-03	2.24719E+01	3.90611E+00
5.00000E-03	2.27528E+01	3.87542E+00
5.00000E-03	2.30337E+01	3.84678E+00
5.00000E-03	2.33146E+01	3.81717E+00
5.00000E-03	2.35955E+01	3.78715E+00
5.00000E-03	2.38764E+01	3.75720E+00
5.00000E-03	2.41573E+01	3.72916E+00
5.00000E-03	2.44382E+01	3.69945E+00
5.00000E-03	2.47191E+01	3.66873E+00
5.00000E-03	2.50000E+01	3.63693E+00
1.00000E-02	0.00000E+00	1.00729E+00
1.00000E-02	2.80899E-01	3.16087E-01
1.00000E-02	5.61798E-01	1.81453E-01
1.00000E-02	8.42697E-01	1.50937E-01
1.00000E-02	1.12360E+00	1.54193E-01
1.00000E-02	1.40449E+00	1.79398E-01
1.00000E-02	1.68539E+00	2.20949E-01
1.00000E-02	1.96629E+00	2.72610E-01
1.00000E-02	2.24719E+00	3.28124E-01
1.00000E-02	2.52809E+00	3.80457E-01
1.00000E-02	2.80899E+00	4.23472E-01
1.00000E-02	3.08989E+00	4.53313E-01
1.00000E-02	3.37079E+00	4.69913E-01
1.00000E-02	3.65169E+00	4.75757E-01
1.00000E-02	3.93258E+00	4.73849E-01
1.00000E-02	4.21348E+00	4.67702E-01
1.00000E-02	4.49438E+00	4.60296E-01
1.00000E-02	4.77528E+00	4.52298E-01
1.00000E-02	5.05618E+00	4.45833E-01
1.00000E-02	5.33708E+00	4.41730E-01
1.00000E-02	5.61798E+00	4.42285E-01
1.00000E-02	5.89888E+00	4.47536E-01
1.00000E-02	6.17978E+00	4.60191E-01
1.00000E-02	6.46067E+00	4.79375E-01
1.00000E-02	6.74157E+00	5.06655E-01
1.00000E-02	7.02247E+00	5.43691E-01
1.00000E-02	7.30337E+00	5.89991E-01
1.00000E-02	7.58427E+00	6.50157E-01
1.00000E-02	7.86517E+00	7.21023E-01
1.00000E-02	8.14607E+00	8.08771E-01
1.00000E-02	8.42697E+00	9.06669E-01
1.00000E-02	8.70787E+00	1.02039E+00
1.00000E-02	8.98876E+00	1.14455E+00
1.00000E-02	9.26966E+00	1.28200E+00
1.00000E-02	9.55056E+00	1.42943E+00
1.00000E-02	9.83146E+00	1.58583E+00
1.00000E-02	1.01124E+01	1.75376E+00
1.00000E-02	1.03933E+01	1.92524E+00
1.00000E-02	1.06742E+01	2.10447E+00
1.00000E-02	1.09551E+01	2.27669E+00
1.00000E-02	1.12360E+01	2.45443E+00
1.00000E-02	1.15169E+01	2.62527E+00
1.00000E-02	1.17978E+01	2.79018E+00
1.00000E-02	1.20787E+01	2.94941E+00
1.00000E-02	1.23596E+01	3.09312E+00
1.00000E-02	1.26404E+01	3.22556E+00
1.00000E-02	1.29213E+01	3.35104E+00
1.00000E-02	1.32022E+01	3.47004E+00
1.00000E-02	1.34831E+01	3.57594E+00
1.00000E-02	1.37640E+01	3.67454E+00
1.00000E-02	1.40449E+01	3.76252E+00
1.00000E-02	1.43258E+01	3.83272E+00
1.00000E-02	1.46067E+01	3.89524E+00
1.00000E-02	1.48876E+01	3.95070E+00
1.00000E-02	1.51685E+01	4.00177E+00
1.00000E-02	1.54494E+01	4.04874E+00
1.00000E-02	1.57303E+01	4.09083E+00
1.00000E-02	1.60112E+01	4.12513E+00
1.00000E-02	1.62921E+01	4.15692E+00
1.00000E-02	1.65730E+01	4.18119E+00
1.00000E-02	1.68539E+01	4.19440E+00
1.00000E-02	1.71348E+01	4.20138E+00
1.00000E-02	1.74157E+01	4.20467E+00
1.00000E-02	1.76966E+01	4.20430E+00
1.00000E-02	1.79775E+01	4.20191E+00
1.00000E-02	1.82584E+01	4.19876E+00
1.00000E-02	1.85393E+01	4.19200E+00
1.00000E-02	1.88202E+01	4.18315E+00
1.00000E-02	1.91011E+01	4.17178E+00
1.00000E-02	1.93820E+01	4.15848E+00
1.00000E-02	1.96629E+01	4.14473E+00
1.00000E-02	1.99438E+01	4.12431E+00
1.00000E-02	2.02247E+01	4.09963E+00
1.00000E-02	2.05056E+01	4.07313E+00
1.00000E-02	2.07865E+01	4.04620E+00
1.00000E-02	2.10674E+01	4.01581E+00
1.00000E-02	2.13483E+01	3.98771E+00
1.00000E-02	2.16292E+01	3.95747E+00
1.00000E-02	2.19101E+01	3.92750E+00
1.00000E-02	2.21910E+01	3.89804E+00
1.00000E-02	2.24719E+01	3.86866E+00
1.00000E-02	2.27528E+01	3.83832E+00
1.00000E-02	2.30337E+01	3.80975E+00
1.00000E-02	2.33146E+01	3.78043E+00
1.00000E-02	2.35955E+01	3.75087E+00
1.00000E-02	2.38764E+01	3.72133E+00
1.00000E-02	2.41573E+01	3.69319E+00
1.00000E-02	2.44382E+01	3.66400E+00
1.00000E-02	2.47191E+01	3.63356E+00
1.00000E-02	2.50000E+01	3.60208E+00
5.00000E-02	0.00000E+00	9.93342E-01
5.00000E-02	2.80899E-01	3.25023E-01
5.00000E-02	5.61798E-01	1.86618E-01
5.00000E-02	8.42697E-01	1.55243E-01
5.00000E-02	1.12360E+00	1.58596E-01
5.00000E-02	1.40449E+00	1.84523E-01
5.00000E-02	1.68539E+00	2.27251E-01
5.00000E-02	1.96629E+00	2.80381E-01
5.00000E-02	2.24719E+00	3.37467E-01
5.00000E-02	2.52809E+00	3.91292E-01
5.00000E-02	2.80899E+00	4.35527E-01
5.00000E-02	3.08989E+00	4.66216E-01
5.00000E-02	3.37079E+00	4.83286E-01
5.00000E-02	3.65169E+00	4.89293E-01
5.00000E-02	3.93258E+00	4.87334E-01
5.00000E-02	4.21348E+00	4.81013E-01
5.00000E-02	4.49438E+00	4.73392E-01
5.00000E-02	4.77528E+00	4.65170E-01
5.00000E-02	5.05618E+00	4.58521E-01
5.00000E-02	5.33708E+00	4.54303E-01
5.00000E-02	5.61798E+00	4.54874E-01
5.00000E-02	5.89888E+00	4.60276E-01
5.00000E-02	6.17978E+00	4.73285E-01
5.00000E-02	6.46067E+00	4.93024E-01
5.00000E-02	6.74157E+00	5.21067E-01
5.00000E-02	7.02247E+00	5.59165E-01
5.00000E-02	7.30337E+00	6.06789E-01
5.00000E-02	7.58427E+00	6.68667E-01
5.00000E-02	7.86517E+00	7.41556E-01
5.00000E-02	8.14607E+00	8.31654E-01
5.00000E-02	8.42697E+00	9.32405E-01
5.00000E-02	8.70787E+00	1.04950E+00
5.00000E-02	8.98876E+00	1.17717E+00
5.00000E-02	9.26966E+00	1.31842E+00
5.00000E-02	9.55056E+00	1.47009E+00
5.00000E-02	9.83146E+00	1.63075E+00
5.00000E-02	1.01124E+01	1.80341E+00
5.00000E-02	1.03933E+01	1.98009E+00
5.00000E-02	1.06742E+01	2.16385E+00
5.00000E-02	1.09551E+01	2.34238E+00
5.00000E-02	1.12360E+01	2.52362E+00
5.00000E-02	1.15169E+01	2.69953E+00
5.00000E-02	1.17978E+01	2.86958E+00
5.00000E-02	1.20787E+01	3.03303E+00
5.00000E-02	1.23596E+01	3.18027E+00
5.00000E-02	1.26404E+01	3.31823E+00
5.00000E-02	1.29213E+01	3.44670E+00
5.00000E-02	1.32022E+01	3.56881E+00
5.00000E-02	1.34831E+01	3.67808E+00
5.00000E-02	1.37640E+01	3.77963E+00
5.00000E-02	1.40449E+01	3.86896E+00
5.00000E-02	1.43258E+01	3.94215E+00
5.00000E-02	1.46067E+01	4.00568E+00
5.00000E-02	1.48876E+01	4.06332E+00
5.00000E-02	1.51685E+01	4.11577E+00
5.00000E-02	1.54494E+01	4.16365E+00
5.00000E-02	1.57303E+01	4.20680E+00
5.00000E-02	1.60112E+01	4.24297E+00
5.00000E-02	1.62921E+01	4.27529E+00
5.00000E-02	1.65730E+01	4.29981E+00
5.00000E-02	1.68539E+01	4.31383E+00
5.00000E-02	1.71348E+01	4.32033E+00
5.00000E-02	1.74157E+01	4.32437E+00
5.00000E-02	1.76966E+01	4.32400E+00
5.00000E-02	1.79775E+01	4.32142E+00
5.00000E-02	1.82584E+01	4.31710E+00
5.00000E-02	1.85393E+01	4.31142E+00
5.00000E-02	1.88202E+01	4.30240E+00
5.00000E-02	1.91011E+01	4.29051E+00
5.00000E-02	1.93820E+01	4.27788E+00
5.00000E-02	1.96629E+01	4.26255E+00
5.00000E-02	1.99438E+01	4.24161E+00
5.00000E-02	2.02247E+01	4.21594E+00
5.00000E-02	2.05056E+01	4.18912E+00
5.00000E-02	2.07865E+01	4.16066E+00
5.00000E-02	2.10674E+01	4.13074E+00
5.00000E-02	2.13483E+01	4.10091E+00
5.00000E-02	2.16292E+01	4.07046E+00
5.00000E-02	2.19101E+01	4.03968E+00
5.00000E-02	2.21910E+01	4.00875E+00
5.00000E-02	2.24719E+01	3.97856E+00
5.00000E-02	2.27528E+01	3.94794E+00
5.00000E-02	2.30337E+01	3.91780E+00
5.00000E-02	2.33146E+01	3.88785E+00
5.00000E-02	2.35955E+01	3.85799E+00
5.00000E-02	2.38764E+01	3.82750E+00
5.00000E-02	2.41573E+01	3.79801E+00
5.00000E-02	2.44382E+01	3.76834E+00
5.00000E-02	2.47191E+01	3.73664E+00
5.00000E-02	2.50000E+01	3.70459E+00
1.00000E-01	0.00000E+00	9.77633E-01
1.00000E-01	2.80899E-01	3.56811E-01
1.00000E-01	5.61798E-01	2.05018E-01
1.00000E-01	8.42697E-01	1.70585E-01
1.00000E-01	1.12360E+00	1.74285E-01
1.00000E-01	1.40449E+00	2.02779E-01
1.00000E-01	1.68539E+00	2.49712E-01
1.00000E-01	1.96629E+00	3.08071E-01
1.00000E-01	2.24719E+00	3.70763E-01
1.00000E-01	2.52809E+00	4.29901E-01
1.00000E-01	2.80899E+00	4.78484E-01
1.00000E-01	3.08989E+00	5.12197E-01
1.00000E-01	3.37079E+00	5.30939E-01
1.00000E-01	3.65169E+00	5.37531E-01
1.00000E-01	3.93258E+00	5.35388E-01
1.00000E-01	4.21348E+00	5.28447E-01
1.00000E-01	4.49438E+00	5.20068E-01
1.00000E-01	4.77528E+00	5.11043E-01
1.00000E-01	5.05618E+00	5.03735E-01
1.00000E-01	5.33708E+00	4.99108E-01
1.00000E-01	5.61798E+00	4.99737E-01
1.00000E-01	5.89888E+00	5.05680E-01
1.00000E-01	6.17978E+00	5.19969E-01
1.00000E-01	6.46067E+00	5.41664E-01
1.00000E-01	6.74157E+00	5.72471E-01
1.00000E-01	7.02247E+00	6.14317E-01
1.00000E-01	7.30337E+00	6.66653E-01
1.00000E-01	7.58427E+00	7.34623E-01
1.00000E-01	7.86517E+00	8.14721E-01
1.00000E-01	8.14607E+00	9.13693E-01
1.00000E-01	8.42697E+00	1.02440E+00
1.00000E-01	8.70787E+00	1.15302E+00
1.00000E-01	8.98876E+00	1.29330E+00
1.00000E-01	9.26966E+00	1.44846E+00
1.00000E-01	9.55056E+00	1.61509E+00
1.00000E-01	9.83146E+00	1.79160E+00
1.00000E-01	1.01124E+01	1.98127E+00
1.00000E-01	1.03933E+01	2.17539E+00
1.00000E-01	1.06742E+01	2.37724E+00
1.00000E-01	1.09551E+01	2.57340E+00
1.00000E-01	1.12360E+01	2.77249E+00
1.00000E-01	1.15169E+01	2.96575E+00
1.00000E-01	1.17978E+01	3.15257E+00
1.00000E-01	1.20787E+01	3.33211E+00
1.00000E-01	1.23596E+01	3.49389E+00
1.00000E-01	1.26404E+01	3.64545E+00
1.00000E-01	1.29213E+01	3.78660E+00
1.00000E-01	1.32022E+01	3.92073E+00
1.00000E-01	1.34831E+01	4.04080E+00
1.00000E-01	1.37640E+01	4.15234E+00
1.00000E-01	1.40449E+01	4.25048E+00
1.00000E-01	1.43258E+01	4.33090E+00
1.00000E-01	1.46067E+01	4.40065E+00
1.00000E-01	1.48876E+01	4.46401E+00
1.00000E-01	1.51685E+01	4.52163E+00
1.00000E-01	1.54494E+01	4.57424E+00
1.00000E-01	1.57303E+01	4.62164E+00
1.00000E-01	1.60112E+01	4.66139E+00
1.00000E-01	1.62921E+01	4.69688E+00
1.00000E-01	1.65730E+01	4.72382E+00
1.00000E-01	1.68539E+01	4.73922E+00
1.00000E-01	1.71348E+01	4.74632E+00
1.00000E-01	1.74157E+01	4.75080E+00
1.00000E-01	1.76966E+01	4.75040E+00
1.00000E-01	1.79775E+01	4.74756E+00
1.00000E-01	1.82584E+01	4.74278E+00
1.00000E-01	1.85393E+01	4.73657E+00
1.00000E-01	1.88202E+01	4.72666E+00
1.00000E-01	1.91011E+01	4.71361E+00
1.00000E-01	1.93820E+01	4.69978E+00
1.00000E-01	1.96629E+01	4.68288E+00
1.00000E-01	1.99438E+01	4.65988E+00
1.00000E-01	2.02247E+01	4.63168E+00
1.00000E-01	2.05056E+01	4.60222E+00
1.00000E-01	2.07865E+01	4.57093E+00
1.00000E-01	2.10674E+01	4.53811E+00
1.00000E-01	2.13483E+01	4.50530E+00
1.00000E-01	2.16292E+01	4.47187E+00
1.00000E-01	2.19101E+01	4.43807E+00
1.00000E-01	2.21910E+01	4.40405E+00
1.00000E-01	2.24719E+01	4.37090E+00
1.00000E-01	2.27528E+01	4.33727E+00
1.00000E-01	2.30337E+01	4.30414E+00
1.00000E-01	2.33146E+01	4.27124E+00
1.00000E-01	2.35955E+01	4.23846E+00
1.00000E-01	2.38764E+01	4.20494E+00
1.00000E-01	2.41573E+01	4.17254E+00
1.00000E-01	2.44382E+01	4.13995E+00
1.00000E-01	2.47191E+01	4.10510E+00
1.00000E-01	2.50000E+01	4.06991E+00
2.00000E-01	0.00000E+00	9.64893E-01
2.00000E-01	2.80899E-01	4.10713E-01
2.00000E-01	5.61798E-01	2.36969E-01
2.00000E-01	8.42697E-01	1.97339E-01
2.00000E-01	1.12360E+00	2.01686E-01
2.00000E-01	1.40449E+00	2.34654E-01
2.00000E-01	1.68539E+00	2.88896E-01
2.00000E-01	1.96629E+00	3.56280E-01
2.00000E-01	2.24719E+00	4.28659E-01
2.00000E-01	2.52809E+00	4.97039E-01
2.00000E-01	2.80899E+00	5.53140E-01
2.00000E-01	3.08989E+00	5.92086E-01
2.00000E-01	3.37079E+00	6.13710E-01
2.00000E-01	3.65169E+00	6.21301E-01
2.00000E-01	3.93258E+00	6.18860E-01
2.00000E-01	4.21348E+00	6.10863E-01
2.00000E-01	4.49438E+00	6.01155E-01
2.00000E-01	4.77528E+00	5.90744E-01
2.00000E-01	5.05618E+00	5.82290E-01
2.00000E-01	5.33708E+00	5.76971E-01
2.00000E-01	5.61798E+00	5.77703E-01
2.00000E-01	5.89888E+00	5.84613E-01
2.00000E-01	6.17978E+00	6.01116E-01
2.00000E-01	6.46067E+00	6.26230E-01
2.00000E-01	6.74157E+00	6.61845E-01
2.00000E-01	7.02247E+00	7.10176E-01
2.00000E-01	7.30337E+00	7.70747E-01
2.00000E-01	7.58427E+00	8.49263E-01
2.00000E-01	7.86517E+00	9.41961E-01
2.00000E-01	8.14607E+00	1.05631E+00
2.00000E-01	8.42697E+00	1.18439E+00
2.00000E-01	8.70787E+00	1.33297E+00
2.00000E-01	8.98876E+00	1.49519E+00
2.00000E-01	9.26966E+00	1.67448E+00
2.00000E-01	9.55056E+00	1.86707E+00
2.00000E-01	9.83146E+00	2.07119E+00
2.00000E-01	1.01124E+01	2.29033E+00
2.00000E-01	1.03933E+01	2.51483E+00
2.00000E-01	1.06742E+01	2.74802E+00
2.00000E-01	1.09551E+01	2.97490E+00
2.00000E-01	1.12360E+01	3.20492E+00
2.00000E-01	1.15169E+01	3.42831E+00
2.00000E-01	1.17978E+01	3.64426E+00
2.00000E-01	1.20787E+01	3.85167E+00
2.00000E-01	1.23596E+01	4.03879E+00
2.00000E-01	1.26404E+01	4.21396E+00
2.00000E-01	1.29213E+01	4.37718E+00
2.00000E-01	1.32022E+01	4.53213E+00
2.00000E-01	1.34831E+01	4.67100E+00
2.00000E-01	1.37640E+01	4.79987E+00
2.00000E-01	1.40449E+01	4.91329E+00
2.00000E-01	1.43258E+01	5.00629E+00
2.00000E-01	1.46067E+01	5.08695E+00
2.00000E-01	1.48876E+01	5.16019E+00
2.00000E-01	1.51685E+01	5.22680E+00
2.00000E-01	1.54494E+01	5.28762E+00
2.00000E-01	1.57303E+01	5.34238E+00
2.00000E-01	1.60112E+01	5.38835E+00
2.00000E-01	1.62921E+01	5.42936E+00
2.00000E-01	1.65730E+01	5.46047E+00
2.00000E-01	1.68539E+01	5.47827E+00
2.00000E-01	1.71348E+01	5.48653E+00
2.00000E-01	1.74157E+01	5.49167E+00
2.00000E-01	1.76966E+01	5.49124E+00
2.00000E-01	1.79775E+01	5.48796E+00
2.00000E-01	1.82584E+01	5.48244E+00
2.00000E-01	1.85393E+01	5.47523E+00
2.00000E-01	1.88202E+01	5.46377E+00
2.00000E-01	1.91011E+01	5.44872E+00
2.00000E-01	1.93820E+01	5.43270E+00
2.00000E-01	1.96629E+01	5.41316E+00
2.00000E-01	1.99438E+01	5.38658E+00
2.00000E-01	2.02247E+01	5.35401E+00
2.00000E-01	2.05056E+01	5.31994E+00
2.00000E-01	2.07865E+01	5.28377E+00
2.00000E-01	2.10674E+01	5.24584E+00
2.00000E-01	2.13483E+01	5.20791E+00
2.00000E-01	2.16292E+01	5.16927E+00
2.00000E-01	2.19101E+01	5.13020E+00
2.00000E-01	2.21910E+01	5.09088E+00
2.00000E-01	2.24719E+01	5.05255E+00
2.00000E-01	2.27528E+01	5.01369E+00
2.00000E-01	2.30337E+01	4.97539E+00
2.00000E-01	2.33146E+01	4.93736E+00
2.00000E-01	2.35955E+01	4.89945E+00
2.00000E-01	2.38764E+01	4.86073E+00
2.00000E-01	2.41573E+01	4.82327E+00
2.00000E-01	2.44382E+01	4.78557E+00
2.00000E-01	2.47191E+01	4.74531E+00
2.00000E-01	2.50000E+01	4.70463E+00
2.50000E-01	0.00000E+00	9.63066E-01
2.50000E-01	2.80899E-01	4.30757E-01
2.50000E-01	5.61798E-01	2.49513E-01
2.50000E-01	8.42697E-01	2.07925E-01
2.50000E-01	1.12360E+00	2.12555E-01
2.50000E-01	1.40449E+00	2.47294E-01
2.50000E-01	1.68539E+00	3.04409E-01
2.50000E-01	1.96629E+00	3.75310E-01
2.50000E-01	2.24719E+00	4.51468E-01
2.50000E-01	2.52809E+00	5.23472E-01
2.50000E-01	2.80899E+00	5.82509E-01
2.50000E-01	3.08989E+00	6.23498E-01
2.50000E-01	3.37079E+00	6.46241E-01
2.50000E-01	3.65169E+00	6.54218E-01
2.50000E-01	3.93258E+00	6.51673E-01
2.50000E-01	4.21348E+00	6.43274E-01
2.50000E-01	4.49438E+00	6.33036E-01
2.50000E-01	4.77528E+00	6.22088E-01
2.50000E-01	5.05618E+00	6.13183E-01
2.50000E-01	5.33708E+00	6.07604E-01
2.50000E-01	5.61798E+00	6.08377E-01
2.50000E-01	5.89888E+00	6.15684E-01
2.50000E-01	6.17978E+00	6.33052E-01
2.50000E-01	6.46067E+00	6.59522E-01
2.50000E-01	6.74157E+00	6.97032E-01
2.50000E-01	7.02247E+00	7.47901E-01
2.50000E-01	7.30337E+00	8.11739E-01
2.50000E-01	7.58427E+00	8.94381E-01
2.50000E-01	7.86517E+00	9.92080E-01
2.50000E-01	8.14607E+00	1.11244E+00
2.50000E-01	8.42697E+00	1.24741E+00
2.50000E-01	8.70787E+00	1.40379E+00
2.50000E-01	8.98876E+00	1.57467E+00
2.50000E-01	9.26966E+00	1.76342E+00
2.50000E-01	9.55056E+00	1.96621E+00
2.50000E-01	9.83146E+00	2.18122E+00
2.50000E-01	1.01124E+01	2.41191E+00
2.50000E-01	1.03933E+01	2.64840E+00
2.50000E-01	1.06742E+01	2.89385E+00
2.50000E-01	1.09551E+01	3.13286E+00
2.50000E-01	1.12360E+01	3.37499E+00
2.50000E-01	1.15169E+01	3.61024E+00
2.50000E-01	1.17978E+01	3.83764E+00
2.50000E-01	1.20787E+01	4.05596E+00
2.50000E-01	1.23596E+01	4.25308E+00
2.50000E-01	1.26404E+01	4.43753E+00
2.50000E-01	1.29213E+01	4.60944E+00
2.50000E-01	1.32022E+01	4.77255E+00
2.50000E-01	1.34831E+01	4.91884E+00
2.50000E-01	1.37640E+01	5.05449E+00
2.50000E-01	1.40449E+01	5.17391E+00
2.50000E-01	1.43258E+01	5.27187E+00
2.50000E-01	1.46067E+01	5.35683E+00
2.50000E-01	1.48876E+01	5.43396E+00
2.50000E-01	1.51685E+01	5.50411E+00
2.50000E-01	1.54494E+01	5.56815E+00
2.50000E-01	1.57303E+01	5.62580E+00
2.50000E-01	1.60112E+01	5.67422E+00
2.50000E-01	1.62921E+01	5.71740E+00
2.50000E-01	1.65730E+01	5.75014E+00
2.50000E-01	1.68539E+01	5.76888E+00
2.50000E-01	1.71348E+01	5.77761E+00
2.50000E-01	1.74157E+01	5.78300E+00
2.50000E-01	1.76966E+01	5.78257E+00
2.50000E-01	1.79775E+01	5.77912E+00
2.50000E-01	1.82584E+01	5.77331E+00
2.50000E-01	1.85393E+01	5.76570E+00
2.50000E-01	1.88202E+01	5.75363E+00
2.50000E-01	1.91011E+01	5.73780E+00
2.50000E-01	1.93820E+01	5.72092E+00
2.50000E-01	1.96629E+01	5.70033E+00
2.50000E-01	1.99438E+01	5.67234E+00
2.50000E-01	2.02247E+01	5.63806E+00
2.50000E-01	2.05056E+01	5.60218E+00
2.50000E-01	2.07865E+01	5.56409E+00
2.50000E-01	2.10674E+01	5.52416E+00
2.50000E-01	2.13483E+01	5.48421E+00
2.50000E-01	2.16292E+01	5.44353E+00
2.50000E-01	2.19101E+01	5.40238E+00
2.50000E-01	2.21910E+01	5.36098E+00
2.50000E-01	2.24719E+01	5.32061E+00
2.50000E-01	2.27528E+01	5.27970E+00
2.50000E-01	2.30337E+01	5.23936E+00
2.50000E-01	2.33146E+01	5.19931E+00
2.50000E-01	2.35955E+01	5.15938E+00
2.50000E-01	2.38764E+01	5.11862E+00
2.50000E-01	2.41573E+01	5.07917E+00
2.50000E-01	2.44382E+01	5.03945E+00
2.50000E-01	2.47191E+01	4.99707E+00
2.50000E-01	2.50000E+01	4.95423E+00
3.00000E-01	0.00000E+00	9.62170E-01
3.00000E-01	2.80899E-01	4.47373E-01
3.00000E-01	5.61798E-01	2.60506E-01
3.00000E-01	8.42697E-01	2.17275E-01
3.00000E-01	1.12360E+00	2.22178E-01
3.00000E-01	1.40449E+00	2.58481E-01
3.00000E-01	1.68539E+00	3.18117E-01
3.00000E-01	1.96629E+00	3.92090E-01
3.00000E-01	2.24719E+00	4.71547E-01
3.00000E-01	2.52809E+00	5.46719E-01
3.00000E-01	2.80899E+00	6.08322E-01
3.00000E-01	3.08989E+00	6.51093E-01
3.00000E-01	3.37079E+00	6.74811E-01
3.00000E-01	3.65169E+00	6.83123E-01
3.00000E-01	3.93258E+00	6.80497E-01
3.00000E-01	4.21348E+00	6.71753E-01
3.00000E-01	4.49438E+00	6.61048E-01
3.00000E-01	4.77528E+00	6.49631E-01
3.00000E-01	5.05618E+00	6.40332E-01
3.00000E-01	5.33708E+00	6.34533E-01
3.00000E-01	5.61798E+00	6.35341E-01
3.00000E-01	5.89888E+00	6.43011E-01
3.00000E-01	6.17978E+00	6.61134E-01
3.00000E-01	6.46067E+00	6.88804E-01
3.00000E-01	6.74157E+00	7.27984E-01
3.00000E-01	7.02247E+00	7.81078E-01
3.00000E-01	7.30337E+00	8.47805E-01
3.00000E-01	7.58427E+00	9.34058E-01
3.00000E-01	7.86517E+00	1.03618E+00
3.00000E-01	8.14607E+00	1.16180E+00
3.00000E-01	8.42697E+00	1.30285E+00
3.00000E-01	8.70787E+00	1.46607E+00
3.00000E-01	8.98876E+00	1.64457E+00
3.00000E-01	9.26966E+00	1.84162E+00
3.00000E-01	9.55056E+00	2.05338E+00
3.00000E-01	9.83146E+00	2.27796E+00
3.00000E-01	1.01124E+01	2.51877E+00
3.00000E-01	1.03933E+01	2.76582E+00
3.00000E-01	1.06742E+01	3.02200E+00
3.00000E-01	1.09551E+01	3.27171E+00
3.00000E-01	1.12360E+01	3.52445E+00
3.00000E-01	1.15169E+01	3.77012E+00
3.00000E-01	1.17978E+01	4.00758E+00
3.00000E-01	1.20787E+01	4.23546E+00
3.00000E-01	1.23596E+01	4.44139E+00
3.00000E-01	1.26404E+01	4.63398E+00
3.00000E-01	1.29213E+01	4.81354E+00
3.00000E-01	1.32022E+01	4.98380E+00
3.00000E-01	1.34831E+01	5.13663E+00
3.00000E-01	1.37640E+01	5.27823E+00
3.00000E-01	1.40449E+01	5.40290E+00
3.00000E-01	1.43258E+01	5.50523E+00
3.00000E-01	1.46067E+01	5.59398E+00
3.00000E-01	1.48876E+01	5.67452E+00
3.00000E-01	1.51685E+01	5.74778E+00
3.00000E-01	1.54494E+01	5.81467E+00
3.00000E-01	1.57303E+01	5.87484E+00
3.00000E-01	1.60112E+01	5.92543E+00
3.00000E-01	1.62921E+01	5.97049E+00
3.00000E-01	1.65730E+01	6.00467E+00
3.00000E-01	1.68539E+01	6.02424E+00
3.00000E-01	1.71348E+01	6.03339E+00
3.00000E-01	1.74157E+01	6.03899E+00
3.00000E-01	1.76966E+01	6.03858E+00
3.00000E-01	1.79775E+01	6.03497E+00
3.00000E-01	1.82584E+01	6.02890E+00
3.00000E-01	1.85393E+01	6.02094E+00
3.00000E-01	1.88202E+01	6.00834E+00
3.00000E-01	1.91011E+01	5.99182E+00
3.00000E-01	1.93820E+01	5.97417E+00
3.00000E-01	1.96629E+01	5.95267E+00
3.00000E-01	1.99438E+01	5.92344E+00
3.00000E-01	2.02247E+01	5.88767E+00
3.00000E-01	2.05056E+01	5.85018E+00
3.00000E-01	2.07865E+01	5.81041E+00
3.00000E-01	2.10674E+01	5.76873E+00
3.00000E-01	2.13483E+01	5.72700E+00
3.00000E-01	2.16292E+01	5.68452E+00
3.00000E-01	2.19101E+01	5.64154E+00
3.00000E-01	2.21910E+01	5.59833E+00
3.00000E-01	2.24719E+01	5.55616E+00
3.00000E-01	2.27528E+01	5.51344E+00
3.00000E-01	2.30337E+01	5.47132E+00
3.00000E-01	2.33146E+01	5.42949E+00
3.00000E-01	2.35955E+01	5.38778E+00
3.00000E-01	2.38764E+01	5.34523E+00
3.00000E-01	2.41573E+01	5.30403E+00
3.00000E-01	2.44382E+01	5.26254E+00
3.00000E-01	2.47191E+01	5.21830E+00
3.00000E-01	2.50000E+01	5.17356E+00
4.00000E-01	0.00000E+00	9.59949E-01
4.00000E-01	2.80899E-01	4.74707E-01
4.00000E-01	5.61798E-01	2.80069E-01
4.00000E-01	8.42697E-01	2.34156E-01
4.00000E-01	1.12360E+00	2.39630E-01
4.00000E-01	1.40449E+00	2.78761E-01
4.00000E-01	1.68539E+00	3.42894E-01
4.00000E-01	1.96629E+00	4.22330E-01
4.00000E-01	2.24719E+00	5.07644E-01
4.00000E-01	2.52809E+00	5.88419E-01
4.00000E-01	2.80899E+00	6.54573E-01
4.00000E-01	3.08989E+00	7.00501E-01
4.00000E-01	3.37079E+00	7.25954E-01
4.00000E-01	3.65169E+00	7.34865E-01
4.00000E-01	3.93258E+00	7.32113E-01
4.00000E-01	4.21348E+00	7.22775E-01
4.00000E-01	4.49438E+00	7.11227E-01
4.00000E-01	4.77528E+00	6.98986E-01
4.00000E-01	5.05618E+00	6.88985E-01
4.00000E-01	5.33708E+00	6.82815E-01
4.00000E-01	5.61798E+00	6.83683E-01
4.00000E-01	5.89888E+00	6.92037E-01
4.00000E-01	6.17978E+00	7.11505E-01
4.00000E-01	6.46067E+00	7.41340E-01
4.00000E-01	6.74157E+00	7.83531E-01
4.00000E-01	7.02247E+00	8.40607E-01
4.00000E-01	7.30337E+00	9.12557E-01
4.00000E-01	7.58427E+00	1.00525E+00
4.00000E-01	7.86517E+00	1.11538E+00
4.00000E-01	8.14607E+00	1.25035E+00
4.00000E-01	8.42697E+00	1.40236E+00
4.00000E-01	8.70787E+00	1.57779E+00
4.00000E-01	8.98876E+00	1.76997E+00
4.00000E-01	9.26966E+00	1.98188E+00
4.00000E-01	9.55056E+00	2.20968E+00
4.00000E-01	9.83146E+00	2.45149E+00
4.00000E-01	1.01124E+01	2.71033E+00
4.00000E-01	1.03933E+01	2.97638E+00
4.00000E-01	1.06742E+01	3.25167E+00
4.00000E-01	1.09551E+01	3.52060E+00
4.00000E-01	1.12360E+01	3.79230E+00
4.00000E-01	1.15169E+01	4.05663E+00
4.00000E-01	1.17978E+01	4.31210E+00
4.00000E-01	1.20787E+01	4.55701E+00
4.00000E-01	1.23596E+01	4.77881E+00
4.00000E-01	1.26404E+01	4.98596E+00
4.00000E-01	1.29213E+01	5.17926E+00
4.00000E-01	1.32022E+01	5.36225E+00
4.00000E-01	1.34831E+01	5.52686E+00
4.00000E-01	1.37640E+01	5.67907E+00
4.00000E-01	1.40449E+01	5.81311E+00
4.00000E-01	1.43258E+01	5.92332E+00
4.00000E-01	1.46067E+01	6.01888E+00
4.00000E-01	1.48876E+01	6.10554E+00
4.00000E-01	1.51685E+01	6.18437E+00
4.00000E-01	1.54494E+01	6.25635E+00
4.00000E-01	1.57303E+01	6.32101E+00
4.00000E-01	1.60112E+01	6.37552E+00
4.00000E-01	1.62921E+01	6.42393E+00
4.00000E-01	1.65730E+01	6.46065E+00
4.00000E-01	1.68539E+01	6.48172E+00
4.00000E-01	1.71348E+01	6.49168E+00
4.00000E-01	1.74157E+01	6.49761E+00
4.00000E-01	1.76966E+01	6.49725E+00
4.00000E-01	1.79775E+01	6.49337E+00
4.00000E-01	1.82584E+01	6.48685E+00
4.00000E-01	1.85393E+01	6.47822E+00
4.00000E-01	1.88202E+01	6.46467E+00
4.00000E-01	1.91011E+01	6.44695E+00
4.00000E-01	1.93820E+01	6.42791E+00
4.00000E-01	1.96629E+01	6.40474E+00
4.00000E-01	1.99438E+01	6.37330E+00
4.00000E-01	2.02247E+01	6.33488E+00
4.00000E-01	2.05056E+01	6.29452E+00
4.00000E-01	2.07865E+01	6.25173E+00
4.00000E-01	2.10674E+01	6.20691E+00
4.00000E-01	2.13483E+01	6.16200E+00
4.00000E-01	2.16292E+01	6.11631E+00
4.00000E-01	2.19101E+01	6.07005E+00
4.00000E-01	2.21910E+01	6.02359E+00
4.00000E-01	2.24719E+01	5.97817E+00
4.00000E-01	2.27528E+01	5.93225E+00
4.00000E-01	2.30337E+01	5.88691E+00
4.00000E-01	2.33146E+01	5.84191E+00
4.00000E-01	2.35955E+01	5.79700E+00
4.00000E-01	2.38764E+01	5.75127E+00
4.00000E-01	2.41573E+01	5.70692E+00
4.00000E-01	2.44382E+01	5.66223E+00
4.00000E-01	2.47191E+01	5.61468E+00
4.00000E-01	2.50000E+01	5.56653E+00
5.00000E-01	0.00000E+00	9.55413E-01
5.00000E-01	2.80899E-01	4.99139E-01
5.00000E-01	5.61798E-01	2.98552E-01
5.00000E-01	8.42697E-01	2.50461E-01
5.00000E-01	1.12360E+00	2.56600E-01
5.00000E-01	1.40449E+00	2.98473E-01
5.00000E-01	1.68539E+00	3.66881E-01
5.00000E-01	1.96629E+00	4.51506E-01
5.00000E-01	2.24719E+00	5.42360E-01
5.00000E-01	2.52809E+00	6.28393E-01
5.00000E-01	2.80899E+00	6.98838E-01
5.00000E-01	3.08989E+00	7.47746E-01
5.00000E-01	3.37079E+00	7.74852E-01
5.00000E-01	3.65169E+00	7.84344E-01
5.00000E-01	3.93258E+00	7.81487E-01
5.00000E-01	4.21348E+00	7.71604E-01
5.00000E-01	4.49438E+00	7.59251E-01
5.00000E-01	4.77528E+00	7.46240E-01
5.00000E-01	5.05618E+00	7.35577E-01
5.00000E-01	5.33708E+00	7.29077E-01
5.00000E-01	5.61798E+00	7.30001E-01
5.00000E-01	5.89888E+00	7.39044E-01
5.00000E-01	6.17978E+00	7.59796E-01
5.00000E-01	6.46067E+00	7.91722E-01
5.00000E-01	6.74157E+00	8.36820E-01
5.00000E-01	7.02247E+00	8.97714E-01
5.00000E-01	7.30337E+00	9.74710E-01
5.00000E-01	7.58427E+00	1.07355E+00
5.00000E-01	7.86517E+00	1.19142E+00
5.00000E-01	8.14607E+00	1.33527E+00
5.00000E-01	8.42697E+00	1.49785E+00
5.00000E-01	8.70787E+00	1.68491E+00
5.00000E-01	8.98876E+00	1.89023E+00
5.00000E-01	9.26966E+00	2.11635E+00
5.00000E-01	9.55056E+00	2.35949E+00
5.00000E-01	9.83146E+00	2.61782E+00
5.00000E-01	1.01124E+01	2.89385E+00
5.00000E-01	1.03933E+01	3.17813E+00
5.00000E-01	1.06742E+01	3.47159E+00
5.00000E-01	1.09551E+01	3.75899E+00
5.00000E-01	1.12360E+01	4.04877E+00
5.00000E-01	1.15169E+01	4.33096E+00
5.00000E-01	1.17978E+01	4.60367E+00
5.00000E-01	1.20787E+01	4.86479E+00
5.00000E-01	1.23596E+01	5.10182E+00
5.00000E-01	1.26404E+01	5.32290E+00
5.00000E-01	1.29213E+01	5.52938E+00
5.00000E-01	1.32022E+01	5.72450E+00
5.00000E-01	1.34831E+01	5.90041E+00
5.00000E-01	1.37640E+01	6.06274E+00
5.00000E-01	1.40449E+01	6.20572E+00
5.00000E-01	1.43258E+01	6.32352E+00
5.00000E-01	1.46067E+01	6.42562E+00
5.00000E-01	1.48876E+01	6.51813E+00
5.00000E-01	1.51685E+01	6.60230E+00
5.00000E-01	1.54494E+01	6.67915E+00
5.00000E-01	1.57303E+01	6.74809E+00
5.00000E-01	1.60112E+01	6.80637E+00
5.00000E-01	1.62921E+01	6.85796E+00
5.00000E-01	1.65730E+01	6.89709E+00
5.00000E-01	1.68539E+01	6.91960E+00
5.00000E-01	1.71348E+01	6.93038E+00
5.00000E-01	1.74157E+01	6.93661E+00
5.00000E-01	1.76966E+01	6.93632E+00
5.00000E-01	1.79775E+01	6.93218E+00
5.00000E-01	1.82584E+01	6.92523E+00
5.00000E-01	1.85393E+01	6.91595E+00
5.00000E-01	1.88202E+01	6.90148E+00
5.00000E-01	1.91011E+01	6.88264E+00
5.00000E-01	1.93820E+01	6.86225E+00
5.00000E-01	1.96629E+01	6.83745E+00
5.00000E-01	1.99438E+01	6.80390E+00
5.00000E-01	2.02247E+01	6.76297E+00
5.00000E-01	2.05056E+01	6.71985E+00
5.00000E-01	2.07865E+01	6.67418E+00
5.00000E-01	2.10674E+01	6.62637E+00
5.00000E-01	2.13483E+01	6.57840E+00
5.00000E-01	2.16292E+01	6.52964E+00
5.00000E-01	2.19101E+01	6.48024E+00
5.00000E-01	2.21910E+01	6.43068E+00
5.00000E-01	2.24719E+01	6.38216E+00
5.00000E-01	2.27528E+01	6.33317E+00
5.00000E-01	2.30337E+01	6.28475E+00
5.00000E-01	2.33146E+01	6.23670E+00
5.00000E-01	2.35955E+01	6.18873E+00
5.00000E-01	2.38764E+01	6.13996E+00
5.00000E-01	2.41573E+01	6.09259E+00
5.00000E-01	2.44382E+01	6.04483E+00
5.00000E-01	2.47191E+01	5.99411E+00
5.00000E-01	2.50000E+01	5.94271E+00
6.00000E-01	0.00000E+00	9.48839E-01
6.00000E-01	2.80899E-01	5.22789E-01
6.00000E-01	5.61798E-01	3.17038E-01
6.00000E-01	8.42697E-01	2.67116E-01
6.00000E-01	1.12360E+00	2.74061E-01
6.00000E-01	1.40449E+00	3.18753E-01
6.00000E-01	1.68539E+00	3.91469E-01
6.00000E-01	1.96629E+00	4.81318E-01
6.00000E-01	2.24719E+00	5.77723E-01
6.00000E-01	2.52809E+00	6.68985E-01
6.00000E-01	2.80899E+00	7.43712E-01
6.00000E-01	3.08989E+00	7.95603E-01
6.00000E-01	3.37079E+00	8.24385E-01
6.00000E-01	3.65169E+00	8.34476E-01
6.00000E-01	3.93258E+00	8.31526E-01
6.00000E-01	4.21348E+00	8.21107E-01
6.00000E-01	4.49438E+00	8.07947E-01
6.00000E-01	4.77528E+00	7.94170E-01
6.00000E-01	5.05618E+00	7.82849E-01
6.00000E-01	5.33708E+00	7.76035E-01
6.00000E-01	5.61798E+00	7.77021E-01
6.00000E-01	5.89888E+00	7.86785E-01
6.00000E-01	6.17978E+00	8.08844E-01
6.00000E-01	6.46067E+00	8.42907E-01
6.00000E-01	6.74157E+00	8.90975E-01
6.00000E-01	7.02247E+00	9.55759E-01
6.00000E-01	7.30337E+00	1.03791E+00
6.00000E-01	7.58427E+00	1.14298E+00
6.00000E-01	7.86517E+00	1.26872E+00
6.00000E-01	8.14607E+00	1.42156E+00
6.00000E-01	8.42697E+00	1.59489E+00
6.00000E-01	8.70787E+00	1.79373E+00
6.00000E-01	8.98876E+00	2.01239E+00
6.00000E-01	9.26966E+00	2.25291E+00
6.00000E-01	9.55056E+00	2.51161E+00
6.00000E-01	9.83146E+00	2.78672E+00
6.00000E-01	1.01124E+01	3.08014E+00
6.00000E-01	1.03933E+01	3.38290E+00
6.00000E-01	1.06742E+01	3.69471E+00
6.00000E-01	1.09551E+01	4.00088E+00
6.00000E-01	1.12360E+01	4.30894E+00
6.00000E-01	1.15169E+01	4.60924E+00
6.00000E-01	1.17978E+01	4.89941E+00
6.00000E-01	1.20787E+01	5.17692E+00
6.00000E-01	1.23596E+01	5.42942E+00
6.00000E-01	1.26404E+01	5.66462E+00
6.00000E-01	1.29213E+01	5.88448E+00
6.00000E-01	1.32022E+01	6.09186E+00
6.00000E-01	1.34831E+01	6.27925E+00
6.00000E-01	1.37640E+01	6.45182E+00
6.00000E-01	1.40449E+01	6.60381E+00
6.00000E-01	1.43258E+01	6.72934E+00
6.00000E-01	1.46067E+01	6.83811E+00
6.00000E-01	1.48876E+01	6.93656E+00
6.00000E-01	1.51685E+01	7.02615E+00
6.00000E-01	1.54494E+01	7.10793E+00
6.00000E-01	1.57303E+01	7.18119E+00
6.00000E-01	1.60112E+01	7.24331E+00
6.00000E-01	1.62921E+01	7.29809E+00
6.00000E-01	1.65730E+01	7.33964E+00
6.00000E-01	1.68539E+01	7.36365E+00
6.00000E-01	1.71348E+01	7.37528E+00
6.00000E-01	1.74157E+01	7.38181E+00
6.00000E-01	1.76966E+01	7.38159E+00
6.00000E-01	1.79775E+01	7.37720E+00
6.00000E-01	1.82584E+01	7.36982E+00
6.00000E-01	1.85393E+01	7.35985E+00
6.00000E-01	1.88202E+01	7.34448E+00
6.00000E-01	1.91011E+01	7.32450E+00
6.00000E-01	1.93820E+01	7.30272E+00
6.00000E-01	1.96629E+01	7.27626E+00
6.00000E-01	1.99438E+01	7.24056E+00
6.00000E-01	2.02247E+01	7.19712E+00
6.00000E-01	2.05056E+01	7.15120E+00
6.00000E-01	2.07865E+01	7.10260E+00
6.00000E-01	2.10674E+01	7.05177E+00
6.00000E-01	2.13483E+01	7.00071E+00
6.00000E-01	2.16292E+01	6.94882E+00
6.00000E-01	2.19101E+01	6.89624E+00
6.00000E-01	2.21910E+01	6.84355E+00
6.00000E-01	2.24719E+01	6.79186E+00
6.00000E-01	2.27528E+01	6.73976E+00
6.00000E-01	2.30337E+01	6.68822E+00
6.00000E-01	2.33146E+01	6.63709E+00
6.00000E-01	2.35955E+01	6.58600E+00
6.00000E-01	2.38764E+01	6.53416E+00
6.00000E-01	2.41573E+01	6.48372E+00
6.00000E-01	2.44382E+01	6.43283E+00
6.00000E-01	2.47191E+01	6.37892E+00
6.00000E-01	2.50000E+01	6.32422E+00
7.00000E-01	0.00000E+00	9.41178E-01
7.00000E-01	2.80899E-01	5.45179E-01
7.00000E-01	5.61798E-01	3.35868E-01
7.00000E-01	8.42697E-01	2.84350E-01
7.00000E-01	1.12360E+00	2.92269E-01
7.00000E-01	1.40449E+00	3.39901E-01
7.00000E-01	1.68539E+00	4.17021E-01
7.00000E-01	1.96629E+00	5.12197E-01
7.00000E-01	2.24719E+00	6.14234E-01
7.00000E-01	2.52809E+00	7.10769E-01
7.00000E-01	2.80899E+00	7.89823E-01
7.00000E-01	3.08989E+00	8.44742E-01
7.00000E-01	3.37079E+00	8.75246E-01
7.00000E-01	3.65169E+00	8.85968E-01
7.00000E-01	3.93258E+00	8.82930E-01
7.00000E-01	4.21348E+00	8.71974E-01
7.00000E-01	4.49438E+00	8.58001E-01
7.00000E-01	4.77528E+00	8.43453E-01
7.00000E-01	5.05618E+00	8.31470E-01
7.00000E-01	5.33708E+00	8.24350E-01
7.00000E-01	5.61798E+00	8.25413E-01
7.00000E-01	5.89888E+00	8.35936E-01
7.00000E-01	6.17978E+00	8.59349E-01
7.00000E-01	6.46067E+00	8.95622E-01
7.00000E-01	6.74157E+00	9.46767E-01
7.00000E-01	7.02247E+00	1.01557E+00
7.00000E-01	7.30337E+00	1.10304E+00
7.00000E-01	7.58427E+00	1.21453E+00
7.00000E-01	7.86517E+00	1.34840E+00
7.00000E-01	8.14607E+00	1.51047E+00
7.00000E-01	8.42697E+00	1.69485E+00
7.00000E-01	8.70787E+00	1.90581E+00
7.00000E-01	8.98876E+00	2.13818E+00
7.00000E-01	9.26966E+00	2.39351E+00
7.00000E-01	9.55056E+00	2.66822E+00
7.00000E-01	9.83146E+00	2.96056E+00
7.00000E-01	1.01124E+01	3.27184E+00
7.00000E-01	1.03933E+01	3.59357E+00
7.00000E-01	1.06742E+01	3.92420E+00
7.00000E-01	1.09551E+01	4.24968E+00
7.00000E-01	1.12360E+01	4.57651E+00
7.00000E-01	1.15169E+01	4.89539E+00
7.00000E-01	1.17978E+01	5.20350E+00
7.00000E-01	1.20787E+01	5.49780E+00
7.00000E-01	1.23596E+01	5.76621E+00
7.00000E-01	1.26404E+01	6.01595E+00
7.00000E-01	1.29213E+01	6.24954E+00
7.00000E-01	1.32022E+01	6.46950E+00
7.00000E-01	1.34831E+01	6.66870E+00
7.00000E-01	1.37640E+01	6.85177E+00
7.00000E-01	1.40449E+01	7.01299E+00
7.00000E-01	1.43258E+01	7.14652E+00
7.00000E-01	1.46067E+01	7.26216E+00
7.00000E-01	1.48876E+01	7.36672E+00
7.00000E-01	1.51685E+01	7.46188E+00
7.00000E-01	1.54494E+01	7.54873E+00
7.00000E-01	1.57303E+01	7.62642E+00
7.00000E-01	1.60112E+01	7.69250E+00
7.00000E-01	1.62921E+01	7.75052E+00
7.00000E-01	1.65730E+01	7.79453E+00
7.00000E-01	1.68539E+01	7.82011E+00
7.00000E-01	1.71348E+01	7.83265E+00
7.00000E-01	1.74157E+01	7.83948E+00
7.00000E-01	1.76966E+01	7.83935E+00
7.00000E-01	1.79775E+01	7.83469E+00
7.00000E-01	1.82584E+01	7.82687E+00
7.00000E-01	1.85393E+01	7.81619E+00
7.00000E-01	1.88202E+01	7.79988E+00
7.00000E-01	1.91011E+01	7.77874E+00
7.00000E-01	1.93820E+01	7.75553E+00
7.00000E-01	1.96629E+01	7.72733E+00
7.00000E-01	1.99438E+01	7.68944E+00
7.00000E-01	2.02247E+01	7.64343E+00
7.00000E-01	2.05056E+01	7.59463E+00
7.00000E-01	2.07865E+01	7.54303E+00
7.00000E-01	2.10674E+01	7.48910E+00
7.00000E-01	2.13483E+01	7.43485E+00
7.00000E-01	2.16292E+01	7.37975E+00
7.00000E-01	2.19101E+01	7.32391E+00
7.00000E-01	2.21910E+01	7.26799E+00
7.00000E-01	2.24719E+01	7.21304E+00
7.00000E-01	2.27528E+01	7.15776E+00
7.00000E-01	2.30337E+01	7.10301E+00
7.00000E-01	2.33146E+01	7.04870E+00
7.00000E-01	2.35955E+01	6.99441E+00
7.00000E-01	2.38764E+01	6.93942E+00
7.00000E-01	2.41573E+01	6.88582E+00
7.00000E-01	2.44382E+01	6.83170E+00
7.00000E-01	2.47191E+01	6.77451E+00
7.00000E-01	2.50000E+01	6.71643E+00
8.00000E-01	0.00000E+00	9.33230E-01
8.00000E-01	2.80899E-01	5.65408E-01
8.00000E-01	5.61798E-01	3.55168E-01
8.00000E-01	8.42697E-01	3.02152E-01
8.00000E-01	1.12360E+00	3.11225E-01
8.00000E-01	1.40449E+00	3.61922E-01
8.00000E-01	1.68539E+00	4.43537E-01
8.00000E-01	1.96629E+00	5.44127E-01
8.00000E-01	2.24719E+00	6.51859E-01
8.00000E-01	2.52809E+00	7.53697E-01
8.00000E-01	2.80899E+00	8.37108E-01
8.00000E-01	3.08989E+00	8.95093E-01
8.00000E-01	3.37079E+00	9.27361E-01
8.00000E-01	3.65169E+00	9.38744E-01
8.00000E-01	3.93258E+00	9.35629E-01
8.00000E-01	4.21348E+00	9.24135E-01
8.00000E-01	4.49438E+00	9.09346E-01
8.00000E-01	4.77528E+00	8.94021E-01
8.00000E-01	5.05618E+00	8.81380E-01
8.00000E-01	5.33708E+00	8.73963E-01
8.00000E-01	5.61798E+00	8.75124E-01
8.00000E-01	5.89888E+00	8.86440E-01
8.00000E-01	6.17978E+00	9.11260E-01
8.00000E-01	6.46067E+00	9.49814E-01
8.00000E-01	6.74157E+00	1.00414E+00
8.00000E-01	7.02247E+00	1.07710E+00
8.00000E-01	7.30337E+00	1.17005E+00
8.00000E-01	7.58427E+00	1.28815E+00
8.00000E-01	7.86517E+00	1.43036E+00
8.00000E-01	8.14607E+00	1.60192E+00
8.00000E-01	8.42697E+00	1.79764E+00
8.00000E-01	8.70787E+00	2.02104E+00
8.00000E-01	8.98876E+00	2.26748E+00
8.00000E-01	9.26966E+00	2.53800E+00
8.00000E-01	9.55056E+00	2.82913E+00
8.00000E-01	9.83146E+00	3.13914E+00
8.00000E-01	1.01124E+01	3.46873E+00
8.00000E-01	1.03933E+01	3.80989E+00
8.00000E-01	1.06742E+01	4.15979E+00
8.00000E-01	1.09551E+01	4.50506E+00
8.00000E-01	1.12360E+01	4.85112E+00
8.00000E-01	1.15169E+01	5.18904E+00
8.00000E-01	1.17978E+01	5.51553E+00
8.00000E-01	1.20787E+01	5.82702E+00
8.00000E-01	1.23596E+01	6.11175E+00
8.00000E-01	1.26404E+01	6.37641E+00
8.00000E-01	1.29213E+01	6.62410E+00
8.00000E-01	1.32022E+01	6.85694E+00
8.00000E-01	1.34831E+01	7.06825E+00
8.00000E-01	1.37640E+01	7.26206E+00
8.00000E-01	1.40449E+01	7.43273E+00
8.00000E-01	1.43258E+01	7.57449E+00
8.00000E-01	1.46067E+01	7.69721E+00
8.00000E-01	1.48876E+01	7.80806E+00
8.00000E-01	1.51685E+01	7.90892E+00
8.00000E-01	1.54494E+01	8.00096E+00
8.00000E-01	1.57303E+01	8.08319E+00
8.00000E-01	1.60112E+01	8.15333E+00
8.00000E-01	1.62921E+01	8.21467E+00
8.00000E-01	1.65730E+01	8.26118E+00
8.00000E-01	1.68539E+01	8.28838E+00
8.00000E-01	1.71348E+01	8.30188E+00
8.00000E-01	1.74157E+01	8.30903E+00
8.00000E-01	1.76966E+01	8.30898E+00
8.00000E-01	1.79775E+01	8.30406E+00
8.00000E-01	1.82584E+01	8.29579E+00
8.00000E-01	1.85393E+01	8.28437E+00
8.00000E-01	1.88202E+01	8.26710E+00
8.00000E-01	1.91011E+01	8.24478E+00
8.00000E-01	1.93820E+01	8.22008E+00
8.00000E-01	1.96629E+01	8.19007E+00
8.00000E-01	1.99438E+01	8.14993E+00
8.00000E-01	2.02247E+01	8.10132E+00
8.00000E-01	2.05056E+01	8.04957E+00
8.00000E-01	2.07865E+01	7.99489E+00
8.00000E-01	2.10674E+01	7.93778E+00
8.00000E-01	2.13483E+01	7.88026E+00
8.00000E-01	2.16292E+01	7.82187E+00
8.00000E-01	2.19101E+01	7.76269E+00
8.00000E-01	2.21910E+01	7.70346E+00
8.00000E-01	2.24719E+01	7.64517E+00
8.00000E-01	2.27528E+01	7.58662E+00
8.00000E-01	2.30337E+01	7.52858E+00
8.00000E-01	2.33146E+01	7.47100E+00
8.00000E-01	2.35955E+01	7.41343E+00
8.00000E-01	2.38764E+01	7.35522E+00
8.00000E-01	2.41573E+01	7.29836E+00
8.00000E-01	2.44382E+01	7.24091E+00
8.00000E-01	2.47191E+01	7.18036E+00
8.00000E-01	2.50000E+01	7.11882E+00
9.00000E-01	0.00000E+00	9.25513E-01
9.00000E-01	2.80899E-01	5.83171E-01
9.00000E-01	5.61798E-01	3.74974E-01
9.00000E-01	8.42697E-01	3.20461E-01
9.00000E-01	1.12360E+00	3.30856E-01
9.00000E-01	1.40449E+00	3.84731E-01
9.00000E-01	1.68539E+00	4.70911E-01
9.00000E-01	1.96629E+00	5.76960E-01
9.00000E-01	2.24719E+00	6.90405E-01
9.00000E-01	2.52809E+00	7.97539E-01
9.00000E-01	2.80899E+00	8.85306E-01
9.00000E-01	3.08989E+00	9.46371E-01
9.00000E-01	3.37079E+00	9.80430E-01
9.00000E-01	3.65169E+00	9.92503E-01
9.00000E-01	3.93258E+00	9.89323E-01
9.00000E-01	4.21348E+00	9.77295E-01
9.00000E-01	4.49438E+00	9.61696E-01
9.00000E-01	4.77528E+00	9.45597E-01
9.00000E-01	5.05618E+00	9.32305E-01
9.00000E-01	5.33708E+00	9.24604E-01
9.00000E-01	5.61798E+00	9.25888E-01
9.00000E-01	5.89888E+00	9.38029E-01
9.00000E-01	6.17978E+00	9.64304E-01
9.00000E-01	6.46067E+00	1.00520E+00
9.00000E-01	6.74157E+00	1.06279E+00
9.00000E-01	7.02247E+00	1.14002E+00
9.00000E-01	7.30337E+00	1.23859E+00
9.00000E-01	7.58427E+00	1.36345E+00
9.00000E-01	7.86517E+00	1.51419E+00
9.00000E-01	8.14607E+00	1.69543E+00
9.00000E-01	8.42697E+00	1.90270E+00
9.00000E-01	8.70787E+00	2.13881E+00
9.00000E-01	8.98876E+00	2.39960E+00
9.00000E-01	9.26966E+00	2.68562E+00
9.00000E-01	9.55056E+00	2.99349E+00
9.00000E-01	9.83146E+00	3.32150E+00
9.00000E-01	1.01124E+01	3.66976E+00
9.00000E-01	1.03933E+01	4.03066E+00
9.00000E-01	1.06742E+01	4.40020E+00
9.00000E-01	1.09551E+01	4.76563E+00
9.00000E-01	1.12360E+01	5.13129E+00
9.00000E-01	1.15169E+01	5.48859E+00
9.00000E-01	1.17978E+01	5.83378E+00
9.00000E-01	1.20787E+01	6.16275E+00
9.00000E-01	1.23596E+01	6.46413E+00
9.00000E-01	1.26404E+01	6.74403E+00
9.00000E-01	1.29213E+01	7.00607E+00
9.00000E-01	1.32022E+01	7.25203E+00
9.00000E-01	1.34831E+01	7.47567E+00
9.00000E-01	1.37640E+01	7.68043E+00
9.00000E-01	1.40449E+01	7.86070E+00
9.00000E-01	1.43258E+01	8.01088E+00
9.00000E-01	1.46067E+01	8.14085E+00
9.00000E-01	1.48876E+01	8.25811E+00
9.00000E-01	1.51685E+01	8.36480E+00
9.00000E-01	1.54494E+01	8.46212E+00
9.00000E-01	1.57303E+01	8.54898E+00
9.00000E-01	1.60112E+01	8.62327E+00
9.00000E-01	1.62921E+01	8.68794E+00
9.00000E-01	1.65730E+01	8.73697E+00
9.00000E-01	1.68539E+01	8.76587E+00
9.00000E-01	1.71348E+01	8.78037E+00
9.00000E-01	1.74157E+01	8.78785E+00
9.00000E-01	1.76966E+01	8.78789E+00
9.00000E-01	1.79775E+01	8.78271E+00
9.00000E-01	1.82584E+01	8.77397E+00
9.00000E-01	1.85393E+01	8.76179E+00
9.00000E-01	1.88202E+01	8.74354E+00
9.00000E-01	1.91011E+01	8.72003E+00
9.00000E-01	1.93820E+01	8.69380E+00
9.00000E-01	1.96629E+01	8.66193E+00
9.00000E-01	1.99438E+01	8.61950E+00
9.00000E-01	2.02247E+01	8.56824E+00
9.00000E-01	2.05056E+01	8.51350E+00
9.00000E-01	2.07865E+01	8.45568E+00
9.00000E-01	2.10674E+01	8.39534E+00
9.00000E-01	2.13483E+01	8.33449E+00
9.00000E-01	2.16292E+01	8.27274E+00
9.00000E-01	2.19101E+01	8.21015E+00
9.00000E-01	2.21910E+01	8.14755E+00
9.00000E-01	2.24719E+01	8.08586E+00
9.00000E-01	2.27528E+01	8.02396E+00
9.00000E-01	2.30337E+01	7.96257E+00
9.00000E-01	2.33146E+01	7.90166E+00
9.00000E-01	2.35955E+01	7.84074E+00
9.00000E-01	2.38764E+01	7.77924E+00
9.00000E-01	2.41573E+01	7.71905E+00
9.00000E-01	2.44382E+01	7.65821E+00
9.00000E-01	2.47191E+01	7.59424E+00
9.00000E-01	2.50000E+01	7.52918E+00
1.00000E+00	0.00000E+00	9.18316E-01
1.00000E+00	2.80899E-01	5.98763E-01
1.00000E+00	5.61798E-01	3.95247E-01
1.00000E+00	8.42697E-01	3.39228E-01
1.00000E+00	1.12360E+00	3.51076E-01
1.00000E+00	1.40449E+00	4.08228E-01
1.00000E+00	1.68539E+00	4.99010E-01
1.00000E+00	1.96629E+00	6.10523E-01
1.00000E+00	2.24719E+00	7.29652E-01
1.00000E+00	2.52809E+00	8.42034E-01
1.00000E+00	2.80899E+00	9.34117E-01
1.00000E+00	3.08989E+00	9.98253E-01
1.00000E+00	3.37079E+00	1.03412E+00
1.00000E+00	3.65169E+00	1.04691E+00
1.00000E+00	3.93258E+00	1.04368E+00
1.00000E+00	4.21348E+00	1.03113E+00
1.00000E+00	4.49438E+00	1.01473E+00
1.00000E+00	4.77528E+00	9.97864E-01
1.00000E+00	5.05618E+00	9.83937E-01
1.00000E+00	5.33708E+00	9.75969E-01
1.00000E+00	5.61798E+00	9.77406E-01
1.00000E+00	5.89888E+00	9.90399E-01
1.00000E+00	6.17978E+00	1.01817E+00
1.00000E+00	6.46067E+00	1.06146E+00
1.00000E+00	6.74157E+00	1.12239E+00
1.00000E+00	7.02247E+00	1.20397E+00
1.00000E+00	7.30337E+00	1.30826E+00
1.00000E+00	7.58427E+00	1.44002E+00
1.00000E+00	7.86517E+00	1.59939E+00
1.00000E+00	8.14607E+00	1.79048E+00
1.00000E+00	8.42697E+00	2.00945E+00
1.00000E+00	8.70787E+00	2.25845E+00
1.00000E+00	8.98876E+00	2.53377E+00
1.00000E+00	9.26966E+00	2.83549E+00
1.00000E+00	9.55056E+00	3.16033E+00
1.00000E+00	9.83146E+00	3.50656E+00
1.00000E+00	1.01124E+01	3.87374E+00
1.00000E+00	1.03933E+01	4.25457E+00
1.00000E+00	1.06742E+01	4.64399E+00
1.00000E+00	1.09551E+01	5.02982E+00
1.00000E+00	1.12360E+01	5.41530E+00
1.00000E+00	1.15169E+01	5.79221E+00
1.00000E+00	1.17978E+01	6.15630E+00
1.00000E+00	1.20787E+01	6.50296E+00
1.00000E+00	1.23596E+01	6.82118E+00
1.00000E+00	1.26404E+01	7.11655E+00
1.00000E+00	1.29213E+01	7.39312E+00
1.00000E+00	1.32022E+01	7.65236E+00
1.00000E+00	1.34831E+01	7.88848E+00
1.00000E+00	1.37640E+01	8.10429E+00
1.00000E+00	1.40449E+01	8.29426E+00
1.00000E+00	1.43258E+01	8.45301E+00
1.00000E+00	1.46067E+01	8.59037E+00
1.00000E+00	1.48876E+01	8.71414E+00
1.00000E+00	1.51685E+01	8.82674E+00
1.00000E+00	1.54494E+01	8.92938E+00
1.00000E+00	1.57303E+01	9.02093E+00
1.00000E+00	1.60112E+01	9.09941E+00
1.00000E+00	1.62921E+01	9.16744E+00
1.00000E+00	1.65730E+01	9.21901E+00
1.00000E+00	1.68539E+01	9.24964E+00
1.00000E+00	1.71348E+01	9.26518E+00
1.00000E+00	1.74157E+01	9.27301E+00
1.00000E+00	1.76966E+01	9.27314E+00
1.00000E+00	1.79775E+01	9.26771E+00
1.00000E+00	1.82584E+01	9.25850E+00
1.00000E+00	1.85393E+01	9.24554E+00
1.00000E+00	1.88202E+01	9.22630E+00
1.00000E+00	1.91011E+01	9.20157E+00
1.00000E+00	1.93820E+01	9.17379E+00
1.00000E+00	1.96629E+01	9.13999E+00
1.00000E+00	1.99438E+01	9.09526E+00
1.00000E+00	2.02247E+01	9.04135E+00
1.00000E+00	2.05056E+01	8.98357E+00
1.00000E+00	2.07865E+01	8.92257E+00
1.00000E+00	2.10674E+01	8.85897E+00
1.00000E+00	2.13483E+01	8.79474E+00
1.00000E+00	2.16292E+01	8.72958E+00
1.00000E+00	2.19101E+01	8.66356E+00
1.00000E+00	2.21910E+01	8.59754E+00
1.00000E+00	2.24719E+01	8.53239E+00
1.00000E+00	2.27528E+01	8.46711E+00
1.00000E+00	2.30337E+01	8.40232E+00
1.00000E+00	2.33146E+01	8.33804E+00
1.00000E+00	2.35955E+01	8.27373E+00
1.00000E+00	2.38764E+01	8.20890E+00
1.00000E+00	2.41573E+01	8.14532E+00
1.00000E+00	2.44382E+01	8.08103E+00
1.00000E+00	2.47191E+01	8.01361E+00
1.00000E+00	2.50000E+01	7.94500E+00
1.50000E+00	0.00000E+00	8.92729E-01
1.50000E+00	2.80899E-01	6.60849E-01
1.50000E+00	5.61798E-01	4.98133E-01
1.50000E+00	8.42697E-01	4.39498E-01
1.50000E+00	1.12360E+00	4.59054E-01
1.50000E+00	1.40449E+00	5.33015E-01
1.50000E+00	1.68539E+00	6.46417E-01
1.50000E+00	1.96629E+00	7.84058E-01
1.50000E+00	2.24719E+00	9.29828E-01
1.50000E+00	2.52809E+00	1.06651E+00
1.50000E+00	2.80899E+00	1.17860E+00
1.50000E+00	3.08989E+00	1.25723E+00
1.50000E+00	3.37079E+00	1.30193E+00
1.50000E+00	3.65169E+00	1.31853E+00
1.50000E+00	3.93258E+00	1.31539E+00
1.50000E+00	4.21348E+00	1.30058E+00
1.50000E+00	4.49438E+00	1.28063E+00
1.50000E+00	4.77528E+00	1.26027E+00
1.50000E+00	5.05618E+00	1.24362E+00
1.50000E+00	5.33708E+00	1.23470E+00
1.50000E+00	5.61798E+00	1.23741E+00
1.50000E+00	5.89888E+00	1.25503E+00
1.50000E+00	6.17978E+00	1.29077E+00
1.50000E+00	6.46067E+00	1.34645E+00
1.50000E+00	6.74157E+00	1.42461E+00
1.50000E+00	7.02247E+00	1.52868E+00
1.50000E+00	7.30337E+00	1.66207E+00
1.50000E+00	7.58427E+00	1.82913E+00
1.50000E+00	7.86517E+00	2.03195E+00
1.50000E+00	8.14607E+00	2.27297E+00
1.50000E+00	8.42697E+00	2.55051E+00
1.50000E+00	8.70787E+00	2.86451E+00
1.50000E+00	8.98876E+00	3.21258E+00
1.50000E+00	9.26966E+00	3.59315E+00
1.50000E+00	9.55056E+00	4.00315E+00
1.50000E+00	9.83146E+00	4.44044E+00
1.50000E+00	1.01124E+01	4.90240E+00
1.50000E+00	1.03933E+01	5.38216E+00
1.50000E+00	1.06742E+01	5.87094E+00
1.50000E+00	1.09551E+01	6.35841E+00
1.50000E+00	1.12360E+01	6.84302E+00
1.50000E+00	1.15169E+01	7.31752E+00
1.50000E+00	1.17978E+01	7.77566E+00
1.50000E+00	1.20787E+01	8.21049E+00
1.50000E+00	1.23596E+01	8.61293E+00
1.50000E+00	1.26404E+01	8.98626E+00
1.50000E+00	1.29213E+01	9.33546E+00
1.50000E+00	1.32022E+01	9.66116E+00
1.50000E+00	1.34831E+01	9.95939E+00
1.50000E+00	1.37640E+01	1.02302E+01
1.50000E+00	1.40449E+01	1.04686E+01
1.50000E+00	1.43258E+01	1.06707E+01
1.50000E+00	1.46067E+01	1.08457E+01
1.50000E+00	1.48876E+01	1.10024E+01
1.50000E+00	1.51685E+01	1.11447E+01
1.50000E+00	1.54494E+01	1.12739E+01
1.50000E+00	1.57303E+01	1.13889E+01
1.50000E+00	1.60112E+01	1.14882E+01
1.50000E+00	1.62921E+01	1.15726E+01
1.50000E+00	1.65730E+01	1.16366E+01
1.50000E+00	1.68539E+01	1.16763E+01
1.50000E+00	1.71348E+01	1.16974E+01
1.50000E+00	1.74157E+01	1.17073E+01
1.50000E+00	1.76966E+01	1.17079E+01
1.50000E+00	1.79775E+01	1.17014E+01
1.50000E+00	1.82584E+01	1.16897E+01
1.50000E+00	1.85393E+01	1.16728E+01
1.50000E+00	1.88202E+01	1.16486E+01
1.50000E+00	1.91011E+01	1.16178E+01
1.50000E+00	1.93820E+01	1.15820E+01
1.50000E+00	1.96629E+01	1.15382E+01
1.50000E+00	1.99438E+01	1.14820E+01
1.50000E+00	2.02247E+01	1.14150E+01
1.50000E+00	2.05056E+01	1.13422E+01
1.50000E+00	2.07865E+01	1.12653E+01
1.50000E+00	2.10674E+01	1.11854E+01
1.50000E+00	2.13483E+01	1.11043E+01
1.50000E+00	2.16292E+01	1.10221E+01
1.50000E+00	2.19101E+01	1.09389E+01
1.50000E+00	2.21910E+01	1.08557E+01
1.50000E+00	2.24719E+01	1.07732E+01
1.50000E+00	2.27528E+01	1.06910E+01
1.50000E+00	2.30337E+01	1.06091E+01
1.50000E+00	2.33146E+01	1.05279E+01
1.50000E+00	2.35955E+01	1.04466E+01
1.50000E+00	2.38764E+01	1.03651E+01
1.50000E+00	2.41573E+01	1.02844E+01
1.50000E+00	2.44382E+01	1.02027E+01
1.50000E+00	2.47191E+01	1.01179E+01
1.50000E+00	2.50000E+01	1.00316E+01
2.00000E+00	0.00000E+00	8.82738E-01
2.00000E+00	2.80899E-01	7.15379E-01
2.00000E+00	5.61798E-01	5.91503E-01
2.00000E+00	8.42697E-01	5.48151E-01
2.00000E+00	1.12360E+00	5.76368E-01
2.00000E+00	1.40449E+00	6.64798E-01
2.00000E+00	1.68539E+00	7.97348E-01
2.00000E+00	1.96629E+00	9.56441E-01
2.00000E+00	2.24719E+00	1.12339E+00
2.00000E+00	2.52809E+00	1.27901E+00
2.00000E+00	2.80899E+00	1.40675E+00
2.00000E+00	3.08989E+00	1.49717E+00
2.00000E+00	3.37079E+00	1.54961E+00
2.00000E+00	3.65169E+00	1.57012E+00
2.00000E+00	3.93258E+00	1.56781E+00
2.00000E+00	4.21348E+00	1.55170E+00
2.00000E+00	4.49438E+00	1.52932E+00
2.00000E+00	4.77528E+00	1.50652E+00
2.00000E+00	5.05618E+00	1.48827E+00
2.00000E+00	5.33708E+00	1.47938E+00
2.00000E+00	5.61798E+00	1.48433E+00
2.00000E+00	5.89888E+00	1.50711E+00
2.00000E+00	6.17978E+00	1.55127E+00
2.00000E+00	6.46067E+00	1.61948E+00
2.00000E+00	6.74157E+00	1.71483E+00
2.00000E+00	7.02247E+00	1.84123E+00
2.00000E+00	7.30337E+00	2.00292E+00
2.00000E+00	7.58427E+00	2.20430E+00
2.00000E+00	7.86517E+00	2.44839E+00
2.00000E+00	8.14607E+00	2.73702E+00
2.00000E+00	8.42697E+00	3.06950E+00
2.00000E+00	8.70787E+00	3.44486E+00
2.00000E+00	8.98876E+00	3.86097E+00
2.00000E+00	9.26966E+00	4.31544E+00
2.00000E+00	9.55056E+00	4.80510E+00
2.00000E+00	9.83146E+00	5.32707E+00
2.00000E+00	1.01124E+01	5.87718E+00
2.00000E+00	1.03933E+01	6.44788E+00
2.00000E+00	1.06742E+01	7.02881E+00
2.00000E+00	1.09551E+01	7.61000E+00
2.00000E+00	1.12360E+01	8.18650E+00
2.00000E+00	1.15169E+01	8.75093E+00
2.00000E+00	1.17978E+01	9.29554E+00
2.00000E+00	1.20787E+01	9.81202E+00
2.00000E+00	1.23596E+01	1.02927E+01
2.00000E+00	1.26404E+01	1.07393E+01
2.00000E+00	1.29213E+01	1.11562E+01
2.00000E+00	1.32022E+01	1.15437E+01
2.00000E+00	1.34831E+01	1.18992E+01
2.00000E+00	1.37640E+01	1.22208E+01
2.00000E+00	1.40449E+01	1.25043E+01
2.00000E+00	1.43258E+01	1.27475E+01
2.00000E+00	1.46067E+01	1.29586E+01
2.00000E+00	1.48876E+01	1.31468E+01
2.00000E+00	1.51685E+01	1.33170E+01
2.00000E+00	1.54494E+01	1.34709E+01
2.00000E+00	1.57303E+01	1.36076E+01
2.00000E+00	1.60112E+01	1.37259E+01
2.00000E+00	1.62921E+01	1.38251E+01
2.00000E+00	1.65730E+01	1.39003E+01
2.00000E+00	1.68539E+01	1.39488E+01
2.00000E+00	1.71348E+01	1.39758E+01
2.00000E+00	1.74157E+01	1.39883E+01
2.00000E+00	1.76966E+01	1.39896E+01
2.00000E+00	1.79775E+01	1.39822E+01
2.00000E+00	1.82584E+01	1.39682E+01
2.00000E+00	1.85393E+01	1.39474E+01
2.00000E+00	1.88202E+01	1.39185E+01
2.00000E+00	1.91011E+01	1.38818E+01
2.00000E+00	1.93820E+01	1.38382E+01
2.00000E+00	1.96629E+01	1.37847E+01
2.00000E+00	1.99438E+01	1.37177E+01
2.00000E+00	2.02247E+01	1.36389E+01
2.00000E+00	2.05056E+01	1.35524E+01
2.00000E+00	2.07865E+01	1.34609E+01
2.00000E+00	2.10674E+01	1.33659E+01
2.00000E+00	2.13483E+01	1.32691E+01
2.00000E+00	2.16292E+01	1.31709E+01
2.00000E+00	2.19101E+01	1.30717E+01
2.00000E+00	2.21910E+01	1.29725E+01
2.00000E+00	2.24719E+01	1.28739E+01
2.00000E+00	2.27528E+01	1.27756E+01
2.00000E+00	2.30337E+01	1.26779E+01
2.00000E+00	2.33146E+01	1.25806E+01
2.00000E+00	2.35955E+01	1.24834E+01
2.00000E+00	2.38764E+01	1.23862E+01
2.00000E+00	2.41573E+01	1.22893E+01
2.00000E+00	2.44382E+01	1.21912E+01
2.00000E+00	2.47191E+01	1.20903E+01
2.00000E+00	2.50000E+01	1.19877E+01
2.50000E+00	0.00000E+00	8.84422E-01
2.50000E+00	2.80899E-01	7.65302E-01
2.50000E+00	5.61798E-01	6.75012E-01
2.50000E+00	8.42697E-01	6.56982E-01
2.50000E+00	1.12360E+00	6.99021E-01
2.50000E+00	1.40449E+00	7.98464E-01
2.50000E+00	1.68539E+00	9.43502E-01
2.50000E+00	1.96629E+00	1.11622E+00
2.50000E+00	2.24719E+00	1.29638E+00
2.50000E+00	2.52809E+00	1.46371E+00
2.50000E+00	2.80899E+00	1.60139E+00
2.50000E+00	3.08989E+00	1.69986E+00
2.50000E+00	3.37079E+00	1.75825E+00
2.50000E+00	3.65169E+00	1.78245E+00
2.50000E+00	3.93258E+00	1.78172E+00
2.50000E+00	4.21348E+00	1.76559E+00
2.50000E+00	4.49438E+00	1.74232E+00
2.50000E+00	4.77528E+00	1.71861E+00
2.50000E+00	5.05618E+00	1.70026E+00
2.50000E+00	5.33708E+00	1.69265E+00
2.50000E+00	5.61798E+00	1.70080E+00
2.50000E+00	5.89888E+00	1.72925E+00
2.50000E+00	6.17978E+00	1.78192E+00
2.50000E+00	6.46067E+00	1.86218E+00
2.50000E+00	6.74157E+00	1.97370E+00
2.50000E+00	7.02247E+00	2.12082E+00
2.50000E+00	7.30337E+00	2.30825E+00
2.50000E+00	7.58427E+00	2.54051E+00
2.50000E+00	7.86517E+00	2.82098E+00
2.50000E+00	8.14607E+00	3.15139E+00
2.50000E+00	8.42697E+00	3.53142E+00
2.50000E+00	8.70787E+00	3.95982E+00
2.50000E+00	8.98876E+00	4.43437E+00
2.50000E+00	9.26966E+00	4.95225E+00
2.50000E+00	9.55056E+00	5.51000E+00
2.50000E+00	9.83146E+00	6.10389E+00
2.50000E+00	1.01124E+01	6.72856E+00
2.50000E+00	1.03933E+01	7.37563E+00
2.50000E+00	1.06742E+01	8.03418E+00
2.50000E+00	1.09551E+01	8.69399E+00
2.50000E+00	1.12360E+01	9.34783E+00
2.50000E+00	1.15169E+01	9.98761E+00
2.50000E+00	1.17978E+01	1.06046E+01
2.50000E+00	1.20787E+01	1.11900E+01
2.50000E+00	1.23596E+01	1.17372E+01
2.50000E+00	1.26404E+01	1.22463E+01
2.50000E+00	1.29213E+01	1.27208E+01
2.50000E+00	1.32022E+01	1.31609E+01
2.50000E+00	1.34831E+01	1.35645E+01
2.50000E+00	1.37640E+01	1.39290E+01
2.50000E+00	1.40449E+01	1.42510E+01
2.50000E+00	1.43258E+01	1.45299E+01
2.50000E+00	1.46067E+01	1.47729E+01
2.50000E+00	1.48876E+01	1.49888E+01
2.50000E+00	1.51685E+01	1.51832E+01
2.50000E+00	1.54494E+01	1.53580E+01
2.50000E+00	1.57303E+01	1.55131E+01
2.50000E+00	1.60112E+01	1.56470E+01
2.50000E+00	1.62921E+01	1.57583E+01
2.50000E+00	1.65730E+01	1.58430E+01
2.50000E+00	1.68539E+01	1.58994E+01
2.50000E+00	1.71348E+01	1.59320E+01
2.50000E+00	1.74157E+01	1.59474E+01
2.50000E+00	1.76966E+01	1.59496E+01
2.50000E+00	1.79775E+01	1.59418E+01
2.50000E+00	1.82584E+01	1.59257E+01
2.50000E+00	1.85393E+01	1.59015E+01
2.50000E+00	1.88202E+01	1.58685E+01
2.50000E+00	1.91011E+01	1.58265E+01
2.50000E+00	1.93820E+01	1.57757E+01
2.50000E+00	1.96629E+01	1.57136E+01
2.50000E+00	1.99438E+01	1.56376E+01
2.50000E+00	2.02247E+01	1.55488E+01
2.50000E+00	2.05056E+01	1.54511E+01
2.50000E+00	2.07865E+01	1.53474E+01
2.50000E+00	2.10674E+01	1.52396E+01
2.50000E+00	2.13483E+01	1.51294E+01
2.50000E+00	2.16292E+01	1.50176E+01
2.50000E+00	2.19101E+01	1.49049E+01
2.50000E+00	2.21910E+01	1.47920E+01
2.50000E+00	2.24719E+01	1.46795E+01
2.50000E+00	2.27528E+01	1.45675E+01
2.50000E+00	2.30337E+01	1.44560E+01
2.50000E+00	2.33146E+01	1.43450E+01
2.50000E+00	2.35955E+01	1.42341E+01
2.50000E+00	2.38764E+01	1.41233E+01
2.50000E+00	2.41573E+01	1.40123E+01
2.50000E+00	2.44382E+01	1.39000E+01
2.50000E+00	2.47191E+01	1.37852E+01
2.50000E+00	2.50000E+01	1.36688E+01
3.00000E+00	0.00000E+00	8.94922E-01
3.00000E+00	2.80899E-01	8.13198E-01
3.00000E+00	5.61798E-01	7.53443E-01
3.00000E+00	8.42697E-01	7.58545E-01
3.00000E+00	1.12360E+00	8.18321E-01
3.00000E+00	1.40449E+00	9.27149E-01
3.00000E+00	1.68539E+00	1.07780E+00
3.00000E+00	1.96629E+00	1.25496E+00
3.00000E+00	2.24719E+00	1.43900E+00
3.00000E+00	2.52809E+00	1.60987E+00
3.00000E+00	2.80899E+00	1.75111E+00
3.00000E+00	3.08989E+00	1.85338E+00
3.00000E+00	3.37079E+00	1.91548E+00
3.00000E+00	3.65169E+00	1.94284E+00
3.00000E+00	3.93258E+00	1.94434E+00
3.00000E+00	4.21348E+00	1.92954E+00
3.00000E+00	4.49438E+00	1.90707E+00
3.00000E+00	4.77528E+00	1.88424E+00
3.00000E+00	5.05618E+00	1.86740E+00
3.00000E+00	5.33708E+00	1.86243E+00
3.00000E+00	5.61798E+00	1.87472E+00
3.00000E+00	5.89888E+00	1.90917E+00
3.00000E+00	6.17978E+00	1.97011E+00
3.00000E+00	6.46067E+00	2.06146E+00
3.00000E+00	6.74157E+00	2.18735E+00
3.00000E+00	7.02247E+00	2.35243E+00
3.00000E+00	7.30337E+00	2.56163E+00
3.00000E+00	7.58427E+00	2.81951E+00
3.00000E+00	7.86517E+00	3.12951E+00
3.00000E+00	8.14607E+00	3.49335E+00
3.00000E+00	8.42697E+00	3.91093E+00
3.00000E+00	8.70787E+00	4.38087E+00
3.00000E+00	8.98876E+00	4.90087E+00
3.00000E+00	9.26966E+00	5.46781E+00
3.00000E+00	9.55056E+00	6.07789E+00
3.00000E+00	9.83146E+00	6.72660E+00
3.00000E+00	1.01124E+01	7.40765E+00
3.00000E+00	1.03933E+01	8.11208E+00
3.00000E+00	1.06742E+01	8.82888E+00
3.00000E+00	1.09551E+01	9.54752E+00
3.00000E+00	1.12360E+01	1.02593E+01
3.00000E+00	1.15169E+01	1.09553E+01
3.00000E+00	1.17978E+01	1.16264E+01
3.00000E+00	1.20787E+01	1.22638E+01
3.00000E+00	1.23596E+01	1.28615E+01
3.00000E+00	1.26404E+01	1.34186E+01
3.00000E+00	1.29213E+01	1.39371E+01
3.00000E+00	1.32022E+01	1.44172E+01
3.00000E+00	1.34831E+01	1.48571E+01
3.00000E+00	1.37640E+01	1.52543E+01
3.00000E+00	1.40449E+01	1.56060E+01
3.00000E+00	1.43258E+01	1.59130E+01
3.00000E+00	1.46067E+01	1.61815E+01
3.00000E+00	1.48876E+01	1.64196E+01
3.00000E+00	1.51685E+01	1.66330E+01
3.00000E+00	1.54494E+01	1.68240E+01
3.00000E+00	1.57303E+01	1.69928E+01
3.00000E+00	1.60112E+01	1.71383E+01
3.00000E+00	1.62921E+01	1.72584E+01
3.00000E+00	1.65730E+01	1.73503E+01
3.00000E+00	1.68539E+01	1.74131E+01
3.00000E+00	1.71348E+01	1.74507E+01
3.00000E+00	1.74157E+01	1.74690E+01
3.00000E+00	1.76966E+01	1.74725E+01
3.00000E+00	1.79775E+01	1.74645E+01
3.00000E+00	1.82584E+01	1.74469E+01
3.00000E+00	1.85393E+01	1.74200E+01
3.00000E+00	1.88202E+01	1.73835E+01
3.00000E+00	1.91011E+01	1.73372E+01
3.00000E+00	1.93820E+01	1.72806E+01
3.00000E+00	1.96629E+01	1.72116E+01
3.00000E+00	1.99438E+01	1.71284E+01
3.00000E+00	2.02247E+01	1.70323E+01
3.00000E+00	2.05056E+01	1.69263E+01
3.00000E+00	2.07865E+01	1.68135E+01
3.00000E+00	2.10674E+01	1.66961E+01
3.00000E+00	2.13483E+01	1.65758E+01
3.00000E+00	2.16292E+01	1.64536E+01
3.00000E+00	2.19101E+01	1.63304E+01
3.00000E+00	2.21910E+01	1.62069E+01
3.00000E+00	2.24719E+01	1.60838E+01
3.00000E+00	2.27528E+01	1.59611E+01
3.00000E+00	2.30337E+01	1.58389E+01
3.00000E+00	2.33146E+01	1.57172E+01
3.00000E+00	2.35955E+01	1.55956E+01
3.00000E+00	2.38764E+01	1.54740E+01
3.00000E+00	2.41573E+01	1.53520E+01
3.00000E+00	2.44382E+01	1.52287E+01
3.00000E+00	2.47191E+01	1.51032E+01
3.00000E+00	2.50000E+01	1.49763E+01
3.50000E+00	0.00000E+00	9.11783E-01
3.50000E+00	2.80899E-01	8.59698E-01
3.50000E+00	5.61798E-01	8.27578E-01
3.50000E+00	8.42697E-01	8.49448E-01
3.50000E+00	1.12360E+00	9.25020E-01
3.50000E+00	1.40449E+00	1.04205E+00
3.50000E+00	1.68539E+00	1.19340E+00
3.50000E+00	1.96629E+00	1.36721E+00
3.50000E+00	2.24719E+00	1.54648E+00
3.50000E+00	2.52809E+00	1.71299E+00
3.50000E+00	2.80899E+00	1.85152E+00
3.50000E+00	3.08989E+00	1.95321E+00
3.50000E+00	3.37079E+00	2.01657E+00
3.50000E+00	3.65169E+00	2.04624E+00
3.50000E+00	3.93258E+00	2.05036E+00
3.50000E+00	4.21348E+00	2.03809E+00
3.50000E+00	4.49438E+00	2.01804E+00
3.50000E+00	4.77528E+00	1.99779E+00
3.50000E+00	5.05618E+00	1.98405E+00
3.50000E+00	5.33708E+00	1.98296E+00
3.50000E+00	5.61798E+00	2.00016E+00
3.50000E+00	5.89888E+00	2.04079E+00
3.50000E+00	6.17978E+00	2.10949E+00
3.50000E+00	6.46067E+00	2.21056E+00
3.50000E+00	6.74157E+00	2.34848E+00
3.50000E+00	7.02247E+00	2.52806E+00
3.50000E+00	7.30337E+00	2.75420E+00
3.50000E+00	7.58427E+00	3.03141E+00
3.50000E+00	7.86517E+00	3.36302E+00
3.50000E+00	8.14607E+00	3.75073E+00
3.50000E+00	8.42697E+00	4.19452E+00
3.50000E+00	8.70787E+00	4.69304E+00
3.50000E+00	8.98876E+00	5.24388E+00
3.50000E+00	9.26966E+00	5.84373E+00
3.50000E+00	9.55056E+00	6.48847E+00
3.50000E+00	9.83146E+00	7.17295E+00
3.50000E+00	1.01124E+01	7.89028E+00
3.50000E+00	1.03933E+01	8.63121E+00
3.50000E+00	1.06742E+01	9.38487E+00
3.50000E+00	1.09551E+01	1.01406E+01
3.50000E+00	1.12360E+01	1.08889E+01
3.50000E+00	1.15169E+01	1.16203E+01
3.50000E+00	1.17978E+01	1.23256E+01
3.50000E+00	1.20787E+01	1.29962E+01
3.50000E+00	1.23596E+01	1.36266E+01
3.50000E+00	1.26404E+01	1.42151E+01
3.50000E+00	1.29213E+01	1.47625E+01
3.50000E+00	1.32022E+01	1.52688E+01
3.50000E+00	1.34831E+01	1.57322E+01
3.50000E+00	1.37640E+01	1.61506E+01
3.50000E+00	1.40449E+01	1.65224E+01
3.50000E+00	1.43258E+01	1.68487E+01
3.50000E+00	1.46067E+01	1.71352E+01
3.50000E+00	1.48876E+01	1.73890E+01
3.50000E+00	1.51685E+01	1.76155E+01
3.50000E+00	1.54494E+01	1.78174E+01
3.50000E+00	1.57303E+01	1.79951E+01
3.50000E+00	1.60112E+01	1.81476E+01
3.50000E+00	1.62921E+01	1.82732E+01
3.50000E+00	1.65730E+01	1.83698E+01
3.50000E+00	1.68539E+01	1.84372E+01
3.50000E+00	1.71348E+01	1.84789E+01
3.50000E+00	1.74157E+01	1.84999E+01
3.50000E+00	1.76966E+01	1.85049E+01
3.50000E+00	1.79775E+01	1.84971E+01
3.50000E+00	1.82584E+01	1.84785E+01
3.50000E+00	1.85393E+01	1.84498E+01
3.50000E+00	1.88202E+01	1.84108E+01
3.50000E+00	1.91011E+01	1.83611E+01
3.50000E+00	1.93820E+01	1.83002E+01
3.50000E+00	1.96629E+01	1.82263E+01
3.50000E+00	1.99438E+01	1.81385E+01
3.50000E+00	2.02247E+01	1.80377E+01
3.50000E+00	2.05056E+01	1.79266E+01
3.50000E+00	2.07865E+01	1.78081E+01
3.50000E+00	2.10674E+01	1.76845E+01
3.50000E+00	2.13483E+01	1.75576E+01
3.50000E+00	2.16292E+01	1.74287E+01
3.50000E+00	2.19101E+01	1.72985E+01
3.50000E+00	2.21910E+01	1.71680E+01
3.50000E+00	2.24719E+01	1.70377E+01
3.50000E+00	2.27528E+01	1.69078E+01
3.50000E+00	2.30337E+01	1.67784E+01
3.50000E+00	2.33146E+01	1.66493E+01
3.50000E+00	2.35955E+01	1.65204E+01
3.50000E+00	2.38764E+01	1.63913E+01
3.50000E+00	2.41573E+01	1.62618E+01
3.50000E+00	2.44382E+01	1.61309E+01
3.50000E+00	2.47191E+01	1.59982E+01
3.50000E+00	2.50000E+01	1.58643E+01
4.00000E+00	0.00000E+00	9.32547E-01
4.00000E+00	2.80899E-01	9.03823E-01
4.00000E+00	5.61798E-01	8.94514E-01
4.00000E+00	8.42697E-01	9.28219E-01
4.00000E+00	1.12360E+00	1.01364E+00
4.00000E+00	1.40449E+00	1.13599E+00
4.00000E+00	1.68539E+00	1.28498E+00
4.00000E+00	1.96629E+00	1.45045E+00
4.00000E+00	2.24719E+00	1.61882E+00
4.00000E+00	2.52809E+00	1.77486E+00
4.00000E+00	2.80899E+00	1.90548E+00
4.00000E+00	3.08989E+00	2.00270E+00
4.00000E+00	3.37079E+00	2.06487E+00
4.00000E+00	3.65169E+00	2.09577E+00
4.00000E+00	3.93258E+00	2.10255E+00
4.00000E+00	4.21348E+00	2.09364E+00
4.00000E+00	4.49438E+00	2.07730E+00
4.00000E+00	4.77528E+00	2.06105E+00
4.00000E+00	5.05618E+00	2.05171E+00
4.00000E+00	5.33708E+00	2.05552E+00
4.00000E+00	5.61798E+00	2.07820E+00
4.00000E+00	5.89888E+00	2.12501E+00
4.00000E+00	6.17978E+00	2.20077E+00
4.00000E+00	6.46067E+00	2.31005E+00
4.00000E+00	6.74157E+00	2.45747E+00
4.00000E+00	7.02247E+00	2.64785E+00
4.00000E+00	7.30337E+00	2.88599E+00
4.00000E+00	7.58427E+00	3.17614E+00
4.00000E+00	7.86517E+00	3.52147E+00
4.00000E+00	8.14607E+00	3.92360E+00
4.00000E+00	8.42697E+00	4.38255E+00
4.00000E+00	8.70787E+00	4.89698E+00
4.00000E+00	8.98876E+00	5.46443E+00
4.00000E+00	9.26966E+00	6.08149E+00
4.00000E+00	9.55056E+00	6.74377E+00
4.00000E+00	9.83146E+00	7.44570E+00
4.00000E+00	1.01124E+01	8.18003E+00
4.00000E+00	1.03933E+01	8.93754E+00
4.00000E+00	1.06742E+01	9.70764E+00
4.00000E+00	1.09551E+01	1.04798E+01
4.00000E+00	1.12360E+01	1.12441E+01
4.00000E+00	1.15169E+01	1.19910E+01
4.00000E+00	1.17978E+01	1.27115E+01
4.00000E+00	1.20787E+01	1.33974E+01
4.00000E+00	1.23596E+01	1.40434E+01
4.00000E+00	1.26404E+01	1.46474E+01
4.00000E+00	1.29213E+01	1.52090E+01
4.00000E+00	1.32022E+01	1.57280E+01
4.00000E+00	1.34831E+01	1.62028E+01
4.00000E+00	1.37640E+01	1.66318E+01
4.00000E+00	1.40449E+01	1.70140E+01
4.00000E+00	1.43258E+01	1.73512E+01
4.00000E+00	1.46067E+01	1.76482E+01
4.00000E+00	1.48876E+01	1.79111E+01
4.00000E+00	1.51685E+01	1.81450E+01
4.00000E+00	1.54494E+01	1.83525E+01
4.00000E+00	1.57303E+01	1.85345E+01
4.00000E+00	1.60112E+01	1.86902E+01
4.00000E+00	1.62921E+01	1.88182E+01
4.00000E+00	1.65730E+01	1.89171E+01
4.00000E+00	1.68539E+01	1.89873E+01
4.00000E+00	1.71348E+01	1.90319E+01
4.00000E+00	1.74157E+01	1.90553E+01
4.00000E+00	1.76966E+01	1.90617E+01
4.00000E+00	1.79775E+01	1.90545E+01
4.00000E+00	1.82584E+01	1.90356E+01
4.00000E+00	1.85393E+01	1.90057E+01
4.00000E+00	1.88202E+01	1.89651E+01
4.00000E+00	1.91011E+01	1.89133E+01
4.00000E+00	1.93820E+01	1.88497E+01
4.00000E+00	1.96629E+01	1.87730E+01
4.00000E+00	1.99438E+01	1.86828E+01
4.00000E+00	2.02247E+01	1.85798E+01
4.00000E+00	2.05056E+01	1.84666E+01
4.00000E+00	2.07865E+01	1.83456E+01
4.00000E+00	2.10674E+01	1.82192E+01
4.00000E+00	2.13483E+01	1.80891E+01
4.00000E+00	2.16292E+01	1.79568E+01
4.00000E+00	2.19101E+01	1.78232E+01
4.00000E+00	2.21910E+01	1.76890E+01
4.00000E+00	2.24719E+01	1.75549E+01
4.00000E+00	2.27528E+01	1.74211E+01
4.00000E+00	2.30337E+01	1.72877E+01
4.00000E+00	2.33146E+01	1.71547E+01
4.00000E+00	2.35955E+01	1.70217E+01
4.00000E+00	2.38764E+01	1.68885E+01
4.00000E+00	2.41573E+01	1.67547E+01
4.00000E+00	2.44382E+01	1.66197E+01
4.00000E+00	2.47191E+01	1.64833E+01
4.00000E+00	2.50000E+01	1.63459E+01
5.00000E+00	0.00000E+00	9.77002E-01
5.00000E+00	2.80899E-01	9.79638E-01
5.00000E+00	5.61798E-01	1.00003E+00
5.00000E+00	8.42697E-01	1.04792E+00
5.00000E+00	1.12360E+00	1.13462E+00
5.00000E+00	1.40449E+00	1.25393E+00
5.00000E+00	1.68539E+00	1.39105E+00
5.00000E+00	1.96629E+00	1.53435E+00
5.00000E+00	2.24719E+00	1.67416E+00
5.00000E+00	2.52809E+00	1.80133E+00
5.00000E+00	2.80899E+00	1.90796E+00
5.00000E+00	3.08989E+00	1.98903E+00
5.00000E+00	3.37079E+00	2.04338E+00
5.00000E+00	3.65169E+00	2.07350E+00
5.00000E+00	3.93258E+00	2.08458E+00
5.00000E+00	4.21348E+00	2.08318E+00
5.00000E+00	4.49438E+00	2.07623E+00
5.00000E+00	4.77528E+00	2.07048E+00
5.00000E+00	5.05618E+00	2.07230E+00
5.00000E+00	5.33708E+00	2.08764E+00
5.00000E+00	5.61798E+00	2.12205E+00
5.00000E+00	5.89888E+00	2.18068E+00
5.00000E+00	6.17978E+00	2.26838E+00
5.00000E+00	6.46067E+00	2.38979E+00
5.00000E+00	6.74157E+00	2.54948E+00
5.00000E+00	7.02247E+00	2.75195E+00
5.00000E+00	7.30337E+00	3.00145E+00
5.00000E+00	7.58427E+00	3.30161E+00
5.00000E+00	7.86517E+00	3.65508E+00
5.00000E+00	8.14607E+00	4.06318E+00
5.00000E+00	8.42697E+00	4.52591E+00
5.00000E+00	8.70787E+00	5.04196E+00
5.00000E+00	8.98876E+00	5.60888E+00
5.00000E+00	9.26966E+00	6.22313E+00
5.00000E+00	9.55056E+00	6.88012E+00
5.00000E+00	9.83146E+00	7.57399E+00
5.00000E+00	1.01124E+01	8.29746E+00
5.00000E+00	1.03933E+01	9.04187E+00
5.00000E+00	1.06742E+01	9.79760E+00
5.00000E+00	1.09551E+01	1.05548E+01
5.00000E+00	1.12360E+01	1.13041E+01
5.00000E+00	1.15169E+01	1.20363E+01
5.00000E+00	1.17978E+01	1.27432E+01
5.00000E+00	1.20787E+01	1.34178E+01
5.00000E+00	1.23596E+01	1.40551E+01
5.00000E+00	1.26404E+01	1.46522E+01
5.00000E+00	1.29213E+01	1.52078E+01
5.00000E+00	1.32022E+01	1.57209E+01
5.00000E+00	1.34831E+01	1.61903E+01
5.00000E+00	1.37640E+01	1.66154E+01
5.00000E+00	1.40449E+01	1.69961E+01
5.00000E+00	1.43258E+01	1.73344E+01
5.00000E+00	1.46067E+01	1.76339E+01
5.00000E+00	1.48876E+01	1.78991E+01
5.00000E+00	1.51685E+01	1.81338E+01
5.00000E+00	1.54494E+01	1.83407E+01
5.00000E+00	1.57303E+01	1.85207E+01
5.00000E+00	1.60112E+01	1.86739E+01
5.00000E+00	1.62921E+01	1.87998E+01
5.00000E+00	1.65730E+01	1.88981E+01
5.00000E+00	1.68539E+01	1.89697E+01
5.00000E+00	1.71348E+01	1.90171E+01
5.00000E+00	1.74157E+01	1.90436E+01
5.00000E+00	1.76966E+01	1.90527E+01
5.00000E+00	1.79775E+01	1.90471E+01
5.00000E+00	1.82584E+01	1.90288E+01
5.00000E+00	1.85393E+01	1.89987E+01
5.00000E+00	1.88202E+01	1.89573E+01
5.00000E+00	1.91011E+01	1.89044E+01
5.00000E+00	1.93820E+01	1.88395E+01
5.00000E+00	1.96629E+01	1.87623E+01
5.00000E+00	1.99438E+01	1.86726E+01
5.00000E+00	2.02247E+01	1.85713E+01
5.00000E+00	2.05056E+01	1.84603E+01
5.00000E+00	2.07865E+01	1.83416E+01
5.00000E+00	2.10674E+01	1.82172E+01
5.00000E+00	2.13483E+01	1.80888E+01
5.00000E+00	2.16292E+01	1.79578E+01
5.00000E+00	2.19101E+01	1.78252E+01
5.00000E+00	2.21910E+01	1.76918E+01
5.00000E+00	2.24719E+01	1.75581E+01
5.00000E+00	2.27528E+01	1.74245E+01
5.00000E+00	2.30337E+01	1.72911E+01
5.00000E+00	2.33146E+01	1.71578E+01
5.00000E+00	2.35955E+01	1.70245E+01
5.00000E+00	2.38764E+01	1.68909E+01
5.00000E+00	2.41573E+01	1.67568E+01
5.00000E+00	2.44382E+01	1.66217E+01
5.00000E+00	2.47191E+01	1.64858E+01
5.00000E+00	2.50000E+01	1.63494E+01
6.00000E+00	0.00000E+00	1.01580E+00
6.00000E+00	2.80899E-01	1.03457E+00
6.00000E+00	5.61798E-01	1.06813E+00
6.00000E+00	8.42697E-01	1.12056E+00
6.00000E+00	1.12360E+00	1.19632E+00
6.00000E+00	1.40449E+00	1.29842E+00
6.00000E+00	1.68539E+00	1.41559E+00
6.00000E+00	1.96629E+00	1.53561E+00
6.00000E+00	2.24719E+00	1.64908E+00
6.00000E+00	2.52809E+00	1.74951E+00
6.00000E+00	2.80899E+00	1.83262E+00
6.00000E+00	3.08989E+00	1.89625E+00
6.00000E+00	3.37079E+00	1.94044E+00
6.00000E+00	3.65169E+00	1.96740E+00
6.00000E+00	3.93258E+00	1.98105E+00
6.00000E+00	4.21348E+00	1.98640E+00
6.00000E+00	4.49438E+00	1.98896E+00
6.00000E+00	4.77528E+00	1.99435E+00
6.00000E+00	5.05618E+00	2.00807E+00
6.00000E+00	5.33708E+00	2.03538E+00
6.00000E+00	5.61798E+00	2.08131E+00
6.00000E+00	5.89888E+00	2.15061E+00
6.00000E+00	6.17978E+00	2.24780E+00
6.00000E+00	6.46067E+00	2.37721E+00
6.00000E+00	6.74157E+00	2.54301E+00
6.00000E+00	7.02247E+00	2.74915E+00
6.00000E+00	7.30337E+00	2.99919E+00
6.00000E+00	7.58427E+00	3.29609E+00
6.00000E+00	7.86517E+00	3.64193E+00
6.00000E+00	8.14607E+00	4.03768E+00
6.00000E+00	8.42697E+00	4.48319E+00
6.00000E+00	8.70787E+00	4.97715E+00
6.00000E+00	8.98876E+00	5.51715E+00
6.00000E+00	9.26966E+00	6.09976E+00
6.00000E+00	9.55056E+00	6.72044E+00
6.00000E+00	9.83146E+00	7.37357E+00
6.00000E+00	1.01124E+01	8.05237E+00
6.00000E+00	1.03933E+01	8.74907E+00
6.00000E+00	1.06742E+01	9.45522E+00
6.00000E+00	1.09551E+01	1.01622E+01
6.00000E+00	1.12360E+01	1.08614E+01
6.00000E+00	1.15169E+01	1.15449E+01
6.00000E+00	1.17978E+01	1.22055E+01
6.00000E+00	1.20787E+01	1.28372E+01
6.00000E+00	1.23596E+01	1.34354E+01
6.00000E+00	1.26404E+01	1.39970E+01
6.00000E+00	1.29213E+01	1.45201E+01
6.00000E+00	1.32022E+01	1.50036E+01
6.00000E+00	1.34831E+01	1.54465E+01
6.00000E+00	1.37640E+01	1.58486E+01
6.00000E+00	1.40449E+01	1.62104E+01
6.00000E+00	1.43258E+01	1.65335E+01
6.00000E+00	1.46067E+01	1.68206E+01
6.00000E+00	1.48876E+01	1.70750E+01
6.00000E+00	1.51685E+01	1.72996E+01
6.00000E+00	1.54494E+01	1.74966E+01
6.00000E+00	1.57303E+01	1.76671E+01
6.00000E+00	1.60112E+01	1.78117E+01
6.00000E+00	1.62921E+01	1.79307E+01
6.00000E+00	1.65730E+01	1.80244E+01
6.00000E+00	1.68539E+01	1.80940E+01
6.00000E+00	1.71348E+01	1.81415E+01
6.00000E+00	1.74157E+01	1.81694E+01
6.00000E+00	1.76966E+01	1.81803E+01
6.00000E+00	1.79775E+01	1.81766E+01
6.00000E+00	1.82584E+01	1.81599E+01
6.00000E+00	1.85393E+01	1.81313E+01
6.00000E+00	1.88202E+01	1.80913E+01
6.00000E+00	1.91011E+01	1.80401E+01
6.00000E+00	1.93820E+01	1.79776E+01
6.00000E+00	1.96629E+01	1.79037E+01
6.00000E+00	1.99438E+01	1.78187E+01
6.00000E+00	2.02247E+01	1.77236E+01
6.00000E+00	2.05056E+01	1.76196E+01
6.00000E+00	2.07865E+01	1.75085E+01
6.00000E+00	2.10674E+01	1.73917E+01
6.00000E+00	2.13483E+01	1.72710E+01
6.00000E+00	2.16292E+01	1.71474E+01
6.00000E+00	2.19101E+01	1.70219E+01
6.00000E+00	2.21910E+01	1.68954E+01
6.00000E+00	2.24719E+01	1.67683E+01
6.00000E+00	2.27528E+01	1.66410E+01
6.00000E+00	2.30337E+01	1.65137E+01
6.00000E+00	2.33146E+01	1.63863E+01
6.00000E+00	2.35955E+01	1.62588E+01
6.00000E+00	2.38764E+01	1.61310E+01
6.00000E+00	2.41573E+01	1.60028E+01
6.00000E+00	2.44382E+01	1.58740E+01
6.00000E+00	2.47191E+01	1.57448E+01
6.00000E+00	2.50000E+01	1.56154E+01
7.00000E+00	0.00000E+00	1.04470E+00
7.00000E+00	2.80899E-01	1.07019E+00
7.00000E+00	5.61798E-01	1.10724E+00
7.00000E+00	8.42697E-01	1.15744E+00
7.00000E+00	1.12360E+00	1.22176E+00
7.00000E+00	1.40449E+00	1.30241E+00
7.00000E+00	1.68539E+00	1.39657E+00
7.00000E+00	1.96629E+00	1.49404E+00
7.00000E+00	2.24719E+00	1.58609E+00
7.00000E+00	2.52809E+00	1.66673E+00
7.00000E+00	2.80899E+00	1.73285E+00
7.00000E+00	3.08989E+00	1.78363E+00
7.00000E+00	3.37079E+00	1.82004E+00
7.00000E+00	3.65169E+00	1.84441E+00
7.00000E+00	3.93258E+00	1.86013E+00
7.00000E+00	4.21348E+00	1.87128E+00
7.00000E+00	4.49438E+00	1.88233E+00
7.00000E+00	4.77528E+00	1.89790E+00
7.00000E+00	5.05618E+00	1.92262E+00
7.00000E+00	5.33708E+00	1.96101E+00
7.00000E+00	5.61798E+00	2.01744E+00
7.00000E+00	5.89888E+00	2.09612E+00
7.00000E+00	6.17978E+00	2.20107E+00
7.00000E+00	6.46067E+00	2.33612E+00
7.00000E+00	6.74157E+00	2.50490E+00
7.00000E+00	7.02247E+00	2.71074E+00
7.00000E+00	7.30337E+00	2.95657E+00
7.00000E+00	7.58427E+00	3.24470E+00
7.00000E+00	7.86517E+00	3.57669E+00
7.00000E+00	8.14607E+00	3.95318E+00
7.00000E+00	8.42697E+00	4.37383E+00
7.00000E+00	8.70787E+00	4.83732E+00
7.00000E+00	8.98876E+00	5.34131E+00
7.00000E+00	9.26966E+00	5.88252E+00
7.00000E+00	9.55056E+00	6.45672E+00
7.00000E+00	9.83146E+00	7.05870E+00
7.00000E+00	1.01124E+01	7.68239E+00
7.00000E+00	1.03933E+01	8.32096E+00
7.00000E+00	1.06742E+01	8.96710E+00
7.00000E+00	1.09551E+01	9.61333E+00
7.00000E+00	1.12360E+01	1.02523E+01
7.00000E+00	1.15169E+01	1.08772E+01
7.00000E+00	1.17978E+01	1.14818E+01
7.00000E+00	1.20787E+01	1.20608E+01
7.00000E+00	1.23596E+01	1.26102E+01
7.00000E+00	1.26404E+01	1.31271E+01
7.00000E+00	1.29213E+01	1.36093E+01
7.00000E+00	1.32022E+01	1.40557E+01
7.00000E+00	1.34831E+01	1.44654E+01
7.00000E+00	1.37640E+01	1.48384E+01
7.00000E+00	1.40449E+01	1.51752E+01
7.00000E+00	1.43258E+01	1.54772E+01
7.00000E+00	1.46067E+01	1.57465E+01
7.00000E+00	1.48876E+01	1.59852E+01
7.00000E+00	1.51685E+01	1.61958E+01
7.00000E+00	1.54494E+01	1.63799E+01
7.00000E+00	1.57303E+01	1.65389E+01
7.00000E+00	1.60112E+01	1.66735E+01
7.00000E+00	1.62921E+01	1.67844E+01
7.00000E+00	1.65730E+01	1.68724E+01
7.00000E+00	1.68539E+01	1.69387E+01
7.00000E+00	1.71348E+01	1.69850E+01
7.00000E+00	1.74157E+01	1.70131E+01
7.00000E+00	1.76966E+01	1.70253E+01
7.00000E+00	1.79775E+01	1.70233E+01
7.00000E+00	1.82584E+01	1.70085E+01
7.00000E+00	1.85393E+01	1.69821E+01
7.00000E+00	1.88202E+01	1.69446E+01
7.00000E+00	1.91011E+01	1.68964E+01
7.00000E+00	1.93820E+01	1.68377E+01
7.00000E+00	1.96629E+01	1.67687E+01
7.00000E+00	1.99438E+01	1.66900E+01
7.00000E+00	2.02247E+01	1.66022E+01
7.00000E+00	2.05056E+01	1.65066E+01
7.00000E+00	2.07865E+01	1.64044E+01
7.00000E+00	2.10674E+01	1.62970E+01
7.00000E+00	2.13483E+01	1.61856E+01
7.00000E+00	2.16292E+01	1.60713E+01
7.00000E+00	2.19101E+01	1.59550E+01
7.00000E+00	2.21910E+01	1.58373E+01
7.00000E+00	2.24719E+01	1.57189E+01
7.00000E+00	2.27528E+01	1.56000E+01
7.00000E+00	2.30337E+01	1.54809E+01
7.00000E+00	2.33146E+01	1.53616E+01
7.00000E+00	2.35955E+01	1.52420E+01
7.00000E+00	2.38764E+01	1.51222E+01
7.00000E+00	2.41573E+01	1.50021E+01
7.00000E+00	2.44382E+01	1.48817E+01
7.00000E+00	2.47191E+01	1.47611E+01
7.00000E+00	2.50000E+01	1.46406E+01
8.00000E+00	0.00000E+00	1.06431E+00
8.00000E+00	2.80899E-01	1.09141E+00
8.00000E+00	5.61798E-01	1.12724E+00
8.00000E+00	8.42697E-01	1.17226E+00
8.00000E+00	1.12360E+00	1.22626E+00
8.00000E+00	1.40449E+00	1.28918E+00
8.00000E+00	1.68539E+00	1.36193E+00
8.00000E+00	1.96629E+00	1.43917E+00
8.00000E+00	2.24719E+00	1.51367E+00
8.00000E+00	2.52809E+00	1.58004E+00
8.00000E+00	2.80899E+00	1.63524E+00
8.00000E+00	3.08989E+00	1.67858E+00
8.00000E+00	3.37079E+00	1.71111E+00
8.00000E+00	3.65169E+00	1.73516E+00
8.00000E+00	3.93258E+00	1.75380E+00
8.00000E+00	4.21348E+00	1.77062E+00
8.00000E+00	4.49438E+00	1.78941E+00
8.00000E+00	4.77528E+00	1.81411E+00
8.00000E+00	5.05618E+00	1.84865E+00
8.00000E+00	5.33708E+00	1.89689E+00
8.00000E+00	5.61798E+00	1.96260E+00
8.00000E+00	5.89888E+00	2.04944E+00
8.00000E+00	6.17978E+00	2.16087E+00
8.00000E+00	6.46067E+00	2.30021E+00
8.00000E+00	6.74157E+00	2.47052E+00
8.00000E+00	7.02247E+00	2.67455E+00
8.00000E+00	7.30337E+00	2.91464E+00
8.00000E+00	7.58427E+00	3.19258E+00
8.00000E+00	7.86517E+00	3.50947E+00
8.00000E+00	8.14607E+00	3.86566E+00
8.00000E+00	8.42697E+00	4.26063E+00
8.00000E+00	8.70787E+00	4.69304E+00
8.00000E+00	8.98876E+00	5.16064E+00
8.00000E+00	9.26966E+00	5.66037E+00
8.00000E+00	9.55056E+00	6.18832E+00
8.00000E+00	9.83146E+00	6.73982E+00
8.00000E+00	1.01124E+01	7.30946E+00
8.00000E+00	1.03933E+01	7.89133E+00
8.00000E+00	1.06742E+01	8.47911E+00
8.00000E+00	1.09551E+01	9.06640E+00
8.00000E+00	1.12360E+01	9.64694E+00
8.00000E+00	1.15169E+01	1.02148E+01
8.00000E+00	1.17978E+01	1.07648E+01
8.00000E+00	1.20787E+01	1.12923E+01
8.00000E+00	1.23596E+01	1.17938E+01
8.00000E+00	1.26404E+01	1.22664E+01
8.00000E+00	1.29213E+01	1.27082E+01
8.00000E+00	1.32022E+01	1.31179E+01
8.00000E+00	1.34831E+01	1.34949E+01
8.00000E+00	1.37640E+01	1.38390E+01
8.00000E+00	1.40449E+01	1.41507E+01
8.00000E+00	1.43258E+01	1.44311E+01
8.00000E+00	1.46067E+01	1.46818E+01
8.00000E+00	1.48876E+01	1.49044E+01
8.00000E+00	1.51685E+01	1.51006E+01
8.00000E+00	1.54494E+01	1.52721E+01
8.00000E+00	1.57303E+01	1.54199E+01
8.00000E+00	1.60112E+01	1.55451E+01
8.00000E+00	1.62921E+01	1.56485E+01
8.00000E+00	1.65730E+01	1.57310E+01
8.00000E+00	1.68539E+01	1.57938E+01
8.00000E+00	1.71348E+01	1.58384E+01
8.00000E+00	1.74157E+01	1.58664E+01
8.00000E+00	1.76966E+01	1.58793E+01
8.00000E+00	1.79775E+01	1.58788E+01
8.00000E+00	1.82584E+01	1.58660E+01
8.00000E+00	1.85393E+01	1.58419E+01
8.00000E+00	1.88202E+01	1.58072E+01
8.00000E+00	1.91011E+01	1.57625E+01
8.00000E+00	1.93820E+01	1.57080E+01
8.00000E+00	1.96629E+01	1.56442E+01
8.00000E+00	1.99438E+01	1.55716E+01
8.00000E+00	2.02247E+01	1.54911E+01
8.00000E+00	2.05056E+01	1.54035E+01
8.00000E+00	2.07865E+01	1.53100E+01
8.00000E+00	2.10674E+01	1.52115E+01
8.00000E+00	2.13483E+01	1.51092E+01
8.00000E+00	2.16292E+01	1.50040E+01
8.00000E+00	2.19101E+01	1.48967E+01
8.00000E+00	2.21910E+01	1.47879E+01
8.00000E+00	2.24719E+01	1.46781E+01
8.00000E+00	2.27528E+01	1.45676E+01
8.00000E+00	2.30337E+01	1.44567E+01
8.00000E+00	2.33146E+01	1.43455E+01
8.00000E+00	2.35955E+01	1.42341E+01
8.00000E+00	2.38764E+01	1.41224E+01
8.00000E+00	2.41573E+01	1.40105E+01
8.00000E+00	2.44382E+01	1.38985E+01
8.00000E+00	2.47191E+01	1.37864E+01
8.00000E+00	2.50000E+01	1.36746E+01
9.00000E+00	0.00000E+00	1.07682E+00
9.00000E+00	2.80899E-01	1.10306E+00
9.00000E+00	5.61798E-01	1.13582E+00
9.00000E+00	8.42697E-01	1.17505E+00
9.00000E+00	1.12360E+00	1.22019E+00
9.00000E+00	1.40449E+00	1.27052E+00
9.00000E+00	1.68539E+00	1.32611E+00
9.00000E+00	1.96629E+00	1.38659E+00
9.00000E+00	2.24719E+00	1.44688E+00
9.00000E+00	2.52809E+00	1.50255E+00
9.00000E+00	2.80899E+00	1.55075E+00
9.00000E+00	3.08989E+00	1.59049E+00
9.00000E+00	3.37079E+00	1.62246E+00
9.00000E+00	3.65169E+00	1.64856E+00
9.00000E+00	3.93258E+00	1.67153E+00
9.00000E+00	4.21348E+00	1.69452E+00
9.00000E+00	4.49438E+00	1.72089E+00
9.00000E+00	4.77528E+00	1.75408E+00
9.00000E+00	5.05618E+00	1.79750E+00
9.00000E+00	5.33708E+00	1.85453E+00
9.00000E+00	5.61798E+00	1.92842E+00
9.00000E+00	5.89888E+00	2.02231E+00
9.00000E+00	6.17978E+00	2.13920E+00
9.00000E+00	6.46067E+00	2.28188E+00
9.00000E+00	6.74157E+00	2.45290E+00
9.00000E+00	7.02247E+00	2.65451E+00
9.00000E+00	7.30337E+00	2.88855E+00
9.00000E+00	7.58427E+00	3.15635E+00
9.00000E+00	7.86517E+00	3.45867E+00
9.00000E+00	8.14607E+00	3.79558E+00
9.00000E+00	8.42697E+00	4.16645E+00
9.00000E+00	8.70787E+00	4.56990E+00
9.00000E+00	8.98876E+00	5.00381E+00
9.00000E+00	9.26966E+00	5.46531E+00
9.00000E+00	9.55056E+00	5.95088E+00
9.00000E+00	9.83146E+00	6.45631E+00
9.00000E+00	1.01124E+01	6.97687E+00
9.00000E+00	1.03933E+01	7.50739E+00
9.00000E+00	1.06742E+01	8.04245E+00
9.00000E+00	1.09551E+01	8.57657E+00
9.00000E+00	1.12360E+01	9.10437E+00
9.00000E+00	1.15169E+01	9.62085E+00
9.00000E+00	1.17978E+01	1.01214E+01
9.00000E+00	1.20787E+01	1.06022E+01
9.00000E+00	1.23596E+01	1.10600E+01
9.00000E+00	1.26404E+01	1.14922E+01
9.00000E+00	1.29213E+01	1.18970E+01
9.00000E+00	1.32022E+01	1.22733E+01
9.00000E+00	1.34831E+01	1.26203E+01
9.00000E+00	1.37640E+01	1.29379E+01
9.00000E+00	1.40449E+01	1.32265E+01
9.00000E+00	1.43258E+01	1.34868E+01
9.00000E+00	1.46067E+01	1.37200E+01
9.00000E+00	1.48876E+01	1.39275E+01
9.00000E+00	1.51685E+01	1.41106E+01
9.00000E+00	1.54494E+01	1.42705E+01
9.00000E+00	1.57303E+01	1.44084E+01
9.00000E+00	1.60112E+01	1.45253E+01
9.00000E+00	1.62921E+01	1.46221E+01
9.00000E+00	1.65730E+01	1.46997E+01
9.00000E+00	1.68539E+01	1.47594E+01
9.00000E+00	1.71348E+01	1.48024E+01
9.00000E+00	1.74157E+01	1.48299E+01
9.00000E+00	1.76966E+01	1.48434E+01
9.00000E+00	1.79775E+01	1.48441E+01
9.00000E+00	1.82584E+01	1.48332E+01
9.00000E+00	1.85393E+01	1.48114E+01
9.00000E+00	1.88202E+01	1.47796E+01
9.00000E+00	1.91011E+01	1.47382E+01
9.00000E+00	1.93820E+01	1.46878E+01
9.00000E+00	1.96629E+01	1.46290E+01
9.00000E+00	1.99438E+01	1.45622E+01
9.00000E+00	2.02247E+01	1.44882E+01
9.00000E+00	2.05056E+01	1.44078E+01
9.00000E+00	2.07865E+01	1.43220E+01
9.00000E+00	2.10674E+01	1.42315E+01
9.00000E+00	2.13483E+01	1.41374E+01
9.00000E+00	2.16292E+01	1.40404E+01
9.00000E+00	2.19101E+01	1.39413E+01
9.00000E+00	2.21910E+01	1.38405E+01
9.00000E+00	2.24719E+01	1.37386E+01
9.00000E+00	2.27528E+01	1.36359E+01
9.00000E+00	2.30337E+01	1.35326E+01
9.00000E+00	2.33146E+01	1.34289E+01
9.00000E+00	2.35955E+01	1.33249E+01
9.00000E+00	2.38764E+01	1.32207E+01
9.00000E+00	2.41573E+01	1.31164E+01
9.00000E+00	2.44382E+01	1.30119E+01
9.00000E+00	2.47191E+01	1.29077E+01
9.00000E+00	2.50000E+01	1.28037E+01
1.00000E+01	0.00000E+00	1.08448E+00
1.00000E+01	2.80899E-01	1.10887E+00
1.00000E+01	5.61798E-01	1.13815E+00
1.00000E+01	8.42697E-01	1.17209E+00
1.00000E+01	1.12360E+00	1.21007E+00
1.00000E+01	1.40449E+00	1.25131E+00
1.00000E+01	1.68539E+00	1.29532E+00
1.00000E+01	1.96629E+00	1.34266E+00
1.00000E+01	2.24719E+00	1.39186E+00
1.00000E+01	2.52809E+00	1.43942E+00
1.00000E+01	2.80899E+00	1.48294E+00
1.00000E+01	3.08989E+00	1.52130E+00
1.00000E+01	3.37079E+00	1.55471E+00
1.00000E+01	3.65169E+00	1.58455E+00
1.00000E+01	3.93258E+00	1.61302E+00
1.00000E+01	4.21348E+00	1.64281E+00
1.00000E+01	4.49438E+00	1.67687E+00
1.00000E+01	4.77528E+00	1.71824E+00
1.00000E+01	5.05618E+00	1.76993E+00
1.00000E+01	5.33708E+00	1.83491E+00
1.00000E+01	5.61798E+00	1.91603E+00
1.00000E+01	5.89888E+00	2.01600E+00
1.00000E+01	6.17978E+00	2.13739E+00
1.00000E+01	6.46067E+00	2.28255E+00
1.00000E+01	6.74157E+00	2.45359E+00
1.00000E+01	7.02247E+00	2.65234E+00
1.00000E+01	7.30337E+00	2.88021E+00
1.00000E+01	7.58427E+00	3.13817E+00
1.00000E+01	7.86517E+00	3.42670E+00
1.00000E+01	8.14607E+00	3.74566E+00
1.00000E+01	8.42697E+00	4.09432E+00
1.00000E+01	8.70787E+00	4.47130E+00
1.00000E+01	8.98876E+00	4.87460E+00
1.00000E+01	9.26966E+00	5.30158E+00
1.00000E+01	9.55056E+00	5.74905E+00
1.00000E+01	9.83146E+00	6.21328E+00
1.00000E+01	1.01124E+01	6.69009E+00
1.00000E+01	1.03933E+01	7.17499E+00
1.00000E+01	1.06742E+01	7.66330E+00
1.00000E+01	1.09551E+01	8.15031E+00
1.00000E+01	1.12360E+01	8.63143E+00
1.00000E+01	1.15169E+01	9.10233E+00
1.00000E+01	1.17978E+01	9.55908E+00
1.00000E+01	1.20787E+01	9.99829E+00
1.00000E+01	1.23596E+01	1.04171E+01
1.00000E+01	1.26404E+01	1.08132E+01
1.00000E+01	1.29213E+01	1.11850E+01
1.00000E+01	1.32022E+01	1.15313E+01
1.00000E+01	1.34831E+01	1.18514E+01
1.00000E+01	1.37640E+01	1.21451E+01
1.00000E+01	1.40449E+01	1.24127E+01
1.00000E+01	1.43258E+01	1.26548E+01
1.00000E+01	1.46067E+01	1.28722E+01
1.00000E+01	1.48876E+01	1.30659E+01
1.00000E+01	1.51685E+01	1.32370E+01
1.00000E+01	1.54494E+01	1.33867E+01
1.00000E+01	1.57303E+01	1.35158E+01
1.00000E+01	1.60112E+01	1.36255E+01
1.00000E+01	1.62921E+01	1.37165E+01
1.00000E+01	1.65730E+01	1.37900E+01
1.00000E+01	1.68539E+01	1.38468E+01
1.00000E+01	1.71348E+01	1.38882E+01
1.00000E+01	1.74157E+01	1.39153E+01
1.00000E+01	1.76966E+01	1.39292E+01
1.00000E+01	1.79775E+01	1.39311E+01
1.00000E+01	1.82584E+01	1.39218E+01
1.00000E+01	1.85393E+01	1.39022E+01
1.00000E+01	1.88202E+01	1.38731E+01
1.00000E+01	1.91011E+01	1.38351E+01
1.00000E+01	1.93820E+01	1.37886E+01
1.00000E+01	1.96629E+01	1.37343E+01
1.00000E+01	1.99438E+01	1.36727E+01
1.00000E+01	2.02247E+01	1.36045E+01
1.00000E+01	2.05056E+01	1.35306E+01
1.00000E+01	2.07865E+01	1.34515E+01
1.00000E+01	2.10674E+01	1.33681E+01
1.00000E+01	2.13483E+01	1.32813E+01
1.00000E+01	2.16292E+01	1.31916E+01
1.00000E+01	2.19101E+01	1.30997E+01
1.00000E+01	2.21910E+01	1.30061E+01
1.00000E+01	2.24719E+01	1.29112E+01
1.00000E+01	2.27528E+01	1.28154E+01
1.00000E+01	2.30337E+01	1.27190E+01
1.00000E+01	2.33146E+01	1.26221E+01
1.00000E+01	2.35955E+01	1.25248E+01
1.00000E+01	2.38764E+01	1.24273E+01
1.00000E+01	2.41573E+01	1.23297E+01
1.00000E+01	2.44382E+01	1.22321E+01
1.00000E+01	2.47191E+01	1.21347E+01
1.00000E+01	2.50000E+01	1.20377E+01
