1.00000E-04	0.00000E+00	9.36988E-01
1.00000E-04	2.80899E-01	1.64574E-01
1.00000E-04	5.61798E-01	1.44307E-01
1.00000E-04	8.42697E-01	1.28355E-01
1.00000E-04	1.12360E+00	1.22668E-01
1.00000E-04	1.40449E+00	1.25081E-01
1.00000E-04	1.68539E+00	1.25903E-01
1.00000E-04	1.96629E+00	1.27685E-01
1.00000E-04	2.24719E+00	1.32649E-01
1.00000E-04	2.52809E+00	1.41505E-01
1.00000E-04	2.80899E+00	1.54425E-01
1.00000E-04	3.08989E+00	1.72118E-01
1.00000E-04	3.37079E+00	1.95784E-01
1.00000E-04	3.65169E+00	2.18061E-01
1.00000E-04	3.93258E+00	2.26554E-01
1.00000E-04	4.21348E+00	2.25043E-01
1.00000E-04	4.49438E+00	2.17759E-01
1.00000E-04	4.77528E+00	2.07888E-01
1.00000E-04	5.05618E+00	1.97202E-01
1.00000E-04	5.33708E+00	1.86633E-01
1.00000E-04	5.61798E+00	1.76482E-01
1.00000E-04	5.89888E+00	1.67047E-01
1.00000E-04	6.17978E+00	1.58330E-01
1.00000E-04	6.46067E+00	1.50322E-01
1.00000E-04	6.74157E+00	1.43032E-01
1.00000E-04	7.02247E+00	1.36411E-01
1.00000E-04	7.30337E+00	1.30524E-01
1.00000E-04	7.58427E+00	1.25321E-01
1.00000E-04	7.86517E+00	1.20836E-01
1.00000E-04	8.14607E+00	1.16993E-01
1.00000E-04	8.42697E+00	1.13804E-01
1.00000E-04	8.70787E+00	1.11205E-01
1.00000E-04	8.98876E+00	1.09203E-01
1.00000E-04	9.26966E+00	1.07833E-01
1.00000E-04	9.55056E+00	1.06945E-01
1.00000E-04	9.83146E+00	1.06661E-01
1.00000E-04	1.01124E+01	1.06780E-01
1.00000E-04	1.03933E+01	1.07424E-01
1.00000E-04	1.06742E+01	1.08413E-01
1.00000E-04	1.09551E+01	1.09777E-01
1.00000E-04	1.12360E+01	1.11517E-01
1.00000E-04	1.15169E+01	1.13423E-01
1.00000E-04	1.17978E+01	1.15534E-01
1.00000E-04	1.20787E+01	1.17900E-01
1.00000E-04	1.23596E+01	1.20389E-01
1.00000E-04	1.26404E+01	1.22802E-01
1.00000E-04	1.29213E+01	1.25325E-01
1.00000E-04	1.32022E+01	1.27839E-01
1.00000E-04	1.34831E+01	1.30275E-01
1.00000E-04	1.37640E+01	1.32672E-01
1.00000E-04	1.40449E+01	1.35138E-01
1.00000E-04	1.43258E+01	1.37350E-01
1.00000E-04	1.46067E+01	1.39439E-01
1.00000E-04	1.48876E+01	1.41298E-01
1.00000E-04	1.51685E+01	1.43001E-01
1.00000E-04	1.54494E+01	1.44613E-01
1.00000E-04	1.57303E+01	1.46069E-01
1.00000E-04	1.60112E+01	1.47359E-01
1.00000E-04	1.62921E+01	1.48573E-01
1.00000E-04	1.65730E+01	1.49619E-01
1.00000E-04	1.68539E+01	1.50364E-01
1.00000E-04	1.71348E+01	1.51050E-01
1.00000E-04	1.74157E+01	1.51429E-01
1.00000E-04	1.76966E+01	1.51702E-01
1.00000E-04	1.79775E+01	1.51895E-01
1.00000E-04	1.82584E+01	1.52068E-01
1.00000E-04	1.85393E+01	1.51947E-01
1.00000E-04	1.88202E+01	1.51765E-01
1.00000E-04	1.91011E+01	1.51529E-01
1.00000E-04	1.93820E+01	1.51102E-01
1.00000E-04	1.96629E+01	1.50576E-01
1.00000E-04	1.99438E+01	1.49957E-01
1.00000E-04	2.02247E+01	1.49199E-01
1.00000E-04	2.05056E+01	1.48357E-01
1.00000E-04	2.07865E+01	1.47509E-01
1.00000E-04	2.10674E+01	1.46499E-01
1.00000E-04	2.13483E+01	1.45569E-01
1.00000E-04	2.16292E+01	1.44510E-01
1.00000E-04	2.19101E+01	1.43447E-01
1.00000E-04	2.21910E+01	1.42389E-01
1.00000E-04	2.24719E+01	1.41262E-01
1.00000E-04	2.27528E+01	1.40079E-01
1.00000E-04	2.30337E+01	1.38949E-01
1.00000E-04	2.33146E+01	1.37786E-01
1.00000E-04	2.35955E+01	1.36587E-01
1.00000E-04	2.38764E+01	1.35417E-01
1.00000E-04	2.41573E+01	1.34314E-01
1.00000E-04	2.44382E+01	1.33170E-01
1.00000E-04	2.47191E+01	1.32068E-01
1.00000E-04	2.50000E+01	1.30963E-01
5.00000E-04	0.00000E+00	9.22378E-01
5.00000E-04	2.80899E-01	3.26749E-01
5.00000E-04	5.61798E-01	2.86556E-01
5.00000E-04	8.42697E-01	2.54903E-01
5.00000E-04	1.12360E+00	2.43546E-01
5.00000E-04	1.40449E+00	2.48377E-01
5.00000E-04	1.68539E+00	2.50009E-01
5.00000E-04	1.96629E+00	2.53548E-01
5.00000E-04	2.24719E+00	2.63405E-01
5.00000E-04	2.52809E+00	2.80991E-01
5.00000E-04	2.80899E+00	3.06645E-01
5.00000E-04	3.08989E+00	3.41811E-01
5.00000E-04	3.37079E+00	3.88775E-01
5.00000E-04	3.65169E+00	4.33002E-01
5.00000E-04	3.93258E+00	4.49880E-01
5.00000E-04	4.21348E+00	4.46815E-01
5.00000E-04	4.49438E+00	4.32409E-01
5.00000E-04	4.77528E+00	4.12809E-01
5.00000E-04	5.05618E+00	3.91590E-01
5.00000E-04	5.33708E+00	3.70602E-01
5.00000E-04	5.61798E+00	3.50444E-01
5.00000E-04	5.89888E+00	3.31710E-01
5.00000E-04	6.17978E+00	3.14401E-01
5.00000E-04	6.46067E+00	2.98499E-01
5.00000E-04	6.74157E+00	2.84023E-01
5.00000E-04	7.02247E+00	2.70876E-01
5.00000E-04	7.30337E+00	2.59186E-01
5.00000E-04	7.58427E+00	2.48853E-01
5.00000E-04	7.86517E+00	2.39947E-01
5.00000E-04	8.14607E+00	2.32315E-01
5.00000E-04	8.42697E+00	2.25983E-01
5.00000E-04	8.70787E+00	2.20823E-01
5.00000E-04	8.98876E+00	2.16871E-01
5.00000E-04	9.26966E+00	2.14126E-01
5.00000E-04	9.55056E+00	2.12363E-01
5.00000E-04	9.83146E+00	2.11799E-01
5.00000E-04	1.01124E+01	2.12037E-01
5.00000E-04	1.03933E+01	2.13298E-01
5.00000E-04	1.06742E+01	2.15278E-01
5.00000E-04	1.09551E+01	2.17987E-01
5.00000E-04	1.12360E+01	2.21443E-01
5.00000E-04	1.15169E+01	2.25228E-01
5.00000E-04	1.17978E+01	2.29420E-01
5.00000E-04	1.20787E+01	2.34117E-01
5.00000E-04	1.23596E+01	2.39060E-01
5.00000E-04	1.26404E+01	2.43850E-01
5.00000E-04	1.29213E+01	2.48862E-01
5.00000E-04	1.32022E+01	2.53854E-01
5.00000E-04	1.34831E+01	2.58690E-01
5.00000E-04	1.37640E+01	2.63450E-01
5.00000E-04	1.40449E+01	2.68347E-01
5.00000E-04	1.43258E+01	2.72739E-01
5.00000E-04	1.46067E+01	2.76888E-01
5.00000E-04	1.48876E+01	2.80580E-01
5.00000E-04	1.51685E+01	2.83961E-01
5.00000E-04	1.54494E+01	2.87161E-01
5.00000E-04	1.57303E+01	2.90054E-01
5.00000E-04	1.60112E+01	2.92615E-01
5.00000E-04	1.62921E+01	2.95025E-01
5.00000E-04	1.65730E+01	2.97103E-01
5.00000E-04	1.68539E+01	2.98582E-01
5.00000E-04	1.71348E+01	2.99944E-01
5.00000E-04	1.74157E+01	3.00697E-01
5.00000E-04	1.76966E+01	3.01239E-01
5.00000E-04	1.79775E+01	3.01621E-01
5.00000E-04	1.82584E+01	3.01966E-01
5.00000E-04	1.85393E+01	3.01725E-01
5.00000E-04	1.88202E+01	3.01364E-01
5.00000E-04	1.91011E+01	3.00895E-01
5.00000E-04	1.93820E+01	3.00047E-01
5.00000E-04	1.96629E+01	2.99003E-01
5.00000E-04	1.99438E+01	2.97753E-01
5.00000E-04	2.02247E+01	2.96269E-01
5.00000E-04	2.05056E+01	2.94597E-01
5.00000E-04	2.07865E+01	2.92912E-01
5.00000E-04	2.10674E+01	2.90908E-01
5.00000E-04	2.13483E+01	2.89061E-01
5.00000E-04	2.16292E+01	2.86958E-01
5.00000E-04	2.19101E+01	2.84847E-01
5.00000E-04	2.21910E+01	2.82745E-01
5.00000E-04	2.24719E+01	2.80509E-01
5.00000E-04	2.27528E+01	2.78159E-01
5.00000E-04	2.30337E+01	2.75916E-01
5.00000E-04	2.33146E+01	2.73606E-01
5.00000E-04	2.35955E+01	2.71224E-01
5.00000E-04	2.38764E+01	2.68901E-01
5.00000E-04	2.41573E+01	2.66710E-01
5.00000E-04	2.44382E+01	2.64439E-01
5.00000E-04	2.47191E+01	2.62251E-01
5.00000E-04	2.50000E+01	2.60056E-01
1.00000E-03	0.00000E+00	9.27260E-01
1.00000E-03	2.80899E-01	4.36988E-01
1.00000E-03	5.61798E-01	3.83239E-01
1.00000E-03	8.42697E-01	3.40929E-01
1.00000E-03	1.12360E+00	3.25674E-01
1.00000E-03	1.40449E+00	3.32164E-01
1.00000E-03	1.68539E+00	3.34362E-01
1.00000E-03	1.96629E+00	3.39093E-01
1.00000E-03	2.24719E+00	3.52274E-01
1.00000E-03	2.52809E+00	3.75793E-01
1.00000E-03	2.80899E+00	4.10106E-01
1.00000E-03	3.08989E+00	4.57226E-01
1.00000E-03	3.37079E+00	5.19960E-01
1.00000E-03	3.65169E+00	5.79024E-01
1.00000E-03	3.93258E+00	6.01720E-01
1.00000E-03	4.21348E+00	5.97535E-01
1.00000E-03	4.49438E+00	5.78289E-01
1.00000E-03	4.77528E+00	5.52082E-01
1.00000E-03	5.05618E+00	5.23718E-01
1.00000E-03	5.33708E+00	4.95641E-01
1.00000E-03	5.61798E+00	4.68683E-01
1.00000E-03	5.89888E+00	4.43622E-01
1.00000E-03	6.17978E+00	4.20478E-01
1.00000E-03	6.46067E+00	3.99211E-01
1.00000E-03	6.74157E+00	3.79849E-01
1.00000E-03	7.02247E+00	3.62268E-01
1.00000E-03	7.30337E+00	3.46635E-01
1.00000E-03	7.58427E+00	3.32814E-01
1.00000E-03	7.86517E+00	3.20904E-01
1.00000E-03	8.14607E+00	3.10698E-01
1.00000E-03	8.42697E+00	3.02229E-01
1.00000E-03	8.70787E+00	2.95328E-01
1.00000E-03	8.98876E+00	2.90048E-01
1.00000E-03	9.26966E+00	2.86371E-01
1.00000E-03	9.55056E+00	2.84013E-01
1.00000E-03	9.83146E+00	2.83259E-01
1.00000E-03	1.01124E+01	2.83577E-01
1.00000E-03	1.03933E+01	2.85261E-01
1.00000E-03	1.06742E+01	2.87912E-01
1.00000E-03	1.09551E+01	2.91535E-01
1.00000E-03	1.12360E+01	2.96157E-01
1.00000E-03	1.15169E+01	3.01219E-01
1.00000E-03	1.17978E+01	3.06825E-01
1.00000E-03	1.20787E+01	3.13106E-01
1.00000E-03	1.23596E+01	3.19717E-01
1.00000E-03	1.26404E+01	3.26124E-01
1.00000E-03	1.29213E+01	3.32828E-01
1.00000E-03	1.32022E+01	3.39503E-01
1.00000E-03	1.34831E+01	3.45970E-01
1.00000E-03	1.37640E+01	3.52337E-01
1.00000E-03	1.40449E+01	3.58886E-01
1.00000E-03	1.43258E+01	3.64760E-01
1.00000E-03	1.46067E+01	3.70309E-01
1.00000E-03	1.48876E+01	3.75246E-01
1.00000E-03	1.51685E+01	3.79768E-01
1.00000E-03	1.54494E+01	3.84048E-01
1.00000E-03	1.57303E+01	3.87916E-01
1.00000E-03	1.60112E+01	3.91343E-01
1.00000E-03	1.62921E+01	3.94565E-01
1.00000E-03	1.65730E+01	3.97344E-01
1.00000E-03	1.68539E+01	3.99322E-01
1.00000E-03	1.71348E+01	4.01144E-01
1.00000E-03	1.74157E+01	4.02157E-01
1.00000E-03	1.76966E+01	4.02875E-01
1.00000E-03	1.79775E+01	4.03387E-01
1.00000E-03	1.82584E+01	4.03848E-01
1.00000E-03	1.85393E+01	4.03526E-01
1.00000E-03	1.88202E+01	4.03042E-01
1.00000E-03	1.91011E+01	4.02420E-01
1.00000E-03	1.93820E+01	4.01282E-01
1.00000E-03	1.96629E+01	3.99885E-01
1.00000E-03	1.99438E+01	3.98170E-01
1.00000E-03	2.02247E+01	3.96228E-01
1.00000E-03	2.05056E+01	3.93992E-01
1.00000E-03	2.07865E+01	3.91739E-01
1.00000E-03	2.10674E+01	3.89058E-01
1.00000E-03	2.13483E+01	3.86588E-01
1.00000E-03	2.16292E+01	3.83777E-01
1.00000E-03	2.19101E+01	3.80953E-01
1.00000E-03	2.21910E+01	3.78142E-01
1.00000E-03	2.24719E+01	3.75151E-01
1.00000E-03	2.27528E+01	3.72008E-01
1.00000E-03	2.30337E+01	3.69008E-01
1.00000E-03	2.33146E+01	3.65920E-01
1.00000E-03	2.35955E+01	3.62734E-01
1.00000E-03	2.38764E+01	3.59627E-01
1.00000E-03	2.41573E+01	3.56697E-01
1.00000E-03	2.44382E+01	3.53659E-01
1.00000E-03	2.47191E+01	3.50733E-01
1.00000E-03	2.50000E+01	3.47797E-01
5.00000E-03	0.00000E+00	9.56560E-01
5.00000E-03	2.80899E-01	7.48837E-01
5.00000E-03	5.61798E-01	6.56727E-01
5.00000E-03	8.42697E-01	5.84226E-01
5.00000E-03	1.12360E+00	5.58032E-01
5.00000E-03	1.40449E+00	5.69146E-01
5.00000E-03	1.68539E+00	5.72978E-01
5.00000E-03	1.96629E+00	5.81052E-01
5.00000E-03	2.24719E+00	6.03601E-01
5.00000E-03	2.52809E+00	6.43958E-01
5.00000E-03	2.80899E+00	7.02754E-01
5.00000E-03	3.08989E+00	7.83732E-01
5.00000E-03	3.37079E+00	8.91090E-01
5.00000E-03	3.65169E+00	9.91857E-01
5.00000E-03	3.93258E+00	1.03140E+00
5.00000E-03	4.21348E+00	1.02390E+00
5.00000E-03	4.49438E+00	9.90809E-01
5.00000E-03	4.77528E+00	9.45975E-01
5.00000E-03	5.05618E+00	8.97514E-01
5.00000E-03	5.33708E+00	8.49319E-01
5.00000E-03	5.61798E+00	8.03162E-01
5.00000E-03	5.89888E+00	7.60164E-01
5.00000E-03	6.17978E+00	7.20521E-01
5.00000E-03	6.46067E+00	6.84099E-01
5.00000E-03	6.74157E+00	6.50882E-01
5.00000E-03	7.02247E+00	6.20771E-01
5.00000E-03	7.30337E+00	5.94001E-01
5.00000E-03	7.58427E+00	5.70316E-01
5.00000E-03	7.86517E+00	5.49919E-01
5.00000E-03	8.14607E+00	5.32389E-01
5.00000E-03	8.42697E+00	5.17903E-01
5.00000E-03	8.70787E+00	5.06082E-01
5.00000E-03	8.98876E+00	4.97040E-01
5.00000E-03	9.26966E+00	4.90705E-01
5.00000E-03	9.55056E+00	4.86691E-01
5.00000E-03	9.83146E+00	4.85383E-01
5.00000E-03	1.01124E+01	4.85930E-01
5.00000E-03	1.03933E+01	4.88826E-01
5.00000E-03	1.06742E+01	4.93371E-01
5.00000E-03	1.09551E+01	4.99584E-01
5.00000E-03	1.12360E+01	5.07381E-01
5.00000E-03	1.15169E+01	5.16106E-01
5.00000E-03	1.17978E+01	5.25785E-01
5.00000E-03	1.20787E+01	5.36397E-01
5.00000E-03	1.23596E+01	5.47869E-01
5.00000E-03	1.26404E+01	5.58860E-01
5.00000E-03	1.29213E+01	5.70493E-01
5.00000E-03	1.32022E+01	5.81777E-01
5.00000E-03	1.34831E+01	5.92936E-01
5.00000E-03	1.37640E+01	6.03903E-01
5.00000E-03	1.40449E+01	6.14992E-01
5.00000E-03	1.43258E+01	6.25062E-01
5.00000E-03	1.46067E+01	6.34570E-01
5.00000E-03	1.48876E+01	6.43047E-01
5.00000E-03	1.51685E+01	6.50780E-01
5.00000E-03	1.54494E+01	6.58114E-01
5.00000E-03	1.57303E+01	6.64737E-01
5.00000E-03	1.60112E+01	6.70617E-01
5.00000E-03	1.62921E+01	6.76156E-01
5.00000E-03	1.65730E+01	6.80877E-01
5.00000E-03	1.68539E+01	6.84287E-01
5.00000E-03	1.71348E+01	6.87409E-01
5.00000E-03	1.74157E+01	6.89253E-01
5.00000E-03	1.76966E+01	6.90405E-01
5.00000E-03	1.79775E+01	6.91253E-01
5.00000E-03	1.82584E+01	6.92031E-01
5.00000E-03	1.85393E+01	6.91491E-01
5.00000E-03	1.88202E+01	6.90669E-01
5.00000E-03	1.91011E+01	6.89615E-01
5.00000E-03	1.93820E+01	6.87646E-01
5.00000E-03	1.96629E+01	6.85252E-01
5.00000E-03	1.99438E+01	6.82215E-01
5.00000E-03	2.02247E+01	6.78986E-01
5.00000E-03	2.05056E+01	6.75161E-01
5.00000E-03	2.07865E+01	6.71276E-01
5.00000E-03	2.10674E+01	6.66700E-01
5.00000E-03	2.13483E+01	6.62466E-01
5.00000E-03	2.16292E+01	6.57649E-01
5.00000E-03	2.19101E+01	6.52810E-01
5.00000E-03	2.21910E+01	6.47992E-01
5.00000E-03	2.24719E+01	6.42868E-01
5.00000E-03	2.27528E+01	6.37481E-01
5.00000E-03	2.30337E+01	6.32336E-01
5.00000E-03	2.33146E+01	6.27037E-01
5.00000E-03	2.35955E+01	6.21589E-01
5.00000E-03	2.38764E+01	6.16270E-01
5.00000E-03	2.41573E+01	6.11224E-01
5.00000E-03	2.44382E+01	6.06038E-01
5.00000E-03	2.47191E+01	6.01025E-01
5.00000E-03	2.50000E+01	5.95994E-01
1.00000E-02	0.00000E+00	9.73264E-01
1.00000E-02	2.80899E-01	8.55136E-01
1.00000E-02	5.61798E-01	7.49937E-01
1.00000E-02	8.42697E-01	6.67127E-01
1.00000E-02	1.12360E+00	6.37234E-01
1.00000E-02	1.40449E+00	6.49925E-01
1.00000E-02	1.68539E+00	6.54301E-01
1.00000E-02	1.96629E+00	6.63520E-01
1.00000E-02	2.24719E+00	6.89269E-01
1.00000E-02	2.52809E+00	7.35355E-01
1.00000E-02	2.80899E+00	8.02496E-01
1.00000E-02	3.08989E+00	8.94974E-01
1.00000E-02	3.37079E+00	1.01756E+00
1.00000E-02	3.65169E+00	1.13260E+00
1.00000E-02	3.93258E+00	1.17781E+00
1.00000E-02	4.21348E+00	1.16923E+00
1.00000E-02	4.49438E+00	1.13140E+00
1.00000E-02	4.77528E+00	1.08022E+00
1.00000E-02	5.05618E+00	1.02490E+00
1.00000E-02	5.33708E+00	9.69853E-01
1.00000E-02	5.61798E+00	9.17163E-01
1.00000E-02	5.89888E+00	8.68048E-01
1.00000E-02	6.17978E+00	8.22771E-01
1.00000E-02	6.46067E+00	7.81194E-01
1.00000E-02	6.74157E+00	7.43252E-01
1.00000E-02	7.02247E+00	7.08870E-01
1.00000E-02	7.30337E+00	6.78307E-01
1.00000E-02	7.58427E+00	6.51260E-01
1.00000E-02	7.86517E+00	6.27974E-01
1.00000E-02	8.14607E+00	6.07917E-01
1.00000E-02	8.42697E+00	5.91393E-01
1.00000E-02	8.70787E+00	5.77917E-01
1.00000E-02	8.98876E+00	5.67586E-01
1.00000E-02	9.26966E+00	5.60319E-01
1.00000E-02	9.55056E+00	5.55763E-01
1.00000E-02	9.83146E+00	5.54228E-01
1.00000E-02	1.01124E+01	5.54851E-01
1.00000E-02	1.03933E+01	5.58207E-01
1.00000E-02	1.06742E+01	5.63367E-01
1.00000E-02	1.09551E+01	5.70530E-01
1.00000E-02	1.12360E+01	5.79281E-01
1.00000E-02	1.15169E+01	5.89266E-01
1.00000E-02	1.17978E+01	6.00403E-01
1.00000E-02	1.20787E+01	6.12438E-01
1.00000E-02	1.23596E+01	6.25564E-01
1.00000E-02	1.26404E+01	6.38242E-01
1.00000E-02	1.29213E+01	6.51553E-01
1.00000E-02	1.32022E+01	6.64355E-01
1.00000E-02	1.34831E+01	6.77187E-01
1.00000E-02	1.37640E+01	6.89735E-01
1.00000E-02	1.40449E+01	7.02232E-01
1.00000E-02	1.43258E+01	7.13809E-01
1.00000E-02	1.46067E+01	7.24634E-01
1.00000E-02	1.48876E+01	7.34370E-01
1.00000E-02	1.51685E+01	7.43153E-01
1.00000E-02	1.54494E+01	7.51518E-01
1.00000E-02	1.57303E+01	7.59032E-01
1.00000E-02	1.60112E+01	7.65838E-01
1.00000E-02	1.62921E+01	7.72164E-01
1.00000E-02	1.65730E+01	7.77439E-01
1.00000E-02	1.68539E+01	7.81411E-01
1.00000E-02	1.71348E+01	7.84971E-01
1.00000E-02	1.74157E+01	7.87110E-01
1.00000E-02	1.76966E+01	7.88426E-01
1.00000E-02	1.79775E+01	7.89362E-01
1.00000E-02	1.82584E+01	7.90164E-01
1.00000E-02	1.85393E+01	7.89640E-01
1.00000E-02	1.88202E+01	7.88733E-01
1.00000E-02	1.91011E+01	7.87491E-01
1.00000E-02	1.93820E+01	7.85264E-01
1.00000E-02	1.96629E+01	7.82509E-01
1.00000E-02	1.99438E+01	7.79026E-01
1.00000E-02	2.02247E+01	7.75339E-01
1.00000E-02	2.05056E+01	7.71011E-01
1.00000E-02	2.07865E+01	7.66478E-01
1.00000E-02	2.10674E+01	7.61337E-01
1.00000E-02	2.13483E+01	7.56488E-01
1.00000E-02	2.16292E+01	7.51001E-01
1.00000E-02	2.19101E+01	7.45464E-01
1.00000E-02	2.21910E+01	7.39961E-01
1.00000E-02	2.24719E+01	7.34107E-01
1.00000E-02	2.27528E+01	7.27964E-01
1.00000E-02	2.30337E+01	7.22053E-01
1.00000E-02	2.33146E+01	7.16005E-01
1.00000E-02	2.35955E+01	7.09813E-01
1.00000E-02	2.38764E+01	7.03759E-01
1.00000E-02	2.41573E+01	6.97933E-01
1.00000E-02	2.44382E+01	6.92053E-01
1.00000E-02	2.47191E+01	6.86326E-01
1.00000E-02	2.50000E+01	6.80583E-01
5.00000E-02	0.00000E+00	9.78927E-01
5.00000E-02	2.80899E-01	1.07754E+00
5.00000E-02	5.61798E-01	9.44504E-01
5.00000E-02	8.42697E-01	8.39861E-01
5.00000E-02	1.12360E+00	8.02554E-01
5.00000E-02	1.40449E+00	8.18515E-01
5.00000E-02	1.68539E+00	8.24029E-01
5.00000E-02	1.96629E+00	8.35640E-01
5.00000E-02	2.24719E+00	8.68071E-01
5.00000E-02	2.52809E+00	9.26114E-01
5.00000E-02	2.80899E+00	1.01067E+00
5.00000E-02	3.08989E+00	1.12714E+00
5.00000E-02	3.37079E+00	1.28152E+00
5.00000E-02	3.65169E+00	1.42635E+00
5.00000E-02	3.93258E+00	1.48329E+00
5.00000E-02	4.21348E+00	1.47249E+00
5.00000E-02	4.49438E+00	1.42485E+00
5.00000E-02	4.77528E+00	1.36041E+00
5.00000E-02	5.05618E+00	1.29074E+00
5.00000E-02	5.33708E+00	1.22141E+00
5.00000E-02	5.61798E+00	1.15506E+00
5.00000E-02	5.89888E+00	1.09320E+00
5.00000E-02	6.17978E+00	1.03618E+00
5.00000E-02	6.46067E+00	9.83821E-01
5.00000E-02	6.74157E+00	9.36034E-01
5.00000E-02	7.02247E+00	8.92736E-01
5.00000E-02	7.30337E+00	8.54247E-01
5.00000E-02	7.58427E+00	8.20186E-01
5.00000E-02	7.86517E+00	7.90859E-01
5.00000E-02	8.14607E+00	7.65583E-01
5.00000E-02	8.42697E+00	7.44780E-01
5.00000E-02	8.70787E+00	7.27827E-01
5.00000E-02	8.98876E+00	7.14811E-01
5.00000E-02	9.26966E+00	7.05647E-01
5.00000E-02	9.55056E+00	6.99916E-01
5.00000E-02	9.83146E+00	6.97956E-01
5.00000E-02	1.01124E+01	6.98737E-01
5.00000E-02	1.03933E+01	7.03002E-01
5.00000E-02	1.06742E+01	7.09426E-01
5.00000E-02	1.09551E+01	7.18636E-01
5.00000E-02	1.12360E+01	7.29440E-01
5.00000E-02	1.15169E+01	7.42045E-01
5.00000E-02	1.17978E+01	7.56136E-01
5.00000E-02	1.20787E+01	7.71243E-01
5.00000E-02	1.23596E+01	7.87668E-01
5.00000E-02	1.26404E+01	8.03945E-01
5.00000E-02	1.29213E+01	8.20605E-01
5.00000E-02	1.32022E+01	8.36679E-01
5.00000E-02	1.34831E+01	8.52908E-01
5.00000E-02	1.37640E+01	8.68744E-01
5.00000E-02	1.40449E+01	8.84245E-01
5.00000E-02	1.43258E+01	8.99036E-01
5.00000E-02	1.46067E+01	9.12498E-01
5.00000E-02	1.48876E+01	9.24892E-01
5.00000E-02	1.51685E+01	9.35938E-01
5.00000E-02	1.54494E+01	9.46378E-01
5.00000E-02	1.57303E+01	9.55808E-01
5.00000E-02	1.60112E+01	9.64585E-01
5.00000E-02	1.62921E+01	9.72464E-01
5.00000E-02	1.65730E+01	9.79001E-01
5.00000E-02	1.68539E+01	9.84110E-01
5.00000E-02	1.71348E+01	9.88421E-01
5.00000E-02	1.74157E+01	9.91282E-01
5.00000E-02	1.76966E+01	9.92940E-01
5.00000E-02	1.79775E+01	9.94088E-01
5.00000E-02	1.82584E+01	9.94835E-01
5.00000E-02	1.85393E+01	9.94484E-01
5.00000E-02	1.88202E+01	9.93362E-01
5.00000E-02	1.91011E+01	9.91750E-01
5.00000E-02	1.93820E+01	9.89187E-01
5.00000E-02	1.96629E+01	9.85444E-01
5.00000E-02	1.99438E+01	9.81071E-01
5.00000E-02	2.02247E+01	9.76357E-01
5.00000E-02	2.05056E+01	9.71015E-01
5.00000E-02	2.07865E+01	9.65120E-01
5.00000E-02	2.10674E+01	9.58973E-01
5.00000E-02	2.13483E+01	9.52637E-01
5.00000E-02	2.16292E+01	9.45882E-01
5.00000E-02	2.19101E+01	9.38919E-01
5.00000E-02	2.21910E+01	9.31841E-01
5.00000E-02	2.24719E+01	9.24476E-01
5.00000E-02	2.27528E+01	9.16869E-01
5.00000E-02	2.30337E+01	9.09259E-01
5.00000E-02	2.33146E+01	9.01687E-01
5.00000E-02	2.35955E+01	8.94005E-01
5.00000E-02	2.38764E+01	8.86356E-01
5.00000E-02	2.41573E+01	8.78902E-01
5.00000E-02	2.44382E+01	8.71572E-01
5.00000E-02	2.47191E+01	8.64269E-01
5.00000E-02	2.50000E+01	8.57113E-01
1.00000E-01	0.00000E+00	9.84688E-01
1.00000E-01	2.80899E-01	1.17197E+00
1.00000E-01	5.61798E-01	1.02583E+00
1.00000E-01	8.42697E-01	9.11618E-01
1.00000E-01	1.12360E+00	8.71662E-01
1.00000E-01	1.40449E+00	8.88913E-01
1.00000E-01	1.68539E+00	8.94913E-01
1.00000E-01	1.96629E+00	9.07531E-01
1.00000E-01	2.24719E+00	9.42766E-01
1.00000E-01	2.52809E+00	1.00581E+00
1.00000E-01	2.80899E+00	1.09765E+00
1.00000E-01	3.08989E+00	1.22415E+00
1.00000E-01	3.37079E+00	1.39176E+00
1.00000E-01	3.65169E+00	1.54889E+00
1.00000E-01	3.93258E+00	1.61075E+00
1.00000E-01	4.21348E+00	1.59903E+00
1.00000E-01	4.49438E+00	1.54732E+00
1.00000E-01	4.77528E+00	1.47735E+00
1.00000E-01	5.05618E+00	1.40170E+00
1.00000E-01	5.33708E+00	1.32641E+00
1.00000E-01	5.61798E+00	1.25436E+00
1.00000E-01	5.89888E+00	1.18719E+00
1.00000E-01	6.17978E+00	1.12526E+00
1.00000E-01	6.46067E+00	1.06840E+00
1.00000E-01	6.74157E+00	1.01651E+00
1.00000E-01	7.02247E+00	9.69488E-01
1.00000E-01	7.30337E+00	9.27689E-01
1.00000E-01	7.58427E+00	8.90702E-01
1.00000E-01	7.86517E+00	8.58853E-01
1.00000E-01	8.14607E+00	8.31406E-01
1.00000E-01	8.42697E+00	8.08814E-01
1.00000E-01	8.70787E+00	7.90406E-01
1.00000E-01	8.98876E+00	7.76269E-01
1.00000E-01	9.26966E+00	7.66316E-01
1.00000E-01	9.55056E+00	7.60094E-01
1.00000E-01	9.83146E+00	7.57963E-01
1.00000E-01	1.01124E+01	7.58815E-01
1.00000E-01	1.03933E+01	7.63443E-01
1.00000E-01	1.06742E+01	7.70423E-01
1.00000E-01	1.09551E+01	7.80421E-01
1.00000E-01	1.12360E+01	7.92155E-01
1.00000E-01	1.15169E+01	8.05844E-01
1.00000E-01	1.17978E+01	8.21145E-01
1.00000E-01	1.20787E+01	8.37553E-01
1.00000E-01	1.23596E+01	8.55386E-01
1.00000E-01	1.26404E+01	8.73065E-01
1.00000E-01	1.29213E+01	8.91155E-01
1.00000E-01	1.32022E+01	9.08612E-01
1.00000E-01	1.34831E+01	9.26235E-01
1.00000E-01	1.37640E+01	9.43434E-01
1.00000E-01	1.40449E+01	9.60265E-01
1.00000E-01	1.43258E+01	9.76327E-01
1.00000E-01	1.46067E+01	9.90939E-01
1.00000E-01	1.48876E+01	1.00441E+00
1.00000E-01	1.51685E+01	1.01640E+00
1.00000E-01	1.54494E+01	1.02774E+00
1.00000E-01	1.57303E+01	1.03798E+00
1.00000E-01	1.60112E+01	1.04751E+00
1.00000E-01	1.62921E+01	1.05607E+00
1.00000E-01	1.65730E+01	1.06317E+00
1.00000E-01	1.68539E+01	1.06872E+00
1.00000E-01	1.71348E+01	1.07339E+00
1.00000E-01	1.74157E+01	1.07650E+00
1.00000E-01	1.76966E+01	1.07831E+00
1.00000E-01	1.79775E+01	1.07955E+00
1.00000E-01	1.82584E+01	1.08035E+00
1.00000E-01	1.85393E+01	1.07998E+00
1.00000E-01	1.88202E+01	1.07876E+00
1.00000E-01	1.91011E+01	1.07701E+00
1.00000E-01	1.93820E+01	1.07424E+00
1.00000E-01	1.96629E+01	1.07016E+00
1.00000E-01	1.99438E+01	1.06541E+00
1.00000E-01	2.02247E+01	1.06030E+00
1.00000E-01	2.05056E+01	1.05449E+00
1.00000E-01	2.07865E+01	1.04809E+00
1.00000E-01	2.10674E+01	1.04142E+00
1.00000E-01	2.13483E+01	1.03453E+00
1.00000E-01	2.16292E+01	1.02720E+00
1.00000E-01	2.19101E+01	1.01965E+00
1.00000E-01	2.21910E+01	1.01195E+00
1.00000E-01	2.24719E+01	1.00395E+00
1.00000E-01	2.27528E+01	9.95696E-01
1.00000E-01	2.30337E+01	9.87428E-01
1.00000E-01	2.33146E+01	9.79207E-01
1.00000E-01	2.35955E+01	9.70870E-01
1.00000E-01	2.38764E+01	9.62559E-01
1.00000E-01	2.41573E+01	9.54463E-01
1.00000E-01	2.44382E+01	9.46504E-01
1.00000E-01	2.47191E+01	9.38568E-01
1.00000E-01	2.50000E+01	9.30801E-01
2.00000E-01	0.00000E+00	9.98610E-01
2.00000E-01	2.80899E-01	1.21584E+00
2.00000E-01	5.61798E-01	1.05987E+00
2.00000E-01	8.42697E-01	9.40765E-01
2.00000E-01	1.12360E+00	9.00776E-01
2.00000E-01	1.40449E+00	9.18191E-01
2.00000E-01	1.68539E+00	9.24482E-01
2.00000E-01	1.96629E+00	9.37594E-01
2.00000E-01	2.24719E+00	9.74050E-01
2.00000E-01	2.52809E+00	1.03921E+00
2.00000E-01	2.80899E+00	1.13412E+00
2.00000E-01	3.08989E+00	1.26484E+00
2.00000E-01	3.37079E+00	1.43783E+00
2.00000E-01	3.65169E+00	1.59948E+00
2.00000E-01	3.93258E+00	1.66346E+00
2.00000E-01	4.21348E+00	1.65145E+00
2.00000E-01	4.49438E+00	1.59811E+00
2.00000E-01	4.77528E+00	1.52589E+00
2.00000E-01	5.05618E+00	1.44778E+00
2.00000E-01	5.33708E+00	1.37003E+00
2.00000E-01	5.61798E+00	1.29562E+00
2.00000E-01	5.89888E+00	1.22624E+00
2.00000E-01	6.17978E+00	1.16229E+00
2.00000E-01	6.46067E+00	1.10356E+00
2.00000E-01	6.74157E+00	1.04995E+00
2.00000E-01	7.02247E+00	1.00139E+00
2.00000E-01	7.30337E+00	9.58219E-01
2.00000E-01	7.58427E+00	9.20024E-01
2.00000E-01	7.86517E+00	8.87122E-01
2.00000E-01	8.14607E+00	8.58783E-01
2.00000E-01	8.42697E+00	8.35443E-01
2.00000E-01	8.70787E+00	8.16436E-01
2.00000E-01	8.98876E+00	8.01832E-01
2.00000E-01	9.26966E+00	7.91545E-01
2.00000E-01	9.55056E+00	7.85126E-01
2.00000E-01	9.83146E+00	7.82914E-01
2.00000E-01	1.01124E+01	7.83811E-01
2.00000E-01	1.03933E+01	7.88575E-01
2.00000E-01	1.06742E+01	7.95801E-01
2.00000E-01	1.09551E+01	8.06115E-01
2.00000E-01	1.12360E+01	8.18240E-01
2.00000E-01	1.15169E+01	8.32378E-01
2.00000E-01	1.17978E+01	8.48177E-01
2.00000E-01	1.20787E+01	8.65131E-01
2.00000E-01	1.23596E+01	8.83533E-01
2.00000E-01	1.26404E+01	9.01808E-01
2.00000E-01	1.29213E+01	9.20481E-01
2.00000E-01	1.32022E+01	9.38523E-01
2.00000E-01	1.34831E+01	9.56718E-01
2.00000E-01	1.37640E+01	9.74487E-01
2.00000E-01	1.40449E+01	9.91866E-01
2.00000E-01	1.43258E+01	1.00845E+00
2.00000E-01	1.46067E+01	1.02355E+00
2.00000E-01	1.48876E+01	1.03745E+00
2.00000E-01	1.51685E+01	1.04986E+00
2.00000E-01	1.54494E+01	1.06156E+00
2.00000E-01	1.57303E+01	1.07214E+00
2.00000E-01	1.60112E+01	1.08198E+00
2.00000E-01	1.62921E+01	1.09082E+00
2.00000E-01	1.65730E+01	1.09815E+00
2.00000E-01	1.68539E+01	1.10388E+00
2.00000E-01	1.71348E+01	1.10870E+00
2.00000E-01	1.74157E+01	1.11192E+00
2.00000E-01	1.76966E+01	1.11379E+00
2.00000E-01	1.79775E+01	1.11508E+00
2.00000E-01	1.82584E+01	1.11590E+00
2.00000E-01	1.85393E+01	1.11552E+00
2.00000E-01	1.88202E+01	1.11426E+00
2.00000E-01	1.91011E+01	1.11245E+00
2.00000E-01	1.93820E+01	1.10958E+00
2.00000E-01	1.96629E+01	1.10538E+00
2.00000E-01	1.99438E+01	1.10047E+00
2.00000E-01	2.02247E+01	1.09518E+00
2.00000E-01	2.05056E+01	1.08919E+00
2.00000E-01	2.07865E+01	1.08258E+00
2.00000E-01	2.10674E+01	1.07569E+00
2.00000E-01	2.13483E+01	1.06858E+00
2.00000E-01	2.16292E+01	1.06100E+00
2.00000E-01	2.19101E+01	1.05320E+00
2.00000E-01	2.21910E+01	1.04525E+00
2.00000E-01	2.24719E+01	1.03699E+00
2.00000E-01	2.27528E+01	1.02846E+00
2.00000E-01	2.30337E+01	1.01992E+00
2.00000E-01	2.33146E+01	1.01143E+00
2.00000E-01	2.35955E+01	1.00282E+00
2.00000E-01	2.38764E+01	9.94234E-01
2.00000E-01	2.41573E+01	9.85872E-01
2.00000E-01	2.44382E+01	9.77650E-01
2.00000E-01	2.47191E+01	9.69453E-01
2.00000E-01	2.50000E+01	9.61432E-01
2.50000E-01	0.00000E+00	1.00306E+00
2.50000E-01	2.80899E-01	1.21620E+00
2.50000E-01	5.61798E-01	1.05853E+00
2.50000E-01	8.42697E-01	9.39117E-01
2.50000E-01	1.12360E+00	8.99867E-01
2.50000E-01	1.40449E+00	9.16932E-01
2.50000E-01	1.68539E+00	9.23312E-01
2.50000E-01	1.96629E+00	9.36477E-01
2.50000E-01	2.24719E+00	9.72928E-01
2.50000E-01	2.52809E+00	1.03803E+00
2.50000E-01	2.80899E+00	1.13286E+00
2.50000E-01	3.08989E+00	1.26344E+00
2.50000E-01	3.37079E+00	1.43607E+00
2.50000E-01	3.65169E+00	1.59704E+00
2.50000E-01	3.93258E+00	1.66099E+00
2.50000E-01	4.21348E+00	1.64908E+00
2.50000E-01	4.49438E+00	1.59585E+00
2.50000E-01	4.77528E+00	1.52378E+00
2.50000E-01	5.05618E+00	1.44579E+00
2.50000E-01	5.33708E+00	1.36816E+00
2.50000E-01	5.61798E+00	1.29386E+00
2.50000E-01	5.89888E+00	1.22458E+00
2.50000E-01	6.17978E+00	1.16071E+00
2.50000E-01	6.46067E+00	1.10206E+00
2.50000E-01	6.74157E+00	1.04854E+00
2.50000E-01	7.02247E+00	1.00005E+00
2.50000E-01	7.30337E+00	9.56928E-01
2.50000E-01	7.58427E+00	9.18791E-01
2.50000E-01	7.86517E+00	8.85930E-01
2.50000E-01	8.14607E+00	8.57638E-01
2.50000E-01	8.42697E+00	8.34326E-01
2.50000E-01	8.70787E+00	8.15350E-01
2.50000E-01	8.98876E+00	8.00763E-01
2.50000E-01	9.26966E+00	7.90487E-01
2.50000E-01	9.55056E+00	7.84082E-01
2.50000E-01	9.83146E+00	7.81865E-01
2.50000E-01	1.01124E+01	7.82773E-01
2.50000E-01	1.03933E+01	7.87520E-01
2.50000E-01	1.06742E+01	7.94745E-01
2.50000E-01	1.09551E+01	8.05036E-01
2.50000E-01	1.12360E+01	8.17150E-01
2.50000E-01	1.15169E+01	8.31267E-01
2.50000E-01	1.17978E+01	8.47041E-01
2.50000E-01	1.20787E+01	8.63977E-01
2.50000E-01	1.23596E+01	8.82342E-01
2.50000E-01	1.26404E+01	9.00601E-01
2.50000E-01	1.29213E+01	9.19239E-01
2.50000E-01	1.32022E+01	9.37265E-01
2.50000E-01	1.34831E+01	9.55430E-01
2.50000E-01	1.37640E+01	9.73178E-01
2.50000E-01	1.40449E+01	9.90530E-01
2.50000E-01	1.43258E+01	1.00709E+00
2.50000E-01	1.46067E+01	1.02217E+00
2.50000E-01	1.48876E+01	1.03605E+00
2.50000E-01	1.51685E+01	1.04844E+00
2.50000E-01	1.54494E+01	1.06012E+00
2.50000E-01	1.57303E+01	1.07070E+00
2.50000E-01	1.60112E+01	1.08052E+00
2.50000E-01	1.62921E+01	1.08934E+00
2.50000E-01	1.65730E+01	1.09666E+00
2.50000E-01	1.68539E+01	1.10239E+00
2.50000E-01	1.71348E+01	1.10720E+00
2.50000E-01	1.74157E+01	1.11042E+00
2.50000E-01	1.76966E+01	1.11228E+00
2.50000E-01	1.79775E+01	1.11357E+00
2.50000E-01	1.82584E+01	1.11439E+00
2.50000E-01	1.85393E+01	1.11401E+00
2.50000E-01	1.88202E+01	1.11276E+00
2.50000E-01	1.91011E+01	1.11095E+00
2.50000E-01	1.93820E+01	1.10808E+00
2.50000E-01	1.96629E+01	1.10388E+00
2.50000E-01	1.99438E+01	1.09899E+00
2.50000E-01	2.02247E+01	1.09370E+00
2.50000E-01	2.05056E+01	1.08772E+00
2.50000E-01	2.07865E+01	1.08111E+00
2.50000E-01	2.10674E+01	1.07424E+00
2.50000E-01	2.13483E+01	1.06713E+00
2.50000E-01	2.16292E+01	1.05957E+00
2.50000E-01	2.19101E+01	1.05178E+00
2.50000E-01	2.21910E+01	1.04383E+00
2.50000E-01	2.24719E+01	1.03559E+00
2.50000E-01	2.27528E+01	1.02707E+00
2.50000E-01	2.30337E+01	1.01855E+00
2.50000E-01	2.33146E+01	1.01006E+00
2.50000E-01	2.35955E+01	1.00146E+00
2.50000E-01	2.38764E+01	9.92893E-01
2.50000E-01	2.41573E+01	9.84543E-01
2.50000E-01	2.44382E+01	9.76331E-01
2.50000E-01	2.47191E+01	9.68146E-01
2.50000E-01	2.50000E+01	9.60135E-01
3.00000E-01	0.00000E+00	1.00635E+00
3.00000E-01	2.80899E-01	1.21120E+00
3.00000E-01	5.61798E-01	1.05339E+00
3.00000E-01	8.42697E-01	9.34245E-01
3.00000E-01	1.12360E+00	8.95887E-01
3.00000E-01	1.40449E+00	9.12473E-01
3.00000E-01	1.68539E+00	9.18950E-01
3.00000E-01	1.96629E+00	9.32142E-01
3.00000E-01	2.24719E+00	9.68469E-01
3.00000E-01	2.52809E+00	1.03329E+00
3.00000E-01	2.80899E+00	1.12772E+00
3.00000E-01	3.08989E+00	1.25773E+00
3.00000E-01	3.37079E+00	1.42937E+00
3.00000E-01	3.65169E+00	1.58901E+00
3.00000E-01	3.93258E+00	1.65271E+00
3.00000E-01	4.21348E+00	1.64095E+00
3.00000E-01	4.49438E+00	1.58804E+00
3.00000E-01	4.77528E+00	1.51636E+00
3.00000E-01	5.05618E+00	1.43878E+00
3.00000E-01	5.33708E+00	1.36154E+00
3.00000E-01	5.61798E+00	1.28761E+00
3.00000E-01	5.89888E+00	1.21867E+00
3.00000E-01	6.17978E+00	1.15511E+00
3.00000E-01	6.46067E+00	1.09675E+00
3.00000E-01	6.74157E+00	1.04348E+00
3.00000E-01	7.02247E+00	9.95230E-01
3.00000E-01	7.30337E+00	9.52318E-01
3.00000E-01	7.58427E+00	9.14373E-01
3.00000E-01	7.86517E+00	8.81667E-01
3.00000E-01	8.14607E+00	8.53519E-01
3.00000E-01	8.42697E+00	8.30316E-01
3.00000E-01	8.70787E+00	8.11436E-01
3.00000E-01	8.98876E+00	7.96919E-01
3.00000E-01	9.26966E+00	7.86689E-01
3.00000E-01	9.55056E+00	7.80321E-01
3.00000E-01	9.83146E+00	7.78107E-01
3.00000E-01	1.01124E+01	7.79023E-01
3.00000E-01	1.03933E+01	7.83734E-01
3.00000E-01	1.06742E+01	7.90937E-01
3.00000E-01	1.09551E+01	8.01167E-01
3.00000E-01	1.12360E+01	8.13227E-01
3.00000E-01	1.15169E+01	8.27274E-01
3.00000E-01	1.17978E+01	8.42968E-01
3.00000E-01	1.20787E+01	8.59828E-01
3.00000E-01	1.23596E+01	8.78090E-01
3.00000E-01	1.26404E+01	8.96271E-01
3.00000E-01	1.29213E+01	9.14809E-01
3.00000E-01	1.32022E+01	9.32757E-01
3.00000E-01	1.34831E+01	9.50828E-01
3.00000E-01	1.37640E+01	9.68493E-01
3.00000E-01	1.40449E+01	9.85757E-01
3.00000E-01	1.43258E+01	1.00223E+00
3.00000E-01	1.46067E+01	1.01724E+00
3.00000E-01	1.48876E+01	1.03105E+00
3.00000E-01	1.51685E+01	1.04339E+00
3.00000E-01	1.54494E+01	1.05501E+00
3.00000E-01	1.57303E+01	1.06554E+00
3.00000E-01	1.60112E+01	1.07531E+00
3.00000E-01	1.62921E+01	1.08409E+00
3.00000E-01	1.65730E+01	1.09137E+00
3.00000E-01	1.68539E+01	1.09708E+00
3.00000E-01	1.71348E+01	1.10186E+00
3.00000E-01	1.74157E+01	1.10506E+00
3.00000E-01	1.76966E+01	1.10692E+00
3.00000E-01	1.79775E+01	1.10821E+00
3.00000E-01	1.82584E+01	1.10901E+00
3.00000E-01	1.85393E+01	1.10864E+00
3.00000E-01	1.88202E+01	1.10739E+00
3.00000E-01	1.91011E+01	1.10559E+00
3.00000E-01	1.93820E+01	1.10274E+00
3.00000E-01	1.96629E+01	1.09856E+00
3.00000E-01	1.99438E+01	1.09369E+00
3.00000E-01	2.02247E+01	1.08843E+00
3.00000E-01	2.05056E+01	1.08247E+00
3.00000E-01	2.07865E+01	1.07590E+00
3.00000E-01	2.10674E+01	1.06906E+00
3.00000E-01	2.13483E+01	1.06199E+00
3.00000E-01	2.16292E+01	1.05446E+00
3.00000E-01	2.19101E+01	1.04671E+00
3.00000E-01	2.21910E+01	1.03880E+00
3.00000E-01	2.24719E+01	1.03059E+00
3.00000E-01	2.27528E+01	1.02212E+00
3.00000E-01	2.30337E+01	1.01364E+00
3.00000E-01	2.33146E+01	1.00519E+00
3.00000E-01	2.35955E+01	9.96637E-01
3.00000E-01	2.38764E+01	9.88108E-01
3.00000E-01	2.41573E+01	9.79797E-01
3.00000E-01	2.44382E+01	9.71625E-01
3.00000E-01	2.47191E+01	9.63479E-01
3.00000E-01	2.50000E+01	9.55508E-01
4.00000E-01	0.00000E+00	1.01105E+00
4.00000E-01	2.80899E-01	1.19355E+00
4.00000E-01	5.61798E-01	1.03796E+00
4.00000E-01	8.42697E-01	9.20493E-01
4.00000E-01	1.12360E+00	8.84122E-01
4.00000E-01	1.40449E+00	8.99517E-01
4.00000E-01	1.68539E+00	9.06224E-01
4.00000E-01	1.96629E+00	9.19471E-01
4.00000E-01	2.24719E+00	9.55414E-01
4.00000E-01	2.52809E+00	1.01941E+00
4.00000E-01	2.80899E+00	1.11265E+00
4.00000E-01	3.08989E+00	1.24097E+00
4.00000E-01	3.37079E+00	1.40976E+00
4.00000E-01	3.65169E+00	1.56584E+00
4.00000E-01	3.93258E+00	1.62875E+00
4.00000E-01	4.21348E+00	1.61740E+00
4.00000E-01	4.49438E+00	1.56541E+00
4.00000E-01	4.77528E+00	1.49486E+00
4.00000E-01	5.05618E+00	1.41844E+00
4.00000E-01	5.33708E+00	1.34231E+00
4.00000E-01	5.61798E+00	1.26945E+00
4.00000E-01	5.89888E+00	1.20150E+00
4.00000E-01	6.17978E+00	1.13885E+00
4.00000E-01	6.46067E+00	1.08131E+00
4.00000E-01	6.74157E+00	1.02879E+00
4.00000E-01	7.02247E+00	9.81239E-01
4.00000E-01	7.30337E+00	9.38929E-01
4.00000E-01	7.58427E+00	9.01536E-01
4.00000E-01	7.86517E+00	8.69281E-01
4.00000E-01	8.14607E+00	8.41550E-01
4.00000E-01	8.42697E+00	8.18665E-01
4.00000E-01	8.70787E+00	8.00062E-01
4.00000E-01	8.98876E+00	7.85748E-01
4.00000E-01	9.26966E+00	7.75655E-01
4.00000E-01	9.55056E+00	7.69391E-01
4.00000E-01	9.83146E+00	7.67188E-01
4.00000E-01	1.01124E+01	7.68119E-01
4.00000E-01	1.03933E+01	7.72736E-01
4.00000E-01	1.06742E+01	7.79863E-01
4.00000E-01	1.09551E+01	7.89926E-01
4.00000E-01	1.12360E+01	8.01826E-01
4.00000E-01	1.15169E+01	8.15671E-01
4.00000E-01	1.17978E+01	8.31135E-01
4.00000E-01	1.20787E+01	8.47771E-01
4.00000E-01	1.23596E+01	8.65744E-01
4.00000E-01	1.26404E+01	8.83690E-01
4.00000E-01	1.29213E+01	9.01943E-01
4.00000E-01	1.32022E+01	9.19658E-01
4.00000E-01	1.34831E+01	9.37462E-01
4.00000E-01	1.37640E+01	9.54882E-01
4.00000E-01	1.40449E+01	9.71895E-01
4.00000E-01	1.43258E+01	9.88122E-01
4.00000E-01	1.46067E+01	1.00294E+00
4.00000E-01	1.48876E+01	1.01654E+00
4.00000E-01	1.51685E+01	1.02872E+00
4.00000E-01	1.54494E+01	1.04017E+00
4.00000E-01	1.57303E+01	1.05055E+00
4.00000E-01	1.60112E+01	1.06019E+00
4.00000E-01	1.62921E+01	1.06883E+00
4.00000E-01	1.65730E+01	1.07601E+00
4.00000E-01	1.68539E+01	1.08164E+00
4.00000E-01	1.71348E+01	1.08635E+00
4.00000E-01	1.74157E+01	1.08951E+00
4.00000E-01	1.76966E+01	1.09135E+00
4.00000E-01	1.79775E+01	1.09262E+00
4.00000E-01	1.82584E+01	1.09340E+00
4.00000E-01	1.85393E+01	1.09304E+00
4.00000E-01	1.88202E+01	1.09181E+00
4.00000E-01	1.91011E+01	1.09002E+00
4.00000E-01	1.93820E+01	1.08721E+00
4.00000E-01	1.96629E+01	1.08310E+00
4.00000E-01	1.99438E+01	1.07830E+00
4.00000E-01	2.02247E+01	1.07311E+00
4.00000E-01	2.05056E+01	1.06724E+00
4.00000E-01	2.07865E+01	1.06076E+00
4.00000E-01	2.10674E+01	1.05402E+00
4.00000E-01	2.13483E+01	1.04704E+00
4.00000E-01	2.16292E+01	1.03963E+00
4.00000E-01	2.19101E+01	1.03198E+00
4.00000E-01	2.21910E+01	1.02418E+00
4.00000E-01	2.24719E+01	1.01609E+00
4.00000E-01	2.27528E+01	1.00774E+00
4.00000E-01	2.30337E+01	9.99376E-01
4.00000E-01	2.33146E+01	9.91049E-01
4.00000E-01	2.35955E+01	9.82616E-01
4.00000E-01	2.38764E+01	9.74209E-01
4.00000E-01	2.41573E+01	9.66015E-01
4.00000E-01	2.44382E+01	9.57955E-01
4.00000E-01	2.47191E+01	9.49926E-01
4.00000E-01	2.50000E+01	9.42068E-01
5.00000E-01	0.00000E+00	1.01456E+00
5.00000E-01	2.80899E-01	1.17313E+00
5.00000E-01	5.61798E-01	1.01915E+00
5.00000E-01	8.42697E-01	9.04766E-01
5.00000E-01	1.12360E+00	8.70478E-01
5.00000E-01	1.40449E+00	8.84533E-01
5.00000E-01	1.68539E+00	8.91503E-01
5.00000E-01	1.96629E+00	9.04845E-01
5.00000E-01	2.24719E+00	9.40357E-01
5.00000E-01	2.52809E+00	1.00341E+00
5.00000E-01	2.80899E+00	1.09529E+00
5.00000E-01	3.08989E+00	1.22167E+00
5.00000E-01	3.37079E+00	1.38708E+00
5.00000E-01	3.65169E+00	1.53900E+00
5.00000E-01	3.93258E+00	1.60098E+00
5.00000E-01	4.21348E+00	1.59013E+00
5.00000E-01	4.49438E+00	1.53920E+00
5.00000E-01	4.77528E+00	1.46998E+00
5.00000E-01	5.05618E+00	1.39490E+00
5.00000E-01	5.33708E+00	1.32007E+00
5.00000E-01	5.61798E+00	1.24846E+00
5.00000E-01	5.89888E+00	1.18164E+00
5.00000E-01	6.17978E+00	1.12003E+00
5.00000E-01	6.46067E+00	1.06345E+00
5.00000E-01	6.74157E+00	1.01181E+00
5.00000E-01	7.02247E+00	9.65060E-01
5.00000E-01	7.30337E+00	9.23448E-01
5.00000E-01	7.58427E+00	8.86693E-01
5.00000E-01	7.86517E+00	8.54961E-01
5.00000E-01	8.14607E+00	8.27710E-01
5.00000E-01	8.42697E+00	8.05194E-01
5.00000E-01	8.70787E+00	7.86909E-01
5.00000E-01	8.98876E+00	7.72834E-01
5.00000E-01	9.26966E+00	7.62900E-01
5.00000E-01	9.55056E+00	7.56756E-01
5.00000E-01	9.83146E+00	7.54568E-01
5.00000E-01	1.01124E+01	7.55514E-01
5.00000E-01	1.03933E+01	7.60023E-01
5.00000E-01	1.06742E+01	7.67060E-01
5.00000E-01	1.09551E+01	7.76930E-01
5.00000E-01	1.12360E+01	7.88644E-01
5.00000E-01	1.15169E+01	8.02256E-01
5.00000E-01	1.17978E+01	8.17455E-01
5.00000E-01	1.20787E+01	8.33830E-01
5.00000E-01	1.23596E+01	8.51471E-01
5.00000E-01	1.26404E+01	8.69143E-01
5.00000E-01	1.29213E+01	8.87067E-01
5.00000E-01	1.32022E+01	9.04512E-01
5.00000E-01	1.34831E+01	9.22007E-01
5.00000E-01	1.37640E+01	9.39142E-01
5.00000E-01	1.40449E+01	9.55867E-01
5.00000E-01	1.43258E+01	9.71812E-01
5.00000E-01	1.46067E+01	9.86391E-01
5.00000E-01	1.48876E+01	9.99757E-01
5.00000E-01	1.51685E+01	1.01176E+00
5.00000E-01	1.54494E+01	1.02300E+00
5.00000E-01	1.57303E+01	1.03323E+00
5.00000E-01	1.60112E+01	1.04269E+00
5.00000E-01	1.62921E+01	1.05118E+00
5.00000E-01	1.65730E+01	1.05824E+00
5.00000E-01	1.68539E+01	1.06380E+00
5.00000E-01	1.71348E+01	1.06841E+00
5.00000E-01	1.74157E+01	1.07152E+00
5.00000E-01	1.76966E+01	1.07334E+00
5.00000E-01	1.79775E+01	1.07459E+00
5.00000E-01	1.82584E+01	1.07535E+00
5.00000E-01	1.85393E+01	1.07499E+00
5.00000E-01	1.88202E+01	1.07379E+00
5.00000E-01	1.91011E+01	1.07203E+00
5.00000E-01	1.93820E+01	1.06926E+00
5.00000E-01	1.96629E+01	1.06522E+00
5.00000E-01	1.99438E+01	1.06051E+00
5.00000E-01	2.02247E+01	1.05539E+00
5.00000E-01	2.05056E+01	1.04962E+00
5.00000E-01	2.07865E+01	1.04326E+00
5.00000E-01	2.10674E+01	1.03663E+00
5.00000E-01	2.13483E+01	1.02976E+00
5.00000E-01	2.16292E+01	1.02247E+00
5.00000E-01	2.19101E+01	1.01495E+00
5.00000E-01	2.21910E+01	1.00728E+00
5.00000E-01	2.24719E+01	9.99323E-01
5.00000E-01	2.27528E+01	9.91113E-01
5.00000E-01	2.30337E+01	9.82887E-01
5.00000E-01	2.33146E+01	9.74694E-01
5.00000E-01	2.35955E+01	9.66403E-01
5.00000E-01	2.38764E+01	9.58137E-01
5.00000E-01	2.41573E+01	9.50077E-01
5.00000E-01	2.44382E+01	9.42149E-01
5.00000E-01	2.47191E+01	9.34255E-01
5.00000E-01	2.50000E+01	9.26527E-01
6.00000E-01	0.00000E+00	1.01741E+00
6.00000E-01	2.80899E-01	1.15294E+00
6.00000E-01	5.61798E-01	9.99099E-01
6.00000E-01	8.42697E-01	8.88911E-01
6.00000E-01	1.12360E+00	8.56708E-01
6.00000E-01	1.40449E+00	8.69409E-01
6.00000E-01	1.68539E+00	8.76657E-01
6.00000E-01	1.96629E+00	8.90149E-01
6.00000E-01	2.24719E+00	9.25263E-01
6.00000E-01	2.52809E+00	9.87389E-01
6.00000E-01	2.80899E+00	1.07793E+00
6.00000E-01	3.08989E+00	1.20238E+00
6.00000E-01	3.37079E+00	1.36420E+00
6.00000E-01	3.65169E+00	1.51177E+00
6.00000E-01	3.93258E+00	1.57278E+00
6.00000E-01	4.21348E+00	1.56248E+00
6.00000E-01	4.49438E+00	1.51267E+00
6.00000E-01	4.77528E+00	1.44481E+00
6.00000E-01	5.05618E+00	1.37110E+00
6.00000E-01	5.33708E+00	1.29760E+00
6.00000E-01	5.61798E+00	1.22724E+00
6.00000E-01	5.89888E+00	1.16158E+00
6.00000E-01	6.17978E+00	1.10103E+00
6.00000E-01	6.46067E+00	1.04542E+00
6.00000E-01	6.74157E+00	9.94665E-01
6.00000E-01	7.02247E+00	9.48724E-01
6.00000E-01	7.30337E+00	9.07819E-01
6.00000E-01	7.58427E+00	8.71707E-01
6.00000E-01	7.86517E+00	8.40506E-01
6.00000E-01	8.14607E+00	8.13739E-01
6.00000E-01	8.42697E+00	7.91596E-01
6.00000E-01	8.70787E+00	7.73634E-01
6.00000E-01	8.98876E+00	7.59801E-01
6.00000E-01	9.26966E+00	7.50030E-01
6.00000E-01	9.55056E+00	7.44007E-01
6.00000E-01	9.83146E+00	7.41835E-01
6.00000E-01	1.01124E+01	7.42793E-01
6.00000E-01	1.03933E+01	7.47196E-01
6.00000E-01	1.06742E+01	7.54138E-01
6.00000E-01	1.09551E+01	7.63814E-01
6.00000E-01	1.12360E+01	7.75340E-01
6.00000E-01	1.15169E+01	7.88716E-01
6.00000E-01	1.17978E+01	8.03648E-01
6.00000E-01	1.20787E+01	8.19757E-01
6.00000E-01	1.23596E+01	8.37064E-01
6.00000E-01	1.26404E+01	8.54456E-01
6.00000E-01	1.29213E+01	8.72049E-01
6.00000E-01	1.32022E+01	8.89219E-01
6.00000E-01	1.34831E+01	9.06404E-01
6.00000E-01	1.37640E+01	9.23250E-01
6.00000E-01	1.40449E+01	9.39683E-01
6.00000E-01	1.43258E+01	9.55342E-01
6.00000E-01	1.46067E+01	9.69682E-01
6.00000E-01	1.48876E+01	9.82811E-01
6.00000E-01	1.51685E+01	9.94626E-01
6.00000E-01	1.54494E+01	1.00566E+00
6.00000E-01	1.57303E+01	1.01573E+00
6.00000E-01	1.60112E+01	1.02502E+00
6.00000E-01	1.62921E+01	1.03336E+00
6.00000E-01	1.65730E+01	1.04030E+00
6.00000E-01	1.68539E+01	1.04577E+00
6.00000E-01	1.71348E+01	1.05029E+00
6.00000E-01	1.74157E+01	1.05335E+00
6.00000E-01	1.76966E+01	1.05515E+00
6.00000E-01	1.79775E+01	1.05638E+00
6.00000E-01	1.82584E+01	1.05712E+00
6.00000E-01	1.85393E+01	1.05677E+00
6.00000E-01	1.88202E+01	1.05560E+00
6.00000E-01	1.91011E+01	1.05385E+00
6.00000E-01	1.93820E+01	1.05112E+00
6.00000E-01	1.96629E+01	1.04717E+00
6.00000E-01	1.99438E+01	1.04253E+00
6.00000E-01	2.02247E+01	1.03750E+00
6.00000E-01	2.05056E+01	1.03183E+00
6.00000E-01	2.07865E+01	1.02558E+00
6.00000E-01	2.10674E+01	1.01906E+00
6.00000E-01	2.13483E+01	1.01230E+00
6.00000E-01	2.16292E+01	1.00514E+00
6.00000E-01	2.19101E+01	9.97752E-01
6.00000E-01	2.21910E+01	9.90209E-01
6.00000E-01	2.24719E+01	9.82387E-01
6.00000E-01	2.27528E+01	9.74321E-01
6.00000E-01	2.30337E+01	9.66235E-01
6.00000E-01	2.33146E+01	9.58179E-01
6.00000E-01	2.35955E+01	9.50030E-01
6.00000E-01	2.38764E+01	9.41908E-01
6.00000E-01	2.41573E+01	9.33983E-01
6.00000E-01	2.44382E+01	9.26188E-01
6.00000E-01	2.47191E+01	9.18429E-01
6.00000E-01	2.50000E+01	9.10834E-01
7.00000E-01	0.00000E+00	1.01961E+00
7.00000E-01	2.80899E-01	1.13245E+00
7.00000E-01	5.61798E-01	9.79538E-01
7.00000E-01	8.42697E-01	8.74078E-01
7.00000E-01	1.12360E+00	8.43907E-01
7.00000E-01	1.40449E+00	8.55334E-01
7.00000E-01	1.68539E+00	8.62867E-01
7.00000E-01	1.96629E+00	8.76580E-01
7.00000E-01	2.24719E+00	9.11376E-01
7.00000E-01	2.52809E+00	9.72669E-01
7.00000E-01	2.80899E+00	1.06200E+00
7.00000E-01	3.08989E+00	1.18468E+00
7.00000E-01	3.37079E+00	1.34298E+00
7.00000E-01	3.65169E+00	1.48621E+00
7.00000E-01	3.93258E+00	1.54628E+00
7.00000E-01	4.21348E+00	1.53657E+00
7.00000E-01	4.49438E+00	1.48786E+00
7.00000E-01	4.77528E+00	1.42131E+00
7.00000E-01	5.05618E+00	1.34890E+00
7.00000E-01	5.33708E+00	1.27664E+00
7.00000E-01	5.61798E+00	1.20747E+00
7.00000E-01	5.89888E+00	1.14289E+00
7.00000E-01	6.17978E+00	1.08333E+00
7.00000E-01	6.46067E+00	1.02862E+00
7.00000E-01	6.74157E+00	9.78697E-01
7.00000E-01	7.02247E+00	9.33515E-01
7.00000E-01	7.30337E+00	8.93271E-01
7.00000E-01	7.58427E+00	8.57760E-01
7.00000E-01	7.86517E+00	8.27054E-01
7.00000E-01	8.14607E+00	8.00740E-01
7.00000E-01	8.42697E+00	7.78946E-01
7.00000E-01	8.70787E+00	7.61284E-01
7.00000E-01	8.98876E+00	7.47678E-01
7.00000E-01	9.26966E+00	7.38061E-01
7.00000E-01	9.55056E+00	7.32149E-01
7.00000E-01	9.83146E+00	7.29993E-01
7.00000E-01	1.01124E+01	7.30961E-01
7.00000E-01	1.03933E+01	7.35266E-01
7.00000E-01	1.06742E+01	7.42119E-01
7.00000E-01	1.09551E+01	7.51614E-01
7.00000E-01	1.12360E+01	7.62964E-01
7.00000E-01	1.15169E+01	7.76119E-01
7.00000E-01	1.17978E+01	7.90802E-01
7.00000E-01	1.20787E+01	8.06663E-01
7.00000E-01	1.23596E+01	8.23657E-01
7.00000E-01	1.26404E+01	8.40785E-01
7.00000E-01	1.29213E+01	8.58071E-01
7.00000E-01	1.32022E+01	8.74984E-01
7.00000E-01	1.34831E+01	8.91879E-01
7.00000E-01	1.37640E+01	9.08456E-01
7.00000E-01	1.40449E+01	9.24616E-01
7.00000E-01	1.43258E+01	9.40008E-01
7.00000E-01	1.46067E+01	9.54125E-01
7.00000E-01	1.48876E+01	9.67032E-01
7.00000E-01	1.51685E+01	9.78675E-01
7.00000E-01	1.54494E+01	9.89524E-01
7.00000E-01	1.57303E+01	9.99433E-01
7.00000E-01	1.60112E+01	1.00857E+00
7.00000E-01	1.62921E+01	1.01677E+00
7.00000E-01	1.65730E+01	1.02359E+00
7.00000E-01	1.68539E+01	1.02898E+00
7.00000E-01	1.71348E+01	1.03342E+00
7.00000E-01	1.74157E+01	1.03643E+00
7.00000E-01	1.76966E+01	1.03822E+00
7.00000E-01	1.79775E+01	1.03943E+00
7.00000E-01	1.82584E+01	1.04014E+00
7.00000E-01	1.85393E+01	1.03981E+00
7.00000E-01	1.88202E+01	1.03865E+00
7.00000E-01	1.91011E+01	1.03693E+00
7.00000E-01	1.93820E+01	1.03423E+00
7.00000E-01	1.96629E+01	1.03035E+00
7.00000E-01	1.99438E+01	1.02580E+00
7.00000E-01	2.02247E+01	1.02084E+00
7.00000E-01	2.05056E+01	1.01526E+00
7.00000E-01	2.07865E+01	1.00912E+00
7.00000E-01	2.10674E+01	1.00271E+00
7.00000E-01	2.13483E+01	9.96052E-01
7.00000E-01	2.16292E+01	9.89010E-01
7.00000E-01	2.19101E+01	9.81739E-01
7.00000E-01	2.21910E+01	9.74314E-01
7.00000E-01	2.24719E+01	9.66618E-01
7.00000E-01	2.27528E+01	9.58686E-01
7.00000E-01	2.30337E+01	9.50731E-01
7.00000E-01	2.33146E+01	9.42800E-01
7.00000E-01	2.35955E+01	9.34785E-01
7.00000E-01	2.38764E+01	9.26797E-01
7.00000E-01	2.41573E+01	9.18999E-01
7.00000E-01	2.44382E+01	9.11326E-01
7.00000E-01	2.47191E+01	9.03695E-01
7.00000E-01	2.50000E+01	8.96222E-01
8.00000E-01	0.00000E+00	1.02105E+00
8.00000E-01	2.80899E-01	1.11100E+00
8.00000E-01	5.61798E-01	9.61898E-01
8.00000E-01	8.42697E-01	8.61004E-01
8.00000E-01	1.12360E+00	8.32764E-01
8.00000E-01	1.40449E+00	8.43053E-01
8.00000E-01	1.68539E+00	8.50880E-01
8.00000E-01	1.96629E+00	8.64892E-01
8.00000E-01	2.24719E+00	8.99482E-01
8.00000E-01	2.52809E+00	9.60098E-01
8.00000E-01	2.80899E+00	1.04844E+00
8.00000E-01	3.08989E+00	1.16961E+00
8.00000E-01	3.37079E+00	1.32454E+00
8.00000E-01	3.65169E+00	1.46366E+00
8.00000E-01	3.93258E+00	1.52285E+00
8.00000E-01	4.21348E+00	1.51374E+00
8.00000E-01	4.49438E+00	1.46608E+00
8.00000E-01	4.77528E+00	1.40072E+00
8.00000E-01	5.05618E+00	1.32947E+00
8.00000E-01	5.33708E+00	1.25833E+00
8.00000E-01	5.61798E+00	1.19020E+00
8.00000E-01	5.89888E+00	1.12657E+00
8.00000E-01	6.17978E+00	1.06787E+00
8.00000E-01	6.46067E+00	1.01396E+00
8.00000E-01	6.74157E+00	9.64760E-01
8.00000E-01	7.02247E+00	9.20245E-01
8.00000E-01	7.30337E+00	8.80581E-01
8.00000E-01	7.58427E+00	8.45597E-01
8.00000E-01	7.86517E+00	8.15326E-01
8.00000E-01	8.14607E+00	7.89407E-01
8.00000E-01	8.42697E+00	7.67920E-01
8.00000E-01	8.70787E+00	7.50521E-01
8.00000E-01	8.98876E+00	7.37115E-01
8.00000E-01	9.26966E+00	7.27633E-01
8.00000E-01	9.55056E+00	7.21820E-01
8.00000E-01	9.83146E+00	7.19678E-01
8.00000E-01	1.01124E+01	7.20655E-01
8.00000E-01	1.03933E+01	7.24874E-01
8.00000E-01	1.06742E+01	7.31647E-01
8.00000E-01	1.09551E+01	7.40983E-01
8.00000E-01	1.12360E+01	7.52178E-01
8.00000E-01	1.15169E+01	7.65141E-01
8.00000E-01	1.17978E+01	7.79606E-01
8.00000E-01	1.20787E+01	7.95248E-01
8.00000E-01	1.23596E+01	8.11967E-01
8.00000E-01	1.26404E+01	8.28863E-01
8.00000E-01	1.29213E+01	8.45880E-01
8.00000E-01	1.32022E+01	8.62569E-01
8.00000E-01	1.34831E+01	8.79210E-01
8.00000E-01	1.37640E+01	8.95549E-01
8.00000E-01	1.40449E+01	9.11470E-01
8.00000E-01	1.43258E+01	9.26626E-01
8.00000E-01	1.46067E+01	9.40547E-01
8.00000E-01	1.48876E+01	9.53262E-01
8.00000E-01	1.51685E+01	9.64755E-01
8.00000E-01	1.54494E+01	9.75439E-01
8.00000E-01	1.57303E+01	9.85214E-01
8.00000E-01	1.60112E+01	9.94218E-01
8.00000E-01	1.62921E+01	1.00228E+00
8.00000E-01	1.65730E+01	1.00901E+00
8.00000E-01	1.68539E+01	1.01433E+00
8.00000E-01	1.71348E+01	1.01869E+00
8.00000E-01	1.74157E+01	1.02166E+00
8.00000E-01	1.76966E+01	1.02344E+00
8.00000E-01	1.79775E+01	1.02464E+00
8.00000E-01	1.82584E+01	1.02532E+00
8.00000E-01	1.85393E+01	1.02500E+00
8.00000E-01	1.88202E+01	1.02386E+00
8.00000E-01	1.91011E+01	1.02215E+00
8.00000E-01	1.93820E+01	1.01949E+00
8.00000E-01	1.96629E+01	1.01568E+00
8.00000E-01	1.99438E+01	1.01120E+00
8.00000E-01	2.02247E+01	1.00630E+00
8.00000E-01	2.05056E+01	1.00080E+00
8.00000E-01	2.07865E+01	9.94753E-01
8.00000E-01	2.10674E+01	9.88432E-01
8.00000E-01	2.13483E+01	9.81868E-01
8.00000E-01	2.16292E+01	9.74930E-01
8.00000E-01	2.19101E+01	9.67764E-01
8.00000E-01	2.21910E+01	9.60441E-01
8.00000E-01	2.24719E+01	9.52855E-01
8.00000E-01	2.27528E+01	9.45042E-01
8.00000E-01	2.30337E+01	9.37201E-01
8.00000E-01	2.33146E+01	9.29380E-01
8.00000E-01	2.35955E+01	9.21482E-01
8.00000E-01	2.38764E+01	9.13611E-01
8.00000E-01	2.41573E+01	9.05922E-01
8.00000E-01	2.44382E+01	8.98356E-01
8.00000E-01	2.47191E+01	8.90837E-01
8.00000E-01	2.50000E+01	8.83472E-01
9.00000E-01	0.00000E+00	1.02169E+00
9.00000E-01	2.80899E-01	1.08905E+00
9.00000E-01	5.61798E-01	9.47035E-01
9.00000E-01	8.42697E-01	8.50071E-01
9.00000E-01	1.12360E+00	8.23597E-01
9.00000E-01	1.40449E+00	8.32913E-01
9.00000E-01	1.68539E+00	8.41052E-01
9.00000E-01	1.96629E+00	8.55443E-01
9.00000E-01	2.24719E+00	8.89957E-01
9.00000E-01	2.52809E+00	9.50076E-01
9.00000E-01	2.80899E+00	1.03768E+00
9.00000E-01	3.08989E+00	1.15762E+00
9.00000E-01	3.37079E+00	1.30945E+00
9.00000E-01	3.65169E+00	1.44472E+00
9.00000E-01	3.93258E+00	1.50313E+00
9.00000E-01	4.21348E+00	1.49462E+00
9.00000E-01	4.49438E+00	1.44793E+00
9.00000E-01	4.77528E+00	1.38361E+00
9.00000E-01	5.05618E+00	1.31337E+00
9.00000E-01	5.33708E+00	1.24316E+00
9.00000E-01	5.61798E+00	1.17591E+00
9.00000E-01	5.89888E+00	1.11308E+00
9.00000E-01	6.17978E+00	1.05510E+00
9.00000E-01	6.46067E+00	1.00185E+00
9.00000E-01	6.74157E+00	9.53256E-01
9.00000E-01	7.02247E+00	9.09298E-01
9.00000E-01	7.30337E+00	8.70116E-01
9.00000E-01	7.58427E+00	8.35570E-01
9.00000E-01	7.86517E+00	8.05660E-01
9.00000E-01	8.14607E+00	7.80071E-01
9.00000E-01	8.42697E+00	7.58839E-01
9.00000E-01	8.70787E+00	7.41658E-01
9.00000E-01	8.98876E+00	7.28420E-01
9.00000E-01	9.26966E+00	7.19051E-01
9.00000E-01	9.55056E+00	7.13321E-01
9.00000E-01	9.83146E+00	7.11190E-01
9.00000E-01	1.01124E+01	7.12174E-01
9.00000E-01	1.03933E+01	7.16321E-01
9.00000E-01	1.06742E+01	7.23028E-01
9.00000E-01	1.09551E+01	7.32231E-01
9.00000E-01	1.12360E+01	7.43298E-01
9.00000E-01	1.15169E+01	7.56100E-01
9.00000E-01	1.17978E+01	7.70384E-01
9.00000E-01	1.20787E+01	7.85844E-01
9.00000E-01	1.23596E+01	8.02332E-01
9.00000E-01	1.26404E+01	8.19034E-01
9.00000E-01	1.29213E+01	8.35828E-01
9.00000E-01	1.32022E+01	8.52331E-01
9.00000E-01	1.34831E+01	8.68762E-01
9.00000E-01	1.37640E+01	8.84905E-01
9.00000E-01	1.40449E+01	9.00625E-01
9.00000E-01	1.43258E+01	9.15584E-01
9.00000E-01	1.46067E+01	9.29341E-01
9.00000E-01	1.48876E+01	9.41898E-01
9.00000E-01	1.51685E+01	9.53268E-01
9.00000E-01	1.54494E+01	9.63816E-01
9.00000E-01	1.57303E+01	9.73480E-01
9.00000E-01	1.60112E+01	9.82370E-01
9.00000E-01	1.62921E+01	9.90325E-01
9.00000E-01	1.65730E+01	9.96966E-01
9.00000E-01	1.68539E+01	1.00224E+00
9.00000E-01	1.71348E+01	1.00653E+00
9.00000E-01	1.74157E+01	1.00947E+00
9.00000E-01	1.76966E+01	1.01124E+00
9.00000E-01	1.79775E+01	1.01243E+00
9.00000E-01	1.82584E+01	1.01308E+00
9.00000E-01	1.85393E+01	1.01277E+00
9.00000E-01	1.88202E+01	1.01166E+00
9.00000E-01	1.91011E+01	1.00996E+00
9.00000E-01	1.93820E+01	1.00732E+00
9.00000E-01	1.96629E+01	1.00356E+00
9.00000E-01	1.99438E+01	9.99141E-01
9.00000E-01	2.02247E+01	9.94298E-01
9.00000E-01	2.05056E+01	9.88868E-01
9.00000E-01	2.07865E+01	9.82896E-01
9.00000E-01	2.10674E+01	9.76651E-01
9.00000E-01	2.13483E+01	9.70160E-01
9.00000E-01	2.16292E+01	9.63309E-01
9.00000E-01	2.19101E+01	9.56230E-01
9.00000E-01	2.21910E+01	9.48992E-01
9.00000E-01	2.24719E+01	9.41497E-01
9.00000E-01	2.27528E+01	9.33781E-01
9.00000E-01	2.30337E+01	9.26035E-01
9.00000E-01	2.33146E+01	9.18304E-01
9.00000E-01	2.35955E+01	9.10504E-01
9.00000E-01	2.38764E+01	9.02731E-01
9.00000E-01	2.41573E+01	8.95132E-01
9.00000E-01	2.44382E+01	8.87654E-01
9.00000E-01	2.47191E+01	8.80227E-01
9.00000E-01	2.50000E+01	8.72952E-01
1.00000E+00	0.00000E+00	1.02154E+00
1.00000E+00	2.80899E-01	1.06769E+00
1.00000E+00	5.61798E-01	9.35202E-01
1.00000E+00	8.42697E-01	8.41412E-01
1.00000E+00	1.12360E+00	8.16457E-01
1.00000E+00	1.40449E+00	8.24964E-01
1.00000E+00	1.68539E+00	8.33440E-01
1.00000E+00	1.96629E+00	8.48293E-01
1.00000E+00	2.24719E+00	8.82863E-01
1.00000E+00	2.52809E+00	9.42676E-01
1.00000E+00	2.80899E+00	1.02979E+00
1.00000E+00	3.08989E+00	1.14877E+00
1.00000E+00	3.37079E+00	1.29778E+00
1.00000E+00	3.65169E+00	1.42950E+00
1.00000E+00	3.93258E+00	1.48722E+00
1.00000E+00	4.21348E+00	1.47932E+00
1.00000E+00	4.49438E+00	1.43351E+00
1.00000E+00	4.77528E+00	1.37010E+00
1.00000E+00	5.05618E+00	1.30069E+00
1.00000E+00	5.33708E+00	1.23124E+00
1.00000E+00	5.61798E+00	1.16470E+00
1.00000E+00	5.89888E+00	1.10250E+00
1.00000E+00	6.17978E+00	1.04509E+00
1.00000E+00	6.46067E+00	9.92368E-01
1.00000E+00	6.74157E+00	9.44252E-01
1.00000E+00	7.02247E+00	9.00735E-01
1.00000E+00	7.30337E+00	8.61936E-01
1.00000E+00	7.58427E+00	8.27738E-01
1.00000E+00	7.86517E+00	7.98113E-01
1.00000E+00	8.14607E+00	7.72785E-01
1.00000E+00	8.42697E+00	7.51755E-01
1.00000E+00	8.70787E+00	7.34747E-01
1.00000E+00	8.98876E+00	7.21643E-01
1.00000E+00	9.26966E+00	7.12364E-01
1.00000E+00	9.55056E+00	7.06699E-01
1.00000E+00	9.83146E+00	7.04578E-01
1.00000E+00	1.01124E+01	7.05568E-01
1.00000E+00	1.03933E+01	7.09657E-01
1.00000E+00	1.06742E+01	7.16312E-01
1.00000E+00	1.09551E+01	7.25408E-01
1.00000E+00	1.12360E+01	7.36373E-01
1.00000E+00	1.15169E+01	7.49050E-01
1.00000E+00	1.17978E+01	7.63190E-01
1.00000E+00	1.20787E+01	7.78505E-01
1.00000E+00	1.23596E+01	7.94809E-01
1.00000E+00	1.26404E+01	8.11356E-01
1.00000E+00	1.29213E+01	8.27973E-01
1.00000E+00	1.32022E+01	8.44331E-01
1.00000E+00	1.34831E+01	8.60596E-01
1.00000E+00	1.37640E+01	8.76583E-01
1.00000E+00	1.40449E+01	8.92143E-01
1.00000E+00	1.43258E+01	9.06944E-01
1.00000E+00	1.46067E+01	9.20573E-01
1.00000E+00	1.48876E+01	9.33005E-01
1.00000E+00	1.51685E+01	9.44280E-01
1.00000E+00	1.54494E+01	9.54722E-01
1.00000E+00	1.57303E+01	9.64299E-01
1.00000E+00	1.60112E+01	9.73098E-01
1.00000E+00	1.62921E+01	9.80965E-01
1.00000E+00	1.65730E+01	9.87539E-01
1.00000E+00	1.68539E+01	9.92774E-01
1.00000E+00	1.71348E+01	9.97007E-01
1.00000E+00	1.74157E+01	9.99927E-01
1.00000E+00	1.76966E+01	1.00170E+00
1.00000E+00	1.79775E+01	1.00287E+00
1.00000E+00	1.82584E+01	1.00351E+00
1.00000E+00	1.85393E+01	1.00320E+00
1.00000E+00	1.88202E+01	1.00210E+00
1.00000E+00	1.91011E+01	1.00041E+00
1.00000E+00	1.93820E+01	9.97788E-01
1.00000E+00	1.96629E+01	9.94082E-01
1.00000E+00	1.99438E+01	9.89706E-01
1.00000E+00	2.02247E+01	9.84903E-01
1.00000E+00	2.05056E+01	9.79525E-01
1.00000E+00	2.07865E+01	9.73616E-01
1.00000E+00	2.10674E+01	9.67431E-01
1.00000E+00	2.13483E+01	9.60997E-01
1.00000E+00	2.16292E+01	9.54215E-01
1.00000E+00	2.19101E+01	9.47204E-01
1.00000E+00	2.21910E+01	9.40031E-01
1.00000E+00	2.24719E+01	9.32607E-01
1.00000E+00	2.27528E+01	9.24970E-01
1.00000E+00	2.30337E+01	9.17299E-01
1.00000E+00	2.33146E+01	9.09638E-01
1.00000E+00	2.35955E+01	9.01914E-01
1.00000E+00	2.38764E+01	8.94219E-01
1.00000E+00	2.41573E+01	8.86690E-01
1.00000E+00	2.44382E+01	8.79281E-01
1.00000E+00	2.47191E+01	8.71927E-01
1.00000E+00	2.50000E+01	8.64721E-01
1.50000E+00	0.00000E+00	1.01281E+00
1.50000E+00	2.80899E-01	9.92522E-01
1.50000E+00	5.61798E-01	9.08787E-01
1.50000E+00	8.42697E-01	8.28547E-01
1.50000E+00	1.12360E+00	8.05881E-01
1.50000E+00	1.40449E+00	8.11658E-01
1.50000E+00	1.68539E+00	8.22258E-01
1.50000E+00	1.96629E+00	8.40539E-01
1.50000E+00	2.24719E+00	8.77175E-01
1.50000E+00	2.52809E+00	9.37912E-01
1.50000E+00	2.80899E+00	1.02555E+00
1.50000E+00	3.08989E+00	1.14260E+00
1.50000E+00	3.37079E+00	1.28059E+00
1.50000E+00	3.65169E+00	1.39830E+00
1.50000E+00	3.93258E+00	1.45332E+00
1.50000E+00	4.21348E+00	1.44833E+00
1.50000E+00	4.49438E+00	1.40602E+00
1.50000E+00	4.77528E+00	1.34551E+00
1.50000E+00	5.05618E+00	1.27834E+00
1.50000E+00	5.33708E+00	1.21069E+00
1.50000E+00	5.61798E+00	1.14566E+00
1.50000E+00	5.89888E+00	1.08471E+00
1.50000E+00	6.17978E+00	1.02837E+00
1.50000E+00	6.46067E+00	9.76620E-01
1.50000E+00	6.74157E+00	9.29404E-01
1.50000E+00	7.02247E+00	8.86725E-01
1.50000E+00	7.30337E+00	8.48639E-01
1.50000E+00	7.58427E+00	8.15089E-01
1.50000E+00	7.86517E+00	7.85984E-01
1.50000E+00	8.14607E+00	7.61148E-01
1.50000E+00	8.42697E+00	7.40484E-01
1.50000E+00	8.70787E+00	7.23802E-01
1.50000E+00	8.98876E+00	7.10958E-01
1.50000E+00	9.26966E+00	7.01852E-01
1.50000E+00	9.55056E+00	6.96322E-01
1.50000E+00	9.83146E+00	6.94208E-01
1.50000E+00	1.01124E+01	6.95226E-01
1.50000E+00	1.03933E+01	6.99192E-01
1.50000E+00	1.06742E+01	7.05752E-01
1.50000E+00	1.09551E+01	7.14629E-01
1.50000E+00	1.12360E+01	7.25412E-01
1.50000E+00	1.15169E+01	7.37860E-01
1.50000E+00	1.17978E+01	7.51736E-01
1.50000E+00	1.20787E+01	7.66783E-01
1.50000E+00	1.23596E+01	7.82700E-01
1.50000E+00	1.26404E+01	7.98955E-01
1.50000E+00	1.29213E+01	8.15243E-01
1.50000E+00	1.32022E+01	8.31366E-01
1.50000E+00	1.34831E+01	8.47334E-01
1.50000E+00	1.37640E+01	8.63034E-01
1.50000E+00	1.40449E+01	8.78280E-01
1.50000E+00	1.43258E+01	8.92761E-01
1.50000E+00	1.46067E+01	9.06157E-01
1.50000E+00	1.48876E+01	9.18384E-01
1.50000E+00	1.51685E+01	9.29527E-01
1.50000E+00	1.54494E+01	9.39789E-01
1.50000E+00	1.57303E+01	9.49222E-01
1.50000E+00	1.60112E+01	9.57842E-01
1.50000E+00	1.62921E+01	9.65513E-01
1.50000E+00	1.65730E+01	9.71962E-01
1.50000E+00	1.68539E+01	9.77154E-01
1.50000E+00	1.71348E+01	9.81263E-01
1.50000E+00	1.74157E+01	9.84157E-01
1.50000E+00	1.76966E+01	9.85981E-01
1.50000E+00	1.79775E+01	9.87143E-01
1.50000E+00	1.82584E+01	9.87698E-01
1.50000E+00	1.85393E+01	9.87412E-01
1.50000E+00	1.88202E+01	9.86354E-01
1.50000E+00	1.91011E+01	9.84626E-01
1.50000E+00	1.93820E+01	9.82014E-01
1.50000E+00	1.96629E+01	9.78427E-01
1.50000E+00	1.99438E+01	9.74157E-01
1.50000E+00	2.02247E+01	9.69405E-01
1.50000E+00	2.05056E+01	9.64116E-01
1.50000E+00	2.07865E+01	9.58338E-01
1.50000E+00	2.10674E+01	9.52254E-01
1.50000E+00	2.13483E+01	9.45904E-01
1.50000E+00	2.16292E+01	9.39245E-01
1.50000E+00	2.19101E+01	9.32354E-01
1.50000E+00	2.21910E+01	9.25278E-01
1.50000E+00	2.24719E+01	9.17976E-01
1.50000E+00	2.27528E+01	9.10488E-01
1.50000E+00	2.30337E+01	9.02945E-01
1.50000E+00	2.33146E+01	8.95394E-01
1.50000E+00	2.35955E+01	8.87806E-01
1.50000E+00	2.38764E+01	8.80255E-01
1.50000E+00	2.41573E+01	8.72839E-01
1.50000E+00	2.44382E+01	8.65536E-01
1.50000E+00	2.47191E+01	8.58312E-01
1.50000E+00	2.50000E+01	8.51224E-01
2.00000E+00	0.00000E+00	1.00015E+00
2.00000E+00	2.80899E-01	9.64436E-01
2.00000E+00	5.61798E-01	9.02956E-01
2.00000E+00	8.42697E-01	8.46330E-01
2.00000E+00	1.12360E+00	8.22166E-01
2.00000E+00	1.40449E+00	8.24538E-01
2.00000E+00	1.68539E+00	8.37074E-01
2.00000E+00	1.96629E+00	8.59868E-01
2.00000E+00	2.24719E+00	9.00673E-01
2.00000E+00	2.52809E+00	9.64960E-01
2.00000E+00	2.80899E+00	1.05548E+00
2.00000E+00	3.08989E+00	1.17189E+00
2.00000E+00	3.37079E+00	1.30121E+00
2.00000E+00	3.65169E+00	1.40826E+00
2.00000E+00	3.93258E+00	1.46071E+00
2.00000E+00	4.21348E+00	1.45818E+00
2.00000E+00	4.49438E+00	1.41874E+00
2.00000E+00	4.77528E+00	1.36001E+00
2.00000E+00	5.05618E+00	1.29360E+00
2.00000E+00	5.33708E+00	1.22606E+00
2.00000E+00	5.61798E+00	1.16079E+00
2.00000E+00	5.89888E+00	1.09940E+00
2.00000E+00	6.17978E+00	1.04254E+00
2.00000E+00	6.46067E+00	9.90274E-01
2.00000E+00	6.74157E+00	9.42599E-01
2.00000E+00	7.02247E+00	8.99518E-01
2.00000E+00	7.30337E+00	8.61056E-01
2.00000E+00	7.58427E+00	8.27169E-01
2.00000E+00	7.86517E+00	7.97757E-01
2.00000E+00	8.14607E+00	7.72674E-01
2.00000E+00	8.42697E+00	7.51793E-01
2.00000E+00	8.70787E+00	7.34948E-01
2.00000E+00	8.98876E+00	7.21993E-01
2.00000E+00	9.26966E+00	7.12808E-01
2.00000E+00	9.55056E+00	7.07239E-01
2.00000E+00	9.83146E+00	7.05099E-01
2.00000E+00	1.01124E+01	7.06143E-01
2.00000E+00	1.03933E+01	7.10132E-01
2.00000E+00	1.06742E+01	7.16757E-01
2.00000E+00	1.09551E+01	7.25696E-01
2.00000E+00	1.12360E+01	7.36596E-01
2.00000E+00	1.15169E+01	7.49179E-01
2.00000E+00	1.17978E+01	7.63200E-01
2.00000E+00	1.20787E+01	7.78389E-01
2.00000E+00	1.23596E+01	7.94409E-01
2.00000E+00	1.26404E+01	8.10813E-01
2.00000E+00	1.29213E+01	8.27272E-01
2.00000E+00	1.32022E+01	8.43609E-01
2.00000E+00	1.34831E+01	8.59764E-01
2.00000E+00	1.37640E+01	8.75626E-01
2.00000E+00	1.40449E+01	8.90997E-01
2.00000E+00	1.43258E+01	9.05590E-01
2.00000E+00	1.46067E+01	9.19134E-01
2.00000E+00	1.48876E+01	9.31533E-01
2.00000E+00	1.51685E+01	9.42863E-01
2.00000E+00	1.54494E+01	9.53271E-01
2.00000E+00	1.57303E+01	9.62824E-01
2.00000E+00	1.60112E+01	9.71518E-01
2.00000E+00	1.62921E+01	9.79222E-01
2.00000E+00	1.65730E+01	9.85734E-01
2.00000E+00	1.68539E+01	9.91013E-01
2.00000E+00	1.71348E+01	9.95148E-01
2.00000E+00	1.74157E+01	9.98106E-01
2.00000E+00	1.76966E+01	1.00003E+00
2.00000E+00	1.79775E+01	1.00122E+00
2.00000E+00	1.82584E+01	1.00173E+00
2.00000E+00	1.85393E+01	1.00144E+00
2.00000E+00	1.88202E+01	1.00037E+00
2.00000E+00	1.91011E+01	9.98566E-01
2.00000E+00	1.93820E+01	9.95891E-01
2.00000E+00	1.96629E+01	9.92304E-01
2.00000E+00	1.99438E+01	9.88012E-01
2.00000E+00	2.02247E+01	9.83184E-01
2.00000E+00	2.05056E+01	9.77829E-01
2.00000E+00	2.07865E+01	9.72003E-01
2.00000E+00	2.10674E+01	9.65841E-01
2.00000E+00	2.13483E+01	9.59393E-01
2.00000E+00	2.16292E+01	9.52652E-01
2.00000E+00	2.19101E+01	9.45670E-01
2.00000E+00	2.21910E+01	9.38486E-01
2.00000E+00	2.24719E+01	9.31089E-01
2.00000E+00	2.27528E+01	9.23521E-01
2.00000E+00	2.30337E+01	9.15883E-01
2.00000E+00	2.33146E+01	9.08222E-01
2.00000E+00	2.35955E+01	9.00543E-01
2.00000E+00	2.38764E+01	8.92905E-01
2.00000E+00	2.41573E+01	8.85381E-01
2.00000E+00	2.44382E+01	8.77970E-01
2.00000E+00	2.47191E+01	8.70654E-01
2.00000E+00	2.50000E+01	8.63467E-01
2.50000E+00	0.00000E+00	9.90085E-01
2.50000E+00	2.80899E-01	9.54922E-01
2.50000E+00	5.61798E-01	9.04375E-01
2.50000E+00	8.42697E-01	8.70387E-01
2.50000E+00	1.12360E+00	8.50474E-01
2.50000E+00	1.40449E+00	8.49921E-01
2.50000E+00	1.68539E+00	8.63231E-01
2.50000E+00	1.96629E+00	8.90166E-01
2.50000E+00	2.24719E+00	9.35762E-01
2.50000E+00	2.52809E+00	1.00432E+00
2.50000E+00	2.80899E+00	1.09751E+00
2.50000E+00	3.08989E+00	1.21210E+00
2.50000E+00	3.37079E+00	1.33293E+00
2.50000E+00	3.65169E+00	1.43048E+00
2.50000E+00	3.93258E+00	1.47977E+00
2.50000E+00	4.21348E+00	1.47905E+00
2.50000E+00	4.49438E+00	1.44238E+00
2.50000E+00	4.77528E+00	1.38550E+00
2.50000E+00	5.05618E+00	1.31981E+00
2.50000E+00	5.33708E+00	1.25218E+00
2.50000E+00	5.61798E+00	1.18634E+00
2.50000E+00	5.89888E+00	1.12413E+00
2.50000E+00	6.17978E+00	1.06634E+00
2.50000E+00	6.46067E+00	1.01317E+00
2.50000E+00	6.74157E+00	9.64667E-01
2.50000E+00	7.02247E+00	9.20838E-01
2.50000E+00	7.30337E+00	8.81697E-01
2.50000E+00	7.58427E+00	8.47200E-01
2.50000E+00	7.86517E+00	8.17250E-01
2.50000E+00	8.14607E+00	7.91713E-01
2.50000E+00	8.42697E+00	7.70452E-01
2.50000E+00	8.70787E+00	7.53311E-01
2.50000E+00	8.98876E+00	7.40142E-01
2.50000E+00	9.26966E+00	7.30810E-01
2.50000E+00	9.55056E+00	7.25156E-01
2.50000E+00	9.83146E+00	7.22982E-01
2.50000E+00	1.01124E+01	7.24051E-01
2.50000E+00	1.03933E+01	7.28104E-01
2.50000E+00	1.06742E+01	7.34837E-01
2.50000E+00	1.09551E+01	7.43922E-01
2.50000E+00	1.12360E+01	7.55020E-01
2.50000E+00	1.15169E+01	7.67841E-01
2.50000E+00	1.17978E+01	7.82117E-01
2.50000E+00	1.20787E+01	7.97562E-01
2.50000E+00	1.23596E+01	8.13826E-01
2.50000E+00	1.26404E+01	8.30505E-01
2.50000E+00	1.29213E+01	8.47279E-01
2.50000E+00	1.32022E+01	8.63956E-01
2.50000E+00	1.34831E+01	8.80434E-01
2.50000E+00	1.37640E+01	8.96586E-01
2.50000E+00	1.40449E+01	9.12210E-01
2.50000E+00	1.43258E+01	9.27042E-01
2.50000E+00	1.46067E+01	9.40847E-01
2.50000E+00	1.48876E+01	9.53530E-01
2.50000E+00	1.51685E+01	9.65142E-01
2.50000E+00	1.54494E+01	9.75793E-01
2.50000E+00	1.57303E+01	9.85547E-01
2.50000E+00	1.60112E+01	9.94387E-01
2.50000E+00	1.62921E+01	1.00220E+00
2.50000E+00	1.65730E+01	1.00882E+00
2.50000E+00	1.68539E+01	1.01422E+00
2.50000E+00	1.71348E+01	1.01844E+00
2.50000E+00	1.74157E+01	1.02149E+00
2.50000E+00	1.76966E+01	1.02352E+00
2.50000E+00	1.79775E+01	1.02475E+00
2.50000E+00	1.82584E+01	1.02524E+00
2.50000E+00	1.85393E+01	1.02493E+00
2.50000E+00	1.88202E+01	1.02382E+00
2.50000E+00	1.91011E+01	1.02194E+00
2.50000E+00	1.93820E+01	1.01918E+00
2.50000E+00	1.96629E+01	1.01555E+00
2.50000E+00	1.99438E+01	1.01120E+00
2.50000E+00	2.02247E+01	1.00626E+00
2.50000E+00	2.05056E+01	1.00080E+00
2.50000E+00	2.07865E+01	9.94864E-01
2.50000E+00	2.10674E+01	9.88571E-01
2.50000E+00	2.13483E+01	9.81972E-01
2.50000E+00	2.16292E+01	9.75083E-01
2.50000E+00	2.19101E+01	9.67945E-01
2.50000E+00	2.21910E+01	9.60591E-01
2.50000E+00	2.24719E+01	9.53032E-01
2.50000E+00	2.27528E+01	9.45311E-01
2.50000E+00	2.30337E+01	9.37509E-01
2.50000E+00	2.33146E+01	9.29675E-01
2.50000E+00	2.35955E+01	9.21833E-01
2.50000E+00	2.38764E+01	9.14035E-01
2.50000E+00	2.41573E+01	9.06338E-01
2.50000E+00	2.44382E+01	8.98751E-01
2.50000E+00	2.47191E+01	8.91270E-01
2.50000E+00	2.50000E+01	8.83915E-01
3.00000E+00	0.00000E+00	9.83855E-01
3.00000E+00	2.80899E-01	9.53586E-01
3.00000E+00	5.61798E-01	9.12293E-01
3.00000E+00	8.42697E-01	8.91328E-01
3.00000E+00	1.12360E+00	8.80813E-01
3.00000E+00	1.40449E+00	8.81246E-01
3.00000E+00	1.68539E+00	8.95348E-01
3.00000E+00	1.96629E+00	9.25371E-01
3.00000E+00	2.24719E+00	9.74962E-01
3.00000E+00	2.52809E+00	1.04690E+00
3.00000E+00	2.80899E+00	1.14112E+00
3.00000E+00	3.08989E+00	1.25201E+00
3.00000E+00	3.37079E+00	1.36395E+00
3.00000E+00	3.65169E+00	1.45241E+00
3.00000E+00	3.93258E+00	1.49795E+00
3.00000E+00	4.21348E+00	1.49832E+00
3.00000E+00	4.49438E+00	1.46435E+00
3.00000E+00	4.77528E+00	1.40971E+00
3.00000E+00	5.05618E+00	1.34525E+00
3.00000E+00	5.33708E+00	1.27795E+00
3.00000E+00	5.61798E+00	1.21184E+00
3.00000E+00	5.89888E+00	1.14902E+00
3.00000E+00	6.17978E+00	1.09045E+00
3.00000E+00	6.46067E+00	1.03648E+00
3.00000E+00	6.74157E+00	9.87210E-01
3.00000E+00	7.02247E+00	9.42684E-01
3.00000E+00	7.30337E+00	9.02906E-01
3.00000E+00	7.58427E+00	8.67836E-01
3.00000E+00	7.86517E+00	8.37380E-01
3.00000E+00	8.14607E+00	8.11413E-01
3.00000E+00	8.42697E+00	7.89796E-01
3.00000E+00	8.70787E+00	7.72377E-01
3.00000E+00	8.98876E+00	7.59008E-01
3.00000E+00	9.26966E+00	7.49541E-01
3.00000E+00	9.55056E+00	7.43808E-01
3.00000E+00	9.83146E+00	7.41608E-01
3.00000E+00	1.01124E+01	7.42699E-01
3.00000E+00	1.03933E+01	7.46815E-01
3.00000E+00	1.06742E+01	7.53650E-01
3.00000E+00	1.09551E+01	7.62876E-01
3.00000E+00	1.12360E+01	7.74161E-01
3.00000E+00	1.15169E+01	7.87204E-01
3.00000E+00	1.17978E+01	8.01720E-01
3.00000E+00	1.20787E+01	8.17403E-01
3.00000E+00	1.23596E+01	8.33904E-01
3.00000E+00	1.26404E+01	8.50848E-01
3.00000E+00	1.29213E+01	8.67922E-01
3.00000E+00	1.32022E+01	8.84921E-01
3.00000E+00	1.34831E+01	9.01709E-01
3.00000E+00	1.37640E+01	9.18139E-01
3.00000E+00	1.40449E+01	9.34009E-01
3.00000E+00	1.43258E+01	9.49079E-01
3.00000E+00	1.46067E+01	9.63140E-01
3.00000E+00	1.48876E+01	9.76101E-01
3.00000E+00	1.51685E+01	9.87989E-01
3.00000E+00	1.54494E+01	9.98883E-01
3.00000E+00	1.57303E+01	1.00883E+00
3.00000E+00	1.60112E+01	1.01782E+00
3.00000E+00	1.62921E+01	1.02574E+00
3.00000E+00	1.65730E+01	1.03247E+00
3.00000E+00	1.68539E+01	1.03798E+00
3.00000E+00	1.71348E+01	1.04229E+00
3.00000E+00	1.74157E+01	1.04545E+00
3.00000E+00	1.76966E+01	1.04757E+00
3.00000E+00	1.79775E+01	1.04884E+00
3.00000E+00	1.82584E+01	1.04931E+00
3.00000E+00	1.85393E+01	1.04898E+00
3.00000E+00	1.88202E+01	1.04783E+00
3.00000E+00	1.91011E+01	1.04587E+00
3.00000E+00	1.93820E+01	1.04304E+00
3.00000E+00	1.96629E+01	1.03935E+00
3.00000E+00	1.99438E+01	1.03493E+00
3.00000E+00	2.02247E+01	1.02990E+00
3.00000E+00	2.05056E+01	1.02433E+00
3.00000E+00	2.07865E+01	1.01829E+00
3.00000E+00	2.10674E+01	1.01186E+00
3.00000E+00	2.13483E+01	1.00511E+00
3.00000E+00	2.16292E+01	9.98074E-01
3.00000E+00	2.19101E+01	9.90777E-01
3.00000E+00	2.21910E+01	9.83257E-01
3.00000E+00	2.24719E+01	9.75535E-01
3.00000E+00	2.27528E+01	9.67657E-01
3.00000E+00	2.30337E+01	9.59691E-01
3.00000E+00	2.33146E+01	9.51686E-01
3.00000E+00	2.35955E+01	9.43678E-01
3.00000E+00	2.38764E+01	9.35716E-01
3.00000E+00	2.41573E+01	9.27845E-01
3.00000E+00	2.44382E+01	9.20082E-01
3.00000E+00	2.47191E+01	9.12430E-01
3.00000E+00	2.50000E+01	9.04901E-01
3.50000E+00	0.00000E+00	9.80968E-01
3.50000E+00	2.80899E-01	9.56460E-01
3.50000E+00	5.61798E-01	9.24855E-01
3.50000E+00	8.42697E-01	9.09442E-01
3.50000E+00	1.12360E+00	9.08261E-01
3.50000E+00	1.40449E+00	9.13895E-01
3.50000E+00	1.68539E+00	9.30488E-01
3.50000E+00	1.96629E+00	9.63020E-01
3.50000E+00	2.24719E+00	1.01518E+00
3.50000E+00	2.52809E+00	1.08859E+00
3.50000E+00	2.80899E+00	1.18156E+00
3.50000E+00	3.08989E+00	1.28686E+00
3.50000E+00	3.37079E+00	1.38942E+00
3.50000E+00	3.65169E+00	1.46903E+00
3.50000E+00	3.93258E+00	1.51037E+00
3.50000E+00	4.21348E+00	1.51116E+00
3.50000E+00	4.49438E+00	1.47973E+00
3.50000E+00	4.77528E+00	1.42770E+00
3.50000E+00	5.05618E+00	1.36506E+00
3.50000E+00	5.33708E+00	1.29872E+00
3.50000E+00	5.61798E+00	1.23290E+00
3.50000E+00	5.89888E+00	1.16992E+00
3.50000E+00	6.17978E+00	1.11096E+00
3.50000E+00	6.46067E+00	1.05649E+00
3.50000E+00	6.74157E+00	1.00672E+00
3.50000E+00	7.02247E+00	9.61710E-01
3.50000E+00	7.30337E+00	9.21486E-01
3.50000E+00	7.58427E+00	8.86007E-01
3.50000E+00	7.86517E+00	8.55189E-01
3.50000E+00	8.14607E+00	8.28913E-01
3.50000E+00	8.42697E+00	8.07041E-01
3.50000E+00	8.70787E+00	7.89427E-01
3.50000E+00	8.98876E+00	7.75918E-01
3.50000E+00	9.26966E+00	7.66361E-01
3.50000E+00	9.55056E+00	7.60578E-01
3.50000E+00	9.83146E+00	7.58363E-01
3.50000E+00	1.01124E+01	7.59473E-01
3.50000E+00	1.03933E+01	7.63635E-01
3.50000E+00	1.06742E+01	7.70543E-01
3.50000E+00	1.09551E+01	7.79872E-01
3.50000E+00	1.12360E+01	7.91293E-01
3.50000E+00	1.15169E+01	8.04497E-01
3.50000E+00	1.17978E+01	8.19184E-01
3.50000E+00	1.20787E+01	8.35037E-01
3.50000E+00	1.23596E+01	8.51709E-01
3.50000E+00	1.26404E+01	8.68846E-01
3.50000E+00	1.29213E+01	8.86145E-01
3.50000E+00	1.32022E+01	9.03387E-01
3.50000E+00	1.34831E+01	9.20409E-01
3.50000E+00	1.37640E+01	9.37049E-01
3.50000E+00	1.40449E+01	9.53105E-01
3.50000E+00	1.43258E+01	9.68358E-01
3.50000E+00	1.46067E+01	9.82622E-01
3.50000E+00	1.48876E+01	9.95807E-01
3.50000E+00	1.51685E+01	1.00792E+00
3.50000E+00	1.54494E+01	1.01901E+00
3.50000E+00	1.57303E+01	1.02912E+00
3.50000E+00	1.60112E+01	1.03822E+00
3.50000E+00	1.62921E+01	1.04622E+00
3.50000E+00	1.65730E+01	1.05305E+00
3.50000E+00	1.68539E+01	1.05864E+00
3.50000E+00	1.71348E+01	1.06304E+00
3.50000E+00	1.74157E+01	1.06628E+00
3.50000E+00	1.76966E+01	1.06848E+00
3.50000E+00	1.79775E+01	1.06978E+00
3.50000E+00	1.82584E+01	1.07025E+00
3.50000E+00	1.85393E+01	1.06989E+00
3.50000E+00	1.88202E+01	1.06870E+00
3.50000E+00	1.91011E+01	1.06667E+00
3.50000E+00	1.93820E+01	1.06378E+00
3.50000E+00	1.96629E+01	1.06005E+00
3.50000E+00	1.99438E+01	1.05558E+00
3.50000E+00	2.02247E+01	1.05047E+00
3.50000E+00	2.05056E+01	1.04481E+00
3.50000E+00	2.07865E+01	1.03868E+00
3.50000E+00	2.10674E+01	1.03215E+00
3.50000E+00	2.13483E+01	1.02528E+00
3.50000E+00	2.16292E+01	1.01811E+00
3.50000E+00	2.19101E+01	1.01068E+00
3.50000E+00	2.21910E+01	1.00302E+00
3.50000E+00	2.24719E+01	9.95158E-01
3.50000E+00	2.27528E+01	9.87148E-01
3.50000E+00	2.30337E+01	9.79044E-01
3.50000E+00	2.33146E+01	9.70898E-01
3.50000E+00	2.35955E+01	9.62752E-01
3.50000E+00	2.38764E+01	9.54649E-01
3.50000E+00	2.41573E+01	9.46631E-01
3.50000E+00	2.44382E+01	9.38718E-01
3.50000E+00	2.47191E+01	9.30917E-01
3.50000E+00	2.50000E+01	9.23236E-01
4.00000E+00	0.00000E+00	9.80657E-01
4.00000E+00	2.80899E-01	9.61675E-01
4.00000E+00	5.61798E-01	9.38750E-01
4.00000E+00	8.42697E-01	9.26640E-01
4.00000E+00	1.12360E+00	9.32062E-01
4.00000E+00	1.40449E+00	9.44759E-01
4.00000E+00	1.68539E+00	9.65909E-01
4.00000E+00	1.96629E+00	1.00112E+00
4.00000E+00	2.24719E+00	1.05459E+00
4.00000E+00	2.52809E+00	1.12741E+00
4.00000E+00	2.80899E+00	1.21683E+00
4.00000E+00	3.08989E+00	1.31487E+00
4.00000E+00	3.37079E+00	1.40766E+00
4.00000E+00	3.65169E+00	1.47854E+00
4.00000E+00	3.93258E+00	1.51537E+00
4.00000E+00	4.21348E+00	1.51601E+00
4.00000E+00	4.49438E+00	1.48687E+00
4.00000E+00	4.77528E+00	1.43765E+00
4.00000E+00	5.05618E+00	1.37735E+00
4.00000E+00	5.33708E+00	1.31260E+00
4.00000E+00	5.61798E+00	1.24768E+00
4.00000E+00	5.89888E+00	1.18511E+00
4.00000E+00	6.17978E+00	1.12622E+00
4.00000E+00	6.46067E+00	1.07167E+00
4.00000E+00	6.74157E+00	1.02173E+00
4.00000E+00	7.02247E+00	9.76534E-01
4.00000E+00	7.30337E+00	9.36113E-01
4.00000E+00	7.58427E+00	9.00444E-01
4.00000E+00	7.86517E+00	8.69451E-01
4.00000E+00	8.14607E+00	8.43024E-01
4.00000E+00	8.42697E+00	8.21031E-01
4.00000E+00	8.70787E+00	8.03327E-01
4.00000E+00	8.98876E+00	7.89761E-01
4.00000E+00	9.26966E+00	7.80170E-01
4.00000E+00	9.55056E+00	7.74374E-01
4.00000E+00	9.83146E+00	7.72159E-01
4.00000E+00	1.01124E+01	7.73283E-01
4.00000E+00	1.03933E+01	7.77468E-01
4.00000E+00	1.06742E+01	7.84413E-01
4.00000E+00	1.09551E+01	7.93793E-01
4.00000E+00	1.12360E+01	8.05284E-01
4.00000E+00	1.15169E+01	8.18570E-01
4.00000E+00	1.17978E+01	8.33340E-01
4.00000E+00	1.20787E+01	8.49274E-01
4.00000E+00	1.23596E+01	8.66029E-01
4.00000E+00	1.26404E+01	8.83265E-01
4.00000E+00	1.29213E+01	9.00689E-01
4.00000E+00	1.32022E+01	9.18072E-01
4.00000E+00	1.34831E+01	9.35231E-01
4.00000E+00	1.37640E+01	9.51990E-01
4.00000E+00	1.40449E+01	9.68151E-01
4.00000E+00	1.43258E+01	9.83512E-01
4.00000E+00	1.46067E+01	9.97905E-01
4.00000E+00	1.48876E+01	1.01124E+00
4.00000E+00	1.51685E+01	1.02351E+00
4.00000E+00	1.54494E+01	1.03474E+00
4.00000E+00	1.57303E+01	1.04496E+00
4.00000E+00	1.60112E+01	1.05412E+00
4.00000E+00	1.62921E+01	1.06218E+00
4.00000E+00	1.65730E+01	1.06905E+00
4.00000E+00	1.68539E+01	1.07471E+00
4.00000E+00	1.71348E+01	1.07916E+00
4.00000E+00	1.74157E+01	1.08248E+00
4.00000E+00	1.76966E+01	1.08474E+00
4.00000E+00	1.79775E+01	1.08608E+00
4.00000E+00	1.82584E+01	1.08654E+00
4.00000E+00	1.85393E+01	1.08616E+00
4.00000E+00	1.88202E+01	1.08493E+00
4.00000E+00	1.91011E+01	1.08284E+00
4.00000E+00	1.93820E+01	1.07990E+00
4.00000E+00	1.96629E+01	1.07614E+00
4.00000E+00	1.99438E+01	1.07163E+00
4.00000E+00	2.02247E+01	1.06648E+00
4.00000E+00	2.05056E+01	1.06077E+00
4.00000E+00	2.07865E+01	1.05457E+00
4.00000E+00	2.10674E+01	1.04796E+00
4.00000E+00	2.13483E+01	1.04101E+00
4.00000E+00	2.16292E+01	1.03374E+00
4.00000E+00	2.19101E+01	1.02621E+00
4.00000E+00	2.21910E+01	1.01845E+00
4.00000E+00	2.24719E+01	1.01049E+00
4.00000E+00	2.27528E+01	1.00239E+00
4.00000E+00	2.30337E+01	9.94185E-01
4.00000E+00	2.33146E+01	9.85938E-01
4.00000E+00	2.35955E+01	9.77690E-01
4.00000E+00	2.38764E+01	9.69483E-01
4.00000E+00	2.41573E+01	9.61356E-01
4.00000E+00	2.44382E+01	9.53328E-01
4.00000E+00	2.47191E+01	9.45412E-01
4.00000E+00	2.50000E+01	9.37613E-01
5.00000E+00	0.00000E+00	9.85288E-01
5.00000E+00	2.80899E-01	9.75682E-01
5.00000E+00	5.61798E-01	9.65971E-01
5.00000E+00	8.42697E-01	9.61504E-01
5.00000E+00	1.12360E+00	9.72491E-01
5.00000E+00	1.40449E+00	9.96469E-01
5.00000E+00	1.68539E+00	1.02860E+00
5.00000E+00	1.96629E+00	1.07023E+00
5.00000E+00	2.24719E+00	1.12435E+00
5.00000E+00	2.52809E+00	1.19172E+00
5.00000E+00	2.80899E+00	1.26926E+00
5.00000E+00	3.08989E+00	1.34968E+00
5.00000E+00	3.37079E+00	1.42238E+00
5.00000E+00	3.65169E+00	1.47619E+00
5.00000E+00	3.93258E+00	1.50340E+00
5.00000E+00	4.21348E+00	1.50229E+00
5.00000E+00	4.49438E+00	1.47663E+00
5.00000E+00	4.77528E+00	1.43303E+00
5.00000E+00	5.05618E+00	1.37835E+00
5.00000E+00	5.33708E+00	1.31824E+00
5.00000E+00	5.61798E+00	1.25677E+00
5.00000E+00	5.89888E+00	1.19661E+00
5.00000E+00	6.17978E+00	1.13935E+00
5.00000E+00	6.46067E+00	1.08590E+00
5.00000E+00	6.74157E+00	1.03674E+00
5.00000E+00	7.02247E+00	9.92108E-01
5.00000E+00	7.30337E+00	9.52114E-01
5.00000E+00	7.58427E+00	9.16770E-01
5.00000E+00	7.86517E+00	8.86033E-01
5.00000E+00	8.14607E+00	8.59815E-01
5.00000E+00	8.42697E+00	8.38001E-01
5.00000E+00	8.70787E+00	8.20456E-01
5.00000E+00	8.98876E+00	8.07028E-01
5.00000E+00	9.26966E+00	7.97552E-01
5.00000E+00	9.55056E+00	7.91839E-01
5.00000E+00	9.83146E+00	7.89674E-01
5.00000E+00	1.01124E+01	7.90810E-01
5.00000E+00	1.03933E+01	7.94977E-01
5.00000E+00	1.06742E+01	8.01876E-01
5.00000E+00	1.09551E+01	8.11196E-01
5.00000E+00	1.12360E+01	8.22618E-01
5.00000E+00	1.15169E+01	8.35825E-01
5.00000E+00	1.17978E+01	8.50498E-01
5.00000E+00	1.20787E+01	8.66315E-01
5.00000E+00	1.23596E+01	8.82951E-01
5.00000E+00	1.26404E+01	9.00091E-01
5.00000E+00	1.29213E+01	9.17454E-01
5.00000E+00	1.32022E+01	9.34799E-01
5.00000E+00	1.34831E+01	9.51923E-01
5.00000E+00	1.37640E+01	9.68634E-01
5.00000E+00	1.40449E+01	9.84745E-01
5.00000E+00	1.43258E+01	1.00008E+00
5.00000E+00	1.46067E+01	1.01449E+00
5.00000E+00	1.48876E+01	1.02789E+00
5.00000E+00	1.51685E+01	1.04025E+00
5.00000E+00	1.54494E+01	1.05156E+00
5.00000E+00	1.57303E+01	1.06182E+00
5.00000E+00	1.60112E+01	1.07099E+00
5.00000E+00	1.62921E+01	1.07903E+00
5.00000E+00	1.65730E+01	1.08591E+00
5.00000E+00	1.68539E+01	1.09159E+00
5.00000E+00	1.71348E+01	1.09610E+00
5.00000E+00	1.74157E+01	1.09949E+00
5.00000E+00	1.76966E+01	1.10183E+00
5.00000E+00	1.79775E+01	1.10319E+00
5.00000E+00	1.82584E+01	1.10365E+00
5.00000E+00	1.85393E+01	1.10323E+00
5.00000E+00	1.88202E+01	1.10194E+00
5.00000E+00	1.91011E+01	1.09980E+00
5.00000E+00	1.93820E+01	1.09682E+00
5.00000E+00	1.96629E+01	1.09304E+00
5.00000E+00	1.99438E+01	1.08853E+00
5.00000E+00	2.02247E+01	1.08337E+00
5.00000E+00	2.05056E+01	1.07763E+00
5.00000E+00	2.07865E+01	1.07140E+00
5.00000E+00	2.10674E+01	1.06475E+00
5.00000E+00	2.13483E+01	1.05773E+00
5.00000E+00	2.16292E+01	1.05039E+00
5.00000E+00	2.19101E+01	1.04278E+00
5.00000E+00	2.21910E+01	1.03494E+00
5.00000E+00	2.24719E+01	1.02691E+00
5.00000E+00	2.27528E+01	1.01873E+00
5.00000E+00	2.30337E+01	1.01046E+00
5.00000E+00	2.33146E+01	1.00213E+00
5.00000E+00	2.35955E+01	9.93804E-01
5.00000E+00	2.38764E+01	9.85510E-01
5.00000E+00	2.41573E+01	9.77284E-01
5.00000E+00	2.44382E+01	9.69149E-01
5.00000E+00	2.47191E+01	9.61117E-01
5.00000E+00	2.50000E+01	9.53195E-01
6.00000E+00	0.00000E+00	9.94002E-01
6.00000E+00	2.80899E-01	9.91497E-01
6.00000E+00	5.61798E-01	9.90773E-01
6.00000E+00	8.42697E-01	9.94342E-01
6.00000E+00	1.12360E+00	1.00727E+00
6.00000E+00	1.40449E+00	1.03509E+00
6.00000E+00	1.68539E+00	1.07351E+00
6.00000E+00	1.96629E+00	1.11972E+00
6.00000E+00	2.24719E+00	1.17312E+00
6.00000E+00	2.52809E+00	1.23306E+00
6.00000E+00	2.80899E+00	1.29689E+00
6.00000E+00	3.08989E+00	1.35926E+00
6.00000E+00	3.37079E+00	1.41301E+00
6.00000E+00	3.65169E+00	1.45101E+00
6.00000E+00	3.93258E+00	1.46844E+00
6.00000E+00	4.21348E+00	1.46413E+00
6.00000E+00	4.49438E+00	1.44037E+00
6.00000E+00	4.77528E+00	1.40154E+00
6.00000E+00	5.05618E+00	1.35262E+00
6.00000E+00	5.33708E+00	1.29810E+00
6.00000E+00	5.61798E+00	1.24150E+00
6.00000E+00	5.89888E+00	1.18534E+00
6.00000E+00	6.17978E+00	1.13130E+00
6.00000E+00	6.46067E+00	1.08044E+00
6.00000E+00	6.74157E+00	1.03337E+00
6.00000E+00	7.02247E+00	9.90462E-01
6.00000E+00	7.30337E+00	9.51892E-01
6.00000E+00	7.58427E+00	9.17736E-01
6.00000E+00	7.86517E+00	8.87992E-01
6.00000E+00	8.14607E+00	8.62603E-01
6.00000E+00	8.42697E+00	8.41477E-01
6.00000E+00	8.70787E+00	8.24494E-01
6.00000E+00	8.98876E+00	8.11511E-01
6.00000E+00	9.26966E+00	8.02364E-01
6.00000E+00	9.55056E+00	7.96867E-01
6.00000E+00	9.83146E+00	7.94807E-01
6.00000E+00	1.01124E+01	7.95945E-01
6.00000E+00	1.03933E+01	8.00016E-01
6.00000E+00	1.06742E+01	8.06736E-01
6.00000E+00	1.09551E+01	8.15807E-01
6.00000E+00	1.12360E+01	8.26922E-01
6.00000E+00	1.15169E+01	8.39770E-01
6.00000E+00	1.17978E+01	8.54041E-01
6.00000E+00	1.20787E+01	8.69424E-01
6.00000E+00	1.23596E+01	8.85610E-01
6.00000E+00	1.26404E+01	9.02305E-01
6.00000E+00	1.29213E+01	9.19242E-01
6.00000E+00	1.32022E+01	9.36182E-01
6.00000E+00	1.34831E+01	9.52914E-01
6.00000E+00	1.37640E+01	9.69245E-01
6.00000E+00	1.40449E+01	9.84996E-01
6.00000E+00	1.43258E+01	1.00001E+00
6.00000E+00	1.46067E+01	1.01415E+00
6.00000E+00	1.48876E+01	1.02735E+00
6.00000E+00	1.51685E+01	1.03953E+00
6.00000E+00	1.54494E+01	1.05068E+00
6.00000E+00	1.57303E+01	1.06077E+00
6.00000E+00	1.60112E+01	1.06978E+00
6.00000E+00	1.62921E+01	1.07768E+00
6.00000E+00	1.65730E+01	1.08444E+00
6.00000E+00	1.68539E+01	1.09004E+00
6.00000E+00	1.71348E+01	1.09452E+00
6.00000E+00	1.74157E+01	1.09790E+00
6.00000E+00	1.76966E+01	1.10024E+00
6.00000E+00	1.79775E+01	1.10161E+00
6.00000E+00	1.82584E+01	1.10206E+00
6.00000E+00	1.85393E+01	1.10162E+00
6.00000E+00	1.88202E+01	1.10031E+00
6.00000E+00	1.91011E+01	1.09816E+00
6.00000E+00	1.93820E+01	1.09520E+00
6.00000E+00	1.96629E+01	1.09147E+00
6.00000E+00	1.99438E+01	1.08703E+00
6.00000E+00	2.02247E+01	1.08194E+00
6.00000E+00	2.05056E+01	1.07629E+00
6.00000E+00	2.07865E+01	1.07015E+00
6.00000E+00	2.10674E+01	1.06357E+00
6.00000E+00	2.13483E+01	1.05662E+00
6.00000E+00	2.16292E+01	1.04935E+00
6.00000E+00	2.19101E+01	1.04181E+00
6.00000E+00	2.21910E+01	1.03403E+00
6.00000E+00	2.24719E+01	1.02607E+00
6.00000E+00	2.27528E+01	1.01797E+00
6.00000E+00	2.30337E+01	1.00977E+00
6.00000E+00	2.33146E+01	1.00152E+00
6.00000E+00	2.35955E+01	9.93256E-01
6.00000E+00	2.38764E+01	9.85020E-01
6.00000E+00	2.41573E+01	9.76841E-01
6.00000E+00	2.44382E+01	9.68741E-01
6.00000E+00	2.47191E+01	9.60734E-01
6.00000E+00	2.50000E+01	9.52828E-01
7.00000E+00	0.00000E+00	1.00426E+00
7.00000E+00	2.80899E-01	1.00684E+00
7.00000E+00	5.61798E-01	1.01201E+00
7.00000E+00	8.42697E-01	1.02117E+00
7.00000E+00	1.12360E+00	1.03663E+00
7.00000E+00	1.40449E+00	1.06290E+00
7.00000E+00	1.68539E+00	1.10105E+00
7.00000E+00	1.96629E+00	1.14690E+00
7.00000E+00	2.24719E+00	1.19735E+00
7.00000E+00	2.52809E+00	1.24987E+00
7.00000E+00	2.80899E+00	1.30160E+00
7.00000E+00	3.08989E+00	1.34874E+00
7.00000E+00	3.37079E+00	1.38679E+00
7.00000E+00	3.65169E+00	1.41151E+00
7.00000E+00	3.93258E+00	1.42016E+00
7.00000E+00	4.21348E+00	1.41213E+00
7.00000E+00	4.49438E+00	1.38899E+00
7.00000E+00	4.77528E+00	1.35371E+00
7.00000E+00	5.05618E+00	1.30983E+00
7.00000E+00	5.33708E+00	1.26079E+00
7.00000E+00	5.61798E+00	1.20945E+00
7.00000E+00	5.89888E+00	1.15802E+00
7.00000E+00	6.17978E+00	1.10808E+00
7.00000E+00	6.46067E+00	1.06072E+00
7.00000E+00	6.74157E+00	1.01663E+00
7.00000E+00	7.02247E+00	9.76248E-01
7.00000E+00	7.30337E+00	9.39826E-01
7.00000E+00	7.58427E+00	9.07492E-01
7.00000E+00	7.86517E+00	8.79285E-01
7.00000E+00	8.14607E+00	8.55184E-01
7.00000E+00	8.42697E+00	8.35122E-01
7.00000E+00	8.70787E+00	8.18999E-01
7.00000E+00	8.98876E+00	8.06685E-01
7.00000E+00	9.26966E+00	7.98027E-01
7.00000E+00	9.55056E+00	7.92845E-01
7.00000E+00	9.83146E+00	7.90935E-01
7.00000E+00	1.01124E+01	7.92068E-01
7.00000E+00	1.03933E+01	7.95995E-01
7.00000E+00	1.06742E+01	8.02447E-01
7.00000E+00	1.09551E+01	8.11142E-01
7.00000E+00	1.12360E+01	8.21788E-01
7.00000E+00	1.15169E+01	8.34090E-01
7.00000E+00	1.17978E+01	8.47753E-01
7.00000E+00	1.20787E+01	8.62482E-01
7.00000E+00	1.23596E+01	8.77988E-01
7.00000E+00	1.26404E+01	8.93999E-01
7.00000E+00	1.29213E+01	9.10259E-01
7.00000E+00	1.32022E+01	9.26538E-01
7.00000E+00	1.34831E+01	9.42629E-01
7.00000E+00	1.37640E+01	9.58346E-01
7.00000E+00	1.40449E+01	9.73518E-01
7.00000E+00	1.43258E+01	9.88000E-01
7.00000E+00	1.46067E+01	1.00167E+00
7.00000E+00	1.48876E+01	1.01445E+00
7.00000E+00	1.51685E+01	1.02626E+00
7.00000E+00	1.54494E+01	1.03708E+00
7.00000E+00	1.57303E+01	1.04687E+00
7.00000E+00	1.60112E+01	1.05560E+00
7.00000E+00	1.62921E+01	1.06325E+00
7.00000E+00	1.65730E+01	1.06980E+00
7.00000E+00	1.68539E+01	1.07526E+00
7.00000E+00	1.71348E+01	1.07962E+00
7.00000E+00	1.74157E+01	1.08294E+00
7.00000E+00	1.76966E+01	1.08524E+00
7.00000E+00	1.79775E+01	1.08659E+00
7.00000E+00	1.82584E+01	1.08702E+00
7.00000E+00	1.85393E+01	1.08657E+00
7.00000E+00	1.88202E+01	1.08528E+00
7.00000E+00	1.91011E+01	1.08316E+00
7.00000E+00	1.93820E+01	1.08027E+00
7.00000E+00	1.96629E+01	1.07663E+00
7.00000E+00	1.99438E+01	1.07231E+00
7.00000E+00	2.02247E+01	1.06737E+00
7.00000E+00	2.05056E+01	1.06188E+00
7.00000E+00	2.07865E+01	1.05590E+00
7.00000E+00	2.10674E+01	1.04948E+00
7.00000E+00	2.13483E+01	1.04270E+00
7.00000E+00	2.16292E+01	1.03560E+00
7.00000E+00	2.19101E+01	1.02823E+00
7.00000E+00	2.21910E+01	1.02062E+00
7.00000E+00	2.24719E+01	1.01284E+00
7.00000E+00	2.27528E+01	1.00492E+00
7.00000E+00	2.30337E+01	9.96898E-01
7.00000E+00	2.33146E+01	9.88824E-01
7.00000E+00	2.35955E+01	9.80732E-01
7.00000E+00	2.38764E+01	9.72659E-01
7.00000E+00	2.41573E+01	9.64631E-01
7.00000E+00	2.44382E+01	9.56669E-01
7.00000E+00	2.47191E+01	9.48790E-01
7.00000E+00	2.50000E+01	9.41003E-01
8.00000E+00	0.00000E+00	1.01429E+00
8.00000E+00	2.80899E-01	1.02020E+00
8.00000E+00	5.61798E-01	1.02888E+00
8.00000E+00	8.42697E-01	1.04116E+00
8.00000E+00	1.12360E+00	1.05814E+00
8.00000E+00	1.40449E+00	1.08179E+00
8.00000E+00	1.68539E+00	1.11525E+00
8.00000E+00	1.96629E+00	1.15637E+00
8.00000E+00	2.24719E+00	1.20118E+00
8.00000E+00	2.52809E+00	1.24615E+00
8.00000E+00	2.80899E+00	1.28799E+00
8.00000E+00	3.08989E+00	1.32358E+00
8.00000E+00	3.37079E+00	1.34996E+00
8.00000E+00	3.65169E+00	1.36472E+00
8.00000E+00	3.93258E+00	1.36649E+00
8.00000E+00	4.21348E+00	1.35520E+00
8.00000E+00	4.49438E+00	1.33212E+00
8.00000E+00	4.77528E+00	1.29939E+00
8.00000E+00	5.05618E+00	1.25963E+00
8.00000E+00	5.33708E+00	1.21540E+00
8.00000E+00	5.61798E+00	1.16900E+00
8.00000E+00	5.89888E+00	1.12228E+00
8.00000E+00	6.17978E+00	1.07665E+00
8.00000E+00	6.46067E+00	1.03312E+00
8.00000E+00	6.74157E+00	9.92391E-01
8.00000E+00	7.02247E+00	9.54935E-01
8.00000E+00	7.30337E+00	9.21042E-01
8.00000E+00	7.58427E+00	8.90877E-01
8.00000E+00	7.86517E+00	8.64517E-01
8.00000E+00	8.14607E+00	8.41969E-01
8.00000E+00	8.42697E+00	8.23192E-01
8.00000E+00	8.70787E+00	8.08105E-01
8.00000E+00	8.98876E+00	7.96595E-01
8.00000E+00	9.26966E+00	7.88520E-01
8.00000E+00	9.55056E+00	7.83714E-01
8.00000E+00	9.83146E+00	7.81985E-01
8.00000E+00	1.01124E+01	7.83118E-01
8.00000E+00	1.03933E+01	7.86880E-01
8.00000E+00	1.06742E+01	7.93020E-01
8.00000E+00	1.09551E+01	8.01274E-01
8.00000E+00	1.12360E+01	8.11369E-01
8.00000E+00	1.15169E+01	8.23030E-01
8.00000E+00	1.17978E+01	8.35977E-01
8.00000E+00	1.20787E+01	8.49938E-01
8.00000E+00	1.23596E+01	8.64643E-01
8.00000E+00	1.26404E+01	8.79839E-01
8.00000E+00	1.29213E+01	8.95286E-01
8.00000E+00	1.32022E+01	9.10767E-01
8.00000E+00	1.34831E+01	9.26083E-01
8.00000E+00	1.37640E+01	9.41055E-01
8.00000E+00	1.40449E+01	9.55526E-01
8.00000E+00	1.43258E+01	9.69357E-01
8.00000E+00	1.46067E+01	9.82438E-01
8.00000E+00	1.48876E+01	9.94679E-01
8.00000E+00	1.51685E+01	1.00602E+00
8.00000E+00	1.54494E+01	1.01640E+00
8.00000E+00	1.57303E+01	1.02580E+00
8.00000E+00	1.60112E+01	1.03418E+00
8.00000E+00	1.62921E+01	1.04153E+00
8.00000E+00	1.65730E+01	1.04783E+00
8.00000E+00	1.68539E+01	1.05308E+00
8.00000E+00	1.71348E+01	1.05730E+00
8.00000E+00	1.74157E+01	1.06051E+00
8.00000E+00	1.76966E+01	1.06275E+00
8.00000E+00	1.79775E+01	1.06405E+00
8.00000E+00	1.82584E+01	1.06447E+00
8.00000E+00	1.85393E+01	1.06402E+00
8.00000E+00	1.88202E+01	1.06276E+00
8.00000E+00	1.91011E+01	1.06070E+00
8.00000E+00	1.93820E+01	1.05790E+00
8.00000E+00	1.96629E+01	1.05439E+00
8.00000E+00	1.99438E+01	1.05022E+00
8.00000E+00	2.02247E+01	1.04546E+00
8.00000E+00	2.05056E+01	1.04016E+00
8.00000E+00	2.07865E+01	1.03439E+00
8.00000E+00	2.10674E+01	1.02819E+00
8.00000E+00	2.13483E+01	1.02163E+00
8.00000E+00	2.16292E+01	1.01475E+00
8.00000E+00	2.19101E+01	1.00761E+00
8.00000E+00	2.21910E+01	1.00024E+00
8.00000E+00	2.24719E+01	9.92693E-01
8.00000E+00	2.27528E+01	9.85009E-01
8.00000E+00	2.30337E+01	9.77228E-01
8.00000E+00	2.33146E+01	9.69389E-01
8.00000E+00	2.35955E+01	9.61527E-01
8.00000E+00	2.38764E+01	9.53673E-01
8.00000E+00	2.41573E+01	9.45855E-01
8.00000E+00	2.44382E+01	9.38092E-01
8.00000E+00	2.47191E+01	9.30401E-01
8.00000E+00	2.50000E+01	9.22790E-01
9.00000E+00	0.00000E+00	1.02297E+00
9.00000E+00	2.80899E-01	1.03079E+00
9.00000E+00	5.61798E-01	1.04120E+00
9.00000E+00	8.42697E-01	1.05466E+00
9.00000E+00	1.12360E+00	1.07165E+00
9.00000E+00	1.40449E+00	1.09296E+00
9.00000E+00	1.68539E+00	1.12015E+00
9.00000E+00	1.96629E+00	1.15419E+00
9.00000E+00	2.24719E+00	1.19159E+00
9.00000E+00	2.52809E+00	1.22871E+00
9.00000E+00	2.80899E+00	1.26220E+00
9.00000E+00	3.08989E+00	1.28917E+00
9.00000E+00	3.37079E+00	1.30739E+00
9.00000E+00	3.65169E+00	1.31534E+00
9.00000E+00	3.93258E+00	1.31242E+00
9.00000E+00	4.21348E+00	1.29892E+00
9.00000E+00	4.49438E+00	1.27598E+00
9.00000E+00	4.77528E+00	1.24530E+00
9.00000E+00	5.05618E+00	1.20889E+00
9.00000E+00	5.33708E+00	1.16875E+00
9.00000E+00	5.61798E+00	1.12671E+00
9.00000E+00	5.89888E+00	1.08431E+00
9.00000E+00	6.17978E+00	1.04275E+00
9.00000E+00	6.46067E+00	1.00296E+00
9.00000E+00	6.74157E+00	9.65593E-01
9.00000E+00	7.02247E+00	9.31119E-01
9.00000E+00	7.30337E+00	8.99841E-01
9.00000E+00	7.58427E+00	8.71947E-01
9.00000E+00	7.86517E+00	8.47534E-01
9.00000E+00	8.14607E+00	8.26634E-01
9.00000E+00	8.42697E+00	8.09224E-01
9.00000E+00	8.70787E+00	7.95240E-01
9.00000E+00	8.98876E+00	7.84586E-01
9.00000E+00	9.26966E+00	7.77134E-01
9.00000E+00	9.55056E+00	7.72730E-01
9.00000E+00	9.83146E+00	7.71198E-01
9.00000E+00	1.01124E+01	7.72338E-01
9.00000E+00	1.03933E+01	7.75934E-01
9.00000E+00	1.06742E+01	7.81753E-01
9.00000E+00	1.09551E+01	7.89550E-01
9.00000E+00	1.12360E+01	7.99072E-01
9.00000E+00	1.15169E+01	8.10063E-01
9.00000E+00	1.17978E+01	8.22264E-01
9.00000E+00	1.20787E+01	8.35422E-01
9.00000E+00	1.23596E+01	8.49288E-01
9.00000E+00	1.26404E+01	8.63627E-01
9.00000E+00	1.29213E+01	8.78215E-01
9.00000E+00	1.32022E+01	8.92849E-01
9.00000E+00	1.34831E+01	9.07340E-01
9.00000E+00	1.37640E+01	9.21521E-01
9.00000E+00	1.40449E+01	9.35243E-01
9.00000E+00	1.43258E+01	9.48377E-01
9.00000E+00	1.46067E+01	9.60816E-01
9.00000E+00	1.48876E+01	9.72473E-01
9.00000E+00	1.51685E+01	9.83281E-01
9.00000E+00	1.54494E+01	9.93190E-01
9.00000E+00	1.57303E+01	1.00216E+00
9.00000E+00	1.60112E+01	1.01017E+00
9.00000E+00	1.62921E+01	1.01719E+00
9.00000E+00	1.65730E+01	1.02321E+00
9.00000E+00	1.68539E+01	1.02824E+00
9.00000E+00	1.71348E+01	1.03229E+00
9.00000E+00	1.74157E+01	1.03538E+00
9.00000E+00	1.76966E+01	1.03754E+00
9.00000E+00	1.79775E+01	1.03879E+00
9.00000E+00	1.82584E+01	1.03919E+00
9.00000E+00	1.85393E+01	1.03876E+00
9.00000E+00	1.88202E+01	1.03753E+00
9.00000E+00	1.91011E+01	1.03555E+00
9.00000E+00	1.93820E+01	1.03285E+00
9.00000E+00	1.96629E+01	1.02947E+00
9.00000E+00	1.99438E+01	1.02547E+00
9.00000E+00	2.02247E+01	1.02090E+00
9.00000E+00	2.05056E+01	1.01581E+00
9.00000E+00	2.07865E+01	1.01025E+00
9.00000E+00	2.10674E+01	1.00429E+00
9.00000E+00	2.13483E+01	9.97973E-01
9.00000E+00	2.16292E+01	9.91345E-01
9.00000E+00	2.19101E+01	9.84454E-01
9.00000E+00	2.21910E+01	9.77345E-01
9.00000E+00	2.24719E+01	9.70059E-01
9.00000E+00	2.27528E+01	9.62637E-01
9.00000E+00	2.30337E+01	9.55117E-01
9.00000E+00	2.33146E+01	9.47535E-01
9.00000E+00	2.35955E+01	9.39924E-01
9.00000E+00	2.38764E+01	9.32313E-01
9.00000E+00	2.41573E+01	9.24727E-01
9.00000E+00	2.44382E+01	9.17187E-01
9.00000E+00	2.47191E+01	9.09706E-01
9.00000E+00	2.50000E+01	9.02298E-01
1.00000E+01	0.00000E+00	1.02976E+00
1.00000E+01	2.80899E-01	1.03841E+00
1.00000E+01	5.61798E-01	1.04929E+00
1.00000E+01	8.42697E-01	1.06260E+00
1.00000E+01	1.12360E+00	1.07849E+00
1.00000E+01	1.40449E+00	1.09715E+00
1.00000E+01	1.68539E+00	1.11904E+00
1.00000E+01	1.96629E+00	1.14524E+00
1.00000E+01	2.24719E+00	1.17469E+00
1.00000E+01	2.52809E+00	1.20400E+00
1.00000E+01	2.80899E+00	1.23009E+00
1.00000E+01	3.08989E+00	1.25035E+00
1.00000E+01	3.37079E+00	1.26282E+00
1.00000E+01	3.65169E+00	1.26635E+00
1.00000E+01	3.93258E+00	1.26062E+00
1.00000E+01	4.21348E+00	1.24606E+00
1.00000E+01	4.49438E+00	1.22370E+00
1.00000E+01	4.77528E+00	1.19496E+00
1.00000E+01	5.05618E+00	1.16146E+00
1.00000E+01	5.33708E+00	1.12485E+00
1.00000E+01	5.61798E+00	1.08661E+00
1.00000E+01	5.89888E+00	1.04803E+00
1.00000E+01	6.17978E+00	1.01015E+00
1.00000E+01	6.46067E+00	9.73800E-01
1.00000E+01	6.74157E+00	9.39583E-01
1.00000E+01	7.02247E+00	9.07941E-01
1.00000E+01	7.30337E+00	8.79176E-01
1.00000E+01	7.58427E+00	8.53483E-01
1.00000E+01	7.86517E+00	8.30973E-01
1.00000E+01	8.14607E+00	8.11689E-01
1.00000E+01	8.42697E+00	7.95626E-01
1.00000E+01	8.70787E+00	7.82732E-01
1.00000E+01	8.98876E+00	7.72924E-01
1.00000E+01	9.26966E+00	7.66089E-01
1.00000E+01	9.55056E+00	7.62086E-01
1.00000E+01	9.83146E+00	7.60752E-01
1.00000E+01	1.01124E+01	7.61904E-01
1.00000E+01	1.03933E+01	7.65341E-01
1.00000E+01	1.06742E+01	7.70848E-01
1.00000E+01	1.09551E+01	7.78200E-01
1.00000E+01	1.12360E+01	7.87162E-01
1.00000E+01	1.15169E+01	7.97497E-01
1.00000E+01	1.17978E+01	8.08968E-01
1.00000E+01	1.20787E+01	8.21338E-01
1.00000E+01	1.23596E+01	8.34380E-01
1.00000E+01	1.26404E+01	8.47873E-01
1.00000E+01	1.29213E+01	8.61613E-01
1.00000E+01	1.32022E+01	8.75408E-01
1.00000E+01	1.34831E+01	8.89082E-01
1.00000E+01	1.37640E+01	9.02477E-01
1.00000E+01	1.40449E+01	9.15453E-01
1.00000E+01	1.43258E+01	9.27889E-01
1.00000E+01	1.46067E+01	9.39682E-01
1.00000E+01	1.48876E+01	9.50748E-01
1.00000E+01	1.51685E+01	9.61020E-01
1.00000E+01	1.54494E+01	9.70446E-01
1.00000E+01	1.57303E+01	9.78986E-01
1.00000E+01	1.60112E+01	9.86612E-01
1.00000E+01	1.62921E+01	9.93304E-01
1.00000E+01	1.65730E+01	9.99053E-01
1.00000E+01	1.68539E+01	1.00386E+00
1.00000E+01	1.71348E+01	1.00773E+00
1.00000E+01	1.74157E+01	1.01069E+00
1.00000E+01	1.76966E+01	1.01276E+00
1.00000E+01	1.79775E+01	1.01396E+00
1.00000E+01	1.82584E+01	1.01434E+00
1.00000E+01	1.85393E+01	1.01392E+00
1.00000E+01	1.88202E+01	1.01274E+00
1.00000E+01	1.91011E+01	1.01083E+00
1.00000E+01	1.93820E+01	1.00823E+00
1.00000E+01	1.96629E+01	1.00500E+00
1.00000E+01	1.99438E+01	1.00116E+00
1.00000E+01	2.02247E+01	9.96772E-01
1.00000E+01	2.05056E+01	9.91887E-01
1.00000E+01	2.07865E+01	9.86555E-01
1.00000E+01	2.10674E+01	9.80826E-01
1.00000E+01	2.13483E+01	9.74749E-01
1.00000E+01	2.16292E+01	9.68370E-01
1.00000E+01	2.19101E+01	9.61734E-01
1.00000E+01	2.21910E+01	9.54883E-01
1.00000E+01	2.24719E+01	9.47857E-01
1.00000E+01	2.27528E+01	9.40696E-01
1.00000E+01	2.30337E+01	9.33434E-01
1.00000E+01	2.33146E+01	9.26107E-01
1.00000E+01	2.35955E+01	9.18745E-01
1.00000E+01	2.38764E+01	9.11375E-01
1.00000E+01	2.41573E+01	9.04021E-01
1.00000E+01	2.44382E+01	8.96703E-01
1.00000E+01	2.47191E+01	8.89435E-01
1.00000E+01	2.50000E+01	8.82229E-01
