1.00000E-04	0.00000E+00	9.85358E-01
1.00000E-04	2.80899E-01	1.61452E-01
1.00000E-04	5.61798E-01	1.25856E-01
1.00000E-04	8.42697E-01	1.06247E-01
1.00000E-04	1.12360E+00	9.60413E-02
1.00000E-04	1.40449E+00	9.00862E-02
1.00000E-04	1.68539E+00	8.78184E-02
1.00000E-04	1.96629E+00	8.88438E-02
1.00000E-04	2.24719E+00	9.25098E-02
1.00000E-04	2.52809E+00	9.85454E-02
1.00000E-04	2.80899E+00	1.03035E-01
1.00000E-04	3.08989E+00	9.63615E-02
1.00000E-04	3.37079E+00	8.76316E-02
1.00000E-04	3.65169E+00	7.94424E-02
1.00000E-04	3.93258E+00	7.22150E-02
1.00000E-04	4.21348E+00	6.59509E-02
1.00000E-04	4.49438E+00	6.05154E-02
1.00000E-04	4.77528E+00	5.57860E-02
1.00000E-04	5.05618E+00	5.16510E-02
1.00000E-04	5.33708E+00	4.80245E-02
1.00000E-04	5.61798E+00	4.48226E-02
1.00000E-04	5.89888E+00	4.19892E-02
1.00000E-04	6.17978E+00	3.94679E-02
1.00000E-04	6.46067E+00	3.72192E-02
1.00000E-04	6.74157E+00	3.52112E-02
1.00000E-04	7.02247E+00	3.34092E-02
1.00000E-04	7.30337E+00	3.17906E-02
1.00000E-04	7.58427E+00	3.03361E-02
1.00000E-04	7.86517E+00	2.90231E-02
1.00000E-04	8.14607E+00	2.78438E-02
1.00000E-04	8.42697E+00	2.67736E-02
1.00000E-04	8.70787E+00	2.58116E-02
1.00000E-04	8.98876E+00	2.49418E-02
1.00000E-04	9.26966E+00	2.41637E-02
1.00000E-04	9.55056E+00	2.34604E-02
1.00000E-04	9.83146E+00	2.28293E-02
1.00000E-04	1.01124E+01	2.22627E-02
1.00000E-04	1.03933E+01	2.17499E-02
1.00000E-04	1.06742E+01	2.12934E-02
1.00000E-04	1.09551E+01	2.08759E-02
1.00000E-04	1.12360E+01	2.05112E-02
1.00000E-04	1.15169E+01	2.01744E-02
1.00000E-04	1.17978E+01	1.98709E-02
1.00000E-04	1.20787E+01	1.96050E-02
1.00000E-04	1.23596E+01	1.93600E-02
1.00000E-04	1.26404E+01	1.91384E-02
1.00000E-04	1.29213E+01	1.89409E-02
1.00000E-04	1.32022E+01	1.87712E-02
1.00000E-04	1.34831E+01	1.86106E-02
1.00000E-04	1.37640E+01	1.84668E-02
1.00000E-04	1.40449E+01	1.83369E-02
1.00000E-04	1.43258E+01	1.82117E-02
1.00000E-04	1.46067E+01	1.81004E-02
1.00000E-04	1.48876E+01	1.79851E-02
1.00000E-04	1.51685E+01	1.78795E-02
1.00000E-04	1.54494E+01	1.77813E-02
1.00000E-04	1.57303E+01	1.76809E-02
1.00000E-04	1.60112E+01	1.75732E-02
1.00000E-04	1.62921E+01	1.74728E-02
1.00000E-04	1.65730E+01	1.73759E-02
1.00000E-04	1.68539E+01	1.72661E-02
1.00000E-04	1.71348E+01	1.71588E-02
1.00000E-04	1.74157E+01	1.70443E-02
1.00000E-04	1.76966E+01	1.69313E-02
1.00000E-04	1.79775E+01	1.68133E-02
1.00000E-04	1.82584E+01	1.66945E-02
1.00000E-04	1.85393E+01	1.65647E-02
1.00000E-04	1.88202E+01	1.64352E-02
1.00000E-04	1.91011E+01	1.63045E-02
1.00000E-04	1.93820E+01	1.61701E-02
1.00000E-04	1.96629E+01	1.60399E-02
1.00000E-04	1.99438E+01	1.59031E-02
1.00000E-04	2.02247E+01	1.57566E-02
1.00000E-04	2.05056E+01	1.56111E-02
1.00000E-04	2.07865E+01	1.54701E-02
1.00000E-04	2.10674E+01	1.53175E-02
1.00000E-04	2.13483E+01	1.51738E-02
1.00000E-04	2.16292E+01	1.50250E-02
1.00000E-04	2.19101E+01	1.48759E-02
1.00000E-04	2.21910E+01	1.47273E-02
1.00000E-04	2.24719E+01	1.45769E-02
1.00000E-04	2.27528E+01	1.44249E-02
1.00000E-04	2.30337E+01	1.42777E-02
1.00000E-04	2.33146E+01	1.41283E-02
1.00000E-04	2.35955E+01	1.39788E-02
1.00000E-04	2.38764E+01	1.38323E-02
1.00000E-04	2.41573E+01	1.36884E-02
1.00000E-04	2.44382E+01	1.35397E-02
1.00000E-04	2.47191E+01	1.33952E-02
1.00000E-04	2.50000E+01	1.32501E-02
5.00000E-04	0.00000E+00	9.68164E-01
5.00000E-04	2.80899E-01	2.14952E-01
5.00000E-04	5.61798E-01	1.67582E-01
5.00000E-04	8.42697E-01	1.41483E-01
5.00000E-04	1.12360E+00	1.27866E-01
5.00000E-04	1.40449E+00	1.19953E-01
5.00000E-04	1.68539E+00	1.16934E-01
5.00000E-04	1.96629E+00	1.18299E-01
5.00000E-04	2.24719E+00	1.23180E-01
5.00000E-04	2.52809E+00	1.31217E-01
5.00000E-04	2.80899E+00	1.37195E-01
5.00000E-04	3.08989E+00	1.28311E-01
5.00000E-04	3.37079E+00	1.16685E-01
5.00000E-04	3.65169E+00	1.05780E-01
5.00000E-04	3.93258E+00	9.61572E-02
5.00000E-04	4.21348E+00	8.78144E-02
5.00000E-04	4.49438E+00	8.05785E-02
5.00000E-04	4.77528E+00	7.42813E-02
5.00000E-04	5.05618E+00	6.87753E-02
5.00000E-04	5.33708E+00	6.39465E-02
5.00000E-04	5.61798E+00	5.96830E-02
5.00000E-04	5.89888E+00	5.59102E-02
5.00000E-04	6.17978E+00	5.25530E-02
5.00000E-04	6.46067E+00	4.95588E-02
5.00000E-04	6.74157E+00	4.68850E-02
5.00000E-04	7.02247E+00	4.44856E-02
5.00000E-04	7.30337E+00	4.23306E-02
5.00000E-04	7.58427E+00	4.03937E-02
5.00000E-04	7.86517E+00	3.86453E-02
5.00000E-04	8.14607E+00	3.70750E-02
5.00000E-04	8.42697E+00	3.56501E-02
5.00000E-04	8.70787E+00	3.43691E-02
5.00000E-04	8.98876E+00	3.32127E-02
5.00000E-04	9.26966E+00	3.21748E-02
5.00000E-04	9.55056E+00	3.12384E-02
5.00000E-04	9.83146E+00	3.03981E-02
5.00000E-04	1.01124E+01	2.96436E-02
5.00000E-04	1.03933E+01	2.89599E-02
5.00000E-04	1.06742E+01	2.83530E-02
5.00000E-04	1.09551E+01	2.77971E-02
5.00000E-04	1.12360E+01	2.73115E-02
5.00000E-04	1.15169E+01	2.68630E-02
5.00000E-04	1.17978E+01	2.64589E-02
5.00000E-04	1.20787E+01	2.61049E-02
5.00000E-04	1.23596E+01	2.57786E-02
5.00000E-04	1.26404E+01	2.54836E-02
5.00000E-04	1.29213E+01	2.52206E-02
5.00000E-04	1.32022E+01	2.49945E-02
5.00000E-04	1.34831E+01	2.47807E-02
5.00000E-04	1.37640E+01	2.45892E-02
5.00000E-04	1.40449E+01	2.44162E-02
5.00000E-04	1.43258E+01	2.42495E-02
5.00000E-04	1.46067E+01	2.41013E-02
5.00000E-04	1.48876E+01	2.39479E-02
5.00000E-04	1.51685E+01	2.38072E-02
5.00000E-04	1.54494E+01	2.36765E-02
5.00000E-04	1.57303E+01	2.35428E-02
5.00000E-04	1.60112E+01	2.33994E-02
5.00000E-04	1.62921E+01	2.32657E-02
5.00000E-04	1.65730E+01	2.31366E-02
5.00000E-04	1.68539E+01	2.29905E-02
5.00000E-04	1.71348E+01	2.28476E-02
5.00000E-04	1.74157E+01	2.26951E-02
5.00000E-04	1.76966E+01	2.25446E-02
5.00000E-04	1.79775E+01	2.23875E-02
5.00000E-04	1.82584E+01	2.22293E-02
5.00000E-04	1.85393E+01	2.20565E-02
5.00000E-04	1.88202E+01	2.18840E-02
5.00000E-04	1.91011E+01	2.17102E-02
5.00000E-04	1.93820E+01	2.15311E-02
5.00000E-04	1.96629E+01	2.13577E-02
5.00000E-04	1.99438E+01	2.11745E-02
5.00000E-04	2.02247E+01	2.09805E-02
5.00000E-04	2.05056E+01	2.07868E-02
5.00000E-04	2.07865E+01	2.05991E-02
5.00000E-04	2.10674E+01	2.03959E-02
5.00000E-04	2.13483E+01	2.02045E-02
5.00000E-04	2.16292E+01	2.00064E-02
5.00000E-04	2.19101E+01	1.98079E-02
5.00000E-04	2.21910E+01	1.96099E-02
5.00000E-04	2.24719E+01	1.94097E-02
5.00000E-04	2.27528E+01	1.92073E-02
5.00000E-04	2.30337E+01	1.90113E-02
5.00000E-04	2.33146E+01	1.88124E-02
5.00000E-04	2.35955E+01	1.86133E-02
5.00000E-04	2.38764E+01	1.84183E-02
5.00000E-04	2.41573E+01	1.82267E-02
5.00000E-04	2.44382E+01	1.80286E-02
5.00000E-04	2.47191E+01	1.78362E-02
5.00000E-04	2.50000E+01	1.76430E-02
1.00000E-03	0.00000E+00	9.64046E-01
1.00000E-03	2.80899E-01	2.50544E-01
1.00000E-03	5.61798E-01	1.95332E-01
1.00000E-03	8.42697E-01	1.64919E-01
1.00000E-03	1.12360E+00	1.49023E-01
1.00000E-03	1.40449E+00	1.39811E-01
1.00000E-03	1.68539E+00	1.36297E-01
1.00000E-03	1.96629E+00	1.37888E-01
1.00000E-03	2.24719E+00	1.43576E-01
1.00000E-03	2.52809E+00	1.52944E-01
1.00000E-03	2.80899E+00	1.59912E-01
1.00000E-03	3.08989E+00	1.49564E-01
1.00000E-03	3.37079E+00	1.36007E-01
1.00000E-03	3.65169E+00	1.23295E-01
1.00000E-03	3.93258E+00	1.12081E-01
1.00000E-03	4.21348E+00	1.02354E-01
1.00000E-03	4.49438E+00	9.39209E-02
1.00000E-03	4.77528E+00	8.65811E-02
1.00000E-03	5.05618E+00	8.01640E-02
1.00000E-03	5.33708E+00	7.45352E-02
1.00000E-03	5.61798E+00	6.95657E-02
1.00000E-03	5.89888E+00	6.51678E-02
1.00000E-03	6.17978E+00	6.12551E-02
1.00000E-03	6.46067E+00	5.77651E-02
1.00000E-03	6.74157E+00	5.46484E-02
1.00000E-03	7.02247E+00	5.18519E-02
1.00000E-03	7.30337E+00	4.93400E-02
1.00000E-03	7.58427E+00	4.70823E-02
1.00000E-03	7.86517E+00	4.50445E-02
1.00000E-03	8.14607E+00	4.32142E-02
1.00000E-03	8.42697E+00	4.15533E-02
1.00000E-03	8.70787E+00	4.00602E-02
1.00000E-03	8.98876E+00	3.87126E-02
1.00000E-03	9.26966E+00	3.75026E-02
1.00000E-03	9.55056E+00	3.64111E-02
1.00000E-03	9.83146E+00	3.54317E-02
1.00000E-03	1.01124E+01	3.45522E-02
1.00000E-03	1.03933E+01	3.37552E-02
1.00000E-03	1.06742E+01	3.30479E-02
1.00000E-03	1.09551E+01	3.23999E-02
1.00000E-03	1.12360E+01	3.18339E-02
1.00000E-03	1.15169E+01	3.13112E-02
1.00000E-03	1.17978E+01	3.08402E-02
1.00000E-03	1.20787E+01	3.04274E-02
1.00000E-03	1.23596E+01	3.00472E-02
1.00000E-03	1.26404E+01	2.97033E-02
1.00000E-03	1.29213E+01	2.93968E-02
1.00000E-03	1.32022E+01	2.91333E-02
1.00000E-03	1.34831E+01	2.88841E-02
1.00000E-03	1.37640E+01	2.86609E-02
1.00000E-03	1.40449E+01	2.84592E-02
1.00000E-03	1.43258E+01	2.82650E-02
1.00000E-03	1.46067E+01	2.80922E-02
1.00000E-03	1.48876E+01	2.79133E-02
1.00000E-03	1.51685E+01	2.77494E-02
1.00000E-03	1.54494E+01	2.75970E-02
1.00000E-03	1.57303E+01	2.74411E-02
1.00000E-03	1.60112E+01	2.72741E-02
1.00000E-03	1.62921E+01	2.71182E-02
1.00000E-03	1.65730E+01	2.69678E-02
1.00000E-03	1.68539E+01	2.67975E-02
1.00000E-03	1.71348E+01	2.66308E-02
1.00000E-03	1.74157E+01	2.64534E-02
1.00000E-03	1.76966E+01	2.62777E-02
1.00000E-03	1.79775E+01	2.60946E-02
1.00000E-03	1.82584E+01	2.59102E-02
1.00000E-03	1.85393E+01	2.57087E-02
1.00000E-03	1.88202E+01	2.55078E-02
1.00000E-03	1.91011E+01	2.53053E-02
1.00000E-03	1.93820E+01	2.50964E-02
1.00000E-03	1.96629E+01	2.48943E-02
1.00000E-03	1.99438E+01	2.46787E-02
1.00000E-03	2.02247E+01	2.44546E-02
1.00000E-03	2.05056E+01	2.42288E-02
1.00000E-03	2.07865E+01	2.40100E-02
1.00000E-03	2.10674E+01	2.37731E-02
1.00000E-03	2.13483E+01	2.35501E-02
1.00000E-03	2.16292E+01	2.33192E-02
1.00000E-03	2.19101E+01	2.30878E-02
1.00000E-03	2.21910E+01	2.28571E-02
1.00000E-03	2.24719E+01	2.26237E-02
1.00000E-03	2.27528E+01	2.23878E-02
1.00000E-03	2.30337E+01	2.21593E-02
1.00000E-03	2.33146E+01	2.19275E-02
1.00000E-03	2.35955E+01	2.16954E-02
1.00000E-03	2.38764E+01	2.14681E-02
1.00000E-03	2.41573E+01	2.12448E-02
1.00000E-03	2.44382E+01	2.10139E-02
1.00000E-03	2.47191E+01	2.07896E-02
1.00000E-03	2.50000E+01	2.05645E-02
5.00000E-03	0.00000E+00	9.53282E-01
5.00000E-03	2.80899E-01	3.85675E-01
5.00000E-03	5.61798E-01	3.00684E-01
5.00000E-03	8.42697E-01	2.53871E-01
5.00000E-03	1.12360E+00	2.29381E-01
5.00000E-03	1.40449E+00	2.15200E-01
5.00000E-03	1.68539E+00	2.09811E-01
5.00000E-03	1.96629E+00	2.12248E-01
5.00000E-03	2.24719E+00	2.20991E-01
5.00000E-03	2.52809E+00	2.35430E-01
5.00000E-03	2.80899E+00	2.46159E-01
5.00000E-03	3.08989E+00	2.30243E-01
5.00000E-03	3.37079E+00	2.09364E-01
5.00000E-03	3.65169E+00	1.89787E-01
5.00000E-03	3.93258E+00	1.72537E-01
5.00000E-03	4.21348E+00	1.57558E-01
5.00000E-03	4.49438E+00	1.44573E-01
5.00000E-03	4.77528E+00	1.33276E-01
5.00000E-03	5.05618E+00	1.23403E-01
5.00000E-03	5.33708E+00	1.14735E-01
5.00000E-03	5.61798E+00	1.07087E-01
5.00000E-03	5.89888E+00	1.00314E-01
5.00000E-03	6.17978E+00	9.42919E-02
5.00000E-03	6.46067E+00	8.89209E-02
5.00000E-03	6.74157E+00	8.41202E-02
5.00000E-03	7.02247E+00	7.98166E-02
5.00000E-03	7.30337E+00	7.59515E-02
5.00000E-03	7.58427E+00	7.24760E-02
5.00000E-03	7.86517E+00	6.93400E-02
5.00000E-03	8.14607E+00	6.65198E-02
5.00000E-03	8.42697E+00	6.39648E-02
5.00000E-03	8.70787E+00	6.16667E-02
5.00000E-03	8.98876E+00	5.95927E-02
5.00000E-03	9.26966E+00	5.77283E-02
5.00000E-03	9.55056E+00	5.60494E-02
5.00000E-03	9.83146E+00	5.45410E-02
5.00000E-03	1.01124E+01	5.31874E-02
5.00000E-03	1.03933E+01	5.19609E-02
5.00000E-03	1.06742E+01	5.08723E-02
5.00000E-03	1.09551E+01	4.98750E-02
5.00000E-03	1.12360E+01	4.89992E-02
5.00000E-03	1.15169E+01	4.81963E-02
5.00000E-03	1.17978E+01	4.74739E-02
5.00000E-03	1.20787E+01	4.68333E-02
5.00000E-03	1.23596E+01	4.62529E-02
5.00000E-03	1.26404E+01	4.57240E-02
5.00000E-03	1.29213E+01	4.52572E-02
5.00000E-03	1.32022E+01	4.48463E-02
5.00000E-03	1.34831E+01	4.44653E-02
5.00000E-03	1.37640E+01	4.41236E-02
5.00000E-03	1.40449E+01	4.38087E-02
5.00000E-03	1.43258E+01	4.35097E-02
5.00000E-03	1.46067E+01	4.32437E-02
5.00000E-03	1.48876E+01	4.29690E-02
5.00000E-03	1.51685E+01	4.27160E-02
5.00000E-03	1.54494E+01	4.24814E-02
5.00000E-03	1.57303E+01	4.22413E-02
5.00000E-03	1.60112E+01	4.19845E-02
5.00000E-03	1.62921E+01	4.17452E-02
5.00000E-03	1.65730E+01	4.15121E-02
5.00000E-03	1.68539E+01	4.12507E-02
5.00000E-03	1.71348E+01	4.09942E-02
5.00000E-03	1.74157E+01	4.07253E-02
5.00000E-03	1.76966E+01	4.04518E-02
5.00000E-03	1.79775E+01	4.01687E-02
5.00000E-03	1.82584E+01	3.98844E-02
5.00000E-03	1.85393E+01	3.95748E-02
5.00000E-03	1.88202E+01	3.92656E-02
5.00000E-03	1.91011E+01	3.89544E-02
5.00000E-03	1.93820E+01	3.86322E-02
5.00000E-03	1.96629E+01	3.83211E-02
5.00000E-03	1.99438E+01	3.79852E-02
5.00000E-03	2.02247E+01	3.76442E-02
5.00000E-03	2.05056E+01	3.72970E-02
5.00000E-03	2.07865E+01	3.69591E-02
5.00000E-03	2.10674E+01	3.65952E-02
5.00000E-03	2.13483E+01	3.62519E-02
5.00000E-03	2.16292E+01	3.58964E-02
5.00000E-03	2.19101E+01	3.55402E-02
5.00000E-03	2.21910E+01	3.51851E-02
5.00000E-03	2.24719E+01	3.48258E-02
5.00000E-03	2.27528E+01	3.44627E-02
5.00000E-03	2.30337E+01	3.41107E-02
5.00000E-03	2.33146E+01	3.37536E-02
5.00000E-03	2.35955E+01	3.33969E-02
5.00000E-03	2.38764E+01	3.30471E-02
5.00000E-03	2.41573E+01	3.27023E-02
5.00000E-03	2.44382E+01	3.23478E-02
5.00000E-03	2.47191E+01	3.20025E-02
5.00000E-03	2.50000E+01	3.16560E-02
1.00000E-02	0.00000E+00	9.53952E-01
1.00000E-02	2.80899E-01	4.68136E-01
1.00000E-02	5.61798E-01	3.64974E-01
1.00000E-02	8.42697E-01	3.08152E-01
1.00000E-02	1.12360E+00	2.78425E-01
1.00000E-02	1.40449E+00	2.61213E-01
1.00000E-02	1.68539E+00	2.54672E-01
1.00000E-02	1.96629E+00	2.57629E-01
1.00000E-02	2.24719E+00	2.68241E-01
1.00000E-02	2.52809E+00	2.85768E-01
1.00000E-02	2.80899E+00	2.98790E-01
1.00000E-02	3.08989E+00	2.79472E-01
1.00000E-02	3.37079E+00	2.54129E-01
1.00000E-02	3.65169E+00	2.30365E-01
1.00000E-02	3.93258E+00	2.09428E-01
1.00000E-02	4.21348E+00	1.91246E-01
1.00000E-02	4.49438E+00	1.75483E-01
1.00000E-02	4.77528E+00	1.61771E-01
1.00000E-02	5.05618E+00	1.49788E-01
1.00000E-02	5.33708E+00	1.39266E-01
1.00000E-02	5.61798E+00	1.29984E-01
1.00000E-02	5.89888E+00	1.21762E-01
1.00000E-02	6.17978E+00	1.14452E-01
1.00000E-02	6.46067E+00	1.07933E-01
1.00000E-02	6.74157E+00	1.02105E-01
1.00000E-02	7.02247E+00	9.68818E-02
1.00000E-02	7.30337E+00	9.21908E-02
1.00000E-02	7.58427E+00	8.79723E-02
1.00000E-02	7.86517E+00	8.41661E-02
1.00000E-02	8.14607E+00	8.07403E-02
1.00000E-02	8.42697E+00	7.76403E-02
1.00000E-02	8.70787E+00	7.48522E-02
1.00000E-02	8.98876E+00	7.23344E-02
1.00000E-02	9.26966E+00	7.00697E-02
1.00000E-02	9.55056E+00	6.80333E-02
1.00000E-02	9.83146E+00	6.62005E-02
1.00000E-02	1.01124E+01	6.45574E-02
1.00000E-02	1.03933E+01	6.30709E-02
1.00000E-02	1.06742E+01	6.17483E-02
1.00000E-02	1.09551E+01	6.05405E-02
1.00000E-02	1.12360E+01	5.94716E-02
1.00000E-02	1.15169E+01	5.84978E-02
1.00000E-02	1.17978E+01	5.76242E-02
1.00000E-02	1.20787E+01	5.68435E-02
1.00000E-02	1.23596E+01	5.61401E-02
1.00000E-02	1.26404E+01	5.55027E-02
1.00000E-02	1.29213E+01	5.49371E-02
1.00000E-02	1.32022E+01	5.44352E-02
1.00000E-02	1.34831E+01	5.39762E-02
1.00000E-02	1.37640E+01	5.35621E-02
1.00000E-02	1.40449E+01	5.31738E-02
1.00000E-02	1.43258E+01	5.28139E-02
1.00000E-02	1.46067E+01	5.24898E-02
1.00000E-02	1.48876E+01	5.21584E-02
1.00000E-02	1.51685E+01	5.18496E-02
1.00000E-02	1.54494E+01	5.15645E-02
1.00000E-02	1.57303E+01	5.12711E-02
1.00000E-02	1.60112E+01	5.09629E-02
1.00000E-02	1.62921E+01	5.06725E-02
1.00000E-02	1.65730E+01	5.03849E-02
1.00000E-02	1.68539E+01	5.00708E-02
1.00000E-02	1.71348E+01	4.97591E-02
1.00000E-02	1.74157E+01	4.94343E-02
1.00000E-02	1.76966E+01	4.91022E-02
1.00000E-02	1.79775E+01	4.87573E-02
1.00000E-02	1.82584E+01	4.84086E-02
1.00000E-02	1.85393E+01	4.80366E-02
1.00000E-02	1.88202E+01	4.76627E-02
1.00000E-02	1.91011E+01	4.72833E-02
1.00000E-02	1.93820E+01	4.68931E-02
1.00000E-02	1.96629E+01	4.65146E-02
1.00000E-02	1.99438E+01	4.61063E-02
1.00000E-02	2.02247E+01	4.56924E-02
1.00000E-02	2.05056E+01	4.52727E-02
1.00000E-02	2.07865E+01	4.48581E-02
1.00000E-02	2.10674E+01	4.44203E-02
1.00000E-02	2.13483E+01	4.40029E-02
1.00000E-02	2.16292E+01	4.35721E-02
1.00000E-02	2.19101E+01	4.31392E-02
1.00000E-02	2.21910E+01	4.27081E-02
1.00000E-02	2.24719E+01	4.22719E-02
1.00000E-02	2.27528E+01	4.18315E-02
1.00000E-02	2.30337E+01	4.14027E-02
1.00000E-02	2.33146E+01	4.09693E-02
1.00000E-02	2.35955E+01	4.05376E-02
1.00000E-02	2.38764E+01	4.01140E-02
1.00000E-02	2.41573E+01	3.96927E-02
1.00000E-02	2.44382E+01	3.92642E-02
1.00000E-02	2.47191E+01	3.88450E-02
1.00000E-02	2.50000E+01	3.84244E-02
5.00000E-02	0.00000E+00	9.60072E-01
5.00000E-02	2.80899E-01	7.16945E-01
5.00000E-02	5.61798E-01	5.59229E-01
5.00000E-02	8.42697E-01	4.72167E-01
5.00000E-02	1.12360E+00	4.26610E-01
5.00000E-02	1.40449E+00	4.00249E-01
5.00000E-02	1.68539E+00	3.90229E-01
5.00000E-02	1.96629E+00	3.94760E-01
5.00000E-02	2.24719E+00	4.11021E-01
5.00000E-02	2.52809E+00	4.37878E-01
5.00000E-02	2.80899E+00	4.57801E-01
5.00000E-02	3.08989E+00	4.28216E-01
5.00000E-02	3.37079E+00	3.89387E-01
5.00000E-02	3.65169E+00	3.52977E-01
5.00000E-02	3.93258E+00	3.20896E-01
5.00000E-02	4.21348E+00	2.93037E-01
5.00000E-02	4.49438E+00	2.68884E-01
5.00000E-02	4.77528E+00	2.47874E-01
5.00000E-02	5.05618E+00	2.29513E-01
5.00000E-02	5.33708E+00	2.13390E-01
5.00000E-02	5.61798E+00	1.99168E-01
5.00000E-02	5.89888E+00	1.86570E-01
5.00000E-02	6.17978E+00	1.75369E-01
5.00000E-02	6.46067E+00	1.65381E-01
5.00000E-02	6.74157E+00	1.56451E-01
5.00000E-02	7.02247E+00	1.48447E-01
5.00000E-02	7.30337E+00	1.41260E-01
5.00000E-02	7.58427E+00	1.34796E-01
5.00000E-02	7.86517E+00	1.28964E-01
5.00000E-02	8.14607E+00	1.23713E-01
5.00000E-02	8.42697E+00	1.18964E-01
5.00000E-02	8.70787E+00	1.14693E-01
5.00000E-02	8.98876E+00	1.10835E-01
5.00000E-02	9.26966E+00	1.07364E-01
5.00000E-02	9.55056E+00	1.04244E-01
5.00000E-02	9.83146E+00	1.01434E-01
5.00000E-02	1.01124E+01	9.89164E-02
5.00000E-02	1.03933E+01	9.66409E-02
5.00000E-02	1.06742E+01	9.46105E-02
5.00000E-02	1.09551E+01	9.27693E-02
5.00000E-02	1.12360E+01	9.11209E-02
5.00000E-02	1.15169E+01	8.96302E-02
5.00000E-02	1.17978E+01	8.82948E-02
5.00000E-02	1.20787E+01	8.70964E-02
5.00000E-02	1.23596E+01	8.60140E-02
5.00000E-02	1.26404E+01	8.50510E-02
5.00000E-02	1.29213E+01	8.41798E-02
5.00000E-02	1.32022E+01	8.34085E-02
5.00000E-02	1.34831E+01	8.27083E-02
5.00000E-02	1.37640E+01	8.20753E-02
5.00000E-02	1.40449E+01	8.14697E-02
5.00000E-02	1.43258E+01	8.09278E-02
5.00000E-02	1.46067E+01	8.04232E-02
5.00000E-02	1.48876E+01	7.99218E-02
5.00000E-02	1.51685E+01	7.94478E-02
5.00000E-02	1.54494E+01	7.90063E-02
5.00000E-02	1.57303E+01	7.85554E-02
5.00000E-02	1.60112E+01	7.80930E-02
5.00000E-02	1.62921E+01	7.76438E-02
5.00000E-02	1.65730E+01	7.71979E-02
5.00000E-02	1.68539E+01	7.67218E-02
5.00000E-02	1.71348E+01	7.62358E-02
5.00000E-02	1.74157E+01	7.57463E-02
5.00000E-02	1.76966E+01	7.52376E-02
5.00000E-02	1.79775E+01	7.47075E-02
5.00000E-02	1.82584E+01	7.41601E-02
5.00000E-02	1.85393E+01	7.36055E-02
5.00000E-02	1.88202E+01	7.30336E-02
5.00000E-02	1.91011E+01	7.24500E-02
5.00000E-02	1.93820E+01	7.18650E-02
5.00000E-02	1.96629E+01	7.12703E-02
5.00000E-02	1.99438E+01	7.06454E-02
5.00000E-02	2.02247E+01	7.00075E-02
5.00000E-02	2.05056E+01	6.93702E-02
5.00000E-02	2.07865E+01	6.87248E-02
5.00000E-02	2.10674E+01	6.80718E-02
5.00000E-02	2.13483E+01	6.74197E-02
5.00000E-02	2.16292E+01	6.67682E-02
5.00000E-02	2.19101E+01	6.61053E-02
5.00000E-02	2.21910E+01	6.54367E-02
5.00000E-02	2.24719E+01	6.47688E-02
5.00000E-02	2.27528E+01	6.41011E-02
5.00000E-02	2.30337E+01	6.34349E-02
5.00000E-02	2.33146E+01	6.27733E-02
5.00000E-02	2.35955E+01	6.21183E-02
5.00000E-02	2.38764E+01	6.14677E-02
5.00000E-02	2.41573E+01	6.08162E-02
5.00000E-02	2.44382E+01	6.01633E-02
5.00000E-02	2.47191E+01	5.95165E-02
5.00000E-02	2.50000E+01	5.88759E-02
1.00000E-01	0.00000E+00	9.70916E-01
1.00000E-01	2.80899E-01	8.22054E-01
1.00000E-01	5.61798E-01	6.42149E-01
1.00000E-01	8.42697E-01	5.42206E-01
1.00000E-01	1.12360E+00	4.89883E-01
1.00000E-01	1.40449E+00	4.59645E-01
1.00000E-01	1.68539E+00	4.48144E-01
1.00000E-01	1.96629E+00	4.53349E-01
1.00000E-01	2.24719E+00	4.72025E-01
1.00000E-01	2.52809E+00	5.02869E-01
1.00000E-01	2.80899E+00	5.25638E-01
1.00000E-01	3.08989E+00	4.91722E-01
1.00000E-01	3.37079E+00	4.47146E-01
1.00000E-01	3.65169E+00	4.05338E-01
1.00000E-01	3.93258E+00	3.68499E-01
1.00000E-01	4.21348E+00	3.36508E-01
1.00000E-01	4.49438E+00	3.08772E-01
1.00000E-01	4.77528E+00	2.84646E-01
1.00000E-01	5.05618E+00	2.63561E-01
1.00000E-01	5.33708E+00	2.45047E-01
1.00000E-01	5.61798E+00	2.28715E-01
1.00000E-01	5.89888E+00	2.14247E-01
1.00000E-01	6.17978E+00	2.01385E-01
1.00000E-01	6.46067E+00	1.89915E-01
1.00000E-01	6.74157E+00	1.79660E-01
1.00000E-01	7.02247E+00	1.70469E-01
1.00000E-01	7.30337E+00	1.62215E-01
1.00000E-01	7.58427E+00	1.54793E-01
1.00000E-01	7.86517E+00	1.48096E-01
1.00000E-01	8.14607E+00	1.42066E-01
1.00000E-01	8.42697E+00	1.36612E-01
1.00000E-01	8.70787E+00	1.31708E-01
1.00000E-01	8.98876E+00	1.27277E-01
1.00000E-01	9.26966E+00	1.23291E-01
1.00000E-01	9.55056E+00	1.19709E-01
1.00000E-01	9.83146E+00	1.16482E-01
1.00000E-01	1.01124E+01	1.13591E-01
1.00000E-01	1.03933E+01	1.10978E-01
1.00000E-01	1.06742E+01	1.08646E-01
1.00000E-01	1.09551E+01	1.06532E-01
1.00000E-01	1.12360E+01	1.04639E-01
1.00000E-01	1.15169E+01	1.02927E-01
1.00000E-01	1.17978E+01	1.01393E-01
1.00000E-01	1.20787E+01	1.00017E-01
1.00000E-01	1.23596E+01	9.87743E-02
1.00000E-01	1.26404E+01	9.76682E-02
1.00000E-01	1.29213E+01	9.66680E-02
1.00000E-01	1.32022E+01	9.57821E-02
1.00000E-01	1.34831E+01	9.49781E-02
1.00000E-01	1.37640E+01	9.42511E-02
1.00000E-01	1.40449E+01	9.35558E-02
1.00000E-01	1.43258E+01	9.29334E-02
1.00000E-01	1.46067E+01	9.23535E-02
1.00000E-01	1.48876E+01	9.17781E-02
1.00000E-01	1.51685E+01	9.12338E-02
1.00000E-01	1.54494E+01	9.07268E-02
1.00000E-01	1.57303E+01	9.02090E-02
1.00000E-01	1.60112E+01	8.96780E-02
1.00000E-01	1.62921E+01	8.91623E-02
1.00000E-01	1.65730E+01	8.86501E-02
1.00000E-01	1.68539E+01	8.81034E-02
1.00000E-01	1.71348E+01	8.75447E-02
1.00000E-01	1.74157E+01	8.69831E-02
1.00000E-01	1.76966E+01	8.63989E-02
1.00000E-01	1.79775E+01	8.57902E-02
1.00000E-01	1.82584E+01	8.51612E-02
1.00000E-01	1.85393E+01	8.45248E-02
1.00000E-01	1.88202E+01	8.38680E-02
1.00000E-01	1.91011E+01	8.31978E-02
1.00000E-01	1.93820E+01	8.25267E-02
1.00000E-01	1.96629E+01	8.18430E-02
1.00000E-01	1.99438E+01	8.11255E-02
1.00000E-01	2.02247E+01	8.03930E-02
1.00000E-01	2.05056E+01	7.96611E-02
1.00000E-01	2.07865E+01	7.89197E-02
1.00000E-01	2.10674E+01	7.81706E-02
1.00000E-01	2.13483E+01	7.74213E-02
1.00000E-01	2.16292E+01	7.66732E-02
1.00000E-01	2.19101E+01	7.59123E-02
1.00000E-01	2.21910E+01	7.51439E-02
1.00000E-01	2.24719E+01	7.43771E-02
1.00000E-01	2.27528E+01	7.36105E-02
1.00000E-01	2.30337E+01	7.28454E-02
1.00000E-01	2.33146E+01	7.20856E-02
1.00000E-01	2.35955E+01	7.13338E-02
1.00000E-01	2.38764E+01	7.05864E-02
1.00000E-01	2.41573E+01	6.98381E-02
1.00000E-01	2.44382E+01	6.90885E-02
1.00000E-01	2.47191E+01	6.83455E-02
1.00000E-01	2.50000E+01	6.76100E-02
2.00000E-01	0.00000E+00	9.82934E-01
2.00000E-01	2.80899E-01	8.97119E-01
2.00000E-01	5.61798E-01	7.04243E-01
2.00000E-01	8.42697E-01	5.94830E-01
2.00000E-01	1.12360E+00	5.37457E-01
2.00000E-01	1.40449E+00	5.04389E-01
2.00000E-01	1.68539E+00	4.91801E-01
2.00000E-01	1.96629E+00	4.97522E-01
2.00000E-01	2.24719E+00	5.18023E-01
2.00000E-01	2.52809E+00	5.51874E-01
2.00000E-01	2.80899E+00	5.76379E-01
2.00000E-01	3.08989E+00	5.39422E-01
2.00000E-01	3.37079E+00	4.90570E-01
2.00000E-01	3.65169E+00	4.44716E-01
2.00000E-01	3.93258E+00	4.04303E-01
2.00000E-01	4.21348E+00	3.69206E-01
2.00000E-01	4.49438E+00	3.38776E-01
2.00000E-01	4.77528E+00	3.12306E-01
2.00000E-01	5.05618E+00	2.89173E-01
2.00000E-01	5.33708E+00	2.68860E-01
2.00000E-01	5.61798E+00	2.50941E-01
2.00000E-01	5.89888E+00	2.35068E-01
2.00000E-01	6.17978E+00	2.20955E-01
2.00000E-01	6.46067E+00	2.08372E-01
2.00000E-01	6.74157E+00	1.97120E-01
2.00000E-01	7.02247E+00	1.87036E-01
2.00000E-01	7.30337E+00	1.77980E-01
2.00000E-01	7.58427E+00	1.69836E-01
2.00000E-01	7.86517E+00	1.62489E-01
2.00000E-01	8.14607E+00	1.55872E-01
2.00000E-01	8.42697E+00	1.49889E-01
2.00000E-01	8.70787E+00	1.44508E-01
2.00000E-01	8.98876E+00	1.39647E-01
2.00000E-01	9.26966E+00	1.35274E-01
2.00000E-01	9.55056E+00	1.31343E-01
2.00000E-01	9.83146E+00	1.27803E-01
2.00000E-01	1.01124E+01	1.24630E-01
2.00000E-01	1.03933E+01	1.21764E-01
2.00000E-01	1.06742E+01	1.19205E-01
2.00000E-01	1.09551E+01	1.16886E-01
2.00000E-01	1.12360E+01	1.14808E-01
2.00000E-01	1.15169E+01	1.12930E-01
2.00000E-01	1.17978E+01	1.11247E-01
2.00000E-01	1.20787E+01	1.09737E-01
2.00000E-01	1.23596E+01	1.08374E-01
2.00000E-01	1.26404E+01	1.07160E-01
2.00000E-01	1.29213E+01	1.06063E-01
2.00000E-01	1.32022E+01	1.05091E-01
2.00000E-01	1.34831E+01	1.04209E-01
2.00000E-01	1.37640E+01	1.03411E-01
2.00000E-01	1.40449E+01	1.02648E-01
2.00000E-01	1.43258E+01	1.01965E-01
2.00000E-01	1.46067E+01	1.01329E-01
2.00000E-01	1.48876E+01	1.00697E-01
2.00000E-01	1.51685E+01	1.00100E-01
2.00000E-01	1.54494E+01	9.95437E-02
2.00000E-01	1.57303E+01	9.89756E-02
2.00000E-01	1.60112E+01	9.83932E-02
2.00000E-01	1.62921E+01	9.78273E-02
2.00000E-01	1.65730E+01	9.72651E-02
2.00000E-01	1.68539E+01	9.66654E-02
2.00000E-01	1.71348E+01	9.60524E-02
2.00000E-01	1.74157E+01	9.54361E-02
2.00000E-01	1.76966E+01	9.47952E-02
2.00000E-01	1.79775E+01	9.41273E-02
2.00000E-01	1.82584E+01	9.34373E-02
2.00000E-01	1.85393E+01	9.27390E-02
2.00000E-01	1.88202E+01	9.20183E-02
2.00000E-01	1.91011E+01	9.12831E-02
2.00000E-01	1.93820E+01	9.05466E-02
2.00000E-01	1.96629E+01	8.97964E-02
2.00000E-01	1.99438E+01	8.90093E-02
2.00000E-01	2.02247E+01	8.82057E-02
2.00000E-01	2.05056E+01	8.74026E-02
2.00000E-01	2.07865E+01	8.65891E-02
2.00000E-01	2.10674E+01	8.57673E-02
2.00000E-01	2.13483E+01	8.49452E-02
2.00000E-01	2.16292E+01	8.41243E-02
2.00000E-01	2.19101E+01	8.32895E-02
2.00000E-01	2.21910E+01	8.24464E-02
2.00000E-01	2.24719E+01	8.16051E-02
2.00000E-01	2.27528E+01	8.07641E-02
2.00000E-01	2.30337E+01	7.99246E-02
2.00000E-01	2.33146E+01	7.90910E-02
2.00000E-01	2.35955E+01	7.82661E-02
2.00000E-01	2.38764E+01	7.74461E-02
2.00000E-01	2.41573E+01	7.66250E-02
2.00000E-01	2.44382E+01	7.58026E-02
2.00000E-01	2.47191E+01	7.49874E-02
2.00000E-01	2.50000E+01	7.41805E-02
2.50000E-01	0.00000E+00	9.86263E-01
2.50000E-01	2.80899E-01	9.12540E-01
2.50000E-01	5.61798E-01	7.18978E-01
2.50000E-01	8.42697E-01	6.07470E-01
2.50000E-01	1.12360E+00	5.48920E-01
2.50000E-01	1.40449E+00	5.15222E-01
2.50000E-01	1.68539E+00	5.02388E-01
2.50000E-01	1.96629E+00	5.08240E-01
2.50000E-01	2.24719E+00	5.29189E-01
2.50000E-01	2.52809E+00	5.63769E-01
2.50000E-01	2.80899E+00	5.88432E-01
2.50000E-01	3.08989E+00	5.50881E-01
2.50000E-01	3.37079E+00	5.01031E-01
2.50000E-01	3.65169E+00	4.54209E-01
2.50000E-01	3.93258E+00	4.12937E-01
2.50000E-01	4.21348E+00	3.77093E-01
2.50000E-01	4.49438E+00	3.46014E-01
2.50000E-01	4.77528E+00	3.18978E-01
2.50000E-01	5.05618E+00	2.95352E-01
2.50000E-01	5.33708E+00	2.74605E-01
2.50000E-01	5.61798E+00	2.56303E-01
2.50000E-01	5.89888E+00	2.40091E-01
2.50000E-01	6.17978E+00	2.25677E-01
2.50000E-01	6.46067E+00	2.12825E-01
2.50000E-01	6.74157E+00	2.01333E-01
2.50000E-01	7.02247E+00	1.91033E-01
2.50000E-01	7.30337E+00	1.81784E-01
2.50000E-01	7.58427E+00	1.73466E-01
2.50000E-01	7.86517E+00	1.65962E-01
2.50000E-01	8.14607E+00	1.59204E-01
2.50000E-01	8.42697E+00	1.53093E-01
2.50000E-01	8.70787E+00	1.47597E-01
2.50000E-01	8.98876E+00	1.42632E-01
2.50000E-01	9.26966E+00	1.38165E-01
2.50000E-01	9.55056E+00	1.34150E-01
2.50000E-01	9.83146E+00	1.30535E-01
2.50000E-01	1.01124E+01	1.27294E-01
2.50000E-01	1.03933E+01	1.24366E-01
2.50000E-01	1.06742E+01	1.21752E-01
2.50000E-01	1.09551E+01	1.19384E-01
2.50000E-01	1.12360E+01	1.17262E-01
2.50000E-01	1.15169E+01	1.15344E-01
2.50000E-01	1.17978E+01	1.13625E-01
2.50000E-01	1.20787E+01	1.12083E-01
2.50000E-01	1.23596E+01	1.10690E-01
2.50000E-01	1.26404E+01	1.09450E-01
2.50000E-01	1.29213E+01	1.08330E-01
2.50000E-01	1.32022E+01	1.07337E-01
2.50000E-01	1.34831E+01	1.06436E-01
2.50000E-01	1.37640E+01	1.05621E-01
2.50000E-01	1.40449E+01	1.04842E-01
2.50000E-01	1.43258E+01	1.04144E-01
2.50000E-01	1.46067E+01	1.03494E-01
2.50000E-01	1.48876E+01	1.02850E-01
2.50000E-01	1.51685E+01	1.02240E-01
2.50000E-01	1.54494E+01	1.01671E-01
2.50000E-01	1.57303E+01	1.01091E-01
2.50000E-01	1.60112E+01	1.00496E-01
2.50000E-01	1.62921E+01	9.99180E-02
2.50000E-01	1.65730E+01	9.93436E-02
2.50000E-01	1.68539E+01	9.87312E-02
2.50000E-01	1.71348E+01	9.81051E-02
2.50000E-01	1.74157E+01	9.74755E-02
2.50000E-01	1.76966E+01	9.68209E-02
2.50000E-01	1.79775E+01	9.61388E-02
2.50000E-01	1.82584E+01	9.54340E-02
2.50000E-01	1.85393E+01	9.47207E-02
2.50000E-01	1.88202E+01	9.39847E-02
2.50000E-01	1.91011E+01	9.32338E-02
2.50000E-01	1.93820E+01	9.24816E-02
2.50000E-01	1.96629E+01	9.17152E-02
2.50000E-01	1.99438E+01	9.09114E-02
2.50000E-01	2.02247E+01	9.00907E-02
2.50000E-01	2.05056E+01	8.92703E-02
2.50000E-01	2.07865E+01	8.84395E-02
2.50000E-01	2.10674E+01	8.76001E-02
2.50000E-01	2.13483E+01	8.67604E-02
2.50000E-01	2.16292E+01	8.59219E-02
2.50000E-01	2.19101E+01	8.50694E-02
2.50000E-01	2.21910E+01	8.42083E-02
2.50000E-01	2.24719E+01	8.33490E-02
2.50000E-01	2.27528E+01	8.24900E-02
2.50000E-01	2.30337E+01	8.16326E-02
2.50000E-01	2.33146E+01	8.07812E-02
2.50000E-01	2.35955E+01	7.99386E-02
2.50000E-01	2.38764E+01	7.91011E-02
2.50000E-01	2.41573E+01	7.82625E-02
2.50000E-01	2.44382E+01	7.74225E-02
2.50000E-01	2.47191E+01	7.65899E-02
2.50000E-01	2.50000E+01	7.57658E-02
3.00000E-01	0.00000E+00	9.88754E-01
3.00000E-01	2.80899E-01	9.21250E-01
3.00000E-01	5.61798E-01	7.29043E-01
3.00000E-01	8.42697E-01	6.16258E-01
3.00000E-01	1.12360E+00	5.56925E-01
3.00000E-01	1.40449E+00	5.22824E-01
3.00000E-01	1.68539E+00	5.09836E-01
3.00000E-01	1.96629E+00	5.15784E-01
3.00000E-01	2.24719E+00	5.37052E-01
3.00000E-01	2.52809E+00	5.72138E-01
3.00000E-01	2.80899E+00	5.96714E-01
3.00000E-01	3.08989E+00	5.58859E-01
3.00000E-01	3.37079E+00	5.08334E-01
3.00000E-01	3.65169E+00	4.60843E-01
3.00000E-01	3.93258E+00	4.18973E-01
3.00000E-01	4.21348E+00	3.82607E-01
3.00000E-01	4.49438E+00	3.51075E-01
3.00000E-01	4.77528E+00	3.23645E-01
3.00000E-01	5.05618E+00	2.99673E-01
3.00000E-01	5.33708E+00	2.78623E-01
3.00000E-01	5.61798E+00	2.60054E-01
3.00000E-01	5.89888E+00	2.43605E-01
3.00000E-01	6.17978E+00	2.28980E-01
3.00000E-01	6.46067E+00	2.15940E-01
3.00000E-01	6.74157E+00	2.04280E-01
3.00000E-01	7.02247E+00	1.93830E-01
3.00000E-01	7.30337E+00	1.84445E-01
3.00000E-01	7.58427E+00	1.76005E-01
3.00000E-01	7.86517E+00	1.68391E-01
3.00000E-01	8.14607E+00	1.61534E-01
3.00000E-01	8.42697E+00	1.55334E-01
3.00000E-01	8.70787E+00	1.49757E-01
3.00000E-01	8.98876E+00	1.44720E-01
3.00000E-01	9.26966E+00	1.40188E-01
3.00000E-01	9.55056E+00	1.36114E-01
3.00000E-01	9.83146E+00	1.32446E-01
3.00000E-01	1.01124E+01	1.29157E-01
3.00000E-01	1.03933E+01	1.26187E-01
3.00000E-01	1.06742E+01	1.23535E-01
3.00000E-01	1.09551E+01	1.21132E-01
3.00000E-01	1.12360E+01	1.18979E-01
3.00000E-01	1.15169E+01	1.17033E-01
3.00000E-01	1.17978E+01	1.15289E-01
3.00000E-01	1.20787E+01	1.13724E-01
3.00000E-01	1.23596E+01	1.12311E-01
3.00000E-01	1.26404E+01	1.11053E-01
3.00000E-01	1.29213E+01	1.09916E-01
3.00000E-01	1.32022E+01	1.08908E-01
3.00000E-01	1.34831E+01	1.07994E-01
3.00000E-01	1.37640E+01	1.07167E-01
3.00000E-01	1.40449E+01	1.06377E-01
3.00000E-01	1.43258E+01	1.05669E-01
3.00000E-01	1.46067E+01	1.05009E-01
3.00000E-01	1.48876E+01	1.04355E-01
3.00000E-01	1.51685E+01	1.03736E-01
3.00000E-01	1.54494E+01	1.03159E-01
3.00000E-01	1.57303E+01	1.02570E-01
3.00000E-01	1.60112E+01	1.01967E-01
3.00000E-01	1.62921E+01	1.01380E-01
3.00000E-01	1.65730E+01	1.00797E-01
3.00000E-01	1.68539E+01	1.00176E-01
3.00000E-01	1.71348E+01	9.95409E-02
3.00000E-01	1.74157E+01	9.89020E-02
3.00000E-01	1.76966E+01	9.82379E-02
3.00000E-01	1.79775E+01	9.75457E-02
3.00000E-01	1.82584E+01	9.68308E-02
3.00000E-01	1.85393E+01	9.61069E-02
3.00000E-01	1.88202E+01	9.53602E-02
3.00000E-01	1.91011E+01	9.45983E-02
3.00000E-01	1.93820E+01	9.38350E-02
3.00000E-01	1.96629E+01	9.30573E-02
3.00000E-01	1.99438E+01	9.22419E-02
3.00000E-01	2.02247E+01	9.14092E-02
3.00000E-01	2.05056E+01	9.05768E-02
3.00000E-01	2.07865E+01	8.97338E-02
3.00000E-01	2.10674E+01	8.88822E-02
3.00000E-01	2.13483E+01	8.80302E-02
3.00000E-01	2.16292E+01	8.71793E-02
3.00000E-01	2.19101E+01	8.63144E-02
3.00000E-01	2.21910E+01	8.54407E-02
3.00000E-01	2.24719E+01	8.45689E-02
3.00000E-01	2.27528E+01	8.36973E-02
3.00000E-01	2.30337E+01	8.28273E-02
3.00000E-01	2.33146E+01	8.19635E-02
3.00000E-01	2.35955E+01	8.11086E-02
3.00000E-01	2.38764E+01	8.02588E-02
3.00000E-01	2.41573E+01	7.94079E-02
3.00000E-01	2.44382E+01	7.85557E-02
3.00000E-01	2.47191E+01	7.77109E-02
3.00000E-01	2.50000E+01	7.68747E-02
4.00000E-01	0.00000E+00	9.92262E-01
4.00000E-01	2.80899E-01	9.28057E-01
4.00000E-01	5.61798E-01	7.41195E-01
4.00000E-01	8.42697E-01	6.27450E-01
4.00000E-01	1.12360E+00	5.67244E-01
4.00000E-01	1.40449E+00	5.32734E-01
4.00000E-01	1.68539E+00	5.19592E-01
4.00000E-01	1.96629E+00	5.25683E-01
4.00000E-01	2.24719E+00	5.47380E-01
4.00000E-01	2.52809E+00	5.83089E-01
4.00000E-01	2.80899E+00	6.07010E-01
4.00000E-01	3.08989E+00	5.69067E-01
4.00000E-01	3.37079E+00	5.17747E-01
4.00000E-01	3.65169E+00	4.69411E-01
4.00000E-01	3.93258E+00	4.26776E-01
4.00000E-01	4.21348E+00	3.89739E-01
4.00000E-01	4.49438E+00	3.57622E-01
4.00000E-01	4.77528E+00	3.29682E-01
4.00000E-01	5.05618E+00	3.05265E-01
4.00000E-01	5.33708E+00	2.83823E-01
4.00000E-01	5.61798E+00	2.64908E-01
4.00000E-01	5.89888E+00	2.48153E-01
4.00000E-01	6.17978E+00	2.33255E-01
4.00000E-01	6.46067E+00	2.19972E-01
4.00000E-01	6.74157E+00	2.08094E-01
4.00000E-01	7.02247E+00	1.97450E-01
4.00000E-01	7.30337E+00	1.87890E-01
4.00000E-01	7.58427E+00	1.79292E-01
4.00000E-01	7.86517E+00	1.71537E-01
4.00000E-01	8.14607E+00	1.64551E-01
4.00000E-01	8.42697E+00	1.58237E-01
4.00000E-01	8.70787E+00	1.52555E-01
4.00000E-01	8.98876E+00	1.47424E-01
4.00000E-01	9.26966E+00	1.42807E-01
4.00000E-01	9.55056E+00	1.38657E-01
4.00000E-01	9.83146E+00	1.34921E-01
4.00000E-01	1.01124E+01	1.31570E-01
4.00000E-01	1.03933E+01	1.28546E-01
4.00000E-01	1.06742E+01	1.25842E-01
4.00000E-01	1.09551E+01	1.23396E-01
4.00000E-01	1.12360E+01	1.21201E-01
4.00000E-01	1.15169E+01	1.19219E-01
4.00000E-01	1.17978E+01	1.17443E-01
4.00000E-01	1.20787E+01	1.15848E-01
4.00000E-01	1.23596E+01	1.14409E-01
4.00000E-01	1.26404E+01	1.13127E-01
4.00000E-01	1.29213E+01	1.11970E-01
4.00000E-01	1.32022E+01	1.10942E-01
4.00000E-01	1.34831E+01	1.10012E-01
4.00000E-01	1.37640E+01	1.09168E-01
4.00000E-01	1.40449E+01	1.08364E-01
4.00000E-01	1.43258E+01	1.07642E-01
4.00000E-01	1.46067E+01	1.06970E-01
4.00000E-01	1.48876E+01	1.06304E-01
4.00000E-01	1.51685E+01	1.05674E-01
4.00000E-01	1.54494E+01	1.05085E-01
4.00000E-01	1.57303E+01	1.04485E-01
4.00000E-01	1.60112E+01	1.03871E-01
4.00000E-01	1.62921E+01	1.03274E-01
4.00000E-01	1.65730E+01	1.02679E-01
4.00000E-01	1.68539E+01	1.02047E-01
4.00000E-01	1.71348E+01	1.01399E-01
4.00000E-01	1.74157E+01	1.00748E-01
4.00000E-01	1.76966E+01	1.00072E-01
4.00000E-01	1.79775E+01	9.93667E-02
4.00000E-01	1.82584E+01	9.86387E-02
4.00000E-01	1.85393E+01	9.79011E-02
4.00000E-01	1.88202E+01	9.71404E-02
4.00000E-01	1.91011E+01	9.63646E-02
4.00000E-01	1.93820E+01	9.55868E-02
4.00000E-01	1.96629E+01	9.47942E-02
4.00000E-01	1.99438E+01	9.39639E-02
4.00000E-01	2.02247E+01	9.31159E-02
4.00000E-01	2.05056E+01	9.22677E-02
4.00000E-01	2.07865E+01	9.14091E-02
4.00000E-01	2.10674E+01	9.05416E-02
4.00000E-01	2.13483E+01	8.96738E-02
4.00000E-01	2.16292E+01	8.88068E-02
4.00000E-01	2.19101E+01	8.79258E-02
4.00000E-01	2.21910E+01	8.70360E-02
4.00000E-01	2.24719E+01	8.61478E-02
4.00000E-01	2.27528E+01	8.52599E-02
4.00000E-01	2.30337E+01	8.43738E-02
4.00000E-01	2.33146E+01	8.34939E-02
4.00000E-01	2.35955E+01	8.26229E-02
4.00000E-01	2.38764E+01	8.17572E-02
4.00000E-01	2.41573E+01	8.08904E-02
4.00000E-01	2.44382E+01	8.00224E-02
4.00000E-01	2.47191E+01	7.91618E-02
4.00000E-01	2.50000E+01	7.83101E-02
5.00000E-01	0.00000E+00	9.94460E-01
5.00000E-01	2.80899E-01	9.29820E-01
5.00000E-01	5.61798E-01	7.47503E-01
5.00000E-01	8.42697E-01	6.34266E-01
5.00000E-01	1.12360E+00	5.73727E-01
5.00000E-01	1.40449E+00	5.39105E-01
5.00000E-01	1.68539E+00	5.25938E-01
5.00000E-01	1.96629E+00	5.32147E-01
5.00000E-01	2.24719E+00	5.54139E-01
5.00000E-01	2.52809E+00	5.90146E-01
5.00000E-01	2.80899E+00	6.13012E-01
5.00000E-01	3.08989E+00	5.75388E-01
5.00000E-01	3.37079E+00	5.23669E-01
5.00000E-01	3.65169E+00	4.74827E-01
5.00000E-01	3.93258E+00	4.31717E-01
5.00000E-01	4.21348E+00	3.94260E-01
5.00000E-01	4.49438E+00	3.61775E-01
5.00000E-01	4.77528E+00	3.33513E-01
5.00000E-01	5.05618E+00	3.08814E-01
5.00000E-01	5.33708E+00	2.87124E-01
5.00000E-01	5.61798E+00	2.67990E-01
5.00000E-01	5.89888E+00	2.51040E-01
5.00000E-01	6.17978E+00	2.35970E-01
5.00000E-01	6.46067E+00	2.22533E-01
5.00000E-01	6.74157E+00	2.10517E-01
5.00000E-01	7.02247E+00	1.99749E-01
5.00000E-01	7.30337E+00	1.90079E-01
5.00000E-01	7.58427E+00	1.81381E-01
5.00000E-01	7.86517E+00	1.73536E-01
5.00000E-01	8.14607E+00	1.66468E-01
5.00000E-01	8.42697E+00	1.60081E-01
5.00000E-01	8.70787E+00	1.54333E-01
5.00000E-01	8.98876E+00	1.49143E-01
5.00000E-01	9.26966E+00	1.44472E-01
5.00000E-01	9.55056E+00	1.40273E-01
5.00000E-01	9.83146E+00	1.36494E-01
5.00000E-01	1.01124E+01	1.33103E-01
5.00000E-01	1.03933E+01	1.30045E-01
5.00000E-01	1.06742E+01	1.27309E-01
5.00000E-01	1.09551E+01	1.24835E-01
5.00000E-01	1.12360E+01	1.22614E-01
5.00000E-01	1.15169E+01	1.20609E-01
5.00000E-01	1.17978E+01	1.18812E-01
5.00000E-01	1.20787E+01	1.17198E-01
5.00000E-01	1.23596E+01	1.15743E-01
5.00000E-01	1.26404E+01	1.14445E-01
5.00000E-01	1.29213E+01	1.13275E-01
5.00000E-01	1.32022E+01	1.12235E-01
5.00000E-01	1.34831E+01	1.11294E-01
5.00000E-01	1.37640E+01	1.10439E-01
5.00000E-01	1.40449E+01	1.09627E-01
5.00000E-01	1.43258E+01	1.08896E-01
5.00000E-01	1.46067E+01	1.08215E-01
5.00000E-01	1.48876E+01	1.07542E-01
5.00000E-01	1.51685E+01	1.06905E-01
5.00000E-01	1.54494E+01	1.06308E-01
5.00000E-01	1.57303E+01	1.05701E-01
5.00000E-01	1.60112E+01	1.05081E-01
5.00000E-01	1.62921E+01	1.04476E-01
5.00000E-01	1.65730E+01	1.03874E-01
5.00000E-01	1.68539E+01	1.03234E-01
5.00000E-01	1.71348E+01	1.02580E-01
5.00000E-01	1.74157E+01	1.01921E-01
5.00000E-01	1.76966E+01	1.01237E-01
5.00000E-01	1.79775E+01	1.00523E-01
5.00000E-01	1.82584E+01	9.97871E-02
5.00000E-01	1.85393E+01	9.90405E-02
5.00000E-01	1.88202E+01	9.82711E-02
5.00000E-01	1.91011E+01	9.74865E-02
5.00000E-01	1.93820E+01	9.66994E-02
5.00000E-01	1.96629E+01	9.58972E-02
5.00000E-01	1.99438E+01	9.50576E-02
5.00000E-01	2.02247E+01	9.41999E-02
5.00000E-01	2.05056E+01	9.33417E-02
5.00000E-01	2.07865E+01	9.24731E-02
5.00000E-01	2.10674E+01	9.15957E-02
5.00000E-01	2.13483E+01	9.07178E-02
5.00000E-01	2.16292E+01	8.98404E-02
5.00000E-01	2.19101E+01	8.89492E-02
5.00000E-01	2.21910E+01	8.80492E-02
5.00000E-01	2.24719E+01	8.71506E-02
5.00000E-01	2.27528E+01	8.62525E-02
5.00000E-01	2.30337E+01	8.53561E-02
5.00000E-01	2.33146E+01	8.44660E-02
5.00000E-01	2.35955E+01	8.35848E-02
5.00000E-01	2.38764E+01	8.27090E-02
5.00000E-01	2.41573E+01	8.18320E-02
5.00000E-01	2.44382E+01	8.09540E-02
5.00000E-01	2.47191E+01	8.00835E-02
5.00000E-01	2.50000E+01	7.92218E-02
6.00000E-01	0.00000E+00	9.95629E-01
6.00000E-01	2.80899E-01	9.30707E-01
6.00000E-01	5.61798E-01	7.50955E-01
6.00000E-01	8.42697E-01	6.39183E-01
6.00000E-01	1.12360E+00	5.78637E-01
6.00000E-01	1.40449E+00	5.44065E-01
6.00000E-01	1.68539E+00	5.30952E-01
6.00000E-01	1.96629E+00	5.37280E-01
6.00000E-01	2.24719E+00	5.59520E-01
6.00000E-01	2.52809E+00	5.95605E-01
6.00000E-01	2.80899E+00	6.17199E-01
6.00000E-01	3.08989E+00	5.80099E-01
6.00000E-01	3.37079E+00	5.28176E-01
6.00000E-01	3.65169E+00	4.78974E-01
6.00000E-01	3.93258E+00	4.35510E-01
6.00000E-01	4.21348E+00	3.97735E-01
6.00000E-01	4.49438E+00	3.64968E-01
6.00000E-01	4.77528E+00	3.36460E-01
6.00000E-01	5.05618E+00	3.11545E-01
6.00000E-01	5.33708E+00	2.89665E-01
6.00000E-01	5.61798E+00	2.70363E-01
6.00000E-01	5.89888E+00	2.53265E-01
6.00000E-01	6.17978E+00	2.38062E-01
6.00000E-01	6.46067E+00	2.24506E-01
6.00000E-01	6.74157E+00	2.12385E-01
6.00000E-01	7.02247E+00	2.01521E-01
6.00000E-01	7.30337E+00	1.91766E-01
6.00000E-01	7.58427E+00	1.82990E-01
6.00000E-01	7.86517E+00	1.75077E-01
6.00000E-01	8.14607E+00	1.67946E-01
6.00000E-01	8.42697E+00	1.61504E-01
6.00000E-01	8.70787E+00	1.55704E-01
6.00000E-01	8.98876E+00	1.50468E-01
6.00000E-01	9.26966E+00	1.45756E-01
6.00000E-01	9.55056E+00	1.41520E-01
6.00000E-01	9.83146E+00	1.37707E-01
6.00000E-01	1.01124E+01	1.34286E-01
6.00000E-01	1.03933E+01	1.31201E-01
6.00000E-01	1.06742E+01	1.28440E-01
6.00000E-01	1.09551E+01	1.25944E-01
6.00000E-01	1.12360E+01	1.23703E-01
6.00000E-01	1.15169E+01	1.21681E-01
6.00000E-01	1.17978E+01	1.19867E-01
6.00000E-01	1.20787E+01	1.18239E-01
6.00000E-01	1.23596E+01	1.16772E-01
6.00000E-01	1.26404E+01	1.15461E-01
6.00000E-01	1.29213E+01	1.14281E-01
6.00000E-01	1.32022E+01	1.13231E-01
6.00000E-01	1.34831E+01	1.12282E-01
6.00000E-01	1.37640E+01	1.11419E-01
6.00000E-01	1.40449E+01	1.10600E-01
6.00000E-01	1.43258E+01	1.09863E-01
6.00000E-01	1.46067E+01	1.09175E-01
6.00000E-01	1.48876E+01	1.08497E-01
6.00000E-01	1.51685E+01	1.07854E-01
6.00000E-01	1.54494E+01	1.07250E-01
6.00000E-01	1.57303E+01	1.06639E-01
6.00000E-01	1.60112E+01	1.06013E-01
6.00000E-01	1.62921E+01	1.05403E-01
6.00000E-01	1.65730E+01	1.04795E-01
6.00000E-01	1.68539E+01	1.04150E-01
6.00000E-01	1.71348E+01	1.03490E-01
6.00000E-01	1.74157E+01	1.02824E-01
6.00000E-01	1.76966E+01	1.02134E-01
6.00000E-01	1.79775E+01	1.01414E-01
6.00000E-01	1.82584E+01	1.00672E-01
6.00000E-01	1.85393E+01	9.99182E-02
6.00000E-01	1.88202E+01	9.91421E-02
6.00000E-01	1.91011E+01	9.83508E-02
6.00000E-01	1.93820E+01	9.75565E-02
6.00000E-01	1.96629E+01	9.67467E-02
6.00000E-01	1.99438E+01	9.59001E-02
6.00000E-01	2.02247E+01	9.50351E-02
6.00000E-01	2.05056E+01	9.41690E-02
6.00000E-01	2.07865E+01	9.32928E-02
6.00000E-01	2.10674E+01	9.24077E-02
6.00000E-01	2.13483E+01	9.15221E-02
6.00000E-01	2.16292E+01	9.06366E-02
6.00000E-01	2.19101E+01	8.97377E-02
6.00000E-01	2.21910E+01	8.88298E-02
6.00000E-01	2.24719E+01	8.79233E-02
6.00000E-01	2.27528E+01	8.70172E-02
6.00000E-01	2.30337E+01	8.61130E-02
6.00000E-01	2.33146E+01	8.52150E-02
6.00000E-01	2.35955E+01	8.43259E-02
6.00000E-01	2.38764E+01	8.34422E-02
6.00000E-01	2.41573E+01	8.25574E-02
6.00000E-01	2.44382E+01	8.16719E-02
6.00000E-01	2.47191E+01	8.07936E-02
6.00000E-01	2.50000E+01	7.99244E-02
7.00000E-01	0.00000E+00	9.95910E-01
7.00000E-01	2.80899E-01	9.30571E-01
7.00000E-01	5.61798E-01	7.53274E-01
7.00000E-01	8.42697E-01	6.43397E-01
7.00000E-01	1.12360E+00	5.83073E-01
7.00000E-01	1.40449E+00	5.48654E-01
7.00000E-01	1.68539E+00	5.35652E-01
7.00000E-01	1.96629E+00	5.42116E-01
7.00000E-01	2.24719E+00	5.64595E-01
7.00000E-01	2.52809E+00	6.00583E-01
7.00000E-01	2.80899E+00	6.20795E-01
7.00000E-01	3.08989E+00	5.84312E-01
7.00000E-01	3.37079E+00	5.32284E-01
7.00000E-01	3.65169E+00	4.82775E-01
7.00000E-01	3.93258E+00	4.38993E-01
7.00000E-01	4.21348E+00	4.00929E-01
7.00000E-01	4.49438E+00	3.67906E-01
7.00000E-01	4.77528E+00	3.39172E-01
7.00000E-01	5.05618E+00	3.14059E-01
7.00000E-01	5.33708E+00	2.92005E-01
7.00000E-01	5.61798E+00	2.72548E-01
7.00000E-01	5.89888E+00	2.55313E-01
7.00000E-01	6.17978E+00	2.39988E-01
7.00000E-01	6.46067E+00	2.26323E-01
7.00000E-01	6.74157E+00	2.14105E-01
7.00000E-01	7.02247E+00	2.03154E-01
7.00000E-01	7.30337E+00	1.93320E-01
7.00000E-01	7.58427E+00	1.84473E-01
7.00000E-01	7.86517E+00	1.76497E-01
7.00000E-01	8.14607E+00	1.69308E-01
7.00000E-01	8.42697E+00	1.62815E-01
7.00000E-01	8.70787E+00	1.56967E-01
7.00000E-01	8.98876E+00	1.51689E-01
7.00000E-01	9.26966E+00	1.46939E-01
7.00000E-01	9.55056E+00	1.42668E-01
7.00000E-01	9.83146E+00	1.38826E-01
7.00000E-01	1.01124E+01	1.35376E-01
7.00000E-01	1.03933E+01	1.32267E-01
7.00000E-01	1.06742E+01	1.29482E-01
7.00000E-01	1.09551E+01	1.26967E-01
7.00000E-01	1.12360E+01	1.24707E-01
7.00000E-01	1.15169E+01	1.22669E-01
7.00000E-01	1.17978E+01	1.20840E-01
7.00000E-01	1.20787E+01	1.19198E-01
7.00000E-01	1.23596E+01	1.17720E-01
7.00000E-01	1.26404E+01	1.16398E-01
7.00000E-01	1.29213E+01	1.15209E-01
7.00000E-01	1.32022E+01	1.14150E-01
7.00000E-01	1.34831E+01	1.13193E-01
7.00000E-01	1.37640E+01	1.12322E-01
7.00000E-01	1.40449E+01	1.11498E-01
7.00000E-01	1.43258E+01	1.10753E-01
7.00000E-01	1.46067E+01	1.10059E-01
7.00000E-01	1.48876E+01	1.09376E-01
7.00000E-01	1.51685E+01	1.08728E-01
7.00000E-01	1.54494E+01	1.08119E-01
7.00000E-01	1.57303E+01	1.07502E-01
7.00000E-01	1.60112E+01	1.06872E-01
7.00000E-01	1.62921E+01	1.06257E-01
7.00000E-01	1.65730E+01	1.05642E-01
7.00000E-01	1.68539E+01	1.04993E-01
7.00000E-01	1.71348E+01	1.04327E-01
7.00000E-01	1.74157E+01	1.03656E-01
7.00000E-01	1.76966E+01	1.02960E-01
7.00000E-01	1.79775E+01	1.02235E-01
7.00000E-01	1.82584E+01	1.01487E-01
7.00000E-01	1.85393E+01	1.00727E-01
7.00000E-01	1.88202E+01	9.99445E-02
7.00000E-01	1.91011E+01	9.91471E-02
7.00000E-01	1.93820E+01	9.83460E-02
7.00000E-01	1.96629E+01	9.75291E-02
7.00000E-01	1.99438E+01	9.66762E-02
7.00000E-01	2.02247E+01	9.58045E-02
7.00000E-01	2.05056E+01	9.49311E-02
7.00000E-01	2.07865E+01	9.40478E-02
7.00000E-01	2.10674E+01	9.31558E-02
7.00000E-01	2.13483E+01	9.22630E-02
7.00000E-01	2.16292E+01	9.13700E-02
7.00000E-01	2.19101E+01	9.04639E-02
7.00000E-01	2.21910E+01	8.95490E-02
7.00000E-01	2.24719E+01	8.86350E-02
7.00000E-01	2.27528E+01	8.77217E-02
7.00000E-01	2.30337E+01	8.68102E-02
7.00000E-01	2.33146E+01	8.59050E-02
7.00000E-01	2.35955E+01	8.50087E-02
7.00000E-01	2.38764E+01	8.41177E-02
7.00000E-01	2.41573E+01	8.32257E-02
7.00000E-01	2.44382E+01	8.23332E-02
7.00000E-01	2.47191E+01	8.14479E-02
7.00000E-01	2.50000E+01	8.05716E-02
8.00000E-01	0.00000E+00	9.95436E-01
8.00000E-01	2.80899E-01	9.28589E-01
8.00000E-01	5.61798E-01	7.55568E-01
8.00000E-01	8.42697E-01	6.47494E-01
8.00000E-01	1.12360E+00	5.87562E-01
8.00000E-01	1.40449E+00	5.53372E-01
8.00000E-01	1.68539E+00	5.40531E-01
8.00000E-01	1.96629E+00	5.47154E-01
8.00000E-01	2.24719E+00	5.69879E-01
8.00000E-01	2.52809E+00	6.05620E-01
8.00000E-01	2.80899E+00	6.24406E-01
8.00000E-01	3.08989E+00	5.88563E-01
8.00000E-01	3.37079E+00	5.36484E-01
8.00000E-01	3.65169E+00	4.86676E-01
8.00000E-01	3.93258E+00	4.42573E-01
8.00000E-01	4.21348E+00	4.04214E-01
8.00000E-01	4.49438E+00	3.70928E-01
8.00000E-01	4.77528E+00	3.41964E-01
8.00000E-01	5.05618E+00	3.16647E-01
8.00000E-01	5.33708E+00	2.94414E-01
8.00000E-01	5.61798E+00	2.74799E-01
8.00000E-01	5.89888E+00	2.57422E-01
8.00000E-01	6.17978E+00	2.41972E-01
8.00000E-01	6.46067E+00	2.28196E-01
8.00000E-01	6.74157E+00	2.15877E-01
8.00000E-01	7.02247E+00	2.04836E-01
8.00000E-01	7.30337E+00	1.94922E-01
8.00000E-01	7.58427E+00	1.86002E-01
8.00000E-01	7.86517E+00	1.77960E-01
8.00000E-01	8.14607E+00	1.70711E-01
8.00000E-01	8.42697E+00	1.64165E-01
8.00000E-01	8.70787E+00	1.58269E-01
8.00000E-01	8.98876E+00	1.52948E-01
8.00000E-01	9.26966E+00	1.48159E-01
8.00000E-01	9.55056E+00	1.43853E-01
8.00000E-01	9.83146E+00	1.39978E-01
8.00000E-01	1.01124E+01	1.36499E-01
8.00000E-01	1.03933E+01	1.33365E-01
8.00000E-01	1.06742E+01	1.30556E-01
8.00000E-01	1.09551E+01	1.28021E-01
8.00000E-01	1.12360E+01	1.25742E-01
8.00000E-01	1.15169E+01	1.23687E-01
8.00000E-01	1.17978E+01	1.21843E-01
8.00000E-01	1.20787E+01	1.20187E-01
8.00000E-01	1.23596E+01	1.18696E-01
8.00000E-01	1.26404E+01	1.17363E-01
8.00000E-01	1.29213E+01	1.16165E-01
8.00000E-01	1.32022E+01	1.15096E-01
8.00000E-01	1.34831E+01	1.14131E-01
8.00000E-01	1.37640E+01	1.13252E-01
8.00000E-01	1.40449E+01	1.12422E-01
8.00000E-01	1.43258E+01	1.11671E-01
8.00000E-01	1.46067E+01	1.10970E-01
8.00000E-01	1.48876E+01	1.10282E-01
8.00000E-01	1.51685E+01	1.09629E-01
8.00000E-01	1.54494E+01	1.09013E-01
8.00000E-01	1.57303E+01	1.08391E-01
8.00000E-01	1.60112E+01	1.07757E-01
8.00000E-01	1.62921E+01	1.07136E-01
8.00000E-01	1.65730E+01	1.06516E-01
8.00000E-01	1.68539E+01	1.05861E-01
8.00000E-01	1.71348E+01	1.05191E-01
8.00000E-01	1.74157E+01	1.04513E-01
8.00000E-01	1.76966E+01	1.03812E-01
8.00000E-01	1.79775E+01	1.03080E-01
8.00000E-01	1.82584E+01	1.02326E-01
8.00000E-01	1.85393E+01	1.01560E-01
8.00000E-01	1.88202E+01	1.00771E-01
8.00000E-01	1.91011E+01	9.99673E-02
8.00000E-01	1.93820E+01	9.91594E-02
8.00000E-01	1.96629E+01	9.83351E-02
8.00000E-01	1.99438E+01	9.74756E-02
8.00000E-01	2.02247E+01	9.65971E-02
8.00000E-01	2.05056E+01	9.57162E-02
8.00000E-01	2.07865E+01	9.48257E-02
8.00000E-01	2.10674E+01	9.39265E-02
8.00000E-01	2.13483E+01	9.30263E-02
8.00000E-01	2.16292E+01	9.21255E-02
8.00000E-01	2.19101E+01	9.12121E-02
8.00000E-01	2.21910E+01	9.02898E-02
8.00000E-01	2.24719E+01	8.93683E-02
8.00000E-01	2.27528E+01	8.84474E-02
8.00000E-01	2.30337E+01	8.75285E-02
8.00000E-01	2.33146E+01	8.66159E-02
8.00000E-01	2.35955E+01	8.57120E-02
8.00000E-01	2.38764E+01	8.48135E-02
8.00000E-01	2.41573E+01	8.39142E-02
8.00000E-01	2.44382E+01	8.30145E-02
8.00000E-01	2.47191E+01	8.21219E-02
8.00000E-01	2.50000E+01	8.12384E-02
9.00000E-01	0.00000E+00	9.94350E-01
9.00000E-01	2.80899E-01	9.24775E-01
9.00000E-01	5.61798E-01	7.58475E-01
9.00000E-01	8.42697E-01	6.51766E-01
9.00000E-01	1.12360E+00	5.92327E-01
9.00000E-01	1.40449E+00	5.58436E-01
9.00000E-01	1.68539E+00	5.45804E-01
9.00000E-01	1.96629E+00	5.52616E-01
9.00000E-01	2.24719E+00	5.75594E-01
9.00000E-01	2.52809E+00	6.10952E-01
9.00000E-01	2.80899E+00	6.28302E-01
9.00000E-01	3.08989E+00	5.93083E-01
9.00000E-01	3.37079E+00	5.40989E-01
9.00000E-01	3.65169E+00	4.90872E-01
9.00000E-01	3.93258E+00	4.46429E-01
9.00000E-01	4.21348E+00	4.07753E-01
9.00000E-01	4.49438E+00	3.74186E-01
9.00000E-01	4.77528E+00	3.44973E-01
9.00000E-01	5.05618E+00	3.19438E-01
9.00000E-01	5.33708E+00	2.97011E-01
9.00000E-01	5.61798E+00	2.77225E-01
9.00000E-01	5.89888E+00	2.59697E-01
9.00000E-01	6.17978E+00	2.44112E-01
9.00000E-01	6.46067E+00	2.30215E-01
9.00000E-01	6.74157E+00	2.17788E-01
9.00000E-01	7.02247E+00	2.06651E-01
9.00000E-01	7.30337E+00	1.96649E-01
9.00000E-01	7.58427E+00	1.87650E-01
9.00000E-01	7.86517E+00	1.79539E-01
9.00000E-01	8.14607E+00	1.72225E-01
9.00000E-01	8.42697E+00	1.65622E-01
9.00000E-01	8.70787E+00	1.59673E-01
9.00000E-01	8.98876E+00	1.54306E-01
9.00000E-01	9.26966E+00	1.49474E-01
9.00000E-01	9.55056E+00	1.45130E-01
9.00000E-01	9.83146E+00	1.41222E-01
9.00000E-01	1.01124E+01	1.37711E-01
9.00000E-01	1.03933E+01	1.34550E-01
9.00000E-01	1.06742E+01	1.31715E-01
9.00000E-01	1.09551E+01	1.29158E-01
9.00000E-01	1.12360E+01	1.26858E-01
9.00000E-01	1.15169E+01	1.24785E-01
9.00000E-01	1.17978E+01	1.22925E-01
9.00000E-01	1.20787E+01	1.21254E-01
9.00000E-01	1.23596E+01	1.19750E-01
9.00000E-01	1.26404E+01	1.18405E-01
9.00000E-01	1.29213E+01	1.17196E-01
9.00000E-01	1.32022E+01	1.16117E-01
9.00000E-01	1.34831E+01	1.15144E-01
9.00000E-01	1.37640E+01	1.14255E-01
9.00000E-01	1.40449E+01	1.13419E-01
9.00000E-01	1.43258E+01	1.12661E-01
9.00000E-01	1.46067E+01	1.11953E-01
9.00000E-01	1.48876E+01	1.11259E-01
9.00000E-01	1.51685E+01	1.10600E-01
9.00000E-01	1.54494E+01	1.09978E-01
9.00000E-01	1.57303E+01	1.09351E-01
9.00000E-01	1.60112E+01	1.08711E-01
9.00000E-01	1.62921E+01	1.08085E-01
9.00000E-01	1.65730E+01	1.07458E-01
9.00000E-01	1.68539E+01	1.06798E-01
9.00000E-01	1.71348E+01	1.06122E-01
9.00000E-01	1.74157E+01	1.05438E-01
9.00000E-01	1.76966E+01	1.04730E-01
9.00000E-01	1.79775E+01	1.03992E-01
9.00000E-01	1.82584E+01	1.03232E-01
9.00000E-01	1.85393E+01	1.02458E-01
9.00000E-01	1.88202E+01	1.01663E-01
9.00000E-01	1.91011E+01	1.00852E-01
9.00000E-01	1.93820E+01	1.00037E-01
9.00000E-01	1.96629E+01	9.92045E-02
9.00000E-01	1.99438E+01	9.83378E-02
9.00000E-01	2.02247E+01	9.74520E-02
9.00000E-01	2.05056E+01	9.65631E-02
9.00000E-01	2.07865E+01	9.56647E-02
9.00000E-01	2.10674E+01	9.47577E-02
9.00000E-01	2.13483E+01	9.38496E-02
9.00000E-01	2.16292E+01	9.29405E-02
9.00000E-01	2.19101E+01	9.20191E-02
9.00000E-01	2.21910E+01	9.10889E-02
9.00000E-01	2.24719E+01	9.01592E-02
9.00000E-01	2.27528E+01	8.92302E-02
9.00000E-01	2.30337E+01	8.83033E-02
9.00000E-01	2.33146E+01	8.73827E-02
9.00000E-01	2.35955E+01	8.64707E-02
9.00000E-01	2.38764E+01	8.55641E-02
9.00000E-01	2.41573E+01	8.46568E-02
9.00000E-01	2.44382E+01	8.37493E-02
9.00000E-01	2.47191E+01	8.28489E-02
9.00000E-01	2.50000E+01	8.19577E-02
1.00000E+00	0.00000E+00	9.92792E-01
1.00000E+00	2.80899E-01	9.19845E-01
1.00000E+00	5.61798E-01	7.62231E-01
1.00000E+00	8.42697E-01	6.56368E-01
1.00000E+00	1.12360E+00	5.97442E-01
1.00000E+00	1.40449E+00	5.63913E-01
1.00000E+00	1.68539E+00	5.51538E-01
1.00000E+00	1.96629E+00	5.58571E-01
1.00000E+00	2.24719E+00	5.81800E-01
1.00000E+00	2.52809E+00	6.16651E-01
1.00000E+00	2.80899E+00	6.32578E-01
1.00000E+00	3.08989E+00	5.97946E-01
1.00000E+00	3.37079E+00	5.45863E-01
1.00000E+00	3.65169E+00	4.95427E-01
1.00000E+00	3.93258E+00	4.50617E-01
1.00000E+00	4.21348E+00	4.11600E-01
1.00000E+00	4.49438E+00	3.77727E-01
1.00000E+00	4.77528E+00	3.48244E-01
1.00000E+00	5.05618E+00	3.22472E-01
1.00000E+00	5.33708E+00	2.99835E-01
1.00000E+00	5.61798E+00	2.79864E-01
1.00000E+00	5.89888E+00	2.62171E-01
1.00000E+00	6.17978E+00	2.46439E-01
1.00000E+00	6.46067E+00	2.32411E-01
1.00000E+00	6.74157E+00	2.19867E-01
1.00000E+00	7.02247E+00	2.08624E-01
1.00000E+00	7.30337E+00	1.98528E-01
1.00000E+00	7.58427E+00	1.89444E-01
1.00000E+00	7.86517E+00	1.81255E-01
1.00000E+00	8.14607E+00	1.73872E-01
1.00000E+00	8.42697E+00	1.67207E-01
1.00000E+00	8.70787E+00	1.61201E-01
1.00000E+00	8.98876E+00	1.55784E-01
1.00000E+00	9.26966E+00	1.50906E-01
1.00000E+00	9.55056E+00	1.46520E-01
1.00000E+00	9.83146E+00	1.42575E-01
1.00000E+00	1.01124E+01	1.39030E-01
1.00000E+00	1.03933E+01	1.35839E-01
1.00000E+00	1.06742E+01	1.32976E-01
1.00000E+00	1.09551E+01	1.30395E-01
1.00000E+00	1.12360E+01	1.28073E-01
1.00000E+00	1.15169E+01	1.25980E-01
1.00000E+00	1.17978E+01	1.24102E-01
1.00000E+00	1.20787E+01	1.22415E-01
1.00000E+00	1.23596E+01	1.20897E-01
1.00000E+00	1.26404E+01	1.19538E-01
1.00000E+00	1.29213E+01	1.18318E-01
1.00000E+00	1.32022E+01	1.17228E-01
1.00000E+00	1.34831E+01	1.16245E-01
1.00000E+00	1.37640E+01	1.15347E-01
1.00000E+00	1.40449E+01	1.14504E-01
1.00000E+00	1.43258E+01	1.13738E-01
1.00000E+00	1.46067E+01	1.13022E-01
1.00000E+00	1.48876E+01	1.12322E-01
1.00000E+00	1.51685E+01	1.11657E-01
1.00000E+00	1.54494E+01	1.11028E-01
1.00000E+00	1.57303E+01	1.10394E-01
1.00000E+00	1.60112E+01	1.09749E-01
1.00000E+00	1.62921E+01	1.09117E-01
1.00000E+00	1.65730E+01	1.08483E-01
1.00000E+00	1.68539E+01	1.07817E-01
1.00000E+00	1.71348E+01	1.07135E-01
1.00000E+00	1.74157E+01	1.06444E-01
1.00000E+00	1.76966E+01	1.05729E-01
1.00000E+00	1.79775E+01	1.04984E-01
1.00000E+00	1.82584E+01	1.04217E-01
1.00000E+00	1.85393E+01	1.03435E-01
1.00000E+00	1.88202E+01	1.02632E-01
1.00000E+00	1.91011E+01	1.01814E-01
1.00000E+00	1.93820E+01	1.00991E-01
1.00000E+00	1.96629E+01	1.00150E-01
1.00000E+00	1.99438E+01	9.92757E-02
1.00000E+00	2.02247E+01	9.83819E-02
1.00000E+00	2.05056E+01	9.74842E-02
1.00000E+00	2.07865E+01	9.65773E-02
1.00000E+00	2.10674E+01	9.56619E-02
1.00000E+00	2.13483E+01	9.47452E-02
1.00000E+00	2.16292E+01	9.38270E-02
1.00000E+00	2.19101E+01	9.28969E-02
1.00000E+00	2.21910E+01	9.19581E-02
1.00000E+00	2.24719E+01	9.10195E-02
1.00000E+00	2.27528E+01	9.00817E-02
1.00000E+00	2.30337E+01	8.91460E-02
1.00000E+00	2.33146E+01	8.82167E-02
1.00000E+00	2.35955E+01	8.72960E-02
1.00000E+00	2.38764E+01	8.63805E-02
1.00000E+00	2.41573E+01	8.54646E-02
1.00000E+00	2.44382E+01	8.45487E-02
1.00000E+00	2.47191E+01	8.36397E-02
1.00000E+00	2.50000E+01	8.27401E-02
1.50000E+00	0.00000E+00	9.81713E-01
1.50000E+00	2.80899E-01	9.00186E-01
1.50000E+00	5.61798E-01	7.87687E-01
1.50000E+00	8.42697E-01	6.86123E-01
1.50000E+00	1.12360E+00	6.27848E-01
1.50000E+00	1.40449E+00	5.96455E-01
1.50000E+00	1.68539E+00	5.86033E-01
1.50000E+00	1.96629E+00	5.94594E-01
1.50000E+00	2.24719E+00	6.18681E-01
1.50000E+00	2.52809E+00	6.49500E-01
1.50000E+00	2.80899E+00	6.58728E-01
1.50000E+00	3.08989E+00	6.26251E-01
1.50000E+00	3.37079E+00	5.74616E-01
1.50000E+00	3.65169E+00	5.22584E-01
1.50000E+00	3.93258E+00	4.75703E-01
1.50000E+00	4.21348E+00	4.34681E-01
1.50000E+00	4.49438E+00	3.98995E-01
1.50000E+00	4.77528E+00	3.67904E-01
1.50000E+00	5.05618E+00	3.40711E-01
1.50000E+00	5.33708E+00	3.16819E-01
1.50000E+00	5.61798E+00	2.95736E-01
1.50000E+00	5.89888E+00	2.77055E-01
1.50000E+00	6.17978E+00	2.60444E-01
1.50000E+00	6.46067E+00	2.45629E-01
1.50000E+00	6.74157E+00	2.32380E-01
1.50000E+00	7.02247E+00	2.20505E-01
1.50000E+00	7.30337E+00	2.09839E-01
1.50000E+00	7.58427E+00	2.00242E-01
1.50000E+00	7.86517E+00	1.91592E-01
1.50000E+00	8.14607E+00	1.83791E-01
1.50000E+00	8.42697E+00	1.76752E-01
1.50000E+00	8.70787E+00	1.70405E-01
1.50000E+00	8.98876E+00	1.64682E-01
1.50000E+00	9.26966E+00	1.59528E-01
1.50000E+00	9.55056E+00	1.54892E-01
1.50000E+00	9.83146E+00	1.50723E-01
1.50000E+00	1.01124E+01	1.46974E-01
1.50000E+00	1.03933E+01	1.43603E-01
1.50000E+00	1.06742E+01	1.40574E-01
1.50000E+00	1.09551E+01	1.37845E-01
1.50000E+00	1.12360E+01	1.35389E-01
1.50000E+00	1.15169E+01	1.33178E-01
1.50000E+00	1.17978E+01	1.31191E-01
1.50000E+00	1.20787E+01	1.29406E-01
1.50000E+00	1.23596E+01	1.27802E-01
1.50000E+00	1.26404E+01	1.26364E-01
1.50000E+00	1.29213E+01	1.25075E-01
1.50000E+00	1.32022E+01	1.23920E-01
1.50000E+00	1.34831E+01	1.22878E-01
1.50000E+00	1.37640E+01	1.21924E-01
1.50000E+00	1.40449E+01	1.21037E-01
1.50000E+00	1.43258E+01	1.20223E-01
1.50000E+00	1.46067E+01	1.19461E-01
1.50000E+00	1.48876E+01	1.18724E-01
1.50000E+00	1.51685E+01	1.18022E-01
1.50000E+00	1.54494E+01	1.17349E-01
1.50000E+00	1.57303E+01	1.16678E-01
1.50000E+00	1.60112E+01	1.16000E-01
1.50000E+00	1.62921E+01	1.15329E-01
1.50000E+00	1.65730E+01	1.14654E-01
1.50000E+00	1.68539E+01	1.13952E-01
1.50000E+00	1.71348E+01	1.13232E-01
1.50000E+00	1.74157E+01	1.12499E-01
1.50000E+00	1.76966E+01	1.11742E-01
1.50000E+00	1.79775E+01	1.10956E-01
1.50000E+00	1.82584E+01	1.10146E-01
1.50000E+00	1.85393E+01	1.09319E-01
1.50000E+00	1.88202E+01	1.08471E-01
1.50000E+00	1.91011E+01	1.07608E-01
1.50000E+00	1.93820E+01	1.06736E-01
1.50000E+00	1.96629E+01	1.05844E-01
1.50000E+00	1.99438E+01	1.04922E-01
1.50000E+00	2.02247E+01	1.03980E-01
1.50000E+00	2.05056E+01	1.03031E-01
1.50000E+00	2.07865E+01	1.02072E-01
1.50000E+00	2.10674E+01	1.01106E-01
1.50000E+00	2.13483E+01	1.00137E-01
1.50000E+00	2.16292E+01	9.91645E-02
1.50000E+00	2.19101E+01	9.81820E-02
1.50000E+00	2.21910E+01	9.71913E-02
1.50000E+00	2.24719E+01	9.61995E-02
1.50000E+00	2.27528E+01	9.52087E-02
1.50000E+00	2.30337E+01	9.42206E-02
1.50000E+00	2.33146E+01	9.32388E-02
1.50000E+00	2.35955E+01	9.22651E-02
1.50000E+00	2.38764E+01	9.12965E-02
1.50000E+00	2.41573E+01	9.03285E-02
1.50000E+00	2.44382E+01	8.93617E-02
1.50000E+00	2.47191E+01	8.84016E-02
1.50000E+00	2.50000E+01	8.74514E-02
2.00000E+00	0.00000E+00	9.70657E-01
2.00000E+00	2.80899E-01	8.97594E-01
2.00000E+00	5.61798E-01	8.07543E-01
2.00000E+00	8.42697E-01	7.23181E-01
2.00000E+00	1.12360E+00	6.64669E-01
2.00000E+00	1.40449E+00	6.34129E-01
2.00000E+00	1.68539E+00	6.25722E-01
2.00000E+00	1.96629E+00	6.35808E-01
2.00000E+00	2.24719E+00	6.59352E-01
2.00000E+00	2.52809E+00	6.84602E-01
2.00000E+00	2.80899E+00	6.87924E-01
2.00000E+00	3.08989E+00	6.56470E-01
2.00000E+00	3.37079E+00	6.05851E-01
2.00000E+00	3.65169E+00	5.52745E-01
2.00000E+00	3.93258E+00	5.03890E-01
2.00000E+00	4.21348E+00	4.60757E-01
2.00000E+00	4.49438E+00	4.23089E-01
2.00000E+00	4.77528E+00	3.90212E-01
2.00000E+00	5.05618E+00	3.61429E-01
2.00000E+00	5.33708E+00	3.36128E-01
2.00000E+00	5.61798E+00	3.13791E-01
2.00000E+00	5.89888E+00	2.93996E-01
2.00000E+00	6.17978E+00	2.76390E-01
2.00000E+00	6.46067E+00	2.60685E-01
2.00000E+00	6.74157E+00	2.46638E-01
2.00000E+00	7.02247E+00	2.34045E-01
2.00000E+00	7.30337E+00	2.22734E-01
2.00000E+00	7.58427E+00	2.12555E-01
2.00000E+00	7.86517E+00	2.03382E-01
2.00000E+00	8.14607E+00	1.95107E-01
2.00000E+00	8.42697E+00	1.87642E-01
2.00000E+00	8.70787E+00	1.80909E-01
2.00000E+00	8.98876E+00	1.74838E-01
2.00000E+00	9.26966E+00	1.69370E-01
2.00000E+00	9.55056E+00	1.64450E-01
2.00000E+00	9.83146E+00	1.60024E-01
2.00000E+00	1.01124E+01	1.56044E-01
2.00000E+00	1.03933E+01	1.52465E-01
2.00000E+00	1.06742E+01	1.49247E-01
2.00000E+00	1.09551E+01	1.46350E-01
2.00000E+00	1.12360E+01	1.43742E-01
2.00000E+00	1.15169E+01	1.41394E-01
2.00000E+00	1.17978E+01	1.39284E-01
2.00000E+00	1.20787E+01	1.37388E-01
2.00000E+00	1.23596E+01	1.35685E-01
2.00000E+00	1.26404E+01	1.34157E-01
2.00000E+00	1.29213E+01	1.32786E-01
2.00000E+00	1.32022E+01	1.31557E-01
2.00000E+00	1.34831E+01	1.30446E-01
2.00000E+00	1.37640E+01	1.29430E-01
2.00000E+00	1.40449E+01	1.28489E-01
2.00000E+00	1.43258E+01	1.27621E-01
2.00000E+00	1.46067E+01	1.26807E-01
2.00000E+00	1.48876E+01	1.26026E-01
2.00000E+00	1.51685E+01	1.25279E-01
2.00000E+00	1.54494E+01	1.24559E-01
2.00000E+00	1.57303E+01	1.23844E-01
2.00000E+00	1.60112E+01	1.23127E-01
2.00000E+00	1.62921E+01	1.22412E-01
2.00000E+00	1.65730E+01	1.21690E-01
2.00000E+00	1.68539E+01	1.20946E-01
2.00000E+00	1.71348E+01	1.20183E-01
2.00000E+00	1.74157E+01	1.19402E-01
2.00000E+00	1.76966E+01	1.18597E-01
2.00000E+00	1.79775E+01	1.17763E-01
2.00000E+00	1.82584E+01	1.16905E-01
2.00000E+00	1.85393E+01	1.16027E-01
2.00000E+00	1.88202E+01	1.15128E-01
2.00000E+00	1.91011E+01	1.14213E-01
2.00000E+00	1.93820E+01	1.13284E-01
2.00000E+00	1.96629E+01	1.12335E-01
2.00000E+00	1.99438E+01	1.11359E-01
2.00000E+00	2.02247E+01	1.10362E-01
2.00000E+00	2.05056E+01	1.09354E-01
2.00000E+00	2.07865E+01	1.08337E-01
2.00000E+00	2.10674E+01	1.07312E-01
2.00000E+00	2.13483E+01	1.06283E-01
2.00000E+00	2.16292E+01	1.05250E-01
2.00000E+00	2.19101E+01	1.04207E-01
2.00000E+00	2.21910E+01	1.03158E-01
2.00000E+00	2.24719E+01	1.02106E-01
2.00000E+00	2.27528E+01	1.01054E-01
2.00000E+00	2.30337E+01	1.00007E-01
2.00000E+00	2.33146E+01	9.89649E-02
2.00000E+00	2.35955E+01	9.79308E-02
2.00000E+00	2.38764E+01	9.69018E-02
2.00000E+00	2.41573E+01	9.58746E-02
2.00000E+00	2.44382E+01	9.48497E-02
2.00000E+00	2.47191E+01	9.38316E-02
2.00000E+00	2.50000E+01	9.28239E-02
2.50000E+00	0.00000E+00	9.62216E-01
2.50000E+00	2.80899E-01	8.99744E-01
2.50000E+00	5.61798E-01	8.21916E-01
2.50000E+00	8.42697E-01	7.57508E-01
2.50000E+00	1.12360E+00	7.04762E-01
2.50000E+00	1.40449E+00	6.74699E-01
2.50000E+00	1.68539E+00	6.66945E-01
2.50000E+00	1.96629E+00	6.77139E-01
2.50000E+00	2.24719E+00	6.98270E-01
2.50000E+00	2.52809E+00	7.17330E-01
2.50000E+00	2.80899E+00	7.15477E-01
2.50000E+00	3.08989E+00	6.84358E-01
2.50000E+00	3.37079E+00	6.35100E-01
2.50000E+00	3.65169E+00	5.81731E-01
2.50000E+00	3.93258E+00	5.31463E-01
2.50000E+00	4.21348E+00	4.86515E-01
2.50000E+00	4.49438E+00	4.47016E-01
2.50000E+00	4.77528E+00	4.12433E-01
2.50000E+00	5.05618E+00	3.82107E-01
2.50000E+00	5.33708E+00	3.55423E-01
2.50000E+00	5.61798E+00	3.31854E-01
2.50000E+00	5.89888E+00	3.10957E-01
2.50000E+00	6.17978E+00	2.92366E-01
2.50000E+00	6.46067E+00	2.75778E-01
2.50000E+00	6.74157E+00	2.60939E-01
2.50000E+00	7.02247E+00	2.47633E-01
2.50000E+00	7.30337E+00	2.35679E-01
2.50000E+00	7.58427E+00	2.24920E-01
2.50000E+00	7.86517E+00	2.15224E-01
2.50000E+00	8.14607E+00	2.06478E-01
2.50000E+00	8.42697E+00	1.98587E-01
2.50000E+00	8.70787E+00	1.91469E-01
2.50000E+00	8.98876E+00	1.85050E-01
2.50000E+00	9.26966E+00	1.79268E-01
2.50000E+00	9.55056E+00	1.74063E-01
2.50000E+00	9.83146E+00	1.69380E-01
2.50000E+00	1.01124E+01	1.65168E-01
2.50000E+00	1.03933E+01	1.61380E-01
2.50000E+00	1.06742E+01	1.57973E-01
2.50000E+00	1.09551E+01	1.54905E-01
2.50000E+00	1.12360E+01	1.52144E-01
2.50000E+00	1.15169E+01	1.49659E-01
2.50000E+00	1.17978E+01	1.47424E-01
2.50000E+00	1.20787E+01	1.45416E-01
2.50000E+00	1.23596E+01	1.43612E-01
2.50000E+00	1.26404E+01	1.41993E-01
2.50000E+00	1.29213E+01	1.40541E-01
2.50000E+00	1.32022E+01	1.39235E-01
2.50000E+00	1.34831E+01	1.38055E-01
2.50000E+00	1.37640E+01	1.36975E-01
2.50000E+00	1.40449E+01	1.35978E-01
2.50000E+00	1.43258E+01	1.35055E-01
2.50000E+00	1.46067E+01	1.34189E-01
2.50000E+00	1.48876E+01	1.33362E-01
2.50000E+00	1.51685E+01	1.32569E-01
2.50000E+00	1.54494E+01	1.31801E-01
2.50000E+00	1.57303E+01	1.31042E-01
2.50000E+00	1.60112E+01	1.30283E-01
2.50000E+00	1.62921E+01	1.29524E-01
2.50000E+00	1.65730E+01	1.28756E-01
2.50000E+00	1.68539E+01	1.27968E-01
2.50000E+00	1.71348E+01	1.27160E-01
2.50000E+00	1.74157E+01	1.26332E-01
2.50000E+00	1.76966E+01	1.25479E-01
2.50000E+00	1.79775E+01	1.24597E-01
2.50000E+00	1.82584E+01	1.23690E-01
2.50000E+00	1.85393E+01	1.22760E-01
2.50000E+00	1.88202E+01	1.21810E-01
2.50000E+00	1.91011E+01	1.20842E-01
2.50000E+00	1.93820E+01	1.19858E-01
2.50000E+00	1.96629E+01	1.18852E-01
2.50000E+00	1.99438E+01	1.17820E-01
2.50000E+00	2.02247E+01	1.16767E-01
2.50000E+00	2.05056E+01	1.15702E-01
2.50000E+00	2.07865E+01	1.14626E-01
2.50000E+00	2.10674E+01	1.13543E-01
2.50000E+00	2.13483E+01	1.12454E-01
2.50000E+00	2.16292E+01	1.11360E-01
2.50000E+00	2.19101E+01	1.10257E-01
2.50000E+00	2.21910E+01	1.09148E-01
2.50000E+00	2.24719E+01	1.08036E-01
2.50000E+00	2.27528E+01	1.06924E-01
2.50000E+00	2.30337E+01	1.05817E-01
2.50000E+00	2.33146E+01	1.04715E-01
2.50000E+00	2.35955E+01	1.03620E-01
2.50000E+00	2.38764E+01	1.02531E-01
2.50000E+00	2.41573E+01	1.01444E-01
2.50000E+00	2.44382E+01	1.00361E-01
2.50000E+00	2.47191E+01	9.92849E-02
2.50000E+00	2.50000E+01	9.82197E-02
3.00000E+00	0.00000E+00	9.56553E-01
3.00000E+00	2.80899E-01	9.03582E-01
3.00000E+00	5.61798E-01	8.36454E-01
3.00000E+00	8.42697E-01	7.85347E-01
3.00000E+00	1.12360E+00	7.43333E-01
3.00000E+00	1.40449E+00	7.16069E-01
3.00000E+00	1.68539E+00	7.08026E-01
3.00000E+00	1.96629E+00	7.16329E-01
3.00000E+00	2.24719E+00	7.33177E-01
3.00000E+00	2.52809E+00	7.45764E-01
3.00000E+00	2.80899E+00	7.39274E-01
3.00000E+00	3.08989E+00	7.08093E-01
3.00000E+00	3.37079E+00	6.60328E-01
3.00000E+00	3.65169E+00	6.07432E-01
3.00000E+00	3.93258E+00	5.56474E-01
3.00000E+00	4.21348E+00	5.10226E-01
3.00000E+00	4.49438E+00	4.69235E-01
3.00000E+00	4.77528E+00	4.33176E-01
3.00000E+00	5.05618E+00	4.01473E-01
3.00000E+00	5.33708E+00	3.73536E-01
3.00000E+00	5.61798E+00	3.48837E-01
3.00000E+00	5.89888E+00	3.26924E-01
3.00000E+00	6.17978E+00	3.07422E-01
3.00000E+00	6.46067E+00	2.90015E-01
3.00000E+00	6.74157E+00	2.74438E-01
3.00000E+00	7.02247E+00	2.60467E-01
3.00000E+00	7.30337E+00	2.47913E-01
3.00000E+00	7.58427E+00	2.36612E-01
3.00000E+00	7.86517E+00	2.26427E-01
3.00000E+00	8.14607E+00	2.17239E-01
3.00000E+00	8.42697E+00	2.08949E-01
3.00000E+00	8.70787E+00	2.01469E-01
3.00000E+00	8.98876E+00	1.94724E-01
3.00000E+00	9.26966E+00	1.88646E-01
3.00000E+00	9.55056E+00	1.83173E-01
3.00000E+00	9.83146E+00	1.78248E-01
3.00000E+00	1.01124E+01	1.73817E-01
3.00000E+00	1.03933E+01	1.69830E-01
3.00000E+00	1.06742E+01	1.66243E-01
3.00000E+00	1.09551E+01	1.63015E-01
3.00000E+00	1.12360E+01	1.60108E-01
3.00000E+00	1.15169E+01	1.57492E-01
3.00000E+00	1.17978E+01	1.55140E-01
3.00000E+00	1.20787E+01	1.53025E-01
3.00000E+00	1.23596E+01	1.51125E-01
3.00000E+00	1.26404E+01	1.49420E-01
3.00000E+00	1.29213E+01	1.47888E-01
3.00000E+00	1.32022E+01	1.46509E-01
3.00000E+00	1.34831E+01	1.45261E-01
3.00000E+00	1.37640E+01	1.44120E-01
3.00000E+00	1.40449E+01	1.43069E-01
3.00000E+00	1.43258E+01	1.42092E-01
3.00000E+00	1.46067E+01	1.41176E-01
3.00000E+00	1.48876E+01	1.40303E-01
3.00000E+00	1.51685E+01	1.39465E-01
3.00000E+00	1.54494E+01	1.38653E-01
3.00000E+00	1.57303E+01	1.37851E-01
3.00000E+00	1.60112E+01	1.37051E-01
3.00000E+00	1.62921E+01	1.36248E-01
3.00000E+00	1.65730E+01	1.35437E-01
3.00000E+00	1.68539E+01	1.34607E-01
3.00000E+00	1.71348E+01	1.33755E-01
3.00000E+00	1.74157E+01	1.32882E-01
3.00000E+00	1.76966E+01	1.31983E-01
3.00000E+00	1.79775E+01	1.31056E-01
3.00000E+00	1.82584E+01	1.30102E-01
3.00000E+00	1.85393E+01	1.29125E-01
3.00000E+00	1.88202E+01	1.28126E-01
3.00000E+00	1.91011E+01	1.27108E-01
3.00000E+00	1.93820E+01	1.26071E-01
3.00000E+00	1.96629E+01	1.25011E-01
3.00000E+00	1.99438E+01	1.23927E-01
3.00000E+00	2.02247E+01	1.22822E-01
3.00000E+00	2.05056E+01	1.21702E-01
3.00000E+00	2.07865E+01	1.20572E-01
3.00000E+00	2.10674E+01	1.19433E-01
3.00000E+00	2.13483E+01	1.18288E-01
3.00000E+00	2.16292E+01	1.17136E-01
3.00000E+00	2.19101E+01	1.15977E-01
3.00000E+00	2.21910E+01	1.14811E-01
3.00000E+00	2.24719E+01	1.13643E-01
3.00000E+00	2.27528E+01	1.12475E-01
3.00000E+00	2.30337E+01	1.11311E-01
3.00000E+00	2.33146E+01	1.10152E-01
3.00000E+00	2.35955E+01	1.09000E-01
3.00000E+00	2.38764E+01	1.07854E-01
3.00000E+00	2.41573E+01	1.06711E-01
3.00000E+00	2.44382E+01	1.05573E-01
3.00000E+00	2.47191E+01	1.04443E-01
3.00000E+00	2.50000E+01	1.03323E-01
3.50000E+00	0.00000E+00	9.53268E-01
3.50000E+00	2.80899E-01	9.08480E-01
3.50000E+00	5.61798E-01	8.52409E-01
3.50000E+00	8.42697E-01	8.08474E-01
3.50000E+00	1.12360E+00	7.77049E-01
3.50000E+00	1.40449E+00	7.55180E-01
3.50000E+00	1.68539E+00	7.47210E-01
3.50000E+00	1.96629E+00	7.52329E-01
3.50000E+00	2.24719E+00	7.63570E-01
3.50000E+00	2.52809E+00	7.69541E-01
3.50000E+00	2.80899E+00	7.58713E-01
3.50000E+00	3.08989E+00	7.27154E-01
3.50000E+00	3.37079E+00	6.80837E-01
3.50000E+00	3.65169E+00	6.28938E-01
3.50000E+00	3.93258E+00	5.77972E-01
3.50000E+00	4.21348E+00	5.31009E-01
3.50000E+00	4.49438E+00	4.88963E-01
3.50000E+00	4.77528E+00	4.51746E-01
3.50000E+00	5.05618E+00	4.18903E-01
3.50000E+00	5.33708E+00	3.89897E-01
3.50000E+00	5.61798E+00	3.64217E-01
3.50000E+00	5.89888E+00	3.41413E-01
3.50000E+00	6.17978E+00	3.21105E-01
3.50000E+00	6.46067E+00	3.02969E-01
3.50000E+00	6.74157E+00	2.86734E-01
3.50000E+00	7.02247E+00	2.72168E-01
3.50000E+00	7.30337E+00	2.59076E-01
3.50000E+00	7.58427E+00	2.47288E-01
3.50000E+00	7.86517E+00	2.36663E-01
3.50000E+00	8.14607E+00	2.27077E-01
3.50000E+00	8.42697E+00	2.18426E-01
3.50000E+00	8.70787E+00	2.10620E-01
3.50000E+00	8.98876E+00	2.03580E-01
3.50000E+00	9.26966E+00	1.97234E-01
3.50000E+00	9.55056E+00	1.91518E-01
3.50000E+00	9.83146E+00	1.86372E-01
3.50000E+00	1.01124E+01	1.81740E-01
3.50000E+00	1.03933E+01	1.77572E-01
3.50000E+00	1.06742E+01	1.73822E-01
3.50000E+00	1.09551E+01	1.70445E-01
3.50000E+00	1.12360E+01	1.67405E-01
3.50000E+00	1.15169E+01	1.64669E-01
3.50000E+00	1.17978E+01	1.62208E-01
3.50000E+00	1.20787E+01	1.59996E-01
3.50000E+00	1.23596E+01	1.58008E-01
3.50000E+00	1.26404E+01	1.56221E-01
3.50000E+00	1.29213E+01	1.54616E-01
3.50000E+00	1.32022E+01	1.53169E-01
3.50000E+00	1.34831E+01	1.51858E-01
3.50000E+00	1.37640E+01	1.50659E-01
3.50000E+00	1.40449E+01	1.49555E-01
3.50000E+00	1.43258E+01	1.48529E-01
3.50000E+00	1.46067E+01	1.47566E-01
3.50000E+00	1.48876E+01	1.46649E-01
3.50000E+00	1.51685E+01	1.45769E-01
3.50000E+00	1.54494E+01	1.44915E-01
3.50000E+00	1.57303E+01	1.44072E-01
3.50000E+00	1.60112E+01	1.43233E-01
3.50000E+00	1.62921E+01	1.42391E-01
3.50000E+00	1.65730E+01	1.41539E-01
3.50000E+00	1.68539E+01	1.40669E-01
3.50000E+00	1.71348E+01	1.39778E-01
3.50000E+00	1.74157E+01	1.38863E-01
3.50000E+00	1.76966E+01	1.37922E-01
3.50000E+00	1.79775E+01	1.36953E-01
3.50000E+00	1.82584E+01	1.35957E-01
3.50000E+00	1.85393E+01	1.34936E-01
3.50000E+00	1.88202E+01	1.33892E-01
3.50000E+00	1.91011E+01	1.32828E-01
3.50000E+00	1.93820E+01	1.31743E-01
3.50000E+00	1.96629E+01	1.30634E-01
3.50000E+00	1.99438E+01	1.29502E-01
3.50000E+00	2.02247E+01	1.28350E-01
3.50000E+00	2.05056E+01	1.27181E-01
3.50000E+00	2.07865E+01	1.26001E-01
3.50000E+00	2.10674E+01	1.24812E-01
3.50000E+00	2.13483E+01	1.23615E-01
3.50000E+00	2.16292E+01	1.22411E-01
3.50000E+00	2.19101E+01	1.21200E-01
3.50000E+00	2.21910E+01	1.19983E-01
3.50000E+00	2.24719E+01	1.18764E-01
3.50000E+00	2.27528E+01	1.17545E-01
3.50000E+00	2.30337E+01	1.16329E-01
3.50000E+00	2.33146E+01	1.15119E-01
3.50000E+00	2.35955E+01	1.13915E-01
3.50000E+00	2.38764E+01	1.12716E-01
3.50000E+00	2.41573E+01	1.11523E-01
3.50000E+00	2.44382E+01	1.10335E-01
3.50000E+00	2.47191E+01	1.09155E-01
3.50000E+00	2.50000E+01	1.07987E-01
4.00000E+00	0.00000E+00	9.51872E-01
4.00000E+00	2.80899E-01	9.14063E-01
4.00000E+00	5.61798E-01	8.67911E-01
4.00000E+00	8.42697E-01	8.28972E-01
4.00000E+00	1.12360E+00	8.05173E-01
4.00000E+00	1.40449E+00	7.89420E-01
4.00000E+00	1.68539E+00	7.82483E-01
4.00000E+00	1.96629E+00	7.84276E-01
4.00000E+00	2.24719E+00	7.89507E-01
4.00000E+00	2.52809E+00	7.88999E-01
4.00000E+00	2.80899E+00	7.74017E-01
4.00000E+00	3.08989E+00	7.41777E-01
4.00000E+00	3.37079E+00	6.96713E-01
4.00000E+00	3.65169E+00	6.46085E-01
4.00000E+00	3.93258E+00	5.95644E-01
4.00000E+00	4.21348E+00	5.48511E-01
4.00000E+00	4.49438E+00	5.05864E-01
4.00000E+00	4.77528E+00	4.67844E-01
4.00000E+00	5.05618E+00	4.34135E-01
4.00000E+00	5.33708E+00	4.04273E-01
4.00000E+00	5.61798E+00	3.77784E-01
4.00000E+00	5.89888E+00	3.54232E-01
4.00000E+00	6.17978E+00	3.33239E-01
4.00000E+00	6.46067E+00	3.14478E-01
4.00000E+00	6.74157E+00	2.97675E-01
4.00000E+00	7.02247E+00	2.82593E-01
4.00000E+00	7.30337E+00	2.69032E-01
4.00000E+00	7.58427E+00	2.56819E-01
4.00000E+00	7.86517E+00	2.45809E-01
4.00000E+00	8.14607E+00	2.35874E-01
4.00000E+00	8.42697E+00	2.26907E-01
4.00000E+00	8.70787E+00	2.18814E-01
4.00000E+00	8.98876E+00	2.11513E-01
4.00000E+00	9.26966E+00	2.04930E-01
4.00000E+00	9.55056E+00	1.98998E-01
4.00000E+00	9.83146E+00	1.93656E-01
4.00000E+00	1.01124E+01	1.88846E-01
4.00000E+00	1.03933E+01	1.84517E-01
4.00000E+00	1.06742E+01	1.80619E-01
4.00000E+00	1.09551E+01	1.77110E-01
4.00000E+00	1.12360E+01	1.73951E-01
4.00000E+00	1.15169E+01	1.71107E-01
4.00000E+00	1.17978E+01	1.68548E-01
4.00000E+00	1.20787E+01	1.66247E-01
4.00000E+00	1.23596E+01	1.64179E-01
4.00000E+00	1.26404E+01	1.62319E-01
4.00000E+00	1.29213E+01	1.60646E-01
4.00000E+00	1.32022E+01	1.59137E-01
4.00000E+00	1.34831E+01	1.57767E-01
4.00000E+00	1.37640E+01	1.56516E-01
4.00000E+00	1.40449E+01	1.55363E-01
4.00000E+00	1.43258E+01	1.54291E-01
4.00000E+00	1.46067E+01	1.53284E-01
4.00000E+00	1.48876E+01	1.52327E-01
4.00000E+00	1.51685E+01	1.51407E-01
4.00000E+00	1.54494E+01	1.50514E-01
4.00000E+00	1.57303E+01	1.49634E-01
4.00000E+00	1.60112E+01	1.48758E-01
4.00000E+00	1.62921E+01	1.47879E-01
4.00000E+00	1.65730E+01	1.46990E-01
4.00000E+00	1.68539E+01	1.46084E-01
4.00000E+00	1.71348E+01	1.45156E-01
4.00000E+00	1.74157E+01	1.44204E-01
4.00000E+00	1.76966E+01	1.43226E-01
4.00000E+00	1.79775E+01	1.42219E-01
4.00000E+00	1.82584E+01	1.41185E-01
4.00000E+00	1.85393E+01	1.40125E-01
4.00000E+00	1.88202E+01	1.39041E-01
4.00000E+00	1.91011E+01	1.37935E-01
4.00000E+00	1.93820E+01	1.36807E-01
4.00000E+00	1.96629E+01	1.35656E-01
4.00000E+00	1.99438E+01	1.34481E-01
4.00000E+00	2.02247E+01	1.33286E-01
4.00000E+00	2.05056E+01	1.32074E-01
4.00000E+00	2.07865E+01	1.30850E-01
4.00000E+00	2.10674E+01	1.29615E-01
4.00000E+00	2.13483E+01	1.28373E-01
4.00000E+00	2.16292E+01	1.27123E-01
4.00000E+00	2.19101E+01	1.25866E-01
4.00000E+00	2.21910E+01	1.24604E-01
4.00000E+00	2.24719E+01	1.23339E-01
4.00000E+00	2.27528E+01	1.22075E-01
4.00000E+00	2.30337E+01	1.20813E-01
4.00000E+00	2.33146E+01	1.19557E-01
4.00000E+00	2.35955E+01	1.18307E-01
4.00000E+00	2.38764E+01	1.17063E-01
4.00000E+00	2.41573E+01	1.15824E-01
4.00000E+00	2.44382E+01	1.14591E-01
4.00000E+00	2.47191E+01	1.13368E-01
4.00000E+00	2.50000E+01	1.12156E-01
5.00000E+00	0.00000E+00	9.52877E-01
5.00000E+00	2.80899E-01	9.25920E-01
5.00000E+00	5.61798E-01	8.94623E-01
5.00000E+00	8.42697E-01	8.65132E-01
5.00000E+00	1.12360E+00	8.47632E-01
5.00000E+00	1.40449E+00	8.39811E-01
5.00000E+00	1.68539E+00	8.35868E-01
5.00000E+00	1.96629E+00	8.33083E-01
5.00000E+00	2.24719E+00	8.28299E-01
5.00000E+00	2.52809E+00	8.16840E-01
5.00000E+00	2.80899E+00	7.94529E-01
5.00000E+00	3.08989E+00	7.60339E-01
5.00000E+00	3.37079E+00	7.16958E-01
5.00000E+00	3.65169E+00	6.68921E-01
5.00000E+00	3.93258E+00	6.20377E-01
5.00000E+00	4.21348E+00	5.74064E-01
5.00000E+00	4.49438E+00	5.31360E-01
5.00000E+00	4.77528E+00	4.92717E-01
5.00000E+00	5.05618E+00	4.58082E-01
5.00000E+00	5.33708E+00	4.27164E-01
5.00000E+00	5.61798E+00	3.99590E-01
5.00000E+00	5.89888E+00	3.74980E-01
5.00000E+00	6.17978E+00	3.52983E-01
5.00000E+00	6.46067E+00	3.33286E-01
5.00000E+00	6.74157E+00	3.15617E-01
5.00000E+00	7.02247E+00	2.99739E-01
5.00000E+00	7.30337E+00	2.85448E-01
5.00000E+00	7.58427E+00	2.72569E-01
5.00000E+00	7.86517E+00	2.60950E-01
5.00000E+00	8.14607E+00	2.50462E-01
5.00000E+00	8.42697E+00	2.40990E-01
5.00000E+00	8.70787E+00	2.32437E-01
5.00000E+00	8.98876E+00	2.24717E-01
5.00000E+00	9.26966E+00	2.17750E-01
5.00000E+00	9.55056E+00	2.11468E-01
5.00000E+00	9.83146E+00	2.05805E-01
5.00000E+00	1.01124E+01	2.00703E-01
5.00000E+00	1.03933E+01	1.96106E-01
5.00000E+00	1.06742E+01	1.91966E-01
5.00000E+00	1.09551E+01	1.88237E-01
5.00000E+00	1.12360E+01	1.84878E-01
5.00000E+00	1.15169E+01	1.81853E-01
5.00000E+00	1.17978E+01	1.79130E-01
5.00000E+00	1.20787E+01	1.76680E-01
5.00000E+00	1.23596E+01	1.74475E-01
5.00000E+00	1.26404E+01	1.72490E-01
5.00000E+00	1.29213E+01	1.70700E-01
5.00000E+00	1.32022E+01	1.69082E-01
5.00000E+00	1.34831E+01	1.67611E-01
5.00000E+00	1.37640E+01	1.66266E-01
5.00000E+00	1.40449E+01	1.65026E-01
5.00000E+00	1.43258E+01	1.63872E-01
5.00000E+00	1.46067E+01	1.62788E-01
5.00000E+00	1.48876E+01	1.61757E-01
5.00000E+00	1.51685E+01	1.60767E-01
5.00000E+00	1.54494E+01	1.59805E-01
5.00000E+00	1.57303E+01	1.58858E-01
5.00000E+00	1.60112E+01	1.57917E-01
5.00000E+00	1.62921E+01	1.56974E-01
5.00000E+00	1.65730E+01	1.56021E-01
5.00000E+00	1.68539E+01	1.55052E-01
5.00000E+00	1.71348E+01	1.54061E-01
5.00000E+00	1.74157E+01	1.53046E-01
5.00000E+00	1.76966E+01	1.52004E-01
5.00000E+00	1.79775E+01	1.50934E-01
5.00000E+00	1.82584E+01	1.49837E-01
5.00000E+00	1.85393E+01	1.48712E-01
5.00000E+00	1.88202E+01	1.47562E-01
5.00000E+00	1.91011E+01	1.46387E-01
5.00000E+00	1.93820E+01	1.45189E-01
5.00000E+00	1.96629E+01	1.43968E-01
5.00000E+00	1.99438E+01	1.42723E-01
5.00000E+00	2.02247E+01	1.41457E-01
5.00000E+00	2.05056E+01	1.40175E-01
5.00000E+00	2.07865E+01	1.38878E-01
5.00000E+00	2.10674E+01	1.37570E-01
5.00000E+00	2.13483E+01	1.36253E-01
5.00000E+00	2.16292E+01	1.34928E-01
5.00000E+00	2.19101E+01	1.33596E-01
5.00000E+00	2.21910E+01	1.32260E-01
5.00000E+00	2.24719E+01	1.30920E-01
5.00000E+00	2.27528E+01	1.29582E-01
5.00000E+00	2.30337E+01	1.28246E-01
5.00000E+00	2.33146E+01	1.26914E-01
5.00000E+00	2.35955E+01	1.25588E-01
5.00000E+00	2.38764E+01	1.24268E-01
5.00000E+00	2.41573E+01	1.22955E-01
5.00000E+00	2.44382E+01	1.21650E-01
5.00000E+00	2.47191E+01	1.20354E-01
5.00000E+00	2.50000E+01	1.19071E-01
6.00000E+00	0.00000E+00	9.56311E-01
6.00000E+00	2.80899E-01	9.36747E-01
6.00000E+00	5.61798E-01	9.14808E-01
6.00000E+00	8.42697E-01	8.93254E-01
6.00000E+00	1.12360E+00	8.76877E-01
6.00000E+00	1.40449E+00	8.69712E-01
6.00000E+00	1.68539E+00	8.66054E-01
6.00000E+00	1.96629E+00	8.60743E-01
6.00000E+00	2.24719E+00	8.50278E-01
6.00000E+00	2.52809E+00	8.32171E-01
6.00000E+00	2.80899E+00	8.05029E-01
6.00000E+00	3.08989E+00	7.69189E-01
6.00000E+00	3.37079E+00	7.26780E-01
6.00000E+00	3.65169E+00	6.80888E-01
6.00000E+00	3.93258E+00	6.34469E-01
6.00000E+00	4.21348E+00	5.89699E-01
6.00000E+00	4.49438E+00	5.47858E-01
6.00000E+00	4.77528E+00	5.09521E-01
6.00000E+00	5.05618E+00	4.74797E-01
6.00000E+00	5.33708E+00	4.43542E-01
6.00000E+00	5.61798E+00	4.15489E-01
6.00000E+00	5.89888E+00	3.90330E-01
6.00000E+00	6.17978E+00	3.67761E-01
6.00000E+00	6.46067E+00	3.47494E-01
6.00000E+00	6.74157E+00	3.29273E-01
6.00000E+00	7.02247E+00	3.12871E-01
6.00000E+00	7.30337E+00	2.98088E-01
6.00000E+00	7.58427E+00	2.84750E-01
6.00000E+00	7.86517E+00	2.72706E-01
6.00000E+00	8.14607E+00	2.61825E-01
6.00000E+00	8.42697E+00	2.51992E-01
6.00000E+00	8.70787E+00	2.43107E-01
6.00000E+00	8.98876E+00	2.35079E-01
6.00000E+00	9.26966E+00	2.27829E-01
6.00000E+00	9.55056E+00	2.21285E-01
6.00000E+00	9.83146E+00	2.15380E-01
6.00000E+00	1.01124E+01	2.10055E-01
6.00000E+00	1.03933E+01	2.05254E-01
6.00000E+00	1.06742E+01	2.00926E-01
6.00000E+00	1.09551E+01	1.97025E-01
6.00000E+00	1.12360E+01	1.93509E-01
6.00000E+00	1.15169E+01	1.90341E-01
6.00000E+00	1.17978E+01	1.87487E-01
6.00000E+00	1.20787E+01	1.84916E-01
6.00000E+00	1.23596E+01	1.82599E-01
6.00000E+00	1.26404E+01	1.80510E-01
6.00000E+00	1.29213E+01	1.78623E-01
6.00000E+00	1.32022E+01	1.76913E-01
6.00000E+00	1.34831E+01	1.75357E-01
6.00000E+00	1.37640E+01	1.73931E-01
6.00000E+00	1.40449E+01	1.72615E-01
6.00000E+00	1.43258E+01	1.71390E-01
6.00000E+00	1.46067E+01	1.70238E-01
6.00000E+00	1.48876E+01	1.69143E-01
6.00000E+00	1.51685E+01	1.68091E-01
6.00000E+00	1.54494E+01	1.67068E-01
6.00000E+00	1.57303E+01	1.66064E-01
6.00000E+00	1.60112E+01	1.65067E-01
6.00000E+00	1.62921E+01	1.64069E-01
6.00000E+00	1.65730E+01	1.63062E-01
6.00000E+00	1.68539E+01	1.62040E-01
6.00000E+00	1.71348E+01	1.60997E-01
6.00000E+00	1.74157E+01	1.59931E-01
6.00000E+00	1.76966E+01	1.58838E-01
6.00000E+00	1.79775E+01	1.57718E-01
6.00000E+00	1.82584E+01	1.56569E-01
6.00000E+00	1.85393E+01	1.55394E-01
6.00000E+00	1.88202E+01	1.54191E-01
6.00000E+00	1.91011E+01	1.52964E-01
6.00000E+00	1.93820E+01	1.51712E-01
6.00000E+00	1.96629E+01	1.50436E-01
6.00000E+00	1.99438E+01	1.49137E-01
6.00000E+00	2.02247E+01	1.47818E-01
6.00000E+00	2.05056E+01	1.46482E-01
6.00000E+00	2.07865E+01	1.45130E-01
6.00000E+00	2.10674E+01	1.43766E-01
6.00000E+00	2.13483E+01	1.42392E-01
6.00000E+00	2.16292E+01	1.41010E-01
6.00000E+00	2.19101E+01	1.39621E-01
6.00000E+00	2.21910E+01	1.38228E-01
6.00000E+00	2.24719E+01	1.36832E-01
6.00000E+00	2.27528E+01	1.35437E-01
6.00000E+00	2.30337E+01	1.34044E-01
6.00000E+00	2.33146E+01	1.32655E-01
6.00000E+00	2.35955E+01	1.31271E-01
6.00000E+00	2.38764E+01	1.29894E-01
6.00000E+00	2.41573E+01	1.28524E-01
6.00000E+00	2.44382E+01	1.27163E-01
6.00000E+00	2.47191E+01	1.25813E-01
6.00000E+00	2.50000E+01	1.24474E-01
7.00000E+00	0.00000E+00	9.59908E-01
7.00000E+00	2.80899E-01	9.45052E-01
7.00000E+00	5.61798E-01	9.28620E-01
7.00000E+00	8.42697E-01	9.11870E-01
7.00000E+00	1.12360E+00	8.96689E-01
7.00000E+00	1.40449E+00	8.86197E-01
7.00000E+00	1.68539E+00	8.79632E-01
7.00000E+00	1.96629E+00	8.71603E-01
7.00000E+00	2.24719E+00	8.58182E-01
7.00000E+00	2.52809E+00	8.37190E-01
7.00000E+00	2.80899E+00	8.08138E-01
7.00000E+00	3.08989E+00	7.71977E-01
7.00000E+00	3.37079E+00	7.30691E-01
7.00000E+00	3.65169E+00	6.86704E-01
7.00000E+00	3.93258E+00	6.42294E-01
7.00000E+00	4.21348E+00	5.99211E-01
7.00000E+00	4.49438E+00	5.58583E-01
7.00000E+00	4.77528E+00	5.20999E-01
7.00000E+00	5.05618E+00	4.86657E-01
7.00000E+00	5.33708E+00	4.55510E-01
7.00000E+00	5.61798E+00	4.27381E-01
7.00000E+00	5.89888E+00	4.02028E-01
7.00000E+00	6.17978E+00	3.79191E-01
7.00000E+00	6.46067E+00	3.58619E-01
7.00000E+00	6.74157E+00	3.40075E-01
7.00000E+00	7.02247E+00	3.23347E-01
7.00000E+00	7.30337E+00	3.08244E-01
7.00000E+00	7.58427E+00	2.94598E-01
7.00000E+00	7.86517E+00	2.82261E-01
7.00000E+00	8.14607E+00	2.71103E-01
7.00000E+00	8.42697E+00	2.61009E-01
7.00000E+00	8.70787E+00	2.51879E-01
7.00000E+00	8.98876E+00	2.43623E-01
7.00000E+00	9.26966E+00	2.36159E-01
7.00000E+00	9.55056E+00	2.29414E-01
7.00000E+00	9.83146E+00	2.23323E-01
7.00000E+00	1.01124E+01	2.17823E-01
7.00000E+00	1.03933E+01	2.12859E-01
7.00000E+00	1.06742E+01	2.08380E-01
7.00000E+00	1.09551E+01	2.04339E-01
7.00000E+00	1.12360E+01	2.00694E-01
7.00000E+00	1.15169E+01	1.97407E-01
7.00000E+00	1.17978E+01	1.94443E-01
7.00000E+00	1.20787E+01	1.91769E-01
7.00000E+00	1.23596E+01	1.89357E-01
7.00000E+00	1.26404E+01	1.87177E-01
7.00000E+00	1.29213E+01	1.85205E-01
7.00000E+00	1.32022E+01	1.83413E-01
7.00000E+00	1.34831E+01	1.81780E-01
7.00000E+00	1.37640E+01	1.80281E-01
7.00000E+00	1.40449E+01	1.78896E-01
7.00000E+00	1.43258E+01	1.77605E-01
7.00000E+00	1.46067E+01	1.76390E-01
7.00000E+00	1.48876E+01	1.75235E-01
7.00000E+00	1.51685E+01	1.74126E-01
7.00000E+00	1.54494E+01	1.73048E-01
7.00000E+00	1.57303E+01	1.71991E-01
7.00000E+00	1.60112E+01	1.70943E-01
7.00000E+00	1.62921E+01	1.69895E-01
7.00000E+00	1.65730E+01	1.68840E-01
7.00000E+00	1.68539E+01	1.67771E-01
7.00000E+00	1.71348E+01	1.66683E-01
7.00000E+00	1.74157E+01	1.65572E-01
7.00000E+00	1.76966E+01	1.64435E-01
7.00000E+00	1.79775E+01	1.63272E-01
7.00000E+00	1.82584E+01	1.62081E-01
7.00000E+00	1.85393E+01	1.60863E-01
7.00000E+00	1.88202E+01	1.59618E-01
7.00000E+00	1.91011E+01	1.58348E-01
7.00000E+00	1.93820E+01	1.57052E-01
7.00000E+00	1.96629E+01	1.55733E-01
7.00000E+00	1.99438E+01	1.54391E-01
7.00000E+00	2.02247E+01	1.53028E-01
7.00000E+00	2.05056E+01	1.51648E-01
7.00000E+00	2.07865E+01	1.50253E-01
7.00000E+00	2.10674E+01	1.48844E-01
7.00000E+00	2.13483E+01	1.47425E-01
7.00000E+00	2.16292E+01	1.45998E-01
7.00000E+00	2.19101E+01	1.44564E-01
7.00000E+00	2.21910E+01	1.43126E-01
7.00000E+00	2.24719E+01	1.41685E-01
7.00000E+00	2.27528E+01	1.40244E-01
7.00000E+00	2.30337E+01	1.38806E-01
7.00000E+00	2.33146E+01	1.37371E-01
7.00000E+00	2.35955E+01	1.35941E-01
7.00000E+00	2.38764E+01	1.34519E-01
7.00000E+00	2.41573E+01	1.33104E-01
7.00000E+00	2.44382E+01	1.31698E-01
7.00000E+00	2.47191E+01	1.30303E-01
7.00000E+00	2.50000E+01	1.28921E-01
8.00000E+00	0.00000E+00	9.62412E-01
8.00000E+00	2.80899E-01	9.50318E-01
8.00000E+00	5.61798E-01	9.36871E-01
8.00000E+00	8.42697E-01	9.22580E-01
8.00000E+00	1.12360E+00	9.08121E-01
8.00000E+00	1.40449E+00	8.94610E-01
8.00000E+00	1.68539E+00	8.83620E-01
8.00000E+00	1.96629E+00	8.72201E-01
8.00000E+00	2.24719E+00	8.56611E-01
8.00000E+00	2.52809E+00	8.34633E-01
8.00000E+00	2.80899E+00	8.05687E-01
8.00000E+00	3.08989E+00	7.70598E-01
8.00000E+00	3.37079E+00	7.31083E-01
8.00000E+00	3.65169E+00	6.89183E-01
8.00000E+00	3.93258E+00	6.46804E-01
8.00000E+00	4.21348E+00	6.05455E-01
8.00000E+00	4.49438E+00	5.66162E-01
8.00000E+00	4.77528E+00	5.29515E-01
8.00000E+00	5.05618E+00	4.95771E-01
8.00000E+00	5.33708E+00	4.64960E-01
8.00000E+00	5.61798E+00	4.36971E-01
8.00000E+00	5.89888E+00	4.11622E-01
8.00000E+00	6.17978E+00	3.88700E-01
8.00000E+00	6.46067E+00	3.67982E-01
8.00000E+00	6.74157E+00	3.49257E-01
8.00000E+00	7.02247E+00	3.32327E-01
8.00000E+00	7.30337E+00	3.17013E-01
8.00000E+00	7.58427E+00	3.03154E-01
8.00000E+00	7.86517E+00	2.90607E-01
8.00000E+00	8.14607E+00	2.79245E-01
8.00000E+00	8.42697E+00	2.68956E-01
8.00000E+00	8.70787E+00	2.59638E-01
8.00000E+00	8.98876E+00	2.51202E-01
8.00000E+00	9.26966E+00	2.43567E-01
8.00000E+00	9.55056E+00	2.36660E-01
8.00000E+00	9.83146E+00	2.30414E-01
8.00000E+00	1.01124E+01	2.24768E-01
8.00000E+00	1.03933E+01	2.19667E-01
8.00000E+00	1.06742E+01	2.15059E-01
8.00000E+00	1.09551E+01	2.10897E-01
8.00000E+00	1.12360E+01	2.07140E-01
8.00000E+00	1.15169E+01	2.03747E-01
8.00000E+00	1.17978E+01	2.00684E-01
8.00000E+00	1.20787E+01	1.97917E-01
8.00000E+00	1.23596E+01	1.95416E-01
8.00000E+00	1.26404E+01	1.93152E-01
8.00000E+00	1.29213E+01	1.91099E-01
8.00000E+00	1.32022E+01	1.89231E-01
8.00000E+00	1.34831E+01	1.87524E-01
8.00000E+00	1.37640E+01	1.85955E-01
8.00000E+00	1.40449E+01	1.84503E-01
8.00000E+00	1.43258E+01	1.83148E-01
8.00000E+00	1.46067E+01	1.81872E-01
8.00000E+00	1.48876E+01	1.80659E-01
8.00000E+00	1.51685E+01	1.79493E-01
8.00000E+00	1.54494E+01	1.78362E-01
8.00000E+00	1.57303E+01	1.77253E-01
8.00000E+00	1.60112E+01	1.76155E-01
8.00000E+00	1.62921E+01	1.75059E-01
8.00000E+00	1.65730E+01	1.73958E-01
8.00000E+00	1.68539E+01	1.72845E-01
8.00000E+00	1.71348E+01	1.71714E-01
8.00000E+00	1.74157E+01	1.70562E-01
8.00000E+00	1.76966E+01	1.69386E-01
8.00000E+00	1.79775E+01	1.68183E-01
8.00000E+00	1.82584E+01	1.66954E-01
8.00000E+00	1.85393E+01	1.65698E-01
8.00000E+00	1.88202E+01	1.64415E-01
8.00000E+00	1.91011E+01	1.63106E-01
8.00000E+00	1.93820E+01	1.61772E-01
8.00000E+00	1.96629E+01	1.60415E-01
8.00000E+00	1.99438E+01	1.59035E-01
8.00000E+00	2.02247E+01	1.57636E-01
8.00000E+00	2.05056E+01	1.56218E-01
8.00000E+00	2.07865E+01	1.54785E-01
8.00000E+00	2.10674E+01	1.53338E-01
8.00000E+00	2.13483E+01	1.51881E-01
8.00000E+00	2.16292E+01	1.50415E-01
8.00000E+00	2.19101E+01	1.48942E-01
8.00000E+00	2.21910E+01	1.47465E-01
8.00000E+00	2.24719E+01	1.45985E-01
8.00000E+00	2.27528E+01	1.44506E-01
8.00000E+00	2.30337E+01	1.43028E-01
8.00000E+00	2.33146E+01	1.41554E-01
8.00000E+00	2.35955E+01	1.40085E-01
8.00000E+00	2.38764E+01	1.38623E-01
8.00000E+00	2.41573E+01	1.37169E-01
8.00000E+00	2.44382E+01	1.35725E-01
8.00000E+00	2.47191E+01	1.34292E-01
8.00000E+00	2.50000E+01	1.32871E-01
9.00000E+00	0.00000E+00	9.63330E-01
9.00000E+00	2.80899E-01	9.52677E-01
9.00000E+00	5.61798E-01	9.40652E-01
9.00000E+00	8.42697E-01	9.27382E-01
9.00000E+00	1.12360E+00	9.13006E-01
9.00000E+00	1.40449E+00	8.97825E-01
9.00000E+00	1.68539E+00	8.82646E-01
9.00000E+00	1.96629E+00	8.67665E-01
9.00000E+00	2.24719E+00	8.49988E-01
9.00000E+00	2.52809E+00	8.27539E-01
9.00000E+00	2.80899E+00	7.99505E-01
9.00000E+00	3.08989E+00	7.66276E-01
9.00000E+00	3.37079E+00	7.29105E-01
9.00000E+00	3.65169E+00	6.89633E-01
9.00000E+00	3.93258E+00	6.49483E-01
9.00000E+00	4.21348E+00	6.10000E-01
9.00000E+00	4.49438E+00	5.72160E-01
9.00000E+00	4.77528E+00	5.36572E-01
9.00000E+00	5.05618E+00	5.03550E-01
9.00000E+00	5.33708E+00	4.73194E-01
9.00000E+00	5.61798E+00	4.45460E-01
9.00000E+00	5.89888E+00	4.20221E-01
9.00000E+00	6.17978E+00	3.97306E-01
9.00000E+00	6.46067E+00	3.76527E-01
9.00000E+00	6.74157E+00	3.57695E-01
9.00000E+00	7.02247E+00	3.40630E-01
9.00000E+00	7.30337E+00	3.25164E-01
9.00000E+00	7.58427E+00	3.11145E-01
9.00000E+00	7.86517E+00	2.98434E-01
9.00000E+00	8.14607E+00	2.86909E-01
9.00000E+00	8.42697E+00	2.76458E-01
9.00000E+00	8.70787E+00	2.66983E-01
9.00000E+00	8.98876E+00	2.58395E-01
9.00000E+00	9.26966E+00	2.50614E-01
9.00000E+00	9.55056E+00	2.43565E-01
9.00000E+00	9.83146E+00	2.37184E-01
9.00000E+00	1.01124E+01	2.31408E-01
9.00000E+00	1.03933E+01	2.26183E-01
9.00000E+00	1.06742E+01	2.21458E-01
9.00000E+00	1.09551E+01	2.17185E-01
9.00000E+00	1.12360E+01	2.13322E-01
9.00000E+00	1.15169E+01	2.09829E-01
9.00000E+00	1.17978E+01	2.06671E-01
9.00000E+00	1.20787E+01	2.03814E-01
9.00000E+00	1.23596E+01	2.01227E-01
9.00000E+00	1.26404E+01	1.98881E-01
9.00000E+00	1.29213E+01	1.96749E-01
9.00000E+00	1.32022E+01	1.94805E-01
9.00000E+00	1.34831E+01	1.93024E-01
9.00000E+00	1.37640E+01	1.91385E-01
9.00000E+00	1.40449E+01	1.89865E-01
9.00000E+00	1.43258E+01	1.88445E-01
9.00000E+00	1.46067E+01	1.87108E-01
9.00000E+00	1.48876E+01	1.85835E-01
9.00000E+00	1.51685E+01	1.84612E-01
9.00000E+00	1.54494E+01	1.83426E-01
9.00000E+00	1.57303E+01	1.82265E-01
9.00000E+00	1.60112E+01	1.81117E-01
9.00000E+00	1.62921E+01	1.79973E-01
9.00000E+00	1.65730E+01	1.78826E-01
9.00000E+00	1.68539E+01	1.77669E-01
9.00000E+00	1.71348E+01	1.76495E-01
9.00000E+00	1.74157E+01	1.75302E-01
9.00000E+00	1.76966E+01	1.74086E-01
9.00000E+00	1.79775E+01	1.72846E-01
9.00000E+00	1.82584E+01	1.71579E-01
9.00000E+00	1.85393E+01	1.70286E-01
9.00000E+00	1.88202E+01	1.68967E-01
9.00000E+00	1.91011E+01	1.67622E-01
9.00000E+00	1.93820E+01	1.66253E-01
9.00000E+00	1.96629E+01	1.64860E-01
9.00000E+00	1.99438E+01	1.63445E-01
9.00000E+00	2.02247E+01	1.62010E-01
9.00000E+00	2.05056E+01	1.60557E-01
9.00000E+00	2.07865E+01	1.59089E-01
9.00000E+00	2.10674E+01	1.57607E-01
9.00000E+00	2.13483E+01	1.56114E-01
9.00000E+00	2.16292E+01	1.54613E-01
9.00000E+00	2.19101E+01	1.53104E-01
9.00000E+00	2.21910E+01	1.51591E-01
9.00000E+00	2.24719E+01	1.50076E-01
9.00000E+00	2.27528E+01	1.48560E-01
9.00000E+00	2.30337E+01	1.47047E-01
9.00000E+00	2.33146E+01	1.45536E-01
9.00000E+00	2.35955E+01	1.44031E-01
9.00000E+00	2.38764E+01	1.42533E-01
9.00000E+00	2.41573E+01	1.41043E-01
9.00000E+00	2.44382E+01	1.39563E-01
9.00000E+00	2.47191E+01	1.38094E-01
9.00000E+00	2.50000E+01	1.36637E-01
1.00000E+01	0.00000E+00	9.62619E-01
1.00000E+01	2.80899E-01	9.52567E-01
1.00000E+01	5.61798E-01	9.41051E-01
1.00000E+01	8.42697E-01	9.28011E-01
1.00000E+01	1.12360E+00	9.13356E-01
1.00000E+01	1.40449E+00	8.97072E-01
1.00000E+01	1.68539E+00	8.79384E-01
1.00000E+01	1.96629E+00	8.61067E-01
1.00000E+01	2.24719E+00	8.41382E-01
1.00000E+01	2.52809E+00	8.18449E-01
1.00000E+01	2.80899E+00	7.91363E-01
1.00000E+01	3.08989E+00	7.60128E-01
1.00000E+01	3.37079E+00	7.25497E-01
1.00000E+01	3.65169E+00	6.88668E-01
1.00000E+01	3.93258E+00	6.50949E-01
1.00000E+01	4.21348E+00	6.13518E-01
1.00000E+01	4.49438E+00	5.77296E-01
1.00000E+01	4.77528E+00	5.42912E-01
1.00000E+01	5.05618E+00	5.10737E-01
1.00000E+01	5.33708E+00	4.80942E-01
1.00000E+01	5.61798E+00	4.53549E-01
1.00000E+01	5.89888E+00	4.28489E-01
1.00000E+01	6.17978E+00	4.05639E-01
1.00000E+01	6.46067E+00	3.84845E-01
1.00000E+01	6.74157E+00	3.65945E-01
1.00000E+01	7.02247E+00	3.48776E-01
1.00000E+01	7.30337E+00	3.33185E-01
1.00000E+01	7.58427E+00	3.19028E-01
1.00000E+01	7.86517E+00	3.06174E-01
1.00000E+01	8.14607E+00	2.94502E-01
1.00000E+01	8.42697E+00	2.83906E-01
1.00000E+01	8.70787E+00	2.74288E-01
1.00000E+01	8.98876E+00	2.65560E-01
1.00000E+01	9.26966E+00	2.57642E-01
1.00000E+01	9.55056E+00	2.50461E-01
1.00000E+01	9.83146E+00	2.43951E-01
1.00000E+01	1.01124E+01	2.38053E-01
1.00000E+01	1.03933E+01	2.32710E-01
1.00000E+01	1.06742E+01	2.27871E-01
1.00000E+01	1.09551E+01	2.23490E-01
1.00000E+01	1.12360E+01	2.19523E-01
1.00000E+01	1.15169E+01	2.15932E-01
1.00000E+01	1.17978E+01	2.12680E-01
1.00000E+01	1.20787E+01	2.09733E-01
1.00000E+01	1.23596E+01	2.07059E-01
1.00000E+01	1.26404E+01	2.04630E-01
1.00000E+01	1.29213E+01	2.02417E-01
1.00000E+01	1.32022E+01	2.00395E-01
1.00000E+01	1.34831E+01	1.98540E-01
1.00000E+01	1.37640E+01	1.96828E-01
1.00000E+01	1.40449E+01	1.95239E-01
1.00000E+01	1.43258E+01	1.93752E-01
1.00000E+01	1.46067E+01	1.92350E-01
1.00000E+01	1.48876E+01	1.91015E-01
1.00000E+01	1.51685E+01	1.89734E-01
1.00000E+01	1.54494E+01	1.88491E-01
1.00000E+01	1.57303E+01	1.87275E-01
1.00000E+01	1.60112E+01	1.86075E-01
1.00000E+01	1.62921E+01	1.84882E-01
1.00000E+01	1.65730E+01	1.83687E-01
1.00000E+01	1.68539E+01	1.82484E-01
1.00000E+01	1.71348E+01	1.81267E-01
1.00000E+01	1.74157E+01	1.80032E-01
1.00000E+01	1.76966E+01	1.78776E-01
1.00000E+01	1.79775E+01	1.77496E-01
1.00000E+01	1.82584E+01	1.76191E-01
1.00000E+01	1.85393E+01	1.74861E-01
1.00000E+01	1.88202E+01	1.73506E-01
1.00000E+01	1.91011E+01	1.72125E-01
1.00000E+01	1.93820E+01	1.70720E-01
1.00000E+01	1.96629E+01	1.69292E-01
1.00000E+01	1.99438E+01	1.67843E-01
1.00000E+01	2.02247E+01	1.66373E-01
1.00000E+01	2.05056E+01	1.64886E-01
1.00000E+01	2.07865E+01	1.63383E-01
1.00000E+01	2.10674E+01	1.61867E-01
1.00000E+01	2.13483E+01	1.60339E-01
1.00000E+01	2.16292E+01	1.58803E-01
1.00000E+01	2.19101E+01	1.57260E-01
1.00000E+01	2.21910E+01	1.55712E-01
1.00000E+01	2.24719E+01	1.54162E-01
1.00000E+01	2.27528E+01	1.52611E-01
1.00000E+01	2.30337E+01	1.51062E-01
1.00000E+01	2.33146E+01	1.49516E-01
1.00000E+01	2.35955E+01	1.47976E-01
1.00000E+01	2.38764E+01	1.46442E-01
1.00000E+01	2.41573E+01	1.44917E-01
1.00000E+01	2.44382E+01	1.43402E-01
1.00000E+01	2.47191E+01	1.41897E-01
1.00000E+01	2.50000E+01	1.40405E-01
