1.00000E-04	0.00000E+00	1.06463E+00
1.00000E-04	2.80899E-01	9.19527E-01
1.00000E-04	5.61798E-01	9.65794E-01
1.00000E-04	8.42697E-01	9.82255E-01
1.00000E-04	1.12360E+00	9.47232E-01
1.00000E-04	1.40449E+00	8.93323E-01
1.00000E-04	1.68539E+00	8.40756E-01
1.00000E-04	1.96629E+00	7.94286E-01
1.00000E-04	2.24719E+00	7.56308E-01
1.00000E-04	2.52809E+00	7.24962E-01
1.00000E-04	2.80899E+00	6.99232E-01
1.00000E-04	3.08989E+00	6.77925E-01
1.00000E-04	3.37079E+00	6.60405E-01
1.00000E-04	3.65169E+00	6.46211E-01
1.00000E-04	3.93258E+00	6.33625E-01
1.00000E-04	4.21348E+00	6.24098E-01
1.00000E-04	4.49438E+00	6.16219E-01
1.00000E-04	4.77528E+00	6.10246E-01
1.00000E-04	5.05618E+00	6.05578E-01
1.00000E-04	5.33708E+00	6.02665E-01
1.00000E-04	5.61798E+00	6.00417E-01
1.00000E-04	5.89888E+00	5.99279E-01
1.00000E-04	6.17978E+00	5.98471E-01
1.00000E-04	6.46067E+00	5.98174E-01
1.00000E-04	6.74157E+00	5.97996E-01
1.00000E-04	7.02247E+00	5.97133E-01
1.00000E-04	7.30337E+00	5.96128E-01
1.00000E-04	7.58427E+00	5.95008E-01
1.00000E-04	7.86517E+00	5.93247E-01
1.00000E-04	8.14607E+00	5.91394E-01
1.00000E-04	8.42697E+00	5.89004E-01
1.00000E-04	8.70787E+00	5.85948E-01
1.00000E-04	8.98876E+00	5.82251E-01
1.00000E-04	9.26966E+00	5.78459E-01
1.00000E-04	9.55056E+00	5.74056E-01
1.00000E-04	9.83146E+00	5.69252E-01
1.00000E-04	1.01124E+01	5.64100E-01
1.00000E-04	1.03933E+01	5.58839E-01
1.00000E-04	1.06742E+01	5.53283E-01
1.00000E-04	1.09551E+01	5.47333E-01
1.00000E-04	1.12360E+01	5.41617E-01
1.00000E-04	1.15169E+01	5.35616E-01
1.00000E-04	1.17978E+01	5.29408E-01
1.00000E-04	1.20787E+01	5.23303E-01
1.00000E-04	1.23596E+01	5.17034E-01
1.00000E-04	1.26404E+01	5.10631E-01
1.00000E-04	1.29213E+01	5.04242E-01
1.00000E-04	1.32022E+01	4.97959E-01
1.00000E-04	1.34831E+01	4.91580E-01
1.00000E-04	1.37640E+01	4.85251E-01
1.00000E-04	1.40449E+01	4.79099E-01
1.00000E-04	1.43258E+01	4.72808E-01
1.00000E-04	1.46067E+01	4.66721E-01
1.00000E-04	1.48876E+01	4.60592E-01
1.00000E-04	1.51685E+01	4.54569E-01
1.00000E-04	1.54494E+01	4.48672E-01
1.00000E-04	1.57303E+01	4.42843E-01
1.00000E-04	1.60112E+01	4.37003E-01
1.00000E-04	1.62921E+01	4.31304E-01
1.00000E-04	1.65730E+01	4.25760E-01
1.00000E-04	1.68539E+01	4.20225E-01
1.00000E-04	1.71348E+01	4.14841E-01
1.00000E-04	1.74157E+01	4.09458E-01
1.00000E-04	1.76966E+01	4.04260E-01
1.00000E-04	1.79775E+01	3.99155E-01
1.00000E-04	1.82584E+01	3.94188E-01
1.00000E-04	1.85393E+01	3.89199E-01
1.00000E-04	1.88202E+01	3.84382E-01
1.00000E-04	1.91011E+01	3.79680E-01
1.00000E-04	1.93820E+01	3.74999E-01
1.00000E-04	1.96629E+01	3.70533E-01
1.00000E-04	1.99438E+01	3.66172E-01
1.00000E-04	2.02247E+01	3.61763E-01
1.00000E-04	2.05056E+01	3.57478E-01
1.00000E-04	2.07865E+01	3.53396E-01
1.00000E-04	2.10674E+01	3.49223E-01
1.00000E-04	2.13483E+01	3.45287E-01
1.00000E-04	2.16292E+01	3.41341E-01
1.00000E-04	2.19101E+01	3.37531E-01
1.00000E-04	2.21910E+01	3.33817E-01
1.00000E-04	2.24719E+01	3.30138E-01
1.00000E-04	2.27528E+01	3.26507E-01
1.00000E-04	2.30337E+01	3.23048E-01
1.00000E-04	2.33146E+01	3.19570E-01
1.00000E-04	2.35955E+01	3.16125E-01
1.00000E-04	2.38764E+01	3.12799E-01
1.00000E-04	2.41573E+01	3.09608E-01
1.00000E-04	2.44382E+01	3.06363E-01
1.00000E-04	2.47191E+01	3.03249E-01
1.00000E-04	2.50000E+01	3.00152E-01
5.00000E-04	0.00000E+00	1.03237E+00
5.00000E-04	2.80899E-01	6.19659E-01
5.00000E-04	5.61798E-01	6.50923E-01
5.00000E-04	8.42697E-01	6.62084E-01
5.00000E-04	1.12360E+00	6.38319E-01
5.00000E-04	1.40449E+00	6.02075E-01
5.00000E-04	1.68539E+00	5.66648E-01
5.00000E-04	1.96629E+00	5.35328E-01
5.00000E-04	2.24719E+00	5.09732E-01
5.00000E-04	2.52809E+00	4.88605E-01
5.00000E-04	2.80899E+00	4.71264E-01
5.00000E-04	3.08989E+00	4.56922E-01
5.00000E-04	3.37079E+00	4.45096E-01
5.00000E-04	3.65169E+00	4.35526E-01
5.00000E-04	3.93258E+00	4.27051E-01
5.00000E-04	4.21348E+00	4.20563E-01
5.00000E-04	4.49438E+00	4.15315E-01
5.00000E-04	4.77528E+00	4.11289E-01
5.00000E-04	5.05618E+00	4.08145E-01
5.00000E-04	5.33708E+00	4.06180E-01
5.00000E-04	5.61798E+00	4.04665E-01
5.00000E-04	5.89888E+00	4.03896E-01
5.00000E-04	6.17978E+00	4.03354E-01
5.00000E-04	6.46067E+00	4.03154E-01
5.00000E-04	6.74157E+00	4.03034E-01
5.00000E-04	7.02247E+00	4.02452E-01
5.00000E-04	7.30337E+00	4.01784E-01
5.00000E-04	7.58427E+00	4.01020E-01
5.00000E-04	7.86517E+00	3.99833E-01
5.00000E-04	8.14607E+00	3.98584E-01
5.00000E-04	8.42697E+00	3.96974E-01
5.00000E-04	8.70787E+00	3.94914E-01
5.00000E-04	8.98876E+00	3.92479E-01
5.00000E-04	9.26966E+00	3.89866E-01
5.00000E-04	9.55056E+00	3.86899E-01
5.00000E-04	9.83146E+00	3.83661E-01
5.00000E-04	1.01124E+01	3.80189E-01
5.00000E-04	1.03933E+01	3.76624E-01
5.00000E-04	1.06742E+01	3.72898E-01
5.00000E-04	1.09551E+01	3.68888E-01
5.00000E-04	1.12360E+01	3.65036E-01
5.00000E-04	1.15169E+01	3.60991E-01
5.00000E-04	1.17978E+01	3.56807E-01
5.00000E-04	1.20787E+01	3.52693E-01
5.00000E-04	1.23596E+01	3.48467E-01
5.00000E-04	1.26404E+01	3.44152E-01
5.00000E-04	1.29213E+01	3.39846E-01
5.00000E-04	1.32022E+01	3.35612E-01
5.00000E-04	1.34831E+01	3.31312E-01
5.00000E-04	1.37640E+01	3.27047E-01
5.00000E-04	1.40449E+01	3.22900E-01
5.00000E-04	1.43258E+01	3.18660E-01
5.00000E-04	1.46067E+01	3.14558E-01
5.00000E-04	1.48876E+01	3.10427E-01
5.00000E-04	1.51685E+01	3.06368E-01
5.00000E-04	1.54494E+01	3.02393E-01
5.00000E-04	1.57303E+01	2.98465E-01
5.00000E-04	1.60112E+01	2.94529E-01
5.00000E-04	1.62921E+01	2.90688E-01
5.00000E-04	1.65730E+01	2.86951E-01
5.00000E-04	1.68539E+01	2.83221E-01
5.00000E-04	1.71348E+01	2.79592E-01
5.00000E-04	1.74157E+01	2.75964E-01
5.00000E-04	1.76966E+01	2.72461E-01
5.00000E-04	1.79775E+01	2.69020E-01
5.00000E-04	1.82584E+01	2.65673E-01
5.00000E-04	1.85393E+01	2.62310E-01
5.00000E-04	1.88202E+01	2.59063E-01
5.00000E-04	1.91011E+01	2.55895E-01
5.00000E-04	1.93820E+01	2.52740E-01
5.00000E-04	1.96629E+01	2.49729E-01
5.00000E-04	1.99438E+01	2.46781E-01
5.00000E-04	2.02247E+01	2.43819E-01
5.00000E-04	2.05056E+01	2.40931E-01
5.00000E-04	2.07865E+01	2.38180E-01
5.00000E-04	2.10674E+01	2.35367E-01
5.00000E-04	2.13483E+01	2.32714E-01
5.00000E-04	2.16292E+01	2.30055E-01
5.00000E-04	2.19101E+01	2.27487E-01
5.00000E-04	2.21910E+01	2.24984E-01
5.00000E-04	2.24719E+01	2.22504E-01
5.00000E-04	2.27528E+01	2.20057E-01
5.00000E-04	2.30337E+01	2.17726E-01
5.00000E-04	2.33146E+01	2.15382E-01
5.00000E-04	2.35955E+01	2.13060E-01
5.00000E-04	2.38764E+01	2.10818E-01
5.00000E-04	2.41573E+01	2.08668E-01
5.00000E-04	2.44382E+01	2.06481E-01
5.00000E-04	2.47191E+01	2.04382E-01
5.00000E-04	2.50000E+01	2.02294E-01
1.00000E-03	0.00000E+00	1.02256E+00
1.00000E-03	2.80899E-01	5.69430E-01
1.00000E-03	5.61798E-01	5.98166E-01
1.00000E-03	8.42697E-01	6.08464E-01
1.00000E-03	1.12360E+00	5.86515E-01
1.00000E-03	1.40449E+00	5.53258E-01
1.00000E-03	1.68539E+00	5.20722E-01
1.00000E-03	1.96629E+00	4.91939E-01
1.00000E-03	2.24719E+00	4.68415E-01
1.00000E-03	2.52809E+00	4.49002E-01
1.00000E-03	2.80899E+00	4.33068E-01
1.00000E-03	3.08989E+00	4.19923E-01
1.00000E-03	3.37079E+00	4.09026E-01
1.00000E-03	3.65169E+00	4.00201E-01
1.00000E-03	3.93258E+00	3.92464E-01
1.00000E-03	4.21348E+00	3.86453E-01
1.00000E-03	4.49438E+00	3.81640E-01
1.00000E-03	4.77528E+00	3.77945E-01
1.00000E-03	5.05618E+00	3.75078E-01
1.00000E-03	5.33708E+00	3.73259E-01
1.00000E-03	5.61798E+00	3.71867E-01
1.00000E-03	5.89888E+00	3.71142E-01
1.00000E-03	6.17978E+00	3.70662E-01
1.00000E-03	6.46067E+00	3.70478E-01
1.00000E-03	6.74157E+00	3.70358E-01
1.00000E-03	7.02247E+00	3.69832E-01
1.00000E-03	7.30337E+00	3.69220E-01
1.00000E-03	7.58427E+00	3.68517E-01
1.00000E-03	7.86517E+00	3.67426E-01
1.00000E-03	8.14607E+00	3.66279E-01
1.00000E-03	8.42697E+00	3.64799E-01
1.00000E-03	8.70787E+00	3.62906E-01
1.00000E-03	8.98876E+00	3.60677E-01
1.00000E-03	9.26966E+00	3.58267E-01
1.00000E-03	9.55056E+00	3.55540E-01
1.00000E-03	9.83146E+00	3.52565E-01
1.00000E-03	1.01124E+01	3.49374E-01
1.00000E-03	1.03933E+01	3.46097E-01
1.00000E-03	1.06742E+01	3.42675E-01
1.00000E-03	1.09551E+01	3.38990E-01
1.00000E-03	1.12360E+01	3.35449E-01
1.00000E-03	1.15169E+01	3.31733E-01
1.00000E-03	1.17978E+01	3.27888E-01
1.00000E-03	1.20787E+01	3.24107E-01
1.00000E-03	1.23596E+01	3.20224E-01
1.00000E-03	1.26404E+01	3.16258E-01
1.00000E-03	1.29213E+01	3.12302E-01
1.00000E-03	1.32022E+01	3.08410E-01
1.00000E-03	1.34831E+01	3.04459E-01
1.00000E-03	1.37640E+01	3.00539E-01
1.00000E-03	1.40449E+01	2.96729E-01
1.00000E-03	1.43258E+01	2.92833E-01
1.00000E-03	1.46067E+01	2.89063E-01
1.00000E-03	1.48876E+01	2.85267E-01
1.00000E-03	1.51685E+01	2.81536E-01
1.00000E-03	1.54494E+01	2.77884E-01
1.00000E-03	1.57303E+01	2.74274E-01
1.00000E-03	1.60112E+01	2.70657E-01
1.00000E-03	1.62921E+01	2.67127E-01
1.00000E-03	1.65730E+01	2.63694E-01
1.00000E-03	1.68539E+01	2.60266E-01
1.00000E-03	1.71348E+01	2.56931E-01
1.00000E-03	1.74157E+01	2.53599E-01
1.00000E-03	1.76966E+01	2.50378E-01
1.00000E-03	1.79775E+01	2.47216E-01
1.00000E-03	1.82584E+01	2.44140E-01
1.00000E-03	1.85393E+01	2.41049E-01
1.00000E-03	1.88202E+01	2.38066E-01
1.00000E-03	1.91011E+01	2.35156E-01
1.00000E-03	1.93820E+01	2.32255E-01
1.00000E-03	1.96629E+01	2.29489E-01
1.00000E-03	1.99438E+01	2.26765E-01
1.00000E-03	2.02247E+01	2.24057E-01
1.00000E-03	2.05056E+01	2.21403E-01
1.00000E-03	2.07865E+01	2.18875E-01
1.00000E-03	2.10674E+01	2.16290E-01
1.00000E-03	2.13483E+01	2.13853E-01
1.00000E-03	2.16292E+01	2.11409E-01
1.00000E-03	2.19101E+01	2.09049E-01
1.00000E-03	2.21910E+01	2.06749E-01
1.00000E-03	2.24719E+01	2.04470E-01
1.00000E-03	2.27528E+01	2.02222E-01
1.00000E-03	2.30337E+01	2.00079E-01
1.00000E-03	2.33146E+01	1.97925E-01
1.00000E-03	2.35955E+01	1.95791E-01
1.00000E-03	2.38764E+01	1.93731E-01
1.00000E-03	2.41573E+01	1.91755E-01
1.00000E-03	2.44382E+01	1.89745E-01
1.00000E-03	2.47191E+01	1.87817E-01
1.00000E-03	2.50000E+01	1.85898E-01
5.00000E-03	0.00000E+00	1.00766E+00
5.00000E-03	2.80899E-01	5.28597E-01
5.00000E-03	5.61798E-01	5.55270E-01
5.00000E-03	8.42697E-01	5.64837E-01
5.00000E-03	1.12360E+00	5.44412E-01
5.00000E-03	1.40449E+00	5.13543E-01
5.00000E-03	1.68539E+00	4.83385E-01
5.00000E-03	1.96629E+00	4.56647E-01
5.00000E-03	2.24719E+00	4.34797E-01
5.00000E-03	2.52809E+00	4.16799E-01
5.00000E-03	2.80899E+00	4.02008E-01
5.00000E-03	3.08989E+00	3.89855E-01
5.00000E-03	3.37079E+00	3.79705E-01
5.00000E-03	3.65169E+00	3.71431E-01
5.00000E-03	3.93258E+00	3.64392E-01
5.00000E-03	4.21348E+00	3.58721E-01
5.00000E-03	4.49438E+00	3.54181E-01
5.00000E-03	4.77528E+00	3.50776E-01
5.00000E-03	5.05618E+00	3.48242E-01
5.00000E-03	5.33708E+00	3.46461E-01
5.00000E-03	5.61798E+00	3.45226E-01
5.00000E-03	5.89888E+00	3.44458E-01
5.00000E-03	6.17978E+00	3.44040E-01
5.00000E-03	6.46067E+00	3.43914E-01
5.00000E-03	6.74157E+00	3.43714E-01
5.00000E-03	7.02247E+00	3.43265E-01
5.00000E-03	7.30337E+00	3.42742E-01
5.00000E-03	7.58427E+00	3.42085E-01
5.00000E-03	7.86517E+00	3.41094E-01
5.00000E-03	8.14607E+00	3.39970E-01
5.00000E-03	8.42697E+00	3.38633E-01
5.00000E-03	8.70787E+00	3.36882E-01
5.00000E-03	8.98876E+00	3.34819E-01
5.00000E-03	9.26966E+00	3.32555E-01
5.00000E-03	9.55056E+00	3.30043E-01
5.00000E-03	9.83146E+00	3.27273E-01
5.00000E-03	1.01124E+01	3.24313E-01
5.00000E-03	1.03933E+01	3.21275E-01
5.00000E-03	1.06742E+01	3.18100E-01
5.00000E-03	1.09551E+01	3.14681E-01
5.00000E-03	1.12360E+01	3.11357E-01
5.00000E-03	1.15169E+01	3.07924E-01
5.00000E-03	1.17978E+01	3.04375E-01
5.00000E-03	1.20787E+01	3.00829E-01
5.00000E-03	1.23596E+01	2.97258E-01
5.00000E-03	1.26404E+01	2.93580E-01
5.00000E-03	1.29213E+01	2.89935E-01
5.00000E-03	1.32022E+01	2.86293E-01
5.00000E-03	1.34831E+01	2.82639E-01
5.00000E-03	1.37640E+01	2.79008E-01
5.00000E-03	1.40449E+01	2.75449E-01
5.00000E-03	1.43258E+01	2.71833E-01
5.00000E-03	1.46067E+01	2.68333E-01
5.00000E-03	1.48876E+01	2.64812E-01
5.00000E-03	1.51685E+01	2.61347E-01
5.00000E-03	1.54494E+01	2.57956E-01
5.00000E-03	1.57303E+01	2.54604E-01
5.00000E-03	1.60112E+01	2.51248E-01
5.00000E-03	1.62921E+01	2.47974E-01
5.00000E-03	1.65730E+01	2.44781E-01
5.00000E-03	1.68539E+01	2.41601E-01
5.00000E-03	1.71348E+01	2.38506E-01
5.00000E-03	1.74157E+01	2.35428E-01
5.00000E-03	1.76966E+01	2.32427E-01
5.00000E-03	1.79775E+01	2.29487E-01
5.00000E-03	1.82584E+01	2.26630E-01
5.00000E-03	1.85393E+01	2.23763E-01
5.00000E-03	1.88202E+01	2.20995E-01
5.00000E-03	1.91011E+01	2.18295E-01
5.00000E-03	1.93820E+01	2.15599E-01
5.00000E-03	1.96629E+01	2.13031E-01
5.00000E-03	1.99438E+01	2.10487E-01
5.00000E-03	2.02247E+01	2.07989E-01
5.00000E-03	2.05056E+01	2.05527E-01
5.00000E-03	2.07865E+01	2.03176E-01
5.00000E-03	2.10674E+01	2.00780E-01
5.00000E-03	2.13483E+01	1.98517E-01
5.00000E-03	2.16292E+01	1.96248E-01
5.00000E-03	2.19101E+01	1.94057E-01
5.00000E-03	2.21910E+01	1.91922E-01
5.00000E-03	2.24719E+01	1.89807E-01
5.00000E-03	2.27528E+01	1.87720E-01
5.00000E-03	2.30337E+01	1.85730E-01
5.00000E-03	2.33146E+01	1.83729E-01
5.00000E-03	2.35955E+01	1.81751E-01
5.00000E-03	2.38764E+01	1.79839E-01
5.00000E-03	2.41573E+01	1.77999E-01
5.00000E-03	2.44382E+01	1.76138E-01
5.00000E-03	2.47191E+01	1.74348E-01
5.00000E-03	2.50000E+01	1.72567E-01
1.00000E-02	0.00000E+00	1.00369E+00
1.00000E-02	2.80899E-01	5.28015E-01
1.00000E-02	5.61798E-01	5.54655E-01
1.00000E-02	8.42697E-01	5.64210E-01
1.00000E-02	1.12360E+00	5.43807E-01
1.00000E-02	1.40449E+00	5.12973E-01
1.00000E-02	1.68539E+00	4.82848E-01
1.00000E-02	1.96629E+00	4.56140E-01
1.00000E-02	2.24719E+00	4.34314E-01
1.00000E-02	2.52809E+00	4.16337E-01
1.00000E-02	2.80899E+00	4.01562E-01
1.00000E-02	3.08989E+00	3.89424E-01
1.00000E-02	3.37079E+00	3.79284E-01
1.00000E-02	3.65169E+00	3.71014E-01
1.00000E-02	3.93258E+00	3.63994E-01
1.00000E-02	4.21348E+00	3.58323E-01
1.00000E-02	4.49438E+00	3.53771E-01
1.00000E-02	4.77528E+00	3.50378E-01
1.00000E-02	5.05618E+00	3.47861E-01
1.00000E-02	5.33708E+00	3.46066E-01
1.00000E-02	5.61798E+00	3.44855E-01
1.00000E-02	5.89888E+00	3.44067E-01
1.00000E-02	6.17978E+00	3.43635E-01
1.00000E-02	6.46067E+00	3.43536E-01
1.00000E-02	6.74157E+00	3.43313E-01
1.00000E-02	7.02247E+00	3.42871E-01
1.00000E-02	7.30337E+00	3.42360E-01
1.00000E-02	7.58427E+00	3.41705E-01
1.00000E-02	7.86517E+00	3.40722E-01
1.00000E-02	8.14607E+00	3.39552E-01
1.00000E-02	8.42697E+00	3.38241E-01
1.00000E-02	8.70787E+00	3.36514E-01
1.00000E-02	8.98876E+00	3.34449E-01
1.00000E-02	9.26966E+00	3.32166E-01
1.00000E-02	9.55056E+00	3.29675E-01
1.00000E-02	9.83146E+00	3.26888E-01
1.00000E-02	1.01124E+01	3.23934E-01
1.00000E-02	1.03933E+01	3.20920E-01
1.00000E-02	1.06742E+01	3.17738E-01
1.00000E-02	1.09551E+01	3.14343E-01
1.00000E-02	1.12360E+01	3.10982E-01
1.00000E-02	1.15169E+01	3.07560E-01
1.00000E-02	1.17978E+01	3.04035E-01
1.00000E-02	1.20787E+01	3.00477E-01
1.00000E-02	1.23596E+01	2.96916E-01
1.00000E-02	1.26404E+01	2.93265E-01
1.00000E-02	1.29213E+01	2.89628E-01
1.00000E-02	1.32022E+01	2.85976E-01
1.00000E-02	1.34831E+01	2.82340E-01
1.00000E-02	1.37640E+01	2.78716E-01
1.00000E-02	1.40449E+01	2.75137E-01
1.00000E-02	1.43258E+01	2.71536E-01
1.00000E-02	1.46067E+01	2.68035E-01
1.00000E-02	1.48876E+01	2.64525E-01
1.00000E-02	1.51685E+01	2.61058E-01
1.00000E-02	1.54494E+01	2.57670E-01
1.00000E-02	1.57303E+01	2.54315E-01
1.00000E-02	1.60112E+01	2.50974E-01
1.00000E-02	1.62921E+01	2.47703E-01
1.00000E-02	1.65730E+01	2.44500E-01
1.00000E-02	1.68539E+01	2.41334E-01
1.00000E-02	1.71348E+01	2.38241E-01
1.00000E-02	1.74157E+01	2.35171E-01
1.00000E-02	1.76966E+01	2.32173E-01
1.00000E-02	1.79775E+01	2.29232E-01
1.00000E-02	1.82584E+01	2.26367E-01
1.00000E-02	1.85393E+01	2.23516E-01
1.00000E-02	1.88202E+01	2.20754E-01
1.00000E-02	1.91011E+01	2.18052E-01
1.00000E-02	1.93820E+01	2.15363E-01
1.00000E-02	1.96629E+01	2.12795E-01
1.00000E-02	1.99438E+01	2.10251E-01
1.00000E-02	2.02247E+01	2.07756E-01
1.00000E-02	2.05056E+01	2.05303E-01
1.00000E-02	2.07865E+01	2.02938E-01
1.00000E-02	2.10674E+01	2.00559E-01
1.00000E-02	2.13483E+01	1.98296E-01
1.00000E-02	2.16292E+01	1.96032E-01
1.00000E-02	2.19101E+01	1.93842E-01
1.00000E-02	2.21910E+01	1.91709E-01
1.00000E-02	2.24719E+01	1.89596E-01
1.00000E-02	2.27528E+01	1.87512E-01
1.00000E-02	2.30337E+01	1.85518E-01
1.00000E-02	2.33146E+01	1.83519E-01
1.00000E-02	2.35955E+01	1.81549E-01
1.00000E-02	2.38764E+01	1.79644E-01
1.00000E-02	2.41573E+01	1.77793E-01
1.00000E-02	2.44382E+01	1.75943E-01
1.00000E-02	2.47191E+01	1.74154E-01
1.00000E-02	2.50000E+01	1.72376E-01
5.00000E-02	0.00000E+00	9.88876E-01
5.00000E-02	2.80899E-01	5.77487E-01
5.00000E-02	5.61798E-01	6.06619E-01
5.00000E-02	8.42697E-01	6.17036E-01
5.00000E-02	1.12360E+00	5.94720E-01
5.00000E-02	1.40449E+00	5.61002E-01
5.00000E-02	1.68539E+00	5.28057E-01
5.00000E-02	1.96629E+00	4.98849E-01
5.00000E-02	2.24719E+00	4.74979E-01
5.00000E-02	2.52809E+00	4.55320E-01
5.00000E-02	2.80899E+00	4.39161E-01
5.00000E-02	3.08989E+00	4.25887E-01
5.00000E-02	3.37079E+00	4.14798E-01
5.00000E-02	3.65169E+00	4.05753E-01
5.00000E-02	3.93258E+00	3.98076E-01
5.00000E-02	4.21348E+00	3.91874E-01
5.00000E-02	4.49438E+00	3.86894E-01
5.00000E-02	4.77528E+00	3.83184E-01
5.00000E-02	5.05618E+00	3.80432E-01
5.00000E-02	5.33708E+00	3.78469E-01
5.00000E-02	5.61798E+00	3.77146E-01
5.00000E-02	5.89888E+00	3.76283E-01
5.00000E-02	6.17978E+00	3.75807E-01
5.00000E-02	6.46067E+00	3.75701E-01
5.00000E-02	6.74157E+00	3.75453E-01
5.00000E-02	7.02247E+00	3.74974E-01
5.00000E-02	7.30337E+00	3.74416E-01
5.00000E-02	7.58427E+00	3.73699E-01
5.00000E-02	7.86517E+00	3.72625E-01
5.00000E-02	8.14607E+00	3.71326E-01
5.00000E-02	8.42697E+00	3.69902E-01
5.00000E-02	8.70787E+00	3.68029E-01
5.00000E-02	8.98876E+00	3.65765E-01
5.00000E-02	9.26966E+00	3.63262E-01
5.00000E-02	9.55056E+00	3.60541E-01
5.00000E-02	9.83146E+00	3.57484E-01
5.00000E-02	1.01124E+01	3.54252E-01
5.00000E-02	1.03933E+01	3.50970E-01
5.00000E-02	1.06742E+01	3.47469E-01
5.00000E-02	1.09551E+01	3.43807E-01
5.00000E-02	1.12360E+01	3.40078E-01
5.00000E-02	1.15169E+01	3.36343E-01
5.00000E-02	1.17978E+01	3.32502E-01
5.00000E-02	1.20787E+01	3.28602E-01
5.00000E-02	1.23596E+01	3.24692E-01
5.00000E-02	1.26404E+01	3.20748E-01
5.00000E-02	1.29213E+01	3.16754E-01
5.00000E-02	1.32022E+01	3.12753E-01
5.00000E-02	1.34831E+01	3.08785E-01
5.00000E-02	1.37640E+01	3.04826E-01
5.00000E-02	1.40449E+01	3.00882E-01
5.00000E-02	1.43258E+01	2.96970E-01
5.00000E-02	1.46067E+01	2.93121E-01
5.00000E-02	1.48876E+01	2.89298E-01
5.00000E-02	1.51685E+01	2.85504E-01
5.00000E-02	1.54494E+01	2.81788E-01
5.00000E-02	1.57303E+01	2.78116E-01
5.00000E-02	1.60112E+01	2.74484E-01
5.00000E-02	1.62921E+01	2.70898E-01
5.00000E-02	1.65730E+01	2.67383E-01
5.00000E-02	1.68539E+01	2.63932E-01
5.00000E-02	1.71348E+01	2.60531E-01
5.00000E-02	1.74157E+01	2.57192E-01
5.00000E-02	1.76966E+01	2.53913E-01
5.00000E-02	1.79775E+01	2.50694E-01
5.00000E-02	1.82584E+01	2.47531E-01
5.00000E-02	1.85393E+01	2.44447E-01
5.00000E-02	1.88202E+01	2.41429E-01
5.00000E-02	1.91011E+01	2.38469E-01
5.00000E-02	1.93820E+01	2.35558E-01
5.00000E-02	1.96629E+01	2.32715E-01
5.00000E-02	1.99438E+01	2.29934E-01
5.00000E-02	2.02247E+01	2.27197E-01
5.00000E-02	2.05056E+01	2.24528E-01
5.00000E-02	2.07865E+01	2.21916E-01
5.00000E-02	2.10674E+01	2.19360E-01
5.00000E-02	2.13483E+01	2.16853E-01
5.00000E-02	2.16292E+01	2.14400E-01
5.00000E-02	2.19101E+01	2.12007E-01
5.00000E-02	2.21910E+01	2.09651E-01
5.00000E-02	2.24719E+01	2.07341E-01
5.00000E-02	2.27528E+01	2.05084E-01
5.00000E-02	2.30337E+01	2.02875E-01
5.00000E-02	2.33146E+01	2.00697E-01
5.00000E-02	2.35955E+01	1.98562E-01
5.00000E-02	2.38764E+01	1.96474E-01
5.00000E-02	2.41573E+01	1.94430E-01
5.00000E-02	2.44382E+01	1.92419E-01
5.00000E-02	2.47191E+01	1.90447E-01
5.00000E-02	2.50000E+01	1.88515E-01
1.00000E-01	0.00000E+00	9.82231E-01
1.00000E-01	2.80899E-01	6.27435E-01
1.00000E-01	5.61798E-01	6.59039E-01
1.00000E-01	8.42697E-01	6.70253E-01
1.00000E-01	1.12360E+00	6.46010E-01
1.00000E-01	1.40449E+00	6.09396E-01
1.00000E-01	1.68539E+00	5.73610E-01
1.00000E-01	1.96629E+00	5.41890E-01
1.00000E-01	2.24719E+00	5.15960E-01
1.00000E-01	2.52809E+00	4.94606E-01
1.00000E-01	2.80899E+00	4.77053E-01
1.00000E-01	3.08989E+00	4.62632E-01
1.00000E-01	3.37079E+00	4.50587E-01
1.00000E-01	3.65169E+00	4.40761E-01
1.00000E-01	3.93258E+00	4.32424E-01
1.00000E-01	4.21348E+00	4.25686E-01
1.00000E-01	4.49438E+00	4.20277E-01
1.00000E-01	4.77528E+00	4.16246E-01
1.00000E-01	5.05618E+00	4.13256E-01
1.00000E-01	5.33708E+00	4.11124E-01
1.00000E-01	5.61798E+00	4.09686E-01
1.00000E-01	5.89888E+00	4.08749E-01
1.00000E-01	6.17978E+00	4.08232E-01
1.00000E-01	6.46067E+00	4.08117E-01
1.00000E-01	6.74157E+00	4.07847E-01
1.00000E-01	7.02247E+00	4.07326E-01
1.00000E-01	7.30337E+00	4.06720E-01
1.00000E-01	7.58427E+00	4.05941E-01
1.00000E-01	7.86517E+00	4.04774E-01
1.00000E-01	8.14607E+00	4.03364E-01
1.00000E-01	8.42697E+00	4.01816E-01
1.00000E-01	8.70787E+00	3.99781E-01
1.00000E-01	8.98876E+00	3.97323E-01
1.00000E-01	9.26966E+00	3.94603E-01
1.00000E-01	9.55056E+00	3.91648E-01
1.00000E-01	9.83146E+00	3.88326E-01
1.00000E-01	1.01124E+01	3.84816E-01
1.00000E-01	1.03933E+01	3.81250E-01
1.00000E-01	1.06742E+01	3.77447E-01
1.00000E-01	1.09551E+01	3.73469E-01
1.00000E-01	1.12360E+01	3.69419E-01
1.00000E-01	1.15169E+01	3.65361E-01
1.00000E-01	1.17978E+01	3.61190E-01
1.00000E-01	1.20787E+01	3.56953E-01
1.00000E-01	1.23596E+01	3.52705E-01
1.00000E-01	1.26404E+01	3.48421E-01
1.00000E-01	1.29213E+01	3.44083E-01
1.00000E-01	1.32022E+01	3.39736E-01
1.00000E-01	1.34831E+01	3.35427E-01
1.00000E-01	1.37640E+01	3.31126E-01
1.00000E-01	1.40449E+01	3.26842E-01
1.00000E-01	1.43258E+01	3.22592E-01
1.00000E-01	1.46067E+01	3.18410E-01
1.00000E-01	1.48876E+01	3.14258E-01
1.00000E-01	1.51685E+01	3.10137E-01
1.00000E-01	1.54494E+01	3.06100E-01
1.00000E-01	1.57303E+01	3.02112E-01
1.00000E-01	1.60112E+01	2.98166E-01
1.00000E-01	1.62921E+01	2.94271E-01
1.00000E-01	1.65730E+01	2.90452E-01
1.00000E-01	1.68539E+01	2.86703E-01
1.00000E-01	1.71348E+01	2.83008E-01
1.00000E-01	1.74157E+01	2.79382E-01
1.00000E-01	1.76966E+01	2.75820E-01
1.00000E-01	1.79775E+01	2.72323E-01
1.00000E-01	1.82584E+01	2.68887E-01
1.00000E-01	1.85393E+01	2.65537E-01
1.00000E-01	1.88202E+01	2.62260E-01
1.00000E-01	1.91011E+01	2.59044E-01
1.00000E-01	1.93820E+01	2.55882E-01
1.00000E-01	1.96629E+01	2.52793E-01
1.00000E-01	1.99438E+01	2.49773E-01
1.00000E-01	2.02247E+01	2.46799E-01
1.00000E-01	2.05056E+01	2.43900E-01
1.00000E-01	2.07865E+01	2.41062E-01
1.00000E-01	2.10674E+01	2.38287E-01
1.00000E-01	2.13483E+01	2.35562E-01
1.00000E-01	2.16292E+01	2.32899E-01
1.00000E-01	2.19101E+01	2.30299E-01
1.00000E-01	2.21910E+01	2.27739E-01
1.00000E-01	2.24719E+01	2.25230E-01
1.00000E-01	2.27528E+01	2.22779E-01
1.00000E-01	2.30337E+01	2.20378E-01
1.00000E-01	2.33146E+01	2.18012E-01
1.00000E-01	2.35955E+01	2.15694E-01
1.00000E-01	2.38764E+01	2.13426E-01
1.00000E-01	2.41573E+01	2.11205E-01
1.00000E-01	2.44382E+01	2.09021E-01
1.00000E-01	2.47191E+01	2.06878E-01
1.00000E-01	2.50000E+01	2.04780E-01
2.00000E-01	0.00000E+00	9.75880E-01
2.00000E-01	2.80899E-01	6.98890E-01
2.00000E-01	5.61798E-01	7.33969E-01
2.00000E-01	8.42697E-01	7.46078E-01
2.00000E-01	1.12360E+00	7.19109E-01
2.00000E-01	1.40449E+00	6.78415E-01
2.00000E-01	1.68539E+00	6.38585E-01
2.00000E-01	1.96629E+00	6.03304E-01
2.00000E-01	2.24719E+00	5.74433E-01
2.00000E-01	2.52809E+00	5.50665E-01
2.00000E-01	2.80899E+00	5.31124E-01
2.00000E-01	3.08989E+00	5.15064E-01
2.00000E-01	3.37079E+00	5.01661E-01
2.00000E-01	3.65169E+00	4.90718E-01
2.00000E-01	3.93258E+00	4.81441E-01
2.00000E-01	4.21348E+00	4.73936E-01
2.00000E-01	4.49438E+00	4.67918E-01
2.00000E-01	4.77528E+00	4.63427E-01
2.00000E-01	5.05618E+00	4.60099E-01
2.00000E-01	5.33708E+00	4.57725E-01
2.00000E-01	5.61798E+00	4.56121E-01
2.00000E-01	5.89888E+00	4.55080E-01
2.00000E-01	6.17978E+00	4.54504E-01
2.00000E-01	6.46067E+00	4.54371E-01
2.00000E-01	6.74157E+00	4.54070E-01
2.00000E-01	7.02247E+00	4.53491E-01
2.00000E-01	7.30337E+00	4.52817E-01
2.00000E-01	7.58427E+00	4.51947E-01
2.00000E-01	7.86517E+00	4.50649E-01
2.00000E-01	8.14607E+00	4.49079E-01
2.00000E-01	8.42697E+00	4.47353E-01
2.00000E-01	8.70787E+00	4.45088E-01
2.00000E-01	8.98876E+00	4.42352E-01
2.00000E-01	9.26966E+00	4.39325E-01
2.00000E-01	9.55056E+00	4.36032E-01
2.00000E-01	9.83146E+00	4.32336E-01
2.00000E-01	1.01124E+01	4.28428E-01
2.00000E-01	1.03933E+01	4.24457E-01
2.00000E-01	1.06742E+01	4.20224E-01
2.00000E-01	1.09551E+01	4.15795E-01
2.00000E-01	1.12360E+01	4.11286E-01
2.00000E-01	1.15169E+01	4.06768E-01
2.00000E-01	1.17978E+01	4.02124E-01
2.00000E-01	1.20787E+01	3.97407E-01
2.00000E-01	1.23596E+01	3.92678E-01
2.00000E-01	1.26404E+01	3.87909E-01
2.00000E-01	1.29213E+01	3.83079E-01
2.00000E-01	1.32022E+01	3.78239E-01
2.00000E-01	1.34831E+01	3.73441E-01
2.00000E-01	1.37640E+01	3.68653E-01
2.00000E-01	1.40449E+01	3.63884E-01
2.00000E-01	1.43258E+01	3.59152E-01
2.00000E-01	1.46067E+01	3.54496E-01
2.00000E-01	1.48876E+01	3.49874E-01
2.00000E-01	1.51685E+01	3.45286E-01
2.00000E-01	1.54494E+01	3.40791E-01
2.00000E-01	1.57303E+01	3.36351E-01
2.00000E-01	1.60112E+01	3.31958E-01
2.00000E-01	1.62921E+01	3.27622E-01
2.00000E-01	1.65730E+01	3.23370E-01
2.00000E-01	1.68539E+01	3.19196E-01
2.00000E-01	1.71348E+01	3.15082E-01
2.00000E-01	1.74157E+01	3.11045E-01
2.00000E-01	1.76966E+01	3.07080E-01
2.00000E-01	1.79775E+01	3.03186E-01
2.00000E-01	1.82584E+01	2.99361E-01
2.00000E-01	1.85393E+01	2.95632E-01
2.00000E-01	1.88202E+01	2.91982E-01
2.00000E-01	1.91011E+01	2.88402E-01
2.00000E-01	1.93820E+01	2.84883E-01
2.00000E-01	1.96629E+01	2.81444E-01
2.00000E-01	1.99438E+01	2.78080E-01
2.00000E-01	2.02247E+01	2.74770E-01
2.00000E-01	2.05056E+01	2.71543E-01
2.00000E-01	2.07865E+01	2.68383E-01
2.00000E-01	2.10674E+01	2.65293E-01
2.00000E-01	2.13483E+01	2.62259E-01
2.00000E-01	2.16292E+01	2.59294E-01
2.00000E-01	2.19101E+01	2.56400E-01
2.00000E-01	2.21910E+01	2.53549E-01
2.00000E-01	2.24719E+01	2.50756E-01
2.00000E-01	2.27528E+01	2.48027E-01
2.00000E-01	2.30337E+01	2.45355E-01
2.00000E-01	2.33146E+01	2.42721E-01
2.00000E-01	2.35955E+01	2.40140E-01
2.00000E-01	2.38764E+01	2.37614E-01
2.00000E-01	2.41573E+01	2.35142E-01
2.00000E-01	2.44382E+01	2.32710E-01
2.00000E-01	2.47191E+01	2.30324E-01
2.00000E-01	2.50000E+01	2.27989E-01
2.50000E-01	0.00000E+00	9.73939E-01
2.50000E-01	2.80899E-01	7.26895E-01
2.50000E-01	5.61798E-01	7.63579E-01
2.50000E-01	8.42697E-01	7.75938E-01
2.50000E-01	1.12360E+00	7.47912E-01
2.50000E-01	1.40449E+00	7.05640E-01
2.50000E-01	1.68539E+00	6.64224E-01
2.50000E-01	1.96629E+00	6.27553E-01
2.50000E-01	2.24719E+00	5.97519E-01
2.50000E-01	2.52809E+00	5.72801E-01
2.50000E-01	2.80899E+00	5.52476E-01
2.50000E-01	3.08989E+00	5.35768E-01
2.50000E-01	3.37079E+00	5.21831E-01
2.50000E-01	3.65169E+00	5.10445E-01
2.50000E-01	3.93258E+00	5.00800E-01
2.50000E-01	4.21348E+00	4.92990E-01
2.50000E-01	4.49438E+00	4.86733E-01
2.50000E-01	4.77528E+00	4.82060E-01
2.50000E-01	5.05618E+00	4.78598E-01
2.50000E-01	5.33708E+00	4.76128E-01
2.50000E-01	5.61798E+00	4.74459E-01
2.50000E-01	5.89888E+00	4.73376E-01
2.50000E-01	6.17978E+00	4.72778E-01
2.50000E-01	6.46067E+00	4.72636E-01
2.50000E-01	6.74157E+00	4.72322E-01
2.50000E-01	7.02247E+00	4.71721E-01
2.50000E-01	7.30337E+00	4.71019E-01
2.50000E-01	7.58427E+00	4.70112E-01
2.50000E-01	7.86517E+00	4.68763E-01
2.50000E-01	8.14607E+00	4.67131E-01
2.50000E-01	8.42697E+00	4.65334E-01
2.50000E-01	8.70787E+00	4.62978E-01
2.50000E-01	8.98876E+00	4.60132E-01
2.50000E-01	9.26966E+00	4.56984E-01
2.50000E-01	9.55056E+00	4.53557E-01
2.50000E-01	9.83146E+00	4.49713E-01
2.50000E-01	1.01124E+01	4.45649E-01
2.50000E-01	1.03933E+01	4.41518E-01
2.50000E-01	1.06742E+01	4.37115E-01
2.50000E-01	1.09551E+01	4.32508E-01
2.50000E-01	1.12360E+01	4.27819E-01
2.50000E-01	1.15169E+01	4.23117E-01
2.50000E-01	1.17978E+01	4.18287E-01
2.50000E-01	1.20787E+01	4.13381E-01
2.50000E-01	1.23596E+01	4.08462E-01
2.50000E-01	1.26404E+01	4.03501E-01
2.50000E-01	1.29213E+01	3.98477E-01
2.50000E-01	1.32022E+01	3.93443E-01
2.50000E-01	1.34831E+01	3.88451E-01
2.50000E-01	1.37640E+01	3.83471E-01
2.50000E-01	1.40449E+01	3.78510E-01
2.50000E-01	1.43258E+01	3.73589E-01
2.50000E-01	1.46067E+01	3.68745E-01
2.50000E-01	1.48876E+01	3.63937E-01
2.50000E-01	1.51685E+01	3.59165E-01
2.50000E-01	1.54494E+01	3.54489E-01
2.50000E-01	1.57303E+01	3.49871E-01
2.50000E-01	1.60112E+01	3.45302E-01
2.50000E-01	1.62921E+01	3.40791E-01
2.50000E-01	1.65730E+01	3.36368E-01
2.50000E-01	1.68539E+01	3.32027E-01
2.50000E-01	1.71348E+01	3.27747E-01
2.50000E-01	1.74157E+01	3.23548E-01
2.50000E-01	1.76966E+01	3.19424E-01
2.50000E-01	1.79775E+01	3.15373E-01
2.50000E-01	1.82584E+01	3.11394E-01
2.50000E-01	1.85393E+01	3.07515E-01
2.50000E-01	1.88202E+01	3.03719E-01
2.50000E-01	1.91011E+01	2.99995E-01
2.50000E-01	1.93820E+01	2.96334E-01
2.50000E-01	1.96629E+01	2.92757E-01
2.50000E-01	1.99438E+01	2.89258E-01
2.50000E-01	2.02247E+01	2.85815E-01
2.50000E-01	2.05056E+01	2.82458E-01
2.50000E-01	2.07865E+01	2.79171E-01
2.50000E-01	2.10674E+01	2.75957E-01
2.50000E-01	2.13483E+01	2.72801E-01
2.50000E-01	2.16292E+01	2.69717E-01
2.50000E-01	2.19101E+01	2.66707E-01
2.50000E-01	2.21910E+01	2.63741E-01
2.50000E-01	2.24719E+01	2.60836E-01
2.50000E-01	2.27528E+01	2.57997E-01
2.50000E-01	2.30337E+01	2.55217E-01
2.50000E-01	2.33146E+01	2.52477E-01
2.50000E-01	2.35955E+01	2.49793E-01
2.50000E-01	2.38764E+01	2.47166E-01
2.50000E-01	2.41573E+01	2.44594E-01
2.50000E-01	2.44382E+01	2.42064E-01
2.50000E-01	2.47191E+01	2.39583E-01
2.50000E-01	2.50000E+01	2.37153E-01
3.00000E-01	0.00000E+00	9.72529E-01
3.00000E-01	2.80899E-01	7.51375E-01
3.00000E-01	5.61798E-01	7.89691E-01
3.00000E-01	8.42697E-01	8.02223E-01
3.00000E-01	1.12360E+00	7.73285E-01
3.00000E-01	1.40449E+00	7.29646E-01
3.00000E-01	1.68539E+00	6.86840E-01
3.00000E-01	1.96629E+00	6.48953E-01
3.00000E-01	2.24719E+00	6.17894E-01
3.00000E-01	2.52809E+00	5.92339E-01
3.00000E-01	2.80899E+00	5.71324E-01
3.00000E-01	3.08989E+00	5.54043E-01
3.00000E-01	3.37079E+00	5.39636E-01
3.00000E-01	3.65169E+00	5.27858E-01
3.00000E-01	3.93258E+00	5.17889E-01
3.00000E-01	4.21348E+00	5.09810E-01
3.00000E-01	4.49438E+00	5.03343E-01
3.00000E-01	4.77528E+00	4.98509E-01
3.00000E-01	5.05618E+00	4.94928E-01
3.00000E-01	5.33708E+00	4.92374E-01
3.00000E-01	5.61798E+00	4.90646E-01
3.00000E-01	5.89888E+00	4.89527E-01
3.00000E-01	6.17978E+00	4.88909E-01
3.00000E-01	6.46067E+00	4.88758E-01
3.00000E-01	6.74157E+00	4.88432E-01
3.00000E-01	7.02247E+00	4.87813E-01
3.00000E-01	7.30337E+00	4.87086E-01
3.00000E-01	7.58427E+00	4.86146E-01
3.00000E-01	7.86517E+00	4.84751E-01
3.00000E-01	8.14607E+00	4.83064E-01
3.00000E-01	8.42697E+00	4.81204E-01
3.00000E-01	8.70787E+00	4.78768E-01
3.00000E-01	8.98876E+00	4.75825E-01
3.00000E-01	9.26966E+00	4.72570E-01
3.00000E-01	9.55056E+00	4.69025E-01
3.00000E-01	9.83146E+00	4.65051E-01
3.00000E-01	1.01124E+01	4.60849E-01
3.00000E-01	1.03933E+01	4.56575E-01
3.00000E-01	1.06742E+01	4.52024E-01
3.00000E-01	1.09551E+01	4.47259E-01
3.00000E-01	1.12360E+01	4.42410E-01
3.00000E-01	1.15169E+01	4.37548E-01
3.00000E-01	1.17978E+01	4.32553E-01
3.00000E-01	1.20787E+01	4.27480E-01
3.00000E-01	1.23596E+01	4.22393E-01
3.00000E-01	1.26404E+01	4.17263E-01
3.00000E-01	1.29213E+01	4.12068E-01
3.00000E-01	1.32022E+01	4.06863E-01
3.00000E-01	1.34831E+01	4.01700E-01
3.00000E-01	1.37640E+01	3.96550E-01
3.00000E-01	1.40449E+01	3.91420E-01
3.00000E-01	1.43258E+01	3.86331E-01
3.00000E-01	1.46067E+01	3.81322E-01
3.00000E-01	1.48876E+01	3.76350E-01
3.00000E-01	1.51685E+01	3.71416E-01
3.00000E-01	1.54494E+01	3.66580E-01
3.00000E-01	1.57303E+01	3.61804E-01
3.00000E-01	1.60112E+01	3.57079E-01
3.00000E-01	1.62921E+01	3.52415E-01
3.00000E-01	1.65730E+01	3.47841E-01
3.00000E-01	1.68539E+01	3.43352E-01
3.00000E-01	1.71348E+01	3.38926E-01
3.00000E-01	1.74157E+01	3.34584E-01
3.00000E-01	1.76966E+01	3.30319E-01
3.00000E-01	1.79775E+01	3.26130E-01
3.00000E-01	1.82584E+01	3.22016E-01
3.00000E-01	1.85393E+01	3.18004E-01
3.00000E-01	1.88202E+01	3.14079E-01
3.00000E-01	1.91011E+01	3.10227E-01
3.00000E-01	1.93820E+01	3.06442E-01
3.00000E-01	1.96629E+01	3.02742E-01
3.00000E-01	1.99438E+01	2.99124E-01
3.00000E-01	2.02247E+01	2.95564E-01
3.00000E-01	2.05056E+01	2.92092E-01
3.00000E-01	2.07865E+01	2.88693E-01
3.00000E-01	2.10674E+01	2.85370E-01
3.00000E-01	2.13483E+01	2.82106E-01
3.00000E-01	2.16292E+01	2.78917E-01
3.00000E-01	2.19101E+01	2.75804E-01
3.00000E-01	2.21910E+01	2.72737E-01
3.00000E-01	2.24719E+01	2.69733E-01
3.00000E-01	2.27528E+01	2.66797E-01
3.00000E-01	2.30337E+01	2.63922E-01
3.00000E-01	2.33146E+01	2.61089E-01
3.00000E-01	2.35955E+01	2.58313E-01
3.00000E-01	2.38764E+01	2.55597E-01
3.00000E-01	2.41573E+01	2.52937E-01
3.00000E-01	2.44382E+01	2.50321E-01
3.00000E-01	2.47191E+01	2.47755E-01
3.00000E-01	2.50000E+01	2.45242E-01
4.00000E-01	0.00000E+00	9.70988E-01
4.00000E-01	2.80899E-01	7.93032E-01
4.00000E-01	5.61798E-01	8.33582E-01
4.00000E-01	8.42697E-01	8.46347E-01
4.00000E-01	1.12360E+00	8.15950E-01
4.00000E-01	1.40449E+00	7.70089E-01
4.00000E-01	1.68539E+00	7.24975E-01
4.00000E-01	1.96629E+00	6.85070E-01
4.00000E-01	2.24719E+00	6.52284E-01
4.00000E-01	2.52809E+00	6.25325E-01
4.00000E-01	2.80899E+00	6.03148E-01
4.00000E-01	3.08989E+00	5.84900E-01
4.00000E-01	3.37079E+00	5.69704E-01
4.00000E-01	3.65169E+00	5.57262E-01
4.00000E-01	3.93258E+00	5.46749E-01
4.00000E-01	4.21348E+00	5.38216E-01
4.00000E-01	4.49438E+00	5.31396E-01
4.00000E-01	4.77528E+00	5.26287E-01
4.00000E-01	5.05618E+00	5.22508E-01
4.00000E-01	5.33708E+00	5.19811E-01
4.00000E-01	5.61798E+00	5.17981E-01
4.00000E-01	5.89888E+00	5.16803E-01
4.00000E-01	6.17978E+00	5.16151E-01
4.00000E-01	6.46067E+00	5.15980E-01
4.00000E-01	6.74157E+00	5.15635E-01
4.00000E-01	7.02247E+00	5.14984E-01
4.00000E-01	7.30337E+00	5.14216E-01
4.00000E-01	7.58427E+00	5.13219E-01
4.00000E-01	7.86517E+00	5.11748E-01
4.00000E-01	8.14607E+00	5.09969E-01
4.00000E-01	8.42697E+00	5.07997E-01
4.00000E-01	8.70787E+00	5.05428E-01
4.00000E-01	8.98876E+00	5.02322E-01
4.00000E-01	9.26966E+00	4.98886E-01
4.00000E-01	9.55056E+00	4.95140E-01
4.00000E-01	9.83146E+00	4.90947E-01
4.00000E-01	1.01124E+01	4.86514E-01
4.00000E-01	1.03933E+01	4.81998E-01
4.00000E-01	1.06742E+01	4.77195E-01
4.00000E-01	1.09551E+01	4.72166E-01
4.00000E-01	1.12360E+01	4.67048E-01
4.00000E-01	1.15169E+01	4.61912E-01
4.00000E-01	1.17978E+01	4.56641E-01
4.00000E-01	1.20787E+01	4.51286E-01
4.00000E-01	1.23596E+01	4.45916E-01
4.00000E-01	1.26404E+01	4.40500E-01
4.00000E-01	1.29213E+01	4.35015E-01
4.00000E-01	1.32022E+01	4.29521E-01
4.00000E-01	1.34831E+01	4.24070E-01
4.00000E-01	1.37640E+01	4.18634E-01
4.00000E-01	1.40449E+01	4.13218E-01
4.00000E-01	1.43258E+01	4.07846E-01
4.00000E-01	1.46067E+01	4.02558E-01
4.00000E-01	1.48876E+01	3.97309E-01
4.00000E-01	1.51685E+01	3.92101E-01
4.00000E-01	1.54494E+01	3.86995E-01
4.00000E-01	1.57303E+01	3.81953E-01
4.00000E-01	1.60112E+01	3.76965E-01
4.00000E-01	1.62921E+01	3.72042E-01
4.00000E-01	1.65730E+01	3.67213E-01
4.00000E-01	1.68539E+01	3.62473E-01
4.00000E-01	1.71348E+01	3.57802E-01
4.00000E-01	1.74157E+01	3.53217E-01
4.00000E-01	1.76966E+01	3.48715E-01
4.00000E-01	1.79775E+01	3.44293E-01
4.00000E-01	1.82584E+01	3.39950E-01
4.00000E-01	1.85393E+01	3.35714E-01
4.00000E-01	1.88202E+01	3.31570E-01
4.00000E-01	1.91011E+01	3.27504E-01
4.00000E-01	1.93820E+01	3.23508E-01
4.00000E-01	1.96629E+01	3.19603E-01
4.00000E-01	1.99438E+01	3.15783E-01
4.00000E-01	2.02247E+01	3.12025E-01
4.00000E-01	2.05056E+01	3.08359E-01
4.00000E-01	2.07865E+01	3.04772E-01
4.00000E-01	2.10674E+01	3.01263E-01
4.00000E-01	2.13483E+01	2.97818E-01
4.00000E-01	2.16292E+01	2.94451E-01
4.00000E-01	2.19101E+01	2.91164E-01
4.00000E-01	2.21910E+01	2.87927E-01
4.00000E-01	2.24719E+01	2.84755E-01
4.00000E-01	2.27528E+01	2.81656E-01
4.00000E-01	2.30337E+01	2.78621E-01
4.00000E-01	2.33146E+01	2.75630E-01
4.00000E-01	2.35955E+01	2.72699E-01
4.00000E-01	2.38764E+01	2.69832E-01
4.00000E-01	2.41573E+01	2.67024E-01
4.00000E-01	2.44382E+01	2.64262E-01
4.00000E-01	2.47191E+01	2.61553E-01
4.00000E-01	2.50000E+01	2.58900E-01
5.00000E-01	0.00000E+00	9.70780E-01
5.00000E-01	2.80899E-01	8.29213E-01
5.00000E-01	5.61798E-01	8.68426E-01
5.00000E-01	8.42697E-01	8.81410E-01
5.00000E-01	1.12360E+00	8.49992E-01
5.00000E-01	1.40449E+00	8.02483E-01
5.00000E-01	1.68539E+00	7.55575E-01
5.00000E-01	1.96629E+00	7.14097E-01
5.00000E-01	2.24719E+00	6.79936E-01
5.00000E-01	2.52809E+00	6.51858E-01
5.00000E-01	2.80899E+00	6.28753E-01
5.00000E-01	3.08989E+00	6.09727E-01
5.00000E-01	3.37079E+00	5.93902E-01
5.00000E-01	3.65169E+00	5.80923E-01
5.00000E-01	3.93258E+00	5.69978E-01
5.00000E-01	4.21348E+00	5.61077E-01
5.00000E-01	4.49438E+00	5.53978E-01
5.00000E-01	4.77528E+00	5.48646E-01
5.00000E-01	5.05618E+00	5.44707E-01
5.00000E-01	5.33708E+00	5.41894E-01
5.00000E-01	5.61798E+00	5.39982E-01
5.00000E-01	5.89888E+00	5.38755E-01
5.00000E-01	6.17978E+00	5.38077E-01
5.00000E-01	6.46067E+00	5.37884E-01
5.00000E-01	6.74157E+00	5.37523E-01
5.00000E-01	7.02247E+00	5.36847E-01
5.00000E-01	7.30337E+00	5.36045E-01
5.00000E-01	7.58427E+00	5.35000E-01
5.00000E-01	7.86517E+00	5.33468E-01
5.00000E-01	8.14607E+00	5.31616E-01
5.00000E-01	8.42697E+00	5.29552E-01
5.00000E-01	8.70787E+00	5.26876E-01
5.00000E-01	8.98876E+00	5.23639E-01
5.00000E-01	9.26966E+00	5.20059E-01
5.00000E-01	9.55056E+00	5.16149E-01
5.00000E-01	9.83146E+00	5.11781E-01
5.00000E-01	1.01124E+01	5.07163E-01
5.00000E-01	1.03933E+01	5.02451E-01
5.00000E-01	1.06742E+01	4.97446E-01
5.00000E-01	1.09551E+01	4.92204E-01
5.00000E-01	1.12360E+01	4.86871E-01
5.00000E-01	1.15169E+01	4.81514E-01
5.00000E-01	1.17978E+01	4.76020E-01
5.00000E-01	1.20787E+01	4.70439E-01
5.00000E-01	1.23596E+01	4.64840E-01
5.00000E-01	1.26404E+01	4.59194E-01
5.00000E-01	1.29213E+01	4.53477E-01
5.00000E-01	1.32022E+01	4.47751E-01
5.00000E-01	1.34831E+01	4.42068E-01
5.00000E-01	1.37640E+01	4.36401E-01
5.00000E-01	1.40449E+01	4.30756E-01
5.00000E-01	1.43258E+01	4.25157E-01
5.00000E-01	1.46067E+01	4.19644E-01
5.00000E-01	1.48876E+01	4.14172E-01
5.00000E-01	1.51685E+01	4.08743E-01
5.00000E-01	1.54494E+01	4.03420E-01
5.00000E-01	1.57303E+01	3.98164E-01
5.00000E-01	1.60112E+01	3.92965E-01
5.00000E-01	1.62921E+01	3.87833E-01
5.00000E-01	1.65730E+01	3.82800E-01
5.00000E-01	1.68539E+01	3.77858E-01
5.00000E-01	1.71348E+01	3.72989E-01
5.00000E-01	1.74157E+01	3.68210E-01
5.00000E-01	1.76966E+01	3.63516E-01
5.00000E-01	1.79775E+01	3.58906E-01
5.00000E-01	1.82584E+01	3.54380E-01
5.00000E-01	1.85393E+01	3.49964E-01
5.00000E-01	1.88202E+01	3.45644E-01
5.00000E-01	1.91011E+01	3.41406E-01
5.00000E-01	1.93820E+01	3.37240E-01
5.00000E-01	1.96629E+01	3.33169E-01
5.00000E-01	1.99438E+01	3.29187E-01
5.00000E-01	2.02247E+01	3.25270E-01
5.00000E-01	2.05056E+01	3.21448E-01
5.00000E-01	2.07865E+01	3.17709E-01
5.00000E-01	2.10674E+01	3.14051E-01
5.00000E-01	2.13483E+01	3.10460E-01
5.00000E-01	2.16292E+01	3.06950E-01
5.00000E-01	2.19101E+01	3.03522E-01
5.00000E-01	2.21910E+01	3.00149E-01
5.00000E-01	2.24719E+01	2.96843E-01
5.00000E-01	2.27528E+01	2.93612E-01
5.00000E-01	2.30337E+01	2.90448E-01
5.00000E-01	2.33146E+01	2.87330E-01
5.00000E-01	2.35955E+01	2.84275E-01
5.00000E-01	2.38764E+01	2.81286E-01
5.00000E-01	2.41573E+01	2.78358E-01
5.00000E-01	2.44382E+01	2.75479E-01
5.00000E-01	2.47191E+01	2.72656E-01
5.00000E-01	2.50000E+01	2.69890E-01
6.00000E-01	0.00000E+00	9.71549E-01
6.00000E-01	2.80899E-01	8.61797E-01
6.00000E-01	5.61798E-01	8.95968E-01
6.00000E-01	8.42697E-01	9.09133E-01
6.00000E-01	1.12360E+00	8.77105E-01
6.00000E-01	1.40449E+00	8.28431E-01
6.00000E-01	1.68539E+00	7.80161E-01
6.00000E-01	1.96629E+00	7.37471E-01
6.00000E-01	2.24719E+00	7.02220E-01
6.00000E-01	2.52809E+00	6.73251E-01
6.00000E-01	2.80899E+00	6.49407E-01
6.00000E-01	3.08989E+00	6.29756E-01
6.00000E-01	3.37079E+00	6.13427E-01
6.00000E-01	3.65169E+00	6.00013E-01
6.00000E-01	3.93258E+00	5.88723E-01
6.00000E-01	4.21348E+00	5.79528E-01
6.00000E-01	4.49438E+00	5.72205E-01
6.00000E-01	4.77528E+00	5.66692E-01
6.00000E-01	5.05618E+00	5.62624E-01
6.00000E-01	5.33708E+00	5.59717E-01
6.00000E-01	5.61798E+00	5.57738E-01
6.00000E-01	5.89888E+00	5.56471E-01
6.00000E-01	6.17978E+00	5.55772E-01
6.00000E-01	6.46067E+00	5.55557E-01
6.00000E-01	6.74157E+00	5.55182E-01
6.00000E-01	7.02247E+00	5.54488E-01
6.00000E-01	7.30337E+00	5.53656E-01
6.00000E-01	7.58427E+00	5.52570E-01
6.00000E-01	7.86517E+00	5.50990E-01
6.00000E-01	8.14607E+00	5.49080E-01
6.00000E-01	8.42697E+00	5.46938E-01
6.00000E-01	8.70787E+00	5.44176E-01
6.00000E-01	8.98876E+00	5.40835E-01
6.00000E-01	9.26966E+00	5.37137E-01
6.00000E-01	9.55056E+00	5.33094E-01
6.00000E-01	9.83146E+00	5.28586E-01
6.00000E-01	1.01124E+01	5.23820E-01
6.00000E-01	1.03933E+01	5.18948E-01
6.00000E-01	1.06742E+01	5.13781E-01
6.00000E-01	1.09551E+01	5.08368E-01
6.00000E-01	1.12360E+01	5.02862E-01
6.00000E-01	1.15169E+01	4.97325E-01
6.00000E-01	1.17978E+01	4.91652E-01
6.00000E-01	1.20787E+01	4.85889E-01
6.00000E-01	1.23596E+01	4.80106E-01
6.00000E-01	1.26404E+01	4.74274E-01
6.00000E-01	1.29213E+01	4.68370E-01
6.00000E-01	1.32022E+01	4.62457E-01
6.00000E-01	1.34831E+01	4.56586E-01
6.00000E-01	1.37640E+01	4.50734E-01
6.00000E-01	1.40449E+01	4.44904E-01
6.00000E-01	1.43258E+01	4.39122E-01
6.00000E-01	1.46067E+01	4.33427E-01
6.00000E-01	1.48876E+01	4.27775E-01
6.00000E-01	1.51685E+01	4.22170E-01
6.00000E-01	1.54494E+01	4.16671E-01
6.00000E-01	1.57303E+01	4.11242E-01
6.00000E-01	1.60112E+01	4.05873E-01
6.00000E-01	1.62921E+01	4.00573E-01
6.00000E-01	1.65730E+01	3.95374E-01
6.00000E-01	1.68539E+01	3.90269E-01
6.00000E-01	1.71348E+01	3.85241E-01
6.00000E-01	1.74157E+01	3.80305E-01
6.00000E-01	1.76966E+01	3.75457E-01
6.00000E-01	1.79775E+01	3.70696E-01
6.00000E-01	1.82584E+01	3.66022E-01
6.00000E-01	1.85393E+01	3.61460E-01
6.00000E-01	1.88202E+01	3.56998E-01
6.00000E-01	1.91011E+01	3.52620E-01
6.00000E-01	1.93820E+01	3.48319E-01
6.00000E-01	1.96629E+01	3.44114E-01
6.00000E-01	1.99438E+01	3.40000E-01
6.00000E-01	2.02247E+01	3.35956E-01
6.00000E-01	2.05056E+01	3.32008E-01
6.00000E-01	2.07865E+01	3.28146E-01
6.00000E-01	2.10674E+01	3.24367E-01
6.00000E-01	2.13483E+01	3.20659E-01
6.00000E-01	2.16292E+01	3.17034E-01
6.00000E-01	2.19101E+01	3.13493E-01
6.00000E-01	2.21910E+01	3.10009E-01
6.00000E-01	2.24719E+01	3.06594E-01
6.00000E-01	2.27528E+01	3.03257E-01
6.00000E-01	2.30337E+01	2.99989E-01
6.00000E-01	2.33146E+01	2.96769E-01
6.00000E-01	2.35955E+01	2.93614E-01
6.00000E-01	2.38764E+01	2.90526E-01
6.00000E-01	2.41573E+01	2.87502E-01
6.00000E-01	2.44382E+01	2.84529E-01
6.00000E-01	2.47191E+01	2.81613E-01
6.00000E-01	2.50000E+01	2.78756E-01
7.00000E-01	0.00000E+00	9.73005E-01
7.00000E-01	2.80899E-01	8.89970E-01
7.00000E-01	5.61798E-01	9.17779E-01
7.00000E-01	8.42697E-01	9.30762E-01
7.00000E-01	1.12360E+00	8.98511E-01
7.00000E-01	1.40449E+00	8.49096E-01
7.00000E-01	1.68539E+00	7.99832E-01
7.00000E-01	1.96629E+00	7.56231E-01
7.00000E-01	2.24719E+00	7.20129E-01
7.00000E-01	2.52809E+00	6.90458E-01
7.00000E-01	2.80899E+00	6.66028E-01
7.00000E-01	3.08989E+00	6.45878E-01
7.00000E-01	3.37079E+00	6.29150E-01
7.00000E-01	3.65169E+00	6.15385E-01
7.00000E-01	3.93258E+00	6.03822E-01
7.00000E-01	4.21348E+00	5.94390E-01
7.00000E-01	4.49438E+00	5.86890E-01
7.00000E-01	4.77528E+00	5.81231E-01
7.00000E-01	5.05618E+00	5.77059E-01
7.00000E-01	5.33708E+00	5.74075E-01
7.00000E-01	5.61798E+00	5.72041E-01
7.00000E-01	5.89888E+00	5.70741E-01
7.00000E-01	6.17978E+00	5.70025E-01
7.00000E-01	6.46067E+00	5.69787E-01
7.00000E-01	6.74157E+00	5.69399E-01
7.00000E-01	7.02247E+00	5.68691E-01
7.00000E-01	7.30337E+00	5.67835E-01
7.00000E-01	7.58427E+00	5.66714E-01
7.00000E-01	7.86517E+00	5.65096E-01
7.00000E-01	8.14607E+00	5.63139E-01
7.00000E-01	8.42697E+00	5.60931E-01
7.00000E-01	8.70787E+00	5.58100E-01
7.00000E-01	8.98876E+00	5.54676E-01
7.00000E-01	9.26966E+00	5.50884E-01
7.00000E-01	9.55056E+00	5.46732E-01
7.00000E-01	9.83146E+00	5.42113E-01
7.00000E-01	1.01124E+01	5.37228E-01
7.00000E-01	1.03933E+01	5.32226E-01
7.00000E-01	1.06742E+01	5.26928E-01
7.00000E-01	1.09551E+01	5.21380E-01
7.00000E-01	1.12360E+01	5.15734E-01
7.00000E-01	1.15169E+01	5.10052E-01
7.00000E-01	1.17978E+01	5.04235E-01
7.00000E-01	1.20787E+01	4.98327E-01
7.00000E-01	1.23596E+01	4.92395E-01
7.00000E-01	1.26404E+01	4.86413E-01
7.00000E-01	1.29213E+01	4.80358E-01
7.00000E-01	1.32022E+01	4.74296E-01
7.00000E-01	1.34831E+01	4.68273E-01
7.00000E-01	1.37640E+01	4.62272E-01
7.00000E-01	1.40449E+01	4.56293E-01
7.00000E-01	1.43258E+01	4.50364E-01
7.00000E-01	1.46067E+01	4.44523E-01
7.00000E-01	1.48876E+01	4.38726E-01
7.00000E-01	1.51685E+01	4.32979E-01
7.00000E-01	1.54494E+01	4.27338E-01
7.00000E-01	1.57303E+01	4.21771E-01
7.00000E-01	1.60112E+01	4.16263E-01
7.00000E-01	1.62921E+01	4.10829E-01
7.00000E-01	1.65730E+01	4.05497E-01
7.00000E-01	1.68539E+01	4.00261E-01
7.00000E-01	1.71348E+01	3.95104E-01
7.00000E-01	1.74157E+01	3.90042E-01
7.00000E-01	1.76966E+01	3.85071E-01
7.00000E-01	1.79775E+01	3.80187E-01
7.00000E-01	1.82584E+01	3.75394E-01
7.00000E-01	1.85393E+01	3.70715E-01
7.00000E-01	1.88202E+01	3.66139E-01
7.00000E-01	1.91011E+01	3.61649E-01
7.00000E-01	1.93820E+01	3.57238E-01
7.00000E-01	1.96629E+01	3.52926E-01
7.00000E-01	1.99438E+01	3.48705E-01
7.00000E-01	2.02247E+01	3.44558E-01
7.00000E-01	2.05056E+01	3.40509E-01
7.00000E-01	2.07865E+01	3.36549E-01
7.00000E-01	2.10674E+01	3.32673E-01
7.00000E-01	2.13483E+01	3.28870E-01
7.00000E-01	2.16292E+01	3.25152E-01
7.00000E-01	2.19101E+01	3.21520E-01
7.00000E-01	2.21910E+01	3.17947E-01
7.00000E-01	2.24719E+01	3.14445E-01
7.00000E-01	2.27528E+01	3.11023E-01
7.00000E-01	2.30337E+01	3.07670E-01
7.00000E-01	2.33146E+01	3.04369E-01
7.00000E-01	2.35955E+01	3.01132E-01
7.00000E-01	2.38764E+01	2.97966E-01
7.00000E-01	2.41573E+01	2.94864E-01
7.00000E-01	2.44382E+01	2.91815E-01
7.00000E-01	2.47191E+01	2.88825E-01
7.00000E-01	2.50000E+01	2.85893E-01
8.00000E-01	0.00000E+00	9.74916E-01
8.00000E-01	2.80899E-01	9.12714E-01
8.00000E-01	5.61798E-01	9.35339E-01
8.00000E-01	8.42697E-01	9.47330E-01
8.00000E-01	1.12360E+00	9.15178E-01
8.00000E-01	1.40449E+00	8.65399E-01
8.00000E-01	1.68539E+00	8.15462E-01
8.00000E-01	1.96629E+00	7.71203E-01
8.00000E-01	2.24719E+00	7.34451E-01
8.00000E-01	2.52809E+00	7.04236E-01
8.00000E-01	2.80899E+00	6.79346E-01
8.00000E-01	3.08989E+00	6.58803E-01
8.00000E-01	3.37079E+00	6.41759E-01
8.00000E-01	3.65169E+00	6.27714E-01
8.00000E-01	3.93258E+00	6.15935E-01
8.00000E-01	4.21348E+00	6.06316E-01
8.00000E-01	4.49438E+00	5.98676E-01
8.00000E-01	4.77528E+00	5.92900E-01
8.00000E-01	5.05618E+00	5.88644E-01
8.00000E-01	5.33708E+00	5.85598E-01
8.00000E-01	5.61798E+00	5.83519E-01
8.00000E-01	5.89888E+00	5.82192E-01
8.00000E-01	6.17978E+00	5.81462E-01
8.00000E-01	6.46067E+00	5.81200E-01
8.00000E-01	6.74157E+00	5.80801E-01
8.00000E-01	7.02247E+00	5.80082E-01
8.00000E-01	7.30337E+00	5.79206E-01
8.00000E-01	7.58427E+00	5.78054E-01
8.00000E-01	7.86517E+00	5.76406E-01
8.00000E-01	8.14607E+00	5.74412E-01
8.00000E-01	8.42697E+00	5.72149E-01
8.00000E-01	8.70787E+00	5.69261E-01
8.00000E-01	8.98876E+00	5.65772E-01
8.00000E-01	9.26966E+00	5.61904E-01
8.00000E-01	9.55056E+00	5.57665E-01
8.00000E-01	9.83146E+00	5.52957E-01
8.00000E-01	1.01124E+01	5.47978E-01
8.00000E-01	1.03933E+01	5.42870E-01
8.00000E-01	1.06742E+01	5.37468E-01
8.00000E-01	1.09551E+01	5.31812E-01
8.00000E-01	1.12360E+01	5.26054E-01
8.00000E-01	1.15169E+01	5.20255E-01
8.00000E-01	1.17978E+01	5.14324E-01
8.00000E-01	1.20787E+01	5.08298E-01
8.00000E-01	1.23596E+01	5.02247E-01
8.00000E-01	1.26404E+01	4.96145E-01
8.00000E-01	1.29213E+01	4.89970E-01
8.00000E-01	1.32022E+01	4.83788E-01
8.00000E-01	1.34831E+01	4.77644E-01
8.00000E-01	1.37640E+01	4.71523E-01
8.00000E-01	1.40449E+01	4.65425E-01
8.00000E-01	1.43258E+01	4.59378E-01
8.00000E-01	1.46067E+01	4.53419E-01
8.00000E-01	1.48876E+01	4.47506E-01
8.00000E-01	1.51685E+01	4.41646E-01
8.00000E-01	1.54494E+01	4.35891E-01
8.00000E-01	1.57303E+01	4.30212E-01
8.00000E-01	1.60112E+01	4.24595E-01
8.00000E-01	1.62921E+01	4.19053E-01
8.00000E-01	1.65730E+01	4.13614E-01
8.00000E-01	1.68539E+01	4.08273E-01
8.00000E-01	1.71348E+01	4.03014E-01
8.00000E-01	1.74157E+01	3.97850E-01
8.00000E-01	1.76966E+01	3.92779E-01
8.00000E-01	1.79775E+01	3.87798E-01
8.00000E-01	1.82584E+01	3.82910E-01
8.00000E-01	1.85393E+01	3.78137E-01
8.00000E-01	1.88202E+01	3.73469E-01
8.00000E-01	1.91011E+01	3.68889E-01
8.00000E-01	1.93820E+01	3.64390E-01
8.00000E-01	1.96629E+01	3.59992E-01
8.00000E-01	1.99438E+01	3.55686E-01
8.00000E-01	2.02247E+01	3.51457E-01
8.00000E-01	2.05056E+01	3.47327E-01
8.00000E-01	2.07865E+01	3.43287E-01
8.00000E-01	2.10674E+01	3.39333E-01
8.00000E-01	2.13483E+01	3.35454E-01
8.00000E-01	2.16292E+01	3.31662E-01
8.00000E-01	2.19101E+01	3.27957E-01
8.00000E-01	2.21910E+01	3.24313E-01
8.00000E-01	2.24719E+01	3.20741E-01
8.00000E-01	2.27528E+01	3.17250E-01
8.00000E-01	2.30337E+01	3.13830E-01
8.00000E-01	2.33146E+01	3.10463E-01
8.00000E-01	2.35955E+01	3.07162E-01
8.00000E-01	2.38764E+01	3.03932E-01
8.00000E-01	2.41573E+01	3.00768E-01
8.00000E-01	2.44382E+01	2.97658E-01
8.00000E-01	2.47191E+01	2.94608E-01
8.00000E-01	2.50000E+01	2.91617E-01
9.00000E-01	0.00000E+00	9.77100E-01
9.00000E-01	2.80899E-01	9.30065E-01
9.00000E-01	5.61798E-01	9.49859E-01
9.00000E-01	8.42697E-01	9.59755E-01
9.00000E-01	1.12360E+00	9.27910E-01
9.00000E-01	1.40449E+00	8.78097E-01
9.00000E-01	1.68539E+00	8.27769E-01
9.00000E-01	1.96629E+00	7.83067E-01
9.00000E-01	2.24719E+00	7.45837E-01
9.00000E-01	2.52809E+00	7.15208E-01
9.00000E-01	2.80899E+00	6.89964E-01
9.00000E-01	3.08989E+00	6.69113E-01
9.00000E-01	3.37079E+00	6.51824E-01
9.00000E-01	3.65169E+00	6.37556E-01
9.00000E-01	3.93258E+00	6.25609E-01
9.00000E-01	4.21348E+00	6.15844E-01
9.00000E-01	4.49438E+00	6.08095E-01
9.00000E-01	4.77528E+00	6.02225E-01
9.00000E-01	5.05618E+00	5.97901E-01
9.00000E-01	5.33708E+00	5.94805E-01
9.00000E-01	5.61798E+00	5.92689E-01
9.00000E-01	5.89888E+00	5.91341E-01
9.00000E-01	6.17978E+00	5.90598E-01
9.00000E-01	6.46067E+00	5.90313E-01
9.00000E-01	6.74157E+00	5.89902E-01
9.00000E-01	7.02247E+00	5.89176E-01
9.00000E-01	7.30337E+00	5.88281E-01
9.00000E-01	7.58427E+00	5.87104E-01
9.00000E-01	7.86517E+00	5.85432E-01
9.00000E-01	8.14607E+00	5.83409E-01
9.00000E-01	8.42697E+00	5.81097E-01
9.00000E-01	8.70787E+00	5.78164E-01
9.00000E-01	8.98876E+00	5.74625E-01
9.00000E-01	9.26966E+00	5.70696E-01
9.00000E-01	9.55056E+00	5.66386E-01
9.00000E-01	9.83146E+00	5.61609E-01
9.00000E-01	1.01124E+01	5.56556E-01
9.00000E-01	1.03933E+01	5.51362E-01
9.00000E-01	1.06742E+01	5.45877E-01
9.00000E-01	1.09551E+01	5.40135E-01
9.00000E-01	1.12360E+01	5.34290E-01
9.00000E-01	1.15169E+01	5.28396E-01
9.00000E-01	1.17978E+01	5.22373E-01
9.00000E-01	1.20787E+01	5.16255E-01
9.00000E-01	1.23596E+01	5.10108E-01
9.00000E-01	1.26404E+01	5.03910E-01
9.00000E-01	1.29213E+01	4.97640E-01
9.00000E-01	1.32022E+01	4.91362E-01
9.00000E-01	1.34831E+01	4.85122E-01
9.00000E-01	1.37640E+01	4.78905E-01
9.00000E-01	1.40449E+01	4.72712E-01
9.00000E-01	1.43258E+01	4.66572E-01
9.00000E-01	1.46067E+01	4.60519E-01
9.00000E-01	1.48876E+01	4.54513E-01
9.00000E-01	1.51685E+01	4.48563E-01
9.00000E-01	1.54494E+01	4.42717E-01
9.00000E-01	1.57303E+01	4.36949E-01
9.00000E-01	1.60112E+01	4.31245E-01
9.00000E-01	1.62921E+01	4.25617E-01
9.00000E-01	1.65730E+01	4.20092E-01
9.00000E-01	1.68539E+01	4.14667E-01
9.00000E-01	1.71348E+01	4.09326E-01
9.00000E-01	1.74157E+01	4.04082E-01
9.00000E-01	1.76966E+01	3.98932E-01
9.00000E-01	1.79775E+01	3.93872E-01
9.00000E-01	1.82584E+01	3.88909E-01
9.00000E-01	1.85393E+01	3.84061E-01
9.00000E-01	1.88202E+01	3.79320E-01
9.00000E-01	1.91011E+01	3.74667E-01
9.00000E-01	1.93820E+01	3.70099E-01
9.00000E-01	1.96629E+01	3.65631E-01
9.00000E-01	1.99438E+01	3.61258E-01
9.00000E-01	2.02247E+01	3.56964E-01
9.00000E-01	2.05056E+01	3.52768E-01
9.00000E-01	2.07865E+01	3.48665E-01
9.00000E-01	2.10674E+01	3.44649E-01
9.00000E-01	2.13483E+01	3.40710E-01
9.00000E-01	2.16292E+01	3.36859E-01
9.00000E-01	2.19101E+01	3.33095E-01
9.00000E-01	2.21910E+01	3.29394E-01
9.00000E-01	2.24719E+01	3.25767E-01
9.00000E-01	2.27528E+01	3.22221E-01
9.00000E-01	2.30337E+01	3.18747E-01
9.00000E-01	2.33146E+01	3.15327E-01
9.00000E-01	2.35955E+01	3.11974E-01
9.00000E-01	2.38764E+01	3.08694E-01
9.00000E-01	2.41573E+01	3.05480E-01
9.00000E-01	2.44382E+01	3.02322E-01
9.00000E-01	2.47191E+01	2.99224E-01
9.00000E-01	2.50000E+01	2.96186E-01
1.00000E+00	0.00000E+00	9.79419E-01
1.00000E+00	2.80899E-01	9.42954E-01
1.00000E+00	5.61798E-01	9.62165E-01
1.00000E+00	8.42697E-01	9.68885E-01
1.00000E+00	1.12360E+00	9.37389E-01
1.00000E+00	1.40449E+00	8.87821E-01
1.00000E+00	1.68539E+00	8.37348E-01
1.00000E+00	1.96629E+00	7.92388E-01
1.00000E+00	2.24719E+00	7.54825E-01
1.00000E+00	2.52809E+00	7.23891E-01
1.00000E+00	2.80899E+00	6.98380E-01
1.00000E+00	3.08989E+00	6.77295E-01
1.00000E+00	3.37079E+00	6.59816E-01
1.00000E+00	3.65169E+00	6.45374E-01
1.00000E+00	3.93258E+00	6.33298E-01
1.00000E+00	4.21348E+00	6.23421E-01
1.00000E+00	4.49438E+00	6.15587E-01
1.00000E+00	4.77528E+00	6.09644E-01
1.00000E+00	5.05618E+00	6.05264E-01
1.00000E+00	5.33708E+00	6.02128E-01
1.00000E+00	5.61798E+00	5.99982E-01
1.00000E+00	5.89888E+00	5.98615E-01
1.00000E+00	6.17978E+00	5.97862E-01
1.00000E+00	6.46067E+00	5.97554E-01
1.00000E+00	6.74157E+00	5.97131E-01
1.00000E+00	7.02247E+00	5.96400E-01
1.00000E+00	7.30337E+00	5.95490E-01
1.00000E+00	7.58427E+00	5.94289E-01
1.00000E+00	7.86517E+00	5.92599E-01
1.00000E+00	8.14607E+00	5.90553E-01
1.00000E+00	8.42697E+00	5.88200E-01
1.00000E+00	8.70787E+00	5.85230E-01
1.00000E+00	8.98876E+00	5.81652E-01
1.00000E+00	9.26966E+00	5.77675E-01
1.00000E+00	9.55056E+00	5.73307E-01
1.00000E+00	9.83146E+00	5.68478E-01
1.00000E+00	1.01124E+01	5.63366E-01
1.00000E+00	1.03933E+01	5.58103E-01
1.00000E+00	1.06742E+01	5.52552E-01
1.00000E+00	1.09551E+01	5.46743E-01
1.00000E+00	1.12360E+01	5.40828E-01
1.00000E+00	1.15169E+01	5.34860E-01
1.00000E+00	1.17978E+01	5.28764E-01
1.00000E+00	1.20787E+01	5.22573E-01
1.00000E+00	1.23596E+01	5.16350E-01
1.00000E+00	1.26404E+01	5.10075E-01
1.00000E+00	1.29213E+01	5.03730E-01
1.00000E+00	1.32022E+01	4.97377E-01
1.00000E+00	1.34831E+01	4.91059E-01
1.00000E+00	1.37640E+01	4.84767E-01
1.00000E+00	1.40449E+01	4.78499E-01
1.00000E+00	1.43258E+01	4.72285E-01
1.00000E+00	1.46067E+01	4.66157E-01
1.00000E+00	1.48876E+01	4.60078E-01
1.00000E+00	1.51685E+01	4.54056E-01
1.00000E+00	1.54494E+01	4.48138E-01
1.00000E+00	1.57303E+01	4.42300E-01
1.00000E+00	1.60112E+01	4.36526E-01
1.00000E+00	1.62921E+01	4.30830E-01
1.00000E+00	1.65730E+01	4.25237E-01
1.00000E+00	1.68539E+01	4.19746E-01
1.00000E+00	1.71348E+01	4.14340E-01
1.00000E+00	1.74157E+01	4.09031E-01
1.00000E+00	1.76966E+01	4.03818E-01
1.00000E+00	1.79775E+01	3.98697E-01
1.00000E+00	1.82584E+01	3.93674E-01
1.00000E+00	1.85393E+01	3.88766E-01
1.00000E+00	1.88202E+01	3.83966E-01
1.00000E+00	1.91011E+01	3.79257E-01
1.00000E+00	1.93820E+01	3.74633E-01
1.00000E+00	1.96629E+01	3.70111E-01
1.00000E+00	1.99438E+01	3.65684E-01
1.00000E+00	2.02247E+01	3.61338E-01
1.00000E+00	2.05056E+01	3.57091E-01
1.00000E+00	2.07865E+01	3.52937E-01
1.00000E+00	2.10674E+01	3.48872E-01
1.00000E+00	2.13483E+01	3.44885E-01
1.00000E+00	2.16292E+01	3.40987E-01
1.00000E+00	2.19101E+01	3.37176E-01
1.00000E+00	2.21910E+01	3.33431E-01
1.00000E+00	2.24719E+01	3.29759E-01
1.00000E+00	2.27528E+01	3.26169E-01
1.00000E+00	2.30337E+01	3.22652E-01
1.00000E+00	2.33146E+01	3.19191E-01
1.00000E+00	2.35955E+01	3.15797E-01
1.00000E+00	2.38764E+01	3.12477E-01
1.00000E+00	2.41573E+01	3.09223E-01
1.00000E+00	2.44382E+01	3.06026E-01
1.00000E+00	2.47191E+01	3.02891E-01
1.00000E+00	2.50000E+01	2.99815E-01
1.50000E+00	0.00000E+00	9.90289E-01
1.50000E+00	2.80899E-01	9.75408E-01
1.50000E+00	5.61798E-01	9.99326E-01
1.50000E+00	8.42697E-01	9.87743E-01
1.50000E+00	1.12360E+00	9.54319E-01
1.50000E+00	1.40449E+00	9.07716E-01
1.50000E+00	1.68539E+00	8.59063E-01
1.50000E+00	1.96629E+00	8.14788E-01
1.50000E+00	2.24719E+00	7.77100E-01
1.50000E+00	2.52809E+00	7.45769E-01
1.50000E+00	2.80899E+00	7.19800E-01
1.50000E+00	3.08989E+00	6.98257E-01
1.50000E+00	3.37079E+00	6.80380E-01
1.50000E+00	3.65169E+00	6.65545E-01
1.50000E+00	3.93258E+00	6.53194E-01
1.50000E+00	4.21348E+00	6.43082E-01
1.50000E+00	4.49438E+00	6.35062E-01
1.50000E+00	4.77528E+00	6.28938E-01
1.50000E+00	5.05618E+00	6.24412E-01
1.50000E+00	5.33708E+00	6.21163E-01
1.50000E+00	5.61798E+00	6.18933E-01
1.50000E+00	5.89888E+00	6.17507E-01
1.50000E+00	6.17978E+00	6.16703E-01
1.50000E+00	6.46067E+00	6.16284E-01
1.50000E+00	6.74157E+00	6.15803E-01
1.50000E+00	7.02247E+00	6.15057E-01
1.50000E+00	7.30337E+00	6.14090E-01
1.50000E+00	7.58427E+00	6.12808E-01
1.50000E+00	7.86517E+00	6.11075E-01
1.50000E+00	8.14607E+00	6.08962E-01
1.50000E+00	8.42697E+00	6.06473E-01
1.50000E+00	8.70787E+00	6.03400E-01
1.50000E+00	8.98876E+00	5.99735E-01
1.50000E+00	9.26966E+00	5.95630E-01
1.50000E+00	9.55056E+00	5.91109E-01
1.50000E+00	9.83146E+00	5.86153E-01
1.50000E+00	1.01124E+01	5.80902E-01
1.50000E+00	1.03933E+01	5.75450E-01
1.50000E+00	1.06742E+01	5.69728E-01
1.50000E+00	1.09551E+01	5.63762E-01
1.50000E+00	1.12360E+01	5.57671E-01
1.50000E+00	1.15169E+01	5.51504E-01
1.50000E+00	1.17978E+01	5.45222E-01
1.50000E+00	1.20787E+01	5.38848E-01
1.50000E+00	1.23596E+01	5.32428E-01
1.50000E+00	1.26404E+01	5.25955E-01
1.50000E+00	1.29213E+01	5.19423E-01
1.50000E+00	1.32022E+01	5.12880E-01
1.50000E+00	1.34831E+01	5.06364E-01
1.50000E+00	1.37640E+01	4.99877E-01
1.50000E+00	1.40449E+01	4.93419E-01
1.50000E+00	1.43258E+01	4.87018E-01
1.50000E+00	1.46067E+01	4.80694E-01
1.50000E+00	1.48876E+01	4.74427E-01
1.50000E+00	1.51685E+01	4.68227E-01
1.50000E+00	1.54494E+01	4.62121E-01
1.50000E+00	1.57303E+01	4.56099E-01
1.50000E+00	1.60112E+01	4.50148E-01
1.50000E+00	1.62921E+01	4.44280E-01
1.50000E+00	1.65730E+01	4.38514E-01
1.50000E+00	1.68539E+01	4.32849E-01
1.50000E+00	1.71348E+01	4.27278E-01
1.50000E+00	1.74157E+01	4.21804E-01
1.50000E+00	1.76966E+01	4.16429E-01
1.50000E+00	1.79775E+01	4.11149E-01
1.50000E+00	1.82584E+01	4.05973E-01
1.50000E+00	1.85393E+01	4.00912E-01
1.50000E+00	1.88202E+01	3.95961E-01
1.50000E+00	1.91011E+01	3.91104E-01
1.50000E+00	1.93820E+01	3.86340E-01
1.50000E+00	1.96629E+01	3.81676E-01
1.50000E+00	1.99438E+01	3.77109E-01
1.50000E+00	2.02247E+01	3.72631E-01
1.50000E+00	2.05056E+01	3.68251E-01
1.50000E+00	2.07865E+01	3.63968E-01
1.50000E+00	2.10674E+01	3.59774E-01
1.50000E+00	2.13483E+01	3.55665E-01
1.50000E+00	2.16292E+01	3.51646E-01
1.50000E+00	2.19101E+01	3.47712E-01
1.50000E+00	2.21910E+01	3.43852E-01
1.50000E+00	2.24719E+01	3.40068E-01
1.50000E+00	2.27528E+01	3.36365E-01
1.50000E+00	2.30337E+01	3.32735E-01
1.50000E+00	2.33146E+01	3.29169E-01
1.50000E+00	2.35955E+01	3.25670E-01
1.50000E+00	2.38764E+01	3.22246E-01
1.50000E+00	2.41573E+01	3.18889E-01
1.50000E+00	2.44382E+01	3.15593E-01
1.50000E+00	2.47191E+01	3.12360E-01
1.50000E+00	2.50000E+01	3.09185E-01
2.00000E+00	0.00000E+00	9.97325E-01
2.00000E+00	2.80899E-01	9.90837E-01
2.00000E+00	5.61798E-01	1.00321E+00
2.00000E+00	8.42697E-01	9.90413E-01
2.00000E+00	1.12360E+00	9.51681E-01
2.00000E+00	1.40449E+00	9.05968E-01
2.00000E+00	1.68539E+00	8.60149E-01
2.00000E+00	1.96629E+00	8.18176E-01
2.00000E+00	2.24719E+00	7.81830E-01
2.00000E+00	2.52809E+00	7.51193E-01
2.00000E+00	2.80899E+00	7.25582E-01
2.00000E+00	3.08989E+00	7.04218E-01
2.00000E+00	3.37079E+00	6.86421E-01
2.00000E+00	3.65169E+00	6.71604E-01
2.00000E+00	3.93258E+00	6.59288E-01
2.00000E+00	4.21348E+00	6.49208E-01
2.00000E+00	4.49438E+00	6.41196E-01
2.00000E+00	4.77528E+00	6.35044E-01
2.00000E+00	5.05618E+00	6.30473E-01
2.00000E+00	5.33708E+00	6.27182E-01
2.00000E+00	5.61798E+00	6.24913E-01
2.00000E+00	5.89888E+00	6.23449E-01
2.00000E+00	6.17978E+00	6.22587E-01
2.00000E+00	6.46067E+00	6.22064E-01
2.00000E+00	6.74157E+00	6.21519E-01
2.00000E+00	7.02247E+00	6.20755E-01
2.00000E+00	7.30337E+00	6.19746E-01
2.00000E+00	7.58427E+00	6.18411E-01
2.00000E+00	7.86517E+00	6.16657E-01
2.00000E+00	8.14607E+00	6.14509E-01
2.00000E+00	8.42697E+00	6.11943E-01
2.00000E+00	8.70787E+00	6.08824E-01
2.00000E+00	8.98876E+00	6.05142E-01
2.00000E+00	9.26966E+00	6.00998E-01
2.00000E+00	9.55056E+00	5.96428E-01
2.00000E+00	9.83146E+00	5.91450E-01
2.00000E+00	1.01124E+01	5.86166E-01
2.00000E+00	1.03933E+01	5.80650E-01
2.00000E+00	1.06742E+01	5.74879E-01
2.00000E+00	1.09551E+01	5.68881E-01
2.00000E+00	1.12360E+01	5.62745E-01
2.00000E+00	1.15169E+01	5.56515E-01
2.00000E+00	1.17978E+01	5.50180E-01
2.00000E+00	1.20787E+01	5.43756E-01
2.00000E+00	1.23596E+01	5.37277E-01
2.00000E+00	1.26404E+01	5.30744E-01
2.00000E+00	1.29213E+01	5.24163E-01
2.00000E+00	1.32022E+01	5.17570E-01
2.00000E+00	1.34831E+01	5.10997E-01
2.00000E+00	1.37640E+01	5.04452E-01
2.00000E+00	1.40449E+01	4.97942E-01
2.00000E+00	1.43258E+01	4.91488E-01
2.00000E+00	1.46067E+01	4.85104E-01
2.00000E+00	1.48876E+01	4.78784E-01
2.00000E+00	1.51685E+01	4.72533E-01
2.00000E+00	1.54494E+01	4.66371E-01
2.00000E+00	1.57303E+01	4.60293E-01
2.00000E+00	1.60112E+01	4.54291E-01
2.00000E+00	1.62921E+01	4.48375E-01
2.00000E+00	1.65730E+01	4.42557E-01
2.00000E+00	1.68539E+01	4.36841E-01
2.00000E+00	1.71348E+01	4.31220E-01
2.00000E+00	1.74157E+01	4.25697E-01
2.00000E+00	1.76966E+01	4.20274E-01
2.00000E+00	1.79775E+01	4.14949E-01
2.00000E+00	1.82584E+01	4.09729E-01
2.00000E+00	1.85393E+01	4.04622E-01
2.00000E+00	1.88202E+01	3.99623E-01
2.00000E+00	1.91011E+01	3.94722E-01
2.00000E+00	1.93820E+01	3.89916E-01
2.00000E+00	1.96629E+01	3.85210E-01
2.00000E+00	1.99438E+01	3.80601E-01
2.00000E+00	2.02247E+01	3.76084E-01
2.00000E+00	2.05056E+01	3.71664E-01
2.00000E+00	2.07865E+01	3.67341E-01
2.00000E+00	2.10674E+01	3.63109E-01
2.00000E+00	2.13483E+01	3.58963E-01
2.00000E+00	2.16292E+01	3.54907E-01
2.00000E+00	2.19101E+01	3.50935E-01
2.00000E+00	2.21910E+01	3.47040E-01
2.00000E+00	2.24719E+01	3.43223E-01
2.00000E+00	2.27528E+01	3.39485E-01
2.00000E+00	2.30337E+01	3.35820E-01
2.00000E+00	2.33146E+01	3.32222E-01
2.00000E+00	2.35955E+01	3.28693E-01
2.00000E+00	2.38764E+01	3.25236E-01
2.00000E+00	2.41573E+01	3.21848E-01
2.00000E+00	2.44382E+01	3.18522E-01
2.00000E+00	2.47191E+01	3.15258E-01
2.00000E+00	2.50000E+01	3.12052E-01
2.50000E+00	0.00000E+00	1.00048E+00
2.50000E+00	2.80899E-01	9.95838E-01
2.50000E+00	5.61798E-01	9.93467E-01
2.50000E+00	8.42697E-01	9.84866E-01
2.50000E+00	1.12360E+00	9.47324E-01
2.50000E+00	1.40449E+00	9.01112E-01
2.50000E+00	1.68539E+00	8.56550E-01
2.50000E+00	1.96629E+00	8.16512E-01
2.50000E+00	2.24719E+00	7.81797E-01
2.50000E+00	2.52809E+00	7.52283E-01
2.50000E+00	2.80899E+00	7.27404E-01
2.50000E+00	3.08989E+00	7.06511E-01
2.50000E+00	3.37079E+00	6.89014E-01
2.50000E+00	3.65169E+00	6.74394E-01
2.50000E+00	3.93258E+00	6.62240E-01
2.50000E+00	4.21348E+00	6.52288E-01
2.50000E+00	4.49438E+00	6.44356E-01
2.50000E+00	4.77528E+00	6.38231E-01
2.50000E+00	5.05618E+00	6.33653E-01
2.50000E+00	5.33708E+00	6.30342E-01
2.50000E+00	5.61798E+00	6.28044E-01
2.50000E+00	5.89888E+00	6.26539E-01
2.50000E+00	6.17978E+00	6.25608E-01
2.50000E+00	6.46067E+00	6.24986E-01
2.50000E+00	6.74157E+00	6.24371E-01
2.50000E+00	7.02247E+00	6.23571E-01
2.50000E+00	7.30337E+00	6.22519E-01
2.50000E+00	7.58427E+00	6.21140E-01
2.50000E+00	7.86517E+00	6.19362E-01
2.50000E+00	8.14607E+00	6.17178E-01
2.50000E+00	8.42697E+00	6.14553E-01
2.50000E+00	8.70787E+00	6.11401E-01
2.50000E+00	8.98876E+00	6.07710E-01
2.50000E+00	9.26966E+00	6.03549E-01
2.50000E+00	9.55056E+00	5.98960E-01
2.50000E+00	9.83146E+00	5.93978E-01
2.50000E+00	1.01124E+01	5.88686E-01
2.50000E+00	1.03933E+01	5.83141E-01
2.50000E+00	1.06742E+01	5.77351E-01
2.50000E+00	1.09551E+01	5.71346E-01
2.50000E+00	1.12360E+01	5.65195E-01
2.50000E+00	1.15169E+01	5.58937E-01
2.50000E+00	1.17978E+01	5.52578E-01
2.50000E+00	1.20787E+01	5.46134E-01
2.50000E+00	1.23596E+01	5.39628E-01
2.50000E+00	1.26404E+01	5.33070E-01
2.50000E+00	1.29213E+01	5.26470E-01
2.50000E+00	1.32022E+01	5.19858E-01
2.50000E+00	1.34831E+01	5.13261E-01
2.50000E+00	1.37640E+01	5.06692E-01
2.50000E+00	1.40449E+01	5.00161E-01
2.50000E+00	1.43258E+01	4.93684E-01
2.50000E+00	1.46067E+01	4.87273E-01
2.50000E+00	1.48876E+01	4.80928E-01
2.50000E+00	1.51685E+01	4.74656E-01
2.50000E+00	1.54494E+01	4.68468E-01
2.50000E+00	1.57303E+01	4.62363E-01
2.50000E+00	1.60112E+01	4.56338E-01
2.50000E+00	1.62921E+01	4.50401E-01
2.50000E+00	1.65730E+01	4.44560E-01
2.50000E+00	1.68539E+01	4.38819E-01
2.50000E+00	1.71348E+01	4.33175E-01
2.50000E+00	1.74157E+01	4.27630E-01
2.50000E+00	1.76966E+01	4.22184E-01
2.50000E+00	1.79775E+01	4.16839E-01
2.50000E+00	1.82584E+01	4.11599E-01
2.50000E+00	1.85393E+01	4.06470E-01
2.50000E+00	1.88202E+01	4.01447E-01
2.50000E+00	1.91011E+01	3.96525E-01
2.50000E+00	1.93820E+01	3.91700E-01
2.50000E+00	1.96629E+01	3.86973E-01
2.50000E+00	1.99438E+01	3.82343E-01
2.50000E+00	2.02247E+01	3.77808E-01
2.50000E+00	2.05056E+01	3.73370E-01
2.50000E+00	2.07865E+01	3.69027E-01
2.50000E+00	2.10674E+01	3.64775E-01
2.50000E+00	2.13483E+01	3.60612E-01
2.50000E+00	2.16292E+01	3.56537E-01
2.50000E+00	2.19101E+01	3.52547E-01
2.50000E+00	2.21910E+01	3.48635E-01
2.50000E+00	2.24719E+01	3.44801E-01
2.50000E+00	2.27528E+01	3.41046E-01
2.50000E+00	2.30337E+01	3.37364E-01
2.50000E+00	2.33146E+01	3.33751E-01
2.50000E+00	2.35955E+01	3.30207E-01
2.50000E+00	2.38764E+01	3.26734E-01
2.50000E+00	2.41573E+01	3.23329E-01
2.50000E+00	2.44382E+01	3.19988E-01
2.50000E+00	2.47191E+01	3.16709E-01
2.50000E+00	2.50000E+01	3.13487E-01
3.00000E+00	0.00000E+00	1.00088E+00
3.00000E+00	2.80899E-01	9.95371E-01
3.00000E+00	5.61798E-01	9.83613E-01
3.00000E+00	8.42697E-01	9.73706E-01
3.00000E+00	1.12360E+00	9.42581E-01
3.00000E+00	1.40449E+00	8.98398E-01
3.00000E+00	1.68539E+00	8.54419E-01
3.00000E+00	1.96629E+00	8.15282E-01
3.00000E+00	2.24719E+00	7.81668E-01
3.00000E+00	2.52809E+00	7.53152E-01
3.00000E+00	2.80899E+00	7.29062E-01
3.00000E+00	3.08989E+00	7.08752E-01
3.00000E+00	3.37079E+00	6.91668E-01
3.00000E+00	3.65169E+00	6.77347E-01
3.00000E+00	3.93258E+00	6.65425E-01
3.00000E+00	4.21348E+00	6.55651E-01
3.00000E+00	4.49438E+00	6.47834E-01
3.00000E+00	4.77528E+00	6.41765E-01
3.00000E+00	5.05618E+00	6.37200E-01
3.00000E+00	5.33708E+00	6.33877E-01
3.00000E+00	5.61798E+00	6.31551E-01
3.00000E+00	5.89888E+00	6.29998E-01
3.00000E+00	6.17978E+00	6.28990E-01
3.00000E+00	6.46067E+00	6.28272E-01
3.00000E+00	6.74157E+00	6.27580E-01
3.00000E+00	7.02247E+00	6.26730E-01
3.00000E+00	7.30337E+00	6.25629E-01
3.00000E+00	7.58427E+00	6.24202E-01
3.00000E+00	7.86517E+00	6.22388E-01
3.00000E+00	8.14607E+00	6.20161E-01
3.00000E+00	8.42697E+00	6.17482E-01
3.00000E+00	8.70787E+00	6.14293E-01
3.00000E+00	8.98876E+00	6.10586E-01
3.00000E+00	9.26966E+00	6.06408E-01
3.00000E+00	9.55056E+00	6.01802E-01
3.00000E+00	9.83146E+00	5.96813E-01
3.00000E+00	1.01124E+01	5.91508E-01
3.00000E+00	1.03933E+01	5.85940E-01
3.00000E+00	1.06742E+01	5.80130E-01
3.00000E+00	1.09551E+01	5.74114E-01
3.00000E+00	1.12360E+01	5.67946E-01
3.00000E+00	1.15169E+01	5.61662E-01
3.00000E+00	1.17978E+01	5.55277E-01
3.00000E+00	1.20787E+01	5.48809E-01
3.00000E+00	1.23596E+01	5.42276E-01
3.00000E+00	1.26404E+01	5.35692E-01
3.00000E+00	1.29213E+01	5.29070E-01
3.00000E+00	1.32022E+01	5.22436E-01
3.00000E+00	1.34831E+01	5.15814E-01
3.00000E+00	1.37640E+01	5.09219E-01
3.00000E+00	1.40449E+01	5.02663E-01
3.00000E+00	1.43258E+01	4.96160E-01
3.00000E+00	1.46067E+01	4.89721E-01
3.00000E+00	1.48876E+01	4.83350E-01
3.00000E+00	1.51685E+01	4.77052E-01
3.00000E+00	1.54494E+01	4.70836E-01
3.00000E+00	1.57303E+01	4.64702E-01
3.00000E+00	1.60112E+01	4.58652E-01
3.00000E+00	1.62921E+01	4.52690E-01
3.00000E+00	1.65730E+01	4.46824E-01
3.00000E+00	1.68539E+01	4.41056E-01
3.00000E+00	1.71348E+01	4.35387E-01
3.00000E+00	1.74157E+01	4.29816E-01
3.00000E+00	1.76966E+01	4.24346E-01
3.00000E+00	1.79775E+01	4.18977E-01
3.00000E+00	1.82584E+01	4.13714E-01
3.00000E+00	1.85393E+01	4.08560E-01
3.00000E+00	1.88202E+01	4.03512E-01
3.00000E+00	1.91011E+01	3.98566E-01
3.00000E+00	1.93820E+01	3.93718E-01
3.00000E+00	1.96629E+01	3.88968E-01
3.00000E+00	1.99438E+01	3.84316E-01
3.00000E+00	2.02247E+01	3.79760E-01
3.00000E+00	2.05056E+01	3.75300E-01
3.00000E+00	2.07865E+01	3.70936E-01
3.00000E+00	2.10674E+01	3.66663E-01
3.00000E+00	2.13483E+01	3.62480E-01
3.00000E+00	2.16292E+01	3.58384E-01
3.00000E+00	2.19101E+01	3.54373E-01
3.00000E+00	2.21910E+01	3.50442E-01
3.00000E+00	2.24719E+01	3.46589E-01
3.00000E+00	2.27528E+01	3.42814E-01
3.00000E+00	2.30337E+01	3.39113E-01
3.00000E+00	2.33146E+01	3.35482E-01
3.00000E+00	2.35955E+01	3.31921E-01
3.00000E+00	2.38764E+01	3.28430E-01
3.00000E+00	2.41573E+01	3.25008E-01
3.00000E+00	2.44382E+01	3.21649E-01
3.00000E+00	2.47191E+01	3.18352E-01
3.00000E+00	2.50000E+01	3.15113E-01
3.50000E+00	0.00000E+00	9.99532E-01
3.50000E+00	2.80899E-01	9.92486E-01
3.50000E+00	5.61798E-01	9.76915E-01
3.50000E+00	8.42697E-01	9.61558E-01
3.50000E+00	1.12360E+00	9.36329E-01
3.50000E+00	1.40449E+00	8.97193E-01
3.50000E+00	1.68539E+00	8.54939E-01
3.50000E+00	1.96629E+00	8.16363E-01
3.50000E+00	2.24719E+00	7.83231E-01
3.50000E+00	2.52809E+00	7.55280E-01
3.50000E+00	2.80899E+00	7.31766E-01
3.50000E+00	3.08989E+00	7.11971E-01
3.50000E+00	3.37079E+00	6.95311E-01
3.50000E+00	3.65169E+00	6.81329E-01
3.50000E+00	3.93258E+00	6.69680E-01
3.50000E+00	4.21348E+00	6.60117E-01
3.50000E+00	4.49438E+00	6.52442E-01
3.50000E+00	4.77528E+00	6.46453E-01
3.50000E+00	5.05618E+00	6.41917E-01
3.50000E+00	5.33708E+00	6.38591E-01
3.50000E+00	5.61798E+00	6.36237E-01
3.50000E+00	5.89888E+00	6.34631E-01
3.50000E+00	6.17978E+00	6.33545E-01
3.50000E+00	6.46067E+00	6.32733E-01
3.50000E+00	6.74157E+00	6.31958E-01
3.50000E+00	7.02247E+00	6.31046E-01
3.50000E+00	7.30337E+00	6.29889E-01
3.50000E+00	7.58427E+00	6.28409E-01
3.50000E+00	7.86517E+00	6.26549E-01
3.50000E+00	8.14607E+00	6.24270E-01
3.50000E+00	8.42697E+00	6.21536E-01
3.50000E+00	8.70787E+00	6.18304E-01
3.50000E+00	8.98876E+00	6.14570E-01
3.50000E+00	9.26966E+00	6.10368E-01
3.50000E+00	9.55056E+00	6.05740E-01
3.50000E+00	9.83146E+00	6.00734E-01
3.50000E+00	1.01124E+01	5.95409E-01
3.50000E+00	1.03933E+01	5.89812E-01
3.50000E+00	1.06742E+01	5.83976E-01
3.50000E+00	1.09551E+01	5.77937E-01
3.50000E+00	1.12360E+01	5.71742E-01
3.50000E+00	1.15169E+01	5.65424E-01
3.50000E+00	1.17978E+01	5.59004E-01
3.50000E+00	1.20787E+01	5.52501E-01
3.50000E+00	1.23596E+01	5.45931E-01
3.50000E+00	1.26404E+01	5.39311E-01
3.50000E+00	1.29213E+01	5.32656E-01
3.50000E+00	1.32022E+01	5.25988E-01
3.50000E+00	1.34831E+01	5.19331E-01
3.50000E+00	1.37640E+01	5.12700E-01
3.50000E+00	1.40449E+01	5.06108E-01
3.50000E+00	1.43258E+01	4.99569E-01
3.50000E+00	1.46067E+01	4.93091E-01
3.50000E+00	1.48876E+01	4.86682E-01
3.50000E+00	1.51685E+01	4.80347E-01
3.50000E+00	1.54494E+01	4.74092E-01
3.50000E+00	1.57303E+01	4.67921E-01
3.50000E+00	1.60112E+01	4.61834E-01
3.50000E+00	1.62921E+01	4.55837E-01
3.50000E+00	1.65730E+01	4.49934E-01
3.50000E+00	1.68539E+01	4.44130E-01
3.50000E+00	1.71348E+01	4.38425E-01
3.50000E+00	1.74157E+01	4.32819E-01
3.50000E+00	1.76966E+01	4.27315E-01
3.50000E+00	1.79775E+01	4.21913E-01
3.50000E+00	1.82584E+01	4.16617E-01
3.50000E+00	1.85393E+01	4.11429E-01
3.50000E+00	1.88202E+01	4.06347E-01
3.50000E+00	1.91011E+01	4.01368E-01
3.50000E+00	1.93820E+01	3.96488E-01
3.50000E+00	1.96629E+01	3.91707E-01
3.50000E+00	1.99438E+01	3.87025E-01
3.50000E+00	2.02247E+01	3.82439E-01
3.50000E+00	2.05056E+01	3.77949E-01
3.50000E+00	2.07865E+01	3.73555E-01
3.50000E+00	2.10674E+01	3.69253E-01
3.50000E+00	2.13483E+01	3.65041E-01
3.50000E+00	2.16292E+01	3.60917E-01
3.50000E+00	2.19101E+01	3.56878E-01
3.50000E+00	2.21910E+01	3.52920E-01
3.50000E+00	2.24719E+01	3.49041E-01
3.50000E+00	2.27528E+01	3.45239E-01
3.50000E+00	2.30337E+01	3.41512E-01
3.50000E+00	2.33146E+01	3.37857E-01
3.50000E+00	2.35955E+01	3.34272E-01
3.50000E+00	2.38764E+01	3.30757E-01
3.50000E+00	2.41573E+01	3.27310E-01
3.50000E+00	2.44382E+01	3.23927E-01
3.50000E+00	2.47191E+01	3.20607E-01
3.50000E+00	2.50000E+01	3.17344E-01
4.00000E+00	0.00000E+00	9.97178E-01
4.00000E+00	2.80899E-01	9.88652E-01
4.00000E+00	5.61798E-01	9.71678E-01
4.00000E+00	8.42697E-01	9.51350E-01
4.00000E+00	1.12360E+00	9.29100E-01
4.00000E+00	1.40449E+00	8.95952E-01
4.00000E+00	1.68539E+00	8.57136E-01
4.00000E+00	1.96629E+00	8.19732E-01
4.00000E+00	2.24719E+00	7.86926E-01
4.00000E+00	2.52809E+00	7.59172E-01
4.00000E+00	2.80899E+00	7.35917E-01
4.00000E+00	3.08989E+00	7.16436E-01
4.00000E+00	3.37079E+00	7.00102E-01
4.00000E+00	3.65169E+00	6.86425E-01
4.00000E+00	3.93258E+00	6.75046E-01
4.00000E+00	4.21348E+00	6.65704E-01
4.00000E+00	4.49438E+00	6.58189E-01
4.00000E+00	4.77528E+00	6.52297E-01
4.00000E+00	5.05618E+00	6.47807E-01
4.00000E+00	5.33708E+00	6.44487E-01
4.00000E+00	5.61798E+00	6.42109E-01
4.00000E+00	5.89888E+00	6.40451E-01
4.00000E+00	6.17978E+00	6.39286E-01
4.00000E+00	6.46067E+00	6.38382E-01
4.00000E+00	6.74157E+00	6.37523E-01
4.00000E+00	7.02247E+00	6.36541E-01
4.00000E+00	7.30337E+00	6.35321E-01
4.00000E+00	7.58427E+00	6.33782E-01
4.00000E+00	7.86517E+00	6.31866E-01
4.00000E+00	8.14607E+00	6.29530E-01
4.00000E+00	8.42697E+00	6.26737E-01
4.00000E+00	8.70787E+00	6.23457E-01
4.00000E+00	8.98876E+00	6.19687E-01
4.00000E+00	9.26966E+00	6.15454E-01
4.00000E+00	9.55056E+00	6.10798E-01
4.00000E+00	9.83146E+00	6.05766E-01
4.00000E+00	1.01124E+01	6.00412E-01
4.00000E+00	1.03933E+01	5.94782E-01
4.00000E+00	1.06742E+01	5.88912E-01
4.00000E+00	1.09551E+01	5.82840E-01
4.00000E+00	1.12360E+01	5.76607E-01
4.00000E+00	1.15169E+01	5.70247E-01
4.00000E+00	1.17978E+01	5.63783E-01
4.00000E+00	1.20787E+01	5.57233E-01
4.00000E+00	1.23596E+01	5.50617E-01
4.00000E+00	1.26404E+01	5.43951E-01
4.00000E+00	1.29213E+01	5.37251E-01
4.00000E+00	1.32022E+01	5.30539E-01
4.00000E+00	1.34831E+01	5.23836E-01
4.00000E+00	1.37640E+01	5.17158E-01
4.00000E+00	1.40449E+01	5.10519E-01
4.00000E+00	1.43258E+01	5.03932E-01
4.00000E+00	1.46067E+01	4.97406E-01
4.00000E+00	1.48876E+01	4.90948E-01
4.00000E+00	1.51685E+01	4.84564E-01
4.00000E+00	1.54494E+01	4.78260E-01
4.00000E+00	1.57303E+01	4.72040E-01
4.00000E+00	1.60112E+01	4.65906E-01
4.00000E+00	1.62921E+01	4.59862E-01
4.00000E+00	1.65730E+01	4.53913E-01
4.00000E+00	1.68539E+01	4.48062E-01
4.00000E+00	1.71348E+01	4.42311E-01
4.00000E+00	1.74157E+01	4.36661E-01
4.00000E+00	1.76966E+01	4.31112E-01
4.00000E+00	1.79775E+01	4.25667E-01
4.00000E+00	1.82584E+01	4.20329E-01
4.00000E+00	1.85393E+01	4.15097E-01
4.00000E+00	1.88202E+01	4.09972E-01
4.00000E+00	1.91011E+01	4.04950E-01
4.00000E+00	1.93820E+01	4.00030E-01
4.00000E+00	1.96629E+01	3.95209E-01
4.00000E+00	1.99438E+01	3.90486E-01
4.00000E+00	2.02247E+01	3.85862E-01
4.00000E+00	2.05056E+01	3.81334E-01
4.00000E+00	2.07865E+01	3.76902E-01
4.00000E+00	2.10674E+01	3.72563E-01
4.00000E+00	2.13483E+01	3.68315E-01
4.00000E+00	2.16292E+01	3.64154E-01
4.00000E+00	2.19101E+01	3.60079E-01
4.00000E+00	2.21910E+01	3.56087E-01
4.00000E+00	2.24719E+01	3.52174E-01
4.00000E+00	2.27528E+01	3.48339E-01
4.00000E+00	2.30337E+01	3.44579E-01
4.00000E+00	2.33146E+01	3.40892E-01
4.00000E+00	2.35955E+01	3.37276E-01
4.00000E+00	2.38764E+01	3.33730E-01
4.00000E+00	2.41573E+01	3.30252E-01
4.00000E+00	2.44382E+01	3.26839E-01
4.00000E+00	2.47191E+01	3.23487E-01
4.00000E+00	2.50000E+01	3.20195E-01
5.00000E+00	0.00000E+00	9.91198E-01
5.00000E+00	2.80899E-01	9.80595E-01
5.00000E+00	5.61798E-01	9.63067E-01
5.00000E+00	8.42697E-01	9.39264E-01
5.00000E+00	1.12360E+00	9.16425E-01
5.00000E+00	1.40449E+00	8.91703E-01
5.00000E+00	1.68539E+00	8.61883E-01
5.00000E+00	1.96629E+00	8.29756E-01
5.00000E+00	2.24719E+00	7.99036E-01
5.00000E+00	2.52809E+00	7.71806E-01
5.00000E+00	2.80899E+00	7.48599E-01
5.00000E+00	3.08989E+00	7.29161E-01
5.00000E+00	3.37079E+00	7.12990E-01
5.00000E+00	3.65169E+00	6.99586E-01
5.00000E+00	3.93258E+00	6.88538E-01
5.00000E+00	4.21348E+00	6.79523E-01
5.00000E+00	4.49438E+00	6.72280E-01
5.00000E+00	4.77528E+00	6.66578E-01
5.00000E+00	5.05618E+00	6.62192E-01
5.00000E+00	5.33708E+00	6.58902E-01
5.00000E+00	5.61798E+00	6.56486E-01
5.00000E+00	5.89888E+00	6.54730E-01
5.00000E+00	6.17978E+00	6.53419E-01
5.00000E+00	6.46067E+00	6.52345E-01
5.00000E+00	6.74157E+00	6.51317E-01
5.00000E+00	7.02247E+00	6.50181E-01
5.00000E+00	7.30337E+00	6.48820E-01
5.00000E+00	7.58427E+00	6.47149E-01
5.00000E+00	7.86517E+00	6.45105E-01
5.00000E+00	8.14607E+00	6.42643E-01
5.00000E+00	8.42697E+00	6.39729E-01
5.00000E+00	8.70787E+00	6.36342E-01
5.00000E+00	8.98876E+00	6.32483E-01
5.00000E+00	9.26966E+00	6.28173E-01
5.00000E+00	9.55056E+00	6.23446E-01
5.00000E+00	9.83146E+00	6.18346E-01
5.00000E+00	1.01124E+01	6.12919E-01
5.00000E+00	1.03933E+01	6.07208E-01
5.00000E+00	1.06742E+01	6.01255E-01
5.00000E+00	1.09551E+01	5.95096E-01
5.00000E+00	1.12360E+01	5.88770E-01
5.00000E+00	1.15169E+01	5.82307E-01
5.00000E+00	1.17978E+01	5.75735E-01
5.00000E+00	1.20787E+01	5.69074E-01
5.00000E+00	1.23596E+01	5.62344E-01
5.00000E+00	1.26404E+01	5.55564E-01
5.00000E+00	1.29213E+01	5.48752E-01
5.00000E+00	1.32022E+01	5.41927E-01
5.00000E+00	1.34831E+01	5.35109E-01
5.00000E+00	1.37640E+01	5.28315E-01
5.00000E+00	1.40449E+01	5.21558E-01
5.00000E+00	1.43258E+01	5.14850E-01
5.00000E+00	1.46067E+01	5.08203E-01
5.00000E+00	1.48876E+01	5.01624E-01
5.00000E+00	1.51685E+01	4.95119E-01
5.00000E+00	1.54494E+01	4.88694E-01
5.00000E+00	1.57303E+01	4.82353E-01
5.00000E+00	1.60112E+01	4.76100E-01
5.00000E+00	1.62921E+01	4.69939E-01
5.00000E+00	1.65730E+01	4.63873E-01
5.00000E+00	1.68539E+01	4.57907E-01
5.00000E+00	1.71348E+01	4.52041E-01
5.00000E+00	1.74157E+01	4.46278E-01
5.00000E+00	1.76966E+01	4.40619E-01
5.00000E+00	1.79775E+01	4.35065E-01
5.00000E+00	1.82584E+01	4.29619E-01
5.00000E+00	1.85393E+01	4.24280E-01
5.00000E+00	1.88202E+01	4.19048E-01
5.00000E+00	1.91011E+01	4.13921E-01
5.00000E+00	1.93820E+01	4.08897E-01
5.00000E+00	1.96629E+01	4.03976E-01
5.00000E+00	1.99438E+01	3.99155E-01
5.00000E+00	2.02247E+01	3.94433E-01
5.00000E+00	2.05056E+01	3.89810E-01
5.00000E+00	2.07865E+01	3.85283E-01
5.00000E+00	2.10674E+01	3.80851E-01
5.00000E+00	2.13483E+01	3.76511E-01
5.00000E+00	2.16292E+01	3.72261E-01
5.00000E+00	2.19101E+01	3.68097E-01
5.00000E+00	2.21910E+01	3.64018E-01
5.00000E+00	2.24719E+01	3.60020E-01
5.00000E+00	2.27528E+01	3.56101E-01
5.00000E+00	2.30337E+01	3.52259E-01
5.00000E+00	2.33146E+01	3.48492E-01
5.00000E+00	2.35955E+01	3.44797E-01
5.00000E+00	2.38764E+01	3.41173E-01
5.00000E+00	2.41573E+01	3.37618E-01
5.00000E+00	2.44382E+01	3.34129E-01
5.00000E+00	2.47191E+01	3.30702E-01
5.00000E+00	2.50000E+01	3.27335E-01
6.00000E+00	0.00000E+00	9.85040E-01
6.00000E+00	2.80899E-01	9.73476E-01
6.00000E+00	5.61798E-01	9.56512E-01
6.00000E+00	8.42697E-01	9.34118E-01
6.00000E+00	1.12360E+00	9.09661E-01
6.00000E+00	1.40449E+00	8.87653E-01
6.00000E+00	1.68539E+00	8.64522E-01
6.00000E+00	1.96629E+00	8.39117E-01
6.00000E+00	2.24719E+00	8.12886E-01
6.00000E+00	2.52809E+00	7.87849E-01
6.00000E+00	2.80899E+00	7.65362E-01
6.00000E+00	3.08989E+00	7.45955E-01
6.00000E+00	3.37079E+00	7.29605E-01
6.00000E+00	3.65169E+00	7.16041E-01
6.00000E+00	3.93258E+00	7.04918E-01
6.00000E+00	4.21348E+00	6.95903E-01
6.00000E+00	4.49438E+00	6.88698E-01
6.00000E+00	4.77528E+00	6.83033E-01
6.00000E+00	5.05618E+00	6.78661E-01
6.00000E+00	5.33708E+00	6.75344E-01
6.00000E+00	5.61798E+00	6.72861E-01
6.00000E+00	5.89888E+00	6.70994E-01
6.00000E+00	6.17978E+00	6.69539E-01
6.00000E+00	6.46067E+00	6.68300E-01
6.00000E+00	6.74157E+00	6.67105E-01
6.00000E+00	7.02247E+00	6.65809E-01
6.00000E+00	7.30337E+00	6.64298E-01
6.00000E+00	7.58427E+00	6.62484E-01
6.00000E+00	7.86517E+00	6.60303E-01
6.00000E+00	8.14607E+00	6.57710E-01
6.00000E+00	8.42697E+00	6.54673E-01
6.00000E+00	8.70787E+00	6.51176E-01
6.00000E+00	8.98876E+00	6.47221E-01
6.00000E+00	9.26966E+00	6.42826E-01
6.00000E+00	9.55056E+00	6.38020E-01
6.00000E+00	9.83146E+00	6.32843E-01
6.00000E+00	1.01124E+01	6.27335E-01
6.00000E+00	1.03933E+01	6.21540E-01
6.00000E+00	1.06742E+01	6.15496E-01
6.00000E+00	1.09551E+01	6.09242E-01
6.00000E+00	1.12360E+01	6.02812E-01
6.00000E+00	1.15169E+01	5.96239E-01
6.00000E+00	1.17978E+01	5.89550E-01
6.00000E+00	1.20787E+01	5.82768E-01
6.00000E+00	1.23596E+01	5.75914E-01
6.00000E+00	1.26404E+01	5.69008E-01
6.00000E+00	1.29213E+01	5.62069E-01
6.00000E+00	1.32022E+01	5.55117E-01
6.00000E+00	1.34831E+01	5.48170E-01
6.00000E+00	1.37640E+01	5.41244E-01
6.00000E+00	1.40449E+01	5.34353E-01
6.00000E+00	1.43258E+01	5.27511E-01
6.00000E+00	1.46067E+01	5.20727E-01
6.00000E+00	1.48876E+01	5.14011E-01
6.00000E+00	1.51685E+01	5.07368E-01
6.00000E+00	1.54494E+01	5.00805E-01
6.00000E+00	1.57303E+01	4.94328E-01
6.00000E+00	1.60112E+01	4.87939E-01
6.00000E+00	1.62921E+01	4.81644E-01
6.00000E+00	1.65730E+01	4.75445E-01
6.00000E+00	1.68539E+01	4.69346E-01
6.00000E+00	1.71348E+01	4.63350E-01
6.00000E+00	1.74157E+01	4.57458E-01
6.00000E+00	1.76966E+01	4.51671E-01
6.00000E+00	1.79775E+01	4.45992E-01
6.00000E+00	1.82584E+01	4.40421E-01
6.00000E+00	1.85393E+01	4.34958E-01
6.00000E+00	1.88202E+01	4.29604E-01
6.00000E+00	1.91011E+01	4.24357E-01
6.00000E+00	1.93820E+01	4.19215E-01
6.00000E+00	1.96629E+01	4.14177E-01
6.00000E+00	1.99438E+01	4.09241E-01
6.00000E+00	2.02247E+01	4.04408E-01
6.00000E+00	2.05056E+01	3.99674E-01
6.00000E+00	2.07865E+01	3.95038E-01
6.00000E+00	2.10674E+01	3.90498E-01
6.00000E+00	2.13483E+01	3.86052E-01
6.00000E+00	2.16292E+01	3.81698E-01
6.00000E+00	2.19101E+01	3.77432E-01
6.00000E+00	2.21910E+01	3.73252E-01
6.00000E+00	2.24719E+01	3.69155E-01
6.00000E+00	2.27528E+01	3.65140E-01
6.00000E+00	2.30337E+01	3.61202E-01
6.00000E+00	2.33146E+01	3.57342E-01
6.00000E+00	2.35955E+01	3.53555E-01
6.00000E+00	2.38764E+01	3.49841E-01
6.00000E+00	2.41573E+01	3.46196E-01
6.00000E+00	2.44382E+01	3.42618E-01
6.00000E+00	2.47191E+01	3.39104E-01
6.00000E+00	2.50000E+01	3.35651E-01
7.00000E+00	0.00000E+00	9.79497E-01
7.00000E+00	2.80899E-01	9.67722E-01
7.00000E+00	5.61798E-01	9.51745E-01
7.00000E+00	8.42697E-01	9.31499E-01
7.00000E+00	1.12360E+00	9.08410E-01
7.00000E+00	1.40449E+00	8.86355E-01
7.00000E+00	1.68539E+00	8.66433E-01
7.00000E+00	1.96629E+00	8.46138E-01
7.00000E+00	2.24719E+00	8.24923E-01
7.00000E+00	2.52809E+00	8.03546E-01
7.00000E+00	2.80899E+00	7.83156E-01
7.00000E+00	3.08989E+00	7.64653E-01
7.00000E+00	3.37079E+00	7.48496E-01
7.00000E+00	3.65169E+00	7.34785E-01
7.00000E+00	3.93258E+00	7.23398E-01
7.00000E+00	4.21348E+00	7.14112E-01
7.00000E+00	4.49438E+00	7.06665E-01
7.00000E+00	4.77528E+00	7.00790E-01
7.00000E+00	5.05618E+00	6.96229E-01
7.00000E+00	5.33708E+00	6.92732E-01
7.00000E+00	5.61798E+00	6.90066E-01
7.00000E+00	5.89888E+00	6.88010E-01
7.00000E+00	6.17978E+00	6.86359E-01
7.00000E+00	6.46067E+00	6.84925E-01
7.00000E+00	6.74157E+00	6.83541E-01
7.00000E+00	7.02247E+00	6.82068E-01
7.00000E+00	7.30337E+00	6.80393E-01
7.00000E+00	7.58427E+00	6.78427E-01
7.00000E+00	7.86517E+00	6.76106E-01
7.00000E+00	8.14607E+00	6.73383E-01
7.00000E+00	8.42697E+00	6.70227E-01
7.00000E+00	8.70787E+00	6.66624E-01
7.00000E+00	8.98876E+00	6.62576E-01
7.00000E+00	9.26966E+00	6.58098E-01
7.00000E+00	9.55056E+00	6.53216E-01
7.00000E+00	9.83146E+00	6.47965E-01
7.00000E+00	1.01124E+01	6.42382E-01
7.00000E+00	1.03933E+01	6.36508E-01
7.00000E+00	1.06742E+01	6.30380E-01
7.00000E+00	1.09551E+01	6.24035E-01
7.00000E+00	1.12360E+01	6.17509E-01
7.00000E+00	1.15169E+01	6.10831E-01
7.00000E+00	1.17978E+01	6.04031E-01
7.00000E+00	1.20787E+01	5.97133E-01
7.00000E+00	1.23596E+01	5.90159E-01
7.00000E+00	1.26404E+01	5.83130E-01
7.00000E+00	1.29213E+01	5.76067E-01
7.00000E+00	1.32022E+01	5.68988E-01
7.00000E+00	1.34831E+01	5.61912E-01
7.00000E+00	1.37640E+01	5.54855E-01
7.00000E+00	1.40449E+01	5.47831E-01
7.00000E+00	1.43258E+01	5.40853E-01
7.00000E+00	1.46067E+01	5.33931E-01
7.00000E+00	1.48876E+01	5.27076E-01
7.00000E+00	1.51685E+01	5.20294E-01
7.00000E+00	1.54494E+01	5.13591E-01
7.00000E+00	1.57303E+01	5.06974E-01
7.00000E+00	1.60112E+01	5.00447E-01
7.00000E+00	1.62921E+01	4.94013E-01
7.00000E+00	1.65730E+01	4.87678E-01
7.00000E+00	1.68539E+01	4.81443E-01
7.00000E+00	1.71348E+01	4.75312E-01
7.00000E+00	1.74157E+01	4.69286E-01
7.00000E+00	1.76966E+01	4.63368E-01
7.00000E+00	1.79775E+01	4.57558E-01
7.00000E+00	1.82584E+01	4.51857E-01
7.00000E+00	1.85393E+01	4.46267E-01
7.00000E+00	1.88202E+01	4.40785E-01
7.00000E+00	1.91011E+01	4.35412E-01
7.00000E+00	1.93820E+01	4.30147E-01
7.00000E+00	1.96629E+01	4.24987E-01
7.00000E+00	1.99438E+01	4.19933E-01
7.00000E+00	2.02247E+01	4.14981E-01
7.00000E+00	2.05056E+01	4.10131E-01
7.00000E+00	2.07865E+01	4.05381E-01
7.00000E+00	2.10674E+01	4.00728E-01
7.00000E+00	2.13483E+01	3.96171E-01
7.00000E+00	2.16292E+01	3.91707E-01
7.00000E+00	2.19101E+01	3.87333E-01
7.00000E+00	2.21910E+01	3.83048E-01
7.00000E+00	2.24719E+01	3.78847E-01
7.00000E+00	2.27528E+01	3.74729E-01
7.00000E+00	2.30337E+01	3.70692E-01
7.00000E+00	2.33146E+01	3.66732E-01
7.00000E+00	2.35955E+01	3.62849E-01
7.00000E+00	2.38764E+01	3.59038E-01
7.00000E+00	2.41573E+01	3.55299E-01
7.00000E+00	2.44382E+01	3.51627E-01
7.00000E+00	2.47191E+01	3.48021E-01
7.00000E+00	2.50000E+01	3.44478E-01
8.00000E+00	0.00000E+00	9.74815E-01
8.00000E+00	2.80899E-01	9.63276E-01
8.00000E+00	5.61798E-01	9.48442E-01
8.00000E+00	8.42697E-01	9.30291E-01
8.00000E+00	1.12360E+00	9.09560E-01
8.00000E+00	1.40449E+00	8.88190E-01
8.00000E+00	1.68539E+00	8.69269E-01
8.00000E+00	1.96629E+00	8.51899E-01
8.00000E+00	2.24719E+00	8.34599E-01
8.00000E+00	2.52809E+00	8.17035E-01
8.00000E+00	2.80899E+00	7.99609E-01
8.00000E+00	3.08989E+00	7.83005E-01
8.00000E+00	3.37079E+00	7.67826E-01
8.00000E+00	3.65169E+00	7.54443E-01
8.00000E+00	3.93258E+00	7.42992E-01
8.00000E+00	4.21348E+00	7.33435E-01
8.00000E+00	4.49438E+00	7.25627E-01
8.00000E+00	4.77528E+00	7.19365E-01
8.00000E+00	5.05618E+00	7.14422E-01
8.00000E+00	5.33708E+00	7.10561E-01
8.00000E+00	5.61798E+00	7.07552E-01
8.00000E+00	5.89888E+00	7.05175E-01
8.00000E+00	6.17978E+00	7.03224E-01
8.00000E+00	6.46067E+00	7.01513E-01
8.00000E+00	6.74157E+00	6.99879E-01
8.00000E+00	7.02247E+00	6.98181E-01
8.00000E+00	7.30337E+00	6.96306E-01
8.00000E+00	7.58427E+00	6.94164E-01
8.00000E+00	7.86517E+00	6.91687E-01
8.00000E+00	8.14607E+00	6.88826E-01
8.00000E+00	8.42697E+00	6.85550E-01
8.00000E+00	8.70787E+00	6.81844E-01
8.00000E+00	8.98876E+00	6.77708E-01
8.00000E+00	9.26966E+00	6.73154E-01
8.00000E+00	9.55056E+00	6.68203E-01
8.00000E+00	9.83146E+00	6.62888E-01
8.00000E+00	1.01124E+01	6.57242E-01
8.00000E+00	1.03933E+01	6.51301E-01
8.00000E+00	1.06742E+01	6.45103E-01
8.00000E+00	1.09551E+01	6.38682E-01
8.00000E+00	1.12360E+01	6.32073E-01
8.00000E+00	1.15169E+01	6.25306E-01
8.00000E+00	1.17978E+01	6.18410E-01
8.00000E+00	1.20787E+01	6.11410E-01
8.00000E+00	1.23596E+01	6.04330E-01
8.00000E+00	1.26404E+01	5.97192E-01
8.00000E+00	1.29213E+01	5.90016E-01
8.00000E+00	1.32022E+01	5.82822E-01
8.00000E+00	1.34831E+01	5.75627E-01
8.00000E+00	1.37640E+01	5.68448E-01
8.00000E+00	1.40449E+01	5.61300E-01
8.00000E+00	1.43258E+01	5.54195E-01
8.00000E+00	1.46067E+01	5.47144E-01
8.00000E+00	1.48876E+01	5.40158E-01
8.00000E+00	1.51685E+01	5.33243E-01
8.00000E+00	1.54494E+01	5.26408E-01
8.00000E+00	1.57303E+01	5.19658E-01
8.00000E+00	1.60112E+01	5.12997E-01
8.00000E+00	1.62921E+01	5.06431E-01
8.00000E+00	1.65730E+01	4.99963E-01
8.00000E+00	1.68539E+01	4.93597E-01
8.00000E+00	1.71348E+01	4.87335E-01
8.00000E+00	1.74157E+01	4.81179E-01
8.00000E+00	1.76966E+01	4.75132E-01
8.00000E+00	1.79775E+01	4.69194E-01
8.00000E+00	1.82584E+01	4.63367E-01
8.00000E+00	1.85393E+01	4.57651E-01
8.00000E+00	1.88202E+01	4.52045E-01
8.00000E+00	1.91011E+01	4.46549E-01
8.00000E+00	1.93820E+01	4.41162E-01
8.00000E+00	1.96629E+01	4.35882E-01
8.00000E+00	1.99438E+01	4.30709E-01
8.00000E+00	2.02247E+01	4.25640E-01
8.00000E+00	2.05056E+01	4.20675E-01
8.00000E+00	2.07865E+01	4.15811E-01
8.00000E+00	2.10674E+01	4.11046E-01
8.00000E+00	2.13483E+01	4.06378E-01
8.00000E+00	2.16292E+01	4.01805E-01
8.00000E+00	2.19101E+01	3.97324E-01
8.00000E+00	2.21910E+01	3.92933E-01
8.00000E+00	2.24719E+01	3.88628E-01
8.00000E+00	2.27528E+01	3.84408E-01
8.00000E+00	2.30337E+01	3.80270E-01
8.00000E+00	2.33146E+01	3.76212E-01
8.00000E+00	2.35955E+01	3.72230E-01
8.00000E+00	2.38764E+01	3.68324E-01
8.00000E+00	2.41573E+01	3.64489E-01
8.00000E+00	2.44382E+01	3.60724E-01
8.00000E+00	2.47191E+01	3.57026E-01
8.00000E+00	2.50000E+01	3.53392E-01
9.00000E+00	0.00000E+00	9.71017E-01
9.00000E+00	2.80899E-01	9.59963E-01
9.00000E+00	5.61798E-01	9.46298E-01
9.00000E+00	8.42697E-01	9.30041E-01
9.00000E+00	1.12360E+00	9.11628E-01
9.00000E+00	1.40449E+00	8.92139E-01
9.00000E+00	1.68539E+00	8.73575E-01
9.00000E+00	1.96629E+00	8.57580E-01
9.00000E+00	2.24719E+00	8.42760E-01
9.00000E+00	2.52809E+00	8.28235E-01
9.00000E+00	2.80899E+00	8.13764E-01
9.00000E+00	3.08989E+00	7.99560E-01
9.00000E+00	3.37079E+00	7.86040E-01
9.00000E+00	3.65169E+00	7.73608E-01
9.00000E+00	3.93258E+00	7.62549E-01
9.00000E+00	4.21348E+00	7.52992E-01
9.00000E+00	4.49438E+00	7.44935E-01
9.00000E+00	4.77528E+00	7.38284E-01
9.00000E+00	5.05618E+00	7.32882E-01
9.00000E+00	5.33708E+00	7.28541E-01
9.00000E+00	5.61798E+00	7.25056E-01
9.00000E+00	5.89888E+00	7.22226E-01
9.00000E+00	6.17978E+00	7.19854E-01
9.00000E+00	6.46067E+00	7.17759E-01
9.00000E+00	6.74157E+00	7.15782E-01
9.00000E+00	7.02247E+00	7.13784E-01
9.00000E+00	7.30337E+00	7.11647E-01
9.00000E+00	7.58427E+00	7.09280E-01
9.00000E+00	7.86517E+00	7.06612E-01
9.00000E+00	8.14607E+00	7.03589E-01
9.00000E+00	8.42697E+00	7.00178E-01
9.00000E+00	8.70787E+00	6.96361E-01
9.00000E+00	8.98876E+00	6.92134E-01
9.00000E+00	9.26966E+00	6.87504E-01
9.00000E+00	9.55056E+00	6.82491E-01
9.00000E+00	9.83146E+00	6.77119E-01
9.00000E+00	1.01124E+01	6.71421E-01
9.00000E+00	1.03933E+01	6.65428E-01
9.00000E+00	1.06742E+01	6.59175E-01
9.00000E+00	1.09551E+01	6.52695E-01
9.00000E+00	1.12360E+01	6.46022E-01
9.00000E+00	1.15169E+01	6.39185E-01
9.00000E+00	1.17978E+01	6.32213E-01
9.00000E+00	1.20787E+01	6.25132E-01
9.00000E+00	1.23596E+01	6.17966E-01
9.00000E+00	1.26404E+01	6.10737E-01
9.00000E+00	1.29213E+01	6.03466E-01
9.00000E+00	1.32022E+01	5.96174E-01
9.00000E+00	1.34831E+01	5.88877E-01
9.00000E+00	1.37640E+01	5.81592E-01
9.00000E+00	1.40449E+01	5.74335E-01
9.00000E+00	1.43258E+01	5.67118E-01
9.00000E+00	1.46067E+01	5.59953E-01
9.00000E+00	1.48876E+01	5.52849E-01
9.00000E+00	1.51685E+01	5.45815E-01
9.00000E+00	1.54494E+01	5.38860E-01
9.00000E+00	1.57303E+01	5.31988E-01
9.00000E+00	1.60112E+01	5.25206E-01
9.00000E+00	1.62921E+01	5.18517E-01
9.00000E+00	1.65730E+01	5.11927E-01
9.00000E+00	1.68539E+01	5.05439E-01
9.00000E+00	1.71348E+01	4.99055E-01
9.00000E+00	1.74157E+01	4.92778E-01
9.00000E+00	1.76966E+01	4.86610E-01
9.00000E+00	1.79775E+01	4.80553E-01
9.00000E+00	1.82584E+01	4.74606E-01
9.00000E+00	1.85393E+01	4.68771E-01
9.00000E+00	1.88202E+01	4.63047E-01
9.00000E+00	1.91011E+01	4.57434E-01
9.00000E+00	1.93820E+01	4.51931E-01
9.00000E+00	1.96629E+01	4.46537E-01
9.00000E+00	1.99438E+01	4.41251E-01
9.00000E+00	2.02247E+01	4.36070E-01
9.00000E+00	2.05056E+01	4.30994E-01
9.00000E+00	2.07865E+01	4.26021E-01
9.00000E+00	2.10674E+01	4.21149E-01
9.00000E+00	2.13483E+01	4.16374E-01
9.00000E+00	2.16292E+01	4.11696E-01
9.00000E+00	2.19101E+01	4.07111E-01
9.00000E+00	2.21910E+01	4.02618E-01
9.00000E+00	2.24719E+01	3.98213E-01
9.00000E+00	2.27528E+01	3.93893E-01
9.00000E+00	2.30337E+01	3.89658E-01
9.00000E+00	2.33146E+01	3.85503E-01
9.00000E+00	2.35955E+01	3.81427E-01
9.00000E+00	2.38764E+01	3.77427E-01
9.00000E+00	2.41573E+01	3.73500E-01
9.00000E+00	2.44382E+01	3.69644E-01
9.00000E+00	2.47191E+01	3.65856E-01
9.00000E+00	2.50000E+01	3.62134E-01
1.00000E+01	0.00000E+00	9.68035E-01
1.00000E+01	2.80899E-01	9.57593E-01
1.00000E+01	5.61798E-01	9.45062E-01
1.00000E+01	8.42697E-01	9.30483E-01
1.00000E+01	1.12360E+00	9.14144E-01
1.00000E+01	1.40449E+00	8.96702E-01
1.00000E+01	1.68539E+00	8.79296E-01
1.00000E+01	1.96629E+00	8.63738E-01
1.00000E+01	2.24719E+00	8.50286E-01
1.00000E+01	2.52809E+00	8.37812E-01
1.00000E+01	2.80899E+00	8.25726E-01
1.00000E+01	3.08989E+00	8.13841E-01
1.00000E+01	3.37079E+00	8.02259E-01
1.00000E+01	3.65169E+00	7.91234E-01
1.00000E+01	3.93258E+00	7.81038E-01
1.00000E+01	4.21348E+00	7.71874E-01
1.00000E+01	4.49438E+00	7.63850E-01
1.00000E+01	4.77528E+00	7.56977E-01
1.00000E+01	5.05618E+00	7.51190E-01
1.00000E+01	5.33708E+00	7.46369E-01
1.00000E+01	5.61798E+00	7.42363E-01
1.00000E+01	5.89888E+00	7.39004E-01
1.00000E+01	6.17978E+00	7.36121E-01
1.00000E+01	6.46067E+00	7.33549E-01
1.00000E+01	6.74157E+00	7.31138E-01
1.00000E+01	7.02247E+00	7.28752E-01
1.00000E+01	7.30337E+00	7.26278E-01
1.00000E+01	7.58427E+00	7.23622E-01
1.00000E+01	7.86517E+00	7.20708E-01
1.00000E+01	8.14607E+00	7.17481E-01
1.00000E+01	8.42697E+00	7.13902E-01
1.00000E+01	8.70787E+00	7.09950E-01
1.00000E+01	8.98876E+00	7.05615E-01
1.00000E+01	9.26966E+00	7.00901E-01
1.00000E+01	9.55056E+00	6.95821E-01
1.00000E+01	9.83146E+00	6.90395E-01
1.00000E+01	1.01124E+01	6.84650E-01
1.00000E+01	1.03933E+01	6.78615E-01
1.00000E+01	1.06742E+01	6.72320E-01
1.00000E+01	1.09551E+01	6.65798E-01
1.00000E+01	1.12360E+01	6.59079E-01
1.00000E+01	1.15169E+01	6.52191E-01
1.00000E+01	1.17978E+01	6.45164E-01
1.00000E+01	1.20787E+01	6.38023E-01
1.00000E+01	1.23596E+01	6.30792E-01
1.00000E+01	1.26404E+01	6.23494E-01
1.00000E+01	1.29213E+01	6.16149E-01
1.00000E+01	1.32022E+01	6.08778E-01
1.00000E+01	1.34831E+01	6.01399E-01
1.00000E+01	1.37640E+01	5.94029E-01
1.00000E+01	1.40449E+01	5.86681E-01
1.00000E+01	1.43258E+01	5.79370E-01
1.00000E+01	1.46067E+01	5.72108E-01
1.00000E+01	1.48876E+01	5.64904E-01
1.00000E+01	1.51685E+01	5.57768E-01
1.00000E+01	1.54494E+01	5.50708E-01
1.00000E+01	1.57303E+01	5.43730E-01
1.00000E+01	1.60112E+01	5.36841E-01
1.00000E+01	1.62921E+01	5.30044E-01
1.00000E+01	1.65730E+01	5.23345E-01
1.00000E+01	1.68539E+01	5.16748E-01
1.00000E+01	1.71348E+01	5.10254E-01
1.00000E+01	1.74157E+01	5.03868E-01
1.00000E+01	1.76966E+01	4.97590E-01
1.00000E+01	1.79775E+01	4.91423E-01
1.00000E+01	1.82584E+01	4.85367E-01
1.00000E+01	1.85393E+01	4.79423E-01
1.00000E+01	1.88202E+01	4.73591E-01
1.00000E+01	1.91011E+01	4.67870E-01
1.00000E+01	1.93820E+01	4.62260E-01
1.00000E+01	1.96629E+01	4.56760E-01
1.00000E+01	1.99438E+01	4.51368E-01
1.00000E+01	2.02247E+01	4.46083E-01
1.00000E+01	2.05056E+01	4.40904E-01
1.00000E+01	2.07865E+01	4.35828E-01
1.00000E+01	2.10674E+01	4.30855E-01
1.00000E+01	2.13483E+01	4.25980E-01
1.00000E+01	2.16292E+01	4.21203E-01
1.00000E+01	2.19101E+01	4.16520E-01
1.00000E+01	2.21910E+01	4.11930E-01
1.00000E+01	2.24719E+01	4.07430E-01
1.00000E+01	2.27528E+01	4.03016E-01
1.00000E+01	2.30337E+01	3.98688E-01
1.00000E+01	2.33146E+01	3.94442E-01
1.00000E+01	2.35955E+01	3.90275E-01
1.00000E+01	2.38764E+01	3.86186E-01
1.00000E+01	2.41573E+01	3.82172E-01
1.00000E+01	2.44382E+01	3.78229E-01
1.00000E+01	2.47191E+01	3.74357E-01
1.00000E+01	2.50000E+01	3.70551E-01
