1.00000E-04	0.00000E+00	1.00413E+00
1.00000E-04	2.80899E-01	5.99514E-01
1.00000E-04	5.61798E-01	5.80679E-01
1.00000E-04	8.42697E-01	5.11475E-01
1.00000E-04	1.12360E+00	4.58042E-01
1.00000E-04	1.40449E+00	4.11521E-01
1.00000E-04	1.68539E+00	3.69626E-01
1.00000E-04	1.96629E+00	3.32386E-01
1.00000E-04	2.24719E+00	3.00393E-01
1.00000E-04	2.52809E+00	2.73480E-01
1.00000E-04	2.80899E+00	2.50963E-01
1.00000E-04	3.08989E+00	2.31933E-01
1.00000E-04	3.37079E+00	2.15714E-01
1.00000E-04	3.65169E+00	2.01614E-01
1.00000E-04	3.93258E+00	1.89042E-01
1.00000E-04	4.21348E+00	1.77906E-01
1.00000E-04	4.49438E+00	1.67852E-01
1.00000E-04	4.77528E+00	1.58711E-01
1.00000E-04	5.05618E+00	1.50395E-01
1.00000E-04	5.33708E+00	1.42837E-01
1.00000E-04	5.61798E+00	1.35899E-01
1.00000E-04	5.89888E+00	1.29545E-01
1.00000E-04	6.17978E+00	1.23667E-01
1.00000E-04	6.46067E+00	1.18187E-01
1.00000E-04	6.74157E+00	1.13113E-01
1.00000E-04	7.02247E+00	1.08336E-01
1.00000E-04	7.30337E+00	1.03886E-01
1.00000E-04	7.58427E+00	9.97181E-02
1.00000E-04	7.86517E+00	9.58139E-02
1.00000E-04	8.14607E+00	9.21568E-02
1.00000E-04	8.42697E+00	8.86764E-02
1.00000E-04	8.70787E+00	8.53908E-02
1.00000E-04	8.98876E+00	8.22928E-02
1.00000E-04	9.26966E+00	7.93911E-02
1.00000E-04	9.55056E+00	7.66595E-02
1.00000E-04	9.83146E+00	7.41121E-02
1.00000E-04	1.01124E+01	7.17203E-02
1.00000E-04	1.03933E+01	6.94819E-02
1.00000E-04	1.06742E+01	6.73872E-02
1.00000E-04	1.09551E+01	6.54184E-02
1.00000E-04	1.12360E+01	6.35813E-02
1.00000E-04	1.15169E+01	6.18403E-02
1.00000E-04	1.17978E+01	6.02024E-02
1.00000E-04	1.20787E+01	5.86599E-02
1.00000E-04	1.23596E+01	5.71933E-02
1.00000E-04	1.26404E+01	5.58012E-02
1.00000E-04	1.29213E+01	5.44811E-02
1.00000E-04	1.32022E+01	5.32306E-02
1.00000E-04	1.34831E+01	5.20336E-02
1.00000E-04	1.37640E+01	5.08898E-02
1.00000E-04	1.40449E+01	4.98004E-02
1.00000E-04	1.43258E+01	4.87489E-02
1.00000E-04	1.46067E+01	4.77482E-02
1.00000E-04	1.48876E+01	4.67780E-02
1.00000E-04	1.51685E+01	4.58434E-02
1.00000E-04	1.54494E+01	4.49450E-02
1.00000E-04	1.57303E+01	4.40791E-02
1.00000E-04	1.60112E+01	4.32376E-02
1.00000E-04	1.62921E+01	4.24277E-02
1.00000E-04	1.65730E+01	4.16456E-02
1.00000E-04	1.68539E+01	4.08806E-02
1.00000E-04	1.71348E+01	4.01419E-02
1.00000E-04	1.74157E+01	3.94220E-02
1.00000E-04	1.76966E+01	3.87295E-02
1.00000E-04	1.79775E+01	3.80566E-02
1.00000E-04	1.82584E+01	3.74053E-02
1.00000E-04	1.85393E+01	3.67642E-02
1.00000E-04	1.88202E+01	3.61438E-02
1.00000E-04	1.91011E+01	3.55413E-02
1.00000E-04	1.93820E+01	3.49536E-02
1.00000E-04	1.96629E+01	3.43885E-02
1.00000E-04	1.99438E+01	3.38390E-02
1.00000E-04	2.02247E+01	3.32979E-02
1.00000E-04	2.05056E+01	3.27717E-02
1.00000E-04	2.07865E+01	3.22633E-02
1.00000E-04	2.10674E+01	3.17574E-02
1.00000E-04	2.13483E+01	3.12724E-02
1.00000E-04	2.16292E+01	3.07954E-02
1.00000E-04	2.19101E+01	3.03319E-02
1.00000E-04	2.21910E+01	2.98809E-02
1.00000E-04	2.24719E+01	2.94398E-02
1.00000E-04	2.27528E+01	2.90078E-02
1.00000E-04	2.30337E+01	2.85896E-02
1.00000E-04	2.33146E+01	2.81776E-02
1.00000E-04	2.35955E+01	2.77738E-02
1.00000E-04	2.38764E+01	2.73812E-02
1.00000E-04	2.41573E+01	2.70002E-02
1.00000E-04	2.44382E+01	2.66242E-02
1.00000E-04	2.47191E+01	2.62603E-02
1.00000E-04	2.50000E+01	2.59025E-02
5.00000E-04	0.00000E+00	9.95021E-01
5.00000E-04	2.80899E-01	6.40700E-01
5.00000E-04	5.61798E-01	6.20655E-01
5.00000E-04	8.42697E-01	5.46729E-01
5.00000E-04	1.12360E+00	4.89516E-01
5.00000E-04	1.40449E+00	4.39849E-01
5.00000E-04	1.68539E+00	3.95071E-01
5.00000E-04	1.96629E+00	3.55267E-01
5.00000E-04	2.24719E+00	3.21072E-01
5.00000E-04	2.52809E+00	2.92306E-01
5.00000E-04	2.80899E+00	2.68239E-01
5.00000E-04	3.08989E+00	2.47905E-01
5.00000E-04	3.37079E+00	2.30564E-01
5.00000E-04	3.65169E+00	2.15492E-01
5.00000E-04	3.93258E+00	2.02056E-01
5.00000E-04	4.21348E+00	1.90139E-01
5.00000E-04	4.49438E+00	1.79407E-01
5.00000E-04	4.77528E+00	1.69636E-01
5.00000E-04	5.05618E+00	1.60748E-01
5.00000E-04	5.33708E+00	1.52670E-01
5.00000E-04	5.61798E+00	1.45254E-01
5.00000E-04	5.89888E+00	1.38462E-01
5.00000E-04	6.17978E+00	1.32180E-01
5.00000E-04	6.46067E+00	1.26323E-01
5.00000E-04	6.74157E+00	1.20899E-01
5.00000E-04	7.02247E+00	1.15794E-01
5.00000E-04	7.30337E+00	1.11038E-01
5.00000E-04	7.58427E+00	1.06583E-01
5.00000E-04	7.86517E+00	1.02410E-01
5.00000E-04	8.14607E+00	9.85008E-02
5.00000E-04	8.42697E+00	9.47808E-02
5.00000E-04	8.70787E+00	9.12690E-02
5.00000E-04	8.98876E+00	8.79611E-02
5.00000E-04	9.26966E+00	8.48563E-02
5.00000E-04	9.55056E+00	8.19366E-02
5.00000E-04	9.83146E+00	7.92139E-02
5.00000E-04	1.01124E+01	7.66574E-02
5.00000E-04	1.03933E+01	7.42639E-02
5.00000E-04	1.06742E+01	7.20261E-02
5.00000E-04	1.09551E+01	6.99218E-02
5.00000E-04	1.12360E+01	6.79582E-02
5.00000E-04	1.15169E+01	6.60973E-02
5.00000E-04	1.17978E+01	6.43467E-02
5.00000E-04	1.20787E+01	6.26980E-02
5.00000E-04	1.23596E+01	6.11304E-02
5.00000E-04	1.26404E+01	5.96426E-02
5.00000E-04	1.29213E+01	5.82316E-02
5.00000E-04	1.32022E+01	5.68949E-02
5.00000E-04	1.34831E+01	5.56155E-02
5.00000E-04	1.37640E+01	5.43930E-02
5.00000E-04	1.40449E+01	5.32287E-02
5.00000E-04	1.43258E+01	5.21047E-02
5.00000E-04	1.46067E+01	5.10351E-02
5.00000E-04	1.48876E+01	4.99982E-02
5.00000E-04	1.51685E+01	4.89993E-02
5.00000E-04	1.54494E+01	4.80390E-02
5.00000E-04	1.57303E+01	4.71135E-02
5.00000E-04	1.60112E+01	4.62141E-02
5.00000E-04	1.62921E+01	4.53484E-02
5.00000E-04	1.65730E+01	4.45125E-02
5.00000E-04	1.68539E+01	4.36948E-02
5.00000E-04	1.71348E+01	4.29052E-02
5.00000E-04	1.74157E+01	4.21358E-02
5.00000E-04	1.76966E+01	4.13956E-02
5.00000E-04	1.79775E+01	4.06764E-02
5.00000E-04	1.82584E+01	3.99802E-02
5.00000E-04	1.85393E+01	3.92950E-02
5.00000E-04	1.88202E+01	3.86319E-02
5.00000E-04	1.91011E+01	3.79879E-02
5.00000E-04	1.93820E+01	3.73597E-02
5.00000E-04	1.96629E+01	3.67558E-02
5.00000E-04	1.99438E+01	3.61676E-02
5.00000E-04	2.02247E+01	3.55901E-02
5.00000E-04	2.05056E+01	3.50277E-02
5.00000E-04	2.07865E+01	3.44842E-02
5.00000E-04	2.10674E+01	3.39435E-02
5.00000E-04	2.13483E+01	3.34252E-02
5.00000E-04	2.16292E+01	3.29154E-02
5.00000E-04	2.19101E+01	3.24199E-02
5.00000E-04	2.21910E+01	3.19379E-02
5.00000E-04	2.24719E+01	3.14664E-02
5.00000E-04	2.27528E+01	3.10047E-02
5.00000E-04	2.30337E+01	3.05576E-02
5.00000E-04	2.33146E+01	3.01173E-02
5.00000E-04	2.35955E+01	2.96857E-02
5.00000E-04	2.38764E+01	2.92661E-02
5.00000E-04	2.41573E+01	2.88589E-02
5.00000E-04	2.44382E+01	2.84570E-02
5.00000E-04	2.47191E+01	2.80680E-02
5.00000E-04	2.50000E+01	2.76856E-02
1.00000E-03	0.00000E+00	9.92785E-01
1.00000E-03	2.80899E-01	6.69542E-01
1.00000E-03	5.61798E-01	6.48600E-01
1.00000E-03	8.42697E-01	5.71376E-01
1.00000E-03	1.12360E+00	5.11507E-01
1.00000E-03	1.40449E+00	4.59641E-01
1.00000E-03	1.68539E+00	4.12860E-01
1.00000E-03	1.96629E+00	3.71263E-01
1.00000E-03	2.24719E+00	3.35527E-01
1.00000E-03	2.52809E+00	3.05466E-01
1.00000E-03	2.80899E+00	2.80316E-01
1.00000E-03	3.08989E+00	2.59079E-01
1.00000E-03	3.37079E+00	2.40946E-01
1.00000E-03	3.65169E+00	2.25187E-01
1.00000E-03	3.93258E+00	2.11160E-01
1.00000E-03	4.21348E+00	1.98695E-01
1.00000E-03	4.49438E+00	1.87482E-01
1.00000E-03	4.77528E+00	1.77272E-01
1.00000E-03	5.05618E+00	1.67988E-01
1.00000E-03	5.33708E+00	1.59544E-01
1.00000E-03	5.61798E+00	1.51794E-01
1.00000E-03	5.89888E+00	1.44694E-01
1.00000E-03	6.17978E+00	1.38132E-01
1.00000E-03	6.46067E+00	1.32011E-01
1.00000E-03	6.74157E+00	1.26342E-01
1.00000E-03	7.02247E+00	1.21008E-01
1.00000E-03	7.30337E+00	1.16037E-01
1.00000E-03	7.58427E+00	1.11381E-01
1.00000E-03	7.86517E+00	1.07021E-01
1.00000E-03	8.14607E+00	1.02936E-01
1.00000E-03	8.42697E+00	9.90483E-02
1.00000E-03	8.70787E+00	9.53784E-02
1.00000E-03	8.98876E+00	9.19221E-02
1.00000E-03	9.26966E+00	8.86769E-02
1.00000E-03	9.55056E+00	8.56258E-02
1.00000E-03	9.83146E+00	8.27805E-02
1.00000E-03	1.01124E+01	8.01089E-02
1.00000E-03	1.03933E+01	7.76074E-02
1.00000E-03	1.06742E+01	7.52691E-02
1.00000E-03	1.09551E+01	7.30699E-02
1.00000E-03	1.12360E+01	7.10179E-02
1.00000E-03	1.15169E+01	6.90733E-02
1.00000E-03	1.17978E+01	6.72439E-02
1.00000E-03	1.20787E+01	6.55209E-02
1.00000E-03	1.23596E+01	6.38828E-02
1.00000E-03	1.26404E+01	6.23279E-02
1.00000E-03	1.29213E+01	6.08534E-02
1.00000E-03	1.32022E+01	5.94566E-02
1.00000E-03	1.34831E+01	5.81196E-02
1.00000E-03	1.37640E+01	5.68421E-02
1.00000E-03	1.40449E+01	5.56253E-02
1.00000E-03	1.43258E+01	5.44507E-02
1.00000E-03	1.46067E+01	5.33330E-02
1.00000E-03	1.48876E+01	5.22493E-02
1.00000E-03	1.51685E+01	5.12054E-02
1.00000E-03	1.54494E+01	5.02019E-02
1.00000E-03	1.57303E+01	4.92347E-02
1.00000E-03	1.60112E+01	4.82948E-02
1.00000E-03	1.62921E+01	4.73902E-02
1.00000E-03	1.65730E+01	4.65166E-02
1.00000E-03	1.68539E+01	4.56622E-02
1.00000E-03	1.71348E+01	4.48370E-02
1.00000E-03	1.74157E+01	4.40331E-02
1.00000E-03	1.76966E+01	4.32594E-02
1.00000E-03	1.79775E+01	4.25078E-02
1.00000E-03	1.82584E+01	4.17803E-02
1.00000E-03	1.85393E+01	4.10642E-02
1.00000E-03	1.88202E+01	4.03712E-02
1.00000E-03	1.91011E+01	3.96984E-02
1.00000E-03	1.93820E+01	3.90419E-02
1.00000E-03	1.96629E+01	3.84107E-02
1.00000E-03	1.99438E+01	3.77948E-02
1.00000E-03	2.02247E+01	3.71925E-02
1.00000E-03	2.05056E+01	3.66048E-02
1.00000E-03	2.07865E+01	3.60369E-02
1.00000E-03	2.10674E+01	3.54718E-02
1.00000E-03	2.13483E+01	3.49302E-02
1.00000E-03	2.16292E+01	3.43974E-02
1.00000E-03	2.19101E+01	3.38796E-02
1.00000E-03	2.21910E+01	3.33759E-02
1.00000E-03	2.24719E+01	3.28832E-02
1.00000E-03	2.27528E+01	3.24007E-02
1.00000E-03	2.30337E+01	3.19335E-02
1.00000E-03	2.33146E+01	3.14734E-02
1.00000E-03	2.35955E+01	3.10223E-02
1.00000E-03	2.38764E+01	3.05838E-02
1.00000E-03	2.41573E+01	3.01582E-02
1.00000E-03	2.44382E+01	2.97383E-02
1.00000E-03	2.47191E+01	2.93317E-02
1.00000E-03	2.50000E+01	2.89321E-02
5.00000E-03	0.00000E+00	9.85493E-01
5.00000E-03	2.80899E-01	7.82848E-01
5.00000E-03	5.61798E-01	7.58360E-01
5.00000E-03	8.42697E-01	6.68076E-01
5.00000E-03	1.12360E+00	5.98028E-01
5.00000E-03	1.40449E+00	5.37391E-01
5.00000E-03	1.68539E+00	4.82731E-01
5.00000E-03	1.96629E+00	4.34081E-01
5.00000E-03	2.24719E+00	3.92292E-01
5.00000E-03	2.52809E+00	3.57157E-01
5.00000E-03	2.80899E+00	3.27751E-01
5.00000E-03	3.08989E+00	3.02942E-01
5.00000E-03	3.37079E+00	2.81726E-01
5.00000E-03	3.65169E+00	2.63268E-01
5.00000E-03	3.93258E+00	2.46919E-01
5.00000E-03	4.21348E+00	2.32314E-01
5.00000E-03	4.49438E+00	2.19184E-01
5.00000E-03	4.77528E+00	2.07255E-01
5.00000E-03	5.05618E+00	1.96430E-01
5.00000E-03	5.33708E+00	1.86537E-01
5.00000E-03	5.61798E+00	1.77487E-01
5.00000E-03	5.89888E+00	1.69168E-01
5.00000E-03	6.17978E+00	1.61501E-01
5.00000E-03	6.46067E+00	1.54351E-01
5.00000E-03	6.74157E+00	1.47711E-01
5.00000E-03	7.02247E+00	1.41480E-01
5.00000E-03	7.30337E+00	1.35674E-01
5.00000E-03	7.58427E+00	1.30230E-01
5.00000E-03	7.86517E+00	1.25133E-01
5.00000E-03	8.14607E+00	1.20351E-01
5.00000E-03	8.42697E+00	1.15810E-01
5.00000E-03	8.70787E+00	1.11519E-01
5.00000E-03	8.98876E+00	1.07478E-01
5.00000E-03	9.26966E+00	1.03682E-01
5.00000E-03	9.55056E+00	1.00116E-01
5.00000E-03	9.83146E+00	9.67884E-02
5.00000E-03	1.01124E+01	9.36650E-02
5.00000E-03	1.03933E+01	9.07405E-02
5.00000E-03	1.06742E+01	8.80066E-02
5.00000E-03	1.09551E+01	8.54354E-02
5.00000E-03	1.12360E+01	8.30327E-02
5.00000E-03	1.15169E+01	8.07605E-02
5.00000E-03	1.17978E+01	7.86234E-02
5.00000E-03	1.20787E+01	7.66052E-02
5.00000E-03	1.23596E+01	7.46933E-02
5.00000E-03	1.26404E+01	7.28756E-02
5.00000E-03	1.29213E+01	7.11547E-02
5.00000E-03	1.32022E+01	6.95182E-02
5.00000E-03	1.34831E+01	6.79565E-02
5.00000E-03	1.37640E+01	6.64638E-02
5.00000E-03	1.40449E+01	6.50385E-02
5.00000E-03	1.43258E+01	6.36652E-02
5.00000E-03	1.46067E+01	6.23583E-02
5.00000E-03	1.48876E+01	6.10916E-02
5.00000E-03	1.51685E+01	5.98708E-02
5.00000E-03	1.54494E+01	5.86975E-02
5.00000E-03	1.57303E+01	5.75665E-02
5.00000E-03	1.60112E+01	5.64677E-02
5.00000E-03	1.62921E+01	5.54103E-02
5.00000E-03	1.65730E+01	5.43881E-02
5.00000E-03	1.68539E+01	5.33894E-02
5.00000E-03	1.71348E+01	5.24247E-02
5.00000E-03	1.74157E+01	5.14866E-02
5.00000E-03	1.76966E+01	5.05805E-02
5.00000E-03	1.79775E+01	4.97013E-02
5.00000E-03	1.82584E+01	4.88504E-02
5.00000E-03	1.85393E+01	4.80134E-02
5.00000E-03	1.88202E+01	4.72033E-02
5.00000E-03	1.91011E+01	4.64168E-02
5.00000E-03	1.93820E+01	4.56488E-02
5.00000E-03	1.96629E+01	4.49108E-02
5.00000E-03	1.99438E+01	4.41888E-02
5.00000E-03	2.02247E+01	4.34865E-02
5.00000E-03	2.05056E+01	4.27994E-02
5.00000E-03	2.07865E+01	4.21349E-02
5.00000E-03	2.10674E+01	4.14746E-02
5.00000E-03	2.13483E+01	4.08413E-02
5.00000E-03	2.16292E+01	4.02183E-02
5.00000E-03	2.19101E+01	3.96129E-02
5.00000E-03	2.21910E+01	3.90240E-02
5.00000E-03	2.24719E+01	3.84479E-02
5.00000E-03	2.27528E+01	3.78837E-02
5.00000E-03	2.30337E+01	3.73374E-02
5.00000E-03	2.33146E+01	3.67992E-02
5.00000E-03	2.35955E+01	3.62721E-02
5.00000E-03	2.38764E+01	3.57594E-02
5.00000E-03	2.41573E+01	3.52614E-02
5.00000E-03	2.44382E+01	3.47708E-02
5.00000E-03	2.47191E+01	3.42955E-02
5.00000E-03	2.50000E+01	3.38282E-02
1.00000E-02	0.00000E+00	9.84824E-01
1.00000E-02	2.80899E-01	8.45232E-01
1.00000E-02	5.61798E-01	8.18786E-01
1.00000E-02	8.42697E-01	7.21309E-01
1.00000E-02	1.12360E+00	6.45680E-01
1.00000E-02	1.40449E+00	5.80211E-01
1.00000E-02	1.68539E+00	5.21195E-01
1.00000E-02	1.96629E+00	4.68669E-01
1.00000E-02	2.24719E+00	4.23550E-01
1.00000E-02	2.52809E+00	3.85616E-01
1.00000E-02	2.80899E+00	3.53867E-01
1.00000E-02	3.08989E+00	3.27082E-01
1.00000E-02	3.37079E+00	3.04174E-01
1.00000E-02	3.65169E+00	2.84244E-01
1.00000E-02	3.93258E+00	2.66597E-01
1.00000E-02	4.21348E+00	2.50825E-01
1.00000E-02	4.49438E+00	2.36644E-01
1.00000E-02	4.77528E+00	2.23767E-01
1.00000E-02	5.05618E+00	2.12083E-01
1.00000E-02	5.33708E+00	2.01398E-01
1.00000E-02	5.61798E+00	1.91632E-01
1.00000E-02	5.89888E+00	1.82646E-01
1.00000E-02	6.17978E+00	1.74366E-01
1.00000E-02	6.46067E+00	1.66650E-01
1.00000E-02	6.74157E+00	1.59478E-01
1.00000E-02	7.02247E+00	1.52751E-01
1.00000E-02	7.30337E+00	1.46484E-01
1.00000E-02	7.58427E+00	1.40606E-01
1.00000E-02	7.86517E+00	1.35105E-01
1.00000E-02	8.14607E+00	1.29937E-01
1.00000E-02	8.42697E+00	1.25036E-01
1.00000E-02	8.70787E+00	1.20406E-01
1.00000E-02	8.98876E+00	1.16042E-01
1.00000E-02	9.26966E+00	1.11942E-01
1.00000E-02	9.55056E+00	1.08093E-01
1.00000E-02	9.83146E+00	1.04499E-01
1.00000E-02	1.01124E+01	1.01127E-01
1.00000E-02	1.03933E+01	9.79710E-02
1.00000E-02	1.06742E+01	9.50182E-02
1.00000E-02	1.09551E+01	9.22442E-02
1.00000E-02	1.12360E+01	8.96458E-02
1.00000E-02	1.15169E+01	8.71933E-02
1.00000E-02	1.17978E+01	8.48881E-02
1.00000E-02	1.20787E+01	8.27072E-02
1.00000E-02	1.23596E+01	8.06437E-02
1.00000E-02	1.26404E+01	7.86838E-02
1.00000E-02	1.29213E+01	7.68263E-02
1.00000E-02	1.32022E+01	7.50576E-02
1.00000E-02	1.34831E+01	7.33732E-02
1.00000E-02	1.37640E+01	7.17619E-02
1.00000E-02	1.40449E+01	7.02201E-02
1.00000E-02	1.43258E+01	6.87387E-02
1.00000E-02	1.46067E+01	6.73271E-02
1.00000E-02	1.48876E+01	6.59605E-02
1.00000E-02	1.51685E+01	6.46415E-02
1.00000E-02	1.54494E+01	6.33745E-02
1.00000E-02	1.57303E+01	6.21526E-02
1.00000E-02	1.60112E+01	6.09678E-02
1.00000E-02	1.62921E+01	5.98261E-02
1.00000E-02	1.65730E+01	5.87206E-02
1.00000E-02	1.68539E+01	5.76437E-02
1.00000E-02	1.71348E+01	5.66019E-02
1.00000E-02	1.74157E+01	5.55896E-02
1.00000E-02	1.76966E+01	5.46114E-02
1.00000E-02	1.79775E+01	5.36616E-02
1.00000E-02	1.82584E+01	5.27415E-02
1.00000E-02	1.85393E+01	5.18393E-02
1.00000E-02	1.88202E+01	5.09651E-02
1.00000E-02	1.91011E+01	5.01153E-02
1.00000E-02	1.93820E+01	4.92865E-02
1.00000E-02	1.96629E+01	4.84893E-02
1.00000E-02	1.99438E+01	4.77095E-02
1.00000E-02	2.02247E+01	4.69513E-02
1.00000E-02	2.05056E+01	4.62103E-02
1.00000E-02	2.07865E+01	4.54909E-02
1.00000E-02	2.10674E+01	4.47796E-02
1.00000E-02	2.13483E+01	4.40955E-02
1.00000E-02	2.16292E+01	4.34232E-02
1.00000E-02	2.19101E+01	4.27694E-02
1.00000E-02	2.21910E+01	4.21335E-02
1.00000E-02	2.24719E+01	4.15114E-02
1.00000E-02	2.27528E+01	4.09025E-02
1.00000E-02	2.30337E+01	4.03118E-02
1.00000E-02	2.33146E+01	3.97309E-02
1.00000E-02	2.35955E+01	3.91624E-02
1.00000E-02	2.38764E+01	3.86093E-02
1.00000E-02	2.41573E+01	3.80702E-02
1.00000E-02	2.44382E+01	3.75414E-02
1.00000E-02	2.47191E+01	3.70281E-02
1.00000E-02	2.50000E+01	3.65237E-02
5.00000E-02	0.00000E+00	9.84048E-01
5.00000E-02	2.80899E-01	1.02479E+00
5.00000E-02	5.61798E-01	9.92500E-01
5.00000E-02	8.42697E-01	8.74410E-01
5.00000E-02	1.12360E+00	7.82721E-01
5.00000E-02	1.40449E+00	7.03358E-01
5.00000E-02	1.68539E+00	6.31818E-01
5.00000E-02	1.96629E+00	5.68145E-01
5.00000E-02	2.24719E+00	5.13450E-01
5.00000E-02	2.52809E+00	4.67465E-01
5.00000E-02	2.80899E+00	4.28977E-01
5.00000E-02	3.08989E+00	3.96507E-01
5.00000E-02	3.37079E+00	3.68737E-01
5.00000E-02	3.65169E+00	3.44577E-01
5.00000E-02	3.93258E+00	3.23184E-01
5.00000E-02	4.21348E+00	3.04064E-01
5.00000E-02	4.49438E+00	2.86873E-01
5.00000E-02	4.77528E+00	2.71263E-01
5.00000E-02	5.05618E+00	2.57099E-01
5.00000E-02	5.33708E+00	2.44146E-01
5.00000E-02	5.61798E+00	2.32307E-01
5.00000E-02	5.89888E+00	2.21414E-01
5.00000E-02	6.17978E+00	2.11375E-01
5.00000E-02	6.46067E+00	2.02023E-01
5.00000E-02	6.74157E+00	1.93327E-01
5.00000E-02	7.02247E+00	1.85174E-01
5.00000E-02	7.30337E+00	1.77577E-01
5.00000E-02	7.58427E+00	1.70451E-01
5.00000E-02	7.86517E+00	1.63782E-01
5.00000E-02	8.14607E+00	1.57515E-01
5.00000E-02	8.42697E+00	1.51575E-01
5.00000E-02	8.70787E+00	1.45963E-01
5.00000E-02	8.98876E+00	1.40674E-01
5.00000E-02	9.26966E+00	1.35702E-01
5.00000E-02	9.55056E+00	1.31037E-01
5.00000E-02	9.83146E+00	1.26678E-01
5.00000E-02	1.01124E+01	1.22590E-01
5.00000E-02	1.03933E+01	1.18766E-01
5.00000E-02	1.06742E+01	1.15184E-01
5.00000E-02	1.09551E+01	1.11827E-01
5.00000E-02	1.12360E+01	1.08671E-01
5.00000E-02	1.15169E+01	1.05699E-01
5.00000E-02	1.17978E+01	1.02906E-01
5.00000E-02	1.20787E+01	1.00261E-01
5.00000E-02	1.23596E+01	9.77578E-02
5.00000E-02	1.26404E+01	9.53882E-02
5.00000E-02	1.29213E+01	9.31343E-02
5.00000E-02	1.32022E+01	9.09893E-02
5.00000E-02	1.34831E+01	8.89486E-02
5.00000E-02	1.37640E+01	8.69958E-02
5.00000E-02	1.40449E+01	8.51225E-02
5.00000E-02	1.43258E+01	8.33305E-02
5.00000E-02	1.46067E+01	8.16163E-02
5.00000E-02	1.48876E+01	7.99618E-02
5.00000E-02	1.51685E+01	7.83627E-02
5.00000E-02	1.54494E+01	7.68252E-02
5.00000E-02	1.57303E+01	7.53434E-02
5.00000E-02	1.60112E+01	7.39103E-02
5.00000E-02	1.62921E+01	7.25250E-02
5.00000E-02	1.65730E+01	7.11832E-02
5.00000E-02	1.68539E+01	6.98792E-02
5.00000E-02	1.71348E+01	6.86137E-02
5.00000E-02	1.74157E+01	6.73892E-02
5.00000E-02	1.76966E+01	6.62033E-02
5.00000E-02	1.79775E+01	6.50514E-02
5.00000E-02	1.82584E+01	6.39318E-02
5.00000E-02	1.85393E+01	6.28430E-02
5.00000E-02	1.88202E+01	6.17837E-02
5.00000E-02	1.91011E+01	6.07527E-02
5.00000E-02	1.93820E+01	5.97521E-02
5.00000E-02	1.96629E+01	5.87810E-02
5.00000E-02	1.99438E+01	5.78359E-02
5.00000E-02	2.02247E+01	5.69154E-02
5.00000E-02	2.05056E+01	5.60191E-02
5.00000E-02	2.07865E+01	5.51436E-02
5.00000E-02	2.10674E+01	5.42874E-02
5.00000E-02	2.13483E+01	5.34539E-02
5.00000E-02	2.16292E+01	5.26418E-02
5.00000E-02	2.19101E+01	5.18494E-02
5.00000E-02	2.21910E+01	5.10756E-02
5.00000E-02	2.24719E+01	5.03217E-02
5.00000E-02	2.27528E+01	4.95861E-02
5.00000E-02	2.30337E+01	4.88667E-02
5.00000E-02	2.33146E+01	4.81634E-02
5.00000E-02	2.35955E+01	4.74766E-02
5.00000E-02	2.38764E+01	4.68056E-02
5.00000E-02	2.41573E+01	4.61497E-02
5.00000E-02	2.44382E+01	4.55101E-02
5.00000E-02	2.47191E+01	4.48861E-02
5.00000E-02	2.50000E+01	4.42762E-02
1.00000E-01	0.00000E+00	9.92411E-01
1.00000E-01	2.80899E-01	1.08144E+00
1.00000E-01	5.61798E-01	1.04681E+00
1.00000E-01	8.42697E-01	9.22530E-01
1.00000E-01	1.12360E+00	8.25776E-01
1.00000E-01	1.40449E+00	7.42054E-01
1.00000E-01	1.68539E+00	6.66582E-01
1.00000E-01	1.96629E+00	5.99411E-01
1.00000E-01	2.24719E+00	5.41711E-01
1.00000E-01	2.52809E+00	4.93197E-01
1.00000E-01	2.80899E+00	4.52592E-01
1.00000E-01	3.08989E+00	4.18335E-01
1.00000E-01	3.37079E+00	3.89036E-01
1.00000E-01	3.65169E+00	3.63546E-01
1.00000E-01	3.93258E+00	3.40975E-01
1.00000E-01	4.21348E+00	3.20803E-01
1.00000E-01	4.49438E+00	3.02665E-01
1.00000E-01	4.77528E+00	2.86197E-01
1.00000E-01	5.05618E+00	2.71253E-01
1.00000E-01	5.33708E+00	2.57587E-01
1.00000E-01	5.61798E+00	2.45096E-01
1.00000E-01	5.89888E+00	2.33604E-01
1.00000E-01	6.17978E+00	2.23012E-01
1.00000E-01	6.46067E+00	2.13145E-01
1.00000E-01	6.74157E+00	2.03971E-01
1.00000E-01	7.02247E+00	1.95368E-01
1.00000E-01	7.30337E+00	1.87353E-01
1.00000E-01	7.58427E+00	1.79835E-01
1.00000E-01	7.86517E+00	1.72799E-01
1.00000E-01	8.14607E+00	1.66186E-01
1.00000E-01	8.42697E+00	1.59919E-01
1.00000E-01	8.70787E+00	1.53999E-01
1.00000E-01	8.98876E+00	1.48418E-01
1.00000E-01	9.26966E+00	1.43172E-01
1.00000E-01	9.55056E+00	1.38251E-01
1.00000E-01	9.83146E+00	1.33652E-01
1.00000E-01	1.01124E+01	1.29339E-01
1.00000E-01	1.03933E+01	1.25305E-01
1.00000E-01	1.06742E+01	1.21526E-01
1.00000E-01	1.09551E+01	1.17984E-01
1.00000E-01	1.12360E+01	1.14654E-01
1.00000E-01	1.15169E+01	1.11518E-01
1.00000E-01	1.17978E+01	1.08572E-01
1.00000E-01	1.20787E+01	1.05781E-01
1.00000E-01	1.23596E+01	1.03140E-01
1.00000E-01	1.26404E+01	1.00640E-01
1.00000E-01	1.29213E+01	9.82618E-02
1.00000E-01	1.32022E+01	9.59987E-02
1.00000E-01	1.34831E+01	9.38456E-02
1.00000E-01	1.37640E+01	9.17853E-02
1.00000E-01	1.40449E+01	8.98089E-02
1.00000E-01	1.43258E+01	8.79182E-02
1.00000E-01	1.46067E+01	8.61095E-02
1.00000E-01	1.48876E+01	8.43641E-02
1.00000E-01	1.51685E+01	8.26769E-02
1.00000E-01	1.54494E+01	8.10547E-02
1.00000E-01	1.57303E+01	7.94914E-02
1.00000E-01	1.60112E+01	7.79794E-02
1.00000E-01	1.62921E+01	7.65178E-02
1.00000E-01	1.65730E+01	7.51021E-02
1.00000E-01	1.68539E+01	7.37264E-02
1.00000E-01	1.71348E+01	7.23910E-02
1.00000E-01	1.74157E+01	7.10993E-02
1.00000E-01	1.76966E+01	6.98481E-02
1.00000E-01	1.79775E+01	6.86327E-02
1.00000E-01	1.82584E+01	6.74514E-02
1.00000E-01	1.85393E+01	6.63028E-02
1.00000E-01	1.88202E+01	6.51851E-02
1.00000E-01	1.91011E+01	6.40975E-02
1.00000E-01	1.93820E+01	6.30420E-02
1.00000E-01	1.96629E+01	6.20172E-02
1.00000E-01	1.99438E+01	6.10201E-02
1.00000E-01	2.02247E+01	6.00489E-02
1.00000E-01	2.05056E+01	5.91032E-02
1.00000E-01	2.07865E+01	5.81794E-02
1.00000E-01	2.10674E+01	5.72763E-02
1.00000E-01	2.13483E+01	5.63967E-02
1.00000E-01	2.16292E+01	5.55400E-02
1.00000E-01	2.19101E+01	5.47040E-02
1.00000E-01	2.21910E+01	5.38875E-02
1.00000E-01	2.24719E+01	5.30921E-02
1.00000E-01	2.27528E+01	5.23161E-02
1.00000E-01	2.30337E+01	5.15571E-02
1.00000E-01	2.33146E+01	5.08150E-02
1.00000E-01	2.35955E+01	5.00905E-02
1.00000E-01	2.38764E+01	4.93824E-02
1.00000E-01	2.41573E+01	4.86905E-02
1.00000E-01	2.44382E+01	4.80157E-02
1.00000E-01	2.47191E+01	4.73572E-02
1.00000E-01	2.50000E+01	4.67138E-02
2.00000E-01	0.00000E+00	1.00501E+00
2.00000E-01	2.80899E-01	1.08679E+00
2.00000E-01	5.61798E-01	1.05085E+00
2.00000E-01	8.42697E-01	9.27194E-01
2.00000E-01	1.12360E+00	8.29910E-01
2.00000E-01	1.40449E+00	7.45803E-01
2.00000E-01	1.68539E+00	6.69971E-01
2.00000E-01	1.96629E+00	6.02487E-01
2.00000E-01	2.24719E+00	5.44507E-01
2.00000E-01	2.52809E+00	4.95752E-01
2.00000E-01	2.80899E+00	4.54941E-01
2.00000E-01	3.08989E+00	4.20511E-01
2.00000E-01	3.37079E+00	3.91060E-01
2.00000E-01	3.65169E+00	3.65436E-01
2.00000E-01	3.93258E+00	3.42749E-01
2.00000E-01	4.21348E+00	3.22473E-01
2.00000E-01	4.49438E+00	3.04240E-01
2.00000E-01	4.77528E+00	2.87688E-01
2.00000E-01	5.05618E+00	2.72666E-01
2.00000E-01	5.33708E+00	2.58930E-01
2.00000E-01	5.61798E+00	2.46374E-01
2.00000E-01	5.89888E+00	2.34821E-01
2.00000E-01	6.17978E+00	2.24174E-01
2.00000E-01	6.46067E+00	2.14257E-01
2.00000E-01	6.74157E+00	2.05033E-01
2.00000E-01	7.02247E+00	1.96387E-01
2.00000E-01	7.30337E+00	1.88329E-01
2.00000E-01	7.58427E+00	1.80773E-01
2.00000E-01	7.86517E+00	1.73700E-01
2.00000E-01	8.14607E+00	1.67053E-01
2.00000E-01	8.42697E+00	1.60753E-01
2.00000E-01	8.70787E+00	1.54802E-01
2.00000E-01	8.98876E+00	1.49193E-01
2.00000E-01	9.26966E+00	1.43919E-01
2.00000E-01	9.55056E+00	1.38972E-01
2.00000E-01	9.83146E+00	1.34350E-01
2.00000E-01	1.01124E+01	1.30015E-01
2.00000E-01	1.03933E+01	1.25959E-01
2.00000E-01	1.06742E+01	1.22160E-01
2.00000E-01	1.09551E+01	1.18600E-01
2.00000E-01	1.12360E+01	1.15253E-01
2.00000E-01	1.15169E+01	1.12101E-01
2.00000E-01	1.17978E+01	1.09138E-01
2.00000E-01	1.20787E+01	1.06333E-01
2.00000E-01	1.23596E+01	1.03678E-01
2.00000E-01	1.26404E+01	1.01165E-01
2.00000E-01	1.29213E+01	9.87746E-02
2.00000E-01	1.32022E+01	9.64997E-02
2.00000E-01	1.34831E+01	9.43354E-02
2.00000E-01	1.37640E+01	9.22643E-02
2.00000E-01	1.40449E+01	9.02776E-02
2.00000E-01	1.43258E+01	8.83771E-02
2.00000E-01	1.46067E+01	8.65588E-02
2.00000E-01	1.48876E+01	8.48043E-02
2.00000E-01	1.51685E+01	8.31084E-02
2.00000E-01	1.54494E+01	8.14777E-02
2.00000E-01	1.57303E+01	7.99062E-02
2.00000E-01	1.60112E+01	7.83864E-02
2.00000E-01	1.62921E+01	7.69171E-02
2.00000E-01	1.65730E+01	7.54940E-02
2.00000E-01	1.68539E+01	7.41111E-02
2.00000E-01	1.71348E+01	7.27688E-02
2.00000E-01	1.74157E+01	7.14703E-02
2.00000E-01	1.76966E+01	7.02126E-02
2.00000E-01	1.79775E+01	6.89909E-02
2.00000E-01	1.82584E+01	6.78034E-02
2.00000E-01	1.85393E+01	6.66488E-02
2.00000E-01	1.88202E+01	6.55253E-02
2.00000E-01	1.91011E+01	6.44320E-02
2.00000E-01	1.93820E+01	6.33710E-02
2.00000E-01	1.96629E+01	6.23409E-02
2.00000E-01	1.99438E+01	6.13385E-02
2.00000E-01	2.02247E+01	6.03623E-02
2.00000E-01	2.05056E+01	5.94117E-02
2.00000E-01	2.07865E+01	5.84830E-02
2.00000E-01	2.10674E+01	5.75752E-02
2.00000E-01	2.13483E+01	5.66911E-02
2.00000E-01	2.16292E+01	5.58299E-02
2.00000E-01	2.19101E+01	5.49895E-02
2.00000E-01	2.21910E+01	5.41688E-02
2.00000E-01	2.24719E+01	5.33692E-02
2.00000E-01	2.27528E+01	5.25891E-02
2.00000E-01	2.30337E+01	5.18261E-02
2.00000E-01	2.33146E+01	5.10802E-02
2.00000E-01	2.35955E+01	5.03519E-02
2.00000E-01	2.38764E+01	4.96401E-02
2.00000E-01	2.41573E+01	4.89446E-02
2.00000E-01	2.44382E+01	4.82663E-02
2.00000E-01	2.47191E+01	4.76044E-02
2.00000E-01	2.50000E+01	4.69576E-02
2.50000E-01	0.00000E+00	1.00867E+00
2.50000E-01	2.80899E-01	1.07692E+00
2.50000E-01	5.61798E-01	1.04118E+00
2.50000E-01	8.42697E-01	9.19467E-01
2.50000E-01	1.12360E+00	8.22990E-01
2.50000E-01	1.40449E+00	7.39615E-01
2.50000E-01	1.68539E+00	6.64431E-01
2.50000E-01	1.96629E+00	5.97526E-01
2.50000E-01	2.24719E+00	5.40037E-01
2.50000E-01	2.52809E+00	4.91690E-01
2.50000E-01	2.80899E+00	4.51216E-01
2.50000E-01	3.08989E+00	4.17071E-01
2.50000E-01	3.37079E+00	3.87862E-01
2.50000E-01	3.65169E+00	3.62447E-01
2.50000E-01	3.93258E+00	3.39947E-01
2.50000E-01	4.21348E+00	3.19836E-01
2.50000E-01	4.49438E+00	3.01752E-01
2.50000E-01	4.77528E+00	2.85337E-01
2.50000E-01	5.05618E+00	2.70437E-01
2.50000E-01	5.33708E+00	2.56814E-01
2.50000E-01	5.61798E+00	2.44360E-01
2.50000E-01	5.89888E+00	2.32903E-01
2.50000E-01	6.17978E+00	2.22342E-01
2.50000E-01	6.46067E+00	2.12506E-01
2.50000E-01	6.74157E+00	2.03358E-01
2.50000E-01	7.02247E+00	1.94783E-01
2.50000E-01	7.30337E+00	1.86791E-01
2.50000E-01	7.58427E+00	1.79297E-01
2.50000E-01	7.86517E+00	1.72281E-01
2.50000E-01	8.14607E+00	1.65688E-01
2.50000E-01	8.42697E+00	1.59440E-01
2.50000E-01	8.70787E+00	1.53538E-01
2.50000E-01	8.98876E+00	1.47974E-01
2.50000E-01	9.26966E+00	1.42744E-01
2.50000E-01	9.55056E+00	1.37838E-01
2.50000E-01	9.83146E+00	1.33253E-01
2.50000E-01	1.01124E+01	1.28953E-01
2.50000E-01	1.03933E+01	1.24931E-01
2.50000E-01	1.06742E+01	1.21163E-01
2.50000E-01	1.09551E+01	1.17631E-01
2.50000E-01	1.12360E+01	1.14312E-01
2.50000E-01	1.15169E+01	1.11185E-01
2.50000E-01	1.17978E+01	1.08247E-01
2.50000E-01	1.20787E+01	1.05465E-01
2.50000E-01	1.23596E+01	1.02832E-01
2.50000E-01	1.26404E+01	1.00339E-01
2.50000E-01	1.29213E+01	9.79681E-02
2.50000E-01	1.32022E+01	9.57119E-02
2.50000E-01	1.34831E+01	9.35651E-02
2.50000E-01	1.37640E+01	9.15109E-02
2.50000E-01	1.40449E+01	8.95405E-02
2.50000E-01	1.43258E+01	8.76556E-02
2.50000E-01	1.46067E+01	8.58521E-02
2.50000E-01	1.48876E+01	8.41119E-02
2.50000E-01	1.51685E+01	8.24298E-02
2.50000E-01	1.54494E+01	8.08125E-02
2.50000E-01	1.57303E+01	7.92537E-02
2.50000E-01	1.60112E+01	7.77464E-02
2.50000E-01	1.62921E+01	7.62891E-02
2.50000E-01	1.65730E+01	7.48776E-02
2.50000E-01	1.68539E+01	7.35060E-02
2.50000E-01	1.71348E+01	7.21747E-02
2.50000E-01	1.74157E+01	7.08868E-02
2.50000E-01	1.76966E+01	6.96394E-02
2.50000E-01	1.79775E+01	6.84276E-02
2.50000E-01	1.82584E+01	6.72498E-02
2.50000E-01	1.85393E+01	6.61046E-02
2.50000E-01	1.88202E+01	6.49903E-02
2.50000E-01	1.91011E+01	6.39059E-02
2.50000E-01	1.93820E+01	6.28536E-02
2.50000E-01	1.96629E+01	6.18319E-02
2.50000E-01	1.99438E+01	6.08377E-02
2.50000E-01	2.02247E+01	5.98694E-02
2.50000E-01	2.05056E+01	5.89266E-02
2.50000E-01	2.07865E+01	5.80055E-02
2.50000E-01	2.10674E+01	5.71051E-02
2.50000E-01	2.13483E+01	5.62282E-02
2.50000E-01	2.16292E+01	5.53741E-02
2.50000E-01	2.19101E+01	5.45406E-02
2.50000E-01	2.21910E+01	5.37265E-02
2.50000E-01	2.24719E+01	5.29334E-02
2.50000E-01	2.27528E+01	5.21598E-02
2.50000E-01	2.30337E+01	5.14030E-02
2.50000E-01	2.33146E+01	5.06632E-02
2.50000E-01	2.35955E+01	4.99408E-02
2.50000E-01	2.38764E+01	4.92349E-02
2.50000E-01	2.41573E+01	4.85450E-02
2.50000E-01	2.44382E+01	4.78722E-02
2.50000E-01	2.47191E+01	4.72157E-02
2.50000E-01	2.50000E+01	4.65742E-02
3.00000E-01	0.00000E+00	1.01109E+00
3.00000E-01	2.80899E-01	1.06568E+00
3.00000E-01	5.61798E-01	1.03054E+00
3.00000E-01	8.42697E-01	9.11001E-01
3.00000E-01	1.12360E+00	8.15430E-01
3.00000E-01	1.40449E+00	7.32860E-01
3.00000E-01	1.68539E+00	6.58388E-01
3.00000E-01	1.96629E+00	5.92118E-01
3.00000E-01	2.24719E+00	5.35167E-01
3.00000E-01	2.52809E+00	4.87264E-01
3.00000E-01	2.80899E+00	4.47159E-01
3.00000E-01	3.08989E+00	4.13325E-01
3.00000E-01	3.37079E+00	3.84378E-01
3.00000E-01	3.65169E+00	3.59191E-01
3.00000E-01	3.93258E+00	3.36894E-01
3.00000E-01	4.21348E+00	3.16965E-01
3.00000E-01	4.49438E+00	2.99043E-01
3.00000E-01	4.77528E+00	2.82776E-01
3.00000E-01	5.05618E+00	2.68010E-01
3.00000E-01	5.33708E+00	2.54510E-01
3.00000E-01	5.61798E+00	2.42168E-01
3.00000E-01	5.89888E+00	2.30814E-01
3.00000E-01	6.17978E+00	2.20348E-01
3.00000E-01	6.46067E+00	2.10600E-01
3.00000E-01	6.74157E+00	2.01534E-01
3.00000E-01	7.02247E+00	1.93036E-01
3.00000E-01	7.30337E+00	1.85116E-01
3.00000E-01	7.58427E+00	1.77689E-01
3.00000E-01	7.86517E+00	1.70736E-01
3.00000E-01	8.14607E+00	1.64202E-01
3.00000E-01	8.42697E+00	1.58011E-01
3.00000E-01	8.70787E+00	1.52161E-01
3.00000E-01	8.98876E+00	1.46648E-01
3.00000E-01	9.26966E+00	1.41465E-01
3.00000E-01	9.55056E+00	1.36602E-01
3.00000E-01	9.83146E+00	1.32058E-01
3.00000E-01	1.01124E+01	1.27797E-01
3.00000E-01	1.03933E+01	1.23811E-01
3.00000E-01	1.06742E+01	1.20077E-01
3.00000E-01	1.09551E+01	1.16577E-01
3.00000E-01	1.12360E+01	1.13287E-01
3.00000E-01	1.15169E+01	1.10189E-01
3.00000E-01	1.17978E+01	1.07277E-01
3.00000E-01	1.20787E+01	1.04520E-01
3.00000E-01	1.23596E+01	1.01910E-01
3.00000E-01	1.26404E+01	9.94397E-02
3.00000E-01	1.29213E+01	9.70901E-02
3.00000E-01	1.32022E+01	9.48540E-02
3.00000E-01	1.34831E+01	9.27265E-02
3.00000E-01	1.37640E+01	9.06907E-02
3.00000E-01	1.40449E+01	8.87380E-02
3.00000E-01	1.43258E+01	8.68699E-02
3.00000E-01	1.46067E+01	8.50825E-02
3.00000E-01	1.48876E+01	8.33580E-02
3.00000E-01	1.51685E+01	8.16910E-02
3.00000E-01	1.54494E+01	8.00881E-02
3.00000E-01	1.57303E+01	7.85434E-02
3.00000E-01	1.60112E+01	7.70495E-02
3.00000E-01	1.62921E+01	7.56053E-02
3.00000E-01	1.65730E+01	7.42064E-02
3.00000E-01	1.68539E+01	7.28472E-02
3.00000E-01	1.71348E+01	7.15278E-02
3.00000E-01	1.74157E+01	7.02514E-02
3.00000E-01	1.76966E+01	6.90152E-02
3.00000E-01	1.79775E+01	6.78143E-02
3.00000E-01	1.82584E+01	6.66470E-02
3.00000E-01	1.85393E+01	6.55121E-02
3.00000E-01	1.88202E+01	6.44078E-02
3.00000E-01	1.91011E+01	6.33332E-02
3.00000E-01	1.93820E+01	6.22902E-02
3.00000E-01	1.96629E+01	6.12777E-02
3.00000E-01	1.99438E+01	6.02924E-02
3.00000E-01	2.02247E+01	5.93328E-02
3.00000E-01	2.05056E+01	5.83984E-02
3.00000E-01	2.07865E+01	5.74856E-02
3.00000E-01	2.10674E+01	5.65933E-02
3.00000E-01	2.13483E+01	5.57242E-02
3.00000E-01	2.16292E+01	5.48777E-02
3.00000E-01	2.19101E+01	5.40517E-02
3.00000E-01	2.21910E+01	5.32450E-02
3.00000E-01	2.24719E+01	5.24590E-02
3.00000E-01	2.27528E+01	5.16923E-02
3.00000E-01	2.30337E+01	5.09423E-02
3.00000E-01	2.33146E+01	5.02091E-02
3.00000E-01	2.35955E+01	4.94932E-02
3.00000E-01	2.38764E+01	4.87936E-02
3.00000E-01	2.41573E+01	4.81099E-02
3.00000E-01	2.44382E+01	4.74431E-02
3.00000E-01	2.47191E+01	4.67925E-02
3.00000E-01	2.50000E+01	4.61567E-02
4.00000E-01	0.00000E+00	1.01338E+00
4.00000E-01	2.80899E-01	1.04546E+00
4.00000E-01	5.61798E-01	1.01079E+00
4.00000E-01	8.42697E-01	8.95810E-01
4.00000E-01	1.12360E+00	8.01947E-01
4.00000E-01	1.40449E+00	7.20854E-01
4.00000E-01	1.68539E+00	6.47670E-01
4.00000E-01	1.96629E+00	5.82550E-01
4.00000E-01	2.24719E+00	5.26562E-01
4.00000E-01	2.52809E+00	4.79453E-01
4.00000E-01	2.80899E+00	4.40003E-01
4.00000E-01	3.08989E+00	4.06718E-01
4.00000E-01	3.37079E+00	3.78237E-01
4.00000E-01	3.65169E+00	3.53451E-01
4.00000E-01	3.93258E+00	3.31514E-01
4.00000E-01	4.21348E+00	3.11905E-01
4.00000E-01	4.49438E+00	2.94268E-01
4.00000E-01	4.77528E+00	2.78265E-01
4.00000E-01	5.05618E+00	2.63734E-01
4.00000E-01	5.33708E+00	2.50451E-01
4.00000E-01	5.61798E+00	2.38306E-01
4.00000E-01	5.89888E+00	2.27134E-01
4.00000E-01	6.17978E+00	2.16833E-01
4.00000E-01	6.46067E+00	2.07243E-01
4.00000E-01	6.74157E+00	1.98320E-01
4.00000E-01	7.02247E+00	1.89959E-01
4.00000E-01	7.30337E+00	1.82164E-01
4.00000E-01	7.58427E+00	1.74857E-01
4.00000E-01	7.86517E+00	1.68015E-01
4.00000E-01	8.14607E+00	1.61585E-01
4.00000E-01	8.42697E+00	1.55492E-01
4.00000E-01	8.70787E+00	1.49736E-01
4.00000E-01	8.98876E+00	1.44311E-01
4.00000E-01	9.26966E+00	1.39211E-01
4.00000E-01	9.55056E+00	1.34426E-01
4.00000E-01	9.83146E+00	1.29955E-01
4.00000E-01	1.01124E+01	1.25762E-01
4.00000E-01	1.03933E+01	1.21839E-01
4.00000E-01	1.06742E+01	1.18164E-01
4.00000E-01	1.09551E+01	1.14720E-01
4.00000E-01	1.12360E+01	1.11482E-01
4.00000E-01	1.15169E+01	1.08434E-01
4.00000E-01	1.17978E+01	1.05568E-01
4.00000E-01	1.20787E+01	1.02855E-01
4.00000E-01	1.23596E+01	1.00287E-01
4.00000E-01	1.26404E+01	9.78558E-02
4.00000E-01	1.29213E+01	9.55435E-02
4.00000E-01	1.32022E+01	9.33432E-02
4.00000E-01	1.34831E+01	9.12494E-02
4.00000E-01	1.37640E+01	8.92460E-02
4.00000E-01	1.40449E+01	8.73244E-02
4.00000E-01	1.43258E+01	8.54862E-02
4.00000E-01	1.46067E+01	8.37271E-02
4.00000E-01	1.48876E+01	8.20300E-02
4.00000E-01	1.51685E+01	8.03898E-02
4.00000E-01	1.54494E+01	7.88124E-02
4.00000E-01	1.57303E+01	7.72922E-02
4.00000E-01	1.60112E+01	7.58222E-02
4.00000E-01	1.62921E+01	7.44009E-02
4.00000E-01	1.65730E+01	7.30242E-02
4.00000E-01	1.68539E+01	7.16867E-02
4.00000E-01	1.71348E+01	7.03884E-02
4.00000E-01	1.74157E+01	6.91324E-02
4.00000E-01	1.76966E+01	6.79158E-02
4.00000E-01	1.79775E+01	6.67340E-02
4.00000E-01	1.82584E+01	6.55853E-02
4.00000E-01	1.85393E+01	6.44685E-02
4.00000E-01	1.88202E+01	6.33818E-02
4.00000E-01	1.91011E+01	6.23243E-02
4.00000E-01	1.93820E+01	6.12980E-02
4.00000E-01	1.96629E+01	6.03016E-02
4.00000E-01	1.99438E+01	5.93320E-02
4.00000E-01	2.02247E+01	5.83877E-02
4.00000E-01	2.05056E+01	5.74681E-02
4.00000E-01	2.07865E+01	5.65699E-02
4.00000E-01	2.10674E+01	5.56919E-02
4.00000E-01	2.13483E+01	5.48366E-02
4.00000E-01	2.16292E+01	5.40036E-02
4.00000E-01	2.19101E+01	5.31907E-02
4.00000E-01	2.21910E+01	5.23969E-02
4.00000E-01	2.24719E+01	5.16234E-02
4.00000E-01	2.27528E+01	5.08688E-02
4.00000E-01	2.30337E+01	5.01308E-02
4.00000E-01	2.33146E+01	4.94093E-02
4.00000E-01	2.35955E+01	4.87048E-02
4.00000E-01	2.38764E+01	4.80163E-02
4.00000E-01	2.41573E+01	4.73436E-02
4.00000E-01	2.44382E+01	4.66874E-02
4.00000E-01	2.47191E+01	4.60472E-02
4.00000E-01	2.50000E+01	4.54215E-02
5.00000E-01	0.00000E+00	1.01369E+00
5.00000E-01	2.80899E-01	1.03228E+00
5.00000E-01	5.61798E-01	9.94365E-01
5.00000E-01	8.42697E-01	8.84019E-01
5.00000E-01	1.12360E+00	7.91651E-01
5.00000E-01	1.40449E+00	7.11755E-01
5.00000E-01	1.68539E+00	6.39593E-01
5.00000E-01	1.96629E+00	5.75377E-01
5.00000E-01	2.24719E+00	5.20138E-01
5.00000E-01	2.52809E+00	4.73635E-01
5.00000E-01	2.80899E+00	4.34680E-01
5.00000E-01	3.08989E+00	4.01808E-01
5.00000E-01	3.37079E+00	3.73675E-01
5.00000E-01	3.65169E+00	3.49187E-01
5.00000E-01	3.93258E+00	3.27517E-01
5.00000E-01	4.21348E+00	3.08148E-01
5.00000E-01	4.49438E+00	2.90723E-01
5.00000E-01	4.77528E+00	2.74916E-01
5.00000E-01	5.05618E+00	2.60561E-01
5.00000E-01	5.33708E+00	2.47440E-01
5.00000E-01	5.61798E+00	2.35440E-01
5.00000E-01	5.89888E+00	2.24404E-01
5.00000E-01	6.17978E+00	2.14226E-01
5.00000E-01	6.46067E+00	2.04752E-01
5.00000E-01	6.74157E+00	1.95936E-01
5.00000E-01	7.02247E+00	1.87677E-01
5.00000E-01	7.30337E+00	1.79976E-01
5.00000E-01	7.58427E+00	1.72757E-01
5.00000E-01	7.86517E+00	1.65997E-01
5.00000E-01	8.14607E+00	1.59643E-01
5.00000E-01	8.42697E+00	1.53625E-01
5.00000E-01	8.70787E+00	1.47938E-01
5.00000E-01	8.98876E+00	1.42579E-01
5.00000E-01	9.26966E+00	1.37540E-01
5.00000E-01	9.55056E+00	1.32814E-01
5.00000E-01	9.83146E+00	1.28395E-01
5.00000E-01	1.01124E+01	1.24253E-01
5.00000E-01	1.03933E+01	1.20377E-01
5.00000E-01	1.06742E+01	1.16747E-01
5.00000E-01	1.09551E+01	1.13344E-01
5.00000E-01	1.12360E+01	1.10145E-01
5.00000E-01	1.15169E+01	1.07133E-01
5.00000E-01	1.17978E+01	1.04302E-01
5.00000E-01	1.20787E+01	1.01621E-01
5.00000E-01	1.23596E+01	9.90840E-02
5.00000E-01	1.26404E+01	9.66818E-02
5.00000E-01	1.29213E+01	9.43973E-02
5.00000E-01	1.32022E+01	9.22234E-02
5.00000E-01	1.34831E+01	9.01546E-02
5.00000E-01	1.37640E+01	8.81752E-02
5.00000E-01	1.40449E+01	8.62768E-02
5.00000E-01	1.43258E+01	8.44607E-02
5.00000E-01	1.46067E+01	8.27225E-02
5.00000E-01	1.48876E+01	8.10458E-02
5.00000E-01	1.51685E+01	7.94254E-02
5.00000E-01	1.54494E+01	7.78668E-02
5.00000E-01	1.57303E+01	7.63648E-02
5.00000E-01	1.60112E+01	7.49125E-02
5.00000E-01	1.62921E+01	7.35082E-02
5.00000E-01	1.65730E+01	7.21481E-02
5.00000E-01	1.68539E+01	7.08266E-02
5.00000E-01	1.71348E+01	6.95440E-02
5.00000E-01	1.74157E+01	6.83030E-02
5.00000E-01	1.76966E+01	6.71010E-02
5.00000E-01	1.79775E+01	6.59334E-02
5.00000E-01	1.82584E+01	6.47985E-02
5.00000E-01	1.85393E+01	6.36951E-02
5.00000E-01	1.88202E+01	6.26214E-02
5.00000E-01	1.91011E+01	6.15767E-02
5.00000E-01	1.93820E+01	6.05627E-02
5.00000E-01	1.96629E+01	5.95781E-02
5.00000E-01	1.99438E+01	5.86202E-02
5.00000E-01	2.02247E+01	5.76872E-02
5.00000E-01	2.05056E+01	5.67787E-02
5.00000E-01	2.07865E+01	5.58912E-02
5.00000E-01	2.10674E+01	5.50238E-02
5.00000E-01	2.13483E+01	5.41788E-02
5.00000E-01	2.16292E+01	5.33557E-02
5.00000E-01	2.19101E+01	5.25526E-02
5.00000E-01	2.21910E+01	5.17683E-02
5.00000E-01	2.24719E+01	5.10041E-02
5.00000E-01	2.27528E+01	5.02586E-02
5.00000E-01	2.30337E+01	4.95294E-02
5.00000E-01	2.33146E+01	4.88166E-02
5.00000E-01	2.35955E+01	4.81206E-02
5.00000E-01	2.38764E+01	4.74403E-02
5.00000E-01	2.41573E+01	4.67757E-02
5.00000E-01	2.44382E+01	4.61274E-02
5.00000E-01	2.47191E+01	4.54948E-02
5.00000E-01	2.50000E+01	4.48767E-02
6.00000E-01	0.00000E+00	1.01308E+00
6.00000E-01	2.80899E-01	1.02537E+00
6.00000E-01	5.61798E-01	9.80683E-01
6.00000E-01	8.42697E-01	8.74955E-01
6.00000E-01	1.12360E+00	7.83977E-01
6.00000E-01	1.40449E+00	7.05062E-01
6.00000E-01	1.68539E+00	6.33711E-01
6.00000E-01	1.96629E+00	5.70202E-01
6.00000E-01	2.24719E+00	5.15533E-01
6.00000E-01	2.52809E+00	4.69482E-01
6.00000E-01	2.80899E+00	4.30890E-01
6.00000E-01	3.08989E+00	3.98317E-01
6.00000E-01	3.37079E+00	3.70433E-01
6.00000E-01	3.65169E+00	3.46158E-01
6.00000E-01	3.93258E+00	3.24680E-01
6.00000E-01	4.21348E+00	3.05482E-01
6.00000E-01	4.49438E+00	2.88208E-01
6.00000E-01	4.77528E+00	2.72542E-01
6.00000E-01	5.05618E+00	2.58311E-01
6.00000E-01	5.33708E+00	2.45306E-01
6.00000E-01	5.61798E+00	2.33410E-01
6.00000E-01	5.89888E+00	2.22469E-01
6.00000E-01	6.17978E+00	2.12379E-01
6.00000E-01	6.46067E+00	2.02988E-01
6.00000E-01	6.74157E+00	1.94247E-01
6.00000E-01	7.02247E+00	1.86061E-01
6.00000E-01	7.30337E+00	1.78426E-01
6.00000E-01	7.58427E+00	1.71270E-01
6.00000E-01	7.86517E+00	1.64568E-01
6.00000E-01	8.14607E+00	1.58269E-01
6.00000E-01	8.42697E+00	1.52303E-01
6.00000E-01	8.70787E+00	1.46665E-01
6.00000E-01	8.98876E+00	1.41353E-01
6.00000E-01	9.26966E+00	1.36357E-01
6.00000E-01	9.55056E+00	1.31672E-01
6.00000E-01	9.83146E+00	1.27292E-01
6.00000E-01	1.01124E+01	1.23186E-01
6.00000E-01	1.03933E+01	1.19343E-01
6.00000E-01	1.06742E+01	1.15744E-01
6.00000E-01	1.09551E+01	1.12370E-01
6.00000E-01	1.12360E+01	1.09199E-01
6.00000E-01	1.15169E+01	1.06213E-01
6.00000E-01	1.17978E+01	1.03405E-01
6.00000E-01	1.20787E+01	1.00749E-01
6.00000E-01	1.23596E+01	9.82330E-02
6.00000E-01	1.26404E+01	9.58514E-02
6.00000E-01	1.29213E+01	9.35865E-02
6.00000E-01	1.32022E+01	9.14313E-02
6.00000E-01	1.34831E+01	8.93801E-02
6.00000E-01	1.37640E+01	8.74177E-02
6.00000E-01	1.40449E+01	8.55358E-02
6.00000E-01	1.43258E+01	8.37353E-02
6.00000E-01	1.46067E+01	8.20118E-02
6.00000E-01	1.48876E+01	8.03495E-02
6.00000E-01	1.51685E+01	7.87432E-02
6.00000E-01	1.54494E+01	7.71979E-02
6.00000E-01	1.57303E+01	7.57088E-02
6.00000E-01	1.60112E+01	7.42689E-02
6.00000E-01	1.62921E+01	7.28767E-02
6.00000E-01	1.65730E+01	7.15282E-02
6.00000E-01	1.68539E+01	7.02181E-02
6.00000E-01	1.71348E+01	6.89466E-02
6.00000E-01	1.74157E+01	6.77163E-02
6.00000E-01	1.76966E+01	6.65245E-02
6.00000E-01	1.79775E+01	6.53670E-02
6.00000E-01	1.82584E+01	6.42418E-02
6.00000E-01	1.85393E+01	6.31479E-02
6.00000E-01	1.88202E+01	6.20834E-02
6.00000E-01	1.91011E+01	6.10478E-02
6.00000E-01	1.93820E+01	6.00425E-02
6.00000E-01	1.96629E+01	5.90664E-02
6.00000E-01	1.99438E+01	5.81166E-02
6.00000E-01	2.02247E+01	5.71917E-02
6.00000E-01	2.05056E+01	5.62909E-02
6.00000E-01	2.07865E+01	5.54110E-02
6.00000E-01	2.10674E+01	5.45512E-02
6.00000E-01	2.13483E+01	5.37134E-02
6.00000E-01	2.16292E+01	5.28974E-02
6.00000E-01	2.19101E+01	5.21012E-02
6.00000E-01	2.21910E+01	5.13237E-02
6.00000E-01	2.24719E+01	5.05660E-02
6.00000E-01	2.27528E+01	4.98269E-02
6.00000E-01	2.30337E+01	4.91040E-02
6.00000E-01	2.33146E+01	4.83973E-02
6.00000E-01	2.35955E+01	4.77073E-02
6.00000E-01	2.38764E+01	4.70329E-02
6.00000E-01	2.41573E+01	4.63739E-02
6.00000E-01	2.44382E+01	4.57312E-02
6.00000E-01	2.47191E+01	4.51041E-02
6.00000E-01	2.50000E+01	4.44912E-02
7.00000E-01	0.00000E+00	1.01210E+00
7.00000E-01	2.80899E-01	1.02123E+00
7.00000E-01	5.61798E-01	9.69200E-01
7.00000E-01	8.42697E-01	8.67733E-01
7.00000E-01	1.12360E+00	7.78157E-01
7.00000E-01	1.40449E+00	7.00095E-01
7.00000E-01	1.68539E+00	6.29414E-01
7.00000E-01	1.96629E+00	5.66477E-01
7.00000E-01	2.24719E+00	5.12256E-01
7.00000E-01	2.52809E+00	4.66547E-01
7.00000E-01	2.80899E+00	4.28222E-01
7.00000E-01	3.08989E+00	3.95865E-01
7.00000E-01	3.37079E+00	3.68158E-01
7.00000E-01	3.65169E+00	3.44034E-01
7.00000E-01	3.93258E+00	3.22693E-01
7.00000E-01	4.21348E+00	3.03616E-01
7.00000E-01	4.49438E+00	2.86448E-01
7.00000E-01	4.77528E+00	2.70883E-01
7.00000E-01	5.05618E+00	2.56738E-01
7.00000E-01	5.33708E+00	2.43815E-01
7.00000E-01	5.61798E+00	2.31992E-01
7.00000E-01	5.89888E+00	2.21120E-01
7.00000E-01	6.17978E+00	2.11090E-01
7.00000E-01	6.46067E+00	2.01757E-01
7.00000E-01	6.74157E+00	1.93068E-01
7.00000E-01	7.02247E+00	1.84934E-01
7.00000E-01	7.30337E+00	1.77345E-01
7.00000E-01	7.58427E+00	1.70234E-01
7.00000E-01	7.86517E+00	1.63572E-01
7.00000E-01	8.14607E+00	1.57310E-01
7.00000E-01	8.42697E+00	1.51381E-01
7.00000E-01	8.70787E+00	1.45779E-01
7.00000E-01	8.98876E+00	1.40498E-01
7.00000E-01	9.26966E+00	1.35534E-01
7.00000E-01	9.55056E+00	1.30878E-01
7.00000E-01	9.83146E+00	1.26524E-01
7.00000E-01	1.01124E+01	1.22443E-01
7.00000E-01	1.03933E+01	1.18623E-01
7.00000E-01	1.06742E+01	1.15046E-01
7.00000E-01	1.09551E+01	1.11693E-01
7.00000E-01	1.12360E+01	1.08540E-01
7.00000E-01	1.15169E+01	1.05573E-01
7.00000E-01	1.17978E+01	1.02782E-01
7.00000E-01	1.20787E+01	1.00141E-01
7.00000E-01	1.23596E+01	9.76407E-02
7.00000E-01	1.26404E+01	9.52732E-02
7.00000E-01	1.29213E+01	9.30221E-02
7.00000E-01	1.32022E+01	9.08800E-02
7.00000E-01	1.34831E+01	8.88409E-02
7.00000E-01	1.37640E+01	8.68903E-02
7.00000E-01	1.40449E+01	8.50199E-02
7.00000E-01	1.43258E+01	8.32303E-02
7.00000E-01	1.46067E+01	8.15170E-02
7.00000E-01	1.48876E+01	7.98646E-02
7.00000E-01	1.51685E+01	7.82682E-02
7.00000E-01	1.54494E+01	7.67323E-02
7.00000E-01	1.57303E+01	7.52520E-02
7.00000E-01	1.60112E+01	7.38209E-02
7.00000E-01	1.62921E+01	7.24371E-02
7.00000E-01	1.65730E+01	7.10966E-02
7.00000E-01	1.68539E+01	6.97945E-02
7.00000E-01	1.71348E+01	6.85307E-02
7.00000E-01	1.74157E+01	6.73079E-02
7.00000E-01	1.76966E+01	6.61232E-02
7.00000E-01	1.79775E+01	6.49726E-02
7.00000E-01	1.82584E+01	6.38543E-02
7.00000E-01	1.85393E+01	6.27669E-02
7.00000E-01	1.88202E+01	6.17089E-02
7.00000E-01	1.91011E+01	6.06796E-02
7.00000E-01	1.93820E+01	5.96804E-02
7.00000E-01	1.96629E+01	5.87101E-02
7.00000E-01	1.99438E+01	5.77661E-02
7.00000E-01	2.02247E+01	5.68468E-02
7.00000E-01	2.05056E+01	5.59514E-02
7.00000E-01	2.07865E+01	5.50768E-02
7.00000E-01	2.10674E+01	5.42222E-02
7.00000E-01	2.13483E+01	5.33895E-02
7.00000E-01	2.16292E+01	5.25784E-02
7.00000E-01	2.19101E+01	5.17869E-02
7.00000E-01	2.21910E+01	5.10142E-02
7.00000E-01	2.24719E+01	5.02611E-02
7.00000E-01	2.27528E+01	4.95264E-02
7.00000E-01	2.30337E+01	4.88079E-02
7.00000E-01	2.33146E+01	4.81054E-02
7.00000E-01	2.35955E+01	4.74195E-02
7.00000E-01	2.38764E+01	4.67492E-02
7.00000E-01	2.41573E+01	4.60943E-02
7.00000E-01	2.44382E+01	4.54555E-02
7.00000E-01	2.47191E+01	4.48321E-02
7.00000E-01	2.50000E+01	4.42229E-02
8.00000E-01	0.00000E+00	1.01099E+00
8.00000E-01	2.80899E-01	1.01703E+00
8.00000E-01	5.61798E-01	9.59740E-01
8.00000E-01	8.42697E-01	8.61733E-01
8.00000E-01	1.12360E+00	7.73622E-01
8.00000E-01	1.40449E+00	6.96348E-01
8.00000E-01	1.68539E+00	6.26255E-01
8.00000E-01	1.96629E+00	5.63800E-01
8.00000E-01	2.24719E+00	5.09942E-01
8.00000E-01	2.52809E+00	4.64500E-01
8.00000E-01	2.80899E+00	4.26374E-01
8.00000E-01	3.08989E+00	3.94172E-01
8.00000E-01	3.37079E+00	3.66591E-01
8.00000E-01	3.65169E+00	3.42573E-01
8.00000E-01	3.93258E+00	3.21327E-01
8.00000E-01	4.21348E+00	3.02336E-01
8.00000E-01	4.49438E+00	2.85242E-01
8.00000E-01	4.77528E+00	2.69747E-01
8.00000E-01	5.05618E+00	2.55663E-01
8.00000E-01	5.33708E+00	2.42797E-01
8.00000E-01	5.61798E+00	2.31024E-01
8.00000E-01	5.89888E+00	2.20198E-01
8.00000E-01	6.17978E+00	2.10209E-01
8.00000E-01	6.46067E+00	2.00918E-01
8.00000E-01	6.74157E+00	1.92264E-01
8.00000E-01	7.02247E+00	1.84166E-01
8.00000E-01	7.30337E+00	1.76608E-01
8.00000E-01	7.58427E+00	1.69527E-01
8.00000E-01	7.86517E+00	1.62894E-01
8.00000E-01	8.14607E+00	1.56657E-01
8.00000E-01	8.42697E+00	1.50753E-01
8.00000E-01	8.70787E+00	1.45175E-01
8.00000E-01	8.98876E+00	1.39917E-01
8.00000E-01	9.26966E+00	1.34974E-01
8.00000E-01	9.55056E+00	1.30338E-01
8.00000E-01	9.83146E+00	1.26001E-01
8.00000E-01	1.01124E+01	1.21938E-01
8.00000E-01	1.03933E+01	1.18134E-01
8.00000E-01	1.06742E+01	1.14572E-01
8.00000E-01	1.09551E+01	1.11232E-01
8.00000E-01	1.12360E+01	1.08093E-01
8.00000E-01	1.15169E+01	1.05138E-01
8.00000E-01	1.17978E+01	1.02358E-01
8.00000E-01	1.20787E+01	9.97280E-02
8.00000E-01	1.23596E+01	9.72382E-02
8.00000E-01	1.26404E+01	9.48803E-02
8.00000E-01	1.29213E+01	9.26385E-02
8.00000E-01	1.32022E+01	9.05053E-02
8.00000E-01	1.34831E+01	8.84744E-02
8.00000E-01	1.37640E+01	8.65318E-02
8.00000E-01	1.40449E+01	8.46693E-02
8.00000E-01	1.43258E+01	8.28871E-02
8.00000E-01	1.46067E+01	8.11806E-02
8.00000E-01	1.48876E+01	7.95350E-02
8.00000E-01	1.51685E+01	7.79455E-02
8.00000E-01	1.54494E+01	7.64158E-02
8.00000E-01	1.57303E+01	7.49415E-02
8.00000E-01	1.60112E+01	7.35164E-02
8.00000E-01	1.62921E+01	7.21382E-02
8.00000E-01	1.65730E+01	7.08032E-02
8.00000E-01	1.68539E+01	6.95065E-02
8.00000E-01	1.71348E+01	6.82481E-02
8.00000E-01	1.74157E+01	6.70303E-02
8.00000E-01	1.76966E+01	6.58505E-02
8.00000E-01	1.79775E+01	6.47046E-02
8.00000E-01	1.82584E+01	6.35909E-02
8.00000E-01	1.85393E+01	6.25080E-02
8.00000E-01	1.88202E+01	6.14544E-02
8.00000E-01	1.91011E+01	6.04294E-02
8.00000E-01	1.93820E+01	5.94343E-02
8.00000E-01	1.96629E+01	5.84680E-02
8.00000E-01	1.99438E+01	5.75279E-02
8.00000E-01	2.02247E+01	5.66124E-02
8.00000E-01	2.05056E+01	5.57206E-02
8.00000E-01	2.07865E+01	5.48496E-02
8.00000E-01	2.10674E+01	5.39986E-02
8.00000E-01	2.13483E+01	5.31694E-02
8.00000E-01	2.16292E+01	5.23616E-02
8.00000E-01	2.19101E+01	5.15734E-02
8.00000E-01	2.21910E+01	5.08039E-02
8.00000E-01	2.24719E+01	5.00539E-02
8.00000E-01	2.27528E+01	4.93221E-02
8.00000E-01	2.30337E+01	4.86066E-02
8.00000E-01	2.33146E+01	4.79071E-02
8.00000E-01	2.35955E+01	4.72240E-02
8.00000E-01	2.38764E+01	4.65565E-02
8.00000E-01	2.41573E+01	4.59043E-02
8.00000E-01	2.44382E+01	4.52681E-02
8.00000E-01	2.47191E+01	4.46473E-02
8.00000E-01	2.50000E+01	4.40406E-02
9.00000E-01	0.00000E+00	1.00985E+00
9.00000E-01	2.80899E-01	1.01170E+00
9.00000E-01	5.61798E-01	9.52235E-01
9.00000E-01	8.42697E-01	8.56606E-01
9.00000E-01	1.12360E+00	7.69992E-01
9.00000E-01	1.40449E+00	6.93487E-01
9.00000E-01	1.68539E+00	6.23936E-01
9.00000E-01	1.96629E+00	5.61905E-01
9.00000E-01	2.24719E+00	5.08352E-01
9.00000E-01	2.52809E+00	4.63122E-01
9.00000E-01	2.80899E+00	4.25145E-01
9.00000E-01	3.08989E+00	3.93056E-01
9.00000E-01	3.37079E+00	3.65562E-01
9.00000E-01	3.65169E+00	3.41615E-01
9.00000E-01	3.93258E+00	3.20434E-01
9.00000E-01	4.21348E+00	3.01501E-01
9.00000E-01	4.49438E+00	2.84457E-01
9.00000E-01	4.77528E+00	2.69009E-01
9.00000E-01	5.05618E+00	2.54966E-01
9.00000E-01	5.33708E+00	2.42138E-01
9.00000E-01	5.61798E+00	2.30398E-01
9.00000E-01	5.89888E+00	2.19603E-01
9.00000E-01	6.17978E+00	2.09640E-01
9.00000E-01	6.46067E+00	2.00375E-01
9.00000E-01	6.74157E+00	1.91745E-01
9.00000E-01	7.02247E+00	1.83671E-01
9.00000E-01	7.30337E+00	1.76133E-01
9.00000E-01	7.58427E+00	1.69073E-01
9.00000E-01	7.86517E+00	1.62457E-01
9.00000E-01	8.14607E+00	1.56236E-01
9.00000E-01	8.42697E+00	1.50349E-01
9.00000E-01	8.70787E+00	1.44786E-01
9.00000E-01	8.98876E+00	1.39544E-01
9.00000E-01	9.26966E+00	1.34614E-01
9.00000E-01	9.55056E+00	1.29991E-01
9.00000E-01	9.83146E+00	1.25666E-01
9.00000E-01	1.01124E+01	1.21614E-01
9.00000E-01	1.03933E+01	1.17821E-01
9.00000E-01	1.06742E+01	1.14268E-01
9.00000E-01	1.09551E+01	1.10937E-01
9.00000E-01	1.12360E+01	1.07806E-01
9.00000E-01	1.15169E+01	1.04859E-01
9.00000E-01	1.17978E+01	1.02086E-01
9.00000E-01	1.20787E+01	9.94635E-02
9.00000E-01	1.23596E+01	9.69804E-02
9.00000E-01	1.26404E+01	9.46286E-02
9.00000E-01	1.29213E+01	9.23927E-02
9.00000E-01	1.32022E+01	9.02653E-02
9.00000E-01	1.34831E+01	8.82396E-02
9.00000E-01	1.37640E+01	8.63021E-02
9.00000E-01	1.40449E+01	8.44447E-02
9.00000E-01	1.43258E+01	8.26673E-02
9.00000E-01	1.46067E+01	8.09650E-02
9.00000E-01	1.48876E+01	7.93238E-02
9.00000E-01	1.51685E+01	7.77386E-02
9.00000E-01	1.54494E+01	7.62130E-02
9.00000E-01	1.57303E+01	7.47426E-02
9.00000E-01	1.60112E+01	7.33212E-02
9.00000E-01	1.62921E+01	7.19467E-02
9.00000E-01	1.65730E+01	7.06152E-02
9.00000E-01	1.68539E+01	6.93220E-02
9.00000E-01	1.71348E+01	6.80671E-02
9.00000E-01	1.74157E+01	6.68524E-02
9.00000E-01	1.76966E+01	6.56757E-02
9.00000E-01	1.79775E+01	6.45329E-02
9.00000E-01	1.82584E+01	6.34221E-02
9.00000E-01	1.85393E+01	6.23421E-02
9.00000E-01	1.88202E+01	6.12914E-02
9.00000E-01	1.91011E+01	6.02691E-02
9.00000E-01	1.93820E+01	5.92767E-02
9.00000E-01	1.96629E+01	5.83129E-02
9.00000E-01	1.99438E+01	5.73753E-02
9.00000E-01	2.02247E+01	5.64622E-02
9.00000E-01	2.05056E+01	5.55727E-02
9.00000E-01	2.07865E+01	5.47041E-02
9.00000E-01	2.10674E+01	5.38554E-02
9.00000E-01	2.13483E+01	5.30284E-02
9.00000E-01	2.16292E+01	5.22227E-02
9.00000E-01	2.19101E+01	5.14366E-02
9.00000E-01	2.21910E+01	5.06692E-02
9.00000E-01	2.24719E+01	4.99211E-02
9.00000E-01	2.27528E+01	4.91913E-02
9.00000E-01	2.30337E+01	4.84777E-02
9.00000E-01	2.33146E+01	4.77801E-02
9.00000E-01	2.35955E+01	4.70988E-02
9.00000E-01	2.38764E+01	4.64331E-02
9.00000E-01	2.41573E+01	4.57826E-02
9.00000E-01	2.44382E+01	4.51481E-02
9.00000E-01	2.47191E+01	4.45289E-02
9.00000E-01	2.50000E+01	4.39239E-02
1.00000E+00	0.00000E+00	1.00871E+00
1.00000E+00	2.80899E-01	1.00546E+00
1.00000E+00	5.61798E-01	9.46514E-01
1.00000E+00	8.42697E-01	8.52201E-01
1.00000E+00	1.12360E+00	7.67027E-01
1.00000E+00	1.40449E+00	6.91293E-01
1.00000E+00	1.68539E+00	6.22262E-01
1.00000E+00	1.96629E+00	5.60619E-01
1.00000E+00	2.24719E+00	5.07330E-01
1.00000E+00	2.52809E+00	4.62271E-01
1.00000E+00	2.80899E+00	4.24407E-01
1.00000E+00	3.08989E+00	3.92395E-01
1.00000E+00	3.37079E+00	3.64958E-01
1.00000E+00	3.65169E+00	3.41056E-01
1.00000E+00	3.93258E+00	3.19917E-01
1.00000E+00	4.21348E+00	3.01020E-01
1.00000E+00	4.49438E+00	2.84007E-01
1.00000E+00	4.77528E+00	2.68588E-01
1.00000E+00	5.05618E+00	2.54569E-01
1.00000E+00	5.33708E+00	2.41765E-01
1.00000E+00	5.61798E+00	2.30044E-01
1.00000E+00	5.89888E+00	2.19267E-01
1.00000E+00	6.17978E+00	2.09320E-01
1.00000E+00	6.46067E+00	2.00070E-01
1.00000E+00	6.74157E+00	1.91453E-01
1.00000E+00	7.02247E+00	1.83393E-01
1.00000E+00	7.30337E+00	1.75867E-01
1.00000E+00	7.58427E+00	1.68818E-01
1.00000E+00	7.86517E+00	1.62212E-01
1.00000E+00	8.14607E+00	1.56001E-01
1.00000E+00	8.42697E+00	1.50124E-01
1.00000E+00	8.70787E+00	1.44570E-01
1.00000E+00	8.98876E+00	1.39336E-01
1.00000E+00	9.26966E+00	1.34415E-01
1.00000E+00	9.55056E+00	1.29799E-01
1.00000E+00	9.83146E+00	1.25481E-01
1.00000E+00	1.01124E+01	1.21435E-01
1.00000E+00	1.03933E+01	1.17647E-01
1.00000E+00	1.06742E+01	1.14100E-01
1.00000E+00	1.09551E+01	1.10774E-01
1.00000E+00	1.12360E+01	1.07648E-01
1.00000E+00	1.15169E+01	1.04706E-01
1.00000E+00	1.17978E+01	1.01936E-01
1.00000E+00	1.20787E+01	9.93173E-02
1.00000E+00	1.23596E+01	9.68379E-02
1.00000E+00	1.26404E+01	9.44894E-02
1.00000E+00	1.29213E+01	9.22569E-02
1.00000E+00	1.32022E+01	9.01326E-02
1.00000E+00	1.34831E+01	8.81097E-02
1.00000E+00	1.37640E+01	8.61750E-02
1.00000E+00	1.40449E+01	8.43205E-02
1.00000E+00	1.43258E+01	8.25457E-02
1.00000E+00	1.46067E+01	8.08457E-02
1.00000E+00	1.48876E+01	7.92069E-02
1.00000E+00	1.51685E+01	7.76243E-02
1.00000E+00	1.54494E+01	7.61009E-02
1.00000E+00	1.57303E+01	7.46325E-02
1.00000E+00	1.60112E+01	7.32133E-02
1.00000E+00	1.62921E+01	7.18408E-02
1.00000E+00	1.65730E+01	7.05111E-02
1.00000E+00	1.68539E+01	6.92199E-02
1.00000E+00	1.71348E+01	6.79670E-02
1.00000E+00	1.74157E+01	6.67541E-02
1.00000E+00	1.76966E+01	6.55790E-02
1.00000E+00	1.79775E+01	6.44379E-02
1.00000E+00	1.82584E+01	6.33288E-02
1.00000E+00	1.85393E+01	6.22504E-02
1.00000E+00	1.88202E+01	6.12012E-02
1.00000E+00	1.91011E+01	6.01806E-02
1.00000E+00	1.93820E+01	5.91896E-02
1.00000E+00	1.96629E+01	5.82272E-02
1.00000E+00	1.99438E+01	5.72909E-02
1.00000E+00	2.02247E+01	5.63792E-02
1.00000E+00	2.05056E+01	5.54910E-02
1.00000E+00	2.07865E+01	5.46236E-02
1.00000E+00	2.10674E+01	5.37763E-02
1.00000E+00	2.13483E+01	5.29505E-02
1.00000E+00	2.16292E+01	5.21460E-02
1.00000E+00	2.19101E+01	5.13610E-02
1.00000E+00	2.21910E+01	5.05948E-02
1.00000E+00	2.24719E+01	4.98478E-02
1.00000E+00	2.27528E+01	4.91190E-02
1.00000E+00	2.30337E+01	4.84065E-02
1.00000E+00	2.33146E+01	4.77099E-02
1.00000E+00	2.35955E+01	4.70296E-02
1.00000E+00	2.38764E+01	4.63649E-02
1.00000E+00	2.41573E+01	4.57154E-02
1.00000E+00	2.44382E+01	4.50819E-02
1.00000E+00	2.47191E+01	4.44636E-02
1.00000E+00	2.50000E+01	4.38594E-02
1.50000E+00	0.00000E+00	1.00273E+00
1.50000E+00	2.80899E-01	9.78058E-01
1.50000E+00	5.61798E-01	9.31989E-01
1.50000E+00	8.42697E-01	8.40449E-01
1.50000E+00	1.12360E+00	7.58830E-01
1.50000E+00	1.40449E+00	6.86494E-01
1.50000E+00	1.68539E+00	6.20028E-01
1.50000E+00	1.96629E+00	5.60139E-01
1.50000E+00	2.24719E+00	5.07896E-01
1.50000E+00	2.52809E+00	4.63369E-01
1.50000E+00	2.80899E+00	4.25729E-01
1.50000E+00	3.08989E+00	3.93781E-01
1.50000E+00	3.37079E+00	3.66333E-01
1.50000E+00	3.65169E+00	3.42393E-01
1.50000E+00	3.93258E+00	3.21216E-01
1.50000E+00	4.21348E+00	3.02283E-01
1.50000E+00	4.49438E+00	2.85228E-01
1.50000E+00	4.77528E+00	2.69774E-01
1.50000E+00	5.05618E+00	2.55713E-01
1.50000E+00	5.33708E+00	2.42871E-01
1.50000E+00	5.61798E+00	2.31108E-01
1.50000E+00	5.89888E+00	2.20291E-01
1.50000E+00	6.17978E+00	2.10299E-01
1.50000E+00	6.46067E+00	2.01014E-01
1.50000E+00	6.74157E+00	1.92361E-01
1.50000E+00	7.02247E+00	1.84273E-01
1.50000E+00	7.30337E+00	1.76714E-01
1.50000E+00	7.58427E+00	1.69637E-01
1.50000E+00	7.86517E+00	1.63000E-01
1.50000E+00	8.14607E+00	1.56757E-01
1.50000E+00	8.42697E+00	1.50856E-01
1.50000E+00	8.70787E+00	1.45282E-01
1.50000E+00	8.98876E+00	1.40028E-01
1.50000E+00	9.26966E+00	1.35087E-01
1.50000E+00	9.55056E+00	1.30453E-01
1.50000E+00	9.83146E+00	1.26115E-01
1.50000E+00	1.01124E+01	1.22051E-01
1.50000E+00	1.03933E+01	1.18245E-01
1.50000E+00	1.06742E+01	1.14681E-01
1.50000E+00	1.09551E+01	1.11338E-01
1.50000E+00	1.12360E+01	1.08196E-01
1.50000E+00	1.15169E+01	1.05240E-01
1.50000E+00	1.17978E+01	1.02455E-01
1.50000E+00	1.20787E+01	9.98231E-02
1.50000E+00	1.23596E+01	9.73315E-02
1.50000E+00	1.26404E+01	9.49703E-02
1.50000E+00	1.29213E+01	9.27266E-02
1.50000E+00	1.32022E+01	9.05917E-02
1.50000E+00	1.34831E+01	8.85575E-02
1.50000E+00	1.37640E+01	8.66127E-02
1.50000E+00	1.40449E+01	8.47496E-02
1.50000E+00	1.43258E+01	8.29659E-02
1.50000E+00	1.46067E+01	8.12557E-02
1.50000E+00	1.48876E+01	7.96084E-02
1.50000E+00	1.51685E+01	7.80189E-02
1.50000E+00	1.54494E+01	7.64877E-02
1.50000E+00	1.57303E+01	7.50115E-02
1.50000E+00	1.60112E+01	7.35852E-02
1.50000E+00	1.62921E+01	7.22055E-02
1.50000E+00	1.65730E+01	7.08687E-02
1.50000E+00	1.68539E+01	6.95713E-02
1.50000E+00	1.71348E+01	6.83128E-02
1.50000E+00	1.74157E+01	6.70938E-02
1.50000E+00	1.76966E+01	6.59124E-02
1.50000E+00	1.79775E+01	6.47655E-02
1.50000E+00	1.82584E+01	6.36508E-02
1.50000E+00	1.85393E+01	6.25669E-02
1.50000E+00	1.88202E+01	6.15126E-02
1.50000E+00	1.91011E+01	6.04872E-02
1.50000E+00	1.93820E+01	5.94912E-02
1.50000E+00	1.96629E+01	5.85238E-02
1.50000E+00	1.99438E+01	5.75827E-02
1.50000E+00	2.02247E+01	5.66663E-02
1.50000E+00	2.05056E+01	5.57733E-02
1.50000E+00	2.07865E+01	5.49016E-02
1.50000E+00	2.10674E+01	5.40503E-02
1.50000E+00	2.13483E+01	5.32205E-02
1.50000E+00	2.16292E+01	5.24117E-02
1.50000E+00	2.19101E+01	5.16228E-02
1.50000E+00	2.21910E+01	5.08529E-02
1.50000E+00	2.24719E+01	5.01021E-02
1.50000E+00	2.27528E+01	4.93694E-02
1.50000E+00	2.30337E+01	4.86533E-02
1.50000E+00	2.33146E+01	4.79533E-02
1.50000E+00	2.35955E+01	4.72696E-02
1.50000E+00	2.38764E+01	4.66015E-02
1.50000E+00	2.41573E+01	4.59490E-02
1.50000E+00	2.44382E+01	4.53122E-02
1.50000E+00	2.47191E+01	4.46906E-02
1.50000E+00	2.50000E+01	4.40834E-02
2.00000E+00	0.00000E+00	9.95954E-01
2.00000E+00	2.80899E-01	9.65598E-01
2.00000E+00	5.61798E-01	9.18506E-01
2.00000E+00	8.42697E-01	8.41110E-01
2.00000E+00	1.12360E+00	7.59708E-01
2.00000E+00	1.40449E+00	6.88146E-01
2.00000E+00	1.68539E+00	6.23563E-01
2.00000E+00	1.96629E+00	5.65312E-01
2.00000E+00	2.24719E+00	5.14028E-01
2.00000E+00	2.52809E+00	4.69865E-01
2.00000E+00	2.80899E+00	4.32215E-01
2.00000E+00	3.08989E+00	4.00063E-01
2.00000E+00	3.37079E+00	3.72336E-01
2.00000E+00	3.65169E+00	3.48104E-01
2.00000E+00	3.93258E+00	3.26651E-01
2.00000E+00	4.21348E+00	3.07461E-01
2.00000E+00	4.49438E+00	2.90165E-01
2.00000E+00	4.77528E+00	2.74488E-01
2.00000E+00	5.05618E+00	2.60216E-01
2.00000E+00	5.33708E+00	2.47177E-01
2.00000E+00	5.61798E+00	2.35225E-01
2.00000E+00	5.89888E+00	2.24229E-01
2.00000E+00	6.17978E+00	2.14065E-01
2.00000E+00	6.46067E+00	2.04625E-01
2.00000E+00	6.74157E+00	1.95825E-01
2.00000E+00	7.02247E+00	1.87603E-01
2.00000E+00	7.30337E+00	1.79916E-01
2.00000E+00	7.58427E+00	1.72717E-01
2.00000E+00	7.86517E+00	1.65962E-01
2.00000E+00	8.14607E+00	1.59607E-01
2.00000E+00	8.42697E+00	1.53605E-01
2.00000E+00	8.70787E+00	1.47938E-01
2.00000E+00	8.98876E+00	1.42596E-01
2.00000E+00	9.26966E+00	1.37572E-01
2.00000E+00	9.55056E+00	1.32859E-01
2.00000E+00	9.83146E+00	1.28444E-01
2.00000E+00	1.01124E+01	1.24308E-01
2.00000E+00	1.03933E+01	1.20434E-01
2.00000E+00	1.06742E+01	1.16805E-01
2.00000E+00	1.09551E+01	1.13400E-01
2.00000E+00	1.12360E+01	1.10201E-01
2.00000E+00	1.15169E+01	1.07190E-01
2.00000E+00	1.17978E+01	1.04353E-01
2.00000E+00	1.20787E+01	1.01673E-01
2.00000E+00	1.23596E+01	9.91352E-02
2.00000E+00	1.26404E+01	9.67298E-02
2.00000E+00	1.29213E+01	9.44446E-02
2.00000E+00	1.32022E+01	9.22701E-02
2.00000E+00	1.34831E+01	9.01974E-02
2.00000E+00	1.37640E+01	8.82164E-02
2.00000E+00	1.40449E+01	8.63194E-02
2.00000E+00	1.43258E+01	8.45026E-02
2.00000E+00	1.46067E+01	8.27596E-02
2.00000E+00	1.48876E+01	8.10816E-02
2.00000E+00	1.51685E+01	7.94635E-02
2.00000E+00	1.54494E+01	7.79041E-02
2.00000E+00	1.57303E+01	7.64003E-02
2.00000E+00	1.60112E+01	7.49474E-02
2.00000E+00	1.62921E+01	7.35420E-02
2.00000E+00	1.65730E+01	7.21803E-02
2.00000E+00	1.68539E+01	7.08593E-02
2.00000E+00	1.71348E+01	6.95781E-02
2.00000E+00	1.74157E+01	6.83367E-02
2.00000E+00	1.76966E+01	6.71332E-02
2.00000E+00	1.79775E+01	6.59650E-02
2.00000E+00	1.82584E+01	6.48297E-02
2.00000E+00	1.85393E+01	6.37259E-02
2.00000E+00	1.88202E+01	6.26523E-02
2.00000E+00	1.91011E+01	6.16084E-02
2.00000E+00	1.93820E+01	6.05941E-02
2.00000E+00	1.96629E+01	5.96086E-02
2.00000E+00	1.99438E+01	5.86499E-02
2.00000E+00	2.02247E+01	5.77165E-02
2.00000E+00	2.05056E+01	5.68068E-02
2.00000E+00	2.07865E+01	5.59190E-02
2.00000E+00	2.10674E+01	5.50524E-02
2.00000E+00	2.13483E+01	5.42073E-02
2.00000E+00	2.16292E+01	5.33835E-02
2.00000E+00	2.19101E+01	5.25800E-02
2.00000E+00	2.21910E+01	5.17960E-02
2.00000E+00	2.24719E+01	5.10312E-02
2.00000E+00	2.27528E+01	5.02848E-02
2.00000E+00	2.30337E+01	4.95555E-02
2.00000E+00	2.33146E+01	4.88427E-02
2.00000E+00	2.35955E+01	4.81464E-02
2.00000E+00	2.38764E+01	4.74660E-02
2.00000E+00	2.41573E+01	4.68016E-02
2.00000E+00	2.44382E+01	4.61530E-02
2.00000E+00	2.47191E+01	4.55199E-02
2.00000E+00	2.50000E+01	4.49014E-02
2.50000E+00	0.00000E+00	9.88752E-01
2.50000E+00	2.80899E-01	9.56703E-01
2.50000E+00	5.61798E-01	9.05082E-01
2.50000E+00	8.42697E-01	8.42849E-01
2.50000E+00	1.12360E+00	7.66555E-01
2.50000E+00	1.40449E+00	6.94686E-01
2.50000E+00	1.68539E+00	6.30512E-01
2.50000E+00	1.96629E+00	5.73283E-01
2.50000E+00	2.24719E+00	5.22831E-01
2.50000E+00	2.52809E+00	4.79039E-01
2.50000E+00	2.80899E+00	4.41370E-01
2.50000E+00	3.08989E+00	4.08963E-01
2.50000E+00	3.37079E+00	3.80872E-01
2.50000E+00	3.65169E+00	3.56248E-01
2.50000E+00	3.93258E+00	3.34412E-01
2.50000E+00	4.21348E+00	3.14860E-01
2.50000E+00	4.49438E+00	2.97224E-01
2.50000E+00	4.77528E+00	2.81228E-01
2.50000E+00	5.05618E+00	2.66656E-01
2.50000E+00	5.33708E+00	2.53334E-01
2.50000E+00	5.61798E+00	2.41114E-01
2.50000E+00	5.89888E+00	2.29862E-01
2.50000E+00	6.17978E+00	2.19458E-01
2.50000E+00	6.46067E+00	2.09793E-01
2.50000E+00	6.74157E+00	2.00785E-01
2.50000E+00	7.02247E+00	1.92370E-01
2.50000E+00	7.30337E+00	1.84498E-01
2.50000E+00	7.58427E+00	1.77124E-01
2.50000E+00	7.86517E+00	1.70203E-01
2.50000E+00	8.14607E+00	1.63689E-01
2.50000E+00	8.42697E+00	1.57542E-01
2.50000E+00	8.70787E+00	1.51740E-01
2.50000E+00	8.98876E+00	1.46271E-01
2.50000E+00	9.26966E+00	1.41128E-01
2.50000E+00	9.55056E+00	1.36300E-01
2.50000E+00	9.83146E+00	1.31776E-01
2.50000E+00	1.01124E+01	1.27537E-01
2.50000E+00	1.03933E+01	1.23565E-01
2.50000E+00	1.06742E+01	1.19843E-01
2.50000E+00	1.09551E+01	1.16351E-01
2.50000E+00	1.12360E+01	1.13069E-01
2.50000E+00	1.15169E+01	1.09981E-01
2.50000E+00	1.17978E+01	1.07070E-01
2.50000E+00	1.20787E+01	1.04319E-01
2.50000E+00	1.23596E+01	1.01716E-01
2.50000E+00	1.26404E+01	9.92478E-02
2.50000E+00	1.29213E+01	9.69030E-02
2.50000E+00	1.32022E+01	9.46718E-02
2.50000E+00	1.34831E+01	9.25445E-02
2.50000E+00	1.37640E+01	9.05118E-02
2.50000E+00	1.40449E+01	8.85658E-02
2.50000E+00	1.43258E+01	8.67015E-02
2.50000E+00	1.46067E+01	8.49122E-02
2.50000E+00	1.48876E+01	8.31904E-02
2.50000E+00	1.51685E+01	8.15309E-02
2.50000E+00	1.54494E+01	7.99311E-02
2.50000E+00	1.57303E+01	7.83880E-02
2.50000E+00	1.60112E+01	7.68972E-02
2.50000E+00	1.62921E+01	7.54550E-02
2.50000E+00	1.65730E+01	7.40579E-02
2.50000E+00	1.68539E+01	7.27030E-02
2.50000E+00	1.71348E+01	7.13891E-02
2.50000E+00	1.74157E+01	7.01155E-02
2.50000E+00	1.76966E+01	6.88806E-02
2.50000E+00	1.79775E+01	6.76819E-02
2.50000E+00	1.82584E+01	6.65172E-02
2.50000E+00	1.85393E+01	6.53848E-02
2.50000E+00	1.88202E+01	6.42836E-02
2.50000E+00	1.91011E+01	6.32130E-02
2.50000E+00	1.93820E+01	6.21725E-02
2.50000E+00	1.96629E+01	6.11612E-02
2.50000E+00	1.99438E+01	6.01775E-02
2.50000E+00	2.02247E+01	5.92197E-02
2.50000E+00	2.05056E+01	5.82861E-02
2.50000E+00	2.07865E+01	5.73753E-02
2.50000E+00	2.10674E+01	5.64865E-02
2.50000E+00	2.13483E+01	5.56197E-02
2.50000E+00	2.16292E+01	5.47745E-02
2.50000E+00	2.19101E+01	5.39501E-02
2.50000E+00	2.21910E+01	5.31458E-02
2.50000E+00	2.24719E+01	5.23611E-02
2.50000E+00	2.27528E+01	5.15952E-02
2.50000E+00	2.30337E+01	5.08469E-02
2.50000E+00	2.33146E+01	5.01157E-02
2.50000E+00	2.35955E+01	4.94013E-02
2.50000E+00	2.38764E+01	4.87035E-02
2.50000E+00	2.41573E+01	4.80219E-02
2.50000E+00	2.44382E+01	4.73565E-02
2.50000E+00	2.47191E+01	4.67068E-02
2.50000E+00	2.50000E+01	4.60722E-02
3.00000E+00	0.00000E+00	9.81606E-01
3.00000E+00	2.80899E-01	9.49078E-01
3.00000E+00	5.61798E-01	8.96229E-01
3.00000E+00	8.42697E-01	8.41342E-01
3.00000E+00	1.12360E+00	7.74179E-01
3.00000E+00	1.40449E+00	7.04290E-01
3.00000E+00	1.68539E+00	6.40097E-01
3.00000E+00	1.96629E+00	5.83106E-01
3.00000E+00	2.24719E+00	5.33068E-01
3.00000E+00	2.52809E+00	4.89525E-01
3.00000E+00	2.80899E+00	4.51839E-01
3.00000E+00	3.08989E+00	4.19200E-01
3.00000E+00	3.37079E+00	3.90755E-01
3.00000E+00	3.65169E+00	3.65726E-01
3.00000E+00	3.93258E+00	3.43479E-01
3.00000E+00	4.21348E+00	3.23529E-01
3.00000E+00	4.49438E+00	3.05512E-01
3.00000E+00	4.77528E+00	2.89154E-01
3.00000E+00	5.05618E+00	2.74239E-01
3.00000E+00	5.33708E+00	2.60592E-01
3.00000E+00	5.61798E+00	2.48061E-01
3.00000E+00	5.89888E+00	2.36514E-01
3.00000E+00	6.17978E+00	2.25831E-01
3.00000E+00	6.46067E+00	2.15905E-01
3.00000E+00	6.74157E+00	2.06654E-01
3.00000E+00	7.02247E+00	1.98010E-01
3.00000E+00	7.30337E+00	1.89922E-01
3.00000E+00	7.58427E+00	1.82343E-01
3.00000E+00	7.86517E+00	1.75226E-01
3.00000E+00	8.14607E+00	1.68527E-01
3.00000E+00	8.42697E+00	1.62209E-01
3.00000E+00	8.70787E+00	1.56247E-01
3.00000E+00	8.98876E+00	1.50629E-01
3.00000E+00	9.26966E+00	1.45344E-01
3.00000E+00	9.55056E+00	1.40382E-01
3.00000E+00	9.83146E+00	1.35729E-01
3.00000E+00	1.01124E+01	1.31368E-01
3.00000E+00	1.03933E+01	1.27282E-01
3.00000E+00	1.06742E+01	1.23450E-01
3.00000E+00	1.09551E+01	1.19854E-01
3.00000E+00	1.12360E+01	1.16475E-01
3.00000E+00	1.15169E+01	1.13294E-01
3.00000E+00	1.17978E+01	1.10295E-01
3.00000E+00	1.20787E+01	1.07462E-01
3.00000E+00	1.23596E+01	1.04780E-01
3.00000E+00	1.26404E+01	1.02238E-01
3.00000E+00	1.29213E+01	9.98222E-02
3.00000E+00	1.32022E+01	9.75235E-02
3.00000E+00	1.34831E+01	9.53318E-02
3.00000E+00	1.37640E+01	9.32376E-02
3.00000E+00	1.40449E+01	9.12332E-02
3.00000E+00	1.43258E+01	8.93125E-02
3.00000E+00	1.46067E+01	8.74687E-02
3.00000E+00	1.48876E+01	8.56949E-02
3.00000E+00	1.51685E+01	8.39858E-02
3.00000E+00	1.54494E+01	8.23382E-02
3.00000E+00	1.57303E+01	8.07484E-02
3.00000E+00	1.60112E+01	7.92126E-02
3.00000E+00	1.62921E+01	7.77268E-02
3.00000E+00	1.65730E+01	7.62877E-02
3.00000E+00	1.68539E+01	7.48925E-02
3.00000E+00	1.71348E+01	7.35396E-02
3.00000E+00	1.74157E+01	7.22280E-02
3.00000E+00	1.76966E+01	7.09559E-02
3.00000E+00	1.79775E+01	6.97211E-02
3.00000E+00	1.82584E+01	6.85214E-02
3.00000E+00	1.85393E+01	6.73552E-02
3.00000E+00	1.88202E+01	6.62212E-02
3.00000E+00	1.91011E+01	6.51187E-02
3.00000E+00	1.93820E+01	6.40471E-02
3.00000E+00	1.96629E+01	6.30054E-02
3.00000E+00	1.99438E+01	6.19919E-02
3.00000E+00	2.02247E+01	6.10051E-02
3.00000E+00	2.05056E+01	6.00433E-02
3.00000E+00	2.07865E+01	5.91052E-02
3.00000E+00	2.10674E+01	5.81899E-02
3.00000E+00	2.13483E+01	5.72972E-02
3.00000E+00	2.16292E+01	5.64266E-02
3.00000E+00	2.19101E+01	5.55775E-02
3.00000E+00	2.21910E+01	5.47491E-02
3.00000E+00	2.24719E+01	5.39408E-02
3.00000E+00	2.27528E+01	5.31517E-02
3.00000E+00	2.30337E+01	5.23809E-02
3.00000E+00	2.33146E+01	5.16278E-02
3.00000E+00	2.35955E+01	5.08921E-02
3.00000E+00	2.38764E+01	5.01733E-02
3.00000E+00	2.41573E+01	4.94714E-02
3.00000E+00	2.44382E+01	4.87860E-02
3.00000E+00	2.47191E+01	4.81168E-02
3.00000E+00	2.50000E+01	4.74630E-02
3.50000E+00	0.00000E+00	9.74766E-01
3.50000E+00	2.80899E-01	9.42378E-01
3.50000E+00	5.61798E-01	8.91759E-01
3.50000E+00	8.42697E-01	8.38285E-01
3.50000E+00	1.12360E+00	7.79482E-01
3.50000E+00	1.40449E+00	7.14389E-01
3.50000E+00	1.68539E+00	6.51287E-01
3.50000E+00	1.96629E+00	5.94359E-01
3.50000E+00	2.24719E+00	5.44329E-01
3.50000E+00	2.52809E+00	5.00779E-01
3.50000E+00	2.80899E+00	4.62979E-01
3.50000E+00	3.08989E+00	4.30098E-01
3.50000E+00	3.37079E+00	4.01317E-01
3.50000E+00	3.65169E+00	3.75903E-01
3.50000E+00	3.93258E+00	3.53256E-01
3.50000E+00	4.21348E+00	3.32908E-01
3.50000E+00	4.49438E+00	3.14506E-01
3.50000E+00	4.77528E+00	2.97776E-01
3.50000E+00	5.05618E+00	2.82504E-01
3.50000E+00	5.33708E+00	2.68513E-01
3.50000E+00	5.61798E+00	2.55654E-01
3.50000E+00	5.89888E+00	2.43793E-01
3.50000E+00	6.17978E+00	2.32812E-01
3.50000E+00	6.46067E+00	2.22606E-01
3.50000E+00	6.74157E+00	2.13091E-01
3.50000E+00	7.02247E+00	2.04201E-01
3.50000E+00	7.30337E+00	1.95879E-01
3.50000E+00	7.58427E+00	1.88076E-01
3.50000E+00	7.86517E+00	1.80747E-01
3.50000E+00	8.14607E+00	1.73848E-01
3.50000E+00	8.42697E+00	1.67344E-01
3.50000E+00	8.70787E+00	1.61209E-01
3.50000E+00	8.98876E+00	1.55427E-01
3.50000E+00	9.26966E+00	1.49988E-01
3.50000E+00	9.55056E+00	1.44879E-01
3.50000E+00	9.83146E+00	1.40086E-01
3.50000E+00	1.01124E+01	1.35592E-01
3.50000E+00	1.03933E+01	1.31379E-01
3.50000E+00	1.06742E+01	1.27427E-01
3.50000E+00	1.09551E+01	1.23718E-01
3.50000E+00	1.12360E+01	1.20231E-01
3.50000E+00	1.15169E+01	1.16949E-01
3.50000E+00	1.17978E+01	1.13853E-01
3.50000E+00	1.20787E+01	1.10929E-01
3.50000E+00	1.23596E+01	1.08161E-01
3.50000E+00	1.26404E+01	1.05536E-01
3.50000E+00	1.29213E+01	1.03043E-01
3.50000E+00	1.32022E+01	1.00670E-01
3.50000E+00	1.34831E+01	9.84068E-02
3.50000E+00	1.37640E+01	9.62449E-02
3.50000E+00	1.40449E+01	9.41759E-02
3.50000E+00	1.43258E+01	9.21929E-02
3.50000E+00	1.46067E+01	9.02892E-02
3.50000E+00	1.48876E+01	8.84581E-02
3.50000E+00	1.51685E+01	8.66942E-02
3.50000E+00	1.54494E+01	8.49937E-02
3.50000E+00	1.57303E+01	8.33526E-02
3.50000E+00	1.60112E+01	8.17672E-02
3.50000E+00	1.62921E+01	8.02335E-02
3.50000E+00	1.65730E+01	7.87481E-02
3.50000E+00	1.68539E+01	7.73083E-02
3.50000E+00	1.71348E+01	7.59124E-02
3.50000E+00	1.74157E+01	7.45588E-02
3.50000E+00	1.76966E+01	7.32458E-02
3.50000E+00	1.79775E+01	7.19712E-02
3.50000E+00	1.82584E+01	7.07330E-02
3.50000E+00	1.85393E+01	6.95295E-02
3.50000E+00	1.88202E+01	6.83593E-02
3.50000E+00	1.91011E+01	6.72217E-02
3.50000E+00	1.93820E+01	6.61157E-02
3.50000E+00	1.96629E+01	6.50404E-02
3.50000E+00	1.99438E+01	6.39942E-02
3.50000E+00	2.02247E+01	6.29754E-02
3.50000E+00	2.05056E+01	6.19826E-02
3.50000E+00	2.07865E+01	6.10143E-02
3.50000E+00	2.10674E+01	6.00698E-02
3.50000E+00	2.13483E+01	5.91485E-02
3.50000E+00	2.16292E+01	5.82500E-02
3.50000E+00	2.19101E+01	5.73736E-02
3.50000E+00	2.21910E+01	5.65186E-02
3.50000E+00	2.24719E+01	5.56842E-02
3.50000E+00	2.27528E+01	5.48696E-02
3.50000E+00	2.30337E+01	5.40740E-02
3.50000E+00	2.33146E+01	5.32968E-02
3.50000E+00	2.35955E+01	5.25375E-02
3.50000E+00	2.38764E+01	5.17957E-02
3.50000E+00	2.41573E+01	5.10713E-02
3.50000E+00	2.44382E+01	5.03639E-02
3.50000E+00	2.47191E+01	4.96731E-02
3.50000E+00	2.50000E+01	4.89983E-02
4.00000E+00	0.00000E+00	9.68313E-01
4.00000E+00	2.80899E-01	9.36388E-01
4.00000E+00	5.61798E-01	8.88873E-01
4.00000E+00	8.42697E-01	8.35612E-01
4.00000E+00	1.12360E+00	7.82273E-01
4.00000E+00	1.40449E+00	7.23082E-01
4.00000E+00	1.68539E+00	6.62716E-01
4.00000E+00	1.96629E+00	6.06447E-01
4.00000E+00	2.24719E+00	5.56373E-01
4.00000E+00	2.52809E+00	5.12614E-01
4.00000E+00	2.80899E+00	4.74549E-01
4.00000E+00	3.08989E+00	4.41354E-01
4.00000E+00	3.37079E+00	4.12219E-01
4.00000E+00	3.65169E+00	3.86427E-01
4.00000E+00	3.93258E+00	3.63395E-01
4.00000E+00	4.21348E+00	3.42665E-01
4.00000E+00	4.49438E+00	3.23888E-01
4.00000E+00	4.77528E+00	3.06792E-01
4.00000E+00	5.05618E+00	2.91166E-01
4.00000E+00	5.33708E+00	2.76832E-01
4.00000E+00	5.61798E+00	2.63641E-01
4.00000E+00	5.89888E+00	2.51462E-01
4.00000E+00	6.17978E+00	2.40175E-01
4.00000E+00	6.46067E+00	2.29681E-01
4.00000E+00	6.74157E+00	2.19895E-01
4.00000E+00	7.02247E+00	2.10747E-01
4.00000E+00	7.30337E+00	2.02182E-01
4.00000E+00	7.58427E+00	1.94147E-01
4.00000E+00	7.86517E+00	1.86597E-01
4.00000E+00	8.14607E+00	1.79490E-01
4.00000E+00	8.42697E+00	1.72791E-01
4.00000E+00	8.70787E+00	1.66474E-01
4.00000E+00	8.98876E+00	1.60521E-01
4.00000E+00	9.26966E+00	1.54919E-01
4.00000E+00	9.55056E+00	1.49656E-01
4.00000E+00	9.83146E+00	1.44716E-01
4.00000E+00	1.01124E+01	1.40082E-01
4.00000E+00	1.03933E+01	1.35736E-01
4.00000E+00	1.06742E+01	1.31658E-01
4.00000E+00	1.09551E+01	1.27828E-01
4.00000E+00	1.12360E+01	1.24227E-01
4.00000E+00	1.15169E+01	1.20837E-01
4.00000E+00	1.17978E+01	1.17640E-01
4.00000E+00	1.20787E+01	1.14618E-01
4.00000E+00	1.23596E+01	1.11759E-01
4.00000E+00	1.26404E+01	1.09047E-01
4.00000E+00	1.29213E+01	1.06470E-01
4.00000E+00	1.32022E+01	1.04018E-01
4.00000E+00	1.34831E+01	1.01680E-01
4.00000E+00	1.37640E+01	9.94457E-02
4.00000E+00	1.40449E+01	9.73078E-02
4.00000E+00	1.43258E+01	9.52587E-02
4.00000E+00	1.46067E+01	9.32914E-02
4.00000E+00	1.48876E+01	9.13993E-02
4.00000E+00	1.51685E+01	8.95770E-02
4.00000E+00	1.54494E+01	8.78200E-02
4.00000E+00	1.57303E+01	8.61245E-02
4.00000E+00	1.60112E+01	8.44863E-02
4.00000E+00	1.62921E+01	8.29017E-02
4.00000E+00	1.65730E+01	8.13672E-02
4.00000E+00	1.68539E+01	7.98800E-02
4.00000E+00	1.71348E+01	7.84381E-02
4.00000E+00	1.74157E+01	7.70399E-02
4.00000E+00	1.76966E+01	7.56835E-02
4.00000E+00	1.79775E+01	7.43667E-02
4.00000E+00	1.82584E+01	7.30875E-02
4.00000E+00	1.85393E+01	7.18443E-02
4.00000E+00	1.88202E+01	7.06356E-02
4.00000E+00	1.91011E+01	6.94606E-02
4.00000E+00	1.93820E+01	6.83181E-02
4.00000E+00	1.96629E+01	6.72071E-02
4.00000E+00	1.99438E+01	6.61260E-02
4.00000E+00	2.02247E+01	6.50733E-02
4.00000E+00	2.05056E+01	6.40474E-02
4.00000E+00	2.07865E+01	6.30471E-02
4.00000E+00	2.10674E+01	6.20714E-02
4.00000E+00	2.13483E+01	6.11198E-02
4.00000E+00	2.16292E+01	6.01916E-02
4.00000E+00	2.19101E+01	5.92862E-02
4.00000E+00	2.21910E+01	5.84028E-02
4.00000E+00	2.24719E+01	5.75407E-02
4.00000E+00	2.27528E+01	5.66990E-02
4.00000E+00	2.30337E+01	5.58771E-02
4.00000E+00	2.33146E+01	5.50741E-02
4.00000E+00	2.35955E+01	5.42897E-02
4.00000E+00	2.38764E+01	5.35235E-02
4.00000E+00	2.41573E+01	5.27751E-02
4.00000E+00	2.44382E+01	5.20443E-02
4.00000E+00	2.47191E+01	5.13305E-02
4.00000E+00	2.50000E+01	5.06332E-02
5.00000E+00	0.00000E+00	9.56556E-01
5.00000E+00	2.80899E-01	9.25959E-01
5.00000E+00	5.61798E-01	8.83931E-01
5.00000E+00	8.42697E-01	8.33784E-01
5.00000E+00	1.12360E+00	7.84439E-01
5.00000E+00	1.40449E+00	7.34601E-01
5.00000E+00	1.68539E+00	6.82238E-01
5.00000E+00	1.96629E+00	6.30076E-01
5.00000E+00	2.24719E+00	5.81248E-01
5.00000E+00	2.52809E+00	5.37341E-01
5.00000E+00	2.80899E+00	4.98592E-01
5.00000E+00	3.08989E+00	4.64553E-01
5.00000E+00	3.37079E+00	4.34555E-01
5.00000E+00	3.65169E+00	4.07931E-01
5.00000E+00	3.93258E+00	3.84107E-01
5.00000E+00	4.21348E+00	3.62625E-01
5.00000E+00	4.49438E+00	3.43126E-01
5.00000E+00	4.77528E+00	3.25335E-01
5.00000E+00	5.05618E+00	3.09031E-01
5.00000E+00	5.33708E+00	2.94039E-01
5.00000E+00	5.61798E+00	2.80206E-01
5.00000E+00	5.89888E+00	2.67404E-01
5.00000E+00	6.17978E+00	2.55518E-01
5.00000E+00	6.46067E+00	2.44452E-01
5.00000E+00	6.74157E+00	2.34120E-01
5.00000E+00	7.02247E+00	2.24454E-01
5.00000E+00	7.30337E+00	2.15395E-01
5.00000E+00	7.58427E+00	2.06889E-01
5.00000E+00	7.86517E+00	1.98891E-01
5.00000E+00	8.14607E+00	1.91359E-01
5.00000E+00	8.42697E+00	1.84261E-01
5.00000E+00	8.70787E+00	1.77569E-01
5.00000E+00	8.98876E+00	1.71263E-01
5.00000E+00	9.26966E+00	1.65327E-01
5.00000E+00	9.55056E+00	1.59744E-01
5.00000E+00	9.83146E+00	1.54499E-01
5.00000E+00	1.01124E+01	1.49574E-01
5.00000E+00	1.03933E+01	1.44951E-01
5.00000E+00	1.06742E+01	1.40609E-01
5.00000E+00	1.09551E+01	1.36528E-01
5.00000E+00	1.12360E+01	1.32688E-01
5.00000E+00	1.15169E+01	1.29071E-01
5.00000E+00	1.17978E+01	1.25659E-01
5.00000E+00	1.20787E+01	1.22434E-01
5.00000E+00	1.23596E+01	1.19380E-01
5.00000E+00	1.26404E+01	1.16484E-01
5.00000E+00	1.29213E+01	1.13732E-01
5.00000E+00	1.32022E+01	1.11112E-01
5.00000E+00	1.34831E+01	1.08614E-01
5.00000E+00	1.37640E+01	1.06228E-01
5.00000E+00	1.40449E+01	1.03944E-01
5.00000E+00	1.43258E+01	1.01755E-01
5.00000E+00	1.46067E+01	9.96529E-02
5.00000E+00	1.48876E+01	9.76318E-02
5.00000E+00	1.51685E+01	9.56856E-02
5.00000E+00	1.54494E+01	9.38093E-02
5.00000E+00	1.57303E+01	9.19985E-02
5.00000E+00	1.60112E+01	9.02488E-02
5.00000E+00	1.62921E+01	8.85565E-02
5.00000E+00	1.65730E+01	8.69180E-02
5.00000E+00	1.68539E+01	8.53305E-02
5.00000E+00	1.71348E+01	8.37914E-02
5.00000E+00	1.74157E+01	8.22988E-02
5.00000E+00	1.76966E+01	8.08506E-02
5.00000E+00	1.79775E+01	7.94446E-02
5.00000E+00	1.82584E+01	7.80789E-02
5.00000E+00	1.85393E+01	7.67517E-02
5.00000E+00	1.88202E+01	7.54616E-02
5.00000E+00	1.91011E+01	7.42072E-02
5.00000E+00	1.93820E+01	7.29875E-02
5.00000E+00	1.96629E+01	7.18009E-02
5.00000E+00	1.99438E+01	7.06462E-02
5.00000E+00	2.02247E+01	6.95217E-02
5.00000E+00	2.05056E+01	6.84260E-02
5.00000E+00	2.07865E+01	6.73578E-02
5.00000E+00	2.10674E+01	6.63160E-02
5.00000E+00	2.13483E+01	6.53000E-02
5.00000E+00	2.16292E+01	6.43090E-02
5.00000E+00	2.19101E+01	6.33421E-02
5.00000E+00	2.21910E+01	6.23987E-02
5.00000E+00	2.24719E+01	6.14780E-02
5.00000E+00	2.27528E+01	6.05791E-02
5.00000E+00	2.30337E+01	5.97013E-02
5.00000E+00	2.33146E+01	5.88439E-02
5.00000E+00	2.35955E+01	5.80063E-02
5.00000E+00	2.38764E+01	5.71882E-02
5.00000E+00	2.41573E+01	5.63892E-02
5.00000E+00	2.44382E+01	5.56087E-02
5.00000E+00	2.47191E+01	5.48463E-02
5.00000E+00	2.50000E+01	5.41016E-02
6.00000E+00	0.00000E+00	9.46152E-01
6.00000E+00	2.80899E-01	9.17025E-01
6.00000E+00	5.61798E-01	8.79211E-01
6.00000E+00	8.42697E-01	8.34208E-01
6.00000E+00	1.12360E+00	7.86617E-01
6.00000E+00	1.40449E+00	7.41303E-01
6.00000E+00	1.68539E+00	6.95725E-01
6.00000E+00	1.96629E+00	6.49471E-01
6.00000E+00	2.24719E+00	6.04161E-01
6.00000E+00	2.52809E+00	5.61615E-01
6.00000E+00	2.80899E+00	5.22880E-01
6.00000E+00	3.08989E+00	4.88194E-01
6.00000E+00	3.37079E+00	4.57301E-01
6.00000E+00	3.65169E+00	4.29746E-01
6.00000E+00	3.93258E+00	4.05040E-01
6.00000E+00	4.21348E+00	3.82747E-01
6.00000E+00	4.49438E+00	3.62504E-01
6.00000E+00	4.77528E+00	3.44020E-01
6.00000E+00	5.05618E+00	3.27062E-01
6.00000E+00	5.33708E+00	3.11443E-01
6.00000E+00	5.61798E+00	2.97005E-01
6.00000E+00	5.89888E+00	2.83617E-01
6.00000E+00	6.17978E+00	2.71166E-01
6.00000E+00	6.46067E+00	2.59554E-01
6.00000E+00	6.74157E+00	2.48700E-01
6.00000E+00	7.02247E+00	2.38533E-01
6.00000E+00	7.30337E+00	2.28993E-01
6.00000E+00	7.58427E+00	2.20027E-01
6.00000E+00	7.86517E+00	2.11590E-01
6.00000E+00	8.14607E+00	2.03642E-01
6.00000E+00	8.42697E+00	1.96149E-01
6.00000E+00	8.70787E+00	1.89083E-01
6.00000E+00	8.98876E+00	1.82424E-01
6.00000E+00	9.26966E+00	1.76151E-01
6.00000E+00	9.55056E+00	1.70247E-01
6.00000E+00	9.83146E+00	1.64694E-01
6.00000E+00	1.01124E+01	1.59475E-01
6.00000E+00	1.03933E+01	1.54569E-01
6.00000E+00	1.06742E+01	1.49957E-01
6.00000E+00	1.09551E+01	1.45619E-01
6.00000E+00	1.12360E+01	1.41534E-01
6.00000E+00	1.15169E+01	1.37683E-01
6.00000E+00	1.17978E+01	1.34048E-01
6.00000E+00	1.20787E+01	1.30611E-01
6.00000E+00	1.23596E+01	1.27356E-01
6.00000E+00	1.26404E+01	1.24268E-01
6.00000E+00	1.29213E+01	1.21333E-01
6.00000E+00	1.32022E+01	1.18539E-01
6.00000E+00	1.34831E+01	1.15875E-01
6.00000E+00	1.37640E+01	1.13329E-01
6.00000E+00	1.40449E+01	1.10892E-01
6.00000E+00	1.43258E+01	1.08557E-01
6.00000E+00	1.46067E+01	1.06315E-01
6.00000E+00	1.48876E+01	1.04159E-01
6.00000E+00	1.51685E+01	1.02083E-01
6.00000E+00	1.54494E+01	1.00082E-01
6.00000E+00	1.57303E+01	9.81505E-02
6.00000E+00	1.60112E+01	9.62846E-02
6.00000E+00	1.62921E+01	9.44799E-02
6.00000E+00	1.65730E+01	9.27329E-02
6.00000E+00	1.68539E+01	9.10404E-02
6.00000E+00	1.71348E+01	8.93998E-02
6.00000E+00	1.74157E+01	8.78086E-02
6.00000E+00	1.76966E+01	8.62646E-02
6.00000E+00	1.79775E+01	8.47656E-02
6.00000E+00	1.82584E+01	8.33096E-02
6.00000E+00	1.85393E+01	8.18947E-02
6.00000E+00	1.88202E+01	8.05194E-02
6.00000E+00	1.91011E+01	7.91822E-02
6.00000E+00	1.93820E+01	7.78816E-02
6.00000E+00	1.96629E+01	7.66162E-02
6.00000E+00	1.99438E+01	7.53846E-02
6.00000E+00	2.02247E+01	7.41851E-02
6.00000E+00	2.05056E+01	7.30164E-02
6.00000E+00	2.07865E+01	7.18772E-02
6.00000E+00	2.10674E+01	7.07664E-02
6.00000E+00	2.13483E+01	6.96830E-02
6.00000E+00	2.16292E+01	6.86262E-02
6.00000E+00	2.19101E+01	6.75951E-02
6.00000E+00	2.21910E+01	6.65890E-02
6.00000E+00	2.24719E+01	6.56070E-02
6.00000E+00	2.27528E+01	6.46483E-02
6.00000E+00	2.30337E+01	6.37121E-02
6.00000E+00	2.33146E+01	6.27977E-02
6.00000E+00	2.35955E+01	6.19046E-02
6.00000E+00	2.38764E+01	6.10322E-02
6.00000E+00	2.41573E+01	6.01801E-02
6.00000E+00	2.44382E+01	5.93477E-02
6.00000E+00	2.47191E+01	5.85345E-02
6.00000E+00	2.50000E+01	5.77400E-02
7.00000E+00	0.00000E+00	9.36887E-01
7.00000E+00	2.80899E-01	9.09209E-01
7.00000E+00	5.61798E-01	8.74708E-01
7.00000E+00	8.42697E-01	8.34250E-01
7.00000E+00	1.12360E+00	7.90182E-01
7.00000E+00	1.40449E+00	7.46709E-01
7.00000E+00	1.68539E+00	7.05206E-01
7.00000E+00	1.96629E+00	6.63968E-01
7.00000E+00	2.24719E+00	6.22997E-01
7.00000E+00	2.52809E+00	5.83246E-01
7.00000E+00	2.80899E+00	5.45776E-01
7.00000E+00	3.08989E+00	5.11258E-01
7.00000E+00	3.37079E+00	4.79901E-01
7.00000E+00	3.65169E+00	4.51584E-01
7.00000E+00	3.93258E+00	4.26025E-01
7.00000E+00	4.21348E+00	4.02889E-01
7.00000E+00	4.49438E+00	3.81856E-01
7.00000E+00	4.77528E+00	3.62642E-01
7.00000E+00	5.05618E+00	3.45010E-01
7.00000E+00	5.33708E+00	3.28762E-01
7.00000E+00	5.61798E+00	3.13731E-01
7.00000E+00	5.89888E+00	2.99779E-01
7.00000E+00	6.17978E+00	2.86789E-01
7.00000E+00	6.46067E+00	2.74663E-01
7.00000E+00	6.74157E+00	2.63315E-01
7.00000E+00	7.02247E+00	2.52674E-01
7.00000E+00	7.30337E+00	2.42679E-01
7.00000E+00	7.58427E+00	2.33277E-01
7.00000E+00	7.86517E+00	2.24422E-01
7.00000E+00	8.14607E+00	2.16075E-01
7.00000E+00	8.42697E+00	2.08203E-01
7.00000E+00	8.70787E+00	2.00777E-01
7.00000E+00	8.98876E+00	1.93773E-01
7.00000E+00	9.26966E+00	1.87172E-01
7.00000E+00	9.55056E+00	1.80953E-01
7.00000E+00	9.83146E+00	1.75098E-01
7.00000E+00	1.01124E+01	1.69588E-01
7.00000E+00	1.03933E+01	1.64403E-01
7.00000E+00	1.06742E+01	1.59523E-01
7.00000E+00	1.09551E+01	1.54927E-01
7.00000E+00	1.12360E+01	1.50597E-01
7.00000E+00	1.15169E+01	1.46511E-01
7.00000E+00	1.17978E+01	1.42651E-01
7.00000E+00	1.20787E+01	1.39000E-01
7.00000E+00	1.23596E+01	1.35540E-01
7.00000E+00	1.26404E+01	1.32257E-01
7.00000E+00	1.29213E+01	1.29136E-01
7.00000E+00	1.32022E+01	1.26164E-01
7.00000E+00	1.34831E+01	1.23329E-01
7.00000E+00	1.37640E+01	1.20620E-01
7.00000E+00	1.40449E+01	1.18027E-01
7.00000E+00	1.43258E+01	1.15542E-01
7.00000E+00	1.46067E+01	1.13156E-01
7.00000E+00	1.48876E+01	1.10862E-01
7.00000E+00	1.51685E+01	1.08654E-01
7.00000E+00	1.54494E+01	1.06525E-01
7.00000E+00	1.57303E+01	1.04470E-01
7.00000E+00	1.60112E+01	1.02485E-01
7.00000E+00	1.62921E+01	1.00566E-01
7.00000E+00	1.65730E+01	9.87075E-02
7.00000E+00	1.68539E+01	9.69076E-02
7.00000E+00	1.71348E+01	9.51629E-02
7.00000E+00	1.74157E+01	9.34708E-02
7.00000E+00	1.76966E+01	9.18289E-02
7.00000E+00	1.79775E+01	9.02348E-02
7.00000E+00	1.82584E+01	8.86864E-02
7.00000E+00	1.85393E+01	8.71818E-02
7.00000E+00	1.88202E+01	8.57192E-02
7.00000E+00	1.91011E+01	8.42970E-02
7.00000E+00	1.93820E+01	8.29136E-02
7.00000E+00	1.96629E+01	8.15675E-02
7.00000E+00	1.99438E+01	8.02572E-02
7.00000E+00	2.02247E+01	7.89810E-02
7.00000E+00	2.05056E+01	7.77376E-02
7.00000E+00	2.07865E+01	7.65257E-02
7.00000E+00	2.10674E+01	7.53439E-02
7.00000E+00	2.13483E+01	7.41915E-02
7.00000E+00	2.16292E+01	7.30672E-02
7.00000E+00	2.19101E+01	7.19703E-02
7.00000E+00	2.21910E+01	7.08999E-02
7.00000E+00	2.24719E+01	6.98551E-02
7.00000E+00	2.27528E+01	6.88351E-02
7.00000E+00	2.30337E+01	6.78391E-02
7.00000E+00	2.33146E+01	6.68663E-02
7.00000E+00	2.35955E+01	6.59162E-02
7.00000E+00	2.38764E+01	6.49881E-02
7.00000E+00	2.41573E+01	6.40814E-02
7.00000E+00	2.44382E+01	6.31958E-02
7.00000E+00	2.47191E+01	6.23304E-02
7.00000E+00	2.50000E+01	6.14849E-02
8.00000E+00	0.00000E+00	9.28592E-01
8.00000E+00	2.80899E-01	9.02293E-01
8.00000E+00	5.61798E-01	8.70496E-01
8.00000E+00	8.42697E-01	8.33791E-01
8.00000E+00	1.12360E+00	7.93579E-01
8.00000E+00	1.40449E+00	7.52253E-01
8.00000E+00	1.68539E+00	7.12899E-01
8.00000E+00	1.96629E+00	6.75047E-01
8.00000E+00	2.24719E+00	6.37816E-01
8.00000E+00	2.52809E+00	6.01273E-01
8.00000E+00	2.80899E+00	5.65981E-01
8.00000E+00	3.08989E+00	5.32571E-01
8.00000E+00	3.37079E+00	5.01481E-01
8.00000E+00	3.65169E+00	4.72883E-01
8.00000E+00	3.93258E+00	4.46740E-01
8.00000E+00	4.21348E+00	4.22886E-01
8.00000E+00	4.49438E+00	4.01101E-01
8.00000E+00	4.77528E+00	3.81155E-01
8.00000E+00	5.05618E+00	3.62830E-01
8.00000E+00	5.33708E+00	3.45934E-01
8.00000E+00	5.61798E+00	3.30300E-01
8.00000E+00	5.89888E+00	3.15784E-01
8.00000E+00	6.17978E+00	3.02264E-01
8.00000E+00	6.46067E+00	2.89636E-01
8.00000E+00	6.74157E+00	2.77813E-01
8.00000E+00	7.02247E+00	2.66719E-01
8.00000E+00	7.30337E+00	2.56292E-01
8.00000E+00	7.58427E+00	2.46478E-01
8.00000E+00	7.86517E+00	2.37229E-01
8.00000E+00	8.14607E+00	2.28505E-01
8.00000E+00	8.42697E+00	2.20274E-01
8.00000E+00	8.70787E+00	2.12504E-01
8.00000E+00	8.98876E+00	2.05172E-01
8.00000E+00	9.26966E+00	1.98256E-01
8.00000E+00	9.55056E+00	1.91734E-01
8.00000E+00	9.83146E+00	1.85587E-01
8.00000E+00	1.01124E+01	1.79795E-01
8.00000E+00	1.03933E+01	1.74338E-01
8.00000E+00	1.06742E+01	1.69196E-01
8.00000E+00	1.09551E+01	1.64348E-01
8.00000E+00	1.12360E+01	1.59775E-01
8.00000E+00	1.15169E+01	1.55456E-01
8.00000E+00	1.17978E+01	1.51373E-01
8.00000E+00	1.20787E+01	1.47508E-01
8.00000E+00	1.23596E+01	1.43844E-01
8.00000E+00	1.26404E+01	1.40365E-01
8.00000E+00	1.29213E+01	1.37057E-01
8.00000E+00	1.32022E+01	1.33906E-01
8.00000E+00	1.34831E+01	1.30899E-01
8.00000E+00	1.37640E+01	1.28026E-01
8.00000E+00	1.40449E+01	1.25276E-01
8.00000E+00	1.43258E+01	1.22639E-01
8.00000E+00	1.46067E+01	1.20108E-01
8.00000E+00	1.48876E+01	1.17675E-01
8.00000E+00	1.51685E+01	1.15332E-01
8.00000E+00	1.54494E+01	1.13074E-01
8.00000E+00	1.57303E+01	1.10894E-01
8.00000E+00	1.60112E+01	1.08789E-01
8.00000E+00	1.62921E+01	1.06753E-01
8.00000E+00	1.65730E+01	1.04782E-01
8.00000E+00	1.68539E+01	1.02874E-01
8.00000E+00	1.71348E+01	1.01024E-01
8.00000E+00	1.74157E+01	9.92293E-02
8.00000E+00	1.76966E+01	9.74883E-02
8.00000E+00	1.79775E+01	9.57979E-02
8.00000E+00	1.82584E+01	9.41560E-02
8.00000E+00	1.85393E+01	9.25606E-02
8.00000E+00	1.88202E+01	9.10096E-02
8.00000E+00	1.91011E+01	8.95014E-02
8.00000E+00	1.93820E+01	8.80341E-02
8.00000E+00	1.96629E+01	8.66063E-02
8.00000E+00	1.99438E+01	8.52162E-02
8.00000E+00	2.02247E+01	8.38624E-02
8.00000E+00	2.05056E+01	8.25433E-02
8.00000E+00	2.07865E+01	8.12576E-02
8.00000E+00	2.10674E+01	8.00040E-02
8.00000E+00	2.13483E+01	7.87814E-02
8.00000E+00	2.16292E+01	7.75888E-02
8.00000E+00	2.19101E+01	7.64252E-02
8.00000E+00	2.21910E+01	7.52896E-02
8.00000E+00	2.24719E+01	7.41811E-02
8.00000E+00	2.27528E+01	7.30989E-02
8.00000E+00	2.30337E+01	7.20422E-02
8.00000E+00	2.33146E+01	7.10102E-02
8.00000E+00	2.35955E+01	7.00022E-02
8.00000E+00	2.38764E+01	6.90175E-02
8.00000E+00	2.41573E+01	6.80556E-02
8.00000E+00	2.44382E+01	6.71158E-02
8.00000E+00	2.47191E+01	6.61976E-02
8.00000E+00	2.50000E+01	6.53002E-02
9.00000E+00	0.00000E+00	9.21133E-01
9.00000E+00	2.80899E-01	8.96127E-01
9.00000E+00	5.61798E-01	8.66600E-01
9.00000E+00	8.42697E-01	8.32994E-01
9.00000E+00	1.12360E+00	7.96239E-01
9.00000E+00	1.40449E+00	7.57833E-01
9.00000E+00	1.68539E+00	7.19940E-01
9.00000E+00	1.96629E+00	6.84200E-01
9.00000E+00	2.24719E+00	6.49691E-01
9.00000E+00	2.52809E+00	6.15968E-01
9.00000E+00	2.80899E+00	5.83086E-01
9.00000E+00	3.08989E+00	5.51380E-01
9.00000E+00	3.37079E+00	5.21240E-01
9.00000E+00	3.65169E+00	4.92958E-01
9.00000E+00	3.93258E+00	4.66677E-01
9.00000E+00	4.21348E+00	4.42401E-01
9.00000E+00	4.49438E+00	4.20041E-01
9.00000E+00	4.77528E+00	3.99454E-01
9.00000E+00	5.05618E+00	3.80476E-01
9.00000E+00	5.33708E+00	3.62944E-01
9.00000E+00	5.61798E+00	3.46705E-01
9.00000E+00	5.89888E+00	3.31620E-01
9.00000E+00	6.17978E+00	3.17566E-01
9.00000E+00	6.46067E+00	3.04439E-01
9.00000E+00	6.74157E+00	2.92147E-01
9.00000E+00	7.02247E+00	2.80611E-01
9.00000E+00	7.30337E+00	2.69767E-01
9.00000E+00	7.58427E+00	2.59556E-01
9.00000E+00	7.86517E+00	2.49931E-01
9.00000E+00	8.14607E+00	2.40849E-01
9.00000E+00	8.42697E+00	2.32276E-01
9.00000E+00	8.70787E+00	2.24180E-01
9.00000E+00	8.98876E+00	2.16536E-01
9.00000E+00	9.26966E+00	2.09319E-01
9.00000E+00	9.55056E+00	2.02508E-01
9.00000E+00	9.83146E+00	1.96081E-01
9.00000E+00	1.01124E+01	1.90018E-01
9.00000E+00	1.03933E+01	1.84299E-01
9.00000E+00	1.06742E+01	1.78903E-01
9.00000E+00	1.09551E+01	1.73811E-01
9.00000E+00	1.12360E+01	1.69001E-01
9.00000E+00	1.15169E+01	1.64454E-01
9.00000E+00	1.17978E+01	1.60152E-01
9.00000E+00	1.20787E+01	1.56077E-01
9.00000E+00	1.23596E+01	1.52211E-01
9.00000E+00	1.26404E+01	1.48538E-01
9.00000E+00	1.29213E+01	1.45043E-01
9.00000E+00	1.32022E+01	1.41714E-01
9.00000E+00	1.34831E+01	1.38536E-01
9.00000E+00	1.37640E+01	1.35499E-01
9.00000E+00	1.40449E+01	1.32591E-01
9.00000E+00	1.43258E+01	1.29803E-01
9.00000E+00	1.46067E+01	1.27126E-01
9.00000E+00	1.48876E+01	1.24553E-01
9.00000E+00	1.51685E+01	1.22075E-01
9.00000E+00	1.54494E+01	1.19687E-01
9.00000E+00	1.57303E+01	1.17382E-01
9.00000E+00	1.60112E+01	1.15156E-01
9.00000E+00	1.62921E+01	1.13003E-01
9.00000E+00	1.65730E+01	1.10920E-01
9.00000E+00	1.68539E+01	1.08902E-01
9.00000E+00	1.71348E+01	1.06946E-01
9.00000E+00	1.74157E+01	1.05049E-01
9.00000E+00	1.76966E+01	1.03208E-01
9.00000E+00	1.79775E+01	1.01421E-01
9.00000E+00	1.82584E+01	9.96854E-02
9.00000E+00	1.85393E+01	9.79986E-02
9.00000E+00	1.88202E+01	9.63588E-02
9.00000E+00	1.91011E+01	9.47640E-02
9.00000E+00	1.93820E+01	9.32124E-02
9.00000E+00	1.96629E+01	9.17024E-02
9.00000E+00	1.99438E+01	9.02322E-02
9.00000E+00	2.02247E+01	8.88002E-02
9.00000E+00	2.05056E+01	8.74050E-02
9.00000E+00	2.07865E+01	8.60450E-02
9.00000E+00	2.10674E+01	8.47191E-02
9.00000E+00	2.13483E+01	8.34259E-02
9.00000E+00	2.16292E+01	8.21644E-02
9.00000E+00	2.19101E+01	8.09336E-02
9.00000E+00	2.21910E+01	7.97323E-02
9.00000E+00	2.24719E+01	7.85597E-02
9.00000E+00	2.27528E+01	7.74149E-02
9.00000E+00	2.30337E+01	7.62971E-02
9.00000E+00	2.33146E+01	7.52053E-02
9.00000E+00	2.35955E+01	7.41389E-02
9.00000E+00	2.38764E+01	7.30972E-02
9.00000E+00	2.41573E+01	7.20795E-02
9.00000E+00	2.44382E+01	7.10852E-02
9.00000E+00	2.47191E+01	7.01135E-02
9.00000E+00	2.50000E+01	6.91639E-02
1.00000E+01	0.00000E+00	9.14397E-01
1.00000E+01	2.80899E-01	8.90592E-01
1.00000E+01	5.61798E-01	8.63010E-01
1.00000E+01	8.42697E-01	8.31998E-01
1.00000E+01	1.12360E+00	7.98218E-01
1.00000E+01	1.40449E+00	7.62687E-01
1.00000E+01	1.68539E+00	7.26788E-01
1.00000E+01	1.96629E+00	6.92322E-01
1.00000E+01	2.24719E+00	6.59674E-01
1.00000E+01	2.52809E+00	6.28120E-01
1.00000E+01	2.80899E+00	5.97398E-01
1.00000E+01	3.08989E+00	5.67540E-01
1.00000E+01	3.37079E+00	5.38751E-01
1.00000E+01	3.65169E+00	5.11280E-01
1.00000E+01	3.93258E+00	4.85330E-01
1.00000E+01	4.21348E+00	4.61017E-01
1.00000E+01	4.49438E+00	4.38365E-01
1.00000E+01	4.77528E+00	4.17330E-01
1.00000E+01	5.05618E+00	3.97821E-01
1.00000E+01	5.33708E+00	3.79724E-01
1.00000E+01	5.61798E+00	3.62918E-01
1.00000E+01	5.89888E+00	3.47281E-01
1.00000E+01	6.17978E+00	3.32702E-01
1.00000E+01	6.46067E+00	3.19078E-01
1.00000E+01	6.74157E+00	3.06318E-01
1.00000E+01	7.02247E+00	2.94345E-01
1.00000E+01	7.30337E+00	2.83088E-01
1.00000E+01	7.58427E+00	2.72490E-01
1.00000E+01	7.86517E+00	2.62499E-01
1.00000E+01	8.14607E+00	2.53071E-01
1.00000E+01	8.42697E+00	2.44169E-01
1.00000E+01	8.70787E+00	2.35760E-01
1.00000E+01	8.98876E+00	2.27816E-01
1.00000E+01	9.26966E+00	2.20312E-01
1.00000E+01	9.55056E+00	2.13224E-01
1.00000E+01	9.83146E+00	2.06529E-01
1.00000E+01	1.01124E+01	2.00207E-01
1.00000E+01	1.03933E+01	1.94236E-01
1.00000E+01	1.06742E+01	1.88596E-01
1.00000E+01	1.09551E+01	1.83267E-01
1.00000E+01	1.12360E+01	1.78229E-01
1.00000E+01	1.15169E+01	1.73461E-01
1.00000E+01	1.17978E+01	1.68946E-01
1.00000E+01	1.20787E+01	1.64664E-01
1.00000E+01	1.23596E+01	1.60600E-01
1.00000E+01	1.26404E+01	1.56736E-01
1.00000E+01	1.29213E+01	1.53059E-01
1.00000E+01	1.32022E+01	1.49553E-01
1.00000E+01	1.34831E+01	1.46206E-01
1.00000E+01	1.37640E+01	1.43005E-01
1.00000E+01	1.40449E+01	1.39941E-01
1.00000E+01	1.43258E+01	1.37002E-01
1.00000E+01	1.46067E+01	1.34181E-01
1.00000E+01	1.48876E+01	1.31467E-01
1.00000E+01	1.51685E+01	1.28855E-01
1.00000E+01	1.54494E+01	1.26337E-01
1.00000E+01	1.57303E+01	1.23908E-01
1.00000E+01	1.60112E+01	1.21561E-01
1.00000E+01	1.62921E+01	1.19291E-01
1.00000E+01	1.65730E+01	1.17095E-01
1.00000E+01	1.68539E+01	1.14968E-01
1.00000E+01	1.71348E+01	1.12906E-01
1.00000E+01	1.74157E+01	1.10907E-01
1.00000E+01	1.76966E+01	1.08966E-01
1.00000E+01	1.79775E+01	1.07083E-01
1.00000E+01	1.82584E+01	1.05253E-01
1.00000E+01	1.85393E+01	1.03475E-01
1.00000E+01	1.88202E+01	1.01746E-01
1.00000E+01	1.91011E+01	1.00064E-01
1.00000E+01	1.93820E+01	9.84284E-02
1.00000E+01	1.96629E+01	9.68361E-02
1.00000E+01	1.99438E+01	9.52857E-02
1.00000E+01	2.02247E+01	9.37755E-02
1.00000E+01	2.05056E+01	9.23040E-02
1.00000E+01	2.07865E+01	9.08697E-02
1.00000E+01	2.10674E+01	8.94713E-02
1.00000E+01	2.13483E+01	8.81074E-02
1.00000E+01	2.16292E+01	8.67768E-02
1.00000E+01	2.19101E+01	8.54785E-02
1.00000E+01	2.21910E+01	8.42115E-02
1.00000E+01	2.24719E+01	8.29746E-02
1.00000E+01	2.27528E+01	8.17670E-02
1.00000E+01	2.30337E+01	8.05878E-02
1.00000E+01	2.33146E+01	7.94361E-02
1.00000E+01	2.35955E+01	7.83111E-02
1.00000E+01	2.38764E+01	7.72121E-02
1.00000E+01	2.41573E+01	7.61384E-02
1.00000E+01	2.44382E+01	7.50892E-02
1.00000E+01	2.47191E+01	7.40639E-02
1.00000E+01	2.50000E+01	7.30618E-02
