1.00000E-04	0.00000E+00	4.97864E+02
1.00000E-04	2.80899E-01	4.04119E+01
1.00000E-04	5.61798E-01	4.60398E+01
1.00000E-04	8.42697E-01	6.54766E+01
1.00000E-04	1.12360E+00	1.79242E+03
1.00000E-04	1.40449E+00	1.97556E+03
1.00000E-04	1.68539E+00	1.70389E+03
1.00000E-04	1.96629E+00	1.44969E+03
1.00000E-04	2.24719E+00	1.25329E+03
1.00000E-04	2.52809E+00	1.10615E+03
1.00000E-04	2.80899E+00	9.94069E+02
1.00000E-04	3.08989E+00	9.11528E+02
1.00000E-04	3.37079E+00	8.48324E+02
1.00000E-04	3.65169E+00	8.02800E+02
1.00000E-04	3.93258E+00	7.76558E+02
1.00000E-04	4.21348E+00	7.66407E+02
1.00000E-04	4.49438E+00	7.78424E+02
1.00000E-04	4.77528E+00	8.34011E+02
1.00000E-04	5.05618E+00	8.94819E+02
1.00000E-04	5.33708E+00	9.76352E+02
1.00000E-04	5.61798E+00	1.07943E+03
1.00000E-04	5.89888E+00	1.20337E+03
1.00000E-04	6.17978E+00	1.37575E+03
1.00000E-04	6.46067E+00	1.57127E+03
1.00000E-04	6.74157E+00	1.86007E+03
1.00000E-04	7.02247E+00	2.24785E+03
1.00000E-04	7.30337E+00	2.81434E+03
1.00000E-04	7.58427E+00	3.55299E+03
1.00000E-04	7.86517E+00	4.47748E+03
1.00000E-04	8.14607E+00	5.28756E+03
1.00000E-04	8.42697E+00	6.06625E+03
1.00000E-04	8.70787E+00	6.78394E+03
1.00000E-04	8.98876E+00	7.52187E+03
1.00000E-04	9.26966E+00	8.35549E+03
1.00000E-04	9.55056E+00	9.24748E+03
1.00000E-04	9.83146E+00	1.03013E+04
1.00000E-04	1.01124E+01	1.10895E+04
1.00000E-04	1.03933E+01	1.19512E+04
1.00000E-04	1.06742E+01	1.29489E+04
1.00000E-04	1.09551E+01	1.39875E+04
1.00000E-04	1.12360E+01	1.52853E+04
1.00000E-04	1.15169E+01	1.66086E+04
1.00000E-04	1.17978E+01	1.81497E+04
1.00000E-04	1.20787E+01	1.97487E+04
1.00000E-04	1.23596E+01	2.14152E+04
1.00000E-04	1.26404E+01	2.30908E+04
1.00000E-04	1.29213E+01	2.48107E+04
1.00000E-04	1.32022E+01	2.66771E+04
1.00000E-04	1.34831E+01	2.85850E+04
1.00000E-04	1.37640E+01	3.07515E+04
1.00000E-04	1.40449E+01	3.31524E+04
1.00000E-04	1.43258E+01	3.58007E+04
1.00000E-04	1.46067E+01	3.87264E+04
1.00000E-04	1.48876E+01	4.18196E+04
1.00000E-04	1.51685E+01	4.49659E+04
1.00000E-04	1.54494E+01	4.80884E+04
1.00000E-04	1.57303E+01	5.09196E+04
1.00000E-04	1.60112E+01	5.35005E+04
1.00000E-04	1.62921E+01	5.58081E+04
1.00000E-04	1.65730E+01	5.78790E+04
1.00000E-04	1.68539E+01	5.96516E+04
1.00000E-04	1.71348E+01	6.12889E+04
1.00000E-04	1.74157E+01	6.27421E+04
1.00000E-04	1.76966E+01	6.40593E+04
1.00000E-04	1.79775E+01	6.52758E+04
1.00000E-04	1.82584E+01	6.63393E+04
1.00000E-04	1.85393E+01	6.72227E+04
1.00000E-04	1.88202E+01	6.79483E+04
1.00000E-04	1.91011E+01	6.85816E+04
1.00000E-04	1.93820E+01	6.90413E+04
1.00000E-04	1.96629E+01	6.94660E+04
1.00000E-04	1.99438E+01	6.98137E+04
1.00000E-04	2.02247E+01	6.99992E+04
1.00000E-04	2.05056E+01	7.01553E+04
1.00000E-04	2.07865E+01	7.03571E+04
1.00000E-04	2.10674E+01	7.04235E+04
1.00000E-04	2.13483E+01	7.04279E+04
1.00000E-04	2.16292E+01	7.03576E+04
1.00000E-04	2.19101E+01	7.02962E+04
1.00000E-04	2.21910E+01	7.01670E+04
1.00000E-04	2.24719E+01	6.99535E+04
1.00000E-04	2.27528E+01	6.97217E+04
1.00000E-04	2.30337E+01	6.95125E+04
1.00000E-04	2.33146E+01	6.91891E+04
1.00000E-04	2.35955E+01	6.88336E+04
1.00000E-04	2.38764E+01	6.84998E+04
1.00000E-04	2.41573E+01	6.81610E+04
1.00000E-04	2.44382E+01	6.77336E+04
1.00000E-04	2.47191E+01	6.73366E+04
1.00000E-04	2.50000E+01	6.69217E+04
5.00000E-04	0.00000E+00	2.21452E+02
5.00000E-04	2.80899E-01	4.04077E+01
5.00000E-04	5.61798E-01	4.60401E+01
5.00000E-04	8.42697E-01	6.54885E+01
5.00000E-04	1.12360E+00	1.79158E+03
5.00000E-04	1.40449E+00	1.97556E+03
5.00000E-04	1.68539E+00	1.70389E+03
5.00000E-04	1.96629E+00	1.44969E+03
5.00000E-04	2.24719E+00	1.25329E+03
5.00000E-04	2.52809E+00	1.10615E+03
5.00000E-04	2.80899E+00	9.94069E+02
5.00000E-04	3.08989E+00	9.11548E+02
5.00000E-04	3.37079E+00	8.48324E+02
5.00000E-04	3.65169E+00	8.02794E+02
5.00000E-04	3.93258E+00	7.76565E+02
5.00000E-04	4.21348E+00	7.66281E+02
5.00000E-04	4.49438E+00	7.78422E+02
5.00000E-04	4.77528E+00	8.34009E+02
5.00000E-04	5.05618E+00	8.94825E+02
5.00000E-04	5.33708E+00	9.76352E+02
5.00000E-04	5.61798E+00	1.07943E+03
5.00000E-04	5.89888E+00	1.20336E+03
5.00000E-04	6.17978E+00	1.37575E+03
5.00000E-04	6.46067E+00	1.57127E+03
5.00000E-04	6.74157E+00	1.86006E+03
5.00000E-04	7.02247E+00	2.24785E+03
5.00000E-04	7.30337E+00	2.81463E+03
5.00000E-04	7.58427E+00	3.55299E+03
5.00000E-04	7.86517E+00	4.47748E+03
5.00000E-04	8.14607E+00	5.28756E+03
5.00000E-04	8.42697E+00	6.06625E+03
5.00000E-04	8.70787E+00	6.78394E+03
5.00000E-04	8.98876E+00	7.52591E+03
5.00000E-04	9.26966E+00	8.35549E+03
5.00000E-04	9.55056E+00	9.24748E+03
5.00000E-04	9.83146E+00	1.03013E+04
5.00000E-04	1.01124E+01	1.10895E+04
5.00000E-04	1.03933E+01	1.19491E+04
5.00000E-04	1.06742E+01	1.29489E+04
5.00000E-04	1.09551E+01	1.39875E+04
5.00000E-04	1.12360E+01	1.52853E+04
5.00000E-04	1.15169E+01	1.66086E+04
5.00000E-04	1.17978E+01	1.81497E+04
5.00000E-04	1.20787E+01	1.97487E+04
5.00000E-04	1.23596E+01	2.14152E+04
5.00000E-04	1.26404E+01	2.30908E+04
5.00000E-04	1.29213E+01	2.48107E+04
5.00000E-04	1.32022E+01	2.66771E+04
5.00000E-04	1.34831E+01	2.85850E+04
5.00000E-04	1.37640E+01	3.07515E+04
5.00000E-04	1.40449E+01	3.31524E+04
5.00000E-04	1.43258E+01	3.58007E+04
5.00000E-04	1.46067E+01	3.87264E+04
5.00000E-04	1.48876E+01	4.18196E+04
5.00000E-04	1.51685E+01	4.49659E+04
5.00000E-04	1.54494E+01	4.80884E+04
5.00000E-04	1.57303E+01	5.09196E+04
5.00000E-04	1.60112E+01	5.35005E+04
5.00000E-04	1.62921E+01	5.58081E+04
5.00000E-04	1.65730E+01	5.78790E+04
5.00000E-04	1.68539E+01	5.96516E+04
5.00000E-04	1.71348E+01	6.12889E+04
5.00000E-04	1.74157E+01	6.27421E+04
5.00000E-04	1.76966E+01	6.40593E+04
5.00000E-04	1.79775E+01	6.52758E+04
5.00000E-04	1.82584E+01	6.63393E+04
5.00000E-04	1.85393E+01	6.72227E+04
5.00000E-04	1.88202E+01	6.79483E+04
5.00000E-04	1.91011E+01	6.85817E+04
5.00000E-04	1.93820E+01	6.90413E+04
5.00000E-04	1.96629E+01	6.94660E+04
5.00000E-04	1.99438E+01	6.98062E+04
5.00000E-04	2.02247E+01	6.99992E+04
5.00000E-04	2.05056E+01	7.01553E+04
5.00000E-04	2.07865E+01	7.03571E+04
5.00000E-04	2.10674E+01	7.04235E+04
5.00000E-04	2.13483E+01	7.04279E+04
5.00000E-04	2.16292E+01	7.03576E+04
5.00000E-04	2.19101E+01	7.02962E+04
5.00000E-04	2.21910E+01	7.01670E+04
5.00000E-04	2.24719E+01	6.99535E+04
5.00000E-04	2.27528E+01	6.97217E+04
5.00000E-04	2.30337E+01	6.95125E+04
5.00000E-04	2.33146E+01	6.91891E+04
5.00000E-04	2.35955E+01	6.88336E+04
5.00000E-04	2.38764E+01	6.84998E+04
5.00000E-04	2.41573E+01	6.81610E+04
5.00000E-04	2.44382E+01	6.77336E+04
5.00000E-04	2.47191E+01	6.73366E+04
5.00000E-04	2.50000E+01	6.69217E+04
1.00000E-03	0.00000E+00	1.57538E+02
1.00000E-03	2.80899E-01	4.04074E+01
1.00000E-03	5.61798E-01	4.60402E+01
1.00000E-03	8.42697E-01	6.54963E+01
1.00000E-03	1.12360E+00	1.79090E+03
1.00000E-03	1.40449E+00	1.97551E+03
1.00000E-03	1.68539E+00	1.70389E+03
1.00000E-03	1.96629E+00	1.44969E+03
1.00000E-03	2.24719E+00	1.25328E+03
1.00000E-03	2.52809E+00	1.10615E+03
1.00000E-03	2.80899E+00	9.94069E+02
1.00000E-03	3.08989E+00	9.11591E+02
1.00000E-03	3.37079E+00	8.48330E+02
1.00000E-03	3.65169E+00	8.02755E+02
1.00000E-03	3.93258E+00	7.76614E+02
1.00000E-03	4.21348E+00	7.66231E+02
1.00000E-03	4.49438E+00	7.78379E+02
1.00000E-03	4.77528E+00	8.33974E+02
1.00000E-03	5.05618E+00	8.94900E+02
1.00000E-03	5.33708E+00	9.76351E+02
1.00000E-03	5.61798E+00	1.07943E+03
1.00000E-03	5.89888E+00	1.20319E+03
1.00000E-03	6.17978E+00	1.37575E+03
1.00000E-03	6.46067E+00	1.57127E+03
1.00000E-03	6.74157E+00	1.85990E+03
1.00000E-03	7.02247E+00	2.24783E+03
1.00000E-03	7.30337E+00	2.81466E+03
1.00000E-03	7.58427E+00	3.55298E+03
1.00000E-03	7.86517E+00	4.47748E+03
1.00000E-03	8.14607E+00	5.28756E+03
1.00000E-03	8.42697E+00	6.06625E+03
1.00000E-03	8.70787E+00	6.78394E+03
1.00000E-03	8.98876E+00	7.52657E+03
1.00000E-03	9.26966E+00	8.35549E+03
1.00000E-03	9.55056E+00	9.24748E+03
1.00000E-03	9.83146E+00	1.03013E+04
1.00000E-03	1.01124E+01	1.10895E+04
1.00000E-03	1.03933E+01	1.19488E+04
1.00000E-03	1.06742E+01	1.29489E+04
1.00000E-03	1.09551E+01	1.39875E+04
1.00000E-03	1.12360E+01	1.52853E+04
1.00000E-03	1.15169E+01	1.66086E+04
1.00000E-03	1.17978E+01	1.81497E+04
1.00000E-03	1.20787E+01	1.97485E+04
1.00000E-03	1.23596E+01	2.14152E+04
1.00000E-03	1.26404E+01	2.30908E+04
1.00000E-03	1.29213E+01	2.48108E+04
1.00000E-03	1.32022E+01	2.66771E+04
1.00000E-03	1.34831E+01	2.85850E+04
1.00000E-03	1.37640E+01	3.07515E+04
1.00000E-03	1.40449E+01	3.31524E+04
1.00000E-03	1.43258E+01	3.58007E+04
1.00000E-03	1.46067E+01	3.87264E+04
1.00000E-03	1.48876E+01	4.18196E+04
1.00000E-03	1.51685E+01	4.49659E+04
1.00000E-03	1.54494E+01	4.80884E+04
1.00000E-03	1.57303E+01	5.09196E+04
1.00000E-03	1.60112E+01	5.35005E+04
1.00000E-03	1.62921E+01	5.58081E+04
1.00000E-03	1.65730E+01	5.78790E+04
1.00000E-03	1.68539E+01	5.96516E+04
1.00000E-03	1.71348E+01	6.12889E+04
1.00000E-03	1.74157E+01	6.27438E+04
1.00000E-03	1.76966E+01	6.40594E+04
1.00000E-03	1.79775E+01	6.52758E+04
1.00000E-03	1.82584E+01	6.63393E+04
1.00000E-03	1.85393E+01	6.72227E+04
1.00000E-03	1.88202E+01	6.79483E+04
1.00000E-03	1.91011E+01	6.85828E+04
1.00000E-03	1.93820E+01	6.90413E+04
1.00000E-03	1.96629E+01	6.94660E+04
1.00000E-03	1.99438E+01	6.97946E+04
1.00000E-03	2.02247E+01	6.99992E+04
1.00000E-03	2.05056E+01	7.01553E+04
1.00000E-03	2.07865E+01	7.03571E+04
1.00000E-03	2.10674E+01	7.04235E+04
1.00000E-03	2.13483E+01	7.04279E+04
1.00000E-03	2.16292E+01	7.03576E+04
1.00000E-03	2.19101E+01	7.02962E+04
1.00000E-03	2.21910E+01	7.01670E+04
1.00000E-03	2.24719E+01	6.99535E+04
1.00000E-03	2.27528E+01	6.97217E+04
1.00000E-03	2.30337E+01	6.95125E+04
1.00000E-03	2.33146E+01	6.91891E+04
1.00000E-03	2.35955E+01	6.88336E+04
1.00000E-03	2.38764E+01	6.84998E+04
1.00000E-03	2.41573E+01	6.81610E+04
1.00000E-03	2.44382E+01	6.77336E+04
1.00000E-03	2.47191E+01	6.73366E+04
1.00000E-03	2.50000E+01	6.69217E+04
5.00000E-03	0.00000E+00	7.45774E+01
5.00000E-03	2.80899E-01	4.04076E+01
5.00000E-03	5.61798E-01	4.60403E+01
5.00000E-03	8.42697E-01	6.54980E+01
5.00000E-03	1.12360E+00	1.79042E+03
5.00000E-03	1.40449E+00	1.97540E+03
5.00000E-03	1.68539E+00	1.70390E+03
5.00000E-03	1.96629E+00	1.44967E+03
5.00000E-03	2.24719E+00	1.25325E+03
5.00000E-03	2.52809E+00	1.10615E+03
5.00000E-03	2.80899E+00	9.94065E+02
5.00000E-03	3.08989E+00	9.11651E+02
5.00000E-03	3.37079E+00	8.48345E+02
5.00000E-03	3.65169E+00	8.02635E+02
5.00000E-03	3.93258E+00	7.76761E+02
5.00000E-03	4.21348E+00	7.66189E+02
5.00000E-03	4.49438E+00	7.78047E+02
5.00000E-03	4.77528E+00	8.33674E+02
5.00000E-03	5.05618E+00	8.95275E+02
5.00000E-03	5.33708E+00	9.76162E+02
5.00000E-03	5.61798E+00	1.07966E+03
5.00000E-03	5.89888E+00	1.20254E+03
5.00000E-03	6.17978E+00	1.37527E+03
5.00000E-03	6.46067E+00	1.57133E+03
5.00000E-03	6.74157E+00	1.85829E+03
5.00000E-03	7.02247E+00	2.24636E+03
5.00000E-03	7.30337E+00	2.81465E+03
5.00000E-03	7.58427E+00	3.55266E+03
5.00000E-03	7.86517E+00	4.47852E+03
5.00000E-03	8.14607E+00	5.28473E+03
5.00000E-03	8.42697E+00	6.06595E+03
5.00000E-03	8.70787E+00	6.78399E+03
5.00000E-03	8.98876E+00	7.52711E+03
5.00000E-03	9.26966E+00	8.35359E+03
5.00000E-03	9.55056E+00	9.24744E+03
5.00000E-03	9.83146E+00	1.03003E+04
5.00000E-03	1.01124E+01	1.10887E+04
5.00000E-03	1.03933E+01	1.19486E+04
5.00000E-03	1.06742E+01	1.29488E+04
5.00000E-03	1.09551E+01	1.39877E+04
5.00000E-03	1.12360E+01	1.52772E+04
5.00000E-03	1.15169E+01	1.66034E+04
5.00000E-03	1.17978E+01	1.81499E+04
5.00000E-03	1.20787E+01	1.97364E+04
5.00000E-03	1.23596E+01	2.14148E+04
5.00000E-03	1.26404E+01	2.30913E+04
5.00000E-03	1.29213E+01	2.48238E+04
5.00000E-03	1.32022E+01	2.66768E+04
5.00000E-03	1.34831E+01	2.85925E+04
5.00000E-03	1.37640E+01	3.07653E+04
5.00000E-03	1.40449E+01	3.31520E+04
5.00000E-03	1.43258E+01	3.58010E+04
5.00000E-03	1.46067E+01	3.87264E+04
5.00000E-03	1.48876E+01	4.18222E+04
5.00000E-03	1.51685E+01	4.49659E+04
5.00000E-03	1.54494E+01	4.80884E+04
5.00000E-03	1.57303E+01	5.09187E+04
5.00000E-03	1.60112E+01	5.35010E+04
5.00000E-03	1.62921E+01	5.58115E+04
5.00000E-03	1.65730E+01	5.78759E+04
5.00000E-03	1.68539E+01	5.96517E+04
5.00000E-03	1.71348E+01	6.12889E+04
5.00000E-03	1.74157E+01	6.27610E+04
5.00000E-03	1.76966E+01	6.40641E+04
5.00000E-03	1.79775E+01	6.52758E+04
5.00000E-03	1.82584E+01	6.63373E+04
5.00000E-03	1.85393E+01	6.72228E+04
5.00000E-03	1.88202E+01	6.79494E+04
5.00000E-03	1.91011E+01	6.85856E+04
5.00000E-03	1.93820E+01	6.90414E+04
5.00000E-03	1.96629E+01	6.94660E+04
5.00000E-03	1.99438E+01	6.97794E+04
5.00000E-03	2.02247E+01	6.99991E+04
5.00000E-03	2.05056E+01	7.01566E+04
5.00000E-03	2.07865E+01	7.03540E+04
5.00000E-03	2.10674E+01	7.04236E+04
5.00000E-03	2.13483E+01	7.04279E+04
5.00000E-03	2.16292E+01	7.03577E+04
5.00000E-03	2.19101E+01	7.02962E+04
5.00000E-03	2.21910E+01	7.01670E+04
5.00000E-03	2.24719E+01	6.99535E+04
5.00000E-03	2.27528E+01	6.97217E+04
5.00000E-03	2.30337E+01	6.95117E+04
5.00000E-03	2.33146E+01	6.91874E+04
5.00000E-03	2.35955E+01	6.88336E+04
5.00000E-03	2.38764E+01	6.85004E+04
5.00000E-03	2.41573E+01	6.81581E+04
5.00000E-03	2.44382E+01	6.77336E+04
5.00000E-03	2.47191E+01	6.73366E+04
5.00000E-03	2.50000E+01	6.69217E+04
1.00000E-02	0.00000E+00	6.63351E+01
1.00000E-02	2.80899E-01	4.04083E+01
1.00000E-02	5.61798E-01	4.60408E+01
1.00000E-02	8.42697E-01	6.54983E+01
1.00000E-02	1.12360E+00	1.79037E+03
1.00000E-02	1.40449E+00	1.97539E+03
1.00000E-02	1.68539E+00	1.70390E+03
1.00000E-02	1.96629E+00	1.44967E+03
1.00000E-02	2.24719E+00	1.25325E+03
1.00000E-02	2.52809E+00	1.10615E+03
1.00000E-02	2.80899E+00	9.94065E+02
1.00000E-02	3.08989E+00	9.11653E+02
1.00000E-02	3.37079E+00	8.48345E+02
1.00000E-02	3.65169E+00	8.02628E+02
1.00000E-02	3.93258E+00	7.76774E+02
1.00000E-02	4.21348E+00	7.66189E+02
1.00000E-02	4.49438E+00	7.77987E+02
1.00000E-02	4.77528E+00	8.33635E+02
1.00000E-02	5.05618E+00	8.95306E+02
1.00000E-02	5.33708E+00	9.76099E+02
1.00000E-02	5.61798E+00	1.07976E+03
1.00000E-02	5.89888E+00	1.20246E+03
1.00000E-02	6.17978E+00	1.37498E+03
1.00000E-02	6.46067E+00	1.57138E+03
1.00000E-02	6.74157E+00	1.85791E+03
1.00000E-02	7.02247E+00	2.24593E+03
1.00000E-02	7.30337E+00	2.81460E+03
1.00000E-02	7.58427E+00	3.55264E+03
1.00000E-02	7.86517E+00	4.47898E+03
1.00000E-02	8.14607E+00	5.28201E+03
1.00000E-02	8.42697E+00	6.06484E+03
1.00000E-02	8.70787E+00	6.78446E+03
1.00000E-02	8.98876E+00	7.52723E+03
1.00000E-02	9.26966E+00	8.35159E+03
1.00000E-02	9.55056E+00	9.24723E+03
1.00000E-02	9.83146E+00	1.02979E+04
1.00000E-02	1.01124E+01	1.10862E+04
1.00000E-02	1.03933E+01	1.19487E+04
1.00000E-02	1.06742E+01	1.29472E+04
1.00000E-02	1.09551E+01	1.39900E+04
1.00000E-02	1.12360E+01	1.52706E+04
1.00000E-02	1.15169E+01	1.65974E+04
1.00000E-02	1.17978E+01	1.81495E+04
1.00000E-02	1.20787E+01	1.97301E+04
1.00000E-02	1.23596E+01	2.14104E+04
1.00000E-02	1.26404E+01	2.30959E+04
1.00000E-02	1.29213E+01	2.48306E+04
1.00000E-02	1.32022E+01	2.66773E+04
1.00000E-02	1.34831E+01	2.86010E+04
1.00000E-02	1.37640E+01	3.07765E+04
1.00000E-02	1.40449E+01	3.31471E+04
1.00000E-02	1.43258E+01	3.58047E+04
1.00000E-02	1.46067E+01	3.87263E+04
1.00000E-02	1.48876E+01	4.18302E+04
1.00000E-02	1.51685E+01	4.49673E+04
1.00000E-02	1.54494E+01	4.80882E+04
1.00000E-02	1.57303E+01	5.09111E+04
1.00000E-02	1.60112E+01	5.35068E+04
1.00000E-02	1.62921E+01	5.58173E+04
1.00000E-02	1.65730E+01	5.78658E+04
1.00000E-02	1.68539E+01	5.96522E+04
1.00000E-02	1.71348E+01	6.12886E+04
1.00000E-02	1.74157E+01	6.27655E+04
1.00000E-02	1.76966E+01	6.40685E+04
1.00000E-02	1.79775E+01	6.52758E+04
1.00000E-02	1.82584E+01	6.63256E+04
1.00000E-02	1.85393E+01	6.72236E+04
1.00000E-02	1.88202E+01	6.79543E+04
1.00000E-02	1.91011E+01	6.85854E+04
1.00000E-02	1.93820E+01	6.90441E+04
1.00000E-02	1.96629E+01	6.94659E+04
1.00000E-02	1.99438E+01	6.97773E+04
1.00000E-02	2.02247E+01	6.99971E+04
1.00000E-02	2.05056E+01	7.01601E+04
1.00000E-02	2.07865E+01	7.03435E+04
1.00000E-02	2.10674E+01	7.04254E+04
1.00000E-02	2.13483E+01	7.04276E+04
1.00000E-02	2.16292E+01	7.03594E+04
1.00000E-02	2.19101E+01	7.02965E+04
1.00000E-02	2.21910E+01	7.01670E+04
1.00000E-02	2.24719E+01	6.99531E+04
1.00000E-02	2.27528E+01	6.97226E+04
1.00000E-02	2.30337E+01	6.95075E+04
1.00000E-02	2.33146E+01	6.91839E+04
1.00000E-02	2.35955E+01	6.88339E+04
1.00000E-02	2.38764E+01	6.85034E+04
1.00000E-02	2.41573E+01	6.81530E+04
1.00000E-02	2.44382E+01	6.77336E+04
1.00000E-02	2.47191E+01	6.73363E+04
1.00000E-02	2.50000E+01	6.69217E+04
5.00000E-02	0.00000E+00	5.28709E+01
5.00000E-02	2.80899E-01	4.04269E+01
5.00000E-02	5.61798E-01	4.60560E+01
5.00000E-02	8.42697E-01	6.55085E+01
5.00000E-02	1.12360E+00	1.78877E+03
5.00000E-02	1.40449E+00	1.97525E+03
5.00000E-02	1.68539E+00	1.70385E+03
5.00000E-02	1.96629E+00	1.44967E+03
5.00000E-02	2.24719E+00	1.25325E+03
5.00000E-02	2.52809E+00	1.10615E+03
5.00000E-02	2.80899E+00	9.94071E+02
5.00000E-02	3.08989E+00	9.11652E+02
5.00000E-02	3.37079E+00	8.48351E+02
5.00000E-02	3.65169E+00	8.02629E+02
5.00000E-02	3.93258E+00	7.76771E+02
5.00000E-02	4.21348E+00	7.66191E+02
5.00000E-02	4.49438E+00	7.78013E+02
5.00000E-02	4.77528E+00	8.33627E+02
5.00000E-02	5.05618E+00	8.95318E+02
5.00000E-02	5.33708E+00	9.76097E+02
5.00000E-02	5.61798E+00	1.07977E+03
5.00000E-02	5.89888E+00	1.20254E+03
5.00000E-02	6.17978E+00	1.37494E+03
5.00000E-02	6.46067E+00	1.57138E+03
5.00000E-02	6.74157E+00	1.85783E+03
5.00000E-02	7.02247E+00	2.24606E+03
5.00000E-02	7.30337E+00	2.81474E+03
5.00000E-02	7.58427E+00	3.55271E+03
5.00000E-02	7.86517E+00	4.47895E+03
5.00000E-02	8.14607E+00	5.28088E+03
5.00000E-02	8.42697E+00	6.06429E+03
5.00000E-02	8.70787E+00	6.78493E+03
5.00000E-02	8.98876E+00	7.52738E+03
5.00000E-02	9.26966E+00	8.35116E+03
5.00000E-02	9.55056E+00	9.24716E+03
5.00000E-02	9.83146E+00	1.02961E+04
5.00000E-02	1.01124E+01	1.10847E+04
5.00000E-02	1.03933E+01	1.19490E+04
5.00000E-02	1.06742E+01	1.29442E+04
5.00000E-02	1.09551E+01	1.39956E+04
5.00000E-02	1.12360E+01	1.52660E+04
5.00000E-02	1.15169E+01	1.65942E+04
5.00000E-02	1.17978E+01	1.81494E+04
5.00000E-02	1.20787E+01	1.97274E+04
5.00000E-02	1.23596E+01	2.14020E+04
5.00000E-02	1.26404E+01	2.31050E+04
5.00000E-02	1.29213E+01	2.48338E+04
5.00000E-02	1.32022E+01	2.66775E+04
5.00000E-02	1.34831E+01	2.86062E+04
5.00000E-02	1.37640E+01	3.07842E+04
5.00000E-02	1.40449E+01	3.31357E+04
5.00000E-02	1.43258E+01	3.58121E+04
5.00000E-02	1.46067E+01	3.87165E+04
5.00000E-02	1.48876E+01	4.18349E+04
5.00000E-02	1.51685E+01	4.49704E+04
5.00000E-02	1.54494E+01	4.80797E+04
5.00000E-02	1.57303E+01	5.08989E+04
5.00000E-02	1.60112E+01	5.35184E+04
5.00000E-02	1.62921E+01	5.58191E+04
5.00000E-02	1.65730E+01	5.78559E+04
5.00000E-02	1.68539E+01	5.96538E+04
5.00000E-02	1.71348E+01	6.12717E+04
5.00000E-02	1.74157E+01	6.27666E+04
5.00000E-02	1.76966E+01	6.40698E+04
5.00000E-02	1.79775E+01	6.52736E+04
5.00000E-02	1.82584E+01	6.62950E+04
5.00000E-02	1.85393E+01	6.72263E+04
5.00000E-02	1.88202E+01	6.79594E+04
5.00000E-02	1.91011E+01	6.85854E+04
5.00000E-02	1.93820E+01	6.90699E+04
5.00000E-02	1.96629E+01	6.94624E+04
5.00000E-02	1.99438E+01	6.97752E+04
5.00000E-02	2.02247E+01	6.99875E+04
5.00000E-02	2.05056E+01	7.01622E+04
5.00000E-02	2.07865E+01	7.03239E+04
5.00000E-02	2.10674E+01	7.04432E+04
5.00000E-02	2.13483E+01	7.04200E+04
5.00000E-02	2.16292E+01	7.03692E+04
5.00000E-02	2.19101E+01	7.03074E+04
5.00000E-02	2.21910E+01	7.01613E+04
5.00000E-02	2.24719E+01	6.99482E+04
5.00000E-02	2.27528E+01	6.97323E+04
5.00000E-02	2.30337E+01	6.94985E+04
5.00000E-02	2.33146E+01	6.91801E+04
5.00000E-02	2.35955E+01	6.88425E+04
5.00000E-02	2.38764E+01	6.85095E+04
5.00000E-02	2.41573E+01	6.81469E+04
5.00000E-02	2.44382E+01	6.77350E+04
5.00000E-02	2.47191E+01	6.73287E+04
5.00000E-02	2.50000E+01	6.69217E+04
1.00000E-01	0.00000E+00	4.36547E+01
1.00000E-01	2.80899E-01	4.04743E+01
1.00000E-01	5.61798E-01	4.61015E+01
1.00000E-01	8.42697E-01	6.55401E+01
1.00000E-01	1.12360E+00	1.78368E+03
1.00000E-01	1.40449E+00	1.97481E+03
1.00000E-01	1.68539E+00	1.70370E+03
1.00000E-01	1.96629E+00	1.44965E+03
1.00000E-01	2.24719E+00	1.25325E+03
1.00000E-01	2.52809E+00	1.10613E+03
1.00000E-01	2.80899E+00	9.94095E+02
1.00000E-01	3.08989E+00	9.11647E+02
1.00000E-01	3.37079E+00	8.48364E+02
1.00000E-01	3.65169E+00	8.02641E+02
1.00000E-01	3.93258E+00	7.76761E+02
1.00000E-01	4.21348E+00	7.66196E+02
1.00000E-01	4.49438E+00	7.78111E+02
1.00000E-01	4.77528E+00	8.33618E+02
1.00000E-01	5.05618E+00	8.95396E+02
1.00000E-01	5.33708E+00	9.76123E+02
1.00000E-01	5.61798E+00	1.07977E+03
1.00000E-01	5.89888E+00	1.20276E+03
1.00000E-01	6.17978E+00	1.37494E+03
1.00000E-01	6.46067E+00	1.57144E+03
1.00000E-01	6.74157E+00	1.85783E+03
1.00000E-01	7.02247E+00	2.24654E+03
1.00000E-01	7.30337E+00	2.81508E+03
1.00000E-01	7.58427E+00	3.55299E+03
1.00000E-01	7.86517E+00	4.47884E+03
1.00000E-01	8.14607E+00	5.28094E+03
1.00000E-01	8.42697E+00	6.06424E+03
1.00000E-01	8.70787E+00	6.78502E+03
1.00000E-01	8.98876E+00	7.52745E+03
1.00000E-01	9.26966E+00	8.35129E+03
1.00000E-01	9.55056E+00	9.24754E+03
1.00000E-01	9.83146E+00	1.02946E+04
1.00000E-01	1.01124E+01	1.10848E+04
1.00000E-01	1.03933E+01	1.19493E+04
1.00000E-01	1.06742E+01	1.29442E+04
1.00000E-01	1.09551E+01	1.39961E+04
1.00000E-01	1.12360E+01	1.52660E+04
1.00000E-01	1.15169E+01	1.65948E+04
1.00000E-01	1.17978E+01	1.81495E+04
1.00000E-01	1.20787E+01	1.97279E+04
1.00000E-01	1.23596E+01	2.14022E+04
1.00000E-01	1.26404E+01	2.31050E+04
1.00000E-01	1.29213E+01	2.48343E+04
1.00000E-01	1.32022E+01	2.66776E+04
1.00000E-01	1.34831E+01	2.86069E+04
1.00000E-01	1.37640E+01	3.07842E+04
1.00000E-01	1.40449E+01	3.31362E+04
1.00000E-01	1.43258E+01	3.58126E+04
1.00000E-01	1.46067E+01	3.87161E+04
1.00000E-01	1.48876E+01	4.18351E+04
1.00000E-01	1.51685E+01	4.49708E+04
1.00000E-01	1.54494E+01	4.80795E+04
1.00000E-01	1.57303E+01	5.08989E+04
1.00000E-01	1.60112E+01	5.35183E+04
1.00000E-01	1.62921E+01	5.58190E+04
1.00000E-01	1.65730E+01	5.78557E+04
1.00000E-01	1.68539E+01	5.96537E+04
1.00000E-01	1.71348E+01	6.12706E+04
1.00000E-01	1.74157E+01	6.27663E+04
1.00000E-01	1.76966E+01	6.40699E+04
1.00000E-01	1.79775E+01	6.52734E+04
1.00000E-01	1.82584E+01	6.62942E+04
1.00000E-01	1.85393E+01	6.72260E+04
1.00000E-01	1.88202E+01	6.79594E+04
1.00000E-01	1.91011E+01	6.85853E+04
1.00000E-01	1.93820E+01	6.90710E+04
1.00000E-01	1.96629E+01	6.94624E+04
1.00000E-01	1.99438E+01	6.97748E+04
1.00000E-01	2.02247E+01	6.99875E+04
1.00000E-01	2.05056E+01	7.01622E+04
1.00000E-01	2.07865E+01	7.03233E+04
1.00000E-01	2.10674E+01	7.04436E+04
1.00000E-01	2.13483E+01	7.04198E+04
1.00000E-01	2.16292E+01	7.03693E+04
1.00000E-01	2.19101E+01	7.03080E+04
1.00000E-01	2.21910E+01	7.01609E+04
1.00000E-01	2.24719E+01	6.99481E+04
1.00000E-01	2.27528E+01	6.97325E+04
1.00000E-01	2.30337E+01	6.94982E+04
1.00000E-01	2.33146E+01	6.91801E+04
1.00000E-01	2.35955E+01	6.88431E+04
1.00000E-01	2.38764E+01	6.85095E+04
1.00000E-01	2.41573E+01	6.81468E+04
1.00000E-01	2.44382E+01	6.77350E+04
1.00000E-01	2.47191E+01	6.73283E+04
1.00000E-01	2.50000E+01	6.69216E+04
2.00000E-01	0.00000E+00	3.69945E+01
2.00000E-01	2.80899E-01	4.05634E+01
2.00000E-01	5.61798E-01	4.62748E+01
2.00000E-01	8.42697E-01	6.57411E+01
2.00000E-01	1.12360E+00	1.76318E+03
2.00000E-01	1.40449E+00	1.97321E+03
2.00000E-01	1.68539E+00	1.70310E+03
2.00000E-01	1.96629E+00	1.44952E+03
2.00000E-01	2.24719E+00	1.25324E+03
2.00000E-01	2.52809E+00	1.10609E+03
2.00000E-01	2.80899E+00	9.94179E+02
2.00000E-01	3.08989E+00	9.11627E+02
2.00000E-01	3.37079E+00	8.48410E+02
2.00000E-01	3.65169E+00	8.02721E+02
2.00000E-01	3.93258E+00	7.76736E+02
2.00000E-01	4.21348E+00	7.66217E+02
2.00000E-01	4.49438E+00	7.78475E+02
2.00000E-01	4.77528E+00	8.33645E+02
2.00000E-01	5.05618E+00	8.95740E+02
2.00000E-01	5.33708E+00	9.76313E+02
2.00000E-01	5.61798E+00	1.07981E+03
2.00000E-01	5.89888E+00	1.20336E+03
2.00000E-01	6.17978E+00	1.37493E+03
2.00000E-01	6.46067E+00	1.57190E+03
2.00000E-01	6.74157E+00	1.85802E+03
2.00000E-01	7.02247E+00	2.24837E+03
2.00000E-01	7.30337E+00	2.81621E+03
2.00000E-01	7.58427E+00	3.55425E+03
2.00000E-01	7.86517E+00	4.47841E+03
2.00000E-01	8.14607E+00	5.28128E+03
2.00000E-01	8.42697E+00	6.06404E+03
2.00000E-01	8.70787E+00	6.78534E+03
2.00000E-01	8.98876E+00	7.52786E+03
2.00000E-01	9.26966E+00	8.35182E+03
2.00000E-01	9.55056E+00	9.24914E+03
2.00000E-01	9.83146E+00	1.02898E+04
2.00000E-01	1.01124E+01	1.10853E+04
2.00000E-01	1.03933E+01	1.19504E+04
2.00000E-01	1.06742E+01	1.29442E+04
2.00000E-01	1.09551E+01	1.39982E+04
2.00000E-01	1.12360E+01	1.52660E+04
2.00000E-01	1.15169E+01	1.65972E+04
2.00000E-01	1.17978E+01	1.81498E+04
2.00000E-01	1.20787E+01	1.97296E+04
2.00000E-01	1.23596E+01	2.14028E+04
2.00000E-01	1.26404E+01	2.31051E+04
2.00000E-01	1.29213E+01	2.48359E+04
2.00000E-01	1.32022E+01	2.66782E+04
2.00000E-01	1.34831E+01	2.86094E+04
2.00000E-01	1.37640E+01	3.07844E+04
2.00000E-01	1.40449E+01	3.31384E+04
2.00000E-01	1.43258E+01	3.58143E+04
2.00000E-01	1.46067E+01	3.87180E+04
2.00000E-01	1.48876E+01	4.18361E+04
2.00000E-01	1.51685E+01	4.49723E+04
2.00000E-01	1.54494E+01	4.80785E+04
2.00000E-01	1.57303E+01	5.08990E+04
2.00000E-01	1.60112E+01	5.35176E+04
2.00000E-01	1.62921E+01	5.58186E+04
2.00000E-01	1.65730E+01	5.78549E+04
2.00000E-01	1.68539E+01	5.96529E+04
2.00000E-01	1.71348E+01	6.12707E+04
2.00000E-01	1.74157E+01	6.27652E+04
2.00000E-01	1.76966E+01	6.40700E+04
2.00000E-01	1.79775E+01	6.52727E+04
2.00000E-01	1.82584E+01	6.62942E+04
2.00000E-01	1.85393E+01	6.72245E+04
2.00000E-01	1.88202E+01	6.79594E+04
2.00000E-01	1.91011E+01	6.85847E+04
2.00000E-01	1.93820E+01	6.90707E+04
2.00000E-01	1.96629E+01	6.94624E+04
2.00000E-01	1.99438E+01	6.97742E+04
2.00000E-01	2.02247E+01	6.99875E+04
2.00000E-01	2.05056E+01	7.01622E+04
2.00000E-01	2.07865E+01	7.03233E+04
2.00000E-01	2.10674E+01	7.04428E+04
2.00000E-01	2.13483E+01	7.04198E+04
2.00000E-01	2.16292E+01	7.03693E+04
2.00000E-01	2.19101E+01	7.03077E+04
2.00000E-01	2.21910E+01	7.01607E+04
2.00000E-01	2.24719E+01	6.99481E+04
2.00000E-01	2.27528E+01	6.97325E+04
2.00000E-01	2.30337E+01	6.94977E+04
2.00000E-01	2.33146E+01	6.91800E+04
2.00000E-01	2.35955E+01	6.88431E+04
2.00000E-01	2.38764E+01	6.85095E+04
2.00000E-01	2.41573E+01	6.81464E+04
2.00000E-01	2.44382E+01	6.77350E+04
2.00000E-01	2.47191E+01	6.73283E+04
2.00000E-01	2.50000E+01	6.69215E+04
2.50000E-01	0.00000E+00	3.58340E+01
2.50000E-01	2.80899E-01	4.05569E+01
2.50000E-01	5.61798E-01	4.63996E+01
2.50000E-01	8.42697E-01	6.63058E+01
2.50000E-01	1.12360E+00	1.74797E+03
2.50000E-01	1.40449E+00	1.97202E+03
2.50000E-01	1.68539E+00	1.70265E+03
2.50000E-01	1.96629E+00	1.44943E+03
2.50000E-01	2.24719E+00	1.25323E+03
2.50000E-01	2.52809E+00	1.10606E+03
2.50000E-01	2.80899E+00	9.94228E+02
2.50000E-01	3.08989E+00	9.11619E+02
2.50000E-01	3.37079E+00	8.48441E+02
2.50000E-01	3.65169E+00	8.02782E+02
2.50000E-01	3.93258E+00	7.76734E+02
2.50000E-01	4.21348E+00	7.66241E+02
2.50000E-01	4.49438E+00	7.78734E+02
2.50000E-01	4.77528E+00	8.33679E+02
2.50000E-01	5.05618E+00	8.95974E+02
2.50000E-01	5.33708E+00	9.76479E+02
2.50000E-01	5.61798E+00	1.07988E+03
2.50000E-01	5.89888E+00	1.20371E+03
2.50000E-01	6.17978E+00	1.37493E+03
2.50000E-01	6.46067E+00	1.57235E+03
2.50000E-01	6.74157E+00	1.85827E+03
2.50000E-01	7.02247E+00	2.24960E+03
2.50000E-01	7.30337E+00	2.81694E+03
2.50000E-01	7.58427E+00	3.55524E+03
2.50000E-01	7.86517E+00	4.47809E+03
2.50000E-01	8.14607E+00	5.28161E+03
2.50000E-01	8.42697E+00	6.06390E+03
2.50000E-01	8.70787E+00	6.78556E+03
2.50000E-01	8.98876E+00	7.52825E+03
2.50000E-01	9.26966E+00	8.35222E+03
2.50000E-01	9.55056E+00	9.25036E+03
2.50000E-01	9.83146E+00	1.02870E+04
2.50000E-01	1.01124E+01	1.10858E+04
2.50000E-01	1.03933E+01	1.19512E+04
2.50000E-01	1.06742E+01	1.29442E+04
2.50000E-01	1.09551E+01	1.39997E+04
2.50000E-01	1.12360E+01	1.52661E+04
2.50000E-01	1.15169E+01	1.65990E+04
2.50000E-01	1.17978E+01	1.81501E+04
2.50000E-01	1.20787E+01	1.97307E+04
2.50000E-01	1.23596E+01	2.14032E+04
2.50000E-01	1.26404E+01	2.31053E+04
2.50000E-01	1.29213E+01	2.48371E+04
2.50000E-01	1.32022E+01	2.66787E+04
2.50000E-01	1.34831E+01	2.86112E+04
2.50000E-01	1.37640E+01	3.07847E+04
2.50000E-01	1.40449E+01	3.31401E+04
2.50000E-01	1.43258E+01	3.58155E+04
2.50000E-01	1.46067E+01	3.87194E+04
2.50000E-01	1.48876E+01	4.18369E+04
2.50000E-01	1.51685E+01	4.49733E+04
2.50000E-01	1.54494E+01	4.80778E+04
2.50000E-01	1.57303E+01	5.08992E+04
2.50000E-01	1.60112E+01	5.35169E+04
2.50000E-01	1.62921E+01	5.58183E+04
2.50000E-01	1.65730E+01	5.78544E+04
2.50000E-01	1.68539E+01	5.96524E+04
2.50000E-01	1.71348E+01	6.12709E+04
2.50000E-01	1.74157E+01	6.27645E+04
2.50000E-01	1.76966E+01	6.40700E+04
2.50000E-01	1.79775E+01	6.52722E+04
2.50000E-01	1.82584E+01	6.62942E+04
2.50000E-01	1.85393E+01	6.72235E+04
2.50000E-01	1.88202E+01	6.79593E+04
2.50000E-01	1.91011E+01	6.85843E+04
2.50000E-01	1.93820E+01	6.90706E+04
2.50000E-01	1.96629E+01	6.94623E+04
2.50000E-01	1.99438E+01	6.97738E+04
2.50000E-01	2.02247E+01	6.99875E+04
2.50000E-01	2.05056E+01	7.01622E+04
2.50000E-01	2.07865E+01	7.03233E+04
2.50000E-01	2.10674E+01	7.04422E+04
2.50000E-01	2.13483E+01	7.04198E+04
2.50000E-01	2.16292E+01	7.03693E+04
2.50000E-01	2.19101E+01	7.03075E+04
2.50000E-01	2.21910E+01	7.01606E+04
2.50000E-01	2.24719E+01	6.99481E+04
2.50000E-01	2.27528E+01	6.97325E+04
2.50000E-01	2.30337E+01	6.94973E+04
2.50000E-01	2.33146E+01	6.91800E+04
2.50000E-01	2.35955E+01	6.88431E+04
2.50000E-01	2.38764E+01	6.85094E+04
2.50000E-01	2.41573E+01	6.81461E+04
2.50000E-01	2.44382E+01	6.77350E+04
2.50000E-01	2.47191E+01	6.73282E+04
2.50000E-01	2.50000E+01	6.69213E+04
3.00000E-01	0.00000E+00	3.53639E+01
3.00000E-01	2.80899E-01	4.05112E+01
3.00000E-01	5.61798E-01	4.65476E+01
3.00000E-01	8.42697E-01	6.79435E+01
3.00000E-01	1.12360E+00	1.73020E+03
3.00000E-01	1.40449E+00	1.97052E+03
3.00000E-01	1.68539E+00	1.70211E+03
3.00000E-01	1.96629E+00	1.44931E+03
3.00000E-01	2.24719E+00	1.25321E+03
3.00000E-01	2.52809E+00	1.10603E+03
3.00000E-01	2.80899E+00	9.94274E+02
3.00000E-01	3.08989E+00	9.11616E+02
3.00000E-01	3.37079E+00	8.48477E+02
3.00000E-01	3.65169E+00	8.02853E+02
3.00000E-01	3.93258E+00	7.76746E+02
3.00000E-01	4.21348E+00	7.66279E+02
3.00000E-01	4.49438E+00	7.79037E+02
3.00000E-01	4.77528E+00	8.33726E+02
3.00000E-01	5.05618E+00	8.96233E+02
3.00000E-01	5.33708E+00	9.76682E+02
3.00000E-01	5.61798E+00	1.07998E+03
3.00000E-01	5.89888E+00	1.20410E+03
3.00000E-01	6.17978E+00	1.37494E+03
3.00000E-01	6.46067E+00	1.57295E+03
3.00000E-01	6.74157E+00	1.85862E+03
3.00000E-01	7.02247E+00	2.25100E+03
3.00000E-01	7.30337E+00	2.81778E+03
3.00000E-01	7.58427E+00	3.55646E+03
3.00000E-01	7.86517E+00	4.47770E+03
3.00000E-01	8.14607E+00	5.28205E+03
3.00000E-01	8.42697E+00	6.06375E+03
3.00000E-01	8.70787E+00	6.78582E+03
3.00000E-01	8.98876E+00	7.52877E+03
3.00000E-01	9.26966E+00	8.35270E+03
3.00000E-01	9.55056E+00	9.25184E+03
3.00000E-01	9.83146E+00	1.02840E+04
3.00000E-01	1.01124E+01	1.10864E+04
3.00000E-01	1.03933E+01	1.19522E+04
3.00000E-01	1.06742E+01	1.29444E+04
3.00000E-01	1.09551E+01	1.40015E+04
3.00000E-01	1.12360E+01	1.52662E+04
3.00000E-01	1.15169E+01	1.66011E+04
3.00000E-01	1.17978E+01	1.81505E+04
3.00000E-01	1.20787E+01	1.97320E+04
3.00000E-01	1.23596E+01	2.14038E+04
3.00000E-01	1.26404E+01	2.31057E+04
3.00000E-01	1.29213E+01	2.48385E+04
3.00000E-01	1.32022E+01	2.66793E+04
3.00000E-01	1.34831E+01	2.86134E+04
3.00000E-01	1.37640E+01	3.07853E+04
3.00000E-01	1.40449E+01	3.31422E+04
3.00000E-01	1.43258E+01	3.58170E+04
3.00000E-01	1.46067E+01	3.87211E+04
3.00000E-01	1.48876E+01	4.18378E+04
3.00000E-01	1.51685E+01	4.49745E+04
3.00000E-01	1.54494E+01	4.80769E+04
3.00000E-01	1.57303E+01	5.08995E+04
3.00000E-01	1.60112E+01	5.35161E+04
3.00000E-01	1.62921E+01	5.58179E+04
3.00000E-01	1.65730E+01	5.78538E+04
3.00000E-01	1.68539E+01	5.96517E+04
3.00000E-01	1.71348E+01	6.12710E+04
3.00000E-01	1.74157E+01	6.27636E+04
3.00000E-01	1.76966E+01	6.40701E+04
3.00000E-01	1.79775E+01	6.52715E+04
3.00000E-01	1.82584E+01	6.62942E+04
3.00000E-01	1.85393E+01	6.72224E+04
3.00000E-01	1.88202E+01	6.79593E+04
3.00000E-01	1.91011E+01	6.85838E+04
3.00000E-01	1.93820E+01	6.90703E+04
3.00000E-01	1.96629E+01	6.94622E+04
3.00000E-01	1.99438E+01	6.97732E+04
3.00000E-01	2.02247E+01	6.99875E+04
3.00000E-01	2.05056E+01	7.01622E+04
3.00000E-01	2.07865E+01	7.03233E+04
3.00000E-01	2.10674E+01	7.04414E+04
3.00000E-01	2.13483E+01	7.04198E+04
3.00000E-01	2.16292E+01	7.03693E+04
3.00000E-01	2.19101E+01	7.03072E+04
3.00000E-01	2.21910E+01	7.01604E+04
3.00000E-01	2.24719E+01	6.99481E+04
3.00000E-01	2.27528E+01	6.97324E+04
3.00000E-01	2.30337E+01	6.94968E+04
3.00000E-01	2.33146E+01	6.91800E+04
3.00000E-01	2.35955E+01	6.88430E+04
3.00000E-01	2.38764E+01	6.85093E+04
3.00000E-01	2.41573E+01	6.81458E+04
3.00000E-01	2.44382E+01	6.77350E+04
3.00000E-01	2.47191E+01	6.73282E+04
3.00000E-01	2.50000E+01	6.69212E+04
4.00000E-01	0.00000E+00	3.55630E+01
4.00000E-01	2.80899E-01	4.04000E+01
4.00000E-01	5.61798E-01	4.69124E+01
4.00000E-01	8.42697E-01	7.74028E+01
4.00000E-01	1.12360E+00	1.69091E+03
4.00000E-01	1.40449E+00	1.96647E+03
4.00000E-01	1.68539E+00	1.70080E+03
4.00000E-01	1.96629E+00	1.44901E+03
4.00000E-01	2.24719E+00	1.25314E+03
4.00000E-01	2.52809E+00	1.10597E+03
4.00000E-01	2.80899E+00	9.94358E+02
4.00000E-01	3.08989E+00	9.11624E+02
4.00000E-01	3.37079E+00	8.48561E+02
4.00000E-01	3.65169E+00	8.03016E+02
4.00000E-01	3.93258E+00	7.76818E+02
4.00000E-01	4.21348E+00	7.66411E+02
4.00000E-01	4.49438E+00	7.79765E+02
4.00000E-01	4.77528E+00	8.33855E+02
4.00000E-01	5.05618E+00	8.96804E+02
4.00000E-01	5.33708E+00	9.77177E+02
4.00000E-01	5.61798E+00	1.08030E+03
4.00000E-01	5.89888E+00	1.20502E+03
4.00000E-01	6.17978E+00	1.37506E+03
4.00000E-01	6.46067E+00	1.57455E+03
4.00000E-01	6.74157E+00	1.85967E+03
4.00000E-01	7.02247E+00	2.25427E+03
4.00000E-01	7.30337E+00	2.81989E+03
4.00000E-01	7.58427E+00	3.55962E+03
4.00000E-01	7.86517E+00	4.47680E+03
4.00000E-01	8.14607E+00	5.28320E+03
4.00000E-01	8.42697E+00	6.06346E+03
4.00000E-01	8.70787E+00	6.78654E+03
4.00000E-01	8.98876E+00	7.53029E+03
4.00000E-01	9.26966E+00	8.35393E+03
4.00000E-01	9.55056E+00	9.25547E+03
4.00000E-01	9.83146E+00	1.02780E+04
4.00000E-01	1.01124E+01	1.10879E+04
4.00000E-01	1.03933E+01	1.19547E+04
4.00000E-01	1.06742E+01	1.29449E+04
4.00000E-01	1.09551E+01	1.40060E+04
4.00000E-01	1.12360E+01	1.52667E+04
4.00000E-01	1.15169E+01	1.66062E+04
4.00000E-01	1.17978E+01	1.81514E+04
4.00000E-01	1.20787E+01	1.97350E+04
4.00000E-01	1.23596E+01	2.14053E+04
4.00000E-01	1.26404E+01	2.31067E+04
4.00000E-01	1.29213E+01	2.48418E+04
4.00000E-01	1.32022E+01	2.66810E+04
4.00000E-01	1.34831E+01	2.86186E+04
4.00000E-01	1.37640E+01	3.07871E+04
4.00000E-01	1.40449E+01	3.31478E+04
4.00000E-01	1.43258E+01	3.58208E+04
4.00000E-01	1.46067E+01	3.87255E+04
4.00000E-01	1.48876E+01	4.18402E+04
4.00000E-01	1.51685E+01	4.49770E+04
4.00000E-01	1.54494E+01	4.80748E+04
4.00000E-01	1.57303E+01	5.09000E+04
4.00000E-01	1.60112E+01	5.35139E+04
4.00000E-01	1.62921E+01	5.58166E+04
4.00000E-01	1.65730E+01	5.78523E+04
4.00000E-01	1.68539E+01	5.96502E+04
4.00000E-01	1.71348E+01	6.12712E+04
4.00000E-01	1.74157E+01	6.27615E+04
4.00000E-01	1.76966E+01	6.40701E+04
4.00000E-01	1.79775E+01	6.52698E+04
4.00000E-01	1.82584E+01	6.62942E+04
4.00000E-01	1.85393E+01	6.72198E+04
4.00000E-01	1.88202E+01	6.79590E+04
4.00000E-01	1.91011E+01	6.85826E+04
4.00000E-01	1.93820E+01	6.90697E+04
4.00000E-01	1.96629E+01	6.94619E+04
4.00000E-01	1.99438E+01	6.97720E+04
4.00000E-01	2.02247E+01	6.99875E+04
4.00000E-01	2.05056E+01	7.01622E+04
4.00000E-01	2.07865E+01	7.03232E+04
4.00000E-01	2.10674E+01	7.04395E+04
4.00000E-01	2.13483E+01	7.04198E+04
4.00000E-01	2.16292E+01	7.03693E+04
4.00000E-01	2.19101E+01	7.03064E+04
4.00000E-01	2.21910E+01	7.01599E+04
4.00000E-01	2.24719E+01	6.99481E+04
4.00000E-01	2.27528E+01	6.97323E+04
4.00000E-01	2.30337E+01	6.94956E+04
4.00000E-01	2.33146E+01	6.91799E+04
4.00000E-01	2.35955E+01	6.88430E+04
4.00000E-01	2.38764E+01	6.85090E+04
4.00000E-01	2.41573E+01	6.81450E+04
4.00000E-01	2.44382E+01	6.77350E+04
4.00000E-01	2.47191E+01	6.73282E+04
4.00000E-01	2.50000E+01	6.69207E+04
5.00000E-01	0.00000E+00	3.63874E+01
5.00000E-01	2.80899E-01	4.04317E+01
5.00000E-01	5.61798E-01	4.74254E+01
5.00000E-01	8.42697E-01	9.81431E+01
5.00000E-01	1.12360E+00	1.65197E+03
5.00000E-01	1.40449E+00	1.96077E+03
5.00000E-01	1.68539E+00	1.69917E+03
5.00000E-01	1.96629E+00	1.44860E+03
5.00000E-01	2.24719E+00	1.25303E+03
5.00000E-01	2.52809E+00	1.10591E+03
5.00000E-01	2.80899E+00	9.94428E+02
5.00000E-01	3.08989E+00	9.11647E+02
5.00000E-01	3.37079E+00	8.48658E+02
5.00000E-01	3.65169E+00	8.03207E+02
5.00000E-01	3.93258E+00	7.76956E+02
5.00000E-01	4.21348E+00	7.66633E+02
5.00000E-01	4.49438E+00	7.80632E+02
5.00000E-01	4.77528E+00	8.34042E+02
5.00000E-01	5.05618E+00	8.97424E+02
5.00000E-01	5.33708E+00	9.77770E+02
5.00000E-01	5.61798E+00	1.08077E+03
5.00000E-01	5.89888E+00	1.20613E+03
5.00000E-01	6.17978E+00	1.37537E+03
5.00000E-01	6.46067E+00	1.57659E+03
5.00000E-01	6.74157E+00	1.86123E+03
5.00000E-01	7.02247E+00	2.25814E+03
5.00000E-01	7.30337E+00	2.82272E+03
5.00000E-01	7.58427E+00	3.56369E+03
5.00000E-01	7.86517E+00	4.47583E+03
5.00000E-01	8.14607E+00	5.28460E+03
5.00000E-01	8.42697E+00	6.06326E+03
5.00000E-01	8.70787E+00	6.78758E+03
5.00000E-01	8.98876E+00	7.53241E+03
5.00000E-01	9.26966E+00	8.35562E+03
5.00000E-01	9.55056E+00	9.25980E+03
5.00000E-01	9.83146E+00	1.02723E+04
5.00000E-01	1.01124E+01	1.10900E+04
5.00000E-01	1.03933E+01	1.19579E+04
5.00000E-01	1.06742E+01	1.29460E+04
5.00000E-01	1.09551E+01	1.40113E+04
5.00000E-01	1.12360E+01	1.52678E+04
5.00000E-01	1.15169E+01	1.66121E+04
5.00000E-01	1.17978E+01	1.81528E+04
5.00000E-01	1.20787E+01	1.97385E+04
5.00000E-01	1.23596E+01	2.14073E+04
5.00000E-01	1.26404E+01	2.31083E+04
5.00000E-01	1.29213E+01	2.48457E+04
5.00000E-01	1.32022E+01	2.66833E+04
5.00000E-01	1.34831E+01	2.86248E+04
5.00000E-01	1.37640E+01	3.07902E+04
5.00000E-01	1.40449E+01	3.31550E+04
5.00000E-01	1.43258E+01	3.58259E+04
5.00000E-01	1.46067E+01	3.87310E+04
5.00000E-01	1.48876E+01	4.18431E+04
5.00000E-01	1.51685E+01	4.49798E+04
5.00000E-01	1.54494E+01	4.80723E+04
5.00000E-01	1.57303E+01	5.09004E+04
5.00000E-01	1.60112E+01	5.35111E+04
5.00000E-01	1.62921E+01	5.58149E+04
5.00000E-01	1.65730E+01	5.78504E+04
5.00000E-01	1.68539E+01	5.96485E+04
5.00000E-01	1.71348E+01	6.12712E+04
5.00000E-01	1.74157E+01	6.27592E+04
5.00000E-01	1.76966E+01	6.40701E+04
5.00000E-01	1.79775E+01	6.52678E+04
5.00000E-01	1.82584E+01	6.62941E+04
5.00000E-01	1.85393E+01	6.72168E+04
5.00000E-01	1.88202E+01	6.79585E+04
5.00000E-01	1.91011E+01	6.85810E+04
5.00000E-01	1.93820E+01	6.90689E+04
5.00000E-01	1.96629E+01	6.94613E+04
5.00000E-01	1.99438E+01	6.97706E+04
5.00000E-01	2.02247E+01	6.99874E+04
5.00000E-01	2.05056E+01	7.01622E+04
5.00000E-01	2.07865E+01	7.03230E+04
5.00000E-01	2.10674E+01	7.04373E+04
5.00000E-01	2.13483E+01	7.04197E+04
5.00000E-01	2.16292E+01	7.03692E+04
5.00000E-01	2.19101E+01	7.03053E+04
5.00000E-01	2.21910E+01	7.01592E+04
5.00000E-01	2.24719E+01	6.99480E+04
5.00000E-01	2.27528E+01	6.97320E+04
5.00000E-01	2.30337E+01	6.94942E+04
5.00000E-01	2.33146E+01	6.91798E+04
5.00000E-01	2.35955E+01	6.88430E+04
5.00000E-01	2.38764E+01	6.85086E+04
5.00000E-01	2.41573E+01	6.81441E+04
5.00000E-01	2.44382E+01	6.77349E+04
5.00000E-01	2.47191E+01	6.73281E+04
5.00000E-01	2.50000E+01	6.69202E+04
6.00000E-01	0.00000E+00	3.72968E+01
6.00000E-01	2.80899E-01	4.06668E+01
6.00000E-01	5.61798E-01	4.83621E+01
6.00000E-01	8.42697E-01	1.30488E+02
6.00000E-01	1.12360E+00	1.61696E+03
6.00000E-01	1.40449E+00	1.95313E+03
6.00000E-01	1.68539E+00	1.69721E+03
6.00000E-01	1.96629E+00	1.44806E+03
6.00000E-01	2.24719E+00	1.25287E+03
6.00000E-01	2.52809E+00	1.10583E+03
6.00000E-01	2.80899E+00	9.94488E+02
6.00000E-01	3.08989E+00	9.11682E+02
6.00000E-01	3.37079E+00	8.48767E+02
6.00000E-01	3.65169E+00	8.03429E+02
6.00000E-01	3.93258E+00	7.77155E+02
6.00000E-01	4.21348E+00	7.66958E+02
6.00000E-01	4.49438E+00	7.81612E+02
6.00000E-01	4.77528E+00	8.34301E+02
6.00000E-01	5.05618E+00	8.98089E+02
6.00000E-01	5.33708E+00	9.78460E+02
6.00000E-01	5.61798E+00	1.08138E+03
6.00000E-01	5.89888E+00	1.20743E+03
6.00000E-01	6.17978E+00	1.37593E+03
6.00000E-01	6.46067E+00	1.57896E+03
6.00000E-01	6.74157E+00	1.86337E+03
6.00000E-01	7.02247E+00	2.26257E+03
6.00000E-01	7.30337E+00	2.82641E+03
6.00000E-01	7.58427E+00	3.56858E+03
6.00000E-01	7.86517E+00	4.47491E+03
6.00000E-01	8.14607E+00	5.28612E+03
6.00000E-01	8.42697E+00	6.06321E+03
6.00000E-01	8.70787E+00	6.78897E+03
6.00000E-01	8.98876E+00	7.53509E+03
6.00000E-01	9.26966E+00	8.35786E+03
6.00000E-01	9.55056E+00	9.26459E+03
6.00000E-01	9.83146E+00	1.02671E+04
6.00000E-01	1.01124E+01	1.10925E+04
6.00000E-01	1.03933E+01	1.19617E+04
6.00000E-01	1.06742E+01	1.29478E+04
6.00000E-01	1.09551E+01	1.40174E+04
6.00000E-01	1.12360E+01	1.52697E+04
6.00000E-01	1.15169E+01	1.66188E+04
6.00000E-01	1.17978E+01	1.81548E+04
6.00000E-01	1.20787E+01	1.97426E+04
6.00000E-01	1.23596E+01	2.14097E+04
6.00000E-01	1.26404E+01	2.31105E+04
6.00000E-01	1.29213E+01	2.48502E+04
6.00000E-01	1.32022E+01	2.66865E+04
6.00000E-01	1.34831E+01	2.86320E+04
6.00000E-01	1.37640E+01	3.07947E+04
6.00000E-01	1.40449E+01	3.31636E+04
6.00000E-01	1.43258E+01	3.58323E+04
6.00000E-01	1.46067E+01	3.87378E+04
6.00000E-01	1.48876E+01	4.18466E+04
6.00000E-01	1.51685E+01	4.49829E+04
6.00000E-01	1.54494E+01	4.80697E+04
6.00000E-01	1.57303E+01	5.09004E+04
6.00000E-01	1.60112E+01	5.35078E+04
6.00000E-01	1.62921E+01	5.58127E+04
6.00000E-01	1.65730E+01	5.78482E+04
6.00000E-01	1.68539E+01	5.96466E+04
6.00000E-01	1.71348E+01	6.12711E+04
6.00000E-01	1.74157E+01	6.27567E+04
6.00000E-01	1.76966E+01	6.40698E+04
6.00000E-01	1.79775E+01	6.52655E+04
6.00000E-01	1.82584E+01	6.62937E+04
6.00000E-01	1.85393E+01	6.72137E+04
6.00000E-01	1.88202E+01	6.79576E+04
6.00000E-01	1.91011E+01	6.85791E+04
6.00000E-01	1.93820E+01	6.90678E+04
6.00000E-01	1.96629E+01	6.94604E+04
6.00000E-01	1.99438E+01	6.97690E+04
6.00000E-01	2.02247E+01	6.99871E+04
6.00000E-01	2.05056E+01	7.01622E+04
6.00000E-01	2.07865E+01	7.03227E+04
6.00000E-01	2.10674E+01	7.04347E+04
6.00000E-01	2.13483E+01	7.04194E+04
6.00000E-01	2.16292E+01	7.03692E+04
6.00000E-01	2.19101E+01	7.03040E+04
6.00000E-01	2.21910E+01	7.01582E+04
6.00000E-01	2.24719E+01	6.99480E+04
6.00000E-01	2.27528E+01	6.97317E+04
6.00000E-01	2.30337E+01	6.94926E+04
6.00000E-01	2.33146E+01	6.91795E+04
6.00000E-01	2.35955E+01	6.88429E+04
6.00000E-01	2.38764E+01	6.85080E+04
6.00000E-01	2.41573E+01	6.81431E+04
6.00000E-01	2.44382E+01	6.77349E+04
6.00000E-01	2.47191E+01	6.73280E+04
6.00000E-01	2.50000E+01	6.69195E+04
7.00000E-01	0.00000E+00	3.81070E+01
7.00000E-01	2.80899E-01	4.10682E+01
7.00000E-01	5.61798E-01	5.03191E+01
7.00000E-01	8.42697E-01	1.72390E+02
7.00000E-01	1.12360E+00	1.58696E+03
7.00000E-01	1.40449E+00	1.94335E+03
7.00000E-01	1.68539E+00	1.69487E+03
7.00000E-01	1.96629E+00	1.44737E+03
7.00000E-01	2.24719E+00	1.25265E+03
7.00000E-01	2.52809E+00	1.10575E+03
7.00000E-01	2.80899E+00	9.94540E+02
7.00000E-01	3.08989E+00	9.11723E+02
7.00000E-01	3.37079E+00	8.48889E+02
7.00000E-01	3.65169E+00	8.03681E+02
7.00000E-01	3.93258E+00	7.77409E+02
7.00000E-01	4.21348E+00	7.67393E+02
7.00000E-01	4.49438E+00	7.82687E+02
7.00000E-01	4.77528E+00	8.34650E+02
7.00000E-01	5.05618E+00	8.98801E+02
7.00000E-01	5.33708E+00	9.79249E+02
7.00000E-01	5.61798E+00	1.08214E+03
7.00000E-01	5.89888E+00	1.20888E+03
7.00000E-01	6.17978E+00	1.37679E+03
7.00000E-01	6.46067E+00	1.58162E+03
7.00000E-01	6.74157E+00	1.86612E+03
7.00000E-01	7.02247E+00	2.26756E+03
7.00000E-01	7.30337E+00	2.83101E+03
7.00000E-01	7.58427E+00	3.57418E+03
7.00000E-01	7.86517E+00	4.47418E+03
7.00000E-01	8.14607E+00	5.28768E+03
7.00000E-01	8.42697E+00	6.06336E+03
7.00000E-01	8.70787E+00	6.79071E+03
7.00000E-01	8.98876E+00	7.53826E+03
7.00000E-01	9.26966E+00	8.36071E+03
7.00000E-01	9.55056E+00	9.26963E+03
7.00000E-01	9.83146E+00	1.02624E+04
7.00000E-01	1.01124E+01	1.10952E+04
7.00000E-01	1.03933E+01	1.19660E+04
7.00000E-01	1.06742E+01	1.29503E+04
7.00000E-01	1.09551E+01	1.40240E+04
7.00000E-01	1.12360E+01	1.52725E+04
7.00000E-01	1.15169E+01	1.66260E+04
7.00000E-01	1.17978E+01	1.81575E+04
7.00000E-01	1.20787E+01	1.97471E+04
7.00000E-01	1.23596E+01	2.14127E+04
7.00000E-01	1.26404E+01	2.31134E+04
7.00000E-01	1.29213E+01	2.48552E+04
7.00000E-01	1.32022E+01	2.66906E+04
7.00000E-01	1.34831E+01	2.86400E+04
7.00000E-01	1.37640E+01	3.08005E+04
7.00000E-01	1.40449E+01	3.31735E+04
7.00000E-01	1.43258E+01	3.58401E+04
7.00000E-01	1.46067E+01	3.87456E+04
7.00000E-01	1.48876E+01	4.18508E+04
7.00000E-01	1.51685E+01	4.49862E+04
7.00000E-01	1.54494E+01	4.80670E+04
7.00000E-01	1.57303E+01	5.09000E+04
7.00000E-01	1.60112E+01	5.35041E+04
7.00000E-01	1.62921E+01	5.58099E+04
7.00000E-01	1.65730E+01	5.78455E+04
7.00000E-01	1.68539E+01	5.96445E+04
7.00000E-01	1.71348E+01	6.12706E+04
7.00000E-01	1.74157E+01	6.27541E+04
7.00000E-01	1.76966E+01	6.40693E+04
7.00000E-01	1.79775E+01	6.52630E+04
7.00000E-01	1.82584E+01	6.62931E+04
7.00000E-01	1.85393E+01	6.72103E+04
7.00000E-01	1.88202E+01	6.79564E+04
7.00000E-01	1.91011E+01	6.85769E+04
7.00000E-01	1.93820E+01	6.90665E+04
7.00000E-01	1.96629E+01	6.94593E+04
7.00000E-01	1.99438E+01	6.97673E+04
7.00000E-01	2.02247E+01	6.99868E+04
7.00000E-01	2.05056E+01	7.01622E+04
7.00000E-01	2.07865E+01	7.03222E+04
7.00000E-01	2.10674E+01	7.04318E+04
7.00000E-01	2.13483E+01	7.04191E+04
7.00000E-01	2.16292E+01	7.03690E+04
7.00000E-01	2.19101E+01	7.03024E+04
7.00000E-01	2.21910E+01	7.01570E+04
7.00000E-01	2.24719E+01	6.99479E+04
7.00000E-01	2.27528E+01	6.97313E+04
7.00000E-01	2.30337E+01	6.94908E+04
7.00000E-01	2.33146E+01	6.91790E+04
7.00000E-01	2.35955E+01	6.88428E+04
7.00000E-01	2.38764E+01	6.85073E+04
7.00000E-01	2.41573E+01	6.81419E+04
7.00000E-01	2.44382E+01	6.77348E+04
7.00000E-01	2.47191E+01	6.73278E+04
7.00000E-01	2.50000E+01	6.69188E+04
8.00000E-01	0.00000E+00	3.88147E+01
8.00000E-01	2.80899E-01	4.16653E+01
8.00000E-01	5.61798E-01	5.41272E+01
8.00000E-01	8.42697E-01	2.21068E+02
8.00000E-01	1.12360E+00	1.56179E+03
8.00000E-01	1.40449E+00	1.93140E+03
8.00000E-01	1.68539E+00	1.69207E+03
8.00000E-01	1.96629E+00	1.44653E+03
8.00000E-01	2.24719E+00	1.25237E+03
8.00000E-01	2.52809E+00	1.10564E+03
8.00000E-01	2.80899E+00	9.94584E+02
8.00000E-01	3.08989E+00	9.11769E+02
8.00000E-01	3.37079E+00	8.49025E+02
8.00000E-01	3.65169E+00	8.03965E+02
8.00000E-01	3.93258E+00	7.77714E+02
8.00000E-01	4.21348E+00	7.67939E+02
8.00000E-01	4.49438E+00	7.83843E+02
8.00000E-01	4.77528E+00	8.35101E+02
8.00000E-01	5.05618E+00	8.99566E+02
8.00000E-01	5.33708E+00	9.80143E+02
8.00000E-01	5.61798E+00	1.08305E+03
8.00000E-01	5.89888E+00	1.21049E+03
8.00000E-01	6.17978E+00	1.37795E+03
8.00000E-01	6.46067E+00	1.58453E+03
8.00000E-01	6.74157E+00	1.86949E+03
8.00000E-01	7.02247E+00	2.27309E+03
8.00000E-01	7.30337E+00	2.83653E+03
8.00000E-01	7.58427E+00	3.58040E+03
8.00000E-01	7.86517E+00	4.47372E+03
8.00000E-01	8.14607E+00	5.28923E+03
8.00000E-01	8.42697E+00	6.06374E+03
8.00000E-01	8.70787E+00	6.79279E+03
8.00000E-01	8.98876E+00	7.54188E+03
8.00000E-01	9.26966E+00	8.36421E+03
8.00000E-01	9.55056E+00	9.27479E+03
8.00000E-01	9.83146E+00	1.02585E+04
8.00000E-01	1.01124E+01	1.10982E+04
8.00000E-01	1.03933E+01	1.19707E+04
8.00000E-01	1.06742E+01	1.29536E+04
8.00000E-01	1.09551E+01	1.40311E+04
8.00000E-01	1.12360E+01	1.52763E+04
8.00000E-01	1.15169E+01	1.66337E+04
8.00000E-01	1.17978E+01	1.81609E+04
8.00000E-01	1.20787E+01	1.97520E+04
8.00000E-01	1.23596E+01	2.14161E+04
8.00000E-01	1.26404E+01	2.31168E+04
8.00000E-01	1.29213E+01	2.48606E+04
8.00000E-01	1.32022E+01	2.66956E+04
8.00000E-01	1.34831E+01	2.86488E+04
8.00000E-01	1.37640E+01	3.08079E+04
8.00000E-01	1.40449E+01	3.31846E+04
8.00000E-01	1.43258E+01	3.58493E+04
8.00000E-01	1.46067E+01	3.87546E+04
8.00000E-01	1.48876E+01	4.18557E+04
8.00000E-01	1.51685E+01	4.49896E+04
8.00000E-01	1.54494E+01	4.80644E+04
8.00000E-01	1.57303E+01	5.08991E+04
8.00000E-01	1.60112E+01	5.35000E+04
8.00000E-01	1.62921E+01	5.58067E+04
8.00000E-01	1.65730E+01	5.78425E+04
8.00000E-01	1.68539E+01	5.96424E+04
8.00000E-01	1.71348E+01	6.12697E+04
8.00000E-01	1.74157E+01	6.27514E+04
8.00000E-01	1.76966E+01	6.40685E+04
8.00000E-01	1.79775E+01	6.52602E+04
8.00000E-01	1.82584E+01	6.62922E+04
8.00000E-01	1.85393E+01	6.72068E+04
8.00000E-01	1.88202E+01	6.79547E+04
8.00000E-01	1.91011E+01	6.85745E+04
8.00000E-01	1.93820E+01	6.90650E+04
8.00000E-01	1.96629E+01	6.94580E+04
8.00000E-01	1.99438E+01	6.97654E+04
8.00000E-01	2.02247E+01	6.99863E+04
8.00000E-01	2.05056E+01	7.01622E+04
8.00000E-01	2.07865E+01	7.03216E+04
8.00000E-01	2.10674E+01	7.04288E+04
8.00000E-01	2.13483E+01	7.04185E+04
8.00000E-01	2.16292E+01	7.03688E+04
8.00000E-01	2.19101E+01	7.03005E+04
8.00000E-01	2.21910E+01	7.01555E+04
8.00000E-01	2.24719E+01	6.99477E+04
8.00000E-01	2.27528E+01	6.97308E+04
8.00000E-01	2.30337E+01	6.94889E+04
8.00000E-01	2.33146E+01	6.91785E+04
8.00000E-01	2.35955E+01	6.88427E+04
8.00000E-01	2.38764E+01	6.85065E+04
8.00000E-01	2.41573E+01	6.81406E+04
8.00000E-01	2.44382E+01	6.77346E+04
8.00000E-01	2.47191E+01	6.73276E+04
8.00000E-01	2.50000E+01	6.69180E+04
9.00000E-01	0.00000E+00	3.95209E+01
9.00000E-01	2.80899E-01	4.26495E+01
9.00000E-01	5.61798E-01	6.06587E+01
9.00000E-01	8.42697E-01	2.73923E+02
9.00000E-01	1.12360E+00	1.54079E+03
9.00000E-01	1.40449E+00	1.91738E+03
9.00000E-01	1.68539E+00	1.68874E+03
9.00000E-01	1.96629E+00	1.44550E+03
9.00000E-01	2.24719E+00	1.25202E+03
9.00000E-01	2.52809E+00	1.10550E+03
9.00000E-01	2.80899E+00	9.94619E+02
9.00000E-01	3.08989E+00	9.11819E+02
9.00000E-01	3.37079E+00	8.49175E+02
9.00000E-01	3.65169E+00	8.04279E+02
9.00000E-01	3.93258E+00	7.78070E+02
9.00000E-01	4.21348E+00	7.68595E+02
9.00000E-01	4.49438E+00	7.85071E+02
9.00000E-01	4.77528E+00	8.35663E+02
9.00000E-01	5.05618E+00	9.00393E+02
9.00000E-01	5.33708E+00	9.81144E+02
9.00000E-01	5.61798E+00	1.08412E+03
9.00000E-01	5.89888E+00	1.21224E+03
9.00000E-01	6.17978E+00	1.37944E+03
9.00000E-01	6.46067E+00	1.58770E+03
9.00000E-01	6.74157E+00	1.87348E+03
9.00000E-01	7.02247E+00	2.27916E+03
9.00000E-01	7.30337E+00	2.84296E+03
9.00000E-01	7.58427E+00	3.58713E+03
9.00000E-01	7.86517E+00	4.47362E+03
9.00000E-01	8.14607E+00	5.29076E+03
9.00000E-01	8.42697E+00	6.06434E+03
9.00000E-01	8.70787E+00	6.79520E+03
9.00000E-01	8.98876E+00	7.54592E+03
9.00000E-01	9.26966E+00	8.36834E+03
9.00000E-01	9.55056E+00	9.27998E+03
9.00000E-01	9.83146E+00	1.02552E+04
9.00000E-01	1.01124E+01	1.11014E+04
9.00000E-01	1.03933E+01	1.19760E+04
9.00000E-01	1.06742E+01	1.29578E+04
9.00000E-01	1.09551E+01	1.40388E+04
9.00000E-01	1.12360E+01	1.52811E+04
9.00000E-01	1.15169E+01	1.66419E+04
9.00000E-01	1.17978E+01	1.81651E+04
9.00000E-01	1.20787E+01	1.97574E+04
9.00000E-01	1.23596E+01	2.14201E+04
9.00000E-01	1.26404E+01	2.31209E+04
9.00000E-01	1.29213E+01	2.48666E+04
9.00000E-01	1.32022E+01	2.67015E+04
9.00000E-01	1.34831E+01	2.86584E+04
9.00000E-01	1.37640E+01	3.08167E+04
9.00000E-01	1.40449E+01	3.31968E+04
9.00000E-01	1.43258E+01	3.58598E+04
9.00000E-01	1.46067E+01	3.87646E+04
9.00000E-01	1.48876E+01	4.18613E+04
9.00000E-01	1.51685E+01	4.49932E+04
9.00000E-01	1.54494E+01	4.80619E+04
9.00000E-01	1.57303E+01	5.08977E+04
9.00000E-01	1.60112E+01	5.34956E+04
9.00000E-01	1.62921E+01	5.58028E+04
9.00000E-01	1.65730E+01	5.78390E+04
9.00000E-01	1.68539E+01	5.96400E+04
9.00000E-01	1.71348E+01	6.12685E+04
9.00000E-01	1.74157E+01	6.27486E+04
9.00000E-01	1.76966E+01	6.40673E+04
9.00000E-01	1.79775E+01	6.52573E+04
9.00000E-01	1.82584E+01	6.62908E+04
9.00000E-01	1.85393E+01	6.72032E+04
9.00000E-01	1.88202E+01	6.79527E+04
9.00000E-01	1.91011E+01	6.85718E+04
9.00000E-01	1.93820E+01	6.90632E+04
9.00000E-01	1.96629E+01	6.94564E+04
9.00000E-01	1.99438E+01	6.97634E+04
9.00000E-01	2.02247E+01	6.99856E+04
9.00000E-01	2.05056E+01	7.01621E+04
9.00000E-01	2.07865E+01	7.03207E+04
9.00000E-01	2.10674E+01	7.04256E+04
9.00000E-01	2.13483E+01	7.04178E+04
9.00000E-01	2.16292E+01	7.03685E+04
9.00000E-01	2.19101E+01	7.02985E+04
9.00000E-01	2.21910E+01	7.01539E+04
9.00000E-01	2.24719E+01	6.99474E+04
9.00000E-01	2.27528E+01	6.97301E+04
9.00000E-01	2.30337E+01	6.94868E+04
9.00000E-01	2.33146E+01	6.91777E+04
9.00000E-01	2.35955E+01	6.88425E+04
9.00000E-01	2.38764E+01	6.85055E+04
9.00000E-01	2.41573E+01	6.81393E+04
9.00000E-01	2.44382E+01	6.77344E+04
9.00000E-01	2.47191E+01	6.73273E+04
9.00000E-01	2.50000E+01	6.69171E+04
1.00000E+00	0.00000E+00	4.04132E+01
1.00000E+00	2.80899E-01	4.43759E+01
1.00000E+00	5.61798E-01	7.06552E+01
1.00000E+00	8.42697E-01	3.28877E+02
1.00000E+00	1.12360E+00	1.52324E+03
1.00000E+00	1.40449E+00	1.90155E+03
1.00000E+00	1.68539E+00	1.68479E+03
1.00000E+00	1.96629E+00	1.44427E+03
1.00000E+00	2.24719E+00	1.25159E+03
1.00000E+00	2.52809E+00	1.10534E+03
1.00000E+00	2.80899E+00	9.94643E+02
1.00000E+00	3.08989E+00	9.11872E+02
1.00000E+00	3.37079E+00	8.49340E+02
1.00000E+00	3.65169E+00	8.04623E+02
1.00000E+00	3.93258E+00	7.78478E+02
1.00000E+00	4.21348E+00	7.69358E+02
1.00000E+00	4.49438E+00	7.86367E+02
1.00000E+00	4.77528E+00	8.36341E+02
1.00000E+00	5.05618E+00	9.01291E+02
1.00000E+00	5.33708E+00	9.82255E+02
1.00000E+00	5.61798E+00	1.08535E+03
1.00000E+00	5.89888E+00	1.21413E+03
1.00000E+00	6.17978E+00	1.38125E+03
1.00000E+00	6.46067E+00	1.59115E+03
1.00000E+00	6.74157E+00	1.87809E+03
1.00000E+00	7.02247E+00	2.28579E+03
1.00000E+00	7.30337E+00	2.85025E+03
1.00000E+00	7.58427E+00	3.59432E+03
1.00000E+00	7.86517E+00	4.47393E+03
1.00000E+00	8.14607E+00	5.29227E+03
1.00000E+00	8.42697E+00	6.06519E+03
1.00000E+00	8.70787E+00	6.79793E+03
1.00000E+00	8.98876E+00	7.55037E+03
1.00000E+00	9.26966E+00	8.37309E+03
1.00000E+00	9.55056E+00	9.28516E+03
1.00000E+00	9.83146E+00	1.02526E+04
1.00000E+00	1.01124E+01	1.11047E+04
1.00000E+00	1.03933E+01	1.19816E+04
1.00000E+00	1.06742E+01	1.29628E+04
1.00000E+00	1.09551E+01	1.40468E+04
1.00000E+00	1.12360E+01	1.52869E+04
1.00000E+00	1.15169E+01	1.66505E+04
1.00000E+00	1.17978E+01	1.81701E+04
1.00000E+00	1.20787E+01	1.97632E+04
1.00000E+00	1.23596E+01	2.14247E+04
1.00000E+00	1.26404E+01	2.31256E+04
1.00000E+00	1.29213E+01	2.48731E+04
1.00000E+00	1.32022E+01	2.67085E+04
1.00000E+00	1.34831E+01	2.86687E+04
1.00000E+00	1.37640E+01	3.08269E+04
1.00000E+00	1.40449E+01	3.32102E+04
1.00000E+00	1.43258E+01	3.58717E+04
1.00000E+00	1.46067E+01	3.87756E+04
1.00000E+00	1.48876E+01	4.18676E+04
1.00000E+00	1.51685E+01	4.49970E+04
1.00000E+00	1.54494E+01	4.80595E+04
1.00000E+00	1.57303E+01	5.08957E+04
1.00000E+00	1.60112E+01	5.34909E+04
1.00000E+00	1.62921E+01	5.57985E+04
1.00000E+00	1.65730E+01	5.78352E+04
1.00000E+00	1.68539E+01	5.96375E+04
1.00000E+00	1.71348E+01	6.12670E+04
1.00000E+00	1.74157E+01	6.27458E+04
1.00000E+00	1.76966E+01	6.40658E+04
1.00000E+00	1.79775E+01	6.52543E+04
1.00000E+00	1.82584E+01	6.62891E+04
1.00000E+00	1.85393E+01	6.71994E+04
1.00000E+00	1.88202E+01	6.79502E+04
1.00000E+00	1.91011E+01	6.85689E+04
1.00000E+00	1.93820E+01	6.90611E+04
1.00000E+00	1.96629E+01	6.94546E+04
1.00000E+00	1.99438E+01	6.97613E+04
1.00000E+00	2.02247E+01	6.99848E+04
1.00000E+00	2.05056E+01	7.01620E+04
1.00000E+00	2.07865E+01	7.03196E+04
1.00000E+00	2.10674E+01	7.04223E+04
1.00000E+00	2.13483E+01	7.04168E+04
1.00000E+00	2.16292E+01	7.03680E+04
1.00000E+00	2.19101E+01	7.02964E+04
1.00000E+00	2.21910E+01	7.01521E+04
1.00000E+00	2.24719E+01	6.99471E+04
1.00000E+00	2.27528E+01	6.97293E+04
1.00000E+00	2.30337E+01	6.94846E+04
1.00000E+00	2.33146E+01	6.91769E+04
1.00000E+00	2.35955E+01	6.88423E+04
1.00000E+00	2.38764E+01	6.85045E+04
1.00000E+00	2.41573E+01	6.81378E+04
1.00000E+00	2.44382E+01	6.77341E+04
1.00000E+00	2.47191E+01	6.73269E+04
1.00000E+00	2.50000E+01	6.69162E+04
1.50000E+00	0.00000E+00	5.89112E+01
1.50000E+00	2.80899E-01	8.02426E+01
1.50000E+00	5.61798E-01	1.81549E+02
1.50000E+00	8.42697E-01	5.96330E+02
1.50000E+00	1.12360E+00	1.46874E+03
1.50000E+00	1.40449E+00	1.80595E+03
1.50000E+00	1.68539E+00	1.65413E+03
1.50000E+00	1.96629E+00	1.43419E+03
1.50000E+00	2.24719E+00	1.24795E+03
1.50000E+00	2.52809E+00	1.10397E+03
1.50000E+00	2.80899E+00	9.94522E+02
1.50000E+00	3.08989E+00	9.12169E+02
1.50000E+00	3.37079E+00	8.50409E+02
1.50000E+00	3.65169E+00	8.06783E+02
1.50000E+00	3.93258E+00	7.81396E+02
1.50000E+00	4.21348E+00	7.74611E+02
1.50000E+00	4.49438E+00	7.93784E+02
1.50000E+00	4.77528E+00	8.41478E+02
1.50000E+00	5.05618E+00	9.07078E+02
1.50000E+00	5.33708E+00	9.89510E+02
1.50000E+00	5.61798E+00	1.09396E+03
1.50000E+00	5.89888E+00	1.22594E+03
1.50000E+00	6.17978E+00	1.39503E+03
1.50000E+00	6.46067E+00	1.61321E+03
1.50000E+00	6.74157E+00	1.90974E+03
1.50000E+00	7.02247E+00	2.32767E+03
1.50000E+00	7.30337E+00	2.89781E+03
1.50000E+00	7.58427E+00	3.63584E+03
1.50000E+00	7.86517E+00	4.48246E+03
1.50000E+00	8.14607E+00	5.30062E+03
1.50000E+00	8.42697E+00	6.07324E+03
1.50000E+00	8.70787E+00	6.81612E+03
1.50000E+00	8.98876E+00	7.57830E+03
1.50000E+00	9.26966E+00	8.40443E+03
1.50000E+00	9.55056E+00	9.31149E+03
1.50000E+00	9.83146E+00	1.02491E+04
1.50000E+00	1.01124E+01	1.11242E+04
1.50000E+00	1.03933E+01	1.20161E+04
1.50000E+00	1.06742E+01	1.29991E+04
1.50000E+00	1.09551E+01	1.40946E+04
1.50000E+00	1.12360E+01	1.53301E+04
1.50000E+00	1.15169E+01	1.67009E+04
1.50000E+00	1.17978E+01	1.82069E+04
1.50000E+00	1.20787E+01	1.97993E+04
1.50000E+00	1.23596E+01	2.14559E+04
1.50000E+00	1.26404E+01	2.31582E+04
1.50000E+00	1.29213E+01	2.49142E+04
1.50000E+00	1.32022E+01	2.67571E+04
1.50000E+00	1.34831E+01	2.87331E+04
1.50000E+00	1.37640E+01	3.08977E+04
1.50000E+00	1.40449E+01	3.32934E+04
1.50000E+00	1.43258E+01	3.59502E+04
1.50000E+00	1.46067E+01	3.88448E+04
1.50000E+00	1.48876E+01	4.19102E+04
1.50000E+00	1.51685E+01	4.50182E+04
1.50000E+00	1.54494E+01	4.80496E+04
1.50000E+00	1.57303E+01	5.08792E+04
1.50000E+00	1.60112E+01	5.34624E+04
1.50000E+00	1.62921E+01	5.57701E+04
1.50000E+00	1.65730E+01	5.78107E+04
1.50000E+00	1.68539E+01	5.96212E+04
1.50000E+00	1.71348E+01	6.12541E+04
1.50000E+00	1.74157E+01	6.27296E+04
1.50000E+00	1.76966E+01	6.40531E+04
1.50000E+00	1.79775E+01	6.52364E+04
1.50000E+00	1.82584E+01	6.62747E+04
1.50000E+00	1.85393E+01	6.71777E+04
1.50000E+00	1.88202E+01	6.79322E+04
1.50000E+00	1.91011E+01	6.85508E+04
1.50000E+00	1.93820E+01	6.90469E+04
1.50000E+00	1.96629E+01	6.94421E+04
1.50000E+00	1.99438E+01	6.97490E+04
1.50000E+00	2.02247E+01	6.99787E+04
1.50000E+00	2.05056E+01	7.01596E+04
1.50000E+00	2.07865E+01	7.03111E+04
1.50000E+00	2.10674E+01	7.04045E+04
1.50000E+00	2.13483E+01	7.04090E+04
1.50000E+00	2.16292E+01	7.03632E+04
1.50000E+00	2.19101E+01	7.02835E+04
1.50000E+00	2.21910E+01	7.01408E+04
1.50000E+00	2.24719E+01	6.99431E+04
1.50000E+00	2.27528E+01	6.97231E+04
1.50000E+00	2.30337E+01	6.94725E+04
1.50000E+00	2.33146E+01	6.91704E+04
1.50000E+00	2.35955E+01	6.88395E+04
1.50000E+00	2.38764E+01	6.84977E+04
1.50000E+00	2.41573E+01	6.81296E+04
1.50000E+00	2.44382E+01	6.77311E+04
1.50000E+00	2.47191E+01	6.73241E+04
1.50000E+00	2.50000E+01	6.69108E+04
2.00000E+00	0.00000E+00	1.28023E+02
2.00000E+00	2.80899E-01	1.85299E+02
2.00000E+00	5.61798E-01	3.66293E+02
2.00000E+00	8.42697E-01	8.17002E+02
2.00000E+00	1.12360E+00	1.44557E+03
2.00000E+00	1.40449E+00	1.70803E+03
2.00000E+00	1.68539E+00	1.60713E+03
2.00000E+00	1.96629E+00	1.41585E+03
2.00000E+00	2.24719E+00	1.24079E+03
2.00000E+00	2.52809E+00	1.10117E+03
2.00000E+00	2.80899E+00	9.93783E+02
2.00000E+00	3.08989E+00	9.12482E+02
2.00000E+00	3.37079E+00	8.51918E+02
2.00000E+00	3.65169E+00	8.09757E+02
2.00000E+00	3.93258E+00	7.85933E+02
2.00000E+00	4.21348E+00	7.81888E+02
2.00000E+00	4.49438E+00	8.02774E+02
2.00000E+00	4.77528E+00	8.49408E+02
2.00000E+00	5.05618E+00	9.15492E+02
2.00000E+00	5.33708E+00	9.99835E+02
2.00000E+00	5.61798E+00	1.10675E+03
2.00000E+00	5.89888E+00	1.24256E+03
2.00000E+00	6.17978E+00	1.41686E+03
2.00000E+00	6.46067E+00	1.64491E+03
2.00000E+00	6.74157E+00	1.95467E+03
2.00000E+00	7.02247E+00	2.38395E+03
2.00000E+00	7.30337E+00	2.95955E+03
2.00000E+00	7.58427E+00	3.68550E+03
2.00000E+00	7.86517E+00	4.50311E+03
2.00000E+00	8.14607E+00	5.31364E+03
2.00000E+00	8.42697E+00	6.08827E+03
2.00000E+00	8.70787E+00	6.84187E+03
2.00000E+00	8.98876E+00	7.61484E+03
2.00000E+00	9.26966E+00	8.44469E+03
2.00000E+00	9.55056E+00	9.34127E+03
2.00000E+00	9.83146E+00	1.02605E+04
2.00000E+00	1.01124E+01	1.11508E+04
2.00000E+00	1.03933E+01	1.20605E+04
2.00000E+00	1.06742E+01	1.30523E+04
2.00000E+00	1.09551E+01	1.41564E+04
2.00000E+00	1.12360E+01	1.53933E+04
2.00000E+00	1.15169E+01	1.67650E+04
2.00000E+00	1.17978E+01	1.82616E+04
2.00000E+00	1.20787E+01	1.98489E+04
2.00000E+00	1.23596E+01	2.15018E+04
2.00000E+00	1.26404E+01	2.32067E+04
2.00000E+00	1.29213E+01	2.49720E+04
2.00000E+00	1.32022E+01	2.68280E+04
2.00000E+00	1.34831E+01	2.88202E+04
2.00000E+00	1.37640E+01	3.09982E+04
2.00000E+00	1.40449E+01	3.34036E+04
2.00000E+00	1.43258E+01	3.60568E+04
2.00000E+00	1.46067E+01	3.89354E+04
2.00000E+00	1.48876E+01	4.19695E+04
2.00000E+00	1.51685E+01	4.50450E+04
2.00000E+00	1.54494E+01	4.80429E+04
2.00000E+00	1.57303E+01	5.08552E+04
2.00000E+00	1.60112E+01	5.34265E+04
2.00000E+00	1.62921E+01	5.57320E+04
2.00000E+00	1.65730E+01	5.77777E+04
2.00000E+00	1.68539E+01	5.95971E+04
2.00000E+00	1.71348E+01	6.12334E+04
2.00000E+00	1.74157E+01	6.27086E+04
2.00000E+00	1.76966E+01	6.40327E+04
2.00000E+00	1.79775E+01	6.52134E+04
2.00000E+00	1.82584E+01	6.62514E+04
2.00000E+00	1.85393E+01	6.71504E+04
2.00000E+00	1.88202E+01	6.79059E+04
2.00000E+00	1.91011E+01	6.85264E+04
2.00000E+00	1.93820E+01	6.90264E+04
2.00000E+00	1.96629E+01	6.94240E+04
2.00000E+00	1.99438E+01	6.97335E+04
2.00000E+00	2.02247E+01	6.99689E+04
2.00000E+00	2.05056E+01	7.01530E+04
2.00000E+00	2.07865E+01	7.02983E+04
2.00000E+00	2.10674E+01	7.03852E+04
2.00000E+00	2.13483E+01	7.03961E+04
2.00000E+00	2.16292E+01	7.03531E+04
2.00000E+00	2.19101E+01	7.02681E+04
2.00000E+00	2.21910E+01	7.01266E+04
2.00000E+00	2.24719E+01	6.99348E+04
2.00000E+00	2.27528E+01	6.97133E+04
2.00000E+00	2.30337E+01	6.94587E+04
2.00000E+00	2.33146E+01	6.91607E+04
2.00000E+00	2.35955E+01	6.88332E+04
2.00000E+00	2.38764E+01	6.84888E+04
2.00000E+00	2.41573E+01	6.81199E+04
2.00000E+00	2.44382E+01	6.77255E+04
2.00000E+00	2.47191E+01	6.73193E+04
2.00000E+00	2.50000E+01	6.69045E+04
2.50000E+00	0.00000E+00	2.52480E+02
2.50000E+00	2.80899E-01	3.45182E+02
2.50000E+00	5.61798E-01	5.65359E+02
2.50000E+00	8.42697E-01	9.80512E+02
2.50000E+00	1.12360E+00	1.43580E+03
2.50000E+00	1.40449E+00	1.62583E+03
2.50000E+00	1.68539E+00	1.55305E+03
2.50000E+00	1.96629E+00	1.39000E+03
2.50000E+00	2.24719E+00	1.22935E+03
2.50000E+00	2.52809E+00	1.09630E+03
2.50000E+00	2.80899E+00	9.92157E+02
2.50000E+00	3.08989E+00	9.12738E+02
2.50000E+00	3.37079E+00	8.53919E+02
2.50000E+00	3.65169E+00	8.13706E+02
2.50000E+00	3.93258E+00	7.92118E+02
2.50000E+00	4.21348E+00	7.90886E+02
2.50000E+00	4.49438E+00	8.13449E+02
2.50000E+00	4.77528E+00	8.60028E+02
2.50000E+00	5.05618E+00	9.26977E+02
2.50000E+00	5.33708E+00	1.01372E+03
2.50000E+00	5.61798E+00	1.12420E+03
2.50000E+00	5.89888E+00	1.26525E+03
2.50000E+00	6.17978E+00	1.44736E+03
2.50000E+00	6.46067E+00	1.68737E+03
2.50000E+00	6.74157E+00	2.01186E+03
2.50000E+00	7.02247E+00	2.45280E+03
2.50000E+00	7.30337E+00	3.03141E+03
2.50000E+00	7.58427E+00	3.74304E+03
2.50000E+00	7.86517E+00	4.53550E+03
2.50000E+00	8.14607E+00	5.33504E+03
2.50000E+00	8.42697E+00	6.11149E+03
2.50000E+00	8.70787E+00	6.87529E+03
2.50000E+00	8.98876E+00	7.65860E+03
2.50000E+00	9.26966E+00	8.49109E+03
2.50000E+00	9.55056E+00	9.37760E+03
2.50000E+00	9.83146E+00	1.02859E+04
2.50000E+00	1.01124E+01	1.11877E+04
2.50000E+00	1.03933E+01	1.21154E+04
2.50000E+00	1.06742E+01	1.31197E+04
2.50000E+00	1.09551E+01	1.42330E+04
2.50000E+00	1.12360E+01	1.54732E+04
2.50000E+00	1.15169E+01	1.68437E+04
2.50000E+00	1.17978E+01	1.83327E+04
2.50000E+00	1.20787E+01	1.99136E+04
2.50000E+00	1.23596E+01	2.15635E+04
2.50000E+00	1.26404E+01	2.32722E+04
2.50000E+00	1.29213E+01	2.50484E+04
2.50000E+00	1.32022E+01	2.69206E+04
2.50000E+00	1.34831E+01	2.89311E+04
2.50000E+00	1.37640E+01	3.11248E+04
2.50000E+00	1.40449E+01	3.35388E+04
2.50000E+00	1.43258E+01	3.61868E+04
2.50000E+00	1.46067E+01	3.90444E+04
2.50000E+00	1.48876E+01	4.20431E+04
2.50000E+00	1.51685E+01	4.50789E+04
2.50000E+00	1.54494E+01	4.80395E+04
2.50000E+00	1.57303E+01	5.08275E+04
2.50000E+00	1.60112E+01	5.33847E+04
2.50000E+00	1.62921E+01	5.56863E+04
2.50000E+00	1.65730E+01	5.77368E+04
2.50000E+00	1.68539E+01	5.95644E+04
2.50000E+00	1.71348E+01	6.12049E+04
2.50000E+00	1.74157E+01	6.26812E+04
2.50000E+00	1.76966E+01	6.40051E+04
2.50000E+00	1.79775E+01	6.51839E+04
2.50000E+00	1.82584E+01	6.62205E+04
2.50000E+00	1.85393E+01	6.71167E+04
2.50000E+00	1.88202E+01	6.78727E+04
2.50000E+00	1.91011E+01	6.84957E+04
2.50000E+00	1.93820E+01	6.89996E+04
2.50000E+00	1.96629E+01	6.94008E+04
2.50000E+00	1.99438E+01	6.97141E+04
2.50000E+00	2.02247E+01	6.99548E+04
2.50000E+00	2.05056E+01	7.01412E+04
2.50000E+00	2.07865E+01	7.02816E+04
2.50000E+00	2.10674E+01	7.03639E+04
2.50000E+00	2.13483E+01	7.03785E+04
2.50000E+00	2.16292E+01	7.03377E+04
2.50000E+00	2.19101E+01	7.02499E+04
2.50000E+00	2.21910E+01	7.01096E+04
2.50000E+00	2.24719E+01	6.99219E+04
2.50000E+00	2.27528E+01	6.96998E+04
2.50000E+00	2.30337E+01	6.94432E+04
2.50000E+00	2.33146E+01	6.91481E+04
2.50000E+00	2.35955E+01	6.88233E+04
2.50000E+00	2.38764E+01	6.84777E+04
2.50000E+00	2.41573E+01	6.81088E+04
2.50000E+00	2.44382E+01	6.77174E+04
2.50000E+00	2.47191E+01	6.73122E+04
2.50000E+00	2.50000E+01	6.68970E+04
3.00000E+00	0.00000E+00	4.07144E+02
3.00000E+00	2.80899E-01	5.21971E+02
3.00000E+00	5.61798E-01	7.43282E+02
3.00000E+00	8.42697E-01	1.09179E+03
3.00000E+00	1.12360E+00	1.42607E+03
3.00000E+00	1.40449E+00	1.56006E+03
3.00000E+00	1.68539E+00	1.50031E+03
3.00000E+00	1.96629E+00	1.36022E+03
3.00000E+00	2.24719E+00	1.21442E+03
3.00000E+00	2.52809E+00	1.08937E+03
3.00000E+00	2.80899E+00	9.89581E+02
3.00000E+00	3.08989E+00	9.12924E+02
3.00000E+00	3.37079E+00	8.56485E+02
3.00000E+00	3.65169E+00	8.18753E+02
3.00000E+00	3.93258E+00	7.99891E+02
3.00000E+00	4.21348E+00	8.01533E+02
3.00000E+00	4.49438E+00	8.25997E+02
3.00000E+00	4.77528E+00	8.73431E+02
3.00000E+00	5.05618E+00	9.41954E+02
3.00000E+00	5.33708E+00	1.03184E+03
3.00000E+00	5.61798E+00	1.14710E+03
3.00000E+00	5.89888E+00	1.29509E+03
3.00000E+00	6.17978E+00	1.48717E+03
3.00000E+00	6.46067E+00	1.74072E+03
3.00000E+00	6.74157E+00	2.08019E+03
3.00000E+00	7.02247E+00	2.53194E+03
3.00000E+00	7.30337E+00	3.11123E+03
3.00000E+00	7.58427E+00	3.80843E+03
3.00000E+00	7.86517E+00	4.57915E+03
3.00000E+00	8.14607E+00	5.36687E+03
3.00000E+00	8.42697E+00	6.14402E+03
3.00000E+00	8.70787E+00	6.91653E+03
3.00000E+00	8.98876E+00	7.70875E+03
3.00000E+00	9.26966E+00	8.54313E+03
3.00000E+00	9.55056E+00	9.42224E+03
3.00000E+00	9.83146E+00	1.03249E+04
3.00000E+00	1.01124E+01	1.12367E+04
3.00000E+00	1.03933E+01	1.21817E+04
3.00000E+00	1.06742E+01	1.32004E+04
3.00000E+00	1.09551E+01	1.43235E+04
3.00000E+00	1.12360E+01	1.55679E+04
3.00000E+00	1.15169E+01	1.69369E+04
3.00000E+00	1.17978E+01	1.84194E+04
3.00000E+00	1.20787E+01	1.99943E+04
3.00000E+00	1.23596E+01	2.16425E+04
3.00000E+00	1.26404E+01	2.33562E+04
3.00000E+00	1.29213E+01	2.51449E+04
3.00000E+00	1.32022E+01	2.70350E+04
3.00000E+00	1.34831E+01	2.90650E+04
3.00000E+00	1.37640E+01	3.12749E+04
3.00000E+00	1.40449E+01	3.36959E+04
3.00000E+00	1.43258E+01	3.63361E+04
3.00000E+00	1.46067E+01	3.91690E+04
3.00000E+00	1.48876E+01	4.21289E+04
3.00000E+00	1.51685E+01	4.51205E+04
3.00000E+00	1.54494E+01	4.80402E+04
3.00000E+00	1.57303E+01	5.07989E+04
3.00000E+00	1.60112E+01	5.33390E+04
3.00000E+00	1.62921E+01	5.56349E+04
3.00000E+00	1.65730E+01	5.76886E+04
3.00000E+00	1.68539E+01	5.95233E+04
3.00000E+00	1.71348E+01	6.11685E+04
3.00000E+00	1.74157E+01	6.26465E+04
3.00000E+00	1.76966E+01	6.39703E+04
3.00000E+00	1.79775E+01	6.51476E+04
3.00000E+00	1.82584E+01	6.61822E+04
3.00000E+00	1.85393E+01	6.70766E+04
3.00000E+00	1.88202E+01	6.78330E+04
3.00000E+00	1.91011E+01	6.84588E+04
3.00000E+00	1.93820E+01	6.89669E+04
3.00000E+00	1.96629E+01	6.93725E+04
3.00000E+00	1.99438E+01	6.96904E+04
3.00000E+00	2.02247E+01	6.99360E+04
3.00000E+00	2.05056E+01	7.01240E+04
3.00000E+00	2.07865E+01	7.02610E+04
3.00000E+00	2.10674E+01	7.03403E+04
3.00000E+00	2.13483E+01	7.03567E+04
3.00000E+00	2.16292E+01	7.03175E+04
3.00000E+00	2.19101E+01	7.02286E+04
3.00000E+00	2.21910E+01	7.00895E+04
3.00000E+00	2.24719E+01	6.99046E+04
3.00000E+00	2.27528E+01	6.96828E+04
3.00000E+00	2.30337E+01	6.94256E+04
3.00000E+00	2.33146E+01	6.91325E+04
3.00000E+00	2.35955E+01	6.88100E+04
3.00000E+00	2.38764E+01	6.84644E+04
3.00000E+00	2.41573E+01	6.80960E+04
3.00000E+00	2.44382E+01	6.77069E+04
3.00000E+00	2.47191E+01	6.73031E+04
3.00000E+00	2.50000E+01	6.68882E+04
3.50000E+00	0.00000E+00	5.64758E+02
3.50000E+00	2.80899E-01	6.86708E+02
3.50000E+00	5.61798E-01	8.88235E+02
3.50000E+00	8.42697E-01	1.16336E+03
3.50000E+00	1.12360E+00	1.40989E+03
3.50000E+00	1.40449E+00	1.50465E+03
3.50000E+00	1.68539E+00	1.45191E+03
3.50000E+00	1.96629E+00	1.32978E+03
3.50000E+00	2.24719E+00	1.19771E+03
3.50000E+00	2.52809E+00	1.08107E+03
3.50000E+00	2.80899E+00	9.86389E+02
3.50000E+00	3.08989E+00	9.13224E+02
3.50000E+00	3.37079E+00	8.59767E+02
3.50000E+00	3.65169E+00	8.25011E+02
3.50000E+00	3.93258E+00	8.09260E+02
3.50000E+00	4.21348E+00	8.13933E+02
3.50000E+00	4.49438E+00	8.40709E+02
3.50000E+00	4.77528E+00	8.89909E+02
3.50000E+00	5.05618E+00	9.60937E+02
3.50000E+00	5.33708E+00	1.05495E+03
3.50000E+00	5.61798E+00	1.17634E+03
3.50000E+00	5.89888E+00	1.33293E+03
3.50000E+00	6.17978E+00	1.53662E+03
3.50000E+00	6.46067E+00	1.80452E+03
3.50000E+00	6.74157E+00	2.15844E+03
3.50000E+00	7.02247E+00	2.61956E+03
3.50000E+00	7.30337E+00	3.19790E+03
3.50000E+00	7.58427E+00	3.88161E+03
3.50000E+00	7.86517E+00	4.63366E+03
3.50000E+00	8.14607E+00	5.40995E+03
3.50000E+00	8.42697E+00	6.18658E+03
3.50000E+00	8.70787E+00	6.96583E+03
3.50000E+00	8.98876E+00	7.76528E+03
3.50000E+00	9.26966E+00	8.60142E+03
3.50000E+00	9.55056E+00	9.47625E+03
3.50000E+00	9.83146E+00	1.03773E+04
3.50000E+00	1.01124E+01	1.12987E+04
3.50000E+00	1.03933E+01	1.22599E+04
3.50000E+00	1.06742E+01	1.32936E+04
3.50000E+00	1.09551E+01	1.44271E+04
3.50000E+00	1.12360E+01	1.56764E+04
3.50000E+00	1.15169E+01	1.70443E+04
3.50000E+00	1.17978E+01	1.85219E+04
3.50000E+00	1.20787E+01	2.00921E+04
3.50000E+00	1.23596E+01	2.17398E+04
3.50000E+00	1.26404E+01	2.34599E+04
3.50000E+00	1.29213E+01	2.52622E+04
3.50000E+00	1.32022E+01	2.71711E+04
3.50000E+00	1.34831E+01	2.92207E+04
3.50000E+00	1.37640E+01	3.14459E+04
3.50000E+00	1.40449E+01	3.38717E+04
3.50000E+00	1.43258E+01	3.65014E+04
3.50000E+00	1.46067E+01	3.93066E+04
3.50000E+00	1.48876E+01	4.22251E+04
3.50000E+00	1.51685E+01	4.51696E+04
3.50000E+00	1.54494E+01	4.80458E+04
3.50000E+00	1.57303E+01	5.07716E+04
3.50000E+00	1.60112E+01	5.32915E+04
3.50000E+00	1.62921E+01	5.55793E+04
3.50000E+00	1.65730E+01	5.76343E+04
3.50000E+00	1.68539E+01	5.94742E+04
3.50000E+00	1.71348E+01	6.11240E+04
3.50000E+00	1.74157E+01	6.26041E+04
3.50000E+00	1.76966E+01	6.39281E+04
3.50000E+00	1.79775E+01	6.51041E+04
3.50000E+00	1.82584E+01	6.61370E+04
3.50000E+00	1.85393E+01	6.70301E+04
3.50000E+00	1.88202E+01	6.77872E+04
3.50000E+00	1.91011E+01	6.84160E+04
3.50000E+00	1.93820E+01	6.89284E+04
3.50000E+00	1.96629E+01	6.93389E+04
3.50000E+00	1.99438E+01	6.96619E+04
3.50000E+00	2.02247E+01	6.99119E+04
3.50000E+00	2.05056E+01	7.01015E+04
3.50000E+00	2.07865E+01	7.02364E+04
3.50000E+00	2.10674E+01	7.03137E+04
3.50000E+00	2.13483E+01	7.03310E+04
3.50000E+00	2.16292E+01	7.02929E+04
3.50000E+00	2.19101E+01	7.02040E+04
3.50000E+00	2.21910E+01	7.00661E+04
3.50000E+00	2.24719E+01	6.98834E+04
3.50000E+00	2.27528E+01	6.96623E+04
3.50000E+00	2.30337E+01	6.94054E+04
3.50000E+00	2.33146E+01	6.91141E+04
3.50000E+00	2.35955E+01	6.87935E+04
3.50000E+00	2.38764E+01	6.84486E+04
3.50000E+00	2.41573E+01	6.80813E+04
3.50000E+00	2.44382E+01	6.76941E+04
3.50000E+00	2.47191E+01	6.72918E+04
3.50000E+00	2.50000E+01	6.68779E+04
4.00000E+00	0.00000E+00	7.07699E+02
4.00000E+00	2.80899E-01	8.25431E+02
4.00000E+00	5.61798E-01	9.98322E+02
4.00000E+00	8.42697E-01	1.20734E+03
4.00000E+00	1.12360E+00	1.38723E+03
4.00000E+00	1.40449E+00	1.45440E+03
4.00000E+00	1.68539E+00	1.40731E+03
4.00000E+00	1.96629E+00	1.30019E+03
4.00000E+00	2.24719E+00	1.18066E+03
4.00000E+00	2.52809E+00	1.07240E+03
4.00000E+00	2.80899E+00	9.83211E+02
4.00000E+00	3.08989E+00	9.14050E+02
4.00000E+00	3.37079E+00	8.64056E+02
4.00000E+00	3.65169E+00	8.32694E+02
4.00000E+00	3.93258E+00	8.20384E+02
4.00000E+00	4.21348E+00	8.28367E+02
4.00000E+00	4.49438E+00	8.58005E+02
4.00000E+00	4.77528E+00	9.09927E+02
4.00000E+00	5.05618E+00	9.84533E+02
4.00000E+00	5.33708E+00	1.08382E+03
4.00000E+00	5.61798E+00	1.21267E+03
4.00000E+00	5.89888E+00	1.37927E+03
4.00000E+00	6.17978E+00	1.59567E+03
4.00000E+00	6.46067E+00	1.87807E+03
4.00000E+00	6.74157E+00	2.24544E+03
4.00000E+00	7.02247E+00	2.71441E+03
4.00000E+00	7.30337E+00	3.29090E+03
4.00000E+00	7.58427E+00	3.96254E+03
4.00000E+00	7.86517E+00	4.69867E+03
4.00000E+00	8.14607E+00	5.46444E+03
4.00000E+00	8.42697E+00	6.23953E+03
4.00000E+00	8.70787E+00	7.02361E+03
4.00000E+00	8.98876E+00	7.82877E+03
4.00000E+00	9.26966E+00	8.66694E+03
4.00000E+00	9.55056E+00	9.54036E+03
4.00000E+00	9.83146E+00	1.04428E+04
4.00000E+00	1.01124E+01	1.13740E+04
4.00000E+00	1.03933E+01	1.23505E+04
4.00000E+00	1.06742E+01	1.33990E+04
4.00000E+00	1.09551E+01	1.45434E+04
4.00000E+00	1.12360E+01	1.57980E+04
4.00000E+00	1.15169E+01	1.71659E+04
4.00000E+00	1.17978E+01	1.86401E+04
4.00000E+00	1.20787E+01	2.02074E+04
4.00000E+00	1.23596E+01	2.18563E+04
4.00000E+00	1.26404E+01	2.35842E+04
4.00000E+00	1.29213E+01	2.54008E+04
4.00000E+00	1.32022E+01	2.73283E+04
4.00000E+00	1.34831E+01	2.93966E+04
4.00000E+00	1.37640E+01	3.16351E+04
4.00000E+00	1.40449E+01	3.40632E+04
4.00000E+00	1.43258E+01	3.66795E+04
4.00000E+00	1.46067E+01	3.94547E+04
4.00000E+00	1.48876E+01	4.23302E+04
4.00000E+00	1.51685E+01	4.52262E+04
4.00000E+00	1.54494E+01	4.80569E+04
4.00000E+00	1.57303E+01	5.07471E+04
4.00000E+00	1.60112E+01	5.32442E+04
4.00000E+00	1.62921E+01	5.55212E+04
4.00000E+00	1.65730E+01	5.75748E+04
4.00000E+00	1.68539E+01	5.94182E+04
4.00000E+00	1.71348E+01	6.10717E+04
4.00000E+00	1.74157E+01	6.25540E+04
4.00000E+00	1.76966E+01	6.38782E+04
4.00000E+00	1.79775E+01	6.50534E+04
4.00000E+00	1.82584E+01	6.60850E+04
4.00000E+00	1.85393E+01	6.69774E+04
4.00000E+00	1.88202E+01	6.77355E+04
4.00000E+00	1.91011E+01	6.83674E+04
4.00000E+00	1.93820E+01	6.88844E+04
4.00000E+00	1.96629E+01	6.93000E+04
4.00000E+00	1.99438E+01	6.96282E+04
4.00000E+00	2.02247E+01	6.98824E+04
4.00000E+00	2.05056E+01	7.00737E+04
4.00000E+00	2.07865E+01	7.02075E+04
4.00000E+00	2.10674E+01	7.02836E+04
4.00000E+00	2.13483E+01	7.03014E+04
4.00000E+00	2.16292E+01	7.02642E+04
4.00000E+00	2.19101E+01	7.01759E+04
4.00000E+00	2.21910E+01	7.00393E+04
4.00000E+00	2.24719E+01	6.98584E+04
4.00000E+00	2.27528E+01	6.96384E+04
4.00000E+00	2.30337E+01	6.93824E+04
4.00000E+00	2.33146E+01	6.90929E+04
4.00000E+00	2.35955E+01	6.87741E+04
4.00000E+00	2.38764E+01	6.84304E+04
4.00000E+00	2.41573E+01	6.80645E+04
4.00000E+00	2.44382E+01	6.76792E+04
4.00000E+00	2.47191E+01	6.72785E+04
4.00000E+00	2.50000E+01	6.68659E+04
5.00000E+00	0.00000E+00	9.23859E+02
5.00000E+00	2.80899E-01	1.01655E+03
5.00000E+00	5.61798E-01	1.13079E+03
5.00000E+00	8.42697E-01	1.24477E+03
5.00000E+00	1.12360E+00	1.33265E+03
5.00000E+00	1.40449E+00	1.36234E+03
5.00000E+00	1.68539E+00	1.32520E+03
5.00000E+00	1.96629E+00	1.24407E+03
5.00000E+00	2.24719E+00	1.14804E+03
5.00000E+00	2.52809E+00	1.05674E+03
5.00000E+00	2.80899E+00	9.79460E+02
5.00000E+00	3.08989E+00	9.19436E+02
5.00000E+00	3.37079E+00	8.77469E+02
5.00000E+00	3.65169E+00	8.53915E+02
5.00000E+00	3.93258E+00	8.49476E+02
5.00000E+00	4.21348E+00	8.65287E+02
5.00000E+00	4.49438E+00	9.02669E+02
5.00000E+00	4.77528E+00	9.62989E+02
5.00000E+00	5.05618E+00	1.04813E+03
5.00000E+00	5.33708E+00	1.16146E+03
5.00000E+00	5.61798E+00	1.30868E+03
5.00000E+00	5.89888E+00	1.49822E+03
5.00000E+00	6.17978E+00	1.74135E+03
5.00000E+00	6.46067E+00	2.05148E+03
5.00000E+00	6.74157E+00	2.44218E+03
5.00000E+00	7.02247E+00	2.92312E+03
5.00000E+00	7.30337E+00	3.49519E+03
5.00000E+00	7.58427E+00	4.14735E+03
5.00000E+00	7.86517E+00	4.85870E+03
5.00000E+00	8.14607E+00	5.60681E+03
5.00000E+00	8.42697E+00	6.37713E+03
5.00000E+00	8.70787E+00	7.16657E+03
5.00000E+00	8.98876E+00	7.98005E+03
5.00000E+00	9.26966E+00	8.82387E+03
5.00000E+00	9.55056E+00	9.70118E+03
5.00000E+00	9.83146E+00	1.06131E+04
5.00000E+00	1.01124E+01	1.15648E+04
5.00000E+00	1.03933E+01	1.25697E+04
5.00000E+00	1.06742E+01	1.36465E+04
5.00000E+00	1.09551E+01	1.48128E+04
5.00000E+00	1.12360E+01	1.60801E+04
5.00000E+00	1.15169E+01	1.74519E+04
5.00000E+00	1.17978E+01	1.89249E+04
5.00000E+00	1.20787E+01	2.04922E+04
5.00000E+00	1.23596E+01	2.21485E+04
5.00000E+00	1.26404E+01	2.38946E+04
5.00000E+00	1.29213E+01	2.57399E+04
5.00000E+00	1.32022E+01	2.77018E+04
5.00000E+00	1.34831E+01	2.98019E+04
5.00000E+00	1.37640E+01	3.20593E+04
5.00000E+00	1.40449E+01	3.44831E+04
5.00000E+00	1.43258E+01	3.70651E+04
5.00000E+00	1.46067E+01	3.97754E+04
5.00000E+00	1.48876E+01	4.25624E+04
5.00000E+00	1.51685E+01	4.53597E+04
5.00000E+00	1.54494E+01	4.80969E+04
5.00000E+00	1.57303E+01	5.07109E+04
5.00000E+00	1.60112E+01	5.31550E+04
5.00000E+00	1.62921E+01	5.54024E+04
5.00000E+00	1.65730E+01	5.74450E+04
5.00000E+00	1.68539E+01	5.92885E+04
5.00000E+00	1.71348E+01	6.09458E+04
5.00000E+00	1.74157E+01	6.24310E+04
5.00000E+00	1.76966E+01	6.37562E+04
5.00000E+00	1.79775E+01	6.49305E+04
5.00000E+00	1.82584E+01	6.59609E+04
5.00000E+00	1.85393E+01	6.68535E+04
5.00000E+00	1.88202E+01	6.76148E+04
5.00000E+00	1.91011E+01	6.82534E+04
5.00000E+00	1.93820E+01	6.87797E+04
5.00000E+00	1.96629E+01	6.92059E+04
5.00000E+00	1.99438E+01	6.95444E+04
5.00000E+00	2.02247E+01	6.98067E+04
5.00000E+00	2.05056E+01	7.00021E+04
5.00000E+00	2.07865E+01	7.01364E+04
5.00000E+00	2.10674E+01	7.02120E+04
5.00000E+00	2.13483E+01	7.02307E+04
5.00000E+00	2.16292E+01	7.01952E+04
5.00000E+00	2.19101E+01	7.01089E+04
5.00000E+00	2.21910E+01	6.99751E+04
5.00000E+00	2.24719E+01	6.97977E+04
5.00000E+00	2.27528E+01	6.95807E+04
5.00000E+00	2.30337E+01	6.93276E+04
5.00000E+00	2.33146E+01	6.90417E+04
5.00000E+00	2.35955E+01	6.87268E+04
5.00000E+00	2.38764E+01	6.83866E+04
5.00000E+00	2.41573E+01	6.80242E+04
5.00000E+00	2.44382E+01	6.76428E+04
5.00000E+00	2.47191E+01	6.72459E+04
5.00000E+00	2.50000E+01	6.68366E+04
6.00000E+00	0.00000E+00	1.05120E+03
6.00000E+00	2.80899E-01	1.11516E+03
6.00000E+00	5.61798E-01	1.18415E+03
6.00000E+00	8.42697E-01	1.24319E+03
6.00000E+00	1.12360E+00	1.27833E+03
6.00000E+00	1.40449E+00	1.28335E+03
6.00000E+00	1.68539E+00	1.25217E+03
6.00000E+00	1.96629E+00	1.19222E+03
6.00000E+00	2.24719E+00	1.11867E+03
6.00000E+00	2.52809E+00	1.04560E+03
6.00000E+00	2.80899E+00	9.82151E+02
6.00000E+00	3.08989E+00	9.33131E+02
6.00000E+00	3.37079E+00	9.00841E+02
6.00000E+00	3.65169E+00	8.86614E+02
6.00000E+00	3.93258E+00	8.91654E+02
6.00000E+00	4.21348E+00	9.17359E+02
6.00000E+00	4.49438E+00	9.65398E+02
6.00000E+00	4.77528E+00	1.03785E+03
6.00000E+00	5.05618E+00	1.13757E+03
6.00000E+00	5.33708E+00	1.26878E+03
6.00000E+00	5.61798E+00	1.43749E+03
6.00000E+00	5.89888E+00	1.65169E+03
6.00000E+00	6.17978E+00	1.92106E+03
6.00000E+00	6.46067E+00	2.25598E+03
6.00000E+00	6.74157E+00	2.66566E+03
6.00000E+00	7.02247E+00	3.15541E+03
6.00000E+00	7.30337E+00	3.72399E+03
6.00000E+00	7.58427E+00	4.36257E+03
6.00000E+00	7.86517E+00	5.05685E+03
6.00000E+00	8.14607E+00	5.79193E+03
6.00000E+00	8.42697E+00	6.55734E+03
6.00000E+00	8.70787E+00	7.34933E+03
6.00000E+00	8.98876E+00	8.16939E+03
6.00000E+00	9.26966E+00	9.02121E+03
6.00000E+00	9.55056E+00	9.90844E+03
6.00000E+00	9.83146E+00	1.08353E+04
6.00000E+00	1.01124E+01	1.18088E+04
6.00000E+00	1.03933E+01	1.28403E+04
6.00000E+00	1.06742E+01	1.39437E+04
6.00000E+00	1.09551E+01	1.51321E+04
6.00000E+00	1.12360E+01	1.64148E+04
6.00000E+00	1.15169E+01	1.77959E+04
6.00000E+00	1.17978E+01	1.92750E+04
6.00000E+00	1.20787E+01	2.08496E+04
6.00000E+00	1.23596E+01	2.25184E+04
6.00000E+00	1.26404E+01	2.42844E+04
6.00000E+00	1.29213E+01	2.61557E+04
6.00000E+00	1.32022E+01	2.81451E+04
6.00000E+00	1.34831E+01	3.02666E+04
6.00000E+00	1.37640E+01	3.25307E+04
6.00000E+00	1.40449E+01	3.49388E+04
6.00000E+00	1.43258E+01	3.74780E+04
6.00000E+00	1.46067E+01	4.01191E+04
6.00000E+00	1.48876E+01	4.28173E+04
6.00000E+00	1.51685E+01	4.55171E+04
6.00000E+00	1.54494E+01	4.81603E+04
6.00000E+00	1.57303E+01	5.06944E+04
6.00000E+00	1.60112E+01	5.30785E+04
6.00000E+00	1.62921E+01	5.52867E+04
6.00000E+00	1.65730E+01	5.73079E+04
6.00000E+00	1.68539E+01	5.91422E+04
6.00000E+00	1.71348E+01	6.07967E+04
6.00000E+00	1.74157E+01	6.22815E+04
6.00000E+00	1.76966E+01	6.36066E+04
6.00000E+00	1.79775E+01	6.47806E+04
6.00000E+00	1.82584E+01	6.58114E+04
6.00000E+00	1.85393E+01	6.67059E+04
6.00000E+00	1.88202E+01	6.74717E+04
6.00000E+00	1.91011E+01	6.81174E+04
6.00000E+00	1.93820E+01	6.86532E+04
6.00000E+00	1.96629E+01	6.90897E+04
6.00000E+00	1.99438E+01	6.94381E+04
6.00000E+00	2.02247E+01	6.97085E+04
6.00000E+00	2.05056E+01	6.99092E+04
6.00000E+00	2.07865E+01	7.00463E+04
6.00000E+00	2.10674E+01	7.01235E+04
6.00000E+00	2.13483E+01	7.01441E+04
6.00000E+00	2.16292E+01	7.01109E+04
6.00000E+00	2.19101E+01	7.00274E+04
6.00000E+00	2.21910E+01	6.98969E+04
6.00000E+00	2.24719E+01	6.97232E+04
6.00000E+00	2.27528E+01	6.95099E+04
6.00000E+00	2.30337E+01	6.92607E+04
6.00000E+00	2.33146E+01	6.89791E+04
6.00000E+00	2.35955E+01	6.86686E+04
6.00000E+00	2.38764E+01	6.83326E+04
6.00000E+00	2.41573E+01	6.79746E+04
6.00000E+00	2.44382E+01	6.75978E+04
6.00000E+00	2.47191E+01	6.72052E+04
6.00000E+00	2.50000E+01	6.68000E+04
7.00000E+00	0.00000E+00	1.11566E+03
7.00000E+00	2.80899E-01	1.15627E+03
7.00000E+00	5.61798E-01	1.19499E+03
7.00000E+00	8.42697E-01	1.22272E+03
7.00000E+00	1.12360E+00	1.23175E+03
7.00000E+00	1.40449E+00	1.22141E+03
7.00000E+00	1.68539E+00	1.19328E+03
7.00000E+00	1.96629E+00	1.14902E+03
7.00000E+00	2.24719E+00	1.09556E+03
7.00000E+00	2.52809E+00	1.04145E+03
7.00000E+00	2.80899E+00	9.94046E+02
7.00000E+00	3.08989E+00	9.58540E+02
7.00000E+00	3.37079E+00	9.38275E+02
7.00000E+00	3.65169E+00	9.35540E+02
7.00000E+00	3.93258E+00	9.52231E+02
7.00000E+00	4.21348E+00	9.90255E+02
7.00000E+00	4.49438E+00	1.05178E+03
7.00000E+00	4.77528E+00	1.13948E+03
7.00000E+00	5.05618E+00	1.25679E+03
7.00000E+00	5.33708E+00	1.40829E+03
7.00000E+00	5.61798E+00	1.59983E+03
7.00000E+00	5.89888E+00	1.83853E+03
7.00000E+00	6.17978E+00	2.13229E+03
7.00000E+00	6.46067E+00	2.48884E+03
7.00000E+00	6.74157E+00	2.91431E+03
7.00000E+00	7.02247E+00	3.41149E+03
7.00000E+00	7.30337E+00	3.97849E+03
7.00000E+00	7.58427E+00	4.60861E+03
7.00000E+00	7.86517E+00	5.29200E+03
7.00000E+00	8.14607E+00	6.01853E+03
7.00000E+00	8.42697E+00	6.78073E+03
7.00000E+00	8.70787E+00	7.57519E+03
7.00000E+00	8.98876E+00	8.40214E+03
7.00000E+00	9.26966E+00	9.26413E+03
7.00000E+00	9.55056E+00	1.01650E+04
7.00000E+00	9.83146E+00	1.11098E+04
7.00000E+00	1.01124E+01	1.21060E+04
7.00000E+00	1.03933E+01	1.31631E+04
7.00000E+00	1.06742E+01	1.42921E+04
7.00000E+00	1.09551E+01	1.55031E+04
7.00000E+00	1.12360E+01	1.68039E+04
7.00000E+00	1.15169E+01	1.81988E+04
7.00000E+00	1.17978E+01	1.96895E+04
7.00000E+00	1.20787E+01	2.12764E+04
7.00000E+00	1.23596E+01	2.29606E+04
7.00000E+00	1.26404E+01	2.47456E+04
7.00000E+00	1.29213E+01	2.66378E+04
7.00000E+00	1.32022E+01	2.86457E+04
7.00000E+00	1.34831E+01	3.07772E+04
7.00000E+00	1.37640E+01	3.30362E+04
7.00000E+00	1.40449E+01	3.54184E+04
7.00000E+00	1.43258E+01	3.79083E+04
7.00000E+00	1.46067E+01	4.04782E+04
7.00000E+00	1.48876E+01	4.30889E+04
7.00000E+00	1.51685E+01	4.56939E+04
7.00000E+00	1.54494E+01	4.82451E+04
7.00000E+00	1.57303E+01	5.06982E+04
7.00000E+00	1.60112E+01	5.30177E+04
7.00000E+00	1.62921E+01	5.51792E+04
7.00000E+00	1.65730E+01	5.71700E+04
7.00000E+00	1.68539E+01	5.89863E+04
7.00000E+00	1.71348E+01	6.06311E+04
7.00000E+00	1.74157E+01	6.21110E+04
7.00000E+00	1.76966E+01	6.34337E+04
7.00000E+00	1.79775E+01	6.46070E+04
7.00000E+00	1.82584E+01	6.56385E+04
7.00000E+00	1.85393E+01	6.65358E+04
7.00000E+00	1.88202E+01	6.73067E+04
7.00000E+00	1.91011E+01	6.79599E+04
7.00000E+00	1.93820E+01	6.85048E+04
7.00000E+00	1.96629E+01	6.89514E+04
7.00000E+00	1.99438E+01	6.93094E+04
7.00000E+00	2.02247E+01	6.95881E+04
7.00000E+00	2.05056E+01	6.97951E+04
7.00000E+00	2.07865E+01	6.99366E+04
7.00000E+00	2.10674E+01	7.00173E+04
7.00000E+00	2.13483E+01	7.00409E+04
7.00000E+00	2.16292E+01	7.00110E+04
7.00000E+00	2.19101E+01	6.99310E+04
7.00000E+00	2.21910E+01	6.98045E+04
7.00000E+00	2.24719E+01	6.96350E+04
7.00000E+00	2.27528E+01	6.94262E+04
7.00000E+00	2.30337E+01	6.91817E+04
7.00000E+00	2.33146E+01	6.89050E+04
7.00000E+00	2.35955E+01	6.85995E+04
7.00000E+00	2.38764E+01	6.82686E+04
7.00000E+00	2.41573E+01	6.79157E+04
7.00000E+00	2.44382E+01	6.75439E+04
7.00000E+00	2.47191E+01	6.71563E+04
7.00000E+00	2.50000E+01	6.67557E+04
8.00000E+00	0.00000E+00	1.14367E+03
8.00000E+00	2.80899E-01	1.16777E+03
8.00000E+00	5.61798E-01	1.18777E+03
8.00000E+00	8.42697E-01	1.19836E+03
8.00000E+00	1.12360E+00	1.19551E+03
8.00000E+00	1.40449E+00	1.17901E+03
8.00000E+00	1.68539E+00	1.15347E+03
8.00000E+00	1.96629E+00	1.12098E+03
8.00000E+00	2.24719E+00	1.08448E+03
8.00000E+00	2.52809E+00	1.04871E+03
8.00000E+00	2.80899E+00	1.01877E+03
8.00000E+00	3.08989E+00	9.99193E+02
8.00000E+00	3.37079E+00	9.93648E+02
8.00000E+00	3.65169E+00	1.00507E+03
8.00000E+00	3.93258E+00	1.03601E+03
8.00000E+00	4.21348E+00	1.08893E+03
8.00000E+00	4.49438E+00	1.16651E+03
8.00000E+00	4.77528E+00	1.27185E+03
8.00000E+00	5.05618E+00	1.40872E+03
8.00000E+00	5.33708E+00	1.58167E+03
8.00000E+00	5.61798E+00	1.79613E+03
8.00000E+00	5.89888E+00	2.05821E+03
8.00000E+00	6.17978E+00	2.37417E+03
8.00000E+00	6.46067E+00	2.74973E+03
8.00000E+00	6.74157E+00	3.18897E+03
8.00000E+00	7.02247E+00	3.69332E+03
8.00000E+00	7.30337E+00	4.26094E+03
8.00000E+00	7.58427E+00	4.88695E+03
8.00000E+00	7.86517E+00	5.56451E+03
8.00000E+00	8.14607E+00	6.28674E+03
8.00000E+00	8.42697E+00	7.04838E+03
8.00000E+00	8.70787E+00	7.84679E+03
8.00000E+00	8.98876E+00	8.68199E+03
8.00000E+00	9.26966E+00	9.55610E+03
8.00000E+00	9.55056E+00	1.04728E+04
8.00000E+00	9.83146E+00	1.14374E+04
8.00000E+00	1.01124E+01	1.24567E+04
8.00000E+00	1.03933E+01	1.35390E+04
8.00000E+00	1.06742E+01	1.46930E+04
8.00000E+00	1.09551E+01	1.59270E+04
8.00000E+00	1.12360E+01	1.72477E+04
8.00000E+00	1.15169E+01	1.86596E+04
8.00000E+00	1.17978E+01	2.01654E+04
8.00000E+00	1.20787E+01	2.17671E+04
8.00000E+00	1.23596E+01	2.34667E+04
8.00000E+00	1.26404E+01	2.52676E+04
8.00000E+00	1.29213E+01	2.71742E+04
8.00000E+00	1.32022E+01	2.91913E+04
8.00000E+00	1.34831E+01	3.13221E+04
8.00000E+00	1.37640E+01	3.35655E+04
8.00000E+00	1.40449E+01	3.59135E+04
8.00000E+00	1.43258E+01	3.83493E+04
8.00000E+00	1.46067E+01	4.08470E+04
8.00000E+00	1.48876E+01	4.33725E+04
8.00000E+00	1.51685E+01	4.58863E+04
8.00000E+00	1.54494E+01	4.83482E+04
8.00000E+00	1.57303E+01	5.07207E+04
8.00000E+00	1.60112E+01	5.29729E+04
8.00000E+00	1.62921E+01	5.50824E+04
8.00000E+00	1.65730E+01	5.70356E+04
8.00000E+00	1.68539E+01	5.88266E+04
8.00000E+00	1.71348E+01	6.04553E+04
8.00000E+00	1.74157E+01	6.19254E+04
8.00000E+00	1.76966E+01	6.32426E+04
8.00000E+00	1.79775E+01	6.44135E+04
8.00000E+00	1.82584E+01	6.54452E+04
8.00000E+00	1.85393E+01	6.63452E+04
8.00000E+00	1.88202E+01	6.71212E+04
8.00000E+00	1.91011E+01	6.77816E+04
8.00000E+00	1.93820E+01	6.83352E+04
8.00000E+00	1.96629E+01	6.87913E+04
8.00000E+00	1.99438E+01	6.91587E+04
8.00000E+00	2.02247E+01	6.94458E+04
8.00000E+00	2.05056E+01	6.96600E+04
8.00000E+00	2.07865E+01	6.98073E+04
8.00000E+00	2.10674E+01	6.98928E+04
8.00000E+00	2.13483E+01	6.99208E+04
8.00000E+00	2.16292E+01	6.98952E+04
8.00000E+00	2.19101E+01	6.98196E+04
8.00000E+00	2.21910E+01	6.96978E+04
8.00000E+00	2.24719E+01	6.95333E+04
8.00000E+00	2.27528E+01	6.93297E+04
8.00000E+00	2.30337E+01	6.90905E+04
8.00000E+00	2.33146E+01	6.88193E+04
8.00000E+00	2.35955E+01	6.85195E+04
8.00000E+00	2.38764E+01	6.81943E+04
8.00000E+00	2.41573E+01	6.78471E+04
8.00000E+00	2.44382E+01	6.74809E+04
8.00000E+00	2.47191E+01	6.70987E+04
8.00000E+00	2.50000E+01	6.67034E+04
9.00000E+00	0.00000E+00	1.15571E+03
9.00000E+00	2.80899E-01	1.16928E+03
9.00000E+00	5.61798E-01	1.17864E+03
9.00000E+00	8.42697E-01	1.18083E+03
9.00000E+00	1.12360E+00	1.17384E+03
9.00000E+00	1.40449E+00	1.15794E+03
9.00000E+00	1.68539E+00	1.13645E+03
9.00000E+00	1.96629E+00	1.11392E+03
9.00000E+00	2.24719E+00	1.09198E+03
9.00000E+00	2.52809E+00	1.07330E+03
9.00000E+00	2.80899E+00	1.06122E+03
9.00000E+00	3.08989E+00	1.05927E+03
9.00000E+00	3.37079E+00	1.07084E+03
9.00000E+00	3.65169E+00	1.09905E+03
9.00000E+00	3.93258E+00	1.14686E+03
9.00000E+00	4.21348E+00	1.21717E+03
9.00000E+00	4.49438E+00	1.31304E+03
9.00000E+00	4.77528E+00	1.43787E+03
9.00000E+00	5.05618E+00	1.59549E+03
9.00000E+00	5.33708E+00	1.79031E+03
9.00000E+00	5.61798E+00	2.02719E+03
9.00000E+00	5.89888E+00	2.31127E+03
9.00000E+00	6.17978E+00	2.64753E+03
9.00000E+00	6.46067E+00	3.04022E+03
9.00000E+00	6.74157E+00	3.49214E+03
9.00000E+00	7.02247E+00	4.00409E+03
9.00000E+00	7.30337E+00	4.57457E+03
9.00000E+00	7.58427E+00	5.20013E+03
9.00000E+00	7.86517E+00	5.87613E+03
9.00000E+00	8.14607E+00	6.59790E+03
9.00000E+00	8.42697E+00	7.36191E+03
9.00000E+00	8.70787E+00	8.16640E+03
9.00000E+00	8.98876E+00	9.01158E+03
9.00000E+00	9.26966E+00	9.89944E+03
9.00000E+00	9.55056E+00	1.08335E+04
9.00000E+00	9.83146E+00	1.18188E+04
9.00000E+00	1.01124E+01	1.28613E+04
9.00000E+00	1.03933E+01	1.39682E+04
9.00000E+00	1.06742E+01	1.51467E+04
9.00000E+00	1.09551E+01	1.64038E+04
9.00000E+00	1.12360E+01	1.77452E+04
9.00000E+00	1.15169E+01	1.91754E+04
9.00000E+00	1.17978E+01	2.06975E+04
9.00000E+00	1.20787E+01	2.23140E+04
9.00000E+00	1.23596E+01	2.40271E+04
9.00000E+00	1.26404E+01	2.58394E+04
9.00000E+00	1.29213E+01	2.77535E+04
9.00000E+00	1.32022E+01	2.97710E+04
9.00000E+00	1.34831E+01	3.18915E+04
9.00000E+00	1.37640E+01	3.41105E+04
9.00000E+00	1.40449E+01	3.64178E+04
9.00000E+00	1.43258E+01	3.87962E+04
9.00000E+00	1.46067E+01	4.12216E+04
9.00000E+00	1.48876E+01	4.36643E+04
9.00000E+00	1.51685E+01	4.60905E+04
9.00000E+00	1.54494E+01	4.84662E+04
9.00000E+00	1.57303E+01	5.07594E+04
9.00000E+00	1.60112E+01	5.29432E+04
9.00000E+00	1.62921E+01	5.49971E+04
9.00000E+00	1.65730E+01	5.69076E+04
9.00000E+00	1.68539E+01	5.86674E+04
9.00000E+00	1.71348E+01	6.02742E+04
9.00000E+00	1.74157E+01	6.17298E+04
9.00000E+00	1.76966E+01	6.30380E+04
9.00000E+00	1.79775E+01	6.42042E+04
9.00000E+00	1.82584E+01	6.52347E+04
9.00000E+00	1.85393E+01	6.61364E+04
9.00000E+00	1.88202E+01	6.69168E+04
9.00000E+00	1.91011E+01	6.75837E+04
9.00000E+00	1.93820E+01	6.81454E+04
9.00000E+00	1.96629E+01	6.86104E+04
9.00000E+00	1.99438E+01	6.89869E+04
9.00000E+00	2.02247E+01	6.92825E+04
9.00000E+00	2.05056E+01	6.95043E+04
9.00000E+00	2.07865E+01	6.96583E+04
9.00000E+00	2.10674E+01	6.97498E+04
9.00000E+00	2.13483E+01	6.97834E+04
9.00000E+00	2.16292E+01	6.97632E+04
9.00000E+00	2.19101E+01	6.96930E+04
9.00000E+00	2.21910E+01	6.95768E+04
9.00000E+00	2.24719E+01	6.94180E+04
9.00000E+00	2.27528E+01	6.92202E+04
9.00000E+00	2.30337E+01	6.89871E+04
9.00000E+00	2.33146E+01	6.87221E+04
9.00000E+00	2.35955E+01	6.84285E+04
9.00000E+00	2.38764E+01	6.81097E+04
9.00000E+00	2.41573E+01	6.77687E+04
9.00000E+00	2.44382E+01	6.74087E+04
9.00000E+00	2.47191E+01	6.70325E+04
9.00000E+00	2.50000E+01	6.66429E+04
1.00000E+01	0.00000E+00	1.16685E+03
1.00000E+01	2.80899E-01	1.17456E+03
1.00000E+01	5.61798E-01	1.17888E+03
1.00000E+01	8.42697E-01	1.17824E+03
1.00000E+01	1.12360E+00	1.17183E+03
1.00000E+01	1.40449E+00	1.16019E+03
1.00000E+01	1.68539E+00	1.14568E+03
1.00000E+01	1.96629E+00	1.13258E+03
1.00000E+01	2.24719E+00	1.12392E+03
1.00000E+01	2.52809E+00	1.12124E+03
1.00000E+01	2.80899E+00	1.12685E+03
1.00000E+01	3.08989E+00	1.14340E+03
1.00000E+01	3.37079E+00	1.17376E+03
1.00000E+01	3.65169E+00	1.22092E+03
1.00000E+01	3.93258E+00	1.28789E+03
1.00000E+01	4.21348E+00	1.37776E+03
1.00000E+01	4.49438E+00	1.49380E+03
1.00000E+01	4.77528E+00	1.63952E+03
1.00000E+01	5.05618E+00	1.81870E+03
1.00000E+01	5.33708E+00	2.03548E+03
1.00000E+01	5.61798E+00	2.29417E+03
1.00000E+01	5.89888E+00	2.59912E+03
1.00000E+01	6.17978E+00	2.95432E+03
1.00000E+01	6.46067E+00	3.36302E+03
1.00000E+01	6.74157E+00	3.82729E+03
1.00000E+01	7.02247E+00	4.34769E+03
1.00000E+01	7.30337E+00	4.92319E+03
1.00000E+01	7.58427E+00	5.55147E+03
1.00000E+01	7.86517E+00	6.22947E+03
1.00000E+01	8.14607E+00	6.95418E+03
1.00000E+01	8.42697E+00	7.72337E+03
1.00000E+01	8.70787E+00	8.53610E+03
1.00000E+01	8.98876E+00	9.39290E+03
1.00000E+01	9.26966E+00	1.02958E+04
1.00000E+01	9.55056E+00	1.12480E+04
1.00000E+01	9.83146E+00	1.22541E+04
1.00000E+01	1.01124E+01	1.33195E+04
1.00000E+01	1.03933E+01	1.44502E+04
1.00000E+01	1.06742E+01	1.56524E+04
1.00000E+01	1.09551E+01	1.69318E+04
1.00000E+01	1.12360E+01	1.82936E+04
1.00000E+01	1.15169E+01	1.97418E+04
1.00000E+01	1.17978E+01	2.12795E+04
1.00000E+01	1.20787E+01	2.29090E+04
1.00000E+01	1.23596E+01	2.46322E+04
1.00000E+01	1.26404E+01	2.64507E+04
1.00000E+01	1.29213E+01	2.83652E+04
1.00000E+01	1.32022E+01	3.03750E+04
1.00000E+01	1.34831E+01	3.24772E+04
1.00000E+01	1.37640E+01	3.46648E+04
1.00000E+01	1.40449E+01	3.69265E+04
1.00000E+01	1.43258E+01	3.92452E+04
1.00000E+01	1.46067E+01	4.15989E+04
1.00000E+01	1.48876E+01	4.39613E+04
1.00000E+01	1.51685E+01	4.63033E+04
1.00000E+01	1.54494E+01	4.85959E+04
1.00000E+01	1.57303E+01	5.08116E+04
1.00000E+01	1.60112E+01	5.29269E+04
1.00000E+01	1.62921E+01	5.49231E+04
1.00000E+01	1.65730E+01	5.67872E+04
1.00000E+01	1.68539E+01	5.85112E+04
1.00000E+01	1.71348E+01	6.00916E+04
1.00000E+01	1.74157E+01	6.15285E+04
1.00000E+01	1.76966E+01	6.28242E+04
1.00000E+01	1.79775E+01	6.39830E+04
1.00000E+01	1.82584E+01	6.50102E+04
1.00000E+01	1.85393E+01	6.59122E+04
1.00000E+01	1.88202E+01	6.66956E+04
1.00000E+01	1.91011E+01	6.73680E+04
1.00000E+01	1.93820E+01	6.79369E+04
1.00000E+01	1.96629E+01	6.84100E+04
1.00000E+01	1.99438E+01	6.87951E+04
1.00000E+01	2.02247E+01	6.90992E+04
1.00000E+01	2.05056E+01	6.93289E+04
1.00000E+01	2.07865E+01	6.94904E+04
1.00000E+01	2.10674E+01	6.95888E+04
1.00000E+01	2.13483E+01	6.96289E+04
1.00000E+01	2.16292E+01	6.96150E+04
1.00000E+01	2.19101E+01	6.95512E+04
1.00000E+01	2.21910E+01	6.94413E+04
1.00000E+01	2.24719E+01	6.92889E+04
1.00000E+01	2.27528E+01	6.90979E+04
1.00000E+01	2.30337E+01	6.88715E+04
1.00000E+01	2.33146E+01	6.86133E+04
1.00000E+01	2.35955E+01	6.83265E+04
1.00000E+01	2.38764E+01	6.80145E+04
1.00000E+01	2.41573E+01	6.76804E+04
1.00000E+01	2.44382E+01	6.73270E+04
1.00000E+01	2.47191E+01	6.69572E+04
1.00000E+01	2.50000E+01	6.65738E+04
