1.00000E-04	0.00000E+00	3.69508E+08
1.00000E-04	2.80899E-01	2.55611E+07
1.00000E-04	5.61798E-01	1.89403E+07
1.00000E-04	8.42697E-01	1.78896E+07
1.00000E-04	1.12360E+00	1.93976E+07
1.00000E-04	1.40449E+00	2.21029E+07
1.00000E-04	1.68539E+00	2.53410E+07
1.00000E-04	1.96629E+00	2.48082E+07
1.00000E-04	2.24719E+00	2.22388E+07
1.00000E-04	2.52809E+00	1.96760E+07
1.00000E-04	2.80899E+00	1.74770E+07
1.00000E-04	3.08989E+00	1.56391E+07
1.00000E-04	3.37079E+00	1.41073E+07
1.00000E-04	3.65169E+00	1.28235E+07
1.00000E-04	3.93258E+00	1.17377E+07
1.00000E-04	4.21348E+00	1.08176E+07
1.00000E-04	4.49438E+00	1.00303E+07
1.00000E-04	4.77528E+00	9.35035E+06
1.00000E-04	5.05618E+00	8.76331E+06
1.00000E-04	5.33708E+00	8.25388E+06
1.00000E-04	5.61798E+00	7.81026E+06
1.00000E-04	5.89888E+00	7.42365E+06
1.00000E-04	6.17978E+00	7.08459E+06
1.00000E-04	6.46067E+00	6.78884E+06
1.00000E-04	6.74157E+00	6.53098E+06
1.00000E-04	7.02247E+00	6.30698E+06
1.00000E-04	7.30337E+00	6.11000E+06
1.00000E-04	7.58427E+00	5.94138E+06
1.00000E-04	7.86517E+00	5.79339E+06
1.00000E-04	8.14607E+00	5.66741E+06
1.00000E-04	8.42697E+00	5.55698E+06
1.00000E-04	8.70787E+00	5.46093E+06
1.00000E-04	8.98876E+00	5.37948E+06
1.00000E-04	9.26966E+00	5.31076E+06
1.00000E-04	9.55056E+00	5.25183E+06
1.00000E-04	9.83146E+00	5.20156E+06
1.00000E-04	1.01124E+01	5.15890E+06
1.00000E-04	1.03933E+01	5.12208E+06
1.00000E-04	1.06742E+01	5.09038E+06
1.00000E-04	1.09551E+01	5.06089E+06
1.00000E-04	1.12360E+01	5.03787E+06
1.00000E-04	1.15169E+01	5.01477E+06
1.00000E-04	1.17978E+01	4.99155E+06
1.00000E-04	1.20787E+01	4.97114E+06
1.00000E-04	1.23596E+01	4.94854E+06
1.00000E-04	1.26404E+01	4.92516E+06
1.00000E-04	1.29213E+01	4.90201E+06
1.00000E-04	1.32022E+01	4.87989E+06
1.00000E-04	1.34831E+01	4.85444E+06
1.00000E-04	1.37640E+01	4.82816E+06
1.00000E-04	1.40449E+01	4.80215E+06
1.00000E-04	1.43258E+01	4.77154E+06
1.00000E-04	1.46067E+01	4.74178E+06
1.00000E-04	1.48876E+01	4.71038E+06
1.00000E-04	1.51685E+01	4.67887E+06
1.00000E-04	1.54494E+01	4.64492E+06
1.00000E-04	1.57303E+01	4.60979E+06
1.00000E-04	1.60112E+01	4.57197E+06
1.00000E-04	1.62921E+01	4.53412E+06
1.00000E-04	1.65730E+01	4.49706E+06
1.00000E-04	1.68539E+01	4.45974E+06
1.00000E-04	1.71348E+01	4.42223E+06
1.00000E-04	1.74157E+01	4.38171E+06
1.00000E-04	1.76966E+01	4.34278E+06
1.00000E-04	1.79775E+01	4.30387E+06
1.00000E-04	1.82584E+01	4.26492E+06
1.00000E-04	1.85393E+01	4.22412E+06
1.00000E-04	1.88202E+01	4.18512E+06
1.00000E-04	1.91011E+01	4.14609E+06
1.00000E-04	1.93820E+01	4.10543E+06
1.00000E-04	1.96629E+01	4.06674E+06
1.00000E-04	1.99438E+01	4.02868E+06
1.00000E-04	2.02247E+01	3.98871E+06
1.00000E-04	2.05056E+01	3.94926E+06
1.00000E-04	2.07865E+01	3.91192E+06
1.00000E-04	2.10674E+01	3.87205E+06
1.00000E-04	2.13483E+01	3.83441E+06
1.00000E-04	2.16292E+01	3.79525E+06
1.00000E-04	2.19101E+01	3.75659E+06
1.00000E-04	2.21910E+01	3.71846E+06
1.00000E-04	2.24719E+01	3.68045E+06
1.00000E-04	2.27528E+01	3.64282E+06
1.00000E-04	2.30337E+01	3.60697E+06
1.00000E-04	2.33146E+01	3.57072E+06
1.00000E-04	2.35955E+01	3.53458E+06
1.00000E-04	2.38764E+01	3.49969E+06
1.00000E-04	2.41573E+01	3.46588E+06
1.00000E-04	2.44382E+01	3.43093E+06
1.00000E-04	2.47191E+01	3.39681E+06
1.00000E-04	2.50000E+01	3.36246E+06
5.00000E-04	0.00000E+00	2.31205E+08
5.00000E-04	2.80899E-01	2.55588E+07
5.00000E-04	5.61798E-01	1.89404E+07
5.00000E-04	8.42697E-01	1.78917E+07
5.00000E-04	1.12360E+00	1.93933E+07
5.00000E-04	1.40449E+00	2.21028E+07
5.00000E-04	1.68539E+00	2.53411E+07
5.00000E-04	1.96629E+00	2.48082E+07
5.00000E-04	2.24719E+00	2.22388E+07
5.00000E-04	2.52809E+00	1.96760E+07
5.00000E-04	2.80899E+00	1.74770E+07
5.00000E-04	3.08989E+00	1.56392E+07
5.00000E-04	3.37079E+00	1.41073E+07
5.00000E-04	3.65169E+00	1.28235E+07
5.00000E-04	3.93258E+00	1.17377E+07
5.00000E-04	4.21348E+00	1.08172E+07
5.00000E-04	4.49438E+00	1.00303E+07
5.00000E-04	4.77528E+00	9.35035E+06
5.00000E-04	5.05618E+00	8.76331E+06
5.00000E-04	5.33708E+00	8.25388E+06
5.00000E-04	5.61798E+00	7.81026E+06
5.00000E-04	5.89888E+00	7.42364E+06
5.00000E-04	6.17978E+00	7.08459E+06
5.00000E-04	6.46067E+00	6.78884E+06
5.00000E-04	6.74157E+00	6.53098E+06
5.00000E-04	7.02247E+00	6.30698E+06
5.00000E-04	7.30337E+00	6.11007E+06
5.00000E-04	7.58427E+00	5.94138E+06
5.00000E-04	7.86517E+00	5.79339E+06
5.00000E-04	8.14607E+00	5.66741E+06
5.00000E-04	8.42697E+00	5.55698E+06
5.00000E-04	8.70787E+00	5.46093E+06
5.00000E-04	8.98876E+00	5.38012E+06
5.00000E-04	9.26966E+00	5.31076E+06
5.00000E-04	9.55056E+00	5.25183E+06
5.00000E-04	9.83146E+00	5.20156E+06
5.00000E-04	1.01124E+01	5.15890E+06
5.00000E-04	1.03933E+01	5.12180E+06
5.00000E-04	1.06742E+01	5.09038E+06
5.00000E-04	1.09551E+01	5.06089E+06
5.00000E-04	1.12360E+01	5.03787E+06
5.00000E-04	1.15169E+01	5.01477E+06
5.00000E-04	1.17978E+01	4.99155E+06
5.00000E-04	1.20787E+01	4.97114E+06
5.00000E-04	1.23596E+01	4.94854E+06
5.00000E-04	1.26404E+01	4.92516E+06
5.00000E-04	1.29213E+01	4.90201E+06
5.00000E-04	1.32022E+01	4.87989E+06
5.00000E-04	1.34831E+01	4.85444E+06
5.00000E-04	1.37640E+01	4.82816E+06
5.00000E-04	1.40449E+01	4.80215E+06
5.00000E-04	1.43258E+01	4.77154E+06
5.00000E-04	1.46067E+01	4.74178E+06
5.00000E-04	1.48876E+01	4.71038E+06
5.00000E-04	1.51685E+01	4.67887E+06
5.00000E-04	1.54494E+01	4.64492E+06
5.00000E-04	1.57303E+01	4.60979E+06
5.00000E-04	1.60112E+01	4.57197E+06
5.00000E-04	1.62921E+01	4.53412E+06
5.00000E-04	1.65730E+01	4.49706E+06
5.00000E-04	1.68539E+01	4.45974E+06
5.00000E-04	1.71348E+01	4.42223E+06
5.00000E-04	1.74157E+01	4.38171E+06
5.00000E-04	1.76966E+01	4.34278E+06
5.00000E-04	1.79775E+01	4.30387E+06
5.00000E-04	1.82584E+01	4.26492E+06
5.00000E-04	1.85393E+01	4.22412E+06
5.00000E-04	1.88202E+01	4.18512E+06
5.00000E-04	1.91011E+01	4.14609E+06
5.00000E-04	1.93820E+01	4.10543E+06
5.00000E-04	1.96629E+01	4.06674E+06
5.00000E-04	1.99438E+01	4.02848E+06
5.00000E-04	2.02247E+01	3.98871E+06
5.00000E-04	2.05056E+01	3.94926E+06
5.00000E-04	2.07865E+01	3.91192E+06
5.00000E-04	2.10674E+01	3.87205E+06
5.00000E-04	2.13483E+01	3.83441E+06
5.00000E-04	2.16292E+01	3.79525E+06
5.00000E-04	2.19101E+01	3.75659E+06
5.00000E-04	2.21910E+01	3.71846E+06
5.00000E-04	2.24719E+01	3.68045E+06
5.00000E-04	2.27528E+01	3.64282E+06
5.00000E-04	2.30337E+01	3.60697E+06
5.00000E-04	2.33146E+01	3.57072E+06
5.00000E-04	2.35955E+01	3.53458E+06
5.00000E-04	2.38764E+01	3.49969E+06
5.00000E-04	2.41573E+01	3.46588E+06
5.00000E-04	2.44382E+01	3.43093E+06
5.00000E-04	2.47191E+01	3.39681E+06
5.00000E-04	2.50000E+01	3.36246E+06
1.00000E-03	0.00000E+00	1.84795E+08
1.00000E-03	2.80899E-01	2.55587E+07
1.00000E-03	5.61798E-01	1.89404E+07
1.00000E-03	8.42697E-01	1.78930E+07
1.00000E-03	1.12360E+00	1.93899E+07
1.00000E-03	1.40449E+00	2.21015E+07
1.00000E-03	1.68539E+00	2.53412E+07
1.00000E-03	1.96629E+00	2.48082E+07
1.00000E-03	2.24719E+00	2.22388E+07
1.00000E-03	2.52809E+00	1.96760E+07
1.00000E-03	2.80899E+00	1.74770E+07
1.00000E-03	3.08989E+00	1.56396E+07
1.00000E-03	3.37079E+00	1.41074E+07
1.00000E-03	3.65169E+00	1.28233E+07
1.00000E-03	3.93258E+00	1.17379E+07
1.00000E-03	4.21348E+00	1.08170E+07
1.00000E-03	4.49438E+00	1.00302E+07
1.00000E-03	4.77528E+00	9.35030E+06
1.00000E-03	5.05618E+00	8.76340E+06
1.00000E-03	5.33708E+00	8.25388E+06
1.00000E-03	5.61798E+00	7.81026E+06
1.00000E-03	5.89888E+00	7.42352E+06
1.00000E-03	6.17978E+00	7.08459E+06
1.00000E-03	6.46067E+00	6.78884E+06
1.00000E-03	6.74157E+00	6.53092E+06
1.00000E-03	7.02247E+00	6.30697E+06
1.00000E-03	7.30337E+00	6.11007E+06
1.00000E-03	7.58427E+00	5.94138E+06
1.00000E-03	7.86517E+00	5.79339E+06
1.00000E-03	8.14607E+00	5.66741E+06
1.00000E-03	8.42697E+00	5.55698E+06
1.00000E-03	8.70787E+00	5.46093E+06
1.00000E-03	8.98876E+00	5.38023E+06
1.00000E-03	9.26966E+00	5.31076E+06
1.00000E-03	9.55056E+00	5.25183E+06
1.00000E-03	9.83146E+00	5.20156E+06
1.00000E-03	1.01124E+01	5.15890E+06
1.00000E-03	1.03933E+01	5.12177E+06
1.00000E-03	1.06742E+01	5.09038E+06
1.00000E-03	1.09551E+01	5.06089E+06
1.00000E-03	1.12360E+01	5.03787E+06
1.00000E-03	1.15169E+01	5.01477E+06
1.00000E-03	1.17978E+01	4.99155E+06
1.00000E-03	1.20787E+01	4.97113E+06
1.00000E-03	1.23596E+01	4.94854E+06
1.00000E-03	1.26404E+01	4.92516E+06
1.00000E-03	1.29213E+01	4.90202E+06
1.00000E-03	1.32022E+01	4.87989E+06
1.00000E-03	1.34831E+01	4.85444E+06
1.00000E-03	1.37640E+01	4.82816E+06
1.00000E-03	1.40449E+01	4.80215E+06
1.00000E-03	1.43258E+01	4.77154E+06
1.00000E-03	1.46067E+01	4.74178E+06
1.00000E-03	1.48876E+01	4.71038E+06
1.00000E-03	1.51685E+01	4.67887E+06
1.00000E-03	1.54494E+01	4.64492E+06
1.00000E-03	1.57303E+01	4.60979E+06
1.00000E-03	1.60112E+01	4.57197E+06
1.00000E-03	1.62921E+01	4.53412E+06
1.00000E-03	1.65730E+01	4.49706E+06
1.00000E-03	1.68539E+01	4.45974E+06
1.00000E-03	1.71348E+01	4.42223E+06
1.00000E-03	1.74157E+01	4.38175E+06
1.00000E-03	1.76966E+01	4.34278E+06
1.00000E-03	1.79775E+01	4.30387E+06
1.00000E-03	1.82584E+01	4.26492E+06
1.00000E-03	1.85393E+01	4.22412E+06
1.00000E-03	1.88202E+01	4.18512E+06
1.00000E-03	1.91011E+01	4.14612E+06
1.00000E-03	1.93820E+01	4.10543E+06
1.00000E-03	1.96629E+01	4.06674E+06
1.00000E-03	1.99438E+01	4.02818E+06
1.00000E-03	2.02247E+01	3.98871E+06
1.00000E-03	2.05056E+01	3.94926E+06
1.00000E-03	2.07865E+01	3.91192E+06
1.00000E-03	2.10674E+01	3.87205E+06
1.00000E-03	2.13483E+01	3.83441E+06
1.00000E-03	2.16292E+01	3.79525E+06
1.00000E-03	2.19101E+01	3.75659E+06
1.00000E-03	2.21910E+01	3.71846E+06
1.00000E-03	2.24719E+01	3.68045E+06
1.00000E-03	2.27528E+01	3.64282E+06
1.00000E-03	2.30337E+01	3.60697E+06
1.00000E-03	2.33146E+01	3.57072E+06
1.00000E-03	2.35955E+01	3.53458E+06
1.00000E-03	2.38764E+01	3.49969E+06
1.00000E-03	2.41573E+01	3.46588E+06
1.00000E-03	2.44382E+01	3.43093E+06
1.00000E-03	2.47191E+01	3.39681E+06
1.00000E-03	2.50000E+01	3.36246E+06
5.00000E-03	0.00000E+00	1.03028E+08
5.00000E-03	2.80899E-01	2.55587E+07
5.00000E-03	5.61798E-01	1.89404E+07
5.00000E-03	8.42697E-01	1.78933E+07
5.00000E-03	1.12360E+00	1.93875E+07
5.00000E-03	1.40449E+00	2.20984E+07
5.00000E-03	1.68539E+00	2.53416E+07
5.00000E-03	1.96629E+00	2.48076E+07
5.00000E-03	2.24719E+00	2.22381E+07
5.00000E-03	2.52809E+00	1.96759E+07
5.00000E-03	2.80899E+00	1.74769E+07
5.00000E-03	3.08989E+00	1.56401E+07
5.00000E-03	3.37079E+00	1.41075E+07
5.00000E-03	3.65169E+00	1.28227E+07
5.00000E-03	3.93258E+00	1.17385E+07
5.00000E-03	4.21348E+00	1.08169E+07
5.00000E-03	4.49438E+00	1.00295E+07
5.00000E-03	4.77528E+00	9.34983E+06
5.00000E-03	5.05618E+00	8.76382E+06
5.00000E-03	5.33708E+00	8.25366E+06
5.00000E-03	5.61798E+00	7.81044E+06
5.00000E-03	5.89888E+00	7.42303E+06
5.00000E-03	6.17978E+00	7.08431E+06
5.00000E-03	6.46067E+00	6.78887E+06
5.00000E-03	6.74157E+00	6.53025E+06
5.00000E-03	7.02247E+00	6.30659E+06
5.00000E-03	7.30337E+00	6.11007E+06
5.00000E-03	7.58427E+00	5.94134E+06
5.00000E-03	7.86517E+00	5.79356E+06
5.00000E-03	8.14607E+00	5.66696E+06
5.00000E-03	8.42697E+00	5.55693E+06
5.00000E-03	8.70787E+00	5.46094E+06
5.00000E-03	8.98876E+00	5.38031E+06
5.00000E-03	9.26966E+00	5.31048E+06
5.00000E-03	9.55056E+00	5.25182E+06
5.00000E-03	9.83146E+00	5.20142E+06
5.00000E-03	1.01124E+01	5.15879E+06
5.00000E-03	1.03933E+01	5.12174E+06
5.00000E-03	1.06742E+01	5.09037E+06
5.00000E-03	1.09551E+01	5.06090E+06
5.00000E-03	1.12360E+01	5.03715E+06
5.00000E-03	1.15169E+01	5.01437E+06
5.00000E-03	1.17978E+01	4.99157E+06
5.00000E-03	1.20787E+01	4.97037E+06
5.00000E-03	1.23596E+01	4.94851E+06
5.00000E-03	1.26404E+01	4.92518E+06
5.00000E-03	1.29213E+01	4.90271E+06
5.00000E-03	1.32022E+01	4.87988E+06
5.00000E-03	1.34831E+01	4.85476E+06
5.00000E-03	1.37640E+01	4.82869E+06
5.00000E-03	1.40449E+01	4.80214E+06
5.00000E-03	1.43258E+01	4.77155E+06
5.00000E-03	1.46067E+01	4.74178E+06
5.00000E-03	1.48876E+01	4.71044E+06
5.00000E-03	1.51685E+01	4.67887E+06
5.00000E-03	1.54494E+01	4.64492E+06
5.00000E-03	1.57303E+01	4.60977E+06
5.00000E-03	1.60112E+01	4.57198E+06
5.00000E-03	1.62921E+01	4.53419E+06
5.00000E-03	1.65730E+01	4.49699E+06
5.00000E-03	1.68539E+01	4.45974E+06
5.00000E-03	1.71348E+01	4.42223E+06
5.00000E-03	1.74157E+01	4.38214E+06
5.00000E-03	1.76966E+01	4.34289E+06
5.00000E-03	1.79775E+01	4.30387E+06
5.00000E-03	1.82584E+01	4.26487E+06
5.00000E-03	1.85393E+01	4.22412E+06
5.00000E-03	1.88202E+01	4.18515E+06
5.00000E-03	1.91011E+01	4.14619E+06
5.00000E-03	1.93820E+01	4.10544E+06
5.00000E-03	1.96629E+01	4.06674E+06
5.00000E-03	1.99438E+01	4.02778E+06
5.00000E-03	2.02247E+01	3.98871E+06
5.00000E-03	2.05056E+01	3.94930E+06
5.00000E-03	2.07865E+01	3.91184E+06
5.00000E-03	2.10674E+01	3.87205E+06
5.00000E-03	2.13483E+01	3.83441E+06
5.00000E-03	2.16292E+01	3.79525E+06
5.00000E-03	2.19101E+01	3.75659E+06
5.00000E-03	2.21910E+01	3.71846E+06
5.00000E-03	2.24719E+01	3.68045E+06
5.00000E-03	2.27528E+01	3.64282E+06
5.00000E-03	2.30337E+01	3.60695E+06
5.00000E-03	2.33146E+01	3.57066E+06
5.00000E-03	2.35955E+01	3.53458E+06
5.00000E-03	2.38764E+01	3.49971E+06
5.00000E-03	2.41573E+01	3.46578E+06
5.00000E-03	2.44382E+01	3.43093E+06
5.00000E-03	2.47191E+01	3.39681E+06
5.00000E-03	2.50000E+01	3.36246E+06
1.00000E-02	0.00000E+00	8.04126E+07
1.00000E-02	2.80899E-01	2.55586E+07
1.00000E-02	5.61798E-01	1.89404E+07
1.00000E-02	8.42697E-01	1.78933E+07
1.00000E-02	1.12360E+00	1.93875E+07
1.00000E-02	1.40449E+00	2.20985E+07
1.00000E-02	1.68539E+00	2.53415E+07
1.00000E-02	1.96629E+00	2.48076E+07
1.00000E-02	2.24719E+00	2.22381E+07
1.00000E-02	2.52809E+00	1.96759E+07
1.00000E-02	2.80899E+00	1.74769E+07
1.00000E-02	3.08989E+00	1.56401E+07
1.00000E-02	3.37079E+00	1.41075E+07
1.00000E-02	3.65169E+00	1.28227E+07
1.00000E-02	3.93258E+00	1.17385E+07
1.00000E-02	4.21348E+00	1.08169E+07
1.00000E-02	4.49438E+00	1.00294E+07
1.00000E-02	4.77528E+00	9.34977E+06
1.00000E-02	5.05618E+00	8.76385E+06
1.00000E-02	5.33708E+00	8.25359E+06
1.00000E-02	5.61798E+00	7.81052E+06
1.00000E-02	5.89888E+00	7.42297E+06
1.00000E-02	6.17978E+00	7.08414E+06
1.00000E-02	6.46067E+00	6.78889E+06
1.00000E-02	6.74157E+00	6.53009E+06
1.00000E-02	7.02247E+00	6.30648E+06
1.00000E-02	7.30337E+00	6.11006E+06
1.00000E-02	7.58427E+00	5.94133E+06
1.00000E-02	7.86517E+00	5.79363E+06
1.00000E-02	8.14607E+00	5.66653E+06
1.00000E-02	8.42697E+00	5.55674E+06
1.00000E-02	8.70787E+00	5.46101E+06
1.00000E-02	8.98876E+00	5.38033E+06
1.00000E-02	9.26966E+00	5.31020E+06
1.00000E-02	9.55056E+00	5.25179E+06
1.00000E-02	9.83146E+00	5.20108E+06
1.00000E-02	1.01124E+01	5.15847E+06
1.00000E-02	1.03933E+01	5.12175E+06
1.00000E-02	1.06742E+01	5.09020E+06
1.00000E-02	1.09551E+01	5.06113E+06
1.00000E-02	1.12360E+01	5.03657E+06
1.00000E-02	1.15169E+01	5.01390E+06
1.00000E-02	1.17978E+01	4.99154E+06
1.00000E-02	1.20787E+01	4.96997E+06
1.00000E-02	1.23596E+01	4.94824E+06
1.00000E-02	1.26404E+01	4.92544E+06
1.00000E-02	1.29213E+01	4.90307E+06
1.00000E-02	1.32022E+01	4.87990E+06
1.00000E-02	1.34831E+01	4.85512E+06
1.00000E-02	1.37640E+01	4.82912E+06
1.00000E-02	1.40449E+01	4.80198E+06
1.00000E-02	1.43258E+01	4.77166E+06
1.00000E-02	1.46067E+01	4.74177E+06
1.00000E-02	1.48876E+01	4.71063E+06
1.00000E-02	1.51685E+01	4.67890E+06
1.00000E-02	1.54494E+01	4.64492E+06
1.00000E-02	1.57303E+01	4.60961E+06
1.00000E-02	1.60112E+01	4.57211E+06
1.00000E-02	1.62921E+01	4.53431E+06
1.00000E-02	1.65730E+01	4.49675E+06
1.00000E-02	1.68539E+01	4.45976E+06
1.00000E-02	1.71348E+01	4.42223E+06
1.00000E-02	1.74157E+01	4.38224E+06
1.00000E-02	1.76966E+01	4.34299E+06
1.00000E-02	1.79775E+01	4.30387E+06
1.00000E-02	1.82584E+01	4.26460E+06
1.00000E-02	1.85393E+01	4.22414E+06
1.00000E-02	1.88202E+01	4.18527E+06
1.00000E-02	1.91011E+01	4.14619E+06
1.00000E-02	1.93820E+01	4.10550E+06
1.00000E-02	1.96629E+01	4.06674E+06
1.00000E-02	1.99438E+01	4.02773E+06
1.00000E-02	2.02247E+01	3.98866E+06
1.00000E-02	2.05056E+01	3.94939E+06
1.00000E-02	2.07865E+01	3.91157E+06
1.00000E-02	2.10674E+01	3.87210E+06
1.00000E-02	2.13483E+01	3.83440E+06
1.00000E-02	2.16292E+01	3.79530E+06
1.00000E-02	2.19101E+01	3.75659E+06
1.00000E-02	2.21910E+01	3.71846E+06
1.00000E-02	2.24719E+01	3.68044E+06
1.00000E-02	2.27528E+01	3.64284E+06
1.00000E-02	2.30337E+01	3.60682E+06
1.00000E-02	2.33146E+01	3.57055E+06
1.00000E-02	2.35955E+01	3.53459E+06
1.00000E-02	2.38764E+01	3.49980E+06
1.00000E-02	2.41573E+01	3.46561E+06
1.00000E-02	2.44382E+01	3.43093E+06
1.00000E-02	2.47191E+01	3.39680E+06
1.00000E-02	2.50000E+01	3.36246E+06
5.00000E-02	0.00000E+00	4.70387E+07
5.00000E-02	2.80899E-01	2.55566E+07
5.00000E-02	5.61798E-01	1.89415E+07
5.00000E-02	8.42697E-01	1.78948E+07
5.00000E-02	1.12360E+00	1.93889E+07
5.00000E-02	1.40449E+00	2.20996E+07
5.00000E-02	1.68539E+00	2.53397E+07
5.00000E-02	1.96629E+00	2.48067E+07
5.00000E-02	2.24719E+00	2.22378E+07
5.00000E-02	2.52809E+00	1.96758E+07
5.00000E-02	2.80899E+00	1.74769E+07
5.00000E-02	3.08989E+00	1.56401E+07
5.00000E-02	3.37079E+00	1.41075E+07
5.00000E-02	3.65169E+00	1.28226E+07
5.00000E-02	3.93258E+00	1.17385E+07
5.00000E-02	4.21348E+00	1.08169E+07
5.00000E-02	4.49438E+00	1.00294E+07
5.00000E-02	4.77528E+00	9.34978E+06
5.00000E-02	5.05618E+00	8.76385E+06
5.00000E-02	5.33708E+00	8.25359E+06
5.00000E-02	5.61798E+00	7.81053E+06
5.00000E-02	5.89888E+00	7.42297E+06
5.00000E-02	6.17978E+00	7.08412E+06
5.00000E-02	6.46067E+00	6.78889E+06
5.00000E-02	6.74157E+00	6.53006E+06
5.00000E-02	7.02247E+00	6.30647E+06
5.00000E-02	7.30337E+00	6.11006E+06
5.00000E-02	7.58427E+00	5.94134E+06
5.00000E-02	7.86517E+00	5.79364E+06
5.00000E-02	8.14607E+00	5.66635E+06
5.00000E-02	8.42697E+00	5.55664E+06
5.00000E-02	8.70787E+00	5.46109E+06
5.00000E-02	8.98876E+00	5.38035E+06
5.00000E-02	9.26966E+00	5.31014E+06
5.00000E-02	9.55056E+00	5.25177E+06
5.00000E-02	9.83146E+00	5.20091E+06
5.00000E-02	1.01124E+01	5.15828E+06
5.00000E-02	1.03933E+01	5.12179E+06
5.00000E-02	1.06742E+01	5.08987E+06
5.00000E-02	1.09551E+01	5.06168E+06
5.00000E-02	1.12360E+01	5.03616E+06
5.00000E-02	1.15169E+01	5.01363E+06
5.00000E-02	1.17978E+01	4.99153E+06
5.00000E-02	1.20787E+01	4.96978E+06
5.00000E-02	1.23596E+01	4.94772E+06
5.00000E-02	1.26404E+01	4.92595E+06
5.00000E-02	1.29213E+01	4.90324E+06
5.00000E-02	1.32022E+01	4.87991E+06
5.00000E-02	1.34831E+01	4.85533E+06
5.00000E-02	1.37640E+01	4.82942E+06
5.00000E-02	1.40449E+01	4.80161E+06
5.00000E-02	1.43258E+01	4.77187E+06
5.00000E-02	1.46067E+01	4.74152E+06
5.00000E-02	1.48876E+01	4.71074E+06
5.00000E-02	1.51685E+01	4.67897E+06
5.00000E-02	1.54494E+01	4.64474E+06
5.00000E-02	1.57303E+01	4.60935E+06
5.00000E-02	1.60112E+01	4.57236E+06
5.00000E-02	1.62921E+01	4.53435E+06
5.00000E-02	1.65730E+01	4.49652E+06
5.00000E-02	1.68539E+01	4.45979E+06
5.00000E-02	1.71348E+01	4.42184E+06
5.00000E-02	1.74157E+01	4.38227E+06
5.00000E-02	1.76966E+01	4.34302E+06
5.00000E-02	1.79775E+01	4.30382E+06
5.00000E-02	1.82584E+01	4.26389E+06
5.00000E-02	1.85393E+01	4.22421E+06
5.00000E-02	1.88202E+01	4.18539E+06
5.00000E-02	1.91011E+01	4.14619E+06
5.00000E-02	1.93820E+01	4.10616E+06
5.00000E-02	1.96629E+01	4.06664E+06
5.00000E-02	1.99438E+01	4.02767E+06
5.00000E-02	2.02247E+01	3.98840E+06
5.00000E-02	2.05056E+01	3.94944E+06
5.00000E-02	2.07865E+01	3.91106E+06
5.00000E-02	2.10674E+01	3.87258E+06
5.00000E-02	2.13483E+01	3.83419E+06
5.00000E-02	2.16292E+01	3.79556E+06
5.00000E-02	2.19101E+01	3.75688E+06
5.00000E-02	2.21910E+01	3.71830E+06
5.00000E-02	2.24719E+01	3.68030E+06
5.00000E-02	2.27528E+01	3.64312E+06
5.00000E-02	2.30337E+01	3.60656E+06
5.00000E-02	2.33146E+01	3.57043E+06
5.00000E-02	2.35955E+01	3.53486E+06
5.00000E-02	2.38764E+01	3.49999E+06
5.00000E-02	2.41573E+01	3.46541E+06
5.00000E-02	2.44382E+01	3.43098E+06
5.00000E-02	2.47191E+01	3.39656E+06
5.00000E-02	2.50000E+01	3.36246E+06
1.00000E-01	0.00000E+00	4.04928E+07
1.00000E-01	2.80899E-01	2.55445E+07
1.00000E-01	5.61798E-01	1.89441E+07
1.00000E-01	8.42697E-01	1.78991E+07
1.00000E-01	1.12360E+00	1.93923E+07
1.00000E-01	1.40449E+00	2.21032E+07
1.00000E-01	1.68539E+00	2.53338E+07
1.00000E-01	1.96629E+00	2.48040E+07
1.00000E-01	2.24719E+00	2.22370E+07
1.00000E-01	2.52809E+00	1.96755E+07
1.00000E-01	2.80899E+00	1.74767E+07
1.00000E-01	3.08989E+00	1.56400E+07
1.00000E-01	3.37079E+00	1.41074E+07
1.00000E-01	3.65169E+00	1.28226E+07
1.00000E-01	3.93258E+00	1.17385E+07
1.00000E-01	4.21348E+00	1.08169E+07
1.00000E-01	4.49438E+00	1.00294E+07
1.00000E-01	4.77528E+00	9.34980E+06
1.00000E-01	5.05618E+00	8.76385E+06
1.00000E-01	5.33708E+00	8.25360E+06
1.00000E-01	5.61798E+00	7.81053E+06
1.00000E-01	5.89888E+00	7.42297E+06
1.00000E-01	6.17978E+00	7.08413E+06
1.00000E-01	6.46067E+00	6.78889E+06
1.00000E-01	6.74157E+00	6.53007E+06
1.00000E-01	7.02247E+00	6.30648E+06
1.00000E-01	7.30337E+00	6.11008E+06
1.00000E-01	7.58427E+00	5.94135E+06
1.00000E-01	7.86517E+00	5.79366E+06
1.00000E-01	8.14607E+00	5.66636E+06
1.00000E-01	8.42697E+00	5.55664E+06
1.00000E-01	8.70787E+00	5.46110E+06
1.00000E-01	8.98876E+00	5.38036E+06
1.00000E-01	9.26966E+00	5.31015E+06
1.00000E-01	9.55056E+00	5.25178E+06
1.00000E-01	9.83146E+00	5.20092E+06
1.00000E-01	1.01124E+01	5.15829E+06
1.00000E-01	1.03933E+01	5.12179E+06
1.00000E-01	1.06742E+01	5.08988E+06
1.00000E-01	1.09551E+01	5.06168E+06
1.00000E-01	1.12360E+01	5.03617E+06
1.00000E-01	1.15169E+01	5.01363E+06
1.00000E-01	1.17978E+01	4.99153E+06
1.00000E-01	1.20787E+01	4.96978E+06
1.00000E-01	1.23596E+01	4.94772E+06
1.00000E-01	1.26404E+01	4.92595E+06
1.00000E-01	1.29213E+01	4.90324E+06
1.00000E-01	1.32022E+01	4.87990E+06
1.00000E-01	1.34831E+01	4.85533E+06
1.00000E-01	1.37640E+01	4.82942E+06
1.00000E-01	1.40449E+01	4.80160E+06
1.00000E-01	1.43258E+01	4.77187E+06
1.00000E-01	1.46067E+01	4.74150E+06
1.00000E-01	1.48876E+01	4.71074E+06
1.00000E-01	1.51685E+01	4.67896E+06
1.00000E-01	1.54494E+01	4.64474E+06
1.00000E-01	1.57303E+01	4.60934E+06
1.00000E-01	1.60112E+01	4.57236E+06
1.00000E-01	1.62921E+01	4.53435E+06
1.00000E-01	1.65730E+01	4.49652E+06
1.00000E-01	1.68539E+01	4.45979E+06
1.00000E-01	1.71348E+01	4.42181E+06
1.00000E-01	1.74157E+01	4.38227E+06
1.00000E-01	1.76966E+01	4.34302E+06
1.00000E-01	1.79775E+01	4.30381E+06
1.00000E-01	1.82584E+01	4.26387E+06
1.00000E-01	1.85393E+01	4.22421E+06
1.00000E-01	1.88202E+01	4.18539E+06
1.00000E-01	1.91011E+01	4.14618E+06
1.00000E-01	1.93820E+01	4.10618E+06
1.00000E-01	1.96629E+01	4.06664E+06
1.00000E-01	1.99438E+01	4.02767E+06
1.00000E-01	2.02247E+01	3.98840E+06
1.00000E-01	2.05056E+01	3.94944E+06
1.00000E-01	2.07865E+01	3.91104E+06
1.00000E-01	2.10674E+01	3.87260E+06
1.00000E-01	2.13483E+01	3.83418E+06
1.00000E-01	2.16292E+01	3.79556E+06
1.00000E-01	2.19101E+01	3.75690E+06
1.00000E-01	2.21910E+01	3.71829E+06
1.00000E-01	2.24719E+01	3.68030E+06
1.00000E-01	2.27528E+01	3.64312E+06
1.00000E-01	2.30337E+01	3.60655E+06
1.00000E-01	2.33146E+01	3.57043E+06
1.00000E-01	2.35955E+01	3.53488E+06
1.00000E-01	2.38764E+01	3.49999E+06
1.00000E-01	2.41573E+01	3.46541E+06
1.00000E-01	2.44382E+01	3.43098E+06
1.00000E-01	2.47191E+01	3.39654E+06
1.00000E-01	2.50000E+01	3.36246E+06
2.00000E-01	0.00000E+00	3.79887E+07
2.00000E-01	2.80899E-01	2.54585E+07
2.00000E-01	5.61798E-01	1.89513E+07
2.00000E-01	8.42697E-01	1.79152E+07
2.00000E-01	1.12360E+00	1.94058E+07
2.00000E-01	1.40449E+00	2.21170E+07
2.00000E-01	1.68539E+00	2.53101E+07
2.00000E-01	1.96629E+00	2.47929E+07
2.00000E-01	2.24719E+00	2.22337E+07
2.00000E-01	2.52809E+00	1.96741E+07
2.00000E-01	2.80899E+00	1.74760E+07
2.00000E-01	3.08989E+00	1.56395E+07
2.00000E-01	3.37079E+00	1.41071E+07
2.00000E-01	3.65169E+00	1.28224E+07
2.00000E-01	3.93258E+00	1.17384E+07
2.00000E-01	4.21348E+00	1.08168E+07
2.00000E-01	4.49438E+00	1.00293E+07
2.00000E-01	4.77528E+00	9.34985E+06
2.00000E-01	5.05618E+00	8.76382E+06
2.00000E-01	5.33708E+00	8.25363E+06
2.00000E-01	5.61798E+00	7.81051E+06
2.00000E-01	5.89888E+00	7.42297E+06
2.00000E-01	6.17978E+00	7.08417E+06
2.00000E-01	6.46067E+00	6.78891E+06
2.00000E-01	6.74157E+00	6.53014E+06
2.00000E-01	7.02247E+00	6.30651E+06
2.00000E-01	7.30337E+00	6.11016E+06
2.00000E-01	7.58427E+00	5.94137E+06
2.00000E-01	7.86517E+00	5.79371E+06
2.00000E-01	8.14607E+00	5.66640E+06
2.00000E-01	8.42697E+00	5.55666E+06
2.00000E-01	8.70787E+00	5.46115E+06
2.00000E-01	8.98876E+00	5.38036E+06
2.00000E-01	9.26966E+00	5.31020E+06
2.00000E-01	9.55056E+00	5.25179E+06
2.00000E-01	9.83146E+00	5.20096E+06
2.00000E-01	1.01124E+01	5.15831E+06
2.00000E-01	1.03933E+01	5.12182E+06
2.00000E-01	1.06742E+01	5.08989E+06
2.00000E-01	1.09551E+01	5.06168E+06
2.00000E-01	1.12360E+01	5.03618E+06
2.00000E-01	1.15169E+01	5.01363E+06
2.00000E-01	1.17978E+01	4.99154E+06
2.00000E-01	1.20787E+01	4.96978E+06
2.00000E-01	1.23596E+01	4.94773E+06
2.00000E-01	1.26404E+01	4.92594E+06
2.00000E-01	1.29213E+01	4.90323E+06
2.00000E-01	1.32022E+01	4.87990E+06
2.00000E-01	1.34831E+01	4.85532E+06
2.00000E-01	1.37640E+01	4.82941E+06
2.00000E-01	1.40449E+01	4.80159E+06
2.00000E-01	1.43258E+01	4.77187E+06
2.00000E-01	1.46067E+01	4.74150E+06
2.00000E-01	1.48876E+01	4.71074E+06
2.00000E-01	1.51685E+01	4.67895E+06
2.00000E-01	1.54494E+01	4.64473E+06
2.00000E-01	1.57303E+01	4.60932E+06
2.00000E-01	1.60112E+01	4.57235E+06
2.00000E-01	1.62921E+01	4.53435E+06
2.00000E-01	1.65730E+01	4.49653E+06
2.00000E-01	1.68539E+01	4.45978E+06
2.00000E-01	1.71348E+01	4.42179E+06
2.00000E-01	1.74157E+01	4.38227E+06
2.00000E-01	1.76966E+01	4.34302E+06
2.00000E-01	1.79775E+01	4.30380E+06
2.00000E-01	1.82584E+01	4.26386E+06
2.00000E-01	1.85393E+01	4.22421E+06
2.00000E-01	1.88202E+01	4.18538E+06
2.00000E-01	1.91011E+01	4.14617E+06
2.00000E-01	1.93820E+01	4.10618E+06
2.00000E-01	1.96629E+01	4.06664E+06
2.00000E-01	1.99438E+01	4.02766E+06
2.00000E-01	2.02247E+01	3.98840E+06
2.00000E-01	2.05056E+01	3.94944E+06
2.00000E-01	2.07865E+01	3.91104E+06
2.00000E-01	2.10674E+01	3.87259E+06
2.00000E-01	2.13483E+01	3.83418E+06
2.00000E-01	2.16292E+01	3.79556E+06
2.00000E-01	2.19101E+01	3.75690E+06
2.00000E-01	2.21910E+01	3.71829E+06
2.00000E-01	2.24719E+01	3.68030E+06
2.00000E-01	2.27528E+01	3.64312E+06
2.00000E-01	2.30337E+01	3.60655E+06
2.00000E-01	2.33146E+01	3.57043E+06
2.00000E-01	2.35955E+01	3.53487E+06
2.00000E-01	2.38764E+01	3.49999E+06
2.00000E-01	2.41573E+01	3.46541E+06
2.00000E-01	2.44382E+01	3.43097E+06
2.00000E-01	2.47191E+01	3.39654E+06
2.00000E-01	2.50000E+01	3.36246E+06
2.50000E-01	0.00000E+00	3.74640E+07
2.50000E-01	2.80899E-01	2.53715E+07
2.50000E-01	5.61798E-01	1.89546E+07
2.50000E-01	8.42697E-01	1.79266E+07
2.50000E-01	1.12360E+00	1.94163E+07
2.50000E-01	1.40449E+00	2.21271E+07
2.50000E-01	1.68539E+00	2.52930E+07
2.50000E-01	1.96629E+00	2.47844E+07
2.50000E-01	2.24719E+00	2.22311E+07
2.50000E-01	2.52809E+00	1.96731E+07
2.50000E-01	2.80899E+00	1.74755E+07
2.50000E-01	3.08989E+00	1.56392E+07
2.50000E-01	3.37079E+00	1.41069E+07
2.50000E-01	3.65169E+00	1.28223E+07
2.50000E-01	3.93258E+00	1.17384E+07
2.50000E-01	4.21348E+00	1.08168E+07
2.50000E-01	4.49438E+00	1.00293E+07
2.50000E-01	4.77528E+00	9.34988E+06
2.50000E-01	5.05618E+00	8.76380E+06
2.50000E-01	5.33708E+00	8.25364E+06
2.50000E-01	5.61798E+00	7.81051E+06
2.50000E-01	5.89888E+00	7.42298E+06
2.50000E-01	6.17978E+00	7.08420E+06
2.50000E-01	6.46067E+00	6.78892E+06
2.50000E-01	6.74157E+00	6.53019E+06
2.50000E-01	7.02247E+00	6.30653E+06
2.50000E-01	7.30337E+00	6.11022E+06
2.50000E-01	7.58427E+00	5.94139E+06
2.50000E-01	7.86517E+00	5.79376E+06
2.50000E-01	8.14607E+00	5.66644E+06
2.50000E-01	8.42697E+00	5.55667E+06
2.50000E-01	8.70787E+00	5.46119E+06
2.50000E-01	8.98876E+00	5.38037E+06
2.50000E-01	9.26966E+00	5.31024E+06
2.50000E-01	9.55056E+00	5.25181E+06
2.50000E-01	9.83146E+00	5.20099E+06
2.50000E-01	1.01124E+01	5.15833E+06
2.50000E-01	1.03933E+01	5.12183E+06
2.50000E-01	1.06742E+01	5.08991E+06
2.50000E-01	1.09551E+01	5.06169E+06
2.50000E-01	1.12360E+01	5.03620E+06
2.50000E-01	1.15169E+01	5.01363E+06
2.50000E-01	1.17978E+01	4.99154E+06
2.50000E-01	1.20787E+01	4.96978E+06
2.50000E-01	1.23596E+01	4.94774E+06
2.50000E-01	1.26404E+01	4.92593E+06
2.50000E-01	1.29213E+01	4.90323E+06
2.50000E-01	1.32022E+01	4.87989E+06
2.50000E-01	1.34831E+01	4.85531E+06
2.50000E-01	1.37640E+01	4.82940E+06
2.50000E-01	1.40449E+01	4.80159E+06
2.50000E-01	1.43258E+01	4.77187E+06
2.50000E-01	1.46067E+01	4.74149E+06
2.50000E-01	1.48876E+01	4.71073E+06
2.50000E-01	1.51685E+01	4.67894E+06
2.50000E-01	1.54494E+01	4.64473E+06
2.50000E-01	1.57303E+01	4.60931E+06
2.50000E-01	1.60112E+01	4.57235E+06
2.50000E-01	1.62921E+01	4.53434E+06
2.50000E-01	1.65730E+01	4.49653E+06
2.50000E-01	1.68539E+01	4.45977E+06
2.50000E-01	1.71348E+01	4.42178E+06
2.50000E-01	1.74157E+01	4.38226E+06
2.50000E-01	1.76966E+01	4.34301E+06
2.50000E-01	1.79775E+01	4.30380E+06
2.50000E-01	1.82584E+01	4.26386E+06
2.50000E-01	1.85393E+01	4.22421E+06
2.50000E-01	1.88202E+01	4.18538E+06
2.50000E-01	1.91011E+01	4.14617E+06
2.50000E-01	1.93820E+01	4.10618E+06
2.50000E-01	1.96629E+01	4.06664E+06
2.50000E-01	1.99438E+01	4.02765E+06
2.50000E-01	2.02247E+01	3.98839E+06
2.50000E-01	2.05056E+01	3.94944E+06
2.50000E-01	2.07865E+01	3.91103E+06
2.50000E-01	2.10674E+01	3.87259E+06
2.50000E-01	2.13483E+01	3.83417E+06
2.50000E-01	2.16292E+01	3.79556E+06
2.50000E-01	2.19101E+01	3.75689E+06
2.50000E-01	2.21910E+01	3.71829E+06
2.50000E-01	2.24719E+01	3.68029E+06
2.50000E-01	2.27528E+01	3.64312E+06
2.50000E-01	2.30337E+01	3.60655E+06
2.50000E-01	2.33146E+01	3.57043E+06
2.50000E-01	2.35955E+01	3.53487E+06
2.50000E-01	2.38764E+01	3.49999E+06
2.50000E-01	2.41573E+01	3.46541E+06
2.50000E-01	2.44382E+01	3.43097E+06
2.50000E-01	2.47191E+01	3.39654E+06
2.50000E-01	2.50000E+01	3.36246E+06
3.00000E-01	0.00000E+00	3.69375E+07
3.00000E-01	2.80899E-01	2.52549E+07
3.00000E-01	5.61798E-01	1.89572E+07
3.00000E-01	8.42697E-01	1.79400E+07
3.00000E-01	1.12360E+00	1.94291E+07
3.00000E-01	1.40449E+00	2.21394E+07
3.00000E-01	1.68539E+00	2.52730E+07
3.00000E-01	1.96629E+00	2.47740E+07
3.00000E-01	2.24719E+00	2.22278E+07
3.00000E-01	2.52809E+00	1.96717E+07
3.00000E-01	2.80899E+00	1.74748E+07
3.00000E-01	3.08989E+00	1.56388E+07
3.00000E-01	3.37079E+00	1.41067E+07
3.00000E-01	3.65169E+00	1.28221E+07
3.00000E-01	3.93258E+00	1.17383E+07
3.00000E-01	4.21348E+00	1.08167E+07
3.00000E-01	4.49438E+00	1.00293E+07
3.00000E-01	4.77528E+00	9.34989E+06
3.00000E-01	5.05618E+00	8.76377E+06
3.00000E-01	5.33708E+00	8.25366E+06
3.00000E-01	5.61798E+00	7.81050E+06
3.00000E-01	5.89888E+00	7.42299E+06
3.00000E-01	6.17978E+00	7.08423E+06
3.00000E-01	6.46067E+00	6.78894E+06
3.00000E-01	6.74157E+00	6.53025E+06
3.00000E-01	7.02247E+00	6.30655E+06
3.00000E-01	7.30337E+00	6.11028E+06
3.00000E-01	7.58427E+00	5.94142E+06
3.00000E-01	7.86517E+00	5.79380E+06
3.00000E-01	8.14607E+00	5.66647E+06
3.00000E-01	8.42697E+00	5.55669E+06
3.00000E-01	8.70787E+00	5.46123E+06
3.00000E-01	8.98876E+00	5.38039E+06
3.00000E-01	9.26966E+00	5.31029E+06
3.00000E-01	9.55056E+00	5.25182E+06
3.00000E-01	9.83146E+00	5.20102E+06
3.00000E-01	1.01124E+01	5.15836E+06
3.00000E-01	1.03933E+01	5.12185E+06
3.00000E-01	1.06742E+01	5.08992E+06
3.00000E-01	1.09551E+01	5.06169E+06
3.00000E-01	1.12360E+01	5.03621E+06
3.00000E-01	1.15169E+01	5.01362E+06
3.00000E-01	1.17978E+01	4.99155E+06
3.00000E-01	1.20787E+01	4.96978E+06
3.00000E-01	1.23596E+01	4.94775E+06
3.00000E-01	1.26404E+01	4.92592E+06
3.00000E-01	1.29213E+01	4.90322E+06
3.00000E-01	1.32022E+01	4.87988E+06
3.00000E-01	1.34831E+01	4.85530E+06
3.00000E-01	1.37640E+01	4.82939E+06
3.00000E-01	1.40449E+01	4.80158E+06
3.00000E-01	1.43258E+01	4.77186E+06
3.00000E-01	1.46067E+01	4.74149E+06
3.00000E-01	1.48876E+01	4.71073E+06
3.00000E-01	1.51685E+01	4.67892E+06
3.00000E-01	1.54494E+01	4.64472E+06
3.00000E-01	1.57303E+01	4.60930E+06
3.00000E-01	1.60112E+01	4.57234E+06
3.00000E-01	1.62921E+01	4.53434E+06
3.00000E-01	1.65730E+01	4.49654E+06
3.00000E-01	1.68539E+01	4.45976E+06
3.00000E-01	1.71348E+01	4.42177E+06
3.00000E-01	1.74157E+01	4.38226E+06
3.00000E-01	1.76966E+01	4.34301E+06
3.00000E-01	1.79775E+01	4.30379E+06
3.00000E-01	1.82584E+01	4.26385E+06
3.00000E-01	1.85393E+01	4.22421E+06
3.00000E-01	1.88202E+01	4.18537E+06
3.00000E-01	1.91011E+01	4.14616E+06
3.00000E-01	1.93820E+01	4.10617E+06
3.00000E-01	1.96629E+01	4.06664E+06
3.00000E-01	1.99438E+01	4.02764E+06
3.00000E-01	2.02247E+01	3.98839E+06
3.00000E-01	2.05056E+01	3.94944E+06
3.00000E-01	2.07865E+01	3.91102E+06
3.00000E-01	2.10674E+01	3.87258E+06
3.00000E-01	2.13483E+01	3.83417E+06
3.00000E-01	2.16292E+01	3.79555E+06
3.00000E-01	2.19101E+01	3.75689E+06
3.00000E-01	2.21910E+01	3.71829E+06
3.00000E-01	2.24719E+01	3.68029E+06
3.00000E-01	2.27528E+01	3.64312E+06
3.00000E-01	2.30337E+01	3.60655E+06
3.00000E-01	2.33146E+01	3.57043E+06
3.00000E-01	2.35955E+01	3.53487E+06
3.00000E-01	2.38764E+01	3.49998E+06
3.00000E-01	2.41573E+01	3.46540E+06
3.00000E-01	2.44382E+01	3.43097E+06
3.00000E-01	2.47191E+01	3.39654E+06
3.00000E-01	2.50000E+01	3.36246E+06
4.00000E-01	0.00000E+00	3.57708E+07
4.00000E-01	2.80899E-01	2.49767E+07
4.00000E-01	5.61798E-01	1.89574E+07
4.00000E-01	8.42697E-01	1.79725E+07
4.00000E-01	1.12360E+00	1.94616E+07
4.00000E-01	1.40449E+00	2.21698E+07
4.00000E-01	1.68539E+00	2.52260E+07
4.00000E-01	1.96629E+00	2.47472E+07
4.00000E-01	2.24719E+00	2.22193E+07
4.00000E-01	2.52809E+00	1.96682E+07
4.00000E-01	2.80899E+00	1.74729E+07
4.00000E-01	3.08989E+00	1.56376E+07
4.00000E-01	3.37079E+00	1.41060E+07
4.00000E-01	3.65169E+00	1.28217E+07
4.00000E-01	3.93258E+00	1.17380E+07
4.00000E-01	4.21348E+00	1.08166E+07
4.00000E-01	4.49438E+00	1.00291E+07
4.00000E-01	4.77528E+00	9.34992E+06
4.00000E-01	5.05618E+00	8.76371E+06
4.00000E-01	5.33708E+00	8.25370E+06
4.00000E-01	5.61798E+00	7.81049E+06
4.00000E-01	5.89888E+00	7.42302E+06
4.00000E-01	6.17978E+00	7.08431E+06
4.00000E-01	6.46067E+00	6.78898E+06
4.00000E-01	6.74157E+00	6.53040E+06
4.00000E-01	7.02247E+00	6.30661E+06
4.00000E-01	7.30337E+00	6.11044E+06
4.00000E-01	7.58427E+00	5.94149E+06
4.00000E-01	7.86517E+00	5.79392E+06
4.00000E-01	8.14607E+00	5.66657E+06
4.00000E-01	8.42697E+00	5.55675E+06
4.00000E-01	8.70787E+00	5.46134E+06
4.00000E-01	8.98876E+00	5.38043E+06
4.00000E-01	9.26966E+00	5.31040E+06
4.00000E-01	9.55056E+00	5.25186E+06
4.00000E-01	9.83146E+00	5.20111E+06
4.00000E-01	1.01124E+01	5.15841E+06
4.00000E-01	1.03933E+01	5.12189E+06
4.00000E-01	1.06742E+01	5.08996E+06
4.00000E-01	1.09551E+01	5.06171E+06
4.00000E-01	1.12360E+01	5.03625E+06
4.00000E-01	1.15169E+01	5.01362E+06
4.00000E-01	1.17978E+01	4.99156E+06
4.00000E-01	1.20787E+01	4.96977E+06
4.00000E-01	1.23596E+01	4.94776E+06
4.00000E-01	1.26404E+01	4.92591E+06
4.00000E-01	1.29213E+01	4.90321E+06
4.00000E-01	1.32022E+01	4.87986E+06
4.00000E-01	1.34831E+01	4.85528E+06
4.00000E-01	1.37640E+01	4.82937E+06
4.00000E-01	1.40449E+01	4.80155E+06
4.00000E-01	1.43258E+01	4.77185E+06
4.00000E-01	1.46067E+01	4.74148E+06
4.00000E-01	1.48876E+01	4.71071E+06
4.00000E-01	1.51685E+01	4.67889E+06
4.00000E-01	1.54494E+01	4.64470E+06
4.00000E-01	1.57303E+01	4.60926E+06
4.00000E-01	1.60112E+01	4.57232E+06
4.00000E-01	1.62921E+01	4.53433E+06
4.00000E-01	1.65730E+01	4.49654E+06
4.00000E-01	1.68539E+01	4.45973E+06
4.00000E-01	1.71348E+01	4.42174E+06
4.00000E-01	1.74157E+01	4.38225E+06
4.00000E-01	1.76966E+01	4.34299E+06
4.00000E-01	1.79775E+01	4.30377E+06
4.00000E-01	1.82584E+01	4.26384E+06
4.00000E-01	1.85393E+01	4.22421E+06
4.00000E-01	1.88202E+01	4.18535E+06
4.00000E-01	1.91011E+01	4.14613E+06
4.00000E-01	1.93820E+01	4.10617E+06
4.00000E-01	1.96629E+01	4.06663E+06
4.00000E-01	1.99438E+01	4.02763E+06
4.00000E-01	2.02247E+01	3.98838E+06
4.00000E-01	2.05056E+01	3.94943E+06
4.00000E-01	2.07865E+01	3.91101E+06
4.00000E-01	2.10674E+01	3.87257E+06
4.00000E-01	2.13483E+01	3.83415E+06
4.00000E-01	2.16292E+01	3.79554E+06
4.00000E-01	2.19101E+01	3.75688E+06
4.00000E-01	2.21910E+01	3.71828E+06
4.00000E-01	2.24719E+01	3.68029E+06
4.00000E-01	2.27528E+01	3.64312E+06
4.00000E-01	2.30337E+01	3.60654E+06
4.00000E-01	2.33146E+01	3.57042E+06
4.00000E-01	2.35955E+01	3.53487E+06
4.00000E-01	2.38764E+01	3.49998E+06
4.00000E-01	2.41573E+01	3.46540E+06
4.00000E-01	2.44382E+01	3.43096E+06
4.00000E-01	2.47191E+01	3.39653E+06
4.00000E-01	2.50000E+01	3.36245E+06
5.00000E-01	0.00000E+00	3.45132E+07
5.00000E-01	2.80899E-01	2.47158E+07
5.00000E-01	5.61798E-01	1.89484E+07
5.00000E-01	8.42697E-01	1.80112E+07
5.00000E-01	1.12360E+00	1.95024E+07
5.00000E-01	1.40449E+00	2.22070E+07
5.00000E-01	1.68539E+00	2.51717E+07
5.00000E-01	1.96629E+00	2.47120E+07
5.00000E-01	2.24719E+00	2.22079E+07
5.00000E-01	2.52809E+00	1.96634E+07
5.00000E-01	2.80899E+00	1.74704E+07
5.00000E-01	3.08989E+00	1.56361E+07
5.00000E-01	3.37079E+00	1.41050E+07
5.00000E-01	3.65169E+00	1.28211E+07
5.00000E-01	3.93258E+00	1.17376E+07
5.00000E-01	4.21348E+00	1.08164E+07
5.00000E-01	4.49438E+00	1.00289E+07
5.00000E-01	4.77528E+00	9.34990E+06
5.00000E-01	5.05618E+00	8.76364E+06
5.00000E-01	5.33708E+00	8.25374E+06
5.00000E-01	5.61798E+00	7.81048E+06
5.00000E-01	5.89888E+00	7.42306E+06
5.00000E-01	6.17978E+00	7.08442E+06
5.00000E-01	6.46067E+00	6.78904E+06
5.00000E-01	6.74157E+00	6.53058E+06
5.00000E-01	7.02247E+00	6.30669E+06
5.00000E-01	7.30337E+00	6.11062E+06
5.00000E-01	7.58427E+00	5.94158E+06
5.00000E-01	7.86517E+00	5.79406E+06
5.00000E-01	8.14607E+00	5.66669E+06
5.00000E-01	8.42697E+00	5.55683E+06
5.00000E-01	8.70787E+00	5.46148E+06
5.00000E-01	8.98876E+00	5.38049E+06
5.00000E-01	9.26966E+00	5.31054E+06
5.00000E-01	9.55056E+00	5.25192E+06
5.00000E-01	9.83146E+00	5.20122E+06
5.00000E-01	1.01124E+01	5.15848E+06
5.00000E-01	1.03933E+01	5.12194E+06
5.00000E-01	1.06742E+01	5.09000E+06
5.00000E-01	1.09551E+01	5.06173E+06
5.00000E-01	1.12360E+01	5.03629E+06
5.00000E-01	1.15169E+01	5.01361E+06
5.00000E-01	1.17978E+01	4.99157E+06
5.00000E-01	1.20787E+01	4.96976E+06
5.00000E-01	1.23596E+01	4.94777E+06
5.00000E-01	1.26404E+01	4.92589E+06
5.00000E-01	1.29213E+01	4.90320E+06
5.00000E-01	1.32022E+01	4.87984E+06
5.00000E-01	1.34831E+01	4.85526E+06
5.00000E-01	1.37640E+01	4.82934E+06
5.00000E-01	1.40449E+01	4.80151E+06
5.00000E-01	1.43258E+01	4.77183E+06
5.00000E-01	1.46067E+01	4.74147E+06
5.00000E-01	1.48876E+01	4.71069E+06
5.00000E-01	1.51685E+01	4.67884E+06
5.00000E-01	1.54494E+01	4.64467E+06
5.00000E-01	1.57303E+01	4.60922E+06
5.00000E-01	1.60112E+01	4.57229E+06
5.00000E-01	1.62921E+01	4.53431E+06
5.00000E-01	1.65730E+01	4.49655E+06
5.00000E-01	1.68539E+01	4.45970E+06
5.00000E-01	1.71348E+01	4.42170E+06
5.00000E-01	1.74157E+01	4.38223E+06
5.00000E-01	1.76966E+01	4.34298E+06
5.00000E-01	1.79775E+01	4.30374E+06
5.00000E-01	1.82584E+01	4.26383E+06
5.00000E-01	1.85393E+01	4.22421E+06
5.00000E-01	1.88202E+01	4.18533E+06
5.00000E-01	1.91011E+01	4.14611E+06
5.00000E-01	1.93820E+01	4.10616E+06
5.00000E-01	1.96629E+01	4.06662E+06
5.00000E-01	1.99438E+01	4.02760E+06
5.00000E-01	2.02247E+01	3.98837E+06
5.00000E-01	2.05056E+01	3.94943E+06
5.00000E-01	2.07865E+01	3.91099E+06
5.00000E-01	2.10674E+01	3.87256E+06
5.00000E-01	2.13483E+01	3.83413E+06
5.00000E-01	2.16292E+01	3.79552E+06
5.00000E-01	2.19101E+01	3.75686E+06
5.00000E-01	2.21910E+01	3.71828E+06
5.00000E-01	2.24719E+01	3.68029E+06
5.00000E-01	2.27528E+01	3.64311E+06
5.00000E-01	2.30337E+01	3.60654E+06
5.00000E-01	2.33146E+01	3.57042E+06
5.00000E-01	2.35955E+01	3.53487E+06
5.00000E-01	2.38764E+01	3.49997E+06
5.00000E-01	2.41573E+01	3.46539E+06
5.00000E-01	2.44382E+01	3.43094E+06
5.00000E-01	2.47191E+01	3.39652E+06
5.00000E-01	2.50000E+01	3.36244E+06
6.00000E-01	0.00000E+00	3.32480E+07
6.00000E-01	2.80899E-01	2.44867E+07
6.00000E-01	5.61798E-01	1.89309E+07
6.00000E-01	8.42697E-01	1.80550E+07
6.00000E-01	1.12360E+00	1.95508E+07
6.00000E-01	1.40449E+00	2.22492E+07
6.00000E-01	1.68539E+00	2.51115E+07
6.00000E-01	1.96629E+00	2.46685E+07
6.00000E-01	2.24719E+00	2.21934E+07
6.00000E-01	2.52809E+00	1.96573E+07
6.00000E-01	2.80899E+00	1.74672E+07
6.00000E-01	3.08989E+00	1.56342E+07
6.00000E-01	3.37079E+00	1.41038E+07
6.00000E-01	3.65169E+00	1.28203E+07
6.00000E-01	3.93258E+00	1.17371E+07
6.00000E-01	4.21348E+00	1.08161E+07
6.00000E-01	4.49438E+00	1.00287E+07
6.00000E-01	4.77528E+00	9.34985E+06
6.00000E-01	5.05618E+00	8.76354E+06
6.00000E-01	5.33708E+00	8.25377E+06
6.00000E-01	5.61798E+00	7.81049E+06
6.00000E-01	5.89888E+00	7.42312E+06
6.00000E-01	6.17978E+00	7.08453E+06
6.00000E-01	6.46067E+00	6.78912E+06
6.00000E-01	6.74157E+00	6.53078E+06
6.00000E-01	7.02247E+00	6.30678E+06
6.00000E-01	7.30337E+00	6.11082E+06
6.00000E-01	7.58427E+00	5.94169E+06
6.00000E-01	7.86517E+00	5.79422E+06
6.00000E-01	8.14607E+00	5.66684E+06
6.00000E-01	8.42697E+00	5.55693E+06
6.00000E-01	8.70787E+00	5.46164E+06
6.00000E-01	8.98876E+00	5.38057E+06
6.00000E-01	9.26966E+00	5.31070E+06
6.00000E-01	9.55056E+00	5.25199E+06
6.00000E-01	9.83146E+00	5.20134E+06
6.00000E-01	1.01124E+01	5.15856E+06
6.00000E-01	1.03933E+01	5.12200E+06
6.00000E-01	1.06742E+01	5.09006E+06
6.00000E-01	1.09551E+01	5.06177E+06
6.00000E-01	1.12360E+01	5.03634E+06
6.00000E-01	1.15169E+01	5.01361E+06
6.00000E-01	1.17978E+01	4.99157E+06
6.00000E-01	1.20787E+01	4.96975E+06
6.00000E-01	1.23596E+01	4.94777E+06
6.00000E-01	1.26404E+01	4.92586E+06
6.00000E-01	1.29213E+01	4.90318E+06
6.00000E-01	1.32022E+01	4.87981E+06
6.00000E-01	1.34831E+01	4.85523E+06
6.00000E-01	1.37640E+01	4.82930E+06
6.00000E-01	1.40449E+01	4.80147E+06
6.00000E-01	1.43258E+01	4.77181E+06
6.00000E-01	1.46067E+01	4.74145E+06
6.00000E-01	1.48876E+01	4.71066E+06
6.00000E-01	1.51685E+01	4.67878E+06
6.00000E-01	1.54494E+01	4.64463E+06
6.00000E-01	1.57303E+01	4.60917E+06
6.00000E-01	1.60112E+01	4.57225E+06
6.00000E-01	1.62921E+01	4.53429E+06
6.00000E-01	1.65730E+01	4.49655E+06
6.00000E-01	1.68539E+01	4.45966E+06
6.00000E-01	1.71348E+01	4.42165E+06
6.00000E-01	1.74157E+01	4.38221E+06
6.00000E-01	1.76966E+01	4.34296E+06
6.00000E-01	1.79775E+01	4.30370E+06
6.00000E-01	1.82584E+01	4.26381E+06
6.00000E-01	1.85393E+01	4.22420E+06
6.00000E-01	1.88202E+01	4.18530E+06
6.00000E-01	1.91011E+01	4.14607E+06
6.00000E-01	1.93820E+01	4.10614E+06
6.00000E-01	1.96629E+01	4.06661E+06
6.00000E-01	1.99438E+01	4.02758E+06
6.00000E-01	2.02247E+01	3.98836E+06
6.00000E-01	2.05056E+01	3.94942E+06
6.00000E-01	2.07865E+01	3.91097E+06
6.00000E-01	2.10674E+01	3.87254E+06
6.00000E-01	2.13483E+01	3.83411E+06
6.00000E-01	2.16292E+01	3.79550E+06
6.00000E-01	2.19101E+01	3.75684E+06
6.00000E-01	2.21910E+01	3.71827E+06
6.00000E-01	2.24719E+01	3.68028E+06
6.00000E-01	2.27528E+01	3.64310E+06
6.00000E-01	2.30337E+01	3.60653E+06
6.00000E-01	2.33146E+01	3.57041E+06
6.00000E-01	2.35955E+01	3.53486E+06
6.00000E-01	2.38764E+01	3.49995E+06
6.00000E-01	2.41573E+01	3.46537E+06
6.00000E-01	2.44382E+01	3.43093E+06
6.00000E-01	2.47191E+01	3.39652E+06
6.00000E-01	2.50000E+01	3.36243E+06
7.00000E-01	0.00000E+00	3.20257E+07
7.00000E-01	2.80899E-01	2.42441E+07
7.00000E-01	5.61798E-01	1.89115E+07
7.00000E-01	8.42697E-01	1.81025E+07
7.00000E-01	1.12360E+00	1.96058E+07
7.00000E-01	1.40449E+00	2.22944E+07
7.00000E-01	1.68539E+00	2.50463E+07
7.00000E-01	1.96629E+00	2.46166E+07
7.00000E-01	2.24719E+00	2.21756E+07
7.00000E-01	2.52809E+00	1.96499E+07
7.00000E-01	2.80899E+00	1.74633E+07
7.00000E-01	3.08989E+00	1.56318E+07
7.00000E-01	3.37079E+00	1.41023E+07
7.00000E-01	3.65169E+00	1.28194E+07
7.00000E-01	3.93258E+00	1.17365E+07
7.00000E-01	4.21348E+00	1.08157E+07
7.00000E-01	4.49438E+00	1.00284E+07
7.00000E-01	4.77528E+00	9.34975E+06
7.00000E-01	5.05618E+00	8.76343E+06
7.00000E-01	5.33708E+00	8.25379E+06
7.00000E-01	5.61798E+00	7.81050E+06
7.00000E-01	5.89888E+00	7.42319E+06
7.00000E-01	6.17978E+00	7.08466E+06
7.00000E-01	6.46067E+00	6.78922E+06
7.00000E-01	6.74157E+00	6.53099E+06
7.00000E-01	7.02247E+00	6.30690E+06
7.00000E-01	7.30337E+00	6.11105E+06
7.00000E-01	7.58427E+00	5.94183E+06
7.00000E-01	7.86517E+00	5.79440E+06
7.00000E-01	8.14607E+00	5.66701E+06
7.00000E-01	8.42697E+00	5.55706E+06
7.00000E-01	8.70787E+00	5.46183E+06
7.00000E-01	8.98876E+00	5.38068E+06
7.00000E-01	9.26966E+00	5.31087E+06
7.00000E-01	9.55056E+00	5.25209E+06
7.00000E-01	9.83146E+00	5.20147E+06
7.00000E-01	1.01124E+01	5.15866E+06
7.00000E-01	1.03933E+01	5.12208E+06
7.00000E-01	1.06742E+01	5.09012E+06
7.00000E-01	1.09551E+01	5.06181E+06
7.00000E-01	1.12360E+01	5.03640E+06
7.00000E-01	1.15169E+01	5.01362E+06
7.00000E-01	1.17978E+01	4.99158E+06
7.00000E-01	1.20787E+01	4.96974E+06
7.00000E-01	1.23596E+01	4.94778E+06
7.00000E-01	1.26404E+01	4.92584E+06
7.00000E-01	1.29213E+01	4.90316E+06
7.00000E-01	1.32022E+01	4.87978E+06
7.00000E-01	1.34831E+01	4.85519E+06
7.00000E-01	1.37640E+01	4.82925E+06
7.00000E-01	1.40449E+01	4.80142E+06
7.00000E-01	1.43258E+01	4.77178E+06
7.00000E-01	1.46067E+01	4.74142E+06
7.00000E-01	1.48876E+01	4.71062E+06
7.00000E-01	1.51685E+01	4.67871E+06
7.00000E-01	1.54494E+01	4.64459E+06
7.00000E-01	1.57303E+01	4.60911E+06
7.00000E-01	1.60112E+01	4.57221E+06
7.00000E-01	1.62921E+01	4.53427E+06
7.00000E-01	1.65730E+01	4.49655E+06
7.00000E-01	1.68539E+01	4.45961E+06
7.00000E-01	1.71348E+01	4.42159E+06
7.00000E-01	1.74157E+01	4.38219E+06
7.00000E-01	1.76966E+01	4.34293E+06
7.00000E-01	1.79775E+01	4.30366E+06
7.00000E-01	1.82584E+01	4.26379E+06
7.00000E-01	1.85393E+01	4.22419E+06
7.00000E-01	1.88202E+01	4.18527E+06
7.00000E-01	1.91011E+01	4.14603E+06
7.00000E-01	1.93820E+01	4.10613E+06
7.00000E-01	1.96629E+01	4.06660E+06
7.00000E-01	1.99438E+01	4.02754E+06
7.00000E-01	2.02247E+01	3.98834E+06
7.00000E-01	2.05056E+01	3.94940E+06
7.00000E-01	2.07865E+01	3.91095E+06
7.00000E-01	2.10674E+01	3.87252E+06
7.00000E-01	2.13483E+01	3.83408E+06
7.00000E-01	2.16292E+01	3.79548E+06
7.00000E-01	2.19101E+01	3.75682E+06
7.00000E-01	2.21910E+01	3.71826E+06
7.00000E-01	2.24719E+01	3.68028E+06
7.00000E-01	2.27528E+01	3.64309E+06
7.00000E-01	2.30337E+01	3.60651E+06
7.00000E-01	2.33146E+01	3.57040E+06
7.00000E-01	2.35955E+01	3.53486E+06
7.00000E-01	2.38764E+01	3.49994E+06
7.00000E-01	2.41573E+01	3.46536E+06
7.00000E-01	2.44382E+01	3.43091E+06
7.00000E-01	2.47191E+01	3.39651E+06
7.00000E-01	2.50000E+01	3.36242E+06
8.00000E-01	0.00000E+00	3.08728E+07
8.00000E-01	2.80899E-01	2.39516E+07
8.00000E-01	5.61798E-01	1.89001E+07
8.00000E-01	8.42697E-01	1.81534E+07
8.00000E-01	1.12360E+00	1.96665E+07
8.00000E-01	1.40449E+00	2.23405E+07
8.00000E-01	1.68539E+00	2.49765E+07
8.00000E-01	1.96629E+00	2.45568E+07
8.00000E-01	2.24719E+00	2.21541E+07
8.00000E-01	2.52809E+00	1.96409E+07
8.00000E-01	2.80899E+00	1.74586E+07
8.00000E-01	3.08989E+00	1.56290E+07
8.00000E-01	3.37079E+00	1.41005E+07
8.00000E-01	3.65169E+00	1.28182E+07
8.00000E-01	3.93258E+00	1.17357E+07
8.00000E-01	4.21348E+00	1.08152E+07
8.00000E-01	4.49438E+00	1.00280E+07
8.00000E-01	4.77528E+00	9.34959E+06
8.00000E-01	5.05618E+00	8.76330E+06
8.00000E-01	5.33708E+00	8.25380E+06
8.00000E-01	5.61798E+00	7.81051E+06
8.00000E-01	5.89888E+00	7.42326E+06
8.00000E-01	6.17978E+00	7.08480E+06
8.00000E-01	6.46067E+00	6.78935E+06
8.00000E-01	6.74157E+00	6.53122E+06
8.00000E-01	7.02247E+00	6.30705E+06
8.00000E-01	7.30337E+00	6.11129E+06
8.00000E-01	7.58427E+00	5.94199E+06
8.00000E-01	7.86517E+00	5.79461E+06
8.00000E-01	8.14607E+00	5.66720E+06
8.00000E-01	8.42697E+00	5.55722E+06
8.00000E-01	8.70787E+00	5.46203E+06
8.00000E-01	8.98876E+00	5.38082E+06
8.00000E-01	9.26966E+00	5.31106E+06
8.00000E-01	9.55056E+00	5.25220E+06
8.00000E-01	9.83146E+00	5.20161E+06
8.00000E-01	1.01124E+01	5.15877E+06
8.00000E-01	1.03933E+01	5.12216E+06
8.00000E-01	1.06742E+01	5.09019E+06
8.00000E-01	1.09551E+01	5.06186E+06
8.00000E-01	1.12360E+01	5.03646E+06
8.00000E-01	1.15169E+01	5.01362E+06
8.00000E-01	1.17978E+01	4.99158E+06
8.00000E-01	1.20787E+01	4.96973E+06
8.00000E-01	1.23596E+01	4.94778E+06
8.00000E-01	1.26404E+01	4.92581E+06
8.00000E-01	1.29213E+01	4.90314E+06
8.00000E-01	1.32022E+01	4.87974E+06
8.00000E-01	1.34831E+01	4.85515E+06
8.00000E-01	1.37640E+01	4.82919E+06
8.00000E-01	1.40449E+01	4.80136E+06
8.00000E-01	1.43258E+01	4.77175E+06
8.00000E-01	1.46067E+01	4.74139E+06
8.00000E-01	1.48876E+01	4.71057E+06
8.00000E-01	1.51685E+01	4.67864E+06
8.00000E-01	1.54494E+01	4.64453E+06
8.00000E-01	1.57303E+01	4.60905E+06
8.00000E-01	1.60112E+01	4.57216E+06
8.00000E-01	1.62921E+01	4.53424E+06
8.00000E-01	1.65730E+01	4.49655E+06
8.00000E-01	1.68539E+01	4.45955E+06
8.00000E-01	1.71348E+01	4.42153E+06
8.00000E-01	1.74157E+01	4.38217E+06
8.00000E-01	1.76966E+01	4.34290E+06
8.00000E-01	1.79775E+01	4.30362E+06
8.00000E-01	1.82584E+01	4.26377E+06
8.00000E-01	1.85393E+01	4.22418E+06
8.00000E-01	1.88202E+01	4.18523E+06
8.00000E-01	1.91011E+01	4.14598E+06
8.00000E-01	1.93820E+01	4.10611E+06
8.00000E-01	1.96629E+01	4.06658E+06
8.00000E-01	1.99438E+01	4.02751E+06
8.00000E-01	2.02247E+01	3.98832E+06
8.00000E-01	2.05056E+01	3.94939E+06
8.00000E-01	2.07865E+01	3.91092E+06
8.00000E-01	2.10674E+01	3.87249E+06
8.00000E-01	2.13483E+01	3.83405E+06
8.00000E-01	2.16292E+01	3.79545E+06
8.00000E-01	2.19101E+01	3.75679E+06
8.00000E-01	2.21910E+01	3.71825E+06
8.00000E-01	2.24719E+01	3.68027E+06
8.00000E-01	2.27528E+01	3.64308E+06
8.00000E-01	2.30337E+01	3.60650E+06
8.00000E-01	2.33146E+01	3.57039E+06
8.00000E-01	2.35955E+01	3.53485E+06
8.00000E-01	2.38764E+01	3.49993E+06
8.00000E-01	2.41573E+01	3.46534E+06
8.00000E-01	2.44382E+01	3.43089E+06
8.00000E-01	2.47191E+01	3.39649E+06
8.00000E-01	2.50000E+01	3.36241E+06
9.00000E-01	0.00000E+00	2.98014E+07
9.00000E-01	2.80899E-01	2.36072E+07
9.00000E-01	5.61798E-01	1.89043E+07
9.00000E-01	8.42697E-01	1.82084E+07
9.00000E-01	1.12360E+00	1.97320E+07
9.00000E-01	1.40449E+00	2.23855E+07
9.00000E-01	1.68539E+00	2.49025E+07
9.00000E-01	1.96629E+00	2.44894E+07
9.00000E-01	2.24719E+00	2.21288E+07
9.00000E-01	2.52809E+00	1.96302E+07
9.00000E-01	2.80899E+00	1.74530E+07
9.00000E-01	3.08989E+00	1.56257E+07
9.00000E-01	3.37079E+00	1.40984E+07
9.00000E-01	3.65169E+00	1.28168E+07
9.00000E-01	3.93258E+00	1.17348E+07
9.00000E-01	4.21348E+00	1.08146E+07
9.00000E-01	4.49438E+00	1.00276E+07
9.00000E-01	4.77528E+00	9.34938E+06
9.00000E-01	5.05618E+00	8.76314E+06
9.00000E-01	5.33708E+00	8.25378E+06
9.00000E-01	5.61798E+00	7.81051E+06
9.00000E-01	5.89888E+00	7.42334E+06
9.00000E-01	6.17978E+00	7.08495E+06
9.00000E-01	6.46067E+00	6.78949E+06
9.00000E-01	6.74157E+00	6.53145E+06
9.00000E-01	7.02247E+00	6.30722E+06
9.00000E-01	7.30337E+00	6.11154E+06
9.00000E-01	7.58427E+00	5.94218E+06
9.00000E-01	7.86517E+00	5.79483E+06
9.00000E-01	8.14607E+00	5.66741E+06
9.00000E-01	8.42697E+00	5.55740E+06
9.00000E-01	8.70787E+00	5.46224E+06
9.00000E-01	8.98876E+00	5.38098E+06
9.00000E-01	9.26966E+00	5.31126E+06
9.00000E-01	9.55056E+00	5.25233E+06
9.00000E-01	9.83146E+00	5.20177E+06
9.00000E-01	1.01124E+01	5.15889E+06
9.00000E-01	1.03933E+01	5.12225E+06
9.00000E-01	1.06742E+01	5.09027E+06
9.00000E-01	1.09551E+01	5.06192E+06
9.00000E-01	1.12360E+01	5.03652E+06
9.00000E-01	1.15169E+01	5.01363E+06
9.00000E-01	1.17978E+01	4.99158E+06
9.00000E-01	1.20787E+01	4.96972E+06
9.00000E-01	1.23596E+01	4.94777E+06
9.00000E-01	1.26404E+01	4.92578E+06
9.00000E-01	1.29213E+01	4.90311E+06
9.00000E-01	1.32022E+01	4.87969E+06
9.00000E-01	1.34831E+01	4.85509E+06
9.00000E-01	1.37640E+01	4.82912E+06
9.00000E-01	1.40449E+01	4.80129E+06
9.00000E-01	1.43258E+01	4.77171E+06
9.00000E-01	1.46067E+01	4.74136E+06
9.00000E-01	1.48876E+01	4.71052E+06
9.00000E-01	1.51685E+01	4.67855E+06
9.00000E-01	1.54494E+01	4.64447E+06
9.00000E-01	1.57303E+01	4.60898E+06
9.00000E-01	1.60112E+01	4.57210E+06
9.00000E-01	1.62921E+01	4.53421E+06
9.00000E-01	1.65730E+01	4.49654E+06
9.00000E-01	1.68539E+01	4.45949E+06
9.00000E-01	1.71348E+01	4.42146E+06
9.00000E-01	1.74157E+01	4.38213E+06
9.00000E-01	1.76966E+01	4.34287E+06
9.00000E-01	1.79775E+01	4.30357E+06
9.00000E-01	1.82584E+01	4.26374E+06
9.00000E-01	1.85393E+01	4.22416E+06
9.00000E-01	1.88202E+01	4.18519E+06
9.00000E-01	1.91011E+01	4.14593E+06
9.00000E-01	1.93820E+01	4.10608E+06
9.00000E-01	1.96629E+01	4.06656E+06
9.00000E-01	1.99438E+01	4.02747E+06
9.00000E-01	2.02247E+01	3.98829E+06
9.00000E-01	2.05056E+01	3.94937E+06
9.00000E-01	2.07865E+01	3.91089E+06
9.00000E-01	2.10674E+01	3.87246E+06
9.00000E-01	2.13483E+01	3.83401E+06
9.00000E-01	2.16292E+01	3.79542E+06
9.00000E-01	2.19101E+01	3.75677E+06
9.00000E-01	2.21910E+01	3.71823E+06
9.00000E-01	2.24719E+01	3.68026E+06
9.00000E-01	2.27528E+01	3.64307E+06
9.00000E-01	2.30337E+01	3.60649E+06
9.00000E-01	2.33146E+01	3.57038E+06
9.00000E-01	2.35955E+01	3.53484E+06
9.00000E-01	2.38764E+01	3.49991E+06
9.00000E-01	2.41573E+01	3.46532E+06
9.00000E-01	2.44382E+01	3.43086E+06
9.00000E-01	2.47191E+01	3.39648E+06
9.00000E-01	2.50000E+01	3.36239E+06
1.00000E+00	0.00000E+00	2.88155E+07
1.00000E+00	2.80899E-01	2.32324E+07
1.00000E+00	5.61798E-01	1.89270E+07
1.00000E+00	8.42697E-01	1.82693E+07
1.00000E+00	1.12360E+00	1.98016E+07
1.00000E+00	1.40449E+00	2.24279E+07
1.00000E+00	1.68539E+00	2.48246E+07
1.00000E+00	1.96629E+00	2.44151E+07
1.00000E+00	2.24719E+00	2.20993E+07
1.00000E+00	2.52809E+00	1.96178E+07
1.00000E+00	2.80899E+00	1.74465E+07
1.00000E+00	3.08989E+00	1.56218E+07
1.00000E+00	3.37079E+00	1.40959E+07
1.00000E+00	3.65169E+00	1.28152E+07
1.00000E+00	3.93258E+00	1.17337E+07
1.00000E+00	4.21348E+00	1.08139E+07
1.00000E+00	4.49438E+00	1.00270E+07
1.00000E+00	4.77528E+00	9.34911E+06
1.00000E+00	5.05618E+00	8.76296E+06
1.00000E+00	5.33708E+00	8.25374E+06
1.00000E+00	5.61798E+00	7.81052E+06
1.00000E+00	5.89888E+00	7.42342E+06
1.00000E+00	6.17978E+00	7.08510E+06
1.00000E+00	6.46067E+00	6.78966E+06
1.00000E+00	6.74157E+00	6.53170E+06
1.00000E+00	7.02247E+00	6.30741E+06
1.00000E+00	7.30337E+00	6.11181E+06
1.00000E+00	7.58427E+00	5.94240E+06
1.00000E+00	7.86517E+00	5.79507E+06
1.00000E+00	8.14607E+00	5.66764E+06
1.00000E+00	8.42697E+00	5.55760E+06
1.00000E+00	8.70787E+00	5.46248E+06
1.00000E+00	8.98876E+00	5.38116E+06
1.00000E+00	9.26966E+00	5.31147E+06
1.00000E+00	9.55056E+00	5.25248E+06
1.00000E+00	9.83146E+00	5.20193E+06
1.00000E+00	1.01124E+01	5.15902E+06
1.00000E+00	1.03933E+01	5.12235E+06
1.00000E+00	1.06742E+01	5.09035E+06
1.00000E+00	1.09551E+01	5.06198E+06
1.00000E+00	1.12360E+01	5.03659E+06
1.00000E+00	1.15169E+01	5.01364E+06
1.00000E+00	1.17978E+01	4.99158E+06
1.00000E+00	1.20787E+01	4.96970E+06
1.00000E+00	1.23596E+01	4.94776E+06
1.00000E+00	1.26404E+01	4.92575E+06
1.00000E+00	1.29213E+01	4.90308E+06
1.00000E+00	1.32022E+01	4.87964E+06
1.00000E+00	1.34831E+01	4.85504E+06
1.00000E+00	1.37640E+01	4.82905E+06
1.00000E+00	1.40449E+01	4.80121E+06
1.00000E+00	1.43258E+01	4.77166E+06
1.00000E+00	1.46067E+01	4.74132E+06
1.00000E+00	1.48876E+01	4.71046E+06
1.00000E+00	1.51685E+01	4.67846E+06
1.00000E+00	1.54494E+01	4.64439E+06
1.00000E+00	1.57303E+01	4.60890E+06
1.00000E+00	1.60112E+01	4.57203E+06
1.00000E+00	1.62921E+01	4.53418E+06
1.00000E+00	1.65730E+01	4.49652E+06
1.00000E+00	1.68539E+01	4.45942E+06
1.00000E+00	1.71348E+01	4.42138E+06
1.00000E+00	1.74157E+01	4.38210E+06
1.00000E+00	1.76966E+01	4.34283E+06
1.00000E+00	1.79775E+01	4.30351E+06
1.00000E+00	1.82584E+01	4.26371E+06
1.00000E+00	1.85393E+01	4.22415E+06
1.00000E+00	1.88202E+01	4.18515E+06
1.00000E+00	1.91011E+01	4.14588E+06
1.00000E+00	1.93820E+01	4.10605E+06
1.00000E+00	1.96629E+01	4.06654E+06
1.00000E+00	1.99438E+01	4.02743E+06
1.00000E+00	2.02247E+01	3.98827E+06
1.00000E+00	2.05056E+01	3.94935E+06
1.00000E+00	2.07865E+01	3.91085E+06
1.00000E+00	2.10674E+01	3.87243E+06
1.00000E+00	2.13483E+01	3.83397E+06
1.00000E+00	2.16292E+01	3.79539E+06
1.00000E+00	2.19101E+01	3.75673E+06
1.00000E+00	2.21910E+01	3.71822E+06
1.00000E+00	2.24719E+01	3.68025E+06
1.00000E+00	2.27528E+01	3.64306E+06
1.00000E+00	2.30337E+01	3.60647E+06
1.00000E+00	2.33146E+01	3.57036E+06
1.00000E+00	2.35955E+01	3.53483E+06
1.00000E+00	2.38764E+01	3.49989E+06
1.00000E+00	2.41573E+01	3.46529E+06
1.00000E+00	2.44382E+01	3.43084E+06
1.00000E+00	2.47191E+01	3.39646E+06
1.00000E+00	2.50000E+01	3.36238E+06
1.50000E+00	0.00000E+00	2.50699E+07
1.50000E+00	2.80899E-01	2.15909E+07
1.50000E+00	5.61798E-01	1.91874E+07
1.50000E+00	8.42697E-01	1.87299E+07
1.50000E+00	1.12360E+00	2.01992E+07
1.50000E+00	1.40449E+00	2.25693E+07
1.50000E+00	1.68539E+00	2.43819E+07
1.50000E+00	1.96629E+00	2.39575E+07
1.50000E+00	2.24719E+00	2.18868E+07
1.50000E+00	2.52809E+00	1.95242E+07
1.50000E+00	2.80899E+00	1.73983E+07
1.50000E+00	3.08989E+00	1.55934E+07
1.50000E+00	3.37079E+00	1.40779E+07
1.50000E+00	3.65169E+00	1.28033E+07
1.50000E+00	3.93258E+00	1.17256E+07
1.50000E+00	4.21348E+00	1.08085E+07
1.50000E+00	4.49438E+00	1.00232E+07
1.50000E+00	4.77528E+00	9.34677E+06
1.50000E+00	5.05618E+00	8.76148E+06
1.50000E+00	5.33708E+00	8.25312E+06
1.50000E+00	5.61798E+00	7.81037E+06
1.50000E+00	5.89888E+00	7.42376E+06
1.50000E+00	6.17978E+00	7.08587E+06
1.50000E+00	6.46067E+00	6.79067E+06
1.50000E+00	6.74157E+00	6.53306E+06
1.50000E+00	7.02247E+00	6.30872E+06
1.50000E+00	7.30337E+00	6.11337E+06
1.50000E+00	7.58427E+00	5.94380E+06
1.50000E+00	7.86517E+00	5.79656E+06
1.50000E+00	8.14607E+00	5.66908E+06
1.50000E+00	8.42697E+00	5.55893E+06
1.50000E+00	8.70787E+00	5.46389E+06
1.50000E+00	8.98876E+00	5.38241E+06
1.50000E+00	9.26966E+00	5.31276E+06
1.50000E+00	9.55056E+00	5.25352E+06
1.50000E+00	9.83146E+00	5.20295E+06
1.50000E+00	1.01124E+01	5.15988E+06
1.50000E+00	1.03933E+01	5.12301E+06
1.50000E+00	1.06742E+01	5.09087E+06
1.50000E+00	1.09551E+01	5.06241E+06
1.50000E+00	1.12360E+01	5.03694E+06
1.50000E+00	1.15169E+01	5.01373E+06
1.50000E+00	1.17978E+01	4.99155E+06
1.50000E+00	1.20787E+01	4.96961E+06
1.50000E+00	1.23596E+01	4.94766E+06
1.50000E+00	1.26404E+01	4.92553E+06
1.50000E+00	1.29213E+01	4.90283E+06
1.50000E+00	1.32022E+01	4.87931E+06
1.50000E+00	1.34831E+01	4.85464E+06
1.50000E+00	1.37640E+01	4.82855E+06
1.50000E+00	1.40449E+01	4.80072E+06
1.50000E+00	1.43258E+01	4.77131E+06
1.50000E+00	1.46067E+01	4.74101E+06
1.50000E+00	1.48876E+01	4.71003E+06
1.50000E+00	1.51685E+01	4.67786E+06
1.50000E+00	1.54494E+01	4.64388E+06
1.50000E+00	1.57303E+01	4.60839E+06
1.50000E+00	1.60112E+01	4.57160E+06
1.50000E+00	1.62921E+01	4.53394E+06
1.50000E+00	1.65730E+01	4.49635E+06
1.50000E+00	1.68539E+01	4.45901E+06
1.50000E+00	1.71348E+01	4.42091E+06
1.50000E+00	1.74157E+01	4.38182E+06
1.50000E+00	1.76966E+01	4.34255E+06
1.50000E+00	1.79775E+01	4.30317E+06
1.50000E+00	1.82584E+01	4.26349E+06
1.50000E+00	1.85393E+01	4.22398E+06
1.50000E+00	1.88202E+01	4.18485E+06
1.50000E+00	1.91011E+01	4.14553E+06
1.50000E+00	1.93820E+01	4.10585E+06
1.50000E+00	1.96629E+01	4.06636E+06
1.50000E+00	1.99438E+01	4.02718E+06
1.50000E+00	2.02247E+01	3.98807E+06
1.50000E+00	2.05056E+01	3.94918E+06
1.50000E+00	2.07865E+01	3.91063E+06
1.50000E+00	2.10674E+01	3.87219E+06
1.50000E+00	2.13483E+01	3.83372E+06
1.50000E+00	2.16292E+01	3.79515E+06
1.50000E+00	2.19101E+01	3.75654E+06
1.50000E+00	2.21910E+01	3.71810E+06
1.50000E+00	2.24719E+01	3.68018E+06
1.50000E+00	2.27528E+01	3.64296E+06
1.50000E+00	2.30337E+01	3.60636E+06
1.50000E+00	2.33146E+01	3.57027E+06
1.50000E+00	2.35955E+01	3.53475E+06
1.50000E+00	2.38764E+01	3.49977E+06
1.50000E+00	2.41573E+01	3.46514E+06
1.50000E+00	2.44382E+01	3.43067E+06
1.50000E+00	2.47191E+01	3.39633E+06
1.50000E+00	2.50000E+01	3.36227E+06
2.00000E+00	0.00000E+00	2.28574E+07
2.00000E+00	2.80899E-01	2.07351E+07
2.00000E+00	5.61798E-01	1.93999E+07
2.00000E+00	8.42697E-01	1.94153E+07
2.00000E+00	1.12360E+00	2.06857E+07
2.00000E+00	1.40449E+00	2.26011E+07
2.00000E+00	1.68539E+00	2.38762E+07
2.00000E+00	1.96629E+00	2.34030E+07
2.00000E+00	2.24719E+00	2.15681E+07
2.00000E+00	2.52809E+00	1.93673E+07
2.00000E+00	2.80899E+00	1.73167E+07
2.00000E+00	3.08989E+00	1.55461E+07
2.00000E+00	3.37079E+00	1.40482E+07
2.00000E+00	3.65169E+00	1.27837E+07
2.00000E+00	3.93258E+00	1.17122E+07
2.00000E+00	4.21348E+00	1.07993E+07
2.00000E+00	4.49438E+00	1.00168E+07
2.00000E+00	4.77528E+00	9.34251E+06
2.00000E+00	5.05618E+00	8.75877E+06
2.00000E+00	5.33708E+00	8.25161E+06
2.00000E+00	5.61798E+00	7.80973E+06
2.00000E+00	5.89888E+00	7.42386E+06
2.00000E+00	6.17978E+00	7.08659E+06
2.00000E+00	6.46067E+00	6.79186E+06
2.00000E+00	6.74157E+00	6.53462E+06
2.00000E+00	7.02247E+00	6.31043E+06
2.00000E+00	7.30337E+00	6.11525E+06
2.00000E+00	7.58427E+00	5.94567E+06
2.00000E+00	7.86517E+00	5.79846E+06
2.00000E+00	8.14607E+00	5.67095E+06
2.00000E+00	8.42697E+00	5.56074E+06
2.00000E+00	8.70787E+00	5.46569E+06
2.00000E+00	8.98876E+00	5.38412E+06
2.00000E+00	9.26966E+00	5.31438E+06
2.00000E+00	9.55056E+00	5.25494E+06
2.00000E+00	9.83146E+00	5.20425E+06
2.00000E+00	1.01124E+01	5.16099E+06
2.00000E+00	1.03933E+01	5.12388E+06
2.00000E+00	1.06742E+01	5.09155E+06
2.00000E+00	1.09551E+01	5.06296E+06
2.00000E+00	1.12360E+01	5.03733E+06
2.00000E+00	1.15169E+01	5.01386E+06
2.00000E+00	1.17978E+01	4.99149E+06
2.00000E+00	1.20787E+01	4.96946E+06
2.00000E+00	1.23596E+01	4.94745E+06
2.00000E+00	1.26404E+01	4.92522E+06
2.00000E+00	1.29213E+01	4.90243E+06
2.00000E+00	1.32022E+01	4.87880E+06
2.00000E+00	1.34831E+01	4.85404E+06
2.00000E+00	1.37640E+01	4.82787E+06
2.00000E+00	1.40449E+01	4.80006E+06
2.00000E+00	1.43258E+01	4.77077E+06
2.00000E+00	1.46067E+01	4.74050E+06
2.00000E+00	1.48876E+01	4.70940E+06
2.00000E+00	1.51685E+01	4.67709E+06
2.00000E+00	1.54494E+01	4.64314E+06
2.00000E+00	1.57303E+01	4.60769E+06
2.00000E+00	1.60112E+01	4.57101E+06
2.00000E+00	1.62921E+01	4.53355E+06
2.00000E+00	1.65730E+01	4.49600E+06
2.00000E+00	1.68539E+01	4.45846E+06
2.00000E+00	1.71348E+01	4.42031E+06
2.00000E+00	1.74157E+01	4.38136E+06
2.00000E+00	1.76966E+01	4.34213E+06
2.00000E+00	1.79775E+01	4.30273E+06
2.00000E+00	1.82584E+01	4.26315E+06
2.00000E+00	1.85393E+01	4.22368E+06
2.00000E+00	1.88202E+01	4.18445E+06
2.00000E+00	1.91011E+01	4.14510E+06
2.00000E+00	1.93820E+01	4.10553E+06
2.00000E+00	1.96629E+01	4.06607E+06
2.00000E+00	1.99438E+01	4.02686E+06
2.00000E+00	2.02247E+01	3.98778E+06
2.00000E+00	2.05056E+01	3.94892E+06
2.00000E+00	2.07865E+01	3.91033E+06
2.00000E+00	2.10674E+01	3.87186E+06
2.00000E+00	2.13483E+01	3.83337E+06
2.00000E+00	2.16292E+01	3.79482E+06
2.00000E+00	2.19101E+01	3.75626E+06
2.00000E+00	2.21910E+01	3.71791E+06
2.00000E+00	2.24719E+01	3.68005E+06
2.00000E+00	2.27528E+01	3.64283E+06
2.00000E+00	2.30337E+01	3.60621E+06
2.00000E+00	2.33146E+01	3.57014E+06
2.00000E+00	2.35955E+01	3.53461E+06
2.00000E+00	2.38764E+01	3.49959E+06
2.00000E+00	2.41573E+01	3.46492E+06
2.00000E+00	2.44382E+01	3.43045E+06
2.00000E+00	2.47191E+01	3.39615E+06
2.00000E+00	2.50000E+01	3.36213E+06
2.50000E+00	0.00000E+00	2.16506E+07
2.50000E+00	2.80899E-01	2.03806E+07
2.50000E+00	5.61798E-01	1.96235E+07
2.50000E+00	8.42697E-01	2.00655E+07
2.50000E+00	1.12360E+00	2.11904E+07
2.50000E+00	1.40449E+00	2.25898E+07
2.50000E+00	1.68539E+00	2.33681E+07
2.50000E+00	1.96629E+00	2.28115E+07
2.50000E+00	2.24719E+00	2.11676E+07
2.50000E+00	2.52809E+00	1.91435E+07
2.50000E+00	2.80899E+00	1.71935E+07
2.50000E+00	3.08989E+00	1.54743E+07
2.50000E+00	3.37079E+00	1.40035E+07
2.50000E+00	3.65169E+00	1.27543E+07
2.50000E+00	3.93258E+00	1.16923E+07
2.50000E+00	4.21348E+00	1.07854E+07
2.50000E+00	4.49438E+00	1.00072E+07
2.50000E+00	4.77528E+00	9.33589E+06
2.50000E+00	5.05618E+00	8.75441E+06
2.50000E+00	5.33708E+00	8.24894E+06
2.50000E+00	5.61798E+00	7.80835E+06
2.50000E+00	5.89888E+00	7.42352E+06
2.50000E+00	6.17978E+00	7.08709E+06
2.50000E+00	6.46067E+00	6.79303E+06
2.50000E+00	6.74157E+00	6.53627E+06
2.50000E+00	7.02247E+00	6.31237E+06
2.50000E+00	7.30337E+00	6.11740E+06
2.50000E+00	7.58427E+00	5.94789E+06
2.50000E+00	7.86517E+00	5.80072E+06
2.50000E+00	8.14607E+00	5.67320E+06
2.50000E+00	8.42697E+00	5.56294E+06
2.50000E+00	8.70787E+00	5.46786E+06
2.50000E+00	8.98876E+00	5.38620E+06
2.50000E+00	9.26966E+00	5.31633E+06
2.50000E+00	9.55056E+00	5.25670E+06
2.50000E+00	9.83146E+00	5.20581E+06
2.50000E+00	1.01124E+01	5.16232E+06
2.50000E+00	1.03933E+01	5.12493E+06
2.50000E+00	1.06742E+01	5.09237E+06
2.50000E+00	1.09551E+01	5.06359E+06
2.50000E+00	1.12360E+01	5.03774E+06
2.50000E+00	1.15169E+01	5.01399E+06
2.50000E+00	1.17978E+01	4.99139E+06
2.50000E+00	1.20787E+01	4.96924E+06
2.50000E+00	1.23596E+01	4.94713E+06
2.50000E+00	1.26404E+01	4.92477E+06
2.50000E+00	1.29213E+01	4.90187E+06
2.50000E+00	1.32022E+01	4.87813E+06
2.50000E+00	1.34831E+01	4.85326E+06
2.50000E+00	1.37640E+01	4.82700E+06
2.50000E+00	1.40449E+01	4.79921E+06
2.50000E+00	1.43258E+01	4.77002E+06
2.50000E+00	1.46067E+01	4.73976E+06
2.50000E+00	1.48876E+01	4.70856E+06
2.50000E+00	1.51685E+01	4.67612E+06
2.50000E+00	1.54494E+01	4.64218E+06
2.50000E+00	1.57303E+01	4.60680E+06
2.50000E+00	1.60112E+01	4.57026E+06
2.50000E+00	1.62921E+01	4.53297E+06
2.50000E+00	1.65730E+01	4.49545E+06
2.50000E+00	1.68539E+01	4.45778E+06
2.50000E+00	1.71348E+01	4.41958E+06
2.50000E+00	1.74157E+01	4.38074E+06
2.50000E+00	1.76966E+01	4.34156E+06
2.50000E+00	1.79775E+01	4.30218E+06
2.50000E+00	1.82584E+01	4.26268E+06
2.50000E+00	1.85393E+01	4.22324E+06
2.50000E+00	1.88202E+01	4.18394E+06
2.50000E+00	1.91011E+01	4.14457E+06
2.50000E+00	1.93820E+01	4.10508E+06
2.50000E+00	1.96629E+01	4.06567E+06
2.50000E+00	1.99438E+01	4.02645E+06
2.50000E+00	2.02247E+01	3.98740E+06
2.50000E+00	2.05056E+01	3.94855E+06
2.50000E+00	2.07865E+01	3.90993E+06
2.50000E+00	2.10674E+01	3.87142E+06
2.50000E+00	2.13483E+01	3.83293E+06
2.50000E+00	2.16292E+01	3.79440E+06
2.50000E+00	2.19101E+01	3.75592E+06
2.50000E+00	2.21910E+01	3.71766E+06
2.50000E+00	2.24719E+01	3.67985E+06
2.50000E+00	2.27528E+01	3.64264E+06
2.50000E+00	2.30337E+01	3.60602E+06
2.50000E+00	2.33146E+01	3.56995E+06
2.50000E+00	2.35955E+01	3.53441E+06
2.50000E+00	2.38764E+01	3.49936E+06
2.50000E+00	2.41573E+01	3.46466E+06
2.50000E+00	2.44382E+01	3.43018E+06
2.50000E+00	2.47191E+01	3.39592E+06
2.50000E+00	2.50000E+01	3.36194E+06
3.00000E+00	0.00000E+00	2.10726E+07
3.00000E+00	2.80899E-01	2.03388E+07
3.00000E+00	5.61798E-01	1.99398E+07
3.00000E+00	8.42697E-01	2.05379E+07
3.00000E+00	1.12360E+00	2.15730E+07
3.00000E+00	1.40449E+00	2.25468E+07
3.00000E+00	1.68539E+00	2.29029E+07
3.00000E+00	1.96629E+00	2.22368E+07
3.00000E+00	2.24719E+00	2.07257E+07
3.00000E+00	2.52809E+00	1.88653E+07
3.00000E+00	2.80899E+00	1.70280E+07
3.00000E+00	3.08989E+00	1.53744E+07
3.00000E+00	3.37079E+00	1.39406E+07
3.00000E+00	3.65169E+00	1.27131E+07
3.00000E+00	3.93258E+00	1.16643E+07
3.00000E+00	4.21348E+00	1.07660E+07
3.00000E+00	4.49438E+00	9.99356E+06
3.00000E+00	4.77528E+00	9.32644E+06
3.00000E+00	5.05618E+00	8.74800E+06
3.00000E+00	5.33708E+00	8.24483E+06
3.00000E+00	5.61798E+00	7.80598E+06
3.00000E+00	5.89888E+00	7.42255E+06
3.00000E+00	6.17978E+00	7.08723E+06
3.00000E+00	6.46067E+00	6.79403E+06
3.00000E+00	6.74157E+00	6.53789E+06
3.00000E+00	7.02247E+00	6.31442E+06
3.00000E+00	7.30337E+00	6.11973E+06
3.00000E+00	7.58427E+00	5.95037E+06
3.00000E+00	7.86517E+00	5.80327E+06
3.00000E+00	8.14607E+00	5.67576E+06
3.00000E+00	8.42697E+00	5.56547E+06
3.00000E+00	8.70787E+00	5.47034E+06
3.00000E+00	8.98876E+00	5.38858E+06
3.00000E+00	9.26966E+00	5.31855E+06
3.00000E+00	9.55056E+00	5.25872E+06
3.00000E+00	9.83146E+00	5.20759E+06
3.00000E+00	1.01124E+01	5.16383E+06
3.00000E+00	1.03933E+01	5.12614E+06
3.00000E+00	1.06742E+01	5.09331E+06
3.00000E+00	1.09551E+01	5.06427E+06
3.00000E+00	1.12360E+01	5.03815E+06
3.00000E+00	1.15169E+01	5.01410E+06
3.00000E+00	1.17978E+01	4.99125E+06
3.00000E+00	1.20787E+01	4.96892E+06
3.00000E+00	1.23596E+01	4.94667E+06
3.00000E+00	1.26404E+01	4.92418E+06
3.00000E+00	1.29213E+01	4.90114E+06
3.00000E+00	1.32022E+01	4.87727E+06
3.00000E+00	1.34831E+01	4.85227E+06
3.00000E+00	1.37640E+01	4.82594E+06
3.00000E+00	1.40449E+01	4.79816E+06
3.00000E+00	1.43258E+01	4.76903E+06
3.00000E+00	1.46067E+01	4.73879E+06
3.00000E+00	1.48876E+01	4.70749E+06
3.00000E+00	1.51685E+01	4.67496E+06
3.00000E+00	1.54494E+01	4.64102E+06
3.00000E+00	1.57303E+01	4.60573E+06
3.00000E+00	1.60112E+01	4.56932E+06
3.00000E+00	1.62921E+01	4.53218E+06
3.00000E+00	1.65730E+01	4.49470E+06
3.00000E+00	1.68539E+01	4.45695E+06
3.00000E+00	1.71348E+01	4.41873E+06
3.00000E+00	1.74157E+01	4.37996E+06
3.00000E+00	1.76966E+01	4.34084E+06
3.00000E+00	1.79775E+01	4.30151E+06
3.00000E+00	1.82584E+01	4.26206E+06
3.00000E+00	1.85393E+01	4.22266E+06
3.00000E+00	1.88202E+01	4.18332E+06
3.00000E+00	1.91011E+01	4.14395E+06
3.00000E+00	1.93820E+01	4.10452E+06
3.00000E+00	1.96629E+01	4.06515E+06
3.00000E+00	1.99438E+01	4.02595E+06
3.00000E+00	2.02247E+01	3.98691E+06
3.00000E+00	2.05056E+01	3.94807E+06
3.00000E+00	2.07865E+01	3.90943E+06
3.00000E+00	2.10674E+01	3.87090E+06
3.00000E+00	2.13483E+01	3.83240E+06
3.00000E+00	2.16292E+01	3.79391E+06
3.00000E+00	2.19101E+01	3.75550E+06
3.00000E+00	2.21910E+01	3.71732E+06
3.00000E+00	2.24719E+01	3.67958E+06
3.00000E+00	2.27528E+01	3.64239E+06
3.00000E+00	2.30337E+01	3.60577E+06
3.00000E+00	2.33146E+01	3.56971E+06
3.00000E+00	2.35955E+01	3.53416E+06
3.00000E+00	2.38764E+01	3.49907E+06
3.00000E+00	2.41573E+01	3.46434E+06
3.00000E+00	2.44382E+01	3.42986E+06
3.00000E+00	2.47191E+01	3.39563E+06
3.00000E+00	2.50000E+01	3.36171E+06
3.50000E+00	0.00000E+00	2.08584E+07
3.50000E+00	2.80899E-01	2.04606E+07
3.50000E+00	5.61798E-01	2.03035E+07
3.50000E+00	8.42697E-01	2.08421E+07
3.50000E+00	1.12360E+00	2.17551E+07
3.50000E+00	1.40449E+00	2.24312E+07
3.50000E+00	1.68539E+00	2.24773E+07
3.50000E+00	1.96629E+00	2.17067E+07
3.50000E+00	2.24719E+00	2.02798E+07
3.50000E+00	2.52809E+00	1.85556E+07
3.50000E+00	2.80899E+00	1.68286E+07
3.50000E+00	3.08989E+00	1.52476E+07
3.50000E+00	3.37079E+00	1.38585E+07
3.50000E+00	3.65169E+00	1.26585E+07
3.50000E+00	3.93258E+00	1.16270E+07
3.50000E+00	4.21348E+00	1.07400E+07
3.50000E+00	4.49438E+00	9.97528E+06
3.50000E+00	4.77528E+00	9.31361E+06
3.50000E+00	5.05618E+00	8.73916E+06
3.50000E+00	5.33708E+00	8.23896E+06
3.50000E+00	5.61798E+00	7.80239E+06
3.50000E+00	5.89888E+00	7.42073E+06
3.50000E+00	6.17978E+00	7.08681E+06
3.50000E+00	6.46067E+00	6.79470E+06
3.50000E+00	6.74157E+00	6.53937E+06
3.50000E+00	7.02247E+00	6.31646E+06
3.50000E+00	7.30337E+00	6.12214E+06
3.50000E+00	7.58427E+00	5.95300E+06
3.50000E+00	7.86517E+00	5.80603E+06
3.50000E+00	8.14607E+00	5.67856E+06
3.50000E+00	8.42697E+00	5.56826E+06
3.50000E+00	8.70787E+00	5.47308E+06
3.50000E+00	8.98876E+00	5.39121E+06
3.50000E+00	9.26966E+00	5.32102E+06
3.50000E+00	9.55056E+00	5.26095E+06
3.50000E+00	9.83146E+00	5.20956E+06
3.50000E+00	1.01124E+01	5.16550E+06
3.50000E+00	1.03933E+01	5.12748E+06
3.50000E+00	1.06742E+01	5.09432E+06
3.50000E+00	1.09551E+01	5.06498E+06
3.50000E+00	1.12360E+01	5.03855E+06
3.50000E+00	1.15169E+01	5.01418E+06
3.50000E+00	1.17978E+01	4.99105E+06
3.50000E+00	1.20787E+01	4.96851E+06
3.50000E+00	1.23596E+01	4.94609E+06
3.50000E+00	1.26404E+01	4.92343E+06
3.50000E+00	1.29213E+01	4.90024E+06
3.50000E+00	1.32022E+01	4.87621E+06
3.50000E+00	1.34831E+01	4.85110E+06
3.50000E+00	1.37640E+01	4.82469E+06
3.50000E+00	1.40449E+01	4.79691E+06
3.50000E+00	1.43258E+01	4.76782E+06
3.50000E+00	1.46067E+01	4.73757E+06
3.50000E+00	1.48876E+01	4.70620E+06
3.50000E+00	1.51685E+01	4.67361E+06
3.50000E+00	1.54494E+01	4.63967E+06
3.50000E+00	1.57303E+01	4.60446E+06
3.50000E+00	1.60112E+01	4.56819E+06
3.50000E+00	1.62921E+01	4.53118E+06
3.50000E+00	1.65730E+01	4.49375E+06
3.50000E+00	1.68539E+01	4.45596E+06
3.50000E+00	1.71348E+01	4.41773E+06
3.50000E+00	1.74157E+01	4.37903E+06
3.50000E+00	1.76966E+01	4.33997E+06
3.50000E+00	1.79775E+01	4.30069E+06
3.50000E+00	1.82584E+01	4.26131E+06
3.50000E+00	1.85393E+01	4.22193E+06
3.50000E+00	1.88202E+01	4.18258E+06
3.50000E+00	1.91011E+01	4.14322E+06
3.50000E+00	1.93820E+01	4.10384E+06
3.50000E+00	1.96629E+01	4.06452E+06
3.50000E+00	1.99438E+01	4.02533E+06
3.50000E+00	2.02247E+01	3.98632E+06
3.50000E+00	2.05056E+01	3.94748E+06
3.50000E+00	2.07865E+01	3.90882E+06
3.50000E+00	2.10674E+01	3.87028E+06
3.50000E+00	2.13483E+01	3.83179E+06
3.50000E+00	2.16292E+01	3.79334E+06
3.50000E+00	2.19101E+01	3.75500E+06
3.50000E+00	2.21910E+01	3.71691E+06
3.50000E+00	2.24719E+01	3.67923E+06
3.50000E+00	2.27528E+01	3.64208E+06
3.50000E+00	2.30337E+01	3.60547E+06
3.50000E+00	2.33146E+01	3.56940E+06
3.50000E+00	2.35955E+01	3.53384E+06
3.50000E+00	2.38764E+01	3.49872E+06
3.50000E+00	2.41573E+01	3.46397E+06
3.50000E+00	2.44382E+01	3.42950E+06
3.50000E+00	2.47191E+01	3.39530E+06
3.50000E+00	2.50000E+01	3.36143E+06
4.00000E+00	0.00000E+00	2.08276E+07
4.00000E+00	2.80899E-01	2.06336E+07
4.00000E+00	5.61798E-01	2.06160E+07
4.00000E+00	8.42697E-01	2.10171E+07
4.00000E+00	1.12360E+00	2.17471E+07
4.00000E+00	1.40449E+00	2.22109E+07
4.00000E+00	1.68539E+00	2.20596E+07
4.00000E+00	1.96629E+00	2.12181E+07
4.00000E+00	2.24719E+00	1.98505E+07
4.00000E+00	2.52809E+00	1.82355E+07
4.00000E+00	2.80899E+00	1.66082E+07
4.00000E+00	3.08989E+00	1.50998E+07
4.00000E+00	3.37079E+00	1.37591E+07
4.00000E+00	3.65169E+00	1.25907E+07
4.00000E+00	3.93258E+00	1.15799E+07
4.00000E+00	4.21348E+00	1.07069E+07
4.00000E+00	4.49438E+00	9.95177E+06
4.00000E+00	4.77528E+00	9.29693E+06
4.00000E+00	5.05618E+00	8.72748E+06
4.00000E+00	5.33708E+00	8.23102E+06
4.00000E+00	5.61798E+00	7.79730E+06
4.00000E+00	5.89888E+00	7.41785E+06
4.00000E+00	6.17978E+00	7.08566E+06
4.00000E+00	6.46067E+00	6.79488E+06
4.00000E+00	6.74157E+00	6.54055E+06
4.00000E+00	7.02247E+00	6.31837E+06
4.00000E+00	7.30337E+00	6.12454E+06
4.00000E+00	7.58427E+00	5.95571E+06
4.00000E+00	7.86517E+00	5.80892E+06
4.00000E+00	8.14607E+00	5.68154E+06
4.00000E+00	8.42697E+00	5.57125E+06
4.00000E+00	8.70787E+00	5.47602E+06
4.00000E+00	8.98876E+00	5.39404E+06
4.00000E+00	9.26966E+00	5.32367E+06
4.00000E+00	9.55056E+00	5.26335E+06
4.00000E+00	9.83146E+00	5.21167E+06
4.00000E+00	1.01124E+01	5.16727E+06
4.00000E+00	1.03933E+01	5.12890E+06
4.00000E+00	1.06742E+01	5.09539E+06
4.00000E+00	1.09551E+01	5.06570E+06
4.00000E+00	1.12360E+01	5.03892E+06
4.00000E+00	1.15169E+01	5.01420E+06
4.00000E+00	1.17978E+01	4.99077E+06
4.00000E+00	1.20787E+01	4.96798E+06
4.00000E+00	1.23596E+01	4.94536E+06
4.00000E+00	1.26404E+01	4.92252E+06
4.00000E+00	1.29213E+01	4.89915E+06
4.00000E+00	1.32022E+01	4.87497E+06
4.00000E+00	1.34831E+01	4.84973E+06
4.00000E+00	1.37640E+01	4.82325E+06
4.00000E+00	1.40449E+01	4.79544E+06
4.00000E+00	1.43258E+01	4.76636E+06
4.00000E+00	1.46067E+01	4.73610E+06
4.00000E+00	1.48876E+01	4.70468E+06
4.00000E+00	1.51685E+01	4.67205E+06
4.00000E+00	1.54494E+01	4.63813E+06
4.00000E+00	1.57303E+01	4.60300E+06
4.00000E+00	1.60112E+01	4.56686E+06
4.00000E+00	1.62921E+01	4.52997E+06
4.00000E+00	1.65730E+01	4.49259E+06
4.00000E+00	1.68539E+01	4.45481E+06
4.00000E+00	1.71348E+01	4.41659E+06
4.00000E+00	1.74157E+01	4.37794E+06
4.00000E+00	1.76966E+01	4.33894E+06
4.00000E+00	1.79775E+01	4.29973E+06
4.00000E+00	1.82584E+01	4.26041E+06
4.00000E+00	1.85393E+01	4.22106E+06
4.00000E+00	1.88202E+01	4.18172E+06
4.00000E+00	1.91011E+01	4.14238E+06
4.00000E+00	1.93820E+01	4.10304E+06
4.00000E+00	1.96629E+01	4.06376E+06
4.00000E+00	1.99438E+01	4.02461E+06
4.00000E+00	2.02247E+01	3.98561E+06
4.00000E+00	2.05056E+01	3.94679E+06
4.00000E+00	2.07865E+01	3.90812E+06
4.00000E+00	2.10674E+01	3.86957E+06
4.00000E+00	2.13483E+01	3.83109E+06
4.00000E+00	2.16292E+01	3.79269E+06
4.00000E+00	2.19101E+01	3.75442E+06
4.00000E+00	2.21910E+01	3.71642E+06
4.00000E+00	2.24719E+01	3.67881E+06
4.00000E+00	2.27528E+01	3.64169E+06
4.00000E+00	2.30337E+01	3.60510E+06
4.00000E+00	2.33146E+01	3.56903E+06
4.00000E+00	2.35955E+01	3.53346E+06
4.00000E+00	2.38764E+01	3.49832E+06
4.00000E+00	2.41573E+01	3.46355E+06
4.00000E+00	2.44382E+01	3.42909E+06
4.00000E+00	2.47191E+01	3.39493E+06
4.00000E+00	2.50000E+01	3.36111E+06
5.00000E+00	0.00000E+00	2.08993E+07
5.00000E+00	2.80899E-01	2.08775E+07
5.00000E+00	5.61798E-01	2.09299E+07
5.00000E+00	8.42697E-01	2.10753E+07
5.00000E+00	1.12360E+00	2.13560E+07
5.00000E+00	1.40449E+00	2.14861E+07
5.00000E+00	1.68539E+00	2.11504E+07
5.00000E+00	1.96629E+00	2.02908E+07
5.00000E+00	2.24719E+00	1.90424E+07
5.00000E+00	2.52809E+00	1.76044E+07
5.00000E+00	2.80899E+00	1.61455E+07
5.00000E+00	3.08989E+00	1.47698E+07
5.00000E+00	3.37079E+00	1.35254E+07
5.00000E+00	3.65169E+00	1.24243E+07
5.00000E+00	3.93258E+00	1.14605E+07
5.00000E+00	4.21348E+00	1.06205E+07
5.00000E+00	4.49438E+00	9.88900E+06
5.00000E+00	4.77528E+00	9.25142E+06
5.00000E+00	5.05618E+00	8.69481E+06
5.00000E+00	5.33708E+00	8.20807E+06
5.00000E+00	5.61798E+00	7.78180E+06
5.00000E+00	5.89888E+00	7.40815E+06
5.00000E+00	6.17978E+00	7.08048E+06
5.00000E+00	6.46067E+00	6.79320E+06
5.00000E+00	6.74157E+00	6.54152E+06
5.00000E+00	7.02247E+00	6.32128E+06
5.00000E+00	7.30337E+00	6.12884E+06
5.00000E+00	7.58427E+00	5.96095E+06
5.00000E+00	7.86517E+00	5.81475E+06
5.00000E+00	8.14607E+00	5.68770E+06
5.00000E+00	8.42697E+00	5.57754E+06
5.00000E+00	8.70787E+00	5.48226E+06
5.00000E+00	8.98876E+00	5.40006E+06
5.00000E+00	9.26966E+00	5.32930E+06
5.00000E+00	9.55056E+00	5.26846E+06
5.00000E+00	9.83146E+00	5.21614E+06
5.00000E+00	1.01124E+01	5.17101E+06
5.00000E+00	1.03933E+01	5.13186E+06
5.00000E+00	1.06742E+01	5.09755E+06
5.00000E+00	1.09551E+01	5.06707E+06
5.00000E+00	1.12360E+01	5.03951E+06
5.00000E+00	1.15169E+01	5.01404E+06
5.00000E+00	1.17978E+01	4.98993E+06
5.00000E+00	1.20787E+01	4.96657E+06
5.00000E+00	1.23596E+01	4.94344E+06
5.00000E+00	1.26404E+01	4.92017E+06
5.00000E+00	1.29213E+01	4.89641E+06
5.00000E+00	1.32022E+01	4.87188E+06
5.00000E+00	1.34831E+01	4.84638E+06
5.00000E+00	1.37640E+01	4.81972E+06
5.00000E+00	1.40449E+01	4.79185E+06
5.00000E+00	1.43258E+01	4.76275E+06
5.00000E+00	1.46067E+01	4.73245E+06
5.00000E+00	1.48876E+01	4.70097E+06
5.00000E+00	1.51685E+01	4.66830E+06
5.00000E+00	1.54494E+01	4.63445E+06
5.00000E+00	1.57303E+01	4.59949E+06
5.00000E+00	1.60112E+01	4.56358E+06
5.00000E+00	1.62921E+01	4.52691E+06
5.00000E+00	1.65730E+01	4.48967E+06
5.00000E+00	1.68539E+01	4.45196E+06
5.00000E+00	1.71348E+01	4.41381E+06
5.00000E+00	1.74157E+01	4.37528E+06
5.00000E+00	1.76966E+01	4.33643E+06
5.00000E+00	1.79775E+01	4.29735E+06
5.00000E+00	1.82584E+01	4.25815E+06
5.00000E+00	1.85393E+01	4.21889E+06
5.00000E+00	1.88202E+01	4.17961E+06
5.00000E+00	1.91011E+01	4.14033E+06
5.00000E+00	1.93820E+01	4.10107E+06
5.00000E+00	1.96629E+01	4.06188E+06
5.00000E+00	1.99438E+01	4.02280E+06
5.00000E+00	2.02247E+01	3.98385E+06
5.00000E+00	2.05056E+01	3.94505E+06
5.00000E+00	2.07865E+01	3.90640E+06
5.00000E+00	2.10674E+01	3.86786E+06
5.00000E+00	2.13483E+01	3.82944E+06
5.00000E+00	2.16292E+01	3.79114E+06
5.00000E+00	2.19101E+01	3.75303E+06
5.00000E+00	2.21910E+01	3.71519E+06
5.00000E+00	2.24719E+01	3.67771E+06
5.00000E+00	2.27528E+01	3.64069E+06
5.00000E+00	2.30337E+01	3.60415E+06
5.00000E+00	2.33146E+01	3.56809E+06
5.00000E+00	2.35955E+01	3.53251E+06
5.00000E+00	2.38764E+01	3.49735E+06
5.00000E+00	2.41573E+01	3.46257E+06
5.00000E+00	2.44382E+01	3.42814E+06
5.00000E+00	2.47191E+01	3.39405E+06
5.00000E+00	2.50000E+01	3.36033E+06
6.00000E+00	0.00000E+00	2.08361E+07
6.00000E+00	2.80899E-01	2.08288E+07
6.00000E+00	5.61798E-01	2.08254E+07
6.00000E+00	8.42697E-01	2.07936E+07
6.00000E+00	1.12360E+00	2.07153E+07
6.00000E+00	1.40449E+00	2.05633E+07
6.00000E+00	1.68539E+00	2.01347E+07
6.00000E+00	1.96629E+00	1.93424E+07
6.00000E+00	2.24719E+00	1.82464E+07
6.00000E+00	2.52809E+00	1.69807E+07
6.00000E+00	2.80899E+00	1.56758E+07
6.00000E+00	3.08989E+00	1.44225E+07
6.00000E+00	3.37079E+00	1.32695E+07
6.00000E+00	3.65169E+00	1.22351E+07
6.00000E+00	3.93258E+00	1.13196E+07
6.00000E+00	4.21348E+00	1.05150E+07
6.00000E+00	4.49438E+00	9.80987E+06
6.00000E+00	4.77528E+00	9.19218E+06
6.00000E+00	5.05618E+00	8.65083E+06
6.00000E+00	5.33708E+00	8.17593E+06
6.00000E+00	5.61798E+00	7.75897E+06
6.00000E+00	5.89888E+00	7.39265E+06
6.00000E+00	6.17978E+00	7.07077E+06
6.00000E+00	6.46067E+00	6.78804E+06
6.00000E+00	6.74157E+00	6.53987E+06
6.00000E+00	7.02247E+00	6.32230E+06
6.00000E+00	7.30337E+00	6.13182E+06
6.00000E+00	7.58427E+00	5.96533E+06
6.00000E+00	7.86517E+00	5.82008E+06
6.00000E+00	8.14607E+00	5.69362E+06
6.00000E+00	8.42697E+00	5.58376E+06
6.00000E+00	8.70787E+00	5.48852E+06
6.00000E+00	8.98876E+00	5.40615E+06
6.00000E+00	9.26966E+00	5.33501E+06
6.00000E+00	9.55056E+00	5.27364E+06
6.00000E+00	9.83146E+00	5.22064E+06
6.00000E+00	1.01124E+01	5.17474E+06
6.00000E+00	1.03933E+01	5.13474E+06
6.00000E+00	1.06742E+01	5.09956E+06
6.00000E+00	1.09551E+01	5.06820E+06
6.00000E+00	1.12360E+01	5.03977E+06
6.00000E+00	1.15169E+01	5.01348E+06
6.00000E+00	1.17978E+01	4.98862E+06
6.00000E+00	1.20787E+01	4.96458E+06
6.00000E+00	1.23596E+01	4.94087E+06
6.00000E+00	1.26404E+01	4.91708E+06
6.00000E+00	1.29213E+01	4.89288E+06
6.00000E+00	1.32022E+01	4.86799E+06
6.00000E+00	1.34831E+01	4.84219E+06
6.00000E+00	1.37640E+01	4.81534E+06
6.00000E+00	1.40449E+01	4.78735E+06
6.00000E+00	1.43258E+01	4.75818E+06
6.00000E+00	1.46067E+01	4.72785E+06
6.00000E+00	1.48876E+01	4.69635E+06
6.00000E+00	1.51685E+01	4.66370E+06
6.00000E+00	1.54494E+01	4.62994E+06
6.00000E+00	1.57303E+01	4.59515E+06
6.00000E+00	1.60112E+01	4.55945E+06
6.00000E+00	1.62921E+01	4.52300E+06
6.00000E+00	1.65730E+01	4.48594E+06
6.00000E+00	1.68539E+01	4.44836E+06
6.00000E+00	1.71348E+01	4.41034E+06
6.00000E+00	1.74157E+01	4.37195E+06
6.00000E+00	1.76966E+01	4.33326E+06
6.00000E+00	1.79775E+01	4.29434E+06
6.00000E+00	1.82584E+01	4.25527E+06
6.00000E+00	1.85393E+01	4.21612E+06
6.00000E+00	1.88202E+01	4.17694E+06
6.00000E+00	1.91011E+01	4.13776E+06
6.00000E+00	1.93820E+01	4.09860E+06
6.00000E+00	1.96629E+01	4.05950E+06
6.00000E+00	1.99438E+01	4.02050E+06
6.00000E+00	2.02247E+01	3.98162E+06
6.00000E+00	2.05056E+01	3.94287E+06
6.00000E+00	2.07865E+01	3.90426E+06
6.00000E+00	2.10674E+01	3.86578E+06
6.00000E+00	2.13483E+01	3.82744E+06
6.00000E+00	2.16292E+01	3.78926E+06
6.00000E+00	2.19101E+01	3.75130E+06
6.00000E+00	2.21910E+01	3.71361E+06
6.00000E+00	2.24719E+01	3.67628E+06
6.00000E+00	2.27528E+01	3.63936E+06
6.00000E+00	2.30337E+01	3.60288E+06
6.00000E+00	2.33146E+01	3.56687E+06
6.00000E+00	2.35955E+01	3.53130E+06
6.00000E+00	2.38764E+01	3.49614E+06
6.00000E+00	2.41573E+01	3.46138E+06
6.00000E+00	2.44382E+01	3.42700E+06
6.00000E+00	2.47191E+01	3.39298E+06
6.00000E+00	2.50000E+01	3.35937E+06
7.00000E+00	0.00000E+00	2.05410E+07
7.00000E+00	2.80899E-01	2.04910E+07
7.00000E+00	5.61798E-01	2.04037E+07
7.00000E+00	8.42697E-01	2.02424E+07
7.00000E+00	1.12360E+00	1.99739E+07
7.00000E+00	1.40449E+00	1.96066E+07
7.00000E+00	1.68539E+00	1.91010E+07
7.00000E+00	1.96629E+00	1.83727E+07
7.00000E+00	2.24719E+00	1.74276E+07
7.00000E+00	2.52809E+00	1.63360E+07
7.00000E+00	2.80899E+00	1.51882E+07
7.00000E+00	3.08989E+00	1.40602E+07
7.00000E+00	3.37079E+00	1.30010E+07
7.00000E+00	3.65169E+00	1.20347E+07
7.00000E+00	3.93258E+00	1.11687E+07
7.00000E+00	4.21348E+00	1.04003E+07
7.00000E+00	4.49438E+00	9.72216E+06
7.00000E+00	4.77528E+00	9.12504E+06
7.00000E+00	5.05618E+00	8.59966E+06
7.00000E+00	5.33708E+00	8.13738E+06
7.00000E+00	5.61798E+00	7.73050E+06
7.00000E+00	5.89888E+00	7.37229E+06
7.00000E+00	6.17978E+00	7.05693E+06
7.00000E+00	6.46067E+00	6.77941E+06
7.00000E+00	6.74157E+00	6.53537E+06
7.00000E+00	7.02247E+00	6.32101E+06
7.00000E+00	7.30337E+00	6.13298E+06
7.00000E+00	7.58427E+00	5.96830E+06
7.00000E+00	7.86517E+00	5.82434E+06
7.00000E+00	8.14607E+00	5.69873E+06
7.00000E+00	8.42697E+00	5.58935E+06
7.00000E+00	8.70787E+00	5.49429E+06
7.00000E+00	8.98876E+00	5.41183E+06
7.00000E+00	9.26966E+00	5.34038E+06
7.00000E+00	9.55056E+00	5.27849E+06
7.00000E+00	9.83146E+00	5.22482E+06
7.00000E+00	1.01124E+01	5.17813E+06
7.00000E+00	1.03933E+01	5.13726E+06
7.00000E+00	1.06742E+01	5.10117E+06
7.00000E+00	1.09551E+01	5.06888E+06
7.00000E+00	1.12360E+01	5.03954E+06
7.00000E+00	1.15169E+01	5.01237E+06
7.00000E+00	1.17978E+01	4.98670E+06
7.00000E+00	1.20787E+01	4.96193E+06
7.00000E+00	1.23596E+01	4.93758E+06
7.00000E+00	1.26404E+01	4.91322E+06
7.00000E+00	1.29213E+01	4.88854E+06
7.00000E+00	1.32022E+01	4.86325E+06
7.00000E+00	1.34831E+01	4.83714E+06
7.00000E+00	1.37640E+01	4.81007E+06
7.00000E+00	1.40449E+01	4.78193E+06
7.00000E+00	1.43258E+01	4.75268E+06
7.00000E+00	1.46067E+01	4.72231E+06
7.00000E+00	1.48876E+01	4.69082E+06
7.00000E+00	1.51685E+01	4.65823E+06
7.00000E+00	1.54494E+01	4.62458E+06
7.00000E+00	1.57303E+01	4.58996E+06
7.00000E+00	1.60112E+01	4.55447E+06
7.00000E+00	1.62921E+01	4.51824E+06
7.00000E+00	1.65730E+01	4.48137E+06
7.00000E+00	1.68539E+01	4.44398E+06
7.00000E+00	1.71348E+01	4.40614E+06
7.00000E+00	1.74157E+01	4.36792E+06
7.00000E+00	1.76966E+01	4.32940E+06
7.00000E+00	1.79775E+01	4.29065E+06
7.00000E+00	1.82584E+01	4.25175E+06
7.00000E+00	1.85393E+01	4.21274E+06
7.00000E+00	1.88202E+01	4.17369E+06
7.00000E+00	1.91011E+01	4.13462E+06
7.00000E+00	1.93820E+01	4.09558E+06
7.00000E+00	1.96629E+01	4.05659E+06
7.00000E+00	1.99438E+01	4.01769E+06
7.00000E+00	2.02247E+01	3.97890E+06
7.00000E+00	2.05056E+01	3.94023E+06
7.00000E+00	2.07865E+01	3.90170E+06
7.00000E+00	2.10674E+01	3.86331E+06
7.00000E+00	2.13483E+01	3.82508E+06
7.00000E+00	2.16292E+01	3.78703E+06
7.00000E+00	2.19101E+01	3.74921E+06
7.00000E+00	2.21910E+01	3.71168E+06
7.00000E+00	2.24719E+01	3.67449E+06
7.00000E+00	2.27528E+01	3.63768E+06
7.00000E+00	2.30337E+01	3.60130E+06
7.00000E+00	2.33146E+01	3.56534E+06
7.00000E+00	2.35955E+01	3.52981E+06
7.00000E+00	2.38764E+01	3.49470E+06
7.00000E+00	2.41573E+01	3.45998E+06
7.00000E+00	2.44382E+01	3.42566E+06
7.00000E+00	2.47191E+01	3.39173E+06
7.00000E+00	2.50000E+01	3.35821E+06
8.00000E+00	0.00000E+00	2.00457E+07
8.00000E+00	2.80899E-01	1.99407E+07
8.00000E+00	5.61798E-01	1.97787E+07
8.00000E+00	8.42697E-01	1.95296E+07
8.00000E+00	1.12360E+00	1.91667E+07
8.00000E+00	1.40449E+00	1.86860E+07
8.00000E+00	1.68539E+00	1.81180E+07
8.00000E+00	1.96629E+00	1.74302E+07
8.00000E+00	2.24719E+00	1.66041E+07
8.00000E+00	2.52809E+00	1.56672E+07
8.00000E+00	2.80899E+00	1.46717E+07
8.00000E+00	3.08989E+00	1.36728E+07
8.00000E+00	3.37079E+00	1.27138E+07
8.00000E+00	3.65169E+00	1.18217E+07
8.00000E+00	3.93258E+00	1.10095E+07
8.00000E+00	4.21348E+00	1.02801E+07
8.00000E+00	4.49438E+00	9.63047E+06
8.00000E+00	4.77528E+00	9.05467E+06
8.00000E+00	5.05618E+00	8.54559E+06
8.00000E+00	5.33708E+00	8.09606E+06
8.00000E+00	5.61798E+00	7.69933E+06
8.00000E+00	5.89888E+00	7.34930E+06
8.00000E+00	6.17978E+00	7.04058E+06
8.00000E+00	6.46067E+00	6.76844E+06
8.00000E+00	6.74157E+00	6.52873E+06
8.00000E+00	7.02247E+00	6.31781E+06
8.00000E+00	7.30337E+00	6.13245E+06
8.00000E+00	7.58427E+00	5.96981E+06
8.00000E+00	7.86517E+00	5.82733E+06
8.00000E+00	8.14607E+00	5.70274E+06
8.00000E+00	8.42697E+00	5.59398E+06
8.00000E+00	8.70787E+00	5.49921E+06
8.00000E+00	8.98876E+00	5.41674E+06
8.00000E+00	9.26966E+00	5.34503E+06
8.00000E+00	9.55056E+00	5.28268E+06
8.00000E+00	9.83146E+00	5.22837E+06
8.00000E+00	1.01124E+01	5.18090E+06
8.00000E+00	1.03933E+01	5.13917E+06
8.00000E+00	1.06742E+01	5.10215E+06
8.00000E+00	1.09551E+01	5.06892E+06
8.00000E+00	1.12360E+01	5.03865E+06
8.00000E+00	1.15169E+01	5.01058E+06
8.00000E+00	1.17978E+01	4.98407E+06
8.00000E+00	1.20787E+01	4.95853E+06
8.00000E+00	1.23596E+01	4.93350E+06
8.00000E+00	1.26404E+01	4.90855E+06
8.00000E+00	1.29213E+01	4.88335E+06
8.00000E+00	1.32022E+01	4.85764E+06
8.00000E+00	1.34831E+01	4.83120E+06
8.00000E+00	1.37640E+01	4.80389E+06
8.00000E+00	1.40449E+01	4.77559E+06
8.00000E+00	1.43258E+01	4.74625E+06
8.00000E+00	1.46067E+01	4.71585E+06
8.00000E+00	1.48876E+01	4.68438E+06
8.00000E+00	1.51685E+01	4.65186E+06
8.00000E+00	1.54494E+01	4.61835E+06
8.00000E+00	1.57303E+01	4.58391E+06
8.00000E+00	1.60112E+01	4.54863E+06
8.00000E+00	1.62921E+01	4.51262E+06
8.00000E+00	1.65730E+01	4.47598E+06
8.00000E+00	1.68539E+01	4.43880E+06
8.00000E+00	1.71348E+01	4.40116E+06
8.00000E+00	1.74157E+01	4.36315E+06
8.00000E+00	1.76966E+01	4.32483E+06
8.00000E+00	1.79775E+01	4.28628E+06
8.00000E+00	1.82584E+01	4.24756E+06
8.00000E+00	1.85393E+01	4.20872E+06
8.00000E+00	1.88202E+01	4.16983E+06
8.00000E+00	1.91011E+01	4.13091E+06
8.00000E+00	1.93820E+01	4.09200E+06
8.00000E+00	1.96629E+01	4.05315E+06
8.00000E+00	1.99438E+01	4.01437E+06
8.00000E+00	2.02247E+01	3.97569E+06
8.00000E+00	2.05056E+01	3.93713E+06
8.00000E+00	2.07865E+01	3.89870E+06
8.00000E+00	2.10674E+01	3.86043E+06
8.00000E+00	2.13483E+01	3.82233E+06
8.00000E+00	2.16292E+01	3.78443E+06
8.00000E+00	2.19101E+01	3.74676E+06
8.00000E+00	2.21910E+01	3.70939E+06
8.00000E+00	2.24719E+01	3.67234E+06
8.00000E+00	2.27528E+01	3.63566E+06
8.00000E+00	2.30337E+01	3.59938E+06
8.00000E+00	2.33146E+01	3.56351E+06
8.00000E+00	2.35955E+01	3.52805E+06
8.00000E+00	2.38764E+01	3.49300E+06
8.00000E+00	2.41573E+01	3.45835E+06
8.00000E+00	2.44382E+01	3.42411E+06
8.00000E+00	2.47191E+01	3.39027E+06
8.00000E+00	2.50000E+01	3.35686E+06
9.00000E+00	0.00000E+00	1.94122E+07
9.00000E+00	2.80899E-01	1.92584E+07
9.00000E+00	5.61798E-01	1.90408E+07
9.00000E+00	8.42697E-01	1.87376E+07
9.00000E+00	1.12360E+00	1.83301E+07
9.00000E+00	1.40449E+00	1.78142E+07
9.00000E+00	1.68539E+00	1.72117E+07
9.00000E+00	1.96629E+00	1.65495E+07
9.00000E+00	2.24719E+00	1.58089E+07
9.00000E+00	2.52809E+00	1.49950E+07
9.00000E+00	2.80899E+00	1.41333E+07
9.00000E+00	3.08989E+00	1.32581E+07
9.00000E+00	3.37079E+00	1.24020E+07
9.00000E+00	3.65169E+00	1.15900E+07
9.00000E+00	3.93258E+00	1.08377E+07
9.00000E+00	4.21348E+00	1.01521E+07
9.00000E+00	4.49438E+00	9.53442E+06
9.00000E+00	4.77528E+00	8.98207E+06
9.00000E+00	5.05618E+00	8.49047E+06
9.00000E+00	5.33708E+00	8.05422E+06
9.00000E+00	5.61798E+00	7.66778E+06
9.00000E+00	5.89888E+00	7.32588E+06
9.00000E+00	6.17978E+00	7.02366E+06
9.00000E+00	6.46067E+00	6.75675E+06
9.00000E+00	6.74157E+00	6.52124E+06
9.00000E+00	7.02247E+00	6.31366E+06
9.00000E+00	7.30337E+00	6.13094E+06
9.00000E+00	7.58427E+00	5.97031E+06
9.00000E+00	7.86517E+00	5.82933E+06
9.00000E+00	8.14607E+00	5.70577E+06
9.00000E+00	8.42697E+00	5.59767E+06
9.00000E+00	8.70787E+00	5.50321E+06
9.00000E+00	8.98876E+00	5.42075E+06
9.00000E+00	9.26966E+00	5.34881E+06
9.00000E+00	9.55056E+00	5.28600E+06
9.00000E+00	9.83146E+00	5.23107E+06
9.00000E+00	1.01124E+01	5.18284E+06
9.00000E+00	1.03933E+01	5.14026E+06
9.00000E+00	1.06742E+01	5.10233E+06
9.00000E+00	1.09551E+01	5.06816E+06
9.00000E+00	1.12360E+01	5.03695E+06
9.00000E+00	1.15169E+01	5.00799E+06
9.00000E+00	1.17978E+01	4.98062E+06
9.00000E+00	1.20787E+01	4.95431E+06
9.00000E+00	1.23596E+01	4.92857E+06
9.00000E+00	1.26404E+01	4.90300E+06
9.00000E+00	1.29213E+01	4.87728E+06
9.00000E+00	1.32022E+01	4.85114E+06
9.00000E+00	1.34831E+01	4.82436E+06
9.00000E+00	1.37640E+01	4.79680E+06
9.00000E+00	1.40449E+01	4.76833E+06
9.00000E+00	1.43258E+01	4.73890E+06
9.00000E+00	1.46067E+01	4.70847E+06
9.00000E+00	1.48876E+01	4.67703E+06
9.00000E+00	1.51685E+01	4.64460E+06
9.00000E+00	1.54494E+01	4.61123E+06
9.00000E+00	1.57303E+01	4.57698E+06
9.00000E+00	1.60112E+01	4.54192E+06
9.00000E+00	1.62921E+01	4.50614E+06
9.00000E+00	1.65730E+01	4.46974E+06
9.00000E+00	1.68539E+01	4.43280E+06
9.00000E+00	1.71348E+01	4.39540E+06
9.00000E+00	1.74157E+01	4.35762E+06
9.00000E+00	1.76966E+01	4.31953E+06
9.00000E+00	1.79775E+01	4.28119E+06
9.00000E+00	1.82584E+01	4.24268E+06
9.00000E+00	1.85393E+01	4.20404E+06
9.00000E+00	1.88202E+01	4.16533E+06
9.00000E+00	1.91011E+01	4.12658E+06
9.00000E+00	1.93820E+01	4.08784E+06
9.00000E+00	1.96629E+01	4.04914E+06
9.00000E+00	1.99438E+01	4.01051E+06
9.00000E+00	2.02247E+01	3.97197E+06
9.00000E+00	2.05056E+01	3.93354E+06
9.00000E+00	2.07865E+01	3.89526E+06
9.00000E+00	2.10674E+01	3.85712E+06
9.00000E+00	2.13483E+01	3.81917E+06
9.00000E+00	2.16292E+01	3.78143E+06
9.00000E+00	2.19101E+01	3.74393E+06
9.00000E+00	2.21910E+01	3.70672E+06
9.00000E+00	2.24719E+01	3.66983E+06
9.00000E+00	2.27528E+01	3.63329E+06
9.00000E+00	2.30337E+01	3.59713E+06
9.00000E+00	2.33146E+01	3.56136E+06
9.00000E+00	2.35955E+01	3.52600E+06
9.00000E+00	2.38764E+01	3.49103E+06
9.00000E+00	2.41573E+01	3.45648E+06
9.00000E+00	2.44382E+01	3.42233E+06
9.00000E+00	2.47191E+01	3.38859E+06
9.00000E+00	2.50000E+01	3.35529E+06
1.00000E+01	0.00000E+00	1.86983E+07
1.00000E+01	2.80899E-01	1.85073E+07
1.00000E+01	5.61798E-01	1.82531E+07
1.00000E+01	8.42697E-01	1.79204E+07
1.00000E+01	1.12360E+00	1.74975E+07
1.00000E+01	1.40449E+00	1.69818E+07
1.00000E+01	1.68539E+00	1.63861E+07
1.00000E+01	1.96629E+00	1.57430E+07
1.00000E+01	2.24719E+00	1.50641E+07
1.00000E+01	2.52809E+00	1.43434E+07
1.00000E+01	2.80899E+00	1.35909E+07
1.00000E+01	3.08989E+00	1.28249E+07
1.00000E+01	3.37079E+00	1.20671E+07
1.00000E+01	3.65169E+00	1.13368E+07
1.00000E+01	3.93258E+00	1.06487E+07
1.00000E+01	4.21348E+00	1.00120E+07
1.00000E+01	4.49438E+00	9.43070E+06
1.00000E+01	4.77528E+00	8.90518E+06
1.00000E+01	5.05618E+00	8.43338E+06
1.00000E+01	5.33708E+00	8.01185E+06
1.00000E+01	5.61798E+00	7.63651E+06
1.00000E+01	5.89888E+00	7.30308E+06
1.00000E+01	6.17978E+00	7.00741E+06
1.00000E+01	6.46067E+00	6.74561E+06
1.00000E+01	6.74157E+00	6.51411E+06
1.00000E+01	7.02247E+00	6.30968E+06
1.00000E+01	7.30337E+00	6.12938E+06
1.00000E+01	7.58427E+00	5.97059E+06
1.00000E+01	7.86517E+00	5.83094E+06
1.00000E+01	8.14607E+00	5.70830E+06
1.00000E+01	8.42697E+00	5.60074E+06
1.00000E+01	8.70787E+00	5.50650E+06
1.00000E+01	8.98876E+00	5.42400E+06
1.00000E+01	9.26966E+00	5.35177E+06
1.00000E+01	9.55056E+00	5.28848E+06
1.00000E+01	9.83146E+00	5.23291E+06
1.00000E+01	1.01124E+01	5.18391E+06
1.00000E+01	1.03933E+01	5.14047E+06
1.00000E+01	1.06742E+01	5.10162E+06
1.00000E+01	1.09551E+01	5.06652E+06
1.00000E+01	1.12360E+01	5.03438E+06
1.00000E+01	1.15169E+01	5.00451E+06
1.00000E+01	1.17978E+01	4.97629E+06
1.00000E+01	1.20787E+01	4.94919E+06
1.00000E+01	1.23596E+01	4.92274E+06
1.00000E+01	1.26404E+01	4.89656E+06
1.00000E+01	1.29213E+01	4.87031E+06
1.00000E+01	1.32022E+01	4.84373E+06
1.00000E+01	1.34831E+01	4.81661E+06
1.00000E+01	1.37640E+01	4.78878E+06
1.00000E+01	1.40449E+01	4.76015E+06
1.00000E+01	1.43258E+01	4.73062E+06
1.00000E+01	1.46067E+01	4.70017E+06
1.00000E+01	1.48876E+01	4.66877E+06
1.00000E+01	1.51685E+01	4.63644E+06
1.00000E+01	1.54494E+01	4.60322E+06
1.00000E+01	1.57303E+01	4.56916E+06
1.00000E+01	1.60112E+01	4.53433E+06
1.00000E+01	1.62921E+01	4.49880E+06
1.00000E+01	1.65730E+01	4.46265E+06
1.00000E+01	1.68539E+01	4.42597E+06
1.00000E+01	1.71348E+01	4.38883E+06
1.00000E+01	1.74157E+01	4.35131E+06
1.00000E+01	1.76966E+01	4.31347E+06
1.00000E+01	1.79775E+01	4.27538E+06
1.00000E+01	1.82584E+01	4.23710E+06
1.00000E+01	1.85393E+01	4.19868E+06
1.00000E+01	1.88202E+01	4.16018E+06
1.00000E+01	1.91011E+01	4.12164E+06
1.00000E+01	1.93820E+01	4.08309E+06
1.00000E+01	1.96629E+01	4.04457E+06
1.00000E+01	1.99438E+01	4.00610E+06
1.00000E+01	2.02247E+01	3.96773E+06
1.00000E+01	2.05056E+01	3.92947E+06
1.00000E+01	2.07865E+01	3.89134E+06
1.00000E+01	2.10674E+01	3.85338E+06
1.00000E+01	2.13483E+01	3.81560E+06
1.00000E+01	2.16292E+01	3.77803E+06
1.00000E+01	2.19101E+01	3.74071E+06
1.00000E+01	2.21910E+01	3.70367E+06
1.00000E+01	2.24719E+01	3.66694E+06
1.00000E+01	2.27528E+01	3.63055E+06
1.00000E+01	2.30337E+01	3.59453E+06
1.00000E+01	2.33146E+01	3.55889E+06
1.00000E+01	2.35955E+01	3.52364E+06
1.00000E+01	2.38764E+01	3.48879E+06
1.00000E+01	2.41573E+01	3.45434E+06
1.00000E+01	2.44382E+01	3.42030E+06
1.00000E+01	2.47191E+01	3.38668E+06
1.00000E+01	2.50000E+01	3.35349E+06
