1.00000E-04	0.00000E+00	9.53421E-01
1.00000E-04	2.80899E-01	5.03320E-02
1.00000E-04	5.61798E-01	4.29171E-02
1.00000E-04	8.42697E-01	4.73718E-02
1.00000E-04	1.12360E+00	5.33841E-02
1.00000E-04	1.40449E+00	5.82486E-02
1.00000E-04	1.68539E+00	6.33701E-02
1.00000E-04	1.96629E+00	6.89836E-02
1.00000E-04	2.24719E+00	7.63660E-02
1.00000E-04	2.52809E+00	8.82047E-02
1.00000E-04	2.80899E+00	1.02807E-01
1.00000E-04	3.08989E+00	1.25145E-01
1.00000E-04	3.37079E+00	1.63842E-01
1.00000E-04	3.65169E+00	2.19640E-01
1.00000E-04	3.93258E+00	3.08471E-01
1.00000E-04	4.21348E+00	3.96197E-01
1.00000E-04	4.49438E+00	5.73923E-01
1.00000E-04	4.77528E+00	7.30681E-01
1.00000E-04	5.05618E+00	9.36295E-01
1.00000E-04	5.33708E+00	1.10070E+00
1.00000E-04	5.61798E+00	1.27204E+00
1.00000E-04	5.89888E+00	1.46919E+00
1.00000E-04	6.17978E+00	1.60109E+00
1.00000E-04	6.46067E+00	1.86752E+00
1.00000E-04	6.74157E+00	2.14007E+00
1.00000E-04	7.02247E+00	2.64310E+00
1.00000E-04	7.30337E+00	3.15471E+00
1.00000E-04	7.58427E+00	3.92791E+00
1.00000E-04	7.86517E+00	4.68263E+00
1.00000E-04	8.14607E+00	5.49706E+00
1.00000E-04	8.42697E+00	6.31767E+00
1.00000E-04	8.70787E+00	6.96368E+00
1.00000E-04	8.98876E+00	7.89721E+00
1.00000E-04	9.26966E+00	8.59943E+00
1.00000E-04	9.55056E+00	9.70312E+00
1.00000E-04	9.83146E+00	1.07257E+01
1.00000E-04	1.01124E+01	1.20310E+01
1.00000E-04	1.03933E+01	1.32299E+01
1.00000E-04	1.06742E+01	1.43517E+01
1.00000E-04	1.09551E+01	1.57908E+01
1.00000E-04	1.12360E+01	1.71780E+01
1.00000E-04	1.15169E+01	1.88665E+01
1.00000E-04	1.17978E+01	2.04614E+01
1.00000E-04	1.20787E+01	2.23661E+01
1.00000E-04	1.23596E+01	2.41850E+01
1.00000E-04	1.26404E+01	2.59916E+01
1.00000E-04	1.29213E+01	2.78391E+01
1.00000E-04	1.32022E+01	2.95399E+01
1.00000E-04	1.34831E+01	3.12055E+01
1.00000E-04	1.37640E+01	3.26430E+01
1.00000E-04	1.40449E+01	3.40855E+01
1.00000E-04	1.43258E+01	3.52600E+01
1.00000E-04	1.46067E+01	3.62471E+01
1.00000E-04	1.48876E+01	3.68319E+01
1.00000E-04	1.51685E+01	3.71031E+01
1.00000E-04	1.54494E+01	3.72927E+01
1.00000E-04	1.57303E+01	3.73958E+01
1.00000E-04	1.60112E+01	3.77803E+01
1.00000E-04	1.62921E+01	3.78528E+01
1.00000E-04	1.65730E+01	3.83453E+01
1.00000E-04	1.68539E+01	3.87298E+01
1.00000E-04	1.71348E+01	3.91159E+01
1.00000E-04	1.74157E+01	3.92949E+01
1.00000E-04	1.76966E+01	3.95170E+01
1.00000E-04	1.79775E+01	3.97490E+01
1.00000E-04	1.82584E+01	3.97909E+01
1.00000E-04	1.85393E+01	3.98515E+01
1.00000E-04	1.88202E+01	3.97714E+01
1.00000E-04	1.91011E+01	3.96762E+01
1.00000E-04	1.93820E+01	3.94239E+01
1.00000E-04	1.96629E+01	3.92886E+01
1.00000E-04	1.99438E+01	3.91136E+01
1.00000E-04	2.02247E+01	3.89107E+01
1.00000E-04	2.05056E+01	3.87026E+01
1.00000E-04	2.07865E+01	3.82754E+01
1.00000E-04	2.10674E+01	3.78050E+01
1.00000E-04	2.13483E+01	3.73787E+01
1.00000E-04	2.16292E+01	3.69556E+01
1.00000E-04	2.19101E+01	3.65330E+01
1.00000E-04	2.21910E+01	3.61216E+01
1.00000E-04	2.24719E+01	3.57211E+01
1.00000E-04	2.27528E+01	3.53266E+01
1.00000E-04	2.30337E+01	3.49449E+01
1.00000E-04	2.33146E+01	3.45689E+01
1.00000E-04	2.35955E+01	3.41950E+01
1.00000E-04	2.38764E+01	3.37998E+01
1.00000E-04	2.41573E+01	3.34551E+01
1.00000E-04	2.44382E+01	3.31101E+01
1.00000E-04	2.47191E+01	3.27806E+01
1.00000E-04	2.50000E+01	3.24469E+01
5.00000E-04	0.00000E+00	9.36348E-01
5.00000E-04	2.80899E-01	8.49294E-02
5.00000E-04	5.61798E-01	7.24240E-02
5.00000E-04	8.42697E-01	7.99527E-02
5.00000E-04	1.12360E+00	9.00672E-02
5.00000E-04	1.40449E+00	9.82956E-02
5.00000E-04	1.68539E+00	1.06939E-01
5.00000E-04	1.96629E+00	1.16412E-01
5.00000E-04	2.24719E+00	1.28869E-01
5.00000E-04	2.52809E+00	1.48847E-01
5.00000E-04	2.80899E+00	1.73490E-01
5.00000E-04	3.08989E+00	2.11215E-01
5.00000E-04	3.37079E+00	2.76488E-01
5.00000E-04	3.65169E+00	3.70631E-01
5.00000E-04	3.93258E+00	5.20576E-01
5.00000E-04	4.21348E+00	6.67973E-01
5.00000E-04	4.49438E+00	9.68501E-01
5.00000E-04	4.77528E+00	1.23304E+00
5.00000E-04	5.05618E+00	1.58003E+00
5.00000E-04	5.33708E+00	1.85745E+00
5.00000E-04	5.61798E+00	2.14661E+00
5.00000E-04	5.89888E+00	2.47925E+00
5.00000E-04	6.17978E+00	2.70188E+00
5.00000E-04	6.46067E+00	3.15149E+00
5.00000E-04	6.74157E+00	3.61141E+00
5.00000E-04	7.02247E+00	4.46029E+00
5.00000E-04	7.30337E+00	5.32431E+00
5.00000E-04	7.58427E+00	6.62844E+00
5.00000E-04	7.86517E+00	7.90206E+00
5.00000E-04	8.14607E+00	9.27642E+00
5.00000E-04	8.42697E+00	1.06612E+01
5.00000E-04	8.70787E+00	1.17514E+01
5.00000E-04	8.98876E+00	1.33347E+01
5.00000E-04	9.26966E+00	1.45117E+01
5.00000E-04	9.55056E+00	1.63742E+01
5.00000E-04	9.83146E+00	1.80999E+01
5.00000E-04	1.01124E+01	2.03026E+01
5.00000E-04	1.03933E+01	2.23209E+01
5.00000E-04	1.06742E+01	2.42189E+01
5.00000E-04	1.09551E+01	2.66473E+01
5.00000E-04	1.12360E+01	2.89882E+01
5.00000E-04	1.15169E+01	3.18376E+01
5.00000E-04	1.17978E+01	3.45292E+01
5.00000E-04	1.20787E+01	3.77434E+01
5.00000E-04	1.23596E+01	4.08127E+01
5.00000E-04	1.26404E+01	4.38614E+01
5.00000E-04	1.29213E+01	4.69791E+01
5.00000E-04	1.32022E+01	4.98494E+01
5.00000E-04	1.34831E+01	5.26600E+01
5.00000E-04	1.37640E+01	5.50858E+01
5.00000E-04	1.40449E+01	5.75201E+01
5.00000E-04	1.43258E+01	5.95020E+01
5.00000E-04	1.46067E+01	6.11678E+01
5.00000E-04	1.48876E+01	6.21548E+01
5.00000E-04	1.51685E+01	6.26123E+01
5.00000E-04	1.54494E+01	6.29323E+01
5.00000E-04	1.57303E+01	6.31063E+01
5.00000E-04	1.60112E+01	6.37552E+01
5.00000E-04	1.62921E+01	6.38775E+01
5.00000E-04	1.65730E+01	6.47086E+01
5.00000E-04	1.68539E+01	6.53575E+01
5.00000E-04	1.71348E+01	6.60091E+01
5.00000E-04	1.74157E+01	6.63111E+01
5.00000E-04	1.76966E+01	6.66859E+01
5.00000E-04	1.79775E+01	6.70774E+01
5.00000E-04	1.82584E+01	6.71481E+01
5.00000E-04	1.85393E+01	6.72503E+01
5.00000E-04	1.88202E+01	6.71152E+01
5.00000E-04	1.91011E+01	6.69546E+01
5.00000E-04	1.93820E+01	6.65287E+01
5.00000E-04	1.96629E+01	6.63004E+01
5.00000E-04	1.99438E+01	6.60005E+01
5.00000E-04	2.02247E+01	6.56628E+01
5.00000E-04	2.05056E+01	6.53116E+01
5.00000E-04	2.07865E+01	6.45907E+01
5.00000E-04	2.10674E+01	6.37968E+01
5.00000E-04	2.13483E+01	6.30774E+01
5.00000E-04	2.16292E+01	6.23635E+01
5.00000E-04	2.19101E+01	6.16504E+01
5.00000E-04	2.21910E+01	6.09560E+01
5.00000E-04	2.24719E+01	6.02802E+01
5.00000E-04	2.27528E+01	5.96144E+01
5.00000E-04	2.30337E+01	5.89704E+01
5.00000E-04	2.33146E+01	5.83358E+01
5.00000E-04	2.35955E+01	5.77049E+01
5.00000E-04	2.38764E+01	5.70380E+01
5.00000E-04	2.41573E+01	5.64562E+01
5.00000E-04	2.44382E+01	5.58742E+01
5.00000E-04	2.47191E+01	5.53180E+01
5.00000E-04	2.50000E+01	5.47550E+01
1.00000E-03	0.00000E+00	9.28566E-01
1.00000E-03	2.80899E-01	1.12091E-01
1.00000E-03	5.61798E-01	9.55866E-02
1.00000E-03	8.42697E-01	1.05533E-01
1.00000E-03	1.12360E+00	1.18851E-01
1.00000E-03	1.40449E+00	1.29726E-01
1.00000E-03	1.68539E+00	1.41140E-01
1.00000E-03	1.96629E+00	1.53642E-01
1.00000E-03	2.24719E+00	1.70082E-01
1.00000E-03	2.52809E+00	1.96450E-01
1.00000E-03	2.80899E+00	2.28975E-01
1.00000E-03	3.08989E+00	2.78849E-01
1.00000E-03	3.37079E+00	3.64931E-01
1.00000E-03	3.65169E+00	4.89016E-01
1.00000E-03	3.93258E+00	6.87268E-01
1.00000E-03	4.21348E+00	8.81279E-01
1.00000E-03	4.49438E+00	1.27807E+00
1.00000E-03	4.77528E+00	1.62720E+00
1.00000E-03	5.05618E+00	2.08558E+00
1.00000E-03	5.33708E+00	2.45150E+00
1.00000E-03	5.61798E+00	2.83313E+00
1.00000E-03	5.89888E+00	3.27170E+00
1.00000E-03	6.17978E+00	3.56599E+00
1.00000E-03	6.46067E+00	4.15939E+00
1.00000E-03	6.74157E+00	4.76587E+00
1.00000E-03	7.02247E+00	5.88674E+00
1.00000E-03	7.30337E+00	7.02723E+00
1.00000E-03	7.58427E+00	8.74835E+00
1.00000E-03	7.86517E+00	1.04293E+01
1.00000E-03	8.14607E+00	1.22432E+01
1.00000E-03	8.42697E+00	1.40709E+01
1.00000E-03	8.70787E+00	1.55097E+01
1.00000E-03	8.98876E+00	1.76011E+01
1.00000E-03	9.26966E+00	1.91529E+01
1.00000E-03	9.55056E+00	2.16110E+01
1.00000E-03	9.83146E+00	2.38887E+01
1.00000E-03	1.01124E+01	2.67957E+01
1.00000E-03	1.03933E+01	2.94587E+01
1.00000E-03	1.06742E+01	3.19646E+01
1.00000E-03	1.09551E+01	3.51696E+01
1.00000E-03	1.12360E+01	3.82592E+01
1.00000E-03	1.15169E+01	4.20199E+01
1.00000E-03	1.17978E+01	4.55723E+01
1.00000E-03	1.20787E+01	4.98141E+01
1.00000E-03	1.23596E+01	5.38655E+01
1.00000E-03	1.26404E+01	5.78891E+01
1.00000E-03	1.29213E+01	6.20043E+01
1.00000E-03	1.32022E+01	6.57922E+01
1.00000E-03	1.34831E+01	6.95017E+01
1.00000E-03	1.37640E+01	7.27034E+01
1.00000E-03	1.40449E+01	7.59161E+01
1.00000E-03	1.43258E+01	7.85319E+01
1.00000E-03	1.46067E+01	8.07304E+01
1.00000E-03	1.48876E+01	8.20331E+01
1.00000E-03	1.51685E+01	8.26370E+01
1.00000E-03	1.54494E+01	8.30593E+01
1.00000E-03	1.57303E+01	8.32889E+01
1.00000E-03	1.60112E+01	8.41453E+01
1.00000E-03	1.62921E+01	8.43068E+01
1.00000E-03	1.65730E+01	8.54037E+01
1.00000E-03	1.68539E+01	8.62601E+01
1.00000E-03	1.71348E+01	8.71201E+01
1.00000E-03	1.74157E+01	8.75204E+01
1.00000E-03	1.76966E+01	8.80133E+01
1.00000E-03	1.79775E+01	8.85301E+01
1.00000E-03	1.82584E+01	8.86234E+01
1.00000E-03	1.85393E+01	8.87582E+01
1.00000E-03	1.88202E+01	8.85800E+01
1.00000E-03	1.91011E+01	8.83688E+01
1.00000E-03	1.93820E+01	8.78059E+01
1.00000E-03	1.96629E+01	8.75045E+01
1.00000E-03	1.99438E+01	8.70995E+01
1.00000E-03	2.02247E+01	8.66630E+01
1.00000E-03	2.05056E+01	8.61995E+01
1.00000E-03	2.07865E+01	8.52480E+01
1.00000E-03	2.10674E+01	8.42003E+01
1.00000E-03	2.13483E+01	8.32508E+01
1.00000E-03	2.16292E+01	8.23085E+01
1.00000E-03	2.19101E+01	8.13674E+01
1.00000E-03	2.21910E+01	8.04509E+01
1.00000E-03	2.24719E+01	7.95589E+01
1.00000E-03	2.27528E+01	7.86802E+01
1.00000E-03	2.30337E+01	7.78302E+01
1.00000E-03	2.33146E+01	7.69927E+01
1.00000E-03	2.35955E+01	7.61601E+01
1.00000E-03	2.38764E+01	7.52799E+01
1.00000E-03	2.41573E+01	7.45121E+01
1.00000E-03	2.44382E+01	7.37438E+01
1.00000E-03	2.47191E+01	7.30098E+01
1.00000E-03	2.50000E+01	7.22667E+01
5.00000E-03	0.00000E+00	9.16126E-01
5.00000E-03	2.80899E-01	2.33495E-01
5.00000E-03	5.61798E-01	1.99112E-01
5.00000E-03	8.42697E-01	2.19839E-01
5.00000E-03	1.12360E+00	2.47546E-01
5.00000E-03	1.40449E+00	2.70201E-01
5.00000E-03	1.68539E+00	2.94012E-01
5.00000E-03	1.96629E+00	3.20030E-01
5.00000E-03	2.24719E+00	3.54240E-01
5.00000E-03	2.52809E+00	4.09212E-01
5.00000E-03	2.80899E+00	4.76966E-01
5.00000E-03	3.08989E+00	5.81111E-01
5.00000E-03	3.37079E+00	7.60280E-01
5.00000E-03	3.65169E+00	1.01771E+00
5.00000E-03	3.93258E+00	1.43291E+00
5.00000E-03	4.21348E+00	1.83521E+00
5.00000E-03	4.49438E+00	2.65941E+00
5.00000E-03	4.77528E+00	3.38643E+00
5.00000E-03	5.05618E+00	4.34676E+00
5.00000E-03	5.33708E+00	5.10503E+00
5.00000E-03	5.61798E+00	5.90258E+00
5.00000E-03	5.89888E+00	6.81128E+00
5.00000E-03	6.17978E+00	7.42580E+00
5.00000E-03	6.46067E+00	8.66469E+00
5.00000E-03	6.74157E+00	9.91675E+00
5.00000E-03	7.02247E+00	1.22565E+01
5.00000E-03	7.30337E+00	1.46382E+01
5.00000E-03	7.58427E+00	1.82225E+01
5.00000E-03	7.86517E+00	2.17304E+01
5.00000E-03	8.14607E+00	2.54911E+01
5.00000E-03	8.42697E+00	2.93092E+01
5.00000E-03	8.70787E+00	3.23083E+01
5.00000E-03	8.98876E+00	3.66674E+01
5.00000E-03	9.26966E+00	3.98867E+01
5.00000E-03	9.55056E+00	4.50174E+01
5.00000E-03	9.83146E+00	4.97554E+01
5.00000E-03	1.01124E+01	5.58134E+01
5.00000E-03	1.03933E+01	6.13636E+01
5.00000E-03	1.06742E+01	6.65842E+01
5.00000E-03	1.09551E+01	7.32622E+01
5.00000E-03	1.12360E+01	7.96505E+01
5.00000E-03	1.15169E+01	8.75037E+01
5.00000E-03	1.17978E+01	9.49320E+01
5.00000E-03	1.20787E+01	1.03713E+02
5.00000E-03	1.23596E+01	1.12204E+02
5.00000E-03	1.26404E+01	1.20590E+02
5.00000E-03	1.29213E+01	1.29226E+02
5.00000E-03	1.32022E+01	1.37049E+02
5.00000E-03	1.34831E+01	1.44809E+02
5.00000E-03	1.37640E+01	1.51497E+02
5.00000E-03	1.40449E+01	1.58138E+02
5.00000E-03	1.43258E+01	1.63589E+02
5.00000E-03	1.46067E+01	1.68168E+02
5.00000E-03	1.48876E+01	1.70886E+02
5.00000E-03	1.51685E+01	1.72140E+02
5.00000E-03	1.54494E+01	1.73019E+02
5.00000E-03	1.57303E+01	1.73497E+02
5.00000E-03	1.60112E+01	1.75282E+02
5.00000E-03	1.62921E+01	1.75624E+02
5.00000E-03	1.65730E+01	1.77897E+02
5.00000E-03	1.68539E+01	1.79687E+02
5.00000E-03	1.71348E+01	1.81478E+02
5.00000E-03	1.74157E+01	1.82350E+02
5.00000E-03	1.76966E+01	1.83345E+02
5.00000E-03	1.79775E+01	1.84415E+02
5.00000E-03	1.82584E+01	1.84607E+02
5.00000E-03	1.85393E+01	1.84891E+02
5.00000E-03	1.88202E+01	1.84521E+02
5.00000E-03	1.91011E+01	1.84084E+02
5.00000E-03	1.93820E+01	1.82907E+02
5.00000E-03	1.96629E+01	1.82279E+02
5.00000E-03	1.99438E+01	1.81410E+02
5.00000E-03	2.02247E+01	1.80526E+02
5.00000E-03	2.05056E+01	1.79563E+02
5.00000E-03	2.07865E+01	1.77576E+02
5.00000E-03	2.10674E+01	1.75396E+02
5.00000E-03	2.13483E+01	1.73418E+02
5.00000E-03	2.16292E+01	1.71455E+02
5.00000E-03	2.19101E+01	1.69495E+02
5.00000E-03	2.21910E+01	1.67586E+02
5.00000E-03	2.24719E+01	1.65728E+02
5.00000E-03	2.27528E+01	1.63897E+02
5.00000E-03	2.30337E+01	1.62126E+02
5.00000E-03	2.33146E+01	1.60380E+02
5.00000E-03	2.35955E+01	1.58648E+02
5.00000E-03	2.38764E+01	1.56815E+02
5.00000E-03	2.41573E+01	1.55211E+02
5.00000E-03	2.44382E+01	1.53614E+02
5.00000E-03	2.47191E+01	1.52085E+02
5.00000E-03	2.50000E+01	1.50537E+02
1.00000E-02	0.00000E+00	9.30387E-01
1.00000E-02	2.80899E-01	3.11320E-01
1.00000E-02	5.61798E-01	2.65467E-01
1.00000E-02	8.42697E-01	2.93114E-01
1.00000E-02	1.12360E+00	3.30055E-01
1.00000E-02	1.40449E+00	3.60260E-01
1.00000E-02	1.68539E+00	3.92003E-01
1.00000E-02	1.96629E+00	4.26692E-01
1.00000E-02	2.24719E+00	4.72310E-01
1.00000E-02	2.52809E+00	5.45605E-01
1.00000E-02	2.80899E+00	6.35942E-01
1.00000E-02	3.08989E+00	7.74803E-01
1.00000E-02	3.37079E+00	1.01367E+00
1.00000E-02	3.65169E+00	1.35686E+00
1.00000E-02	3.93258E+00	1.91065E+00
1.00000E-02	4.21348E+00	2.44690E+00
1.00000E-02	4.49438E+00	3.54509E+00
1.00000E-02	4.77528E+00	4.51460E+00
1.00000E-02	5.05618E+00	5.79577E+00
1.00000E-02	5.33708E+00	6.80581E+00
1.00000E-02	5.61798E+00	7.87056E+00
1.00000E-02	5.89888E+00	9.08086E+00
1.00000E-02	6.17978E+00	9.89898E+00
1.00000E-02	6.46067E+00	1.15530E+01
1.00000E-02	6.74157E+00	1.32186E+01
1.00000E-02	7.02247E+00	1.63392E+01
1.00000E-02	7.30337E+00	1.95168E+01
1.00000E-02	7.58427E+00	2.42959E+01
1.00000E-02	7.86517E+00	2.89764E+01
1.00000E-02	8.14607E+00	3.39713E+01
1.00000E-02	8.42697E+00	3.90703E+01
1.00000E-02	8.70787E+00	4.30800E+01
1.00000E-02	8.98876E+00	4.88895E+01
1.00000E-02	9.26966E+00	5.31667E+01
1.00000E-02	9.55056E+00	6.00205E+01
1.00000E-02	9.83146E+00	6.63173E+01
1.00000E-02	1.01124E+01	7.43990E+01
1.00000E-02	1.03933E+01	8.18173E+01
1.00000E-02	1.06742E+01	8.87659E+01
1.00000E-02	1.09551E+01	9.76984E+01
1.00000E-02	1.12360E+01	1.06148E+02
1.00000E-02	1.15169E+01	1.16628E+02
1.00000E-02	1.17978E+01	1.26570E+02
1.00000E-02	1.20787E+01	1.38244E+02
1.00000E-02	1.23596E+01	1.49570E+02
1.00000E-02	1.26404E+01	1.60812E+02
1.00000E-02	1.29213E+01	1.72343E+02
1.00000E-02	1.32022E+01	1.82731E+02
1.00000E-02	1.34831E+01	1.93121E+02
1.00000E-02	1.37640E+01	2.02046E+02
1.00000E-02	1.40449E+01	2.10827E+02
1.00000E-02	1.43258E+01	2.18127E+02
1.00000E-02	1.46067E+01	2.24219E+02
1.00000E-02	1.48876E+01	2.27859E+02
1.00000E-02	1.51685E+01	2.29516E+02
1.00000E-02	1.54494E+01	2.30687E+02
1.00000E-02	1.57303E+01	2.31314E+02
1.00000E-02	1.60112E+01	2.33718E+02
1.00000E-02	1.62921E+01	2.34174E+02
1.00000E-02	1.65730E+01	2.37166E+02
1.00000E-02	1.68539E+01	2.39579E+02
1.00000E-02	1.71348E+01	2.41965E+02
1.00000E-02	1.74157E+01	2.43141E+02
1.00000E-02	1.76966E+01	2.44461E+02
1.00000E-02	1.79775E+01	2.45882E+02
1.00000E-02	1.82584E+01	2.46114E+02
1.00000E-02	1.85393E+01	2.46517E+02
1.00000E-02	1.88202E+01	2.46034E+02
1.00000E-02	1.91011E+01	2.45439E+02
1.00000E-02	1.93820E+01	2.43877E+02
1.00000E-02	1.96629E+01	2.43033E+02
1.00000E-02	1.99438E+01	2.41870E+02
1.00000E-02	2.02247E+01	2.40691E+02
1.00000E-02	2.05056E+01	2.39419E+02
1.00000E-02	2.07865E+01	2.36752E+02
1.00000E-02	2.10674E+01	2.33859E+02
1.00000E-02	2.13483E+01	2.31219E+02
1.00000E-02	2.16292E+01	2.28605E+02
1.00000E-02	2.19101E+01	2.25988E+02
1.00000E-02	2.21910E+01	2.23443E+02
1.00000E-02	2.24719E+01	2.20965E+02
1.00000E-02	2.27528E+01	2.18526E+02
1.00000E-02	2.30337E+01	2.16156E+02
1.00000E-02	2.33146E+01	2.13829E+02
1.00000E-02	2.35955E+01	2.11526E+02
1.00000E-02	2.38764E+01	2.09087E+02
1.00000E-02	2.41573E+01	2.06933E+02
1.00000E-02	2.44382E+01	2.04815E+02
1.00000E-02	2.47191E+01	2.02775E+02
1.00000E-02	2.50000E+01	2.00712E+02
5.00000E-02	0.00000E+00	9.73669E-01
5.00000E-02	2.80899E-01	4.33999E-01
5.00000E-02	5.61798E-01	3.69937E-01
5.00000E-02	8.42697E-01	4.08682E-01
5.00000E-02	1.12360E+00	4.60224E-01
5.00000E-02	1.40449E+00	5.02276E-01
5.00000E-02	1.68539E+00	5.46407E-01
5.00000E-02	1.96629E+00	5.94698E-01
5.00000E-02	2.24719E+00	6.58483E-01
5.00000E-02	2.52809E+00	7.60668E-01
5.00000E-02	2.80899E+00	8.86726E-01
5.00000E-02	3.08989E+00	1.08004E+00
5.00000E-02	3.37079E+00	1.41283E+00
5.00000E-02	3.65169E+00	1.89284E+00
5.00000E-02	3.93258E+00	2.66352E+00
5.00000E-02	4.21348E+00	3.41148E+00
5.00000E-02	4.49438E+00	4.94144E+00
5.00000E-02	4.77528E+00	6.29410E+00
5.00000E-02	5.05618E+00	8.07844E+00
5.00000E-02	5.33708E+00	9.48807E+00
5.00000E-02	5.61798E+00	1.09751E+01
5.00000E-02	5.89888E+00	1.26591E+01
5.00000E-02	6.17978E+00	1.38035E+01
5.00000E-02	6.46067E+00	1.61057E+01
5.00000E-02	6.74157E+00	1.84276E+01
5.00000E-02	7.02247E+00	2.27766E+01
5.00000E-02	7.30337E+00	2.72093E+01
5.00000E-02	7.58427E+00	3.38661E+01
5.00000E-02	7.86517E+00	4.03970E+01
5.00000E-02	8.14607E+00	4.73530E+01
5.00000E-02	8.42697E+00	5.44618E+01
5.00000E-02	8.70787E+00	6.00624E+01
5.00000E-02	8.98876E+00	6.81568E+01
5.00000E-02	9.26966E+00	7.41152E+01
5.00000E-02	9.55056E+00	8.36697E+01
5.00000E-02	9.83146E+00	9.24385E+01
5.00000E-02	1.01124E+01	1.03708E+02
5.00000E-02	1.03933E+01	1.14065E+02
5.00000E-02	1.06742E+01	1.23724E+02
5.00000E-02	1.09551E+01	1.36260E+02
5.00000E-02	1.12360E+01	1.47932E+02
5.00000E-02	1.15169E+01	1.62552E+02
5.00000E-02	1.17978E+01	1.76451E+02
5.00000E-02	1.20787E+01	1.92697E+02
5.00000E-02	1.23596E+01	2.08430E+02
5.00000E-02	1.26404E+01	2.24269E+02
5.00000E-02	1.29213E+01	2.40292E+02
5.00000E-02	1.32022E+01	2.54747E+02
5.00000E-02	1.34831E+01	2.69268E+02
5.00000E-02	1.37640E+01	2.81722E+02
5.00000E-02	1.40449E+01	2.93847E+02
5.00000E-02	1.43258E+01	3.04128E+02
5.00000E-02	1.46067E+01	3.12545E+02
5.00000E-02	1.48876E+01	3.17672E+02
5.00000E-02	1.51685E+01	3.19966E+02
5.00000E-02	1.54494E+01	3.21575E+02
5.00000E-02	1.57303E+01	3.22459E+02
5.00000E-02	1.60112E+01	3.25861E+02
5.00000E-02	1.62921E+01	3.26474E+02
5.00000E-02	1.65730E+01	3.30597E+02
5.00000E-02	1.68539E+01	3.34003E+02
5.00000E-02	1.71348E+01	3.37272E+02
5.00000E-02	1.74157E+01	3.38968E+02
5.00000E-02	1.76966E+01	3.40805E+02
5.00000E-02	1.79775E+01	3.42774E+02
5.00000E-02	1.82584E+01	3.43024E+02
5.00000E-02	1.85393E+01	3.43677E+02
5.00000E-02	1.88202E+01	3.43012E+02
5.00000E-02	1.91011E+01	3.42164E+02
5.00000E-02	1.93820E+01	3.40075E+02
5.00000E-02	1.96629E+01	3.38802E+02
5.00000E-02	1.99438E+01	3.37184E+02
5.00000E-02	2.02247E+01	3.35515E+02
5.00000E-02	2.05056E+01	3.33778E+02
5.00000E-02	2.07865E+01	3.30027E+02
5.00000E-02	2.10674E+01	3.26055E+02
5.00000E-02	2.13483E+01	3.22326E+02
5.00000E-02	2.16292E+01	3.18716E+02
5.00000E-02	2.19101E+01	3.15071E+02
5.00000E-02	2.21910E+01	3.11489E+02
5.00000E-02	2.24719E+01	3.08036E+02
5.00000E-02	2.27528E+01	3.04667E+02
5.00000E-02	2.30337E+01	3.01323E+02
5.00000E-02	2.33146E+01	2.98089E+02
5.00000E-02	2.35955E+01	2.94906E+02
5.00000E-02	2.38764E+01	2.91501E+02
5.00000E-02	2.41573E+01	2.88469E+02
5.00000E-02	2.44382E+01	2.85535E+02
5.00000E-02	2.47191E+01	2.82669E+02
5.00000E-02	2.50000E+01	2.79812E+02
1.00000E-01	0.00000E+00	9.60453E-01
1.00000E-01	2.80899E-01	5.09518E-01
1.00000E-01	5.61798E-01	4.34300E-01
1.00000E-01	8.42697E-01	4.80083E-01
1.00000E-01	1.12360E+00	5.40781E-01
1.00000E-01	1.40449E+00	5.90060E-01
1.00000E-01	1.68539E+00	6.41551E-01
1.00000E-01	1.96629E+00	6.98019E-01
1.00000E-01	2.24719E+00	7.73514E-01
1.00000E-01	2.52809E+00	8.93423E-01
1.00000E-01	2.80899E+00	1.04192E+00
1.00000E-01	3.08989E+00	1.26820E+00
1.00000E-01	3.37079E+00	1.65810E+00
1.00000E-01	3.65169E+00	2.22628E+00
1.00000E-01	3.93258E+00	3.12755E+00
1.00000E-01	4.21348E+00	4.00727E+00
1.00000E-01	4.49438E+00	5.80097E+00
1.00000E-01	4.77528E+00	7.39266E+00
1.00000E-01	5.05618E+00	9.48290E+00
1.00000E-01	5.33708E+00	1.11429E+01
1.00000E-01	5.61798E+00	1.28953E+01
1.00000E-01	5.89888E+00	1.48649E+01
1.00000E-01	6.17978E+00	1.62217E+01
1.00000E-01	6.46067E+00	1.89123E+01
1.00000E-01	6.74157E+00	2.16430E+01
1.00000E-01	7.02247E+00	2.67418E+01
1.00000E-01	7.30337E+00	3.19571E+01
1.00000E-01	7.58427E+00	3.97553E+01
1.00000E-01	7.86517E+00	4.74436E+01
1.00000E-01	8.14607E+00	5.56206E+01
1.00000E-01	8.42697E+00	6.39556E+01
1.00000E-01	8.70787E+00	7.05368E+01
1.00000E-01	8.98876E+00	8.00342E+01
1.00000E-01	9.26966E+00	8.70399E+01
1.00000E-01	9.55056E+00	9.82443E+01
1.00000E-01	9.83146E+00	1.08560E+02
1.00000E-01	1.01124E+01	1.21796E+02
1.00000E-01	1.03933E+01	1.33955E+02
1.00000E-01	1.06742E+01	1.45318E+02
1.00000E-01	1.09551E+01	1.60018E+02
1.00000E-01	1.12360E+01	1.73727E+02
1.00000E-01	1.15169E+01	1.90878E+02
1.00000E-01	1.17978E+01	2.07219E+02
1.00000E-01	1.20787E+01	2.26279E+02
1.00000E-01	1.23596E+01	2.44774E+02
1.00000E-01	1.26404E+01	2.63390E+02
1.00000E-01	1.29213E+01	2.82191E+02
1.00000E-01	1.32022E+01	2.99169E+02
1.00000E-01	1.34831E+01	3.16217E+02
1.00000E-01	1.37640E+01	3.30839E+02
1.00000E-01	1.40449E+01	3.45068E+02
1.00000E-01	1.43258E+01	3.57156E+02
1.00000E-01	1.46067E+01	3.67036E+02
1.00000E-01	1.48876E+01	3.73060E+02
1.00000E-01	1.51685E+01	3.75736E+02
1.00000E-01	1.54494E+01	3.77640E+02
1.00000E-01	1.57303E+01	3.78707E+02
1.00000E-01	1.60112E+01	3.82666E+02
1.00000E-01	1.62921E+01	3.83416E+02
1.00000E-01	1.65730E+01	3.88231E+02
1.00000E-01	1.68539E+01	3.92238E+02
1.00000E-01	1.71348E+01	3.96062E+02
1.00000E-01	1.74157E+01	3.98069E+02
1.00000E-01	1.76966E+01	4.00227E+02
1.00000E-01	1.79775E+01	4.02535E+02
1.00000E-01	1.82584E+01	4.02837E+02
1.00000E-01	1.85393E+01	4.03593E+02
1.00000E-01	1.88202E+01	4.02818E+02
1.00000E-01	1.91011E+01	4.01817E+02
1.00000E-01	1.93820E+01	3.99373E+02
1.00000E-01	1.96629E+01	3.97875E+02
1.00000E-01	1.99438E+01	3.95973E+02
1.00000E-01	2.02247E+01	3.94014E+02
1.00000E-01	2.05056E+01	3.91970E+02
1.00000E-01	2.07865E+01	3.87569E+02
1.00000E-01	2.10674E+01	3.82906E+02
1.00000E-01	2.13483E+01	3.78525E+02
1.00000E-01	2.16292E+01	3.74286E+02
1.00000E-01	2.19101E+01	3.70007E+02
1.00000E-01	2.21910E+01	3.65798E+02
1.00000E-01	2.24719E+01	3.61743E+02
1.00000E-01	2.27528E+01	3.57788E+02
1.00000E-01	2.30337E+01	3.53860E+02
1.00000E-01	2.33146E+01	3.50063E+02
1.00000E-01	2.35955E+01	3.46325E+02
1.00000E-01	2.38764E+01	3.42327E+02
1.00000E-01	2.41573E+01	3.38766E+02
1.00000E-01	2.44382E+01	3.35320E+02
1.00000E-01	2.47191E+01	3.31952E+02
1.00000E-01	2.50000E+01	3.28599E+02
2.00000E-01	0.00000E+00	9.60122E-01
2.00000E-01	2.80899E-01	6.04116E-01
2.00000E-01	5.61798E-01	5.15975E-01
2.00000E-01	8.42697E-01	5.70596E-01
2.00000E-01	1.12360E+00	6.42858E-01
2.00000E-01	1.40449E+00	7.01209E-01
2.00000E-01	1.68539E+00	7.61638E-01
2.00000E-01	1.96629E+00	8.28037E-01
2.00000E-01	2.24719E+00	9.19751E-01
2.00000E-01	2.52809E+00	1.06107E+00
2.00000E-01	2.80899E+00	1.23914E+00
2.00000E-01	3.08989E+00	1.50619E+00
2.00000E-01	3.37079E+00	1.96588E+00
2.00000E-01	3.65169E+00	2.65365E+00
2.00000E-01	3.93258E+00	3.71241E+00
2.00000E-01	4.21348E+00	4.76476E+00
2.00000E-01	4.49438E+00	6.88098E+00
2.00000E-01	4.77528E+00	8.78321E+00
2.00000E-01	5.05618E+00	1.12452E+01
2.00000E-01	5.33708E+00	1.32340E+01
2.00000E-01	5.61798E+00	1.53311E+01
2.00000E-01	5.89888E+00	1.76460E+01
2.00000E-01	6.17978E+00	1.93019E+01
2.00000E-01	6.46067E+00	2.24496E+01
2.00000E-01	6.74157E+00	2.57130E+01
2.00000E-01	7.02247E+00	3.17259E+01
2.00000E-01	7.30337E+00	3.79638E+01
2.00000E-01	7.58427E+00	4.71501E+01
2.00000E-01	7.86517E+00	5.63492E+01
2.00000E-01	8.14607E+00	6.60874E+01
2.00000E-01	8.42697E+00	7.59354E+01
2.00000E-01	8.70787E+00	8.37779E+01
2.00000E-01	8.98876E+00	9.49992E+01
2.00000E-01	9.26966E+00	1.03370E+02
2.00000E-01	9.55056E+00	1.16589E+02
2.00000E-01	9.83146E+00	1.28927E+02
2.00000E-01	1.01124E+01	1.44639E+02
2.00000E-01	1.03933E+01	1.59071E+02
2.00000E-01	1.06742E+01	1.72643E+02
2.00000E-01	1.09551E+01	1.90009E+02
2.00000E-01	1.12360E+01	2.06304E+02
2.00000E-01	1.15169E+01	2.26595E+02
2.00000E-01	1.17978E+01	2.46071E+02
2.00000E-01	1.20787E+01	2.68640E+02
2.00000E-01	1.23596E+01	2.90669E+02
2.00000E-01	1.26404E+01	3.12830E+02
2.00000E-01	1.29213E+01	3.35091E+02
2.00000E-01	1.32022E+01	3.55268E+02
2.00000E-01	1.34831E+01	3.75473E+02
2.00000E-01	1.37640E+01	3.92836E+02
2.00000E-01	1.40449E+01	4.09691E+02
2.00000E-01	1.43258E+01	4.24097E+02
2.00000E-01	1.46067E+01	4.35828E+02
2.00000E-01	1.48876E+01	4.42983E+02
2.00000E-01	1.51685E+01	4.46096E+02
2.00000E-01	1.54494E+01	4.48406E+02
2.00000E-01	1.57303E+01	4.49786E+02
2.00000E-01	1.60112E+01	4.54349E+02
2.00000E-01	1.62921E+01	4.55357E+02
2.00000E-01	1.65730E+01	4.60967E+02
2.00000E-01	1.68539E+01	4.65754E+02
2.00000E-01	1.71348E+01	4.70241E+02
2.00000E-01	1.74157E+01	4.72681E+02
2.00000E-01	1.76966E+01	4.75252E+02
2.00000E-01	1.79775E+01	4.77967E+02
2.00000E-01	1.82584E+01	4.78375E+02
2.00000E-01	1.85393E+01	4.79213E+02
2.00000E-01	1.88202E+01	4.78317E+02
2.00000E-01	1.91011E+01	4.77100E+02
2.00000E-01	1.93820E+01	4.74226E+02
2.00000E-01	1.96629E+01	4.72451E+02
2.00000E-01	1.99438E+01	4.70188E+02
2.00000E-01	2.02247E+01	4.67861E+02
2.00000E-01	2.05056E+01	4.65419E+02
2.00000E-01	2.07865E+01	4.60217E+02
2.00000E-01	2.10674E+01	4.54673E+02
2.00000E-01	2.13483E+01	4.49471E+02
2.00000E-01	2.16292E+01	4.44436E+02
2.00000E-01	2.19101E+01	4.39356E+02
2.00000E-01	2.21910E+01	4.34359E+02
2.00000E-01	2.24719E+01	4.29544E+02
2.00000E-01	2.27528E+01	4.24846E+02
2.00000E-01	2.30337E+01	4.20183E+02
2.00000E-01	2.33146E+01	4.15674E+02
2.00000E-01	2.35955E+01	4.11230E+02
2.00000E-01	2.38764E+01	4.06492E+02
2.00000E-01	2.41573E+01	4.02260E+02
2.00000E-01	2.44382E+01	3.98168E+02
2.00000E-01	2.47191E+01	3.94168E+02
2.00000E-01	2.50000E+01	3.90188E+02
2.50000E-01	0.00000E+00	9.63776E-01
2.50000E-01	2.80899E-01	6.32462E-01
2.50000E-01	5.61798E-01	5.41564E-01
2.50000E-01	8.42697E-01	5.98744E-01
2.50000E-01	1.12360E+00	6.74431E-01
2.50000E-01	1.40449E+00	7.35574E-01
2.50000E-01	1.68539E+00	7.98691E-01
2.50000E-01	1.96629E+00	8.68117E-01
2.50000E-01	2.24719E+00	9.65361E-01
2.50000E-01	2.52809E+00	1.11279E+00
2.50000E-01	2.80899E+00	1.30059E+00
2.50000E-01	3.08989E+00	1.58010E+00
2.50000E-01	3.37079E+00	2.06070E+00
2.50000E-01	3.65169E+00	2.78830E+00
2.50000E-01	3.93258E+00	3.89226E+00
2.50000E-01	4.21348E+00	5.00335E+00
2.50000E-01	4.49438E+00	7.21105E+00
2.50000E-01	4.77528E+00	9.21456E+00
2.50000E-01	5.05618E+00	1.17833E+01
2.50000E-01	5.33708E+00	1.38802E+01
2.50000E-01	5.61798E+00	1.60872E+01
2.50000E-01	5.89888E+00	1.85019E+01
2.50000E-01	6.17978E+00	2.02649E+01
2.50000E-01	6.46067E+00	2.35370E+01
2.50000E-01	6.74157E+00	2.69774E+01
2.50000E-01	7.02247E+00	3.32496E+01
2.50000E-01	7.30337E+00	3.98245E+01
2.50000E-01	7.58427E+00	4.94157E+01
2.50000E-01	7.86517E+00	5.91009E+01
2.50000E-01	8.14607E+00	6.93297E+01
2.50000E-01	8.42697E+00	7.96257E+01
2.50000E-01	8.70787E+00	8.78793E+01
2.50000E-01	8.98876E+00	9.95946E+01
2.50000E-01	9.26966E+00	1.08421E+02
2.50000E-01	9.55056E+00	1.22216E+02
2.50000E-01	9.83146E+00	1.35218E+02
2.50000E-01	1.01124E+01	1.51686E+02
2.50000E-01	1.03933E+01	1.66820E+02
2.50000E-01	1.06742E+01	1.81105E+02
2.50000E-01	1.09551E+01	1.99254E+02
2.50000E-01	1.12360E+01	2.16366E+02
2.50000E-01	1.15169E+01	2.37586E+02
2.50000E-01	1.17978E+01	2.58060E+02
2.50000E-01	1.20787E+01	2.81692E+02
2.50000E-01	1.23596E+01	3.04830E+02
2.50000E-01	1.26404E+01	3.28101E+02
2.50000E-01	1.29213E+01	3.51408E+02
2.50000E-01	1.32022E+01	3.72582E+02
2.50000E-01	1.34831E+01	3.93736E+02
2.50000E-01	1.37640E+01	4.11952E+02
2.50000E-01	1.40449E+01	4.29599E+02
2.50000E-01	1.43258E+01	4.44738E+02
2.50000E-01	1.46067E+01	4.57041E+02
2.50000E-01	1.48876E+01	4.64547E+02
2.50000E-01	1.51685E+01	4.67775E+02
2.50000E-01	1.54494E+01	4.70222E+02
2.50000E-01	1.57303E+01	4.71740E+02
2.50000E-01	1.60112E+01	4.76437E+02
2.50000E-01	1.62921E+01	4.77576E+02
2.50000E-01	1.65730E+01	4.83387E+02
2.50000E-01	1.68539E+01	4.88427E+02
2.50000E-01	1.71348E+01	4.93092E+02
2.50000E-01	1.74157E+01	4.95690E+02
2.50000E-01	1.76966E+01	4.98396E+02
2.50000E-01	1.79775E+01	5.01221E+02
2.50000E-01	1.82584E+01	5.01684E+02
2.50000E-01	1.85393E+01	5.02520E+02
2.50000E-01	1.88202E+01	5.01599E+02
2.50000E-01	1.91011E+01	5.00302E+02
2.50000E-01	1.93820E+01	4.97310E+02
2.50000E-01	1.96629E+01	4.95449E+02
2.50000E-01	1.99438E+01	4.93074E+02
2.50000E-01	2.02247E+01	4.90633E+02
2.50000E-01	2.05056E+01	4.88061E+02
2.50000E-01	2.07865E+01	4.82623E+02
2.50000E-01	2.10674E+01	4.76805E+02
2.50000E-01	2.13483E+01	4.71349E+02
2.50000E-01	2.16292E+01	4.66068E+02
2.50000E-01	2.19101E+01	4.60742E+02
2.50000E-01	2.21910E+01	4.55501E+02
2.50000E-01	2.24719E+01	4.50452E+02
2.50000E-01	2.27528E+01	4.45525E+02
2.50000E-01	2.30337E+01	4.40636E+02
2.50000E-01	2.33146E+01	4.35907E+02
2.50000E-01	2.35955E+01	4.31243E+02
2.50000E-01	2.38764E+01	4.26281E+02
2.50000E-01	2.41573E+01	4.21840E+02
2.50000E-01	2.44382E+01	4.17549E+02
2.50000E-01	2.47191E+01	4.13354E+02
2.50000E-01	2.50000E+01	4.09180E+02
3.00000E-01	0.00000E+00	9.67610E-01
3.00000E-01	2.80899E-01	6.52998E-01
3.00000E-01	5.61798E-01	5.61211E-01
3.00000E-01	8.42697E-01	6.20202E-01
3.00000E-01	1.12360E+00	6.98350E-01
3.00000E-01	1.40449E+00	7.61601E-01
3.00000E-01	1.68539E+00	8.26723E-01
3.00000E-01	1.96629E+00	8.98512E-01
3.00000E-01	2.24719E+00	1.00013E+00
3.00000E-01	2.52809E+00	1.15197E+00
3.00000E-01	2.80899E+00	1.34742E+00
3.00000E-01	3.08989E+00	1.63646E+00
3.00000E-01	3.37079E+00	2.13284E+00
3.00000E-01	3.65169E+00	2.89177E+00
3.00000E-01	3.93258E+00	4.02787E+00
3.00000E-01	4.21348E+00	5.18818E+00
3.00000E-01	4.49438E+00	7.45847E+00
3.00000E-01	4.77528E+00	9.54279E+00
3.00000E-01	5.05618E+00	1.21872E+01
3.00000E-01	5.33708E+00	1.43696E+01
3.00000E-01	5.61798E+00	1.66615E+01
3.00000E-01	5.89888E+00	1.91477E+01
3.00000E-01	6.17978E+00	2.10008E+01
3.00000E-01	6.46067E+00	2.43567E+01
3.00000E-01	6.74157E+00	2.79417E+01
3.00000E-01	7.02247E+00	3.43929E+01
3.00000E-01	7.30337E+00	4.12380E+01
3.00000E-01	7.58427E+00	5.11230E+01
3.00000E-01	7.86517E+00	6.11843E+01
3.00000E-01	8.14607E+00	7.17888E+01
3.00000E-01	8.42697E+00	8.24112E+01
3.00000E-01	8.70787E+00	9.09956E+01
3.00000E-01	8.98876E+00	1.03053E+02
3.00000E-01	9.26966E+00	1.12254E+02
3.00000E-01	9.55056E+00	1.26450E+02
3.00000E-01	9.83146E+00	1.39981E+02
3.00000E-01	1.01124E+01	1.57013E+02
3.00000E-01	1.03933E+01	1.72680E+02
3.00000E-01	1.06742E+01	1.87525E+02
3.00000E-01	1.09551E+01	2.06238E+02
3.00000E-01	1.12360E+01	2.23986E+02
3.00000E-01	1.15169E+01	2.45881E+02
3.00000E-01	1.17978E+01	2.67130E+02
3.00000E-01	1.20787E+01	2.91553E+02
3.00000E-01	1.23596E+01	3.15539E+02
3.00000E-01	1.26404E+01	3.39657E+02
3.00000E-01	1.29213E+01	3.63743E+02
3.00000E-01	1.32022E+01	3.85679E+02
3.00000E-01	1.34831E+01	4.07533E+02
3.00000E-01	1.37640E+01	4.26402E+02
3.00000E-01	1.40449E+01	4.44637E+02
3.00000E-01	1.43258E+01	4.60338E+02
3.00000E-01	1.46067E+01	4.73073E+02
3.00000E-01	1.48876E+01	4.80845E+02
3.00000E-01	1.51685E+01	4.84154E+02
3.00000E-01	1.54494E+01	4.86707E+02
3.00000E-01	1.57303E+01	4.88356E+02
3.00000E-01	1.60112E+01	4.93119E+02
3.00000E-01	1.62921E+01	4.94397E+02
3.00000E-01	1.65730E+01	5.00327E+02
3.00000E-01	1.68539E+01	5.05566E+02
3.00000E-01	1.71348E+01	5.10351E+02
3.00000E-01	1.74157E+01	5.13082E+02
3.00000E-01	1.76966E+01	5.15896E+02
3.00000E-01	1.79775E+01	5.18792E+02
3.00000E-01	1.82584E+01	5.19312E+02
3.00000E-01	1.85393E+01	5.20128E+02
3.00000E-01	1.88202E+01	5.19198E+02
3.00000E-01	1.91011E+01	5.17831E+02
3.00000E-01	1.93820E+01	5.14760E+02
3.00000E-01	1.96629E+01	5.12834E+02
3.00000E-01	1.99438E+01	5.10372E+02
3.00000E-01	2.02247E+01	5.07847E+02
3.00000E-01	2.05056E+01	5.05169E+02
3.00000E-01	2.07865E+01	4.99561E+02
3.00000E-01	2.10674E+01	4.93534E+02
3.00000E-01	2.13483E+01	4.87886E+02
3.00000E-01	2.16292E+01	4.82419E+02
3.00000E-01	2.19101E+01	4.76907E+02
3.00000E-01	2.21910E+01	4.71483E+02
3.00000E-01	2.24719E+01	4.66256E+02
3.00000E-01	2.27528E+01	4.61156E+02
3.00000E-01	2.30337E+01	4.56096E+02
3.00000E-01	2.33146E+01	4.51201E+02
3.00000E-01	2.35955E+01	4.46369E+02
3.00000E-01	2.38764E+01	4.41240E+02
3.00000E-01	2.41573E+01	4.36640E+02
3.00000E-01	2.44382E+01	4.32199E+02
3.00000E-01	2.47191E+01	4.27856E+02
3.00000E-01	2.50000E+01	4.23536E+02
4.00000E-01	0.00000E+00	9.73511E-01
4.00000E-01	2.80899E-01	6.80985E-01
4.00000E-01	5.61798E-01	5.90635E-01
4.00000E-01	8.42697E-01	6.52061E-01
4.00000E-01	1.12360E+00	7.33477E-01
4.00000E-01	1.40449E+00	7.99801E-01
4.00000E-01	1.68539E+00	8.67807E-01
4.00000E-01	1.96629E+00	9.43388E-01
4.00000E-01	2.24719E+00	1.05155E+00
4.00000E-01	2.52809E+00	1.20975E+00
4.00000E-01	2.80899E+00	1.41682E+00
4.00000E-01	3.08989E+00	1.72033E+00
4.00000E-01	3.37079E+00	2.24051E+00
4.00000E-01	3.65169E+00	3.04679E+00
4.00000E-01	3.93258E+00	4.22535E+00
4.00000E-01	4.21348E+00	5.47085E+00
4.00000E-01	4.49438E+00	7.81591E+00
4.00000E-01	4.77528E+00	1.00293E+01
4.00000E-01	5.05618E+00	1.27731E+01
4.00000E-01	5.33708E+00	1.50875E+01
4.00000E-01	5.61798E+00	1.75067E+01
4.00000E-01	5.89888E+00	2.00886E+01
4.00000E-01	6.17978E+00	2.20936E+01
4.00000E-01	6.46067E+00	2.55500E+01
4.00000E-01	6.74157E+00	2.93774E+01
4.00000E-01	7.02247E+00	3.60488E+01
4.00000E-01	7.30337E+00	4.33264E+01
4.00000E-01	7.58427E+00	5.36167E+01
4.00000E-01	7.86517E+00	6.42366E+01
4.00000E-01	8.14607E+00	7.53995E+01
4.00000E-01	8.42697E+00	8.64698E+01
4.00000E-01	8.70787E+00	9.55946E+01
4.00000E-01	8.98876E+00	1.08072E+02
4.00000E-01	9.26966E+00	1.17910E+02
4.00000E-01	9.55056E+00	1.32609E+02
4.00000E-01	9.83146E+00	1.46970E+02
4.00000E-01	1.01124E+01	1.64800E+02
4.00000E-01	1.03933E+01	1.81249E+02
4.00000E-01	1.06742E+01	1.96962E+02
4.00000E-01	1.09551E+01	2.16433E+02
4.00000E-01	1.12360E+01	2.35170E+02
4.00000E-01	1.15169E+01	2.57982E+02
4.00000E-01	1.17978E+01	2.80415E+02
4.00000E-01	1.20787E+01	3.05962E+02
4.00000E-01	1.23596E+01	3.31206E+02
4.00000E-01	1.26404E+01	3.56571E+02
4.00000E-01	1.29213E+01	3.81771E+02
4.00000E-01	1.32022E+01	4.04846E+02
4.00000E-01	1.34831E+01	4.27678E+02
4.00000E-01	1.37640E+01	4.47528E+02
4.00000E-01	1.40449E+01	4.66597E+02
4.00000E-01	1.43258E+01	4.83128E+02
4.00000E-01	1.46067E+01	4.96495E+02
4.00000E-01	1.48876E+01	5.04659E+02
4.00000E-01	1.51685E+01	5.08083E+02
4.00000E-01	1.54494E+01	5.10792E+02
4.00000E-01	1.57303E+01	5.12683E+02
4.00000E-01	1.60112E+01	5.17466E+02
4.00000E-01	1.62921E+01	5.19042E+02
4.00000E-01	1.65730E+01	5.25077E+02
4.00000E-01	1.68539E+01	5.30623E+02
4.00000E-01	1.71348E+01	5.35548E+02
4.00000E-01	1.74157E+01	5.38504E+02
4.00000E-01	1.76966E+01	5.41488E+02
4.00000E-01	1.79775E+01	5.44458E+02
4.00000E-01	1.82584E+01	5.45097E+02
4.00000E-01	1.85393E+01	5.45845E+02
4.00000E-01	1.88202E+01	5.44922E+02
4.00000E-01	1.91011E+01	5.43429E+02
4.00000E-01	1.93820E+01	5.40273E+02
4.00000E-01	1.96629E+01	5.38244E+02
4.00000E-01	1.99438E+01	5.35655E+02
4.00000E-01	2.02247E+01	5.33007E+02
4.00000E-01	2.05056E+01	5.30156E+02
4.00000E-01	2.07865E+01	5.24322E+02
4.00000E-01	2.10674E+01	5.17987E+02
4.00000E-01	2.13483E+01	5.12059E+02
4.00000E-01	2.16292E+01	5.06317E+02
4.00000E-01	2.19101E+01	5.00535E+02
4.00000E-01	2.21910E+01	4.94843E+02
4.00000E-01	2.24719E+01	4.89357E+02
4.00000E-01	2.27528E+01	4.84002E+02
4.00000E-01	2.30337E+01	4.78693E+02
4.00000E-01	2.33146E+01	4.73555E+02
4.00000E-01	2.35955E+01	4.68473E+02
4.00000E-01	2.38764E+01	4.63108E+02
4.00000E-01	2.41573E+01	4.58274E+02
4.00000E-01	2.44382E+01	4.53612E+02
4.00000E-01	2.47191E+01	4.49052E+02
4.00000E-01	2.50000E+01	4.44520E+02
5.00000E-01	0.00000E+00	9.75892E-01
5.00000E-01	2.80899E-01	7.02637E-01
5.00000E-01	5.61798E-01	6.14536E-01
5.00000E-01	8.42697E-01	6.77825E-01
5.00000E-01	1.12360E+00	7.61511E-01
5.00000E-01	1.40449E+00	8.30275E-01
5.00000E-01	1.68539E+00	9.00567E-01
5.00000E-01	1.96629E+00	9.79580E-01
5.00000E-01	2.24719E+00	1.09281E+00
5.00000E-01	2.52809E+00	1.25636E+00
5.00000E-01	2.80899E+00	1.47276E+00
5.00000E-01	3.08989E+00	1.78878E+00
5.00000E-01	3.37079E+00	2.32923E+00
5.00000E-01	3.65169E+00	3.17314E+00
5.00000E-01	3.93258E+00	4.38181E+00
5.00000E-01	4.21348E+00	5.70786E+00
5.00000E-01	4.49438E+00	8.09744E+00
5.00000E-01	4.77528E+00	1.04229E+01
5.00000E-01	5.05618E+00	1.32360E+01
5.00000E-01	5.33708E+00	1.56591E+01
5.00000E-01	5.61798E+00	1.81803E+01
5.00000E-01	5.89888E+00	2.08311E+01
5.00000E-01	6.17978E+00	2.29733E+01
5.00000E-01	6.46067E+00	2.64939E+01
5.00000E-01	6.74157E+00	3.05452E+01
5.00000E-01	7.02247E+00	3.73577E+01
5.00000E-01	7.30337E+00	4.50100E+01
5.00000E-01	7.58427E+00	5.56026E+01
5.00000E-01	7.86517E+00	6.66619E+01
5.00000E-01	8.14607E+00	7.82698E+01
5.00000E-01	8.42697E+00	8.96703E+01
5.00000E-01	8.70787E+00	9.92818E+01
5.00000E-01	8.98876E+00	1.12017E+02
5.00000E-01	9.26966E+00	1.22449E+02
5.00000E-01	9.55056E+00	1.37479E+02
5.00000E-01	9.83146E+00	1.52539E+02
5.00000E-01	1.01124E+01	1.70966E+02
5.00000E-01	1.03933E+01	1.88038E+02
5.00000E-01	1.06742E+01	2.04479E+02
5.00000E-01	1.09551E+01	2.24500E+02
5.00000E-01	1.12360E+01	2.44080E+02
5.00000E-01	1.15169E+01	2.67564E+02
5.00000E-01	1.17978E+01	2.90975E+02
5.00000E-01	1.20787E+01	3.17385E+02
5.00000E-01	1.23596E+01	3.43630E+02
5.00000E-01	1.26404E+01	3.69980E+02
5.00000E-01	1.29213E+01	3.96045E+02
5.00000E-01	1.32022E+01	4.20047E+02
5.00000E-01	1.34831E+01	4.43617E+02
5.00000E-01	1.37640E+01	4.64273E+02
5.00000E-01	1.40449E+01	4.83980E+02
5.00000E-01	1.43258E+01	5.01166E+02
5.00000E-01	1.46067E+01	5.15025E+02
5.00000E-01	1.48876E+01	5.23504E+02
5.00000E-01	1.51685E+01	5.27037E+02
5.00000E-01	1.54494E+01	5.29861E+02
5.00000E-01	1.57303E+01	5.31982E+02
5.00000E-01	1.60112E+01	5.36716E+02
5.00000E-01	1.62921E+01	5.38614E+02
5.00000E-01	1.65730E+01	5.44677E+02
5.00000E-01	1.68539E+01	5.50476E+02
5.00000E-01	1.71348E+01	5.55488E+02
5.00000E-01	1.74157E+01	5.58644E+02
5.00000E-01	1.76966E+01	5.61769E+02
5.00000E-01	1.79775E+01	5.64771E+02
5.00000E-01	1.82584E+01	5.65533E+02
5.00000E-01	1.85393E+01	5.66197E+02
5.00000E-01	1.88202E+01	5.65299E+02
5.00000E-01	1.91011E+01	5.63688E+02
5.00000E-01	1.93820E+01	5.60493E+02
5.00000E-01	1.96629E+01	5.58369E+02
5.00000E-01	1.99438E+01	5.55681E+02
5.00000E-01	2.02247E+01	5.52936E+02
5.00000E-01	2.05056E+01	5.49927E+02
5.00000E-01	2.07865E+01	5.43936E+02
5.00000E-01	2.10674E+01	5.37358E+02
5.00000E-01	2.13483E+01	5.31207E+02
5.00000E-01	2.16292E+01	5.25246E+02
5.00000E-01	2.19101E+01	5.19252E+02
5.00000E-01	2.21910E+01	5.13348E+02
5.00000E-01	2.24719E+01	5.07656E+02
5.00000E-01	2.27528E+01	5.02099E+02
5.00000E-01	2.30337E+01	4.96594E+02
5.00000E-01	2.33146E+01	4.91263E+02
5.00000E-01	2.35955E+01	4.85979E+02
5.00000E-01	2.38764E+01	4.80434E+02
5.00000E-01	2.41573E+01	4.75411E+02
5.00000E-01	2.44382E+01	4.70574E+02
5.00000E-01	2.47191E+01	4.65842E+02
5.00000E-01	2.50000E+01	4.61143E+02
6.00000E-01	0.00000E+00	9.75238E-01
6.00000E-01	2.80899E-01	7.23415E-01
6.00000E-01	5.61798E-01	6.37064E-01
6.00000E-01	8.42697E-01	7.02090E-01
6.00000E-01	1.12360E+00	7.87707E-01
6.00000E-01	1.40449E+00	8.58771E-01
6.00000E-01	1.68539E+00	9.31252E-01
6.00000E-01	1.96629E+00	1.01373E+00
6.00000E-01	2.24719E+00	1.13147E+00
6.00000E-01	2.52809E+00	1.30041E+00
6.00000E-01	2.80899E+00	1.52546E+00
6.00000E-01	3.08989E+00	1.85417E+00
6.00000E-01	3.37079E+00	2.41475E+00
6.00000E-01	3.65169E+00	3.29282E+00
6.00000E-01	3.93258E+00	4.52862E+00
6.00000E-01	4.21348E+00	5.93590E+00
6.00000E-01	4.49438E+00	8.36129E+00
6.00000E-01	4.77528E+00	1.07943E+01
6.00000E-01	5.05618E+00	1.36681E+01
6.00000E-01	5.33708E+00	1.61924E+01
6.00000E-01	5.61798E+00	1.88069E+01
6.00000E-01	5.89888E+00	2.15195E+01
6.00000E-01	6.17978E+00	2.37965E+01
6.00000E-01	6.46067E+00	2.73749E+01
6.00000E-01	6.74157E+00	3.16503E+01
6.00000E-01	7.02247E+00	3.85856E+01
6.00000E-01	7.30337E+00	4.65973E+01
6.00000E-01	7.58427E+00	5.74632E+01
6.00000E-01	7.86517E+00	6.89205E+01
6.00000E-01	8.14607E+00	8.09363E+01
6.00000E-01	8.42697E+00	9.26353E+01
6.00000E-01	8.70787E+00	1.02730E+02
6.00000E-01	8.98876E+00	1.15672E+02
6.00000E-01	9.26966E+00	1.26703E+02
6.00000E-01	9.55056E+00	1.42019E+02
6.00000E-01	9.83146E+00	1.57738E+02
6.00000E-01	1.01124E+01	1.76690E+02
6.00000E-01	1.03933E+01	1.94343E+02
6.00000E-01	1.06742E+01	2.11479E+02
6.00000E-01	1.09551E+01	2.31993E+02
6.00000E-01	1.12360E+01	2.52388E+02
6.00000E-01	1.15169E+01	2.76478E+02
6.00000E-01	1.17978E+01	3.00812E+02
6.00000E-01	1.20787E+01	3.28008E+02
6.00000E-01	1.23596E+01	3.55175E+02
6.00000E-01	1.26404E+01	3.82430E+02
6.00000E-01	1.29213E+01	4.09293E+02
6.00000E-01	1.32022E+01	4.34167E+02
6.00000E-01	1.34831E+01	4.58410E+02
6.00000E-01	1.37640E+01	4.79830E+02
6.00000E-01	1.40449E+01	5.00123E+02
6.00000E-01	1.43258E+01	5.17903E+02
6.00000E-01	1.46067E+01	5.32206E+02
6.00000E-01	1.48876E+01	5.40980E+02
6.00000E-01	1.51685E+01	5.44643E+02
6.00000E-01	1.54494E+01	5.47566E+02
6.00000E-01	1.57303E+01	5.49910E+02
6.00000E-01	1.60112E+01	5.54576E+02
6.00000E-01	1.62921E+01	5.56810E+02
6.00000E-01	1.65730E+01	5.62881E+02
6.00000E-01	1.68539E+01	5.68912E+02
6.00000E-01	1.71348E+01	5.74003E+02
6.00000E-01	1.74157E+01	5.77348E+02
6.00000E-01	1.76966E+01	5.80602E+02
6.00000E-01	1.79775E+01	5.83620E+02
6.00000E-01	1.82584E+01	5.84507E+02
6.00000E-01	1.85393E+01	5.85090E+02
6.00000E-01	1.88202E+01	5.84218E+02
6.00000E-01	1.91011E+01	5.82494E+02
6.00000E-01	1.93820E+01	5.79278E+02
6.00000E-01	1.96629E+01	5.77054E+02
6.00000E-01	1.99438E+01	5.74277E+02
6.00000E-01	2.02247E+01	5.71442E+02
6.00000E-01	2.05056E+01	5.68272E+02
6.00000E-01	2.07865E+01	5.62145E+02
6.00000E-01	2.10674E+01	5.55348E+02
6.00000E-01	2.13483E+01	5.48988E+02
6.00000E-01	2.16292E+01	5.42823E+02
6.00000E-01	2.19101E+01	5.36632E+02
6.00000E-01	2.21910E+01	5.30533E+02
6.00000E-01	2.24719E+01	5.24649E+02
6.00000E-01	2.27528E+01	5.18903E+02
6.00000E-01	2.30337E+01	5.13218E+02
6.00000E-01	2.33146E+01	5.07707E+02
6.00000E-01	2.35955E+01	5.02233E+02
6.00000E-01	2.38764E+01	4.96526E+02
6.00000E-01	2.41573E+01	4.91325E+02
6.00000E-01	2.44382E+01	4.86326E+02
6.00000E-01	2.47191E+01	4.81433E+02
6.00000E-01	2.50000E+01	4.76579E+02
7.00000E-01	0.00000E+00	9.72703E-01
7.00000E-01	2.80899E-01	7.43604E-01
7.00000E-01	5.61798E-01	6.59661E-01
7.00000E-01	8.42697E-01	7.26193E-01
7.00000E-01	1.12360E+00	8.13618E-01
7.00000E-01	1.40449E+00	8.86997E-01
7.00000E-01	1.68539E+00	9.61729E-01
7.00000E-01	1.96629E+00	1.04776E+00
7.00000E-01	2.24719E+00	1.16987E+00
7.00000E-01	2.52809E+00	1.34443E+00
7.00000E-01	2.80899E+00	1.57808E+00
7.00000E-01	3.08989E+00	1.92027E+00
7.00000E-01	3.37079E+00	2.50164E+00
7.00000E-01	3.65169E+00	3.41258E+00
7.00000E-01	3.93258E+00	4.67590E+00
7.00000E-01	4.21348E+00	6.16516E+00
7.00000E-01	4.49438E+00	8.62548E+00
7.00000E-01	4.77528E+00	1.11637E+01
7.00000E-01	5.05618E+00	1.40967E+01
7.00000E-01	5.33708E+00	1.67194E+01
7.00000E-01	5.61798E+00	1.94240E+01
7.00000E-01	5.89888E+00	2.21974E+01
7.00000E-01	6.17978E+00	2.46096E+01
7.00000E-01	6.46067E+00	2.82507E+01
7.00000E-01	6.74157E+00	3.27514E+01
7.00000E-01	7.02247E+00	3.98130E+01
7.00000E-01	7.30337E+00	4.81778E+01
7.00000E-01	7.58427E+00	5.93108E+01
7.00000E-01	7.86517E+00	7.11506E+01
7.00000E-01	8.14607E+00	8.35584E+01
7.00000E-01	8.42697E+00	9.55527E+01
7.00000E-01	8.70787E+00	1.06134E+02
7.00000E-01	8.98876E+00	1.19276E+02
7.00000E-01	9.26966E+00	1.30912E+02
7.00000E-01	9.55056E+00	1.46513E+02
7.00000E-01	9.83146E+00	1.62876E+02
7.00000E-01	1.01124E+01	1.82323E+02
7.00000E-01	1.03933E+01	2.00551E+02
7.00000E-01	1.06742E+01	2.18377E+02
7.00000E-01	1.09551E+01	2.39378E+02
7.00000E-01	1.12360E+01	2.60585E+02
7.00000E-01	1.15169E+01	2.85275E+02
7.00000E-01	1.17978E+01	3.10516E+02
7.00000E-01	1.20787E+01	3.38479E+02
7.00000E-01	1.23596E+01	3.66544E+02
7.00000E-01	1.26404E+01	3.94679E+02
7.00000E-01	1.29213E+01	4.22327E+02
7.00000E-01	1.32022E+01	4.48060E+02
7.00000E-01	1.34831E+01	4.72968E+02
7.00000E-01	1.37640E+01	4.95141E+02
7.00000E-01	1.40449E+01	5.16012E+02
7.00000E-01	1.43258E+01	5.34361E+02
7.00000E-01	1.46067E+01	5.49088E+02
7.00000E-01	1.48876E+01	5.58153E+02
7.00000E-01	1.51685E+01	5.61975E+02
7.00000E-01	1.54494E+01	5.64992E+02
7.00000E-01	1.57303E+01	5.67550E+02
7.00000E-01	1.60112E+01	5.72149E+02
7.00000E-01	1.62921E+01	5.74721E+02
7.00000E-01	1.65730E+01	5.80802E+02
7.00000E-01	1.68539E+01	5.87052E+02
7.00000E-01	1.71348E+01	5.92228E+02
7.00000E-01	1.74157E+01	5.95756E+02
7.00000E-01	1.76966E+01	5.99132E+02
7.00000E-01	1.79775E+01	6.02164E+02
7.00000E-01	1.82584E+01	6.03171E+02
7.00000E-01	1.85393E+01	6.03680E+02
7.00000E-01	1.88202E+01	6.02832E+02
7.00000E-01	1.91011E+01	6.01002E+02
7.00000E-01	1.93820E+01	5.97769E+02
7.00000E-01	1.96629E+01	5.95439E+02
7.00000E-01	1.99438E+01	5.92578E+02
7.00000E-01	2.02247E+01	5.89651E+02
7.00000E-01	2.05056E+01	5.86312E+02
7.00000E-01	2.07865E+01	5.80059E+02
7.00000E-01	2.10674E+01	5.73053E+02
7.00000E-01	2.13483E+01	5.66488E+02
7.00000E-01	2.16292E+01	5.60121E+02
7.00000E-01	2.19101E+01	5.53736E+02
7.00000E-01	2.21910E+01	5.47445E+02
7.00000E-01	2.24719E+01	5.41371E+02
7.00000E-01	2.27528E+01	5.35441E+02
7.00000E-01	2.30337E+01	5.29577E+02
7.00000E-01	2.33146E+01	5.23889E+02
7.00000E-01	2.35955E+01	5.18229E+02
7.00000E-01	2.38764E+01	5.12363E+02
7.00000E-01	2.41573E+01	5.06987E+02
7.00000E-01	2.44382E+01	5.01827E+02
7.00000E-01	2.47191E+01	4.96777E+02
7.00000E-01	2.50000E+01	4.91771E+02
8.00000E-01	0.00000E+00	9.69329E-01
8.00000E-01	2.80899E-01	7.62257E-01
8.00000E-01	5.61798E-01	6.82792E-01
8.00000E-01	8.42697E-01	7.50277E-01
8.00000E-01	1.12360E+00	8.39413E-01
8.00000E-01	1.40449E+00	9.15147E-01
8.00000E-01	1.68539E+00	9.92220E-01
8.00000E-01	1.96629E+00	1.08187E+00
8.00000E-01	2.24719E+00	1.20835E+00
8.00000E-01	2.52809E+00	1.38871E+00
8.00000E-01	2.80899E+00	1.63109E+00
8.00000E-01	3.08989E+00	1.98758E+00
8.00000E-01	3.37079E+00	2.59039E+00
8.00000E-01	3.65169E+00	3.53336E+00
8.00000E-01	3.93258E+00	4.82565E+00
8.00000E-01	4.21348E+00	6.39615E+00
8.00000E-01	4.49438E+00	8.89274E+00
8.00000E-01	4.77528E+00	1.15327E+01
8.00000E-01	5.05618E+00	1.45247E+01
8.00000E-01	5.33708E+00	1.72438E+01
8.00000E-01	5.61798E+00	2.00358E+01
8.00000E-01	5.89888E+00	2.28711E+01
8.00000E-01	6.17978E+00	2.54180E+01
8.00000E-01	6.46067E+00	2.91297E+01
8.00000E-01	6.74157E+00	3.38534E+01
8.00000E-01	7.02247E+00	4.10504E+01
8.00000E-01	7.30337E+00	4.97598E+01
8.00000E-01	7.58427E+00	6.11575E+01
8.00000E-01	7.86517E+00	7.33691E+01
8.00000E-01	8.14607E+00	8.61549E+01
8.00000E-01	8.42697E+00	9.84476E+01
8.00000E-01	8.70787E+00	1.09514E+02
8.00000E-01	8.98876E+00	1.22862E+02
8.00000E-01	9.26966E+00	1.35095E+02
8.00000E-01	9.55056E+00	1.50996E+02
8.00000E-01	9.83146E+00	1.67986E+02
8.00000E-01	1.01124E+01	1.87909E+02
8.00000E-01	1.03933E+01	2.06708E+02
8.00000E-01	1.06742E+01	2.25219E+02
8.00000E-01	1.09551E+01	2.46714E+02
8.00000E-01	1.12360E+01	2.68724E+02
8.00000E-01	1.15169E+01	2.94018E+02
8.00000E-01	1.17978E+01	3.20151E+02
8.00000E-01	1.20787E+01	3.48871E+02
8.00000E-01	1.23596E+01	3.77817E+02
8.00000E-01	1.26404E+01	4.06815E+02
8.00000E-01	1.29213E+01	4.35243E+02
8.00000E-01	1.32022E+01	4.61823E+02
8.00000E-01	1.34831E+01	4.87393E+02
8.00000E-01	1.37640E+01	5.10313E+02
8.00000E-01	1.40449E+01	5.31757E+02
8.00000E-01	1.43258E+01	5.50657E+02
8.00000E-01	1.46067E+01	5.65791E+02
8.00000E-01	1.48876E+01	5.75143E+02
8.00000E-01	1.51685E+01	5.79151E+02
8.00000E-01	1.54494E+01	5.82263E+02
8.00000E-01	1.57303E+01	5.85024E+02
8.00000E-01	1.60112E+01	5.89567E+02
8.00000E-01	1.62921E+01	5.92469E+02
8.00000E-01	1.65730E+01	5.98570E+02
8.00000E-01	1.68539E+01	6.05021E+02
8.00000E-01	1.71348E+01	6.10291E+02
8.00000E-01	1.74157E+01	6.13996E+02
8.00000E-01	1.76966E+01	6.17488E+02
8.00000E-01	1.79775E+01	6.20534E+02
8.00000E-01	1.82584E+01	6.21655E+02
8.00000E-01	1.85393E+01	6.22103E+02
8.00000E-01	1.88202E+01	6.21270E+02
8.00000E-01	1.91011E+01	6.19340E+02
8.00000E-01	1.93820E+01	6.16094E+02
8.00000E-01	1.96629E+01	6.13653E+02
8.00000E-01	1.99438E+01	6.10712E+02
8.00000E-01	2.02247E+01	6.07692E+02
8.00000E-01	2.05056E+01	6.04177E+02
8.00000E-01	2.07865E+01	5.97802E+02
8.00000E-01	2.10674E+01	5.90598E+02
8.00000E-01	2.13483E+01	5.83828E+02
8.00000E-01	2.16292E+01	5.77260E+02
8.00000E-01	2.19101E+01	5.70683E+02
8.00000E-01	2.21910E+01	5.64203E+02
8.00000E-01	2.24719E+01	5.57942E+02
8.00000E-01	2.27528E+01	5.51827E+02
8.00000E-01	2.30337E+01	5.45788E+02
8.00000E-01	2.33146E+01	5.39923E+02
8.00000E-01	2.35955E+01	5.34078E+02
8.00000E-01	2.38764E+01	5.28057E+02
8.00000E-01	2.41573E+01	5.22507E+02
8.00000E-01	2.44382E+01	5.17187E+02
8.00000E-01	2.47191E+01	5.11980E+02
8.00000E-01	2.50000E+01	5.06823E+02
9.00000E-01	0.00000E+00	9.65844E-01
9.00000E-01	2.80899E-01	7.78955E-01
9.00000E-01	5.61798E-01	7.06533E-01
9.00000E-01	8.42697E-01	7.74150E-01
9.00000E-01	1.12360E+00	8.64832E-01
9.00000E-01	1.40449E+00	9.42941E-01
9.00000E-01	1.68539E+00	1.02243E+00
9.00000E-01	1.96629E+00	1.11573E+00
9.00000E-01	2.24719E+00	1.24662E+00
9.00000E-01	2.52809E+00	1.43284E+00
9.00000E-01	2.80899E+00	1.68415E+00
9.00000E-01	3.08989E+00	2.05557E+00
9.00000E-01	3.37079E+00	2.68022E+00
9.00000E-01	3.65169E+00	3.65429E+00
9.00000E-01	3.93258E+00	4.97710E+00
9.00000E-01	4.21348E+00	6.62655E+00
9.00000E-01	4.49438E+00	9.16086E+00
9.00000E-01	4.77528E+00	1.18972E+01
9.00000E-01	5.05618E+00	1.49480E+01
9.00000E-01	5.33708E+00	1.77604E+01
9.00000E-01	5.61798E+00	2.06365E+01
9.00000E-01	5.89888E+00	2.35345E+01
9.00000E-01	6.17978E+00	2.62142E+01
9.00000E-01	6.46067E+00	3.00049E+01
9.00000E-01	6.74157E+00	3.49447E+01
9.00000E-01	7.02247E+00	4.22862E+01
9.00000E-01	7.30337E+00	5.13268E+01
9.00000E-01	7.58427E+00	6.29847E+01
9.00000E-01	7.86517E+00	7.55546E+01
9.00000E-01	8.14607E+00	8.87007E+01
9.00000E-01	8.42697E+00	1.01293E+02
9.00000E-01	8.70787E+00	1.12833E+02
9.00000E-01	8.98876E+00	1.26396E+02
9.00000E-01	9.26966E+00	1.39209E+02
9.00000E-01	9.55056E+00	1.55421E+02
9.00000E-01	9.83146E+00	1.73015E+02
9.00000E-01	1.01124E+01	1.93392E+02
9.00000E-01	1.03933E+01	2.12755E+02
9.00000E-01	1.06742E+01	2.31938E+02
9.00000E-01	1.09551E+01	2.53929E+02
9.00000E-01	1.12360E+01	2.76722E+02
9.00000E-01	1.15169E+01	3.02621E+02
9.00000E-01	1.17978E+01	3.29617E+02
9.00000E-01	1.20787E+01	3.59080E+02
9.00000E-01	1.23596E+01	3.88881E+02
9.00000E-01	1.26404E+01	4.18717E+02
9.00000E-01	1.29213E+01	4.47911E+02
9.00000E-01	1.32022E+01	4.75317E+02
9.00000E-01	1.34831E+01	5.01542E+02
9.00000E-01	1.37640E+01	5.25188E+02
9.00000E-01	1.40449E+01	5.47198E+02
9.00000E-01	1.43258E+01	5.66624E+02
9.00000E-01	1.46067E+01	5.82144E+02
9.00000E-01	1.48876E+01	5.91778E+02
9.00000E-01	1.51685E+01	5.95995E+02
9.00000E-01	1.54494E+01	5.99204E+02
9.00000E-01	1.57303E+01	6.02157E+02
9.00000E-01	1.60112E+01	6.06656E+02
9.00000E-01	1.62921E+01	6.09872E+02
9.00000E-01	1.65730E+01	6.16005E+02
9.00000E-01	1.68539E+01	6.22635E+02
9.00000E-01	1.71348E+01	6.28008E+02
9.00000E-01	1.74157E+01	6.31883E+02
9.00000E-01	1.76966E+01	6.35482E+02
9.00000E-01	1.79775E+01	6.38545E+02
9.00000E-01	1.82584E+01	6.39771E+02
9.00000E-01	1.85393E+01	6.40169E+02
9.00000E-01	1.88202E+01	6.39344E+02
9.00000E-01	1.91011E+01	6.37325E+02
9.00000E-01	1.93820E+01	6.34066E+02
9.00000E-01	1.96629E+01	6.31513E+02
9.00000E-01	1.99438E+01	6.28494E+02
9.00000E-01	2.02247E+01	6.25379E+02
9.00000E-01	2.05056E+01	6.21686E+02
9.00000E-01	2.07865E+01	6.15194E+02
9.00000E-01	2.10674E+01	6.07805E+02
9.00000E-01	2.13483E+01	6.00832E+02
9.00000E-01	2.16292E+01	5.94067E+02
9.00000E-01	2.19101E+01	5.87303E+02
9.00000E-01	2.21910E+01	5.80637E+02
9.00000E-01	2.24719E+01	5.74192E+02
9.00000E-01	2.27528E+01	5.67897E+02
9.00000E-01	2.30337E+01	5.61685E+02
9.00000E-01	2.33146E+01	5.55646E+02
9.00000E-01	2.35955E+01	5.49621E+02
9.00000E-01	2.38764E+01	5.43448E+02
9.00000E-01	2.41573E+01	5.37728E+02
9.00000E-01	2.44382E+01	5.32250E+02
9.00000E-01	2.47191E+01	5.26890E+02
9.00000E-01	2.50000E+01	5.21585E+02
1.00000E+00	0.00000E+00	9.62691E-01
1.00000E+00	2.80899E-01	7.93951E-01
1.00000E+00	5.61798E-01	7.30729E-01
1.00000E+00	8.42697E-01	7.97599E-01
1.00000E+00	1.12360E+00	8.89547E-01
1.00000E+00	1.40449E+00	9.70008E-01
1.00000E+00	1.68539E+00	1.05197E+00
1.00000E+00	1.96629E+00	1.14891E+00
1.00000E+00	2.24719E+00	1.28422E+00
1.00000E+00	2.52809E+00	1.47631E+00
1.00000E+00	2.80899E+00	1.73672E+00
1.00000E+00	3.08989E+00	2.12352E+00
1.00000E+00	3.37079E+00	2.77012E+00
1.00000E+00	3.65169E+00	3.77413E+00
1.00000E+00	3.93258E+00	5.12877E+00
1.00000E+00	4.21348E+00	6.85362E+00
1.00000E+00	4.49438E+00	9.42648E+00
1.00000E+00	4.77528E+00	1.22525E+01
1.00000E+00	5.05618E+00	1.53606E+01
1.00000E+00	5.33708E+00	1.82625E+01
1.00000E+00	5.61798E+00	2.12185E+01
1.00000E+00	5.89888E+00	2.41795E+01
1.00000E+00	6.17978E+00	2.69884E+01
1.00000E+00	6.46067E+00	3.08653E+01
1.00000E+00	6.74157E+00	3.60115E+01
1.00000E+00	7.02247E+00	4.35040E+01
1.00000E+00	7.30337E+00	5.28579E+01
1.00000E+00	7.58427E+00	6.47678E+01
1.00000E+00	7.86517E+00	7.76784E+01
1.00000E+00	8.14607E+00	9.11626E+01
1.00000E+00	8.42697E+00	1.04053E+02
1.00000E+00	8.70787E+00	1.16046E+02
1.00000E+00	8.98876E+00	1.29832E+02
1.00000E+00	9.26966E+00	1.43197E+02
1.00000E+00	9.55056E+00	1.59729E+02
1.00000E+00	9.83146E+00	1.77894E+02
1.00000E+00	1.01124E+01	1.98700E+02
1.00000E+00	1.03933E+01	2.18612E+02
1.00000E+00	1.06742E+01	2.38445E+02
1.00000E+00	1.09551E+01	2.60929E+02
1.00000E+00	1.12360E+01	2.84469E+02
1.00000E+00	1.15169E+01	3.10966E+02
1.00000E+00	1.17978E+01	3.38787E+02
1.00000E+00	1.20787E+01	3.68968E+02
1.00000E+00	1.23596E+01	3.99588E+02
1.00000E+00	1.26404E+01	4.30225E+02
1.00000E+00	1.29213E+01	4.60161E+02
1.00000E+00	1.32022E+01	4.88356E+02
1.00000E+00	1.34831E+01	5.15221E+02
1.00000E+00	1.37640E+01	5.39563E+02
1.00000E+00	1.40449E+01	5.62120E+02
1.00000E+00	1.43258E+01	5.82042E+02
1.00000E+00	1.46067E+01	5.97923E+02
1.00000E+00	1.48876E+01	6.07831E+02
1.00000E+00	1.51685E+01	6.12274E+02
1.00000E+00	1.54494E+01	6.15585E+02
1.00000E+00	1.57303E+01	6.18715E+02
1.00000E+00	1.60112E+01	6.23187E+02
1.00000E+00	1.62921E+01	6.26695E+02
1.00000E+00	1.65730E+01	6.32869E+02
1.00000E+00	1.68539E+01	6.39655E+02
1.00000E+00	1.71348E+01	6.45136E+02
1.00000E+00	1.74157E+01	6.49172E+02
1.00000E+00	1.76966E+01	6.52870E+02
1.00000E+00	1.79775E+01	6.55952E+02
1.00000E+00	1.82584E+01	6.57271E+02
1.00000E+00	1.85393E+01	6.57632E+02
1.00000E+00	1.88202E+01	6.56807E+02
1.00000E+00	1.91011E+01	6.54709E+02
1.00000E+00	1.93820E+01	6.51439E+02
1.00000E+00	1.96629E+01	6.48775E+02
1.00000E+00	1.99438E+01	6.45682E+02
1.00000E+00	2.02247E+01	6.42472E+02
1.00000E+00	2.05056E+01	6.38599E+02
1.00000E+00	2.07865E+01	6.31997E+02
1.00000E+00	2.10674E+01	6.24438E+02
1.00000E+00	2.13483E+01	6.17270E+02
1.00000E+00	2.16292E+01	6.10313E+02
1.00000E+00	2.19101E+01	6.03368E+02
1.00000E+00	2.21910E+01	5.96523E+02
1.00000E+00	2.24719E+01	5.89900E+02
1.00000E+00	2.27528E+01	5.83430E+02
1.00000E+00	2.30337E+01	5.77052E+02
1.00000E+00	2.33146E+01	5.70843E+02
1.00000E+00	2.35955E+01	5.64645E+02
1.00000E+00	2.38764E+01	5.58326E+02
1.00000E+00	2.41573E+01	5.52442E+02
1.00000E+00	2.44382E+01	5.46811E+02
1.00000E+00	2.47191E+01	5.41301E+02
1.00000E+00	2.50000E+01	5.35855E+02
1.50000E+00	0.00000E+00	9.56506E-01
1.50000E+00	2.80899E-01	8.58302E-01
1.50000E+00	5.61798E-01	8.45805E-01
1.50000E+00	8.42697E-01	9.04971E-01
1.50000E+00	1.12360E+00	9.95910E-01
1.50000E+00	1.40449E+00	1.08575E+00
1.50000E+00	1.68539E+00	1.18003E+00
1.50000E+00	1.96629E+00	1.29450E+00
1.50000E+00	2.24719E+00	1.45143E+00
1.50000E+00	2.52809E+00	1.67198E+00
1.50000E+00	2.80899E+00	1.97933E+00
1.50000E+00	3.08989E+00	2.44478E+00
1.50000E+00	3.37079E+00	3.19599E+00
1.50000E+00	3.65169E+00	4.32852E+00
1.50000E+00	3.93258E+00	5.84709E+00
1.50000E+00	4.21348E+00	7.87698E+00
1.50000E+00	4.49438E+00	1.06270E+01
1.50000E+00	4.77528E+00	1.37781E+01
1.50000E+00	5.05618E+00	1.71258E+01
1.50000E+00	5.33708E+00	2.03872E+01
1.50000E+00	5.61798E+00	2.36645E+01
1.50000E+00	5.89888E+00	2.69255E+01
1.50000E+00	6.17978E+00	3.03020E+01
1.50000E+00	6.46067E+00	3.46661E+01
1.50000E+00	6.74157E+00	4.06627E+01
1.50000E+00	7.02247E+00	4.89047E+01
1.50000E+00	7.30337E+00	5.94849E+01
1.50000E+00	7.58427E+00	7.24259E+01
1.50000E+00	7.86517E+00	8.66611E+01
1.50000E+00	8.14607E+00	1.01429E+02
1.50000E+00	8.42697E+00	1.15639E+02
1.50000E+00	8.70787E+00	1.29483E+02
1.50000E+00	8.98876E+00	1.44377E+02
1.50000E+00	9.26966E+00	1.59961E+02
1.50000E+00	9.55056E+00	1.78015E+02
1.50000E+00	9.83146E+00	1.98398E+02
1.50000E+00	1.01124E+01	2.20874E+02
1.50000E+00	1.03933E+01	2.43100E+02
1.50000E+00	1.06742E+01	2.65666E+02
1.50000E+00	1.09551E+01	2.90344E+02
1.50000E+00	1.12360E+01	3.16894E+02
1.50000E+00	1.15169E+01	3.45989E+02
1.50000E+00	1.17978E+01	3.77107E+02
1.50000E+00	1.20787E+01	4.10241E+02
1.50000E+00	1.23596E+01	4.44139E+02
1.50000E+00	1.26404E+01	4.78001E+02
1.50000E+00	1.29213E+01	5.10986E+02
1.50000E+00	1.32022E+01	5.42348E+02
1.50000E+00	1.34831E+01	5.71888E+02
1.50000E+00	1.37640E+01	5.99024E+02
1.50000E+00	1.40449E+01	6.23829E+02
1.50000E+00	1.43258E+01	6.45626E+02
1.50000E+00	1.46067E+01	6.62850E+02
1.50000E+00	1.48876E+01	6.73922E+02
1.50000E+00	1.51685E+01	6.79586E+02
1.50000E+00	1.54494E+01	6.83495E+02
1.50000E+00	1.57303E+01	6.87310E+02
1.50000E+00	1.60112E+01	6.91826E+02
1.50000E+00	1.62921E+01	6.96450E+02
1.50000E+00	1.65730E+01	7.02873E+02
1.50000E+00	1.68539E+01	7.10083E+02
1.50000E+00	1.71348E+01	7.16062E+02
1.50000E+00	1.74157E+01	7.20755E+02
1.50000E+00	1.76966E+01	7.24819E+02
1.50000E+00	1.79775E+01	7.27989E+02
1.50000E+00	1.82584E+01	7.29619E+02
1.50000E+00	1.85393E+01	7.29916E+02
1.50000E+00	1.88202E+01	7.29015E+02
1.50000E+00	1.91011E+01	7.26681E+02
1.50000E+00	1.93820E+01	7.23387E+02
1.50000E+00	1.96629E+01	7.20264E+02
1.50000E+00	1.99438E+01	7.16856E+02
1.50000E+00	2.02247E+01	7.13170E+02
1.50000E+00	2.05056E+01	7.08492E+02
1.50000E+00	2.07865E+01	7.01477E+02
1.50000E+00	2.10674E+01	6.93330E+02
1.50000E+00	2.13483E+01	6.85363E+02
1.50000E+00	2.16292E+01	6.77604E+02
1.50000E+00	2.19101E+01	6.69910E+02
1.50000E+00	2.21910E+01	6.62333E+02
1.50000E+00	2.24719E+01	6.54970E+02
1.50000E+00	2.27528E+01	6.47776E+02
1.50000E+00	2.30337E+01	6.40706E+02
1.50000E+00	2.33146E+01	6.33786E+02
1.50000E+00	2.35955E+01	6.26881E+02
1.50000E+00	2.38764E+01	6.19969E+02
1.50000E+00	2.41573E+01	6.13407E+02
1.50000E+00	2.44382E+01	6.07132E+02
1.50000E+00	2.47191E+01	6.01002E+02
1.50000E+00	2.50000E+01	5.94964E+02
2.00000E+00	0.00000E+00	9.63571E-01
2.00000E+00	2.80899E-01	9.15186E-01
2.00000E+00	5.61798E-01	9.27952E-01
2.00000E+00	8.42697E-01	9.90979E-01
2.00000E+00	1.12360E+00	1.07331E+00
2.00000E+00	1.40449E+00	1.16516E+00
2.00000E+00	1.68539E+00	1.26923E+00
2.00000E+00	1.96629E+00	1.39939E+00
2.00000E+00	2.24719E+00	1.57676E+00
2.00000E+00	2.52809E+00	1.82556E+00
2.00000E+00	2.80899E+00	2.18110E+00
2.00000E+00	3.08989E+00	2.72115E+00
2.00000E+00	3.37079E+00	3.56130E+00
2.00000E+00	3.65169E+00	4.79127E+00
2.00000E+00	3.93258E+00	6.45050E+00
2.00000E+00	4.21348E+00	8.66610E+00
2.00000E+00	4.49438E+00	1.15237E+01
2.00000E+00	4.77528E+00	1.48131E+01
2.00000E+00	5.05618E+00	1.82876E+01
2.00000E+00	5.33708E+00	2.17497E+01
2.00000E+00	5.61798E+00	2.52219E+01
2.00000E+00	5.89888E+00	2.87318E+01
2.00000E+00	6.17978E+00	3.25452E+01
2.00000E+00	6.46067E+00	3.73813E+01
2.00000E+00	6.74157E+00	4.39578E+01
2.00000E+00	7.02247E+00	5.27735E+01
2.00000E+00	7.30337E+00	6.40260E+01
2.00000E+00	7.58427E+00	7.75118E+01
2.00000E+00	7.86517E+00	9.23839E+01
2.00000E+00	8.14607E+00	1.07777E+02
2.00000E+00	8.42697E+00	1.22844E+02
2.00000E+00	8.70787E+00	1.37824E+02
2.00000E+00	8.98876E+00	1.53601E+02
2.00000E+00	9.26966E+00	1.70534E+02
2.00000E+00	9.55056E+00	1.89670E+02
2.00000E+00	9.83146E+00	2.11205E+02
2.00000E+00	1.01124E+01	2.34541E+02
2.00000E+00	1.03933E+01	2.58187E+02
2.00000E+00	1.06742E+01	2.82491E+02
2.00000E+00	1.09551E+01	3.08655E+02
2.00000E+00	1.12360E+01	3.36960E+02
2.00000E+00	1.15169E+01	3.67688E+02
2.00000E+00	1.17978E+01	4.00633E+02
2.00000E+00	1.20787E+01	4.35430E+02
2.00000E+00	1.23596E+01	4.71095E+02
2.00000E+00	1.26404E+01	5.06708E+02
2.00000E+00	1.29213E+01	5.41405E+02
2.00000E+00	1.32022E+01	5.74502E+02
2.00000E+00	1.34831E+01	6.05591E+02
2.00000E+00	1.37640E+01	6.34256E+02
2.00000E+00	1.40449E+01	6.60262E+02
2.00000E+00	1.43258E+01	6.82891E+02
2.00000E+00	1.46067E+01	7.00709E+02
2.00000E+00	1.48876E+01	7.12573E+02
2.00000E+00	1.51685E+01	7.19351E+02
2.00000E+00	1.54494E+01	7.23948E+02
2.00000E+00	1.57303E+01	7.28235E+02
2.00000E+00	1.60112E+01	7.32948E+02
2.00000E+00	1.62921E+01	7.38192E+02
2.00000E+00	1.65730E+01	7.44758E+02
2.00000E+00	1.68539E+01	7.51957E+02
2.00000E+00	1.71348E+01	7.58206E+02
2.00000E+00	1.74157E+01	7.63281E+02
2.00000E+00	1.76966E+01	7.67518E+02
2.00000E+00	1.79775E+01	7.70715E+02
2.00000E+00	1.82584E+01	7.72462E+02
2.00000E+00	1.85393E+01	7.72774E+02
2.00000E+00	1.88202E+01	7.71789E+02
2.00000E+00	1.91011E+01	7.69419E+02
2.00000E+00	1.93820E+01	7.66170E+02
2.00000E+00	1.96629E+01	7.62789E+02
2.00000E+00	1.99438E+01	7.59142E+02
2.00000E+00	2.02247E+01	7.55048E+02
2.00000E+00	2.05056E+01	7.49810E+02
2.00000E+00	2.07865E+01	7.42620E+02
2.00000E+00	2.10674E+01	7.34286E+02
2.00000E+00	2.13483E+01	7.25895E+02
2.00000E+00	2.16292E+01	7.17661E+02
2.00000E+00	2.19101E+01	7.09524E+02
2.00000E+00	2.21910E+01	7.01521E+02
2.00000E+00	2.24719E+01	6.93717E+02
2.00000E+00	2.27528E+01	6.86089E+02
2.00000E+00	2.30337E+01	6.78603E+02
2.00000E+00	2.33146E+01	6.71249E+02
2.00000E+00	2.35955E+01	6.63936E+02
2.00000E+00	2.38764E+01	6.56690E+02
2.00000E+00	2.41573E+01	6.49734E+02
2.00000E+00	2.44382E+01	6.43059E+02
2.00000E+00	2.47191E+01	6.36552E+02
2.00000E+00	2.50000E+01	6.30156E+02
2.50000E+00	0.00000E+00	9.76448E-01
2.50000E+00	2.80899E-01	9.58773E-01
2.50000E+00	5.61798E-01	9.80295E-01
2.50000E+00	8.42697E-01	1.05048E+00
2.50000E+00	1.12360E+00	1.12988E+00
2.50000E+00	1.40449E+00	1.22016E+00
2.50000E+00	1.68539E+00	1.33035E+00
2.50000E+00	1.96629E+00	1.47413E+00
2.50000E+00	2.24719E+00	1.67187E+00
2.50000E+00	2.52809E+00	1.95114E+00
2.50000E+00	2.80899E+00	2.35582E+00
2.50000E+00	3.08989E+00	2.96409E+00
2.50000E+00	3.37079E+00	3.87863E+00
2.50000E+00	3.65169E+00	5.18471E+00
2.50000E+00	3.93258E+00	6.94358E+00
2.50000E+00	4.21348E+00	9.25343E+00
2.50000E+00	4.49438E+00	1.21407E+01
2.50000E+00	4.77528E+00	1.54437E+01
2.50000E+00	5.05618E+00	1.89419E+01
2.50000E+00	5.33708E+00	2.24824E+01
2.50000E+00	5.61798E+00	2.60636E+01
2.50000E+00	5.89888E+00	2.97705E+01
2.50000E+00	6.17978E+00	3.39238E+01
2.50000E+00	6.46067E+00	3.91515E+01
2.50000E+00	6.74157E+00	4.61174E+01
2.50000E+00	7.02247E+00	5.52720E+01
2.50000E+00	7.30337E+00	6.67823E+01
2.50000E+00	7.58427E+00	8.03835E+01
2.50000E+00	7.86517E+00	9.53565E+01
2.50000E+00	8.14607E+00	1.10889E+02
2.50000E+00	8.42697E+00	1.26353E+02
2.50000E+00	8.70787E+00	1.41928E+02
2.50000E+00	8.98876E+00	1.58259E+02
2.50000E+00	9.26966E+00	1.75905E+02
2.50000E+00	9.55056E+00	1.95590E+02
2.50000E+00	9.83146E+00	2.17504E+02
2.50000E+00	1.01124E+01	2.41073E+02
2.50000E+00	1.03933E+01	2.65359E+02
2.50000E+00	1.06742E+01	2.90557E+02
2.50000E+00	1.09551E+01	3.17496E+02
2.50000E+00	1.12360E+01	3.46592E+02
2.50000E+00	1.15169E+01	3.78020E+02
2.50000E+00	1.17978E+01	4.11632E+02
2.50000E+00	1.20787E+01	4.46962E+02
2.50000E+00	1.23596E+01	4.83155E+02
2.50000E+00	1.26404E+01	5.19293E+02
2.50000E+00	1.29213E+01	5.54531E+02
2.50000E+00	1.32022E+01	5.88197E+02
2.50000E+00	1.34831E+01	6.19807E+02
2.50000E+00	1.37640E+01	6.48952E+02
2.50000E+00	1.40449E+01	6.75237E+02
2.50000E+00	1.43258E+01	6.97909E+02
2.50000E+00	1.46067E+01	7.15785E+02
2.50000E+00	1.48876E+01	7.28119E+02
2.50000E+00	1.51685E+01	7.35782E+02
2.50000E+00	1.54494E+01	7.41060E+02
2.50000E+00	1.57303E+01	7.45745E+02
2.50000E+00	1.60112E+01	7.50677E+02
2.50000E+00	1.62921E+01	7.56219E+02
2.50000E+00	1.65730E+01	7.62750E+02
2.50000E+00	1.68539E+01	7.69721E+02
2.50000E+00	1.71348E+01	7.75985E+02
2.50000E+00	1.74157E+01	7.81198E+02
2.50000E+00	1.76966E+01	7.85459E+02
2.50000E+00	1.79775E+01	7.88608E+02
2.50000E+00	1.82584E+01	7.90367E+02
2.50000E+00	1.85393E+01	7.90694E+02
2.50000E+00	1.88202E+01	7.89682E+02
2.50000E+00	1.91011E+01	7.87384E+02
2.50000E+00	1.93820E+01	7.84235E+02
2.50000E+00	1.96629E+01	7.80755E+02
2.50000E+00	1.99438E+01	7.76940E+02
2.50000E+00	2.02247E+01	7.72544E+02
2.50000E+00	2.05056E+01	7.66991E+02
2.50000E+00	2.07865E+01	7.59810E+02
2.50000E+00	2.10674E+01	7.51557E+02
2.50000E+00	2.13483E+01	7.43068E+02
2.50000E+00	2.16292E+01	7.34652E+02
2.50000E+00	2.19101E+01	7.26339E+02
2.50000E+00	2.21910E+01	7.18165E+02
2.50000E+00	2.24719E+01	7.10174E+02
2.50000E+00	2.27528E+01	7.02359E+02
2.50000E+00	2.30337E+01	6.94690E+02
2.50000E+00	2.33146E+01	6.87145E+02
2.50000E+00	2.35955E+01	6.79671E+02
2.50000E+00	2.38764E+01	6.72307E+02
2.50000E+00	2.41573E+01	6.65191E+02
2.50000E+00	2.44382E+01	6.58333E+02
2.50000E+00	2.47191E+01	6.51655E+02
2.50000E+00	2.50000E+01	6.45099E+02
3.00000E+00	0.00000E+00	9.90596E-01
3.00000E+00	2.80899E-01	9.91137E-01
3.00000E+00	5.61798E-01	1.01710E+00
3.00000E+00	8.42697E-01	1.08782E+00
3.00000E+00	1.12360E+00	1.17127E+00
3.00000E+00	1.40449E+00	1.26375E+00
3.00000E+00	1.68539E+00	1.37987E+00
3.00000E+00	1.96629E+00	1.53671E+00
3.00000E+00	2.24719E+00	1.75604E+00
3.00000E+00	2.52809E+00	2.06866E+00
3.00000E+00	2.80899E+00	2.52284E+00
3.00000E+00	3.08989E+00	3.19339E+00
3.00000E+00	3.37079E+00	4.17117E+00
3.00000E+00	3.65169E+00	5.53643E+00
3.00000E+00	3.93258E+00	7.35539E+00
3.00000E+00	4.21348E+00	9.69613E+00
3.00000E+00	4.49438E+00	1.25548E+01
3.00000E+00	4.77528E+00	1.58005E+01
3.00000E+00	5.05618E+00	1.92552E+01
3.00000E+00	5.33708E+00	2.28018E+01
3.00000E+00	5.61798E+00	2.64447E+01
3.00000E+00	5.89888E+00	3.03103E+01
3.00000E+00	6.17978E+00	3.47331E+01
3.00000E+00	6.46067E+00	4.02641E+01
3.00000E+00	6.74157E+00	4.74805E+01
3.00000E+00	7.02247E+00	5.67773E+01
3.00000E+00	7.30337E+00	6.82705E+01
3.00000E+00	7.58427E+00	8.16921E+01
3.00000E+00	7.86517E+00	9.64301E+01
3.00000E+00	8.14607E+00	1.11791E+02
3.00000E+00	8.42697E+00	1.27311E+02
3.00000E+00	8.70787E+00	1.43113E+02
3.00000E+00	8.98876E+00	1.59699E+02
3.00000E+00	9.26966E+00	1.77625E+02
3.00000E+00	9.55056E+00	1.97432E+02
3.00000E+00	9.83146E+00	2.19251E+02
3.00000E+00	1.01124E+01	2.42642E+02
3.00000E+00	1.03933E+01	2.67020E+02
3.00000E+00	1.06742E+01	2.92499E+02
3.00000E+00	1.09551E+01	3.19657E+02
3.00000E+00	1.12360E+01	3.48885E+02
3.00000E+00	1.15169E+01	3.80319E+02
3.00000E+00	1.17978E+01	4.13803E+02
3.00000E+00	1.20787E+01	4.48862E+02
3.00000E+00	1.23596E+01	4.84727E+02
3.00000E+00	1.26404E+01	5.20533E+02
3.00000E+00	1.29213E+01	5.55475E+02
3.00000E+00	1.32022E+01	5.88890E+02
3.00000E+00	1.34831E+01	6.20260E+02
3.00000E+00	1.37640E+01	6.49144E+02
3.00000E+00	1.40449E+01	6.75062E+02
3.00000E+00	1.43258E+01	6.97287E+02
3.00000E+00	1.46067E+01	7.14897E+02
3.00000E+00	1.48876E+01	7.27459E+02
3.00000E+00	1.51685E+01	7.35779E+02
3.00000E+00	1.54494E+01	7.41667E+02
3.00000E+00	1.57303E+01	7.46725E+02
3.00000E+00	1.60112E+01	7.51852E+02
3.00000E+00	1.62921E+01	7.57499E+02
3.00000E+00	1.65730E+01	7.63867E+02
3.00000E+00	1.68539E+01	7.70511E+02
3.00000E+00	1.71348E+01	7.76607E+02
3.00000E+00	1.74157E+01	7.81773E+02
3.00000E+00	1.76966E+01	7.85951E+02
3.00000E+00	1.79775E+01	7.88996E+02
3.00000E+00	1.82584E+01	7.90710E+02
3.00000E+00	1.85393E+01	7.91040E+02
3.00000E+00	1.88202E+01	7.90054E+02
3.00000E+00	1.91011E+01	7.87876E+02
3.00000E+00	1.93820E+01	7.84859E+02
3.00000E+00	1.96629E+01	7.81376E+02
3.00000E+00	1.99438E+01	7.77459E+02
3.00000E+00	2.02247E+01	7.72877E+02
3.00000E+00	2.05056E+01	7.67194E+02
3.00000E+00	2.07865E+01	7.60145E+02
3.00000E+00	2.10674E+01	7.52122E+02
3.00000E+00	2.13483E+01	7.43756E+02
3.00000E+00	2.16292E+01	7.35377E+02
3.00000E+00	2.19101E+01	7.27082E+02
3.00000E+00	2.21910E+01	7.18918E+02
3.00000E+00	2.24719E+01	7.10923E+02
3.00000E+00	2.27528E+01	7.03094E+02
3.00000E+00	2.30337E+01	6.95411E+02
3.00000E+00	2.33146E+01	6.87850E+02
3.00000E+00	2.35955E+01	6.80385E+02
3.00000E+00	2.38764E+01	6.73050E+02
3.00000E+00	2.41573E+01	6.65935E+02
3.00000E+00	2.44382E+01	6.59053E+02
3.00000E+00	2.47191E+01	6.52350E+02
3.00000E+00	2.50000E+01	6.45775E+02
3.50000E+00	0.00000E+00	1.00434E+00
3.50000E+00	2.80899E-01	1.01608E+00
3.50000E+00	5.61798E-01	1.04694E+00
3.50000E+00	8.42697E-01	1.11351E+00
3.50000E+00	1.12360E+00	1.20275E+00
3.50000E+00	1.40449E+00	1.30355E+00
3.50000E+00	1.68539E+00	1.42965E+00
3.50000E+00	1.96629E+00	1.60186E+00
3.50000E+00	2.24719E+00	1.84511E+00
3.50000E+00	2.52809E+00	2.19317E+00
3.50000E+00	2.80899E+00	2.69567E+00
3.50000E+00	3.08989E+00	3.42210E+00
3.50000E+00	3.37079E+00	4.45255E+00
3.50000E+00	3.65169E+00	5.86021E+00
3.50000E+00	3.93258E+00	7.70601E+00
3.50000E+00	4.21348E+00	1.00344E+01
3.50000E+00	4.49438E+00	1.28271E+01
3.50000E+00	4.77528E+00	1.59788E+01
3.50000E+00	5.05618E+00	1.93540E+01
3.50000E+00	5.33708E+00	2.28698E+01
3.50000E+00	5.61798E+00	2.65489E+01
3.50000E+00	5.89888E+00	3.05425E+01
3.50000E+00	6.17978E+00	3.51752E+01
3.50000E+00	6.46067E+00	4.09252E+01
3.50000E+00	6.74157E+00	4.82793E+01
3.50000E+00	7.02247E+00	5.75679E+01
3.50000E+00	7.30337E+00	6.88645E+01
3.50000E+00	7.58427E+00	8.19210E+01
3.50000E+00	7.86517E+00	9.62277E+01
3.50000E+00	8.14607E+00	1.11223E+02
3.50000E+00	8.42697E+00	1.26562E+02
3.50000E+00	8.70787E+00	1.42330E+02
3.50000E+00	8.98876E+00	1.58924E+02
3.50000E+00	9.26966E+00	1.76827E+02
3.50000E+00	9.55056E+00	1.96450E+02
3.50000E+00	9.83146E+00	2.17886E+02
3.50000E+00	1.01124E+01	2.40830E+02
3.50000E+00	1.03933E+01	2.64927E+02
3.50000E+00	1.06742E+01	2.90253E+02
3.50000E+00	1.09551E+01	3.17206E+02
3.50000E+00	1.12360E+01	3.46106E+02
3.50000E+00	1.15169E+01	3.77050E+02
3.50000E+00	1.17978E+01	4.09870E+02
3.50000E+00	1.20787E+01	4.44108E+02
3.50000E+00	1.23596E+01	4.79070E+02
3.50000E+00	1.26404E+01	5.13962E+02
3.50000E+00	1.29213E+01	5.48029E+02
3.50000E+00	1.32022E+01	5.80624E+02
3.50000E+00	1.34831E+01	6.11217E+02
3.50000E+00	1.37640E+01	6.39334E+02
3.50000E+00	1.40449E+01	6.64465E+02
3.50000E+00	1.43258E+01	6.85951E+02
3.50000E+00	1.46067E+01	7.03104E+02
3.50000E+00	1.48876E+01	7.15708E+02
3.50000E+00	1.51685E+01	7.24485E+02
3.50000E+00	1.54494E+01	7.30881E+02
3.50000E+00	1.57303E+01	7.36276E+02
3.50000E+00	1.60112E+01	7.41560E+02
3.50000E+00	1.62921E+01	7.47202E+02
3.50000E+00	1.65730E+01	7.53333E+02
3.50000E+00	1.68539E+01	7.59608E+02
3.50000E+00	1.71348E+01	7.65425E+02
3.50000E+00	1.74157E+01	7.70414E+02
3.50000E+00	1.76966E+01	7.74432E+02
3.50000E+00	1.79775E+01	7.77335E+02
3.50000E+00	1.82584E+01	7.78973E+02
3.50000E+00	1.85393E+01	7.79298E+02
3.50000E+00	1.88202E+01	7.78367E+02
3.50000E+00	1.91011E+01	7.76325E+02
3.50000E+00	1.93820E+01	7.73455E+02
3.50000E+00	1.96629E+01	7.70024E+02
3.50000E+00	1.99438E+01	7.66071E+02
3.50000E+00	2.02247E+01	7.61409E+02
3.50000E+00	2.05056E+01	7.55730E+02
3.50000E+00	2.07865E+01	7.48892E+02
3.50000E+00	2.10674E+01	7.41184E+02
3.50000E+00	2.13483E+01	7.33078E+02
3.50000E+00	2.16292E+01	7.24889E+02
3.50000E+00	2.19101E+01	7.16750E+02
3.50000E+00	2.21910E+01	7.08726E+02
3.50000E+00	2.24719E+01	7.00851E+02
3.50000E+00	2.27528E+01	6.93132E+02
3.50000E+00	2.30337E+01	6.85554E+02
3.50000E+00	2.33146E+01	6.78099E+02
3.50000E+00	2.35955E+01	6.70755E+02
3.50000E+00	2.38764E+01	6.63552E+02
3.50000E+00	2.41573E+01	6.56546E+02
3.50000E+00	2.44382E+01	6.49749E+02
3.50000E+00	2.47191E+01	6.43124E+02
3.50000E+00	2.50000E+01	6.36629E+02
4.00000E+00	0.00000E+00	1.01757E+00
4.00000E+00	2.80899E-01	1.03693E+00
4.00000E+00	5.61798E-01	1.07285E+00
4.00000E+00	8.42697E-01	1.13639E+00
4.00000E+00	1.12360E+00	1.23068E+00
4.00000E+00	1.40449E+00	1.34407E+00
4.00000E+00	1.68539E+00	1.48578E+00
4.00000E+00	1.96629E+00	1.67765E+00
4.00000E+00	2.24719E+00	1.94763E+00
4.00000E+00	2.52809E+00	2.33179E+00
4.00000E+00	2.80899E+00	2.87920E+00
4.00000E+00	3.08989E+00	3.65320E+00
4.00000E+00	3.37079E+00	4.72385E+00
4.00000E+00	3.65169E+00	6.15566E+00
4.00000E+00	3.93258E+00	8.00018E+00
4.00000E+00	4.21348E+00	1.02855E+01
4.00000E+00	4.49438E+00	1.29885E+01
4.00000E+00	4.77528E+00	1.60275E+01
4.00000E+00	5.05618E+00	1.93049E+01
4.00000E+00	5.33708E+00	2.27705E+01
4.00000E+00	5.61798E+00	2.64667E+01
4.00000E+00	5.89888E+00	3.05553E+01
4.00000E+00	6.17978E+00	3.53378E+01
4.00000E+00	6.46067E+00	4.12223E+01
4.00000E+00	6.74157E+00	4.86111E+01
4.00000E+00	7.02247E+00	5.77704E+01
4.00000E+00	7.30337E+00	6.87433E+01
4.00000E+00	7.58427E+00	8.13127E+01
4.00000E+00	7.86517E+00	9.50647E+01
4.00000E+00	8.14607E+00	1.09559E+02
4.00000E+00	8.42697E+00	1.24539E+02
4.00000E+00	8.70787E+00	1.40068E+02
4.00000E+00	8.98876E+00	1.56457E+02
4.00000E+00	9.26966E+00	1.74097E+02
4.00000E+00	9.55056E+00	1.93305E+02
4.00000E+00	9.83146E+00	2.14154E+02
4.00000E+00	1.01124E+01	2.36453E+02
4.00000E+00	1.03933E+01	2.59989E+02
4.00000E+00	1.06742E+01	2.84823E+02
4.00000E+00	1.09551E+01	3.11226E+02
4.00000E+00	1.12360E+01	3.39437E+02
4.00000E+00	1.15169E+01	3.69510E+02
4.00000E+00	1.17978E+01	4.01267E+02
4.00000E+00	1.20787E+01	4.34278E+02
4.00000E+00	1.23596E+01	4.67919E+02
4.00000E+00	1.26404E+01	5.01470E+02
4.00000E+00	1.29213E+01	5.34232E+02
4.00000E+00	1.32022E+01	5.65586E+02
4.00000E+00	1.34831E+01	5.94999E+02
4.00000E+00	1.37640E+01	6.21988E+02
4.00000E+00	1.40449E+01	6.46046E+02
4.00000E+00	1.43258E+01	6.66604E+02
4.00000E+00	1.46067E+01	6.83165E+02
4.00000E+00	1.48876E+01	6.95655E+02
4.00000E+00	1.51685E+01	7.04707E+02
4.00000E+00	1.54494E+01	7.11486E+02
4.00000E+00	1.57303E+01	7.17158E+02
4.00000E+00	1.60112E+01	7.22550E+02
4.00000E+00	1.62921E+01	7.28118E+02
4.00000E+00	1.65730E+01	7.33972E+02
4.00000E+00	1.68539E+01	7.39857E+02
4.00000E+00	1.71348E+01	7.45330E+02
4.00000E+00	1.74157E+01	7.50057E+02
4.00000E+00	1.76966E+01	7.53858E+02
4.00000E+00	1.79775E+01	7.56590E+02
4.00000E+00	1.82584E+01	7.58133E+02
4.00000E+00	1.85393E+01	7.58447E+02
4.00000E+00	1.88202E+01	7.57584E+02
4.00000E+00	1.91011E+01	7.55681E+02
4.00000E+00	1.93820E+01	7.52962E+02
4.00000E+00	1.96629E+01	7.49624E+02
4.00000E+00	1.99438E+01	7.45698E+02
4.00000E+00	2.02247E+01	7.41051E+02
4.00000E+00	2.05056E+01	7.35477E+02
4.00000E+00	2.07865E+01	7.28910E+02
4.00000E+00	2.10674E+01	7.21570E+02
4.00000E+00	2.13483E+01	7.13816E+02
4.00000E+00	2.16292E+01	7.05926E+02
4.00000E+00	2.19101E+01	6.98049E+02
4.00000E+00	2.21910E+01	6.90263E+02
4.00000E+00	2.24719E+01	6.82606E+02
4.00000E+00	2.27528E+01	6.75091E+02
4.00000E+00	2.30337E+01	6.67710E+02
4.00000E+00	2.33146E+01	6.60452E+02
4.00000E+00	2.35955E+01	6.53314E+02
4.00000E+00	2.38764E+01	6.46318E+02
4.00000E+00	2.41573E+01	6.39502E+02
4.00000E+00	2.44382E+01	6.32874E+02
4.00000E+00	2.47191E+01	6.26408E+02
4.00000E+00	2.50000E+01	6.20071E+02
5.00000E+00	0.00000E+00	1.04504E+00
5.00000E+00	2.80899E-01	1.07603E+00
5.00000E+00	5.61798E-01	1.12313E+00
5.00000E+00	8.42697E-01	1.19184E+00
5.00000E+00	1.12360E+00	1.29564E+00
5.00000E+00	1.40449E+00	1.43743E+00
5.00000E+00	1.68539E+00	1.62069E+00
5.00000E+00	1.96629E+00	1.86241E+00
5.00000E+00	2.24719E+00	2.19034E+00
5.00000E+00	2.52809E+00	2.64060E+00
5.00000E+00	2.80899E+00	3.25735E+00
5.00000E+00	3.08989E+00	4.09122E+00
5.00000E+00	3.37079E+00	5.19436E+00
5.00000E+00	3.65169E+00	6.61327E+00
5.00000E+00	3.93258E+00	8.38159E+00
5.00000E+00	4.21348E+00	1.05116E+01
5.00000E+00	4.49438E+00	1.29864E+01
5.00000E+00	4.77528E+00	1.57656E+01
5.00000E+00	5.05618E+00	1.88114E+01
5.00000E+00	5.33708E+00	2.21248E+01
5.00000E+00	5.61798E+00	2.57750E+01
5.00000E+00	5.89888E+00	2.99159E+01
5.00000E+00	6.17978E+00	3.47835E+01
5.00000E+00	6.46067E+00	4.06606E+01
5.00000E+00	6.74157E+00	4.78076E+01
5.00000E+00	7.02247E+00	5.63861E+01
5.00000E+00	7.30337E+00	6.64072E+01
5.00000E+00	7.58427E+00	7.77239E+01
5.00000E+00	7.86517E+00	9.00843E+01
5.00000E+00	8.14607E+00	1.03236E+02
5.00000E+00	8.42697E+00	1.17042E+02
5.00000E+00	8.70787E+00	1.31539E+02
5.00000E+00	8.98876E+00	1.46911E+02
5.00000E+00	9.26966E+00	1.63393E+02
5.00000E+00	9.55056E+00	1.81171E+02
5.00000E+00	9.83146E+00	2.00306E+02
5.00000E+00	1.01124E+01	2.20746E+02
5.00000E+00	1.03933E+01	2.42429E+02
5.00000E+00	1.06742E+01	2.65394E+02
5.00000E+00	1.09551E+01	2.89761E+02
5.00000E+00	1.12360E+01	3.15626E+02
5.00000E+00	1.15169E+01	3.42968E+02
5.00000E+00	1.17978E+01	3.71599E+02
5.00000E+00	1.20787E+01	4.01158E+02
5.00000E+00	1.23596E+01	4.31146E+02
5.00000E+00	1.26404E+01	4.60991E+02
5.00000E+00	1.29213E+01	4.90114E+02
5.00000E+00	1.32022E+01	5.17974E+02
5.00000E+00	1.34831E+01	5.44083E+02
5.00000E+00	1.37640E+01	5.67990E+02
5.00000E+00	1.40449E+01	5.89267E+02
5.00000E+00	1.43258E+01	6.07525E+02
5.00000E+00	1.46067E+01	6.22524E+02
5.00000E+00	1.48876E+01	6.34328E+02
5.00000E+00	1.51685E+01	6.43404E+02
5.00000E+00	1.54494E+01	6.50512E+02
5.00000E+00	1.57303E+01	6.56452E+02
5.00000E+00	1.60112E+01	6.61859E+02
5.00000E+00	1.62921E+01	6.67113E+02
5.00000E+00	1.65730E+01	6.72331E+02
5.00000E+00	1.68539E+01	6.77399E+02
5.00000E+00	1.71348E+01	6.82076E+02
5.00000E+00	1.74157E+01	6.86127E+02
5.00000E+00	1.76966E+01	6.89378E+02
5.00000E+00	1.79775E+01	6.91701E+02
5.00000E+00	1.82584E+01	6.93012E+02
5.00000E+00	1.85393E+01	6.93284E+02
5.00000E+00	1.88202E+01	6.92557E+02
5.00000E+00	1.91011E+01	6.90930E+02
5.00000E+00	1.93820E+01	6.88535E+02
5.00000E+00	1.96629E+01	6.85482E+02
5.00000E+00	1.99438E+01	6.81797E+02
5.00000E+00	2.02247E+01	6.77430E+02
5.00000E+00	2.05056E+01	6.72310E+02
5.00000E+00	2.07865E+01	6.66447E+02
5.00000E+00	2.10674E+01	6.59980E+02
5.00000E+00	2.13483E+01	6.53125E+02
5.00000E+00	2.16292E+01	6.46082E+02
5.00000E+00	2.19101E+01	6.38991E+02
5.00000E+00	2.21910E+01	6.31937E+02
5.00000E+00	2.24719E+01	6.24969E+02
5.00000E+00	2.27528E+01	6.18109E+02
5.00000E+00	2.30337E+01	6.11364E+02
5.00000E+00	2.33146E+01	6.04733E+02
5.00000E+00	2.35955E+01	5.98222E+02
5.00000E+00	2.38764E+01	5.91844E+02
5.00000E+00	2.41573E+01	5.85615E+02
5.00000E+00	2.44382E+01	5.79538E+02
5.00000E+00	2.47191E+01	5.73600E+02
5.00000E+00	2.50000E+01	5.67780E+02
6.00000E+00	0.00000E+00	1.07765E+00
6.00000E+00	2.80899E-01	1.11989E+00
6.00000E+00	5.61798E-01	1.18018E+00
6.00000E+00	8.42697E-01	1.26364E+00
6.00000E+00	1.12360E+00	1.38037E+00
6.00000E+00	1.40449E+00	1.54573E+00
6.00000E+00	1.68539E+00	1.76615E+00
6.00000E+00	1.96629E+00	2.05358E+00
6.00000E+00	2.24719E+00	2.42898E+00
6.00000E+00	2.52809E+00	2.92150E+00
6.00000E+00	2.80899E+00	3.56626E+00
6.00000E+00	3.08989E+00	4.40151E+00
6.00000E+00	3.37079E+00	5.46486E+00
6.00000E+00	3.65169E+00	6.78879E+00
6.00000E+00	3.93258E+00	8.39627E+00
6.00000E+00	4.21348E+00	1.02971E+01
6.00000E+00	4.49438E+00	1.24876E+01
6.00000E+00	4.77528E+00	1.49580E+01
6.00000E+00	5.05618E+00	1.77079E+01
6.00000E+00	5.33708E+00	2.07663E+01
6.00000E+00	5.61798E+00	2.42067E+01
6.00000E+00	5.89888E+00	2.81538E+01
6.00000E+00	6.17978E+00	3.27745E+01
6.00000E+00	6.46067E+00	3.82520E+01
6.00000E+00	6.74157E+00	4.47450E+01
6.00000E+00	7.02247E+00	5.23466E+01
6.00000E+00	7.30337E+00	6.10596E+01
6.00000E+00	7.58427E+00	7.07983E+01
6.00000E+00	7.86517E+00	8.14250E+01
6.00000E+00	8.14607E+00	9.28075E+01
6.00000E+00	8.42697E+00	1.04878E+02
6.00000E+00	8.70787E+00	1.17659E+02
6.00000E+00	8.98876E+00	1.31255E+02
6.00000E+00	9.26966E+00	1.45795E+02
6.00000E+00	9.55056E+00	1.61390E+02
6.00000E+00	9.83146E+00	1.78091E+02
6.00000E+00	1.01124E+01	1.95900E+02
6.00000E+00	1.03933E+01	2.14808E+02
6.00000E+00	1.06742E+01	2.34835E+02
6.00000E+00	1.09551E+01	2.56019E+02
6.00000E+00	1.12360E+01	2.78370E+02
6.00000E+00	1.15169E+01	3.01818E+02
6.00000E+00	1.17978E+01	3.26185E+02
6.00000E+00	1.20787E+01	3.51181E+02
6.00000E+00	1.23596E+01	3.76421E+02
6.00000E+00	1.26404E+01	4.01468E+02
6.00000E+00	1.29213E+01	4.25871E+02
6.00000E+00	1.32022E+01	4.49195E+02
6.00000E+00	1.34831E+01	4.71040E+02
6.00000E+00	1.37640E+01	4.91041E+02
6.00000E+00	1.40449E+01	5.08879E+02
6.00000E+00	1.43258E+01	5.24313E+02
6.00000E+00	1.46067E+01	5.37233E+02
6.00000E+00	1.48876E+01	5.47739E+02
6.00000E+00	1.51685E+01	5.56153E+02
6.00000E+00	1.54494E+01	5.62960E+02
6.00000E+00	1.57303E+01	5.68683E+02
6.00000E+00	1.60112E+01	5.73761E+02
6.00000E+00	1.62921E+01	5.78479E+02
6.00000E+00	1.65730E+01	5.82956E+02
6.00000E+00	1.68539E+01	5.87160E+02
6.00000E+00	1.71348E+01	5.90972E+02
6.00000E+00	1.74157E+01	5.94249E+02
6.00000E+00	1.76966E+01	5.96865E+02
6.00000E+00	1.79775E+01	5.98724E+02
6.00000E+00	1.82584E+01	5.99766E+02
6.00000E+00	1.85393E+01	5.99973E+02
6.00000E+00	1.88202E+01	5.99370E+02
6.00000E+00	1.91011E+01	5.98015E+02
6.00000E+00	1.93820E+01	5.95987E+02
6.00000E+00	1.96629E+01	5.93348E+02
6.00000E+00	1.99438E+01	5.90124E+02
6.00000E+00	2.02247E+01	5.86313E+02
6.00000E+00	2.05056E+01	5.81909E+02
6.00000E+00	2.07865E+01	5.76946E+02
6.00000E+00	2.10674E+01	5.71522E+02
6.00000E+00	2.13483E+01	5.65772E+02
6.00000E+00	2.16292E+01	5.59830E+02
6.00000E+00	2.19101E+01	5.53808E+02
6.00000E+00	2.21910E+01	5.47781E+02
6.00000E+00	2.24719E+01	5.41798E+02
6.00000E+00	2.27528E+01	5.35888E+02
6.00000E+00	2.30337E+01	5.30066E+02
6.00000E+00	2.33146E+01	5.24340E+02
6.00000E+00	2.35955E+01	5.18717E+02
6.00000E+00	2.38764E+01	5.13207E+02
6.00000E+00	2.41573E+01	5.07816E+02
6.00000E+00	2.44382E+01	5.02545E+02
6.00000E+00	2.47191E+01	4.97389E+02
6.00000E+00	2.50000E+01	4.92334E+02
7.00000E+00	0.00000E+00	1.11512E+00
7.00000E+00	2.80899E-01	1.16800E+00
7.00000E+00	5.61798E-01	1.24067E+00
7.00000E+00	8.42697E-01	1.33835E+00
7.00000E+00	1.12360E+00	1.46892E+00
7.00000E+00	1.40449E+00	1.64650E+00
7.00000E+00	1.68539E+00	1.88501E+00
7.00000E+00	1.96629E+00	2.19391E+00
7.00000E+00	2.24719E+00	2.58751E+00
7.00000E+00	2.52809E+00	3.08555E+00
7.00000E+00	2.80899E+00	3.71234E+00
7.00000E+00	3.08989E+00	4.49459E+00
7.00000E+00	3.37079E+00	5.45860E+00
7.00000E+00	3.65169E+00	6.62755E+00
7.00000E+00	3.93258E+00	8.01928E+00
7.00000E+00	4.21348E+00	9.64546E+00
7.00000E+00	4.49438E+00	1.15132E+01
7.00000E+00	4.77528E+00	1.36307E+01
7.00000E+00	5.05618E+00	1.60154E+01
7.00000E+00	5.33708E+00	1.87047E+01
7.00000E+00	5.61798E+00	2.17616E+01
7.00000E+00	5.89888E+00	2.52765E+01
7.00000E+00	6.17978E+00	2.93585E+01
7.00000E+00	6.46067E+00	3.41195E+01
7.00000E+00	6.74157E+00	3.96523E+01
7.00000E+00	7.02247E+00	4.60102E+01
7.00000E+00	7.30337E+00	5.31960E+01
7.00000E+00	7.58427E+00	6.11675E+01
7.00000E+00	7.86517E+00	6.98570E+01
7.00000E+00	8.14607E+00	7.92020E+01
7.00000E+00	8.42697E+00	8.91725E+01
7.00000E+00	8.70787E+00	9.97843E+01
7.00000E+00	8.98876E+00	1.11092E+02
7.00000E+00	9.26966E+00	1.23165E+02
7.00000E+00	9.55056E+00	1.36067E+02
7.00000E+00	9.83146E+00	1.49833E+02
7.00000E+00	1.01124E+01	1.64477E+02
7.00000E+00	1.03933E+01	1.80002E+02
7.00000E+00	1.06742E+01	1.96410E+02
7.00000E+00	1.09551E+01	2.13697E+02
7.00000E+00	1.12360E+01	2.31829E+02
7.00000E+00	1.15169E+01	2.50722E+02
7.00000E+00	1.17978E+01	2.70222E+02
7.00000E+00	1.20787E+01	2.90106E+02
7.00000E+00	1.23596E+01	3.10093E+02
7.00000E+00	1.26404E+01	3.29864E+02
7.00000E+00	1.29213E+01	3.49091E+02
7.00000E+00	1.32022E+01	3.67452E+02
7.00000E+00	1.34831E+01	3.84650E+02
7.00000E+00	1.37640E+01	4.00419E+02
7.00000E+00	1.40449E+01	4.14547E+02
7.00000E+00	1.43258E+01	4.26887E+02
7.00000E+00	1.46067E+01	4.37395E+02
7.00000E+00	1.48876E+01	4.46157E+02
7.00000E+00	1.51685E+01	4.53380E+02
7.00000E+00	1.54494E+01	4.59365E+02
7.00000E+00	1.57303E+01	4.64434E+02
7.00000E+00	1.60112E+01	4.68870E+02
7.00000E+00	1.62921E+01	4.72870E+02
7.00000E+00	1.65730E+01	4.76534E+02
7.00000E+00	1.68539E+01	4.79873E+02
7.00000E+00	1.71348E+01	4.82838E+02
7.00000E+00	1.74157E+01	4.85352E+02
7.00000E+00	1.76966E+01	4.87340E+02
7.00000E+00	1.79775E+01	4.88740E+02
7.00000E+00	1.82584E+01	4.89513E+02
7.00000E+00	1.85393E+01	4.89646E+02
7.00000E+00	1.88202E+01	4.89154E+02
7.00000E+00	1.91011E+01	4.88069E+02
7.00000E+00	1.93820E+01	4.86435E+02
7.00000E+00	1.96629E+01	4.84291E+02
7.00000E+00	1.99438E+01	4.81661E+02
7.00000E+00	2.02247E+01	4.78562E+02
7.00000E+00	2.05056E+01	4.75014E+02
7.00000E+00	2.07865E+01	4.71055E+02
7.00000E+00	2.10674E+01	4.66753E+02
7.00000E+00	2.13483E+01	4.62195E+02
7.00000E+00	2.16292E+01	4.57470E+02
7.00000E+00	2.19101E+01	4.52656E+02
7.00000E+00	2.21910E+01	4.47813E+02
7.00000E+00	2.24719E+01	4.42984E+02
7.00000E+00	2.27528E+01	4.38197E+02
7.00000E+00	2.30337E+01	4.33470E+02
7.00000E+00	2.33146E+01	4.28814E+02
7.00000E+00	2.35955E+01	4.24238E+02
7.00000E+00	2.38764E+01	4.19748E+02
7.00000E+00	2.41573E+01	4.15350E+02
7.00000E+00	2.44382E+01	4.11043E+02
7.00000E+00	2.47191E+01	4.06825E+02
7.00000E+00	2.50000E+01	4.02689E+02
8.00000E+00	0.00000E+00	1.15264E+00
8.00000E+00	2.80899E-01	1.21347E+00
8.00000E+00	5.61798E-01	1.29453E+00
8.00000E+00	8.42697E-01	1.40072E+00
8.00000E+00	1.12360E+00	1.53851E+00
8.00000E+00	1.40449E+00	1.71767E+00
8.00000E+00	1.68539E+00	1.95335E+00
8.00000E+00	1.96629E+00	2.25619E+00
8.00000E+00	2.24719E+00	2.63599E+00
8.00000E+00	2.52809E+00	3.10528E+00
8.00000E+00	2.80899E+00	3.67930E+00
8.00000E+00	3.08989E+00	4.37524E+00
8.00000E+00	3.37079E+00	5.21079E+00
8.00000E+00	3.65169E+00	6.20272E+00
8.00000E+00	3.93258E+00	7.36582E+00
8.00000E+00	4.21348E+00	8.71297E+00
8.00000E+00	4.49438E+00	1.02566E+01
8.00000E+00	4.77528E+00	1.20122E+01
8.00000E+00	5.05618E+00	1.40021E+01
8.00000E+00	5.33708E+00	1.62604E+01
8.00000E+00	5.61798E+00	1.88351E+01
8.00000E+00	5.89888E+00	2.17868E+01
8.00000E+00	6.17978E+00	2.51837E+01
8.00000E+00	6.46067E+00	2.90917E+01
8.00000E+00	6.74157E+00	3.35644E+01
8.00000E+00	7.02247E+00	3.86328E+01
8.00000E+00	7.30337E+00	4.43020E+01
8.00000E+00	7.58427E+00	5.05544E+01
8.00000E+00	7.86517E+00	5.73610E+01
8.00000E+00	8.14607E+00	6.46952E+01
8.00000E+00	8.42697E+00	7.25461E+01
8.00000E+00	8.70787E+00	8.09237E+01
8.00000E+00	8.98876E+00	8.98565E+01
8.00000E+00	9.26966E+00	9.93805E+01
8.00000E+00	9.55056E+00	1.09529E+02
8.00000E+00	9.83146E+00	1.20323E+02
8.00000E+00	1.01124E+01	1.31772E+02
8.00000E+00	1.03933E+01	1.43876E+02
8.00000E+00	1.06742E+01	1.56624E+02
8.00000E+00	1.09551E+01	1.69994E+02
8.00000E+00	1.12360E+01	1.83939E+02
8.00000E+00	1.15169E+01	1.98380E+02
8.00000E+00	1.17978E+01	2.13195E+02
8.00000E+00	1.20787E+01	2.28219E+02
8.00000E+00	1.23596E+01	2.43256E+02
8.00000E+00	1.26404E+01	2.58087E+02
8.00000E+00	1.29213E+01	2.72482E+02
8.00000E+00	1.32022E+01	2.86221E+02
8.00000E+00	1.34831E+01	2.99098E+02
8.00000E+00	1.37640E+01	3.10937E+02
8.00000E+00	1.40449E+01	3.21601E+02
8.00000E+00	1.43258E+01	3.31006E+02
8.00000E+00	1.46067E+01	3.39133E+02
8.00000E+00	1.48876E+01	3.46043E+02
8.00000E+00	1.51685E+01	3.51863E+02
8.00000E+00	1.54494E+01	3.56771E+02
8.00000E+00	1.57303E+01	3.60958E+02
8.00000E+00	1.60112E+01	3.64596E+02
8.00000E+00	1.62921E+01	3.67816E+02
8.00000E+00	1.65730E+01	3.70691E+02
8.00000E+00	1.68539E+01	3.73247E+02
8.00000E+00	1.71348E+01	3.75468E+02
8.00000E+00	1.74157E+01	3.77323E+02
8.00000E+00	1.76966E+01	3.78770E+02
8.00000E+00	1.79775E+01	3.79776E+02
8.00000E+00	1.82584E+01	3.80319E+02
8.00000E+00	1.85393E+01	3.80390E+02
8.00000E+00	1.88202E+01	3.79998E+02
8.00000E+00	1.91011E+01	3.79160E+02
8.00000E+00	1.93820E+01	3.77902E+02
8.00000E+00	1.96629E+01	3.76249E+02
8.00000E+00	1.99438E+01	3.74223E+02
8.00000E+00	2.02247E+01	3.71843E+02
8.00000E+00	2.05056E+01	3.69134E+02
8.00000E+00	2.07865E+01	3.66131E+02
8.00000E+00	2.10674E+01	3.62879E+02
8.00000E+00	2.13483E+01	3.59435E+02
8.00000E+00	2.16292E+01	3.55858E+02
8.00000E+00	2.19101E+01	3.52199E+02
8.00000E+00	2.21910E+01	3.48502E+02
8.00000E+00	2.24719E+01	3.44801E+02
8.00000E+00	2.27528E+01	3.41119E+02
8.00000E+00	2.30337E+01	3.37474E+02
8.00000E+00	2.33146E+01	3.33876E+02
8.00000E+00	2.35955E+01	3.30335E+02
8.00000E+00	2.38764E+01	3.26856E+02
8.00000E+00	2.41573E+01	3.23442E+02
8.00000E+00	2.44382E+01	3.20095E+02
8.00000E+00	2.47191E+01	3.16814E+02
8.00000E+00	2.50000E+01	3.13596E+02
9.00000E+00	0.00000E+00	1.18543E+00
9.00000E+00	2.80899E-01	1.25058E+00
9.00000E+00	5.61798E-01	1.33511E+00
9.00000E+00	8.42697E-01	1.44327E+00
9.00000E+00	1.12360E+00	1.58027E+00
9.00000E+00	1.40449E+00	1.75314E+00
9.00000E+00	1.68539E+00	1.97240E+00
9.00000E+00	1.96629E+00	2.25084E+00
9.00000E+00	2.24719E+00	2.59602E+00
9.00000E+00	2.52809E+00	3.01612E+00
9.00000E+00	2.80899E+00	3.52058E+00
9.00000E+00	3.08989E+00	4.12000E+00
9.00000E+00	3.37079E+00	4.82591E+00
9.00000E+00	3.65169E+00	5.65022E+00
9.00000E+00	3.93258E+00	6.60489E+00
9.00000E+00	4.21348E+00	7.70207E+00
9.00000E+00	4.49438E+00	8.95505E+00
9.00000E+00	4.77528E+00	1.03798E+01
9.00000E+00	5.05618E+00	1.19972E+01
9.00000E+00	5.33708E+00	1.38340E+01
9.00000E+00	5.61798E+00	1.59243E+01
9.00000E+00	5.89888E+00	1.83074E+01
9.00000E+00	6.17978E+00	2.10249E+01
9.00000E+00	6.46067E+00	2.41158E+01
9.00000E+00	6.74157E+00	2.76113E+01
9.00000E+00	7.02247E+00	3.15304E+01
9.00000E+00	7.30337E+00	3.58793E+01
9.00000E+00	7.58427E+00	4.06527E+01
9.00000E+00	7.86517E+00	4.58401E+01
9.00000E+00	8.14607E+00	5.14317E+01
9.00000E+00	8.42697E+00	5.74247E+01
9.00000E+00	8.70787E+00	6.38257E+01
9.00000E+00	8.98876E+00	7.06487E+01
9.00000E+00	9.26966E+00	7.79117E+01
9.00000E+00	9.55056E+00	8.56303E+01
9.00000E+00	9.83146E+00	9.38147E+01
9.00000E+00	1.01124E+01	1.02467E+02
9.00000E+00	1.03933E+01	1.11581E+02
9.00000E+00	1.06742E+01	1.21143E+02
9.00000E+00	1.09551E+01	1.31123E+02
9.00000E+00	1.12360E+01	1.41478E+02
9.00000E+00	1.15169E+01	1.52141E+02
9.00000E+00	1.17978E+01	1.63020E+02
9.00000E+00	1.20787E+01	1.74001E+02
9.00000E+00	1.23596E+01	1.84948E+02
9.00000E+00	1.26404E+01	1.95715E+02
9.00000E+00	1.29213E+01	2.06150E+02
9.00000E+00	1.32022E+01	2.16106E+02
9.00000E+00	1.34831E+01	2.25450E+02
9.00000E+00	1.37640E+01	2.34067E+02
9.00000E+00	1.40449E+01	2.41873E+02
9.00000E+00	1.43258E+01	2.48818E+02
9.00000E+00	1.46067E+01	2.54896E+02
9.00000E+00	1.48876E+01	2.60144E+02
9.00000E+00	1.51685E+01	2.64636E+02
9.00000E+00	1.54494E+01	2.68475E+02
9.00000E+00	1.57303E+01	2.71771E+02
9.00000E+00	1.60112E+01	2.74629E+02
9.00000E+00	1.62921E+01	2.77128E+02
9.00000E+00	1.65730E+01	2.79320E+02
9.00000E+00	1.68539E+01	2.81231E+02
9.00000E+00	1.71348E+01	2.82862E+02
9.00000E+00	1.74157E+01	2.84202E+02
9.00000E+00	1.76966E+01	2.85233E+02
9.00000E+00	1.79775E+01	2.85939E+02
9.00000E+00	1.82584E+01	2.86308E+02
9.00000E+00	1.85393E+01	2.86338E+02
9.00000E+00	1.88202E+01	2.86032E+02
9.00000E+00	1.91011E+01	2.85402E+02
9.00000E+00	1.93820E+01	2.84464E+02
9.00000E+00	1.96629E+01	2.83233E+02
9.00000E+00	1.99438E+01	2.81728E+02
9.00000E+00	2.02247E+01	2.79966E+02
9.00000E+00	2.05056E+01	2.77968E+02
9.00000E+00	2.07865E+01	2.75762E+02
9.00000E+00	2.10674E+01	2.73380E+02
9.00000E+00	2.13483E+01	2.70857E+02
9.00000E+00	2.16292E+01	2.68232E+02
9.00000E+00	2.19101E+01	2.65539E+02
9.00000E+00	2.21910E+01	2.62808E+02
9.00000E+00	2.24719E+01	2.60065E+02
9.00000E+00	2.27528E+01	2.57327E+02
9.00000E+00	2.30337E+01	2.54608E+02
9.00000E+00	2.33146E+01	2.51920E+02
9.00000E+00	2.35955E+01	2.49268E+02
9.00000E+00	2.38764E+01	2.46658E+02
9.00000E+00	2.41573E+01	2.44094E+02
9.00000E+00	2.44382E+01	2.41576E+02
9.00000E+00	2.47191E+01	2.39106E+02
9.00000E+00	2.50000E+01	2.36682E+02
1.00000E+01	0.00000E+00	1.21140E+00
1.00000E+01	2.80899E-01	1.27769E+00
1.00000E+01	5.61798E-01	1.36172E+00
1.00000E+01	8.42697E-01	1.46700E+00
1.00000E+01	1.12360E+00	1.59767E+00
1.00000E+01	1.40449E+00	1.75888E+00
1.00000E+01	1.68539E+00	1.95757E+00
1.00000E+01	1.96629E+00	2.20394E+00
1.00000E+01	2.24719E+00	2.50674E+00
1.00000E+01	2.52809E+00	2.87151E+00
1.00000E+01	2.80899E+00	3.30442E+00
1.00000E+01	3.08989E+00	3.81221E+00
1.00000E+01	3.37079E+00	4.40237E+00
1.00000E+01	3.65169E+00	5.08315E+00
1.00000E+01	3.93258E+00	5.86367E+00
1.00000E+01	4.21348E+00	6.75405E+00
1.00000E+01	4.49438E+00	7.76589E+00
1.00000E+01	4.77528E+00	8.91292E+00
1.00000E+01	5.05618E+00	1.02118E+01
1.00000E+01	5.33708E+00	1.16824E+01
1.00000E+01	5.61798E+00	1.33480E+01
1.00000E+01	5.89888E+00	1.52340E+01
1.00000E+01	6.17978E+00	1.73659E+01
1.00000E+01	6.46067E+00	1.97673E+01
1.00000E+01	6.74157E+00	2.24569E+01
1.00000E+01	7.02247E+00	2.54473E+01
1.00000E+01	7.30337E+00	2.87442E+01
1.00000E+01	7.58427E+00	3.23477E+01
1.00000E+01	7.86517E+00	3.62551E+01
1.00000E+01	8.14607E+00	4.04640E+01
1.00000E+01	8.42697E+00	4.49743E+01
1.00000E+01	8.70787E+00	4.97899E+01
1.00000E+01	8.98876E+00	5.49176E+01
1.00000E+01	9.26966E+00	6.03653E+01
1.00000E+01	9.55056E+00	6.61392E+01
1.00000E+01	9.83146E+00	7.22421E+01
1.00000E+01	1.01124E+01	7.86713E+01
1.00000E+01	1.03933E+01	8.54178E+01
1.00000E+01	1.06742E+01	9.24651E+01
1.00000E+01	1.09551E+01	9.97872E+01
1.00000E+01	1.12360E+01	1.07346E+02
1.00000E+01	1.15169E+01	1.15091E+02
1.00000E+01	1.17978E+01	1.22955E+02
1.00000E+01	1.20787E+01	1.30859E+02
1.00000E+01	1.23596E+01	1.38712E+02
1.00000E+01	1.26404E+01	1.46417E+02
1.00000E+01	1.29213E+01	1.53876E+02
1.00000E+01	1.32022E+01	1.60992E+02
1.00000E+01	1.34831E+01	1.67681E+02
1.00000E+01	1.37640E+01	1.73870E+02
1.00000E+01	1.40449E+01	1.79508E+02
1.00000E+01	1.43258E+01	1.84564E+02
1.00000E+01	1.46067E+01	1.89036E+02
1.00000E+01	1.48876E+01	1.92944E+02
1.00000E+01	1.51685E+01	1.96331E+02
1.00000E+01	1.54494E+01	1.99257E+02
1.00000E+01	1.57303E+01	2.01784E+02
1.00000E+01	1.60112E+01	2.03974E+02
1.00000E+01	1.62921E+01	2.05876E+02
1.00000E+01	1.65730E+01	2.07526E+02
1.00000E+01	1.68539E+01	2.08942E+02
1.00000E+01	1.71348E+01	2.10134E+02
1.00000E+01	1.74157E+01	2.11099E+02
1.00000E+01	1.76966E+01	2.11831E+02
1.00000E+01	1.79775E+01	2.12324E+02
1.00000E+01	1.82584E+01	2.12574E+02
1.00000E+01	1.85393E+01	2.12580E+02
1.00000E+01	1.88202E+01	2.12346E+02
1.00000E+01	1.91011E+01	2.11879E+02
1.00000E+01	1.93820E+01	2.11189E+02
1.00000E+01	1.96629E+01	2.10289E+02
1.00000E+01	1.99438E+01	2.09190E+02
1.00000E+01	2.02247E+01	2.07908E+02
1.00000E+01	2.05056E+01	2.06458E+02
1.00000E+01	2.07865E+01	2.04862E+02
1.00000E+01	2.10674E+01	2.03140E+02
1.00000E+01	2.13483E+01	2.01316E+02
1.00000E+01	2.16292E+01	1.99416E+02
1.00000E+01	2.19101E+01	1.97462E+02
1.00000E+01	2.21910E+01	1.95475E+02
1.00000E+01	2.24719E+01	1.93472E+02
1.00000E+01	2.27528E+01	1.91467E+02
1.00000E+01	2.30337E+01	1.89471E+02
1.00000E+01	2.33146E+01	1.87492E+02
1.00000E+01	2.35955E+01	1.85537E+02
1.00000E+01	2.38764E+01	1.83609E+02
1.00000E+01	2.41573E+01	1.81711E+02
1.00000E+01	2.44382E+01	1.79846E+02
1.00000E+01	2.47191E+01	1.78013E+02
1.00000E+01	2.50000E+01	1.76214E+02
