1.00000E-04	0.00000E+00	9.32430E-01
1.00000E-04	2.80899E-01	4.72011E-02
1.00000E-04	5.61798E-01	3.09817E-02
1.00000E-04	8.42697E-01	2.77974E-02
1.00000E-04	1.12360E+00	2.76784E-02
1.00000E-04	1.40449E+00	2.93529E-02
1.00000E-04	1.68539E+00	3.21349E-02
1.00000E-04	1.96629E+00	3.48049E-02
1.00000E-04	2.24719E+00	3.69774E-02
1.00000E-04	2.52809E+00	3.86736E-02
1.00000E-04	2.80899E+00	4.04368E-02
1.00000E-04	3.08989E+00	4.26467E-02
1.00000E-04	3.37079E+00	4.52465E-02
1.00000E-04	3.65169E+00	4.86956E-02
1.00000E-04	3.93258E+00	5.34582E-02
1.00000E-04	4.21348E+00	6.16146E-02
1.00000E-04	4.49438E+00	7.10817E-02
1.00000E-04	4.77528E+00	8.76970E-02
1.00000E-04	5.05618E+00	1.05254E-01
1.00000E-04	5.33708E+00	1.31255E-01
1.00000E-04	5.61798E+00	1.60196E-01
1.00000E-04	5.89888E+00	2.00368E-01
1.00000E-04	6.17978E+00	2.44863E-01
1.00000E-04	6.46067E+00	3.02057E-01
1.00000E-04	6.74157E+00	3.88672E-01
1.00000E-04	7.02247E+00	4.84124E-01
1.00000E-04	7.30337E+00	6.41928E-01
1.00000E-04	7.58427E+00	8.09799E-01
1.00000E-04	7.86517E+00	1.05647E+00
1.00000E-04	8.14607E+00	1.33153E+00
1.00000E-04	8.42697E+00	1.71458E+00
1.00000E-04	8.70787E+00	2.10608E+00
1.00000E-04	8.98876E+00	2.55226E+00
1.00000E-04	9.26966E+00	3.07007E+00
1.00000E-04	9.55056E+00	3.55509E+00
1.00000E-04	9.83146E+00	4.15335E+00
1.00000E-04	1.01124E+01	4.69037E+00
1.00000E-04	1.03933E+01	5.36823E+00
1.00000E-04	1.06742E+01	5.97676E+00
1.00000E-04	1.09551E+01	6.61736E+00
1.00000E-04	1.12360E+01	7.13978E+00
1.00000E-04	1.15169E+01	7.66784E+00
1.00000E-04	1.17978E+01	8.23662E+00
1.00000E-04	1.20787E+01	8.75962E+00
1.00000E-04	1.23596E+01	9.34352E+00
1.00000E-04	1.26404E+01	9.81553E+00
1.00000E-04	1.29213E+01	1.03308E+01
1.00000E-04	1.32022E+01	1.06712E+01
1.00000E-04	1.34831E+01	1.10185E+01
1.00000E-04	1.37640E+01	1.13230E+01
1.00000E-04	1.40449E+01	1.16265E+01
1.00000E-04	1.43258E+01	1.19219E+01
1.00000E-04	1.46067E+01	1.21675E+01
1.00000E-04	1.48876E+01	1.24202E+01
1.00000E-04	1.51685E+01	1.25068E+01
1.00000E-04	1.54494E+01	1.26346E+01
1.00000E-04	1.57303E+01	1.27546E+01
1.00000E-04	1.60112E+01	1.28555E+01
1.00000E-04	1.62921E+01	1.29450E+01
1.00000E-04	1.65730E+01	1.30424E+01
1.00000E-04	1.68539E+01	1.31588E+01
1.00000E-04	1.71348E+01	1.32399E+01
1.00000E-04	1.74157E+01	1.33456E+01
1.00000E-04	1.76966E+01	1.34196E+01
1.00000E-04	1.79775E+01	1.35284E+01
1.00000E-04	1.82584E+01	1.36303E+01
1.00000E-04	1.85393E+01	1.36972E+01
1.00000E-04	1.88202E+01	1.37659E+01
1.00000E-04	1.91011E+01	1.38194E+01
1.00000E-04	1.93820E+01	1.38318E+01
1.00000E-04	1.96629E+01	1.38481E+01
1.00000E-04	1.99438E+01	1.38048E+01
1.00000E-04	2.02247E+01	1.37311E+01
1.00000E-04	2.05056E+01	1.36581E+01
1.00000E-04	2.07865E+01	1.35940E+01
1.00000E-04	2.10674E+01	1.34900E+01
1.00000E-04	2.13483E+01	1.34111E+01
1.00000E-04	2.16292E+01	1.33398E+01
1.00000E-04	2.19101E+01	1.32625E+01
1.00000E-04	2.21910E+01	1.31794E+01
1.00000E-04	2.24719E+01	1.31085E+01
1.00000E-04	2.27528E+01	1.30281E+01
1.00000E-04	2.30337E+01	1.28771E+01
1.00000E-04	2.33146E+01	1.27350E+01
1.00000E-04	2.35955E+01	1.26018E+01
1.00000E-04	2.38764E+01	1.24735E+01
1.00000E-04	2.41573E+01	1.23378E+01
1.00000E-04	2.44382E+01	1.22172E+01
1.00000E-04	2.47191E+01	1.21054E+01
1.00000E-04	2.50000E+01	1.19843E+01
5.00000E-04	0.00000E+00	9.66346E-01
5.00000E-04	2.80899E-01	6.99560E-02
5.00000E-04	5.61798E-01	4.59206E-02
5.00000E-04	8.42697E-01	4.12048E-02
5.00000E-04	1.12360E+00	4.10173E-02
5.00000E-04	1.40449E+00	4.35060E-02
5.00000E-04	1.68539E+00	4.76296E-02
5.00000E-04	1.96629E+00	5.15870E-02
5.00000E-04	2.24719E+00	5.48071E-02
5.00000E-04	2.52809E+00	5.73212E-02
5.00000E-04	2.80899E+00	5.99346E-02
5.00000E-04	3.08989E+00	6.32145E-02
5.00000E-04	3.37079E+00	6.70635E-02
5.00000E-04	3.65169E+00	7.21739E-02
5.00000E-04	3.93258E+00	7.92359E-02
5.00000E-04	4.21348E+00	9.12802E-02
5.00000E-04	4.49438E+00	1.05355E-01
5.00000E-04	4.77528E+00	1.29982E-01
5.00000E-04	5.05618E+00	1.56007E-01
5.00000E-04	5.33708E+00	1.94543E-01
5.00000E-04	5.61798E+00	2.37439E-01
5.00000E-04	5.89888E+00	2.96976E-01
5.00000E-04	6.17978E+00	3.62930E-01
5.00000E-04	6.46067E+00	4.47703E-01
5.00000E-04	6.74157E+00	5.76078E-01
5.00000E-04	7.02247E+00	7.17558E-01
5.00000E-04	7.30337E+00	9.51576E-01
5.00000E-04	7.58427E+00	1.20027E+00
5.00000E-04	7.86517E+00	1.56588E+00
5.00000E-04	8.14607E+00	1.97357E+00
5.00000E-04	8.42697E+00	2.54131E+00
5.00000E-04	8.70787E+00	3.12159E+00
5.00000E-04	8.98876E+00	3.78541E+00
5.00000E-04	9.26966E+00	4.55039E+00
5.00000E-04	9.55056E+00	5.26927E+00
5.00000E-04	9.83146E+00	6.15601E+00
5.00000E-04	1.01124E+01	6.95196E+00
5.00000E-04	1.03933E+01	7.95469E+00
5.00000E-04	1.06742E+01	8.85862E+00
5.00000E-04	1.09551E+01	9.80810E+00
5.00000E-04	1.12360E+01	1.05824E+01
5.00000E-04	1.15169E+01	1.13651E+01
5.00000E-04	1.17978E+01	1.22081E+01
5.00000E-04	1.20787E+01	1.29833E+01
5.00000E-04	1.23596E+01	1.38488E+01
5.00000E-04	1.26404E+01	1.45484E+01
5.00000E-04	1.29213E+01	1.53121E+01
5.00000E-04	1.32022E+01	1.58166E+01
5.00000E-04	1.34831E+01	1.63313E+01
5.00000E-04	1.37640E+01	1.67827E+01
5.00000E-04	1.40449E+01	1.72326E+01
5.00000E-04	1.43258E+01	1.76704E+01
5.00000E-04	1.46067E+01	1.80344E+01
5.00000E-04	1.48876E+01	1.84089E+01
5.00000E-04	1.51685E+01	1.85373E+01
5.00000E-04	1.54494E+01	1.87267E+01
5.00000E-04	1.57303E+01	1.89046E+01
5.00000E-04	1.60112E+01	1.90542E+01
5.00000E-04	1.62921E+01	1.91869E+01
5.00000E-04	1.65730E+01	1.93312E+01
5.00000E-04	1.68539E+01	1.95036E+01
5.00000E-04	1.71348E+01	1.96239E+01
5.00000E-04	1.74157E+01	1.97806E+01
5.00000E-04	1.76966E+01	1.98902E+01
5.00000E-04	1.79775E+01	2.00515E+01
5.00000E-04	1.82584E+01	2.02025E+01
5.00000E-04	1.85393E+01	2.03017E+01
5.00000E-04	1.88202E+01	2.04035E+01
5.00000E-04	1.91011E+01	2.04828E+01
5.00000E-04	1.93820E+01	2.05012E+01
5.00000E-04	1.96629E+01	2.05253E+01
5.00000E-04	1.99438E+01	2.04598E+01
5.00000E-04	2.02247E+01	2.03519E+01
5.00000E-04	2.05056E+01	2.02437E+01
5.00000E-04	2.07865E+01	2.01487E+01
5.00000E-04	2.10674E+01	1.99946E+01
5.00000E-04	2.13483E+01	1.98777E+01
5.00000E-04	2.16292E+01	1.97720E+01
5.00000E-04	2.19101E+01	1.96574E+01
5.00000E-04	2.21910E+01	1.95342E+01
5.00000E-04	2.24719E+01	1.94291E+01
5.00000E-04	2.27528E+01	1.93100E+01
5.00000E-04	2.30337E+01	1.90862E+01
5.00000E-04	2.33146E+01	1.88755E+01
5.00000E-04	2.35955E+01	1.86781E+01
5.00000E-04	2.38764E+01	1.84879E+01
5.00000E-04	2.41573E+01	1.82869E+01
5.00000E-04	2.44382E+01	1.81081E+01
5.00000E-04	2.47191E+01	1.79424E+01
5.00000E-04	2.50000E+01	1.77628E+01
1.00000E-03	0.00000E+00	9.55353E-01
1.00000E-03	2.80899E-01	8.37635E-02
1.00000E-03	5.61798E-01	5.49843E-02
1.00000E-03	8.42697E-01	4.93410E-02
1.00000E-03	1.12360E+00	4.91064E-02
1.00000E-03	1.40449E+00	5.20904E-02
1.00000E-03	1.68539E+00	5.70310E-02
1.00000E-03	1.96629E+00	6.17691E-02
1.00000E-03	2.24719E+00	6.56242E-02
1.00000E-03	2.52809E+00	6.86347E-02
1.00000E-03	2.80899E+00	7.17643E-02
1.00000E-03	3.08989E+00	7.57033E-02
1.00000E-03	3.37079E+00	8.03018E-02
1.00000E-03	3.65169E+00	8.64071E-02
1.00000E-03	3.93258E+00	9.48866E-02
1.00000E-03	4.21348E+00	1.09276E-01
1.00000E-03	4.49438E+00	1.26136E-01
1.00000E-03	4.77528E+00	1.55624E-01
1.00000E-03	5.05618E+00	1.86825E-01
1.00000E-03	5.33708E+00	2.32942E-01
1.00000E-03	5.61798E+00	2.84304E-01
1.00000E-03	5.89888E+00	3.55533E-01
1.00000E-03	6.17978E+00	4.34564E-01
1.00000E-03	6.46067E+00	5.36069E-01
1.00000E-03	6.74157E+00	6.89690E-01
1.00000E-03	7.02247E+00	8.59179E-01
1.00000E-03	7.30337E+00	1.13942E+00
1.00000E-03	7.58427E+00	1.43717E+00
1.00000E-03	7.86517E+00	1.87495E+00
1.00000E-03	8.14607E+00	2.36311E+00
1.00000E-03	8.42697E+00	3.04291E+00
1.00000E-03	8.70787E+00	3.73772E+00
1.00000E-03	8.98876E+00	4.53305E+00
1.00000E-03	9.26966E+00	5.44854E+00
1.00000E-03	9.55056E+00	6.30931E+00
1.00000E-03	9.83146E+00	7.37107E+00
1.00000E-03	1.01124E+01	8.32412E+00
1.00000E-03	1.03933E+01	9.52447E+00
1.00000E-03	1.06742E+01	1.06071E+01
1.00000E-03	1.09551E+01	1.17440E+01
1.00000E-03	1.12360E+01	1.26711E+01
1.00000E-03	1.15169E+01	1.36083E+01
1.00000E-03	1.17978E+01	1.46177E+01
1.00000E-03	1.20787E+01	1.55458E+01
1.00000E-03	1.23596E+01	1.65822E+01
1.00000E-03	1.26404E+01	1.74199E+01
1.00000E-03	1.29213E+01	1.83344E+01
1.00000E-03	1.32022E+01	1.89385E+01
1.00000E-03	1.34831E+01	1.95547E+01
1.00000E-03	1.37640E+01	2.00952E+01
1.00000E-03	1.40449E+01	2.06339E+01
1.00000E-03	1.43258E+01	2.11582E+01
1.00000E-03	1.46067E+01	2.15940E+01
1.00000E-03	1.48876E+01	2.20425E+01
1.00000E-03	1.51685E+01	2.21962E+01
1.00000E-03	1.54494E+01	2.24230E+01
1.00000E-03	1.57303E+01	2.26360E+01
1.00000E-03	1.60112E+01	2.28150E+01
1.00000E-03	1.62921E+01	2.29739E+01
1.00000E-03	1.65730E+01	2.31468E+01
1.00000E-03	1.68539E+01	2.33532E+01
1.00000E-03	1.71348E+01	2.34972E+01
1.00000E-03	1.74157E+01	2.36853E+01
1.00000E-03	1.76966E+01	2.38161E+01
1.00000E-03	1.79775E+01	2.40092E+01
1.00000E-03	1.82584E+01	2.41900E+01
1.00000E-03	1.85393E+01	2.43088E+01
1.00000E-03	1.88202E+01	2.44307E+01
1.00000E-03	1.91011E+01	2.45260E+01
1.00000E-03	1.93820E+01	2.45477E+01
1.00000E-03	1.96629E+01	2.45765E+01
1.00000E-03	1.99438E+01	2.44956E+01
1.00000E-03	2.02247E+01	2.43689E+01
1.00000E-03	2.05056E+01	2.42394E+01
1.00000E-03	2.07865E+01	2.41256E+01
1.00000E-03	2.10674E+01	2.39411E+01
1.00000E-03	2.13483E+01	2.38011E+01
1.00000E-03	2.16292E+01	2.36745E+01
1.00000E-03	2.19101E+01	2.35374E+01
1.00000E-03	2.21910E+01	2.33898E+01
1.00000E-03	2.24719E+01	2.32640E+01
1.00000E-03	2.27528E+01	2.31214E+01
1.00000E-03	2.30337E+01	2.28534E+01
1.00000E-03	2.33146E+01	2.26011E+01
1.00000E-03	2.35955E+01	2.23648E+01
1.00000E-03	2.38764E+01	2.21370E+01
1.00000E-03	2.41573E+01	2.18963E+01
1.00000E-03	2.44382E+01	2.16822E+01
1.00000E-03	2.47191E+01	2.14838E+01
1.00000E-03	2.50000E+01	2.12688E+01
5.00000E-03	0.00000E+00	9.28487E-01
5.00000E-03	2.80899E-01	1.51955E-01
5.00000E-03	5.61798E-01	9.97469E-02
5.00000E-03	8.42697E-01	8.95106E-02
5.00000E-03	1.12360E+00	8.90754E-02
5.00000E-03	1.40449E+00	9.44852E-02
5.00000E-03	1.68539E+00	1.03462E-01
5.00000E-03	1.96629E+00	1.12050E-01
5.00000E-03	2.24719E+00	1.19036E-01
5.00000E-03	2.52809E+00	1.24509E-01
5.00000E-03	2.80899E+00	1.30186E-01
5.00000E-03	3.08989E+00	1.37363E-01
5.00000E-03	3.37079E+00	1.45683E-01
5.00000E-03	3.65169E+00	1.56682E-01
5.00000E-03	3.93258E+00	1.72196E-01
5.00000E-03	4.21348E+00	1.98206E-01
5.00000E-03	4.49438E+00	2.28623E-01
5.00000E-03	4.77528E+00	2.82112E-01
5.00000E-03	5.05618E+00	3.39150E-01
5.00000E-03	5.33708E+00	4.22438E-01
5.00000E-03	5.61798E+00	5.15928E-01
5.00000E-03	5.89888E+00	6.44532E-01
5.00000E-03	6.17978E+00	7.87930E-01
5.00000E-03	6.46067E+00	9.72520E-01
5.00000E-03	6.74157E+00	1.24949E+00
5.00000E-03	7.02247E+00	1.55752E+00
5.00000E-03	7.30337E+00	2.06700E+00
5.00000E-03	7.58427E+00	2.60693E+00
5.00000E-03	7.86517E+00	3.40226E+00
5.00000E-03	8.14607E+00	4.28338E+00
5.00000E-03	8.42697E+00	5.51973E+00
5.00000E-03	8.70787E+00	6.78069E+00
5.00000E-03	8.98876E+00	8.22413E+00
5.00000E-03	9.26966E+00	9.88055E+00
5.00000E-03	9.55056E+00	1.14457E+01
5.00000E-03	9.83146E+00	1.33698E+01
5.00000E-03	1.01124E+01	1.50991E+01
5.00000E-03	1.03933E+01	1.72779E+01
5.00000E-03	1.06742E+01	1.92421E+01
5.00000E-03	1.09551E+01	2.13050E+01
5.00000E-03	1.12360E+01	2.29745E+01
5.00000E-03	1.15169E+01	2.46813E+01
5.00000E-03	1.17978E+01	2.65183E+01
5.00000E-03	1.20787E+01	2.81880E+01
5.00000E-03	1.23596E+01	3.00812E+01
5.00000E-03	1.26404E+01	3.16019E+01
5.00000E-03	1.29213E+01	3.32723E+01
5.00000E-03	1.32022E+01	3.43561E+01
5.00000E-03	1.34831E+01	3.54789E+01
5.00000E-03	1.37640E+01	3.64645E+01
5.00000E-03	1.40449E+01	3.74318E+01
5.00000E-03	1.43258E+01	3.83831E+01
5.00000E-03	1.46067E+01	3.91736E+01
5.00000E-03	1.48876E+01	3.99882E+01
5.00000E-03	1.51685E+01	4.02661E+01
5.00000E-03	1.54494E+01	4.06775E+01
5.00000E-03	1.57303E+01	4.10636E+01
5.00000E-03	1.60112E+01	4.13889E+01
5.00000E-03	1.62921E+01	4.16783E+01
5.00000E-03	1.65730E+01	4.19892E+01
5.00000E-03	1.68539E+01	4.23651E+01
5.00000E-03	1.71348E+01	4.26262E+01
5.00000E-03	1.74157E+01	4.29755E+01
5.00000E-03	1.76966E+01	4.32070E+01
5.00000E-03	1.79775E+01	4.35550E+01
5.00000E-03	1.82584E+01	4.38820E+01
5.00000E-03	1.85393E+01	4.40985E+01
5.00000E-03	1.88202E+01	4.43203E+01
5.00000E-03	1.91011E+01	4.44942E+01
5.00000E-03	1.93820E+01	4.45320E+01
5.00000E-03	1.96629E+01	4.45842E+01
5.00000E-03	1.99438E+01	4.44314E+01
5.00000E-03	2.02247E+01	4.42075E+01
5.00000E-03	2.05056E+01	4.39732E+01
5.00000E-03	2.07865E+01	4.37651E+01
5.00000E-03	2.10674E+01	4.34315E+01
5.00000E-03	2.13483E+01	4.31775E+01
5.00000E-03	2.16292E+01	4.29480E+01
5.00000E-03	2.19101E+01	4.26991E+01
5.00000E-03	2.21910E+01	4.24314E+01
5.00000E-03	2.24719E+01	4.22032E+01
5.00000E-03	2.27528E+01	4.19445E+01
5.00000E-03	2.30337E+01	4.14581E+01
5.00000E-03	2.33146E+01	4.10000E+01
5.00000E-03	2.35955E+01	4.05719E+01
5.00000E-03	2.38764E+01	4.01590E+01
5.00000E-03	2.41573E+01	3.97209E+01
5.00000E-03	2.44382E+01	3.93336E+01
5.00000E-03	2.47191E+01	3.89738E+01
5.00000E-03	2.50000E+01	3.85837E+01
1.00000E-02	0.00000E+00	9.34417E-01
1.00000E-02	2.80899E-01	1.98591E-01
1.00000E-02	5.61798E-01	1.30360E-01
1.00000E-02	8.42697E-01	1.16983E-01
1.00000E-02	1.12360E+00	1.16414E-01
1.00000E-02	1.40449E+00	1.23484E-01
1.00000E-02	1.68539E+00	1.35216E-01
1.00000E-02	1.96629E+00	1.46440E-01
1.00000E-02	2.24719E+00	1.55570E-01
1.00000E-02	2.52809E+00	1.62722E-01
1.00000E-02	2.80899E+00	1.70141E-01
1.00000E-02	3.08989E+00	1.79523E-01
1.00000E-02	3.37079E+00	1.90395E-01
1.00000E-02	3.65169E+00	2.04765E-01
1.00000E-02	3.93258E+00	2.25052E-01
1.00000E-02	4.21348E+00	2.59039E-01
1.00000E-02	4.49438E+00	2.98743E-01
1.00000E-02	4.77528E+00	3.68662E-01
1.00000E-02	5.05618E+00	4.43264E-01
1.00000E-02	5.33708E+00	5.52028E-01
1.00000E-02	5.61798E+00	6.74377E-01
1.00000E-02	5.89888E+00	8.42278E-01
1.00000E-02	6.17978E+00	1.02944E+00
1.00000E-02	6.46067E+00	1.27104E+00
1.00000E-02	6.74157E+00	1.63245E+00
1.00000E-02	7.02247E+00	2.03513E+00
1.00000E-02	7.30337E+00	2.70132E+00
1.00000E-02	7.58427E+00	3.40702E+00
1.00000E-02	7.86517E+00	4.44698E+00
1.00000E-02	8.14607E+00	5.59356E+00
1.00000E-02	8.42697E+00	7.21184E+00
1.00000E-02	8.70787E+00	8.86283E+00
1.00000E-02	8.98876E+00	1.07484E+01
1.00000E-02	9.26966E+00	1.29081E+01
1.00000E-02	9.55056E+00	1.49581E+01
1.00000E-02	9.83146E+00	1.74667E+01
1.00000E-02	1.01124E+01	1.97267E+01
1.00000E-02	1.03933E+01	2.25810E+01
1.00000E-02	1.06742E+01	2.51439E+01
1.00000E-02	1.09551E+01	2.78477E+01
1.00000E-02	1.12360E+01	3.00126E+01
1.00000E-02	1.15169E+01	3.22480E+01
1.00000E-02	1.17978E+01	3.46565E+01
1.00000E-02	1.20787E+01	3.68299E+01
1.00000E-02	1.23596E+01	3.93067E+01
1.00000E-02	1.26404E+01	4.13077E+01
1.00000E-02	1.29213E+01	4.34921E+01
1.00000E-02	1.32022E+01	4.49010E+01
1.00000E-02	1.34831E+01	4.63747E+01
1.00000E-02	1.37640E+01	4.76664E+01
1.00000E-02	1.40449E+01	4.89168E+01
1.00000E-02	1.43258E+01	5.01662E+01
1.00000E-02	1.46067E+01	5.11964E+01
1.00000E-02	1.48876E+01	5.22650E+01
1.00000E-02	1.51685E+01	5.26250E+01
1.00000E-02	1.54494E+01	5.31619E+01
1.00000E-02	1.57303E+01	5.36630E+01
1.00000E-02	1.60112E+01	5.40941E+01
1.00000E-02	1.62921E+01	5.44730E+01
1.00000E-02	1.65730E+01	5.48708E+01
1.00000E-02	1.68539E+01	5.53678E+01
1.00000E-02	1.71348E+01	5.57086E+01
1.00000E-02	1.74157E+01	5.61680E+01
1.00000E-02	1.76966E+01	5.64706E+01
1.00000E-02	1.79775E+01	5.69226E+01
1.00000E-02	1.82584E+01	5.73422E+01
1.00000E-02	1.85393E+01	5.76335E+01
1.00000E-02	1.88202E+01	5.79263E+01
1.00000E-02	1.91011E+01	5.81499E+01
1.00000E-02	1.93820E+01	5.82013E+01
1.00000E-02	1.96629E+01	5.82677E+01
1.00000E-02	1.99438E+01	5.80669E+01
1.00000E-02	2.02247E+01	5.77744E+01
1.00000E-02	2.05056E+01	5.74712E+01
1.00000E-02	2.07865E+01	5.71917E+01
1.00000E-02	2.10674E+01	5.67622E+01
1.00000E-02	2.13483E+01	5.64291E+01
1.00000E-02	2.16292E+01	5.61304E+01
1.00000E-02	2.19101E+01	5.58042E+01
1.00000E-02	2.21910E+01	5.54541E+01
1.00000E-02	2.24719E+01	5.51557E+01
1.00000E-02	2.27528E+01	5.48182E+01
1.00000E-02	2.30337E+01	5.41808E+01
1.00000E-02	2.33146E+01	5.35819E+01
1.00000E-02	2.35955E+01	5.30241E+01
1.00000E-02	2.38764E+01	5.24856E+01
1.00000E-02	2.41573E+01	5.19094E+01
1.00000E-02	2.44382E+01	5.14057E+01
1.00000E-02	2.47191E+01	5.09353E+01
1.00000E-02	2.50000E+01	5.04256E+01
5.00000E-02	0.00000E+00	9.59606E-01
5.00000E-02	2.80899E-01	3.04539E-01
5.00000E-02	5.61798E-01	1.99944E-01
5.00000E-02	8.42697E-01	1.79437E-01
5.00000E-02	1.12360E+00	1.78563E-01
5.00000E-02	1.40449E+00	1.89394E-01
5.00000E-02	1.68539E+00	2.07389E-01
5.00000E-02	1.96629E+00	2.24632E-01
5.00000E-02	2.24719E+00	2.38603E-01
5.00000E-02	2.52809E+00	2.49572E-01
5.00000E-02	2.80899E+00	2.60958E-01
5.00000E-02	3.08989E+00	2.75347E-01
5.00000E-02	3.37079E+00	2.92017E-01
5.00000E-02	3.65169E+00	3.14067E-01
5.00000E-02	3.93258E+00	3.45172E-01
5.00000E-02	4.21348E+00	3.97314E-01
5.00000E-02	4.49438E+00	4.58216E-01
5.00000E-02	4.77528E+00	5.65433E-01
5.00000E-02	5.05618E+00	6.79884E-01
5.00000E-02	5.33708E+00	8.46642E-01
5.00000E-02	5.61798E+00	1.03438E+00
5.00000E-02	5.89888E+00	1.29180E+00
5.00000E-02	6.17978E+00	1.57891E+00
5.00000E-02	6.46067E+00	1.94938E+00
5.00000E-02	6.74157E+00	2.50371E+00
5.00000E-02	7.02247E+00	3.12216E+00
5.00000E-02	7.30337E+00	4.14308E+00
5.00000E-02	7.58427E+00	5.22576E+00
5.00000E-02	7.86517E+00	6.82040E+00
5.00000E-02	8.14607E+00	8.57661E+00
5.00000E-02	8.42697E+00	1.10592E+01
5.00000E-02	8.70787E+00	1.35953E+01
5.00000E-02	8.98876E+00	1.64853E+01
5.00000E-02	9.26966E+00	1.97964E+01
5.00000E-02	9.55056E+00	2.29434E+01
5.00000E-02	9.83146E+00	2.67844E+01
5.00000E-02	1.01124E+01	3.02503E+01
5.00000E-02	1.03933E+01	3.46341E+01
5.00000E-02	1.06742E+01	3.85530E+01
5.00000E-02	1.09551E+01	4.27247E+01
5.00000E-02	1.12360E+01	4.60186E+01
5.00000E-02	1.15169E+01	4.94543E+01
5.00000E-02	1.17978E+01	5.31543E+01
5.00000E-02	1.20787E+01	5.64826E+01
5.00000E-02	1.23596E+01	6.02660E+01
5.00000E-02	1.26404E+01	6.33758E+01
5.00000E-02	1.29213E+01	6.67106E+01
5.00000E-02	1.32022E+01	6.88674E+01
5.00000E-02	1.34831E+01	7.11328E+01
5.00000E-02	1.37640E+01	7.31196E+01
5.00000E-02	1.40449E+01	7.50148E+01
5.00000E-02	1.43258E+01	7.69507E+01
5.00000E-02	1.46067E+01	7.85143E+01
5.00000E-02	1.48876E+01	8.01639E+01
5.00000E-02	1.51685E+01	8.07157E+01
5.00000E-02	1.54494E+01	8.15313E+01
5.00000E-02	1.57303E+01	8.22972E+01
5.00000E-02	1.60112E+01	8.29747E+01
5.00000E-02	1.62921E+01	8.35497E+01
5.00000E-02	1.65730E+01	8.41506E+01
5.00000E-02	1.68539E+01	8.49220E+01
5.00000E-02	1.71348E+01	8.54287E+01
5.00000E-02	1.74157E+01	8.61485E+01
5.00000E-02	1.76966E+01	8.66134E+01
5.00000E-02	1.79775E+01	8.73031E+01
5.00000E-02	1.82584E+01	8.79172E+01
5.00000E-02	1.85393E+01	8.83988E+01
5.00000E-02	1.88202E+01	8.88501E+01
5.00000E-02	1.91011E+01	8.91875E+01
5.00000E-02	1.93820E+01	8.92927E+01
5.00000E-02	1.96629E+01	8.93644E+01
5.00000E-02	1.99438E+01	8.90587E+01
5.00000E-02	2.02247E+01	8.86035E+01
5.00000E-02	2.05056E+01	8.81484E+01
5.00000E-02	2.07865E+01	8.77021E+01
5.00000E-02	2.10674E+01	8.70726E+01
5.00000E-02	2.13483E+01	8.65414E+01
5.00000E-02	2.16292E+01	8.60996E+01
5.00000E-02	2.19101E+01	8.55986E+01
5.00000E-02	2.21910E+01	8.50471E+01
5.00000E-02	2.24719E+01	8.45901E+01
5.00000E-02	2.27528E+01	8.40840E+01
5.00000E-02	2.30337E+01	8.30957E+01
5.00000E-02	2.33146E+01	8.21788E+01
5.00000E-02	2.35955E+01	8.13319E+01
5.00000E-02	2.38764E+01	8.05037E+01
5.00000E-02	2.41573E+01	7.96117E+01
5.00000E-02	2.44382E+01	7.88447E+01
5.00000E-02	2.47191E+01	7.81159E+01
5.00000E-02	2.50000E+01	7.73404E+01
1.00000E-01	0.00000E+00	9.47413E-01
1.00000E-01	2.80899E-01	3.74881E-01
1.00000E-01	5.61798E-01	2.46330E-01
1.00000E-01	8.42697E-01	2.21096E-01
1.00000E-01	1.12360E+00	2.19999E-01
1.00000E-01	1.40449E+00	2.33315E-01
1.00000E-01	1.68539E+00	2.55475E-01
1.00000E-01	1.96629E+00	2.76776E-01
1.00000E-01	2.24719E+00	2.93920E-01
1.00000E-01	2.52809E+00	3.07421E-01
1.00000E-01	2.80899E+00	3.21471E-01
1.00000E-01	3.08989E+00	3.39195E-01
1.00000E-01	3.37079E+00	3.59707E-01
1.00000E-01	3.65169E+00	3.86915E-01
1.00000E-01	3.93258E+00	4.25180E-01
1.00000E-01	4.21348E+00	4.89477E-01
1.00000E-01	4.49438E+00	5.64611E-01
1.00000E-01	4.77528E+00	6.96534E-01
1.00000E-01	5.05618E+00	8.37619E-01
1.00000E-01	5.33708E+00	1.04284E+00
1.00000E-01	5.61798E+00	1.27437E+00
1.00000E-01	5.89888E+00	1.59109E+00
1.00000E-01	6.17978E+00	1.94524E+00
1.00000E-01	6.46067E+00	2.40148E+00
1.00000E-01	6.74157E+00	3.08454E+00
1.00000E-01	7.02247E+00	3.84870E+00
1.00000E-01	7.30337E+00	5.10342E+00
1.00000E-01	7.58427E+00	6.43811E+00
1.00000E-01	7.86517E+00	8.40106E+00
1.00000E-01	8.14607E+00	1.05664E+01
1.00000E-01	8.42697E+00	1.36215E+01
1.00000E-01	8.70787E+00	1.67491E+01
1.00000E-01	8.98876E+00	2.03067E+01
1.00000E-01	9.26966E+00	2.43872E+01
1.00000E-01	9.55056E+00	2.82690E+01
1.00000E-01	9.83146E+00	3.29932E+01
1.00000E-01	1.01124E+01	3.72658E+01
1.00000E-01	1.03933E+01	4.26614E+01
1.00000E-01	1.06742E+01	4.74924E+01
1.00000E-01	1.09551E+01	5.26267E+01
1.00000E-01	1.12360E+01	5.66893E+01
1.00000E-01	1.15169E+01	6.09247E+01
1.00000E-01	1.17978E+01	6.54779E+01
1.00000E-01	1.20787E+01	6.95825E+01
1.00000E-01	1.23596E+01	7.42366E+01
1.00000E-01	1.26404E+01	7.80695E+01
1.00000E-01	1.29213E+01	8.21724E+01
1.00000E-01	1.32022E+01	8.48345E+01
1.00000E-01	1.34831E+01	8.76221E+01
1.00000E-01	1.37640E+01	9.00727E+01
1.00000E-01	1.40449E+01	9.24097E+01
1.00000E-01	1.43258E+01	9.47911E+01
1.00000E-01	1.46067E+01	9.67180E+01
1.00000E-01	1.48876E+01	9.87456E+01
1.00000E-01	1.51685E+01	9.94292E+01
1.00000E-01	1.54494E+01	1.00434E+02
1.00000E-01	1.57303E+01	1.01378E+02
1.00000E-01	1.60112E+01	1.02212E+02
1.00000E-01	1.62921E+01	1.02921E+02
1.00000E-01	1.65730E+01	1.03662E+02
1.00000E-01	1.68539E+01	1.04611E+02
1.00000E-01	1.71348E+01	1.05235E+02
1.00000E-01	1.74157E+01	1.06120E+02
1.00000E-01	1.76966E+01	1.06695E+02
1.00000E-01	1.79775E+01	1.07544E+02
1.00000E-01	1.82584E+01	1.08299E+02
1.00000E-01	1.85393E+01	1.08894E+02
1.00000E-01	1.88202E+01	1.09449E+02
1.00000E-01	1.91011E+01	1.09865E+02
1.00000E-01	1.93820E+01	1.09996E+02
1.00000E-01	1.96629E+01	1.10082E+02
1.00000E-01	1.99438E+01	1.09707E+02
1.00000E-01	2.02247E+01	1.09146E+02
1.00000E-01	2.05056E+01	1.08585E+02
1.00000E-01	2.07865E+01	1.08034E+02
1.00000E-01	2.10674E+01	1.07261E+02
1.00000E-01	2.13483E+01	1.06605E+02
1.00000E-01	2.16292E+01	1.06061E+02
1.00000E-01	2.19101E+01	1.05444E+02
1.00000E-01	2.21910E+01	1.04764E+02
1.00000E-01	2.24719E+01	1.04202E+02
1.00000E-01	2.27528E+01	1.03578E+02
1.00000E-01	2.30337E+01	1.02361E+02
1.00000E-01	2.33146E+01	1.01231E+02
1.00000E-01	2.35955E+01	1.00189E+02
1.00000E-01	2.38764E+01	9.91679E+01
1.00000E-01	2.41573E+01	9.80696E+01
1.00000E-01	2.44382E+01	9.71246E+01
1.00000E-01	2.47191E+01	9.62261E+01
1.00000E-01	2.50000E+01	9.52713E+01
2.00000E-01	0.00000E+00	9.44166E-01
2.00000E-01	2.80899E-01	4.68864E-01
2.00000E-01	5.61798E-01	3.09285E-01
2.00000E-01	8.42697E-01	2.77712E-01
2.00000E-01	1.12360E+00	2.76298E-01
2.00000E-01	1.40449E+00	2.92955E-01
2.00000E-01	1.68539E+00	3.20691E-01
2.00000E-01	1.96629E+00	3.47569E-01
2.00000E-01	2.24719E+00	3.68939E-01
2.00000E-01	2.52809E+00	3.85874E-01
2.00000E-01	2.80899E+00	4.03593E-01
2.00000E-01	3.08989E+00	4.25794E-01
2.00000E-01	3.37079E+00	4.51414E-01
2.00000E-01	3.65169E+00	4.85817E-01
2.00000E-01	3.93258E+00	5.33712E-01
2.00000E-01	4.21348E+00	6.14595E-01
2.00000E-01	4.49438E+00	7.09668E-01
2.00000E-01	4.77528E+00	8.74358E-01
2.00000E-01	5.05618E+00	1.05194E+00
2.00000E-01	5.33708E+00	1.30860E+00
2.00000E-01	5.61798E+00	1.60043E+00
2.00000E-01	5.89888E+00	1.99619E+00
2.00000E-01	6.17978E+00	2.44294E+00
2.00000E-01	6.46067E+00	3.01644E+00
2.00000E-01	6.74157E+00	3.87336E+00
2.00000E-01	7.02247E+00	4.84147E+00
2.00000E-01	7.30337E+00	6.40474E+00
2.00000E-01	7.58427E+00	8.08526E+00
2.00000E-01	7.86517E+00	1.05420E+01
2.00000E-01	8.14607E+00	1.32697E+01
2.00000E-01	8.42697E+00	1.70902E+01
2.00000E-01	8.70787E+00	2.10314E+01
2.00000E-01	8.98876E+00	2.54921E+01
2.00000E-01	9.26966E+00	3.06135E+01
2.00000E-01	9.55056E+00	3.55089E+01
2.00000E-01	9.83146E+00	4.14069E+01
2.00000E-01	1.01124E+01	4.67898E+01
2.00000E-01	1.03933E+01	5.35356E+01
2.00000E-01	1.06742E+01	5.96180E+01
2.00000E-01	1.09551E+01	6.60408E+01
2.00000E-01	1.12360E+01	7.11624E+01
2.00000E-01	1.15169E+01	7.64884E+01
2.00000E-01	1.17978E+01	8.21866E+01
2.00000E-01	1.20787E+01	8.73595E+01
2.00000E-01	1.23596E+01	9.31722E+01
2.00000E-01	1.26404E+01	9.79952E+01
2.00000E-01	1.29213E+01	1.03120E+02
2.00000E-01	1.32022E+01	1.06486E+02
2.00000E-01	1.34831E+01	1.09974E+02
2.00000E-01	1.37640E+01	1.13061E+02
2.00000E-01	1.40449E+01	1.16005E+02
2.00000E-01	1.43258E+01	1.18980E+02
2.00000E-01	1.46067E+01	1.21407E+02
2.00000E-01	1.48876E+01	1.23925E+02
2.00000E-01	1.51685E+01	1.24803E+02
2.00000E-01	1.54494E+01	1.26063E+02
2.00000E-01	1.57303E+01	1.27250E+02
2.00000E-01	1.60112E+01	1.28296E+02
2.00000E-01	1.62921E+01	1.29186E+02
2.00000E-01	1.65730E+01	1.30125E+02
2.00000E-01	1.68539E+01	1.31305E+02
2.00000E-01	1.71348E+01	1.32094E+02
2.00000E-01	1.74157E+01	1.33194E+02
2.00000E-01	1.76966E+01	1.33925E+02
2.00000E-01	1.79775E+01	1.34987E+02
2.00000E-01	1.82584E+01	1.35936E+02
2.00000E-01	1.85393E+01	1.36686E+02
2.00000E-01	1.88202E+01	1.37379E+02
2.00000E-01	1.91011E+01	1.37899E+02
2.00000E-01	1.93820E+01	1.38066E+02
2.00000E-01	1.96629E+01	1.38169E+02
2.00000E-01	1.99438E+01	1.37703E+02
2.00000E-01	2.02247E+01	1.36998E+02
2.00000E-01	2.05056E+01	1.36295E+02
2.00000E-01	2.07865E+01	1.35602E+02
2.00000E-01	2.10674E+01	1.34635E+02
2.00000E-01	2.13483E+01	1.33810E+02
2.00000E-01	2.16292E+01	1.33126E+02
2.00000E-01	2.19101E+01	1.32351E+02
2.00000E-01	2.21910E+01	1.31498E+02
2.00000E-01	2.24719E+01	1.30793E+02
2.00000E-01	2.27528E+01	1.30004E+02
2.00000E-01	2.30337E+01	1.28484E+02
2.00000E-01	2.33146E+01	1.27065E+02
2.00000E-01	2.35955E+01	1.25756E+02
2.00000E-01	2.38764E+01	1.24473E+02
2.00000E-01	2.41573E+01	1.23097E+02
2.00000E-01	2.44382E+01	1.21910E+02
2.00000E-01	2.47191E+01	1.20782E+02
2.00000E-01	2.50000E+01	1.19584E+02
2.50000E-01	0.00000E+00	9.47672E-01
2.50000E-01	2.80899E-01	4.99219E-01
2.50000E-01	5.61798E-01	3.30469E-01
2.50000E-01	8.42697E-01	2.96799E-01
2.50000E-01	1.12360E+00	2.95305E-01
2.50000E-01	1.40449E+00	3.13087E-01
2.50000E-01	1.68539E+00	3.42646E-01
2.50000E-01	1.96629E+00	3.71412E-01
2.50000E-01	2.24719E+00	3.94173E-01
2.50000E-01	2.52809E+00	4.12281E-01
2.50000E-01	2.80899E+00	4.31261E-01
2.50000E-01	3.08989E+00	4.54939E-01
2.50000E-01	3.37079E+00	4.82219E-01
2.50000E-01	3.65169E+00	5.19156E-01
2.50000E-01	3.93258E+00	5.70320E-01
2.50000E-01	4.21348E+00	6.56749E-01
2.50000E-01	4.49438E+00	7.58912E-01
2.50000E-01	4.77528E+00	9.34201E-01
2.50000E-01	5.05618E+00	1.12434E+00
2.50000E-01	5.33708E+00	1.39784E+00
2.50000E-01	5.61798E+00	1.71053E+00
2.50000E-01	5.89888E+00	2.13214E+00
2.50000E-01	6.17978E+00	2.61094E+00
2.50000E-01	6.46067E+00	3.22462E+00
2.50000E-01	6.74157E+00	4.13937E+00
2.50000E-01	7.02247E+00	5.17937E+00
2.50000E-01	7.30337E+00	6.84191E+00
2.50000E-01	7.58427E+00	8.64186E+00
2.50000E-01	7.86517E+00	1.12605E+01
2.50000E-01	8.14607E+00	1.41826E+01
2.50000E-01	8.42697E+00	1.82544E+01
2.50000E-01	8.70787E+00	2.24751E+01
2.50000E-01	8.98876E+00	2.72394E+01
2.50000E-01	9.26966E+00	3.27079E+01
2.50000E-01	9.55056E+00	3.79539E+01
2.50000E-01	9.83146E+00	4.42334E+01
2.50000E-01	1.01124E+01	5.00010E+01
2.50000E-01	1.03933E+01	5.71859E+01
2.50000E-01	1.06742E+01	6.36993E+01
2.50000E-01	1.09551E+01	7.05453E+01
2.50000E-01	1.12360E+01	7.60322E+01
2.50000E-01	1.15169E+01	8.17277E+01
2.50000E-01	1.17978E+01	8.78048E+01
2.50000E-01	1.20787E+01	9.33460E+01
2.50000E-01	1.23596E+01	9.95349E+01
2.50000E-01	1.26404E+01	1.04699E+02
2.50000E-01	1.29213E+01	1.10153E+02
2.50000E-01	1.32022E+01	1.13768E+02
2.50000E-01	1.34831E+01	1.17489E+02
2.50000E-01	1.37640E+01	1.20793E+02
2.50000E-01	1.40449E+01	1.23944E+02
2.50000E-01	1.43258E+01	1.27113E+02
2.50000E-01	1.46067E+01	1.29712E+02
2.50000E-01	1.48876E+01	1.32383E+02
2.50000E-01	1.51685E+01	1.33336E+02
2.50000E-01	1.54494E+01	1.34681E+02
2.50000E-01	1.57303E+01	1.35951E+02
2.50000E-01	1.60112E+01	1.37066E+02
2.50000E-01	1.62921E+01	1.38019E+02
2.50000E-01	1.65730E+01	1.39027E+02
2.50000E-01	1.68539E+01	1.40281E+02
2.50000E-01	1.71348E+01	1.41128E+02
2.50000E-01	1.74157E+01	1.42295E+02
2.50000E-01	1.76966E+01	1.43083E+02
2.50000E-01	1.79775E+01	1.44216E+02
2.50000E-01	1.82584E+01	1.45230E+02
2.50000E-01	1.85393E+01	1.46032E+02
2.50000E-01	1.88202E+01	1.46771E+02
2.50000E-01	1.91011E+01	1.47325E+02
2.50000E-01	1.93820E+01	1.47505E+02
2.50000E-01	1.96629E+01	1.47612E+02
2.50000E-01	1.99438E+01	1.47117E+02
2.50000E-01	2.02247E+01	1.46364E+02
2.50000E-01	2.05056E+01	1.45613E+02
2.50000E-01	2.07865E+01	1.44871E+02
2.50000E-01	2.10674E+01	1.43841E+02
2.50000E-01	2.13483E+01	1.42959E+02
2.50000E-01	2.16292E+01	1.42226E+02
2.50000E-01	2.19101E+01	1.41397E+02
2.50000E-01	2.21910E+01	1.40488E+02
2.50000E-01	2.24719E+01	1.39736E+02
2.50000E-01	2.27528E+01	1.38887E+02
2.50000E-01	2.30337E+01	1.37269E+02
2.50000E-01	2.33146E+01	1.35751E+02
2.50000E-01	2.35955E+01	1.34353E+02
2.50000E-01	2.38764E+01	1.32982E+02
2.50000E-01	2.41573E+01	1.31514E+02
2.50000E-01	2.44382E+01	1.30245E+02
2.50000E-01	2.47191E+01	1.29039E+02
2.50000E-01	2.50000E+01	1.27759E+02
3.00000E-01	0.00000E+00	9.51859E-01
3.00000E-01	2.80899E-01	5.22076E-01
3.00000E-01	5.61798E-01	3.47242E-01
3.00000E-01	8.42697E-01	3.11950E-01
3.00000E-01	1.12360E+00	3.10419E-01
3.00000E-01	1.40449E+00	3.29098E-01
3.00000E-01	1.68539E+00	3.60066E-01
3.00000E-01	1.96629E+00	3.90320E-01
3.00000E-01	2.24719E+00	4.14170E-01
3.00000E-01	2.52809E+00	4.33223E-01
3.00000E-01	2.80899E+00	4.53214E-01
3.00000E-01	3.08989E+00	4.78052E-01
3.00000E-01	3.37079E+00	5.06620E-01
3.00000E-01	3.65169E+00	5.45627E-01
3.00000E-01	3.93258E+00	5.99435E-01
3.00000E-01	4.21348E+00	6.90198E-01
3.00000E-01	4.49438E+00	7.98236E-01
3.00000E-01	4.77528E+00	9.81645E-01
3.00000E-01	5.05618E+00	1.18200E+00
3.00000E-01	5.33708E+00	1.46848E+00
3.00000E-01	5.61798E+00	1.79813E+00
3.00000E-01	5.89888E+00	2.23981E+00
3.00000E-01	6.17978E+00	2.74452E+00
3.00000E-01	6.46067E+00	3.39059E+00
3.00000E-01	6.74157E+00	4.35064E+00
3.00000E-01	7.02247E+00	5.44967E+00
3.00000E-01	7.30337E+00	7.18800E+00
3.00000E-01	7.58427E+00	9.08528E+00
3.00000E-01	7.86517E+00	1.18290E+01
3.00000E-01	8.14607E+00	1.49090E+01
3.00000E-01	8.42697E+00	1.91760E+01
3.00000E-01	8.70787E+00	2.36216E+01
3.00000E-01	8.98876E+00	2.86265E+01
3.00000E-01	9.26966E+00	3.43674E+01
3.00000E-01	9.55056E+00	3.98976E+01
3.00000E-01	9.83146E+00	4.64707E+01
3.00000E-01	1.01124E+01	5.25517E+01
3.00000E-01	1.03933E+01	6.00734E+01
3.00000E-01	1.06742E+01	6.69362E+01
3.00000E-01	1.09551E+01	7.41098E+01
3.00000E-01	1.12360E+01	7.98920E+01
3.00000E-01	1.15169E+01	8.58820E+01
3.00000E-01	1.17978E+01	9.22550E+01
3.00000E-01	1.20787E+01	9.80943E+01
3.00000E-01	1.23596E+01	1.04572E+02
3.00000E-01	1.26404E+01	1.10012E+02
3.00000E-01	1.29213E+01	1.15719E+02
3.00000E-01	1.32022E+01	1.19538E+02
3.00000E-01	1.34831E+01	1.23441E+02
3.00000E-01	1.37640E+01	1.26919E+02
3.00000E-01	1.40449E+01	1.30236E+02
3.00000E-01	1.43258E+01	1.33556E+02
3.00000E-01	1.46067E+01	1.36295E+02
3.00000E-01	1.48876E+01	1.39077E+02
3.00000E-01	1.51685E+01	1.40097E+02
3.00000E-01	1.54494E+01	1.41509E+02
3.00000E-01	1.57303E+01	1.42845E+02
3.00000E-01	1.60112E+01	1.44013E+02
3.00000E-01	1.62921E+01	1.45016E+02
3.00000E-01	1.65730E+01	1.46081E+02
3.00000E-01	1.68539E+01	1.47391E+02
3.00000E-01	1.71348E+01	1.48287E+02
3.00000E-01	1.74157E+01	1.49503E+02
3.00000E-01	1.76966E+01	1.50340E+02
3.00000E-01	1.79775E+01	1.51527E+02
3.00000E-01	1.82584E+01	1.52592E+02
3.00000E-01	1.85393E+01	1.53437E+02
3.00000E-01	1.88202E+01	1.54210E+02
3.00000E-01	1.91011E+01	1.54792E+02
3.00000E-01	1.93820E+01	1.54983E+02
3.00000E-01	1.96629E+01	1.55091E+02
3.00000E-01	1.99438E+01	1.54575E+02
3.00000E-01	2.02247E+01	1.53784E+02
3.00000E-01	2.05056E+01	1.52995E+02
3.00000E-01	2.07865E+01	1.52214E+02
3.00000E-01	2.10674E+01	1.51135E+02
3.00000E-01	2.13483E+01	1.50206E+02
3.00000E-01	2.16292E+01	1.49436E+02
3.00000E-01	2.19101E+01	1.48564E+02
3.00000E-01	2.21910E+01	1.47609E+02
3.00000E-01	2.24719E+01	1.46820E+02
3.00000E-01	2.27528E+01	1.45923E+02
3.00000E-01	2.30337E+01	1.44229E+02
3.00000E-01	2.33146E+01	1.42633E+02
3.00000E-01	2.35955E+01	1.41165E+02
3.00000E-01	2.38764E+01	1.39722E+02
3.00000E-01	2.41573E+01	1.38183E+02
3.00000E-01	2.44382E+01	1.36847E+02
3.00000E-01	2.47191E+01	1.35580E+02
3.00000E-01	2.50000E+01	1.34236E+02
4.00000E-01	0.00000E+00	9.58289E-01
4.00000E-01	2.80899E-01	5.54508E-01
4.00000E-01	5.61798E-01	3.73179E-01
4.00000E-01	8.42697E-01	3.35545E-01
4.00000E-01	1.12360E+00	3.34046E-01
4.00000E-01	1.40449E+00	3.54128E-01
4.00000E-01	1.68539E+00	3.87207E-01
4.00000E-01	1.96629E+00	4.19718E-01
4.00000E-01	2.24719E+00	4.45242E-01
4.00000E-01	2.52809E+00	4.65795E-01
4.00000E-01	2.80899E+00	4.87379E-01
4.00000E-01	3.08989E+00	5.14020E-01
4.00000E-01	3.37079E+00	5.44553E-01
4.00000E-01	3.65169E+00	5.86888E-01
4.00000E-01	3.93258E+00	6.44986E-01
4.00000E-01	4.21348E+00	7.42277E-01
4.00000E-01	4.49438E+00	8.60061E-01
4.00000E-01	4.77528E+00	1.05543E+00
4.00000E-01	5.05618E+00	1.27241E+00
4.00000E-01	5.33708E+00	1.57819E+00
4.00000E-01	5.61798E+00	1.93528E+00
4.00000E-01	5.89888E+00	2.40730E+00
4.00000E-01	6.17978E+00	2.95327E+00
4.00000E-01	6.46067E+00	3.65107E+00
4.00000E-01	6.74157E+00	4.68006E+00
4.00000E-01	7.02247E+00	5.87563E+00
4.00000E-01	7.30337E+00	7.72520E+00
4.00000E-01	7.58427E+00	9.78144E+00
4.00000E-01	7.86517E+00	1.27108E+01
4.00000E-01	8.14607E+00	1.60467E+01
4.00000E-01	8.42697E+00	2.06073E+01
4.00000E-01	8.70787E+00	2.54089E+01
4.00000E-01	8.98876E+00	3.07886E+01
4.00000E-01	9.26966E+00	3.69446E+01
4.00000E-01	9.55056E+00	4.29306E+01
4.00000E-01	9.83146E+00	4.99399E+01
4.00000E-01	1.01124E+01	5.65305E+01
4.00000E-01	1.03933E+01	6.45473E+01
4.00000E-01	1.06742E+01	7.19722E+01
4.00000E-01	1.09551E+01	7.96351E+01
4.00000E-01	1.12360E+01	8.58896E+01
4.00000E-01	1.15169E+01	9.23402E+01
4.00000E-01	1.17978E+01	9.91628E+01
4.00000E-01	1.20787E+01	1.05480E+02
4.00000E-01	1.23596E+01	1.12384E+02
4.00000E-01	1.26404E+01	1.18271E+02
4.00000E-01	1.29213E+01	1.24342E+02
4.00000E-01	1.32022E+01	1.28502E+02
4.00000E-01	1.34831E+01	1.32680E+02
4.00000E-01	1.37640E+01	1.36431E+02
4.00000E-01	1.40449E+01	1.40009E+02
4.00000E-01	1.43258E+01	1.43557E+02
4.00000E-01	1.46067E+01	1.46522E+02
4.00000E-01	1.48876E+01	1.49454E+02
4.00000E-01	1.51685E+01	1.50599E+02
4.00000E-01	1.54494E+01	1.52109E+02
4.00000E-01	1.57303E+01	1.53550E+02
4.00000E-01	1.60112E+01	1.54799E+02
4.00000E-01	1.62921E+01	1.55883E+02
4.00000E-01	1.65730E+01	1.57039E+02
4.00000E-01	1.68539E+01	1.58427E+02
4.00000E-01	1.71348E+01	1.59407E+02
4.00000E-01	1.74157E+01	1.60690E+02
4.00000E-01	1.76966E+01	1.61610E+02
4.00000E-01	1.79775E+01	1.62878E+02
4.00000E-01	1.82584E+01	1.64023E+02
4.00000E-01	1.85393E+01	1.64935E+02
4.00000E-01	1.88202E+01	1.65761E+02
4.00000E-01	1.91011E+01	1.66383E+02
4.00000E-01	1.93820E+01	1.66594E+02
4.00000E-01	1.96629E+01	1.66700E+02
4.00000E-01	1.99438E+01	1.66155E+02
4.00000E-01	2.02247E+01	1.65303E+02
4.00000E-01	2.05056E+01	1.64457E+02
4.00000E-01	2.07865E+01	1.63612E+02
4.00000E-01	2.10674E+01	1.62462E+02
4.00000E-01	2.13483E+01	1.61460E+02
4.00000E-01	2.16292E+01	1.60629E+02
4.00000E-01	2.19101E+01	1.59689E+02
4.00000E-01	2.21910E+01	1.58667E+02
4.00000E-01	2.24719E+01	1.57820E+02
4.00000E-01	2.27528E+01	1.56841E+02
4.00000E-01	2.30337E+01	1.55036E+02
4.00000E-01	2.33146E+01	1.53319E+02
4.00000E-01	2.35955E+01	1.51740E+02
4.00000E-01	2.38764E+01	1.50187E+02
4.00000E-01	2.41573E+01	1.48538E+02
4.00000E-01	2.44382E+01	1.47100E+02
4.00000E-01	2.47191E+01	1.45735E+02
4.00000E-01	2.50000E+01	1.44293E+02
5.00000E-01	0.00000E+00	9.60233E-01
5.00000E-01	2.80899E-01	5.79369E-01
5.00000E-01	5.61798E-01	3.94587E-01
5.00000E-01	8.42697E-01	3.55318E-01
5.00000E-01	1.12360E+00	3.53959E-01
5.00000E-01	1.40449E+00	3.75226E-01
5.00000E-01	1.68539E+00	4.09993E-01
5.00000E-01	1.96629E+00	4.44300E-01
5.00000E-01	2.24719E+00	4.71223E-01
5.00000E-01	2.52809E+00	4.93061E-01
5.00000E-01	2.80899E+00	5.15985E-01
5.00000E-01	3.08989E+00	5.44162E-01
5.00000E-01	3.37079E+00	5.76357E-01
5.00000E-01	3.65169E+00	6.21530E-01
5.00000E-01	3.93258E+00	6.83444E-01
5.00000E-01	4.21348E+00	7.85956E-01
5.00000E-01	4.49438E+00	9.12466E-01
5.00000E-01	4.77528E+00	1.11726E+00
5.00000E-01	5.05618E+00	1.34896E+00
5.00000E-01	5.33708E+00	1.67020E+00
5.00000E-01	5.61798E+00	2.05116E+00
5.00000E-01	5.89888E+00	2.54801E+00
5.00000E-01	6.17978E+00	3.12918E+00
5.00000E-01	6.46067E+00	3.87166E+00
5.00000E-01	6.74157E+00	4.95676E+00
5.00000E-01	7.02247E+00	6.23738E+00
5.00000E-01	7.30337E+00	8.17479E+00
5.00000E-01	7.58427E+00	1.03721E+01
5.00000E-01	7.86517E+00	1.34491E+01
5.00000E-01	8.14607E+00	1.70091E+01
5.00000E-01	8.42697E+00	2.18058E+01
5.00000E-01	8.70787E+00	2.69093E+01
5.00000E-01	8.98876E+00	3.26034E+01
5.00000E-01	9.26966E+00	3.90973E+01
5.00000E-01	9.55056E+00	4.54765E+01
5.00000E-01	9.83146E+00	5.28340E+01
5.00000E-01	1.01124E+01	5.98722E+01
5.00000E-01	1.03933E+01	6.82777E+01
5.00000E-01	1.06742E+01	7.61887E+01
5.00000E-01	1.09551E+01	8.42413E+01
5.00000E-01	1.12360E+01	9.09028E+01
5.00000E-01	1.15169E+01	9.77401E+01
5.00000E-01	1.17978E+01	1.04929E+02
5.00000E-01	1.20787E+01	1.11658E+02
5.00000E-01	1.23596E+01	1.18899E+02
5.00000E-01	1.26404E+01	1.25177E+02
5.00000E-01	1.29213E+01	1.31529E+02
5.00000E-01	1.32022E+01	1.35991E+02
5.00000E-01	1.34831E+01	1.40395E+02
5.00000E-01	1.37640E+01	1.44376E+02
5.00000E-01	1.40449E+01	1.48172E+02
5.00000E-01	1.43258E+01	1.51906E+02
5.00000E-01	1.46067E+01	1.55068E+02
5.00000E-01	1.48876E+01	1.58103E+02
5.00000E-01	1.51685E+01	1.59374E+02
5.00000E-01	1.54494E+01	1.60962E+02
5.00000E-01	1.57303E+01	1.62490E+02
5.00000E-01	1.60112E+01	1.63804E+02
5.00000E-01	1.62921E+01	1.64958E+02
5.00000E-01	1.65730E+01	1.66193E+02
5.00000E-01	1.68539E+01	1.67640E+02
5.00000E-01	1.71348E+01	1.68698E+02
5.00000E-01	1.74157E+01	1.70028E+02
5.00000E-01	1.76966E+01	1.71026E+02
5.00000E-01	1.79775E+01	1.72356E+02
5.00000E-01	1.82584E+01	1.73568E+02
5.00000E-01	1.85393E+01	1.74537E+02
5.00000E-01	1.88202E+01	1.75406E+02
5.00000E-01	1.91011E+01	1.76060E+02
5.00000E-01	1.93820E+01	1.76290E+02
5.00000E-01	1.96629E+01	1.76390E+02
5.00000E-01	1.99438E+01	1.75823E+02
5.00000E-01	2.02247E+01	1.74923E+02
5.00000E-01	2.05056E+01	1.74029E+02
5.00000E-01	2.07865E+01	1.73129E+02
5.00000E-01	2.10674E+01	1.71922E+02
5.00000E-01	2.13483E+01	1.70859E+02
5.00000E-01	2.16292E+01	1.69975E+02
5.00000E-01	2.19101E+01	1.68979E+02
5.00000E-01	2.21910E+01	1.67902E+02
5.00000E-01	2.24719E+01	1.67006E+02
5.00000E-01	2.27528E+01	1.65952E+02
5.00000E-01	2.30337E+01	1.64062E+02
5.00000E-01	2.33146E+01	1.62242E+02
5.00000E-01	2.35955E+01	1.60572E+02
5.00000E-01	2.38764E+01	1.58924E+02
5.00000E-01	2.41573E+01	1.57187E+02
5.00000E-01	2.44382E+01	1.55662E+02
5.00000E-01	2.47191E+01	1.54216E+02
5.00000E-01	2.50000E+01	1.52691E+02
6.00000E-01	0.00000E+00	9.58364E-01
6.00000E-01	2.80899E-01	6.01886E-01
6.00000E-01	5.61798E-01	4.14615E-01
6.00000E-01	8.42697E-01	3.74109E-01
6.00000E-01	1.12360E+00	3.72997E-01
6.00000E-01	1.40449E+00	3.95402E-01
6.00000E-01	1.68539E+00	4.31719E-01
6.00000E-01	1.96629E+00	4.67644E-01
6.00000E-01	2.24719E+00	4.95906E-01
6.00000E-01	2.52809E+00	5.18983E-01
6.00000E-01	2.80899E+00	5.43186E-01
6.00000E-01	3.08989E+00	5.72846E-01
6.00000E-01	3.37079E+00	6.06691E-01
6.00000E-01	3.65169E+00	6.54556E-01
6.00000E-01	3.93258E+00	7.20274E-01
6.00000E-01	4.21348E+00	8.27616E-01
6.00000E-01	4.49438E+00	9.62728E-01
6.00000E-01	4.77528E+00	1.17624E+00
6.00000E-01	5.05618E+00	1.42241E+00
6.00000E-01	5.33708E+00	1.75818E+00
6.00000E-01	5.61798E+00	2.16219E+00
6.00000E-01	5.89888E+00	2.68259E+00
6.00000E-01	6.17978E+00	3.29741E+00
6.00000E-01	6.46067E+00	4.08335E+00
6.00000E-01	6.74157E+00	5.22087E+00
6.00000E-01	7.02247E+00	6.58460E+00
6.00000E-01	7.30337E+00	8.60381E+00
6.00000E-01	7.58427E+00	1.09397E+01
6.00000E-01	7.86517E+00	1.41544E+01
6.00000E-01	8.14607E+00	1.79323E+01
6.00000E-01	8.42697E+00	2.29483E+01
6.00000E-01	8.70787E+00	2.83388E+01
6.00000E-01	8.98876E+00	3.43326E+01
6.00000E-01	9.26966E+00	4.11412E+01
6.00000E-01	9.55056E+00	4.78988E+01
6.00000E-01	9.83146E+00	5.55807E+01
6.00000E-01	1.01124E+01	6.30547E+01
6.00000E-01	1.03933E+01	7.18184E+01
6.00000E-01	1.06742E+01	8.01957E+01
6.00000E-01	1.09551E+01	8.86079E+01
6.00000E-01	1.12360E+01	9.56627E+01
6.00000E-01	1.15169E+01	1.02867E+02
6.00000E-01	1.17978E+01	1.10399E+02
6.00000E-01	1.20787E+01	1.17524E+02
6.00000E-01	1.23596E+01	1.25078E+02
6.00000E-01	1.26404E+01	1.31734E+02
6.00000E-01	1.29213E+01	1.38341E+02
6.00000E-01	1.32022E+01	1.43099E+02
6.00000E-01	1.34831E+01	1.47714E+02
6.00000E-01	1.37640E+01	1.51913E+02
6.00000E-01	1.40449E+01	1.55917E+02
6.00000E-01	1.43258E+01	1.59825E+02
6.00000E-01	1.46067E+01	1.63177E+02
6.00000E-01	1.48876E+01	1.66302E+02
6.00000E-01	1.51685E+01	1.67703E+02
6.00000E-01	1.54494E+01	1.69361E+02
6.00000E-01	1.57303E+01	1.70971E+02
6.00000E-01	1.60112E+01	1.72348E+02
6.00000E-01	1.62921E+01	1.73569E+02
6.00000E-01	1.65730E+01	1.74879E+02
6.00000E-01	1.68539E+01	1.76378E+02
6.00000E-01	1.71348E+01	1.77515E+02
6.00000E-01	1.74157E+01	1.78888E+02
6.00000E-01	1.76966E+01	1.79961E+02
6.00000E-01	1.79775E+01	1.81350E+02
6.00000E-01	1.82584E+01	1.82623E+02
6.00000E-01	1.85393E+01	1.83647E+02
6.00000E-01	1.88202E+01	1.84557E+02
6.00000E-01	1.91011E+01	1.85240E+02
6.00000E-01	1.93820E+01	1.85489E+02
6.00000E-01	1.96629E+01	1.85580E+02
6.00000E-01	1.99438E+01	1.84994E+02
6.00000E-01	2.02247E+01	1.84050E+02
6.00000E-01	2.05056E+01	1.83110E+02
6.00000E-01	2.07865E+01	1.82157E+02
6.00000E-01	2.10674E+01	1.80899E+02
6.00000E-01	2.13483E+01	1.79777E+02
6.00000E-01	2.16292E+01	1.78843E+02
6.00000E-01	2.19101E+01	1.77793E+02
6.00000E-01	2.21910E+01	1.76665E+02
6.00000E-01	2.24719E+01	1.75721E+02
6.00000E-01	2.27528E+01	1.74592E+02
6.00000E-01	2.30337E+01	1.72626E+02
6.00000E-01	2.33146E+01	1.70710E+02
6.00000E-01	2.35955E+01	1.68951E+02
6.00000E-01	2.38764E+01	1.67213E+02
6.00000E-01	2.41573E+01	1.65395E+02
6.00000E-01	2.44382E+01	1.63786E+02
6.00000E-01	2.47191E+01	1.62261E+02
6.00000E-01	2.50000E+01	1.60660E+02
7.00000E-01	0.00000E+00	9.54130E-01
7.00000E-01	2.80899E-01	6.22698E-01
7.00000E-01	5.61798E-01	4.34438E-01
7.00000E-01	8.42697E-01	3.92863E-01
7.00000E-01	1.12360E+00	3.92118E-01
7.00000E-01	1.40449E+00	4.15678E-01
7.00000E-01	1.68539E+00	4.53494E-01
7.00000E-01	1.96629E+00	4.90964E-01
7.00000E-01	2.24719E+00	5.20571E-01
7.00000E-01	2.52809E+00	5.44903E-01
7.00000E-01	2.80899E+00	5.70395E-01
7.00000E-01	3.08989E+00	6.01549E-01
7.00000E-01	3.37079E+00	6.37130E-01
7.00000E-01	3.65169E+00	6.87672E-01
7.00000E-01	3.93258E+00	7.57329E-01
7.00000E-01	4.21348E+00	8.69467E-01
7.00000E-01	4.49438E+00	1.01333E+00
7.00000E-01	4.77528E+00	1.23552E+00
7.00000E-01	5.05618E+00	1.49636E+00
7.00000E-01	5.33708E+00	1.84683E+00
7.00000E-01	5.61798E+00	2.27390E+00
7.00000E-01	5.89888E+00	2.81808E+00
7.00000E-01	6.17978E+00	3.46661E+00
7.00000E-01	6.46067E+00	4.29676E+00
7.00000E-01	6.74157E+00	5.48635E+00
7.00000E-01	7.02247E+00	6.93423E+00
7.00000E-01	7.30337E+00	9.03561E+00
7.00000E-01	7.58427E+00	1.15119E+01
7.00000E-01	7.86517E+00	1.48648E+01
7.00000E-01	8.14607E+00	1.88619E+01
7.00000E-01	8.42697E+00	2.40950E+01
7.00000E-01	8.70787E+00	2.97707E+01
7.00000E-01	8.98876E+00	3.60651E+01
7.00000E-01	9.26966E+00	4.31841E+01
7.00000E-01	9.55056E+00	5.03206E+01
7.00000E-01	9.83146E+00	5.83262E+01
7.00000E-01	1.01124E+01	6.62386E+01
7.00000E-01	1.03933E+01	7.53579E+01
7.00000E-01	1.06742E+01	8.41975E+01
7.00000E-01	1.09551E+01	9.29651E+01
7.00000E-01	1.12360E+01	1.00416E+02
7.00000E-01	1.15169E+01	1.07986E+02
7.00000E-01	1.17978E+01	1.15859E+02
7.00000E-01	1.20787E+01	1.23380E+02
7.00000E-01	1.23596E+01	1.31245E+02
7.00000E-01	1.26404E+01	1.38280E+02
7.00000E-01	1.29213E+01	1.45138E+02
7.00000E-01	1.32022E+01	1.50194E+02
7.00000E-01	1.34831E+01	1.55019E+02
7.00000E-01	1.37640E+01	1.59437E+02
7.00000E-01	1.40449E+01	1.63646E+02
7.00000E-01	1.43258E+01	1.67726E+02
7.00000E-01	1.46067E+01	1.71269E+02
7.00000E-01	1.48876E+01	1.74480E+02
7.00000E-01	1.51685E+01	1.76018E+02
7.00000E-01	1.54494E+01	1.77745E+02
7.00000E-01	1.57303E+01	1.79436E+02
7.00000E-01	1.60112E+01	1.80875E+02
7.00000E-01	1.62921E+01	1.82164E+02
7.00000E-01	1.65730E+01	1.83549E+02
7.00000E-01	1.68539E+01	1.85100E+02
7.00000E-01	1.71348E+01	1.86316E+02
7.00000E-01	1.74157E+01	1.87731E+02
7.00000E-01	1.76966E+01	1.88882E+02
7.00000E-01	1.79775E+01	1.90326E+02
7.00000E-01	1.82584E+01	1.91661E+02
7.00000E-01	1.85393E+01	1.92738E+02
7.00000E-01	1.88202E+01	1.93689E+02
7.00000E-01	1.91011E+01	1.94400E+02
7.00000E-01	1.93820E+01	1.94670E+02
7.00000E-01	1.96629E+01	1.94750E+02
7.00000E-01	1.99438E+01	1.94145E+02
7.00000E-01	2.02247E+01	1.93160E+02
7.00000E-01	2.05056E+01	1.92175E+02
7.00000E-01	2.07865E+01	1.91166E+02
7.00000E-01	2.10674E+01	1.89858E+02
7.00000E-01	2.13483E+01	1.88679E+02
7.00000E-01	2.16292E+01	1.87693E+02
7.00000E-01	2.19101E+01	1.86590E+02
7.00000E-01	2.21910E+01	1.85413E+02
7.00000E-01	2.24719E+01	1.84418E+02
7.00000E-01	2.27528E+01	1.83211E+02
7.00000E-01	2.30337E+01	1.81173E+02
7.00000E-01	2.33146E+01	1.79162E+02
7.00000E-01	2.35955E+01	1.77314E+02
7.00000E-01	2.38764E+01	1.75486E+02
7.00000E-01	2.41573E+01	1.73587E+02
7.00000E-01	2.44382E+01	1.71895E+02
7.00000E-01	2.47191E+01	1.70291E+02
7.00000E-01	2.50000E+01	1.68613E+02
8.00000E-01	0.00000E+00	9.48742E-01
8.00000E-01	2.80899E-01	6.41269E-01
8.00000E-01	5.61798E-01	4.54505E-01
8.00000E-01	8.42697E-01	4.11806E-01
8.00000E-01	1.12360E+00	4.11547E-01
8.00000E-01	1.40449E+00	4.36297E-01
8.00000E-01	1.68539E+00	4.75580E-01
8.00000E-01	1.96629E+00	5.14552E-01
8.00000E-01	2.24719E+00	5.45523E-01
8.00000E-01	2.52809E+00	5.71142E-01
8.00000E-01	2.80899E+00	5.97956E-01
8.00000E-01	3.08989E+00	6.30623E-01
8.00000E-01	3.37079E+00	6.68053E-01
8.00000E-01	3.65169E+00	7.21301E-01
8.00000E-01	3.93258E+00	7.95058E-01
8.00000E-01	4.21348E+00	9.12093E-01
8.00000E-01	4.49438E+00	1.06487E+00
8.00000E-01	4.77528E+00	1.29594E+00
8.00000E-01	5.05618E+00	1.57169E+00
8.00000E-01	5.33708E+00	1.93735E+00
8.00000E-01	5.61798E+00	2.38761E+00
8.00000E-01	5.89888E+00	2.95621E+00
8.00000E-01	6.17978E+00	3.63897E+00
8.00000E-01	6.46067E+00	4.51451E+00
8.00000E-01	6.74157E+00	5.75696E+00
8.00000E-01	7.02247E+00	7.29042E+00
8.00000E-01	7.30337E+00	9.47644E+00
8.00000E-01	7.58427E+00	1.20950E+01
8.00000E-01	7.86517E+00	1.55901E+01
8.00000E-01	8.14607E+00	1.98086E+01
8.00000E-01	8.42697E+00	2.52608E+01
8.00000E-01	8.70787E+00	3.12227E+01
8.00000E-01	8.98876E+00	3.78220E+01
8.00000E-01	9.26966E+00	4.52530E+01
8.00000E-01	9.55056E+00	5.27712E+01
8.00000E-01	9.83146E+00	6.11069E+01
8.00000E-01	1.01124E+01	6.94610E+01
8.00000E-01	1.03933E+01	7.89418E+01
8.00000E-01	1.06742E+01	8.82414E+01
8.00000E-01	1.09551E+01	9.73682E+01
8.00000E-01	1.12360E+01	1.05222E+02
8.00000E-01	1.15169E+01	1.13162E+02
8.00000E-01	1.17978E+01	1.21380E+02
8.00000E-01	1.20787E+01	1.29298E+02
8.00000E-01	1.23596E+01	1.37479E+02
8.00000E-01	1.26404E+01	1.44893E+02
8.00000E-01	1.29213E+01	1.52003E+02
8.00000E-01	1.32022E+01	1.57363E+02
8.00000E-01	1.34831E+01	1.62402E+02
8.00000E-01	1.37640E+01	1.67039E+02
8.00000E-01	1.40449E+01	1.71454E+02
8.00000E-01	1.43258E+01	1.75710E+02
8.00000E-01	1.46067E+01	1.79442E+02
8.00000E-01	1.48876E+01	1.82742E+02
8.00000E-01	1.51685E+01	1.84420E+02
8.00000E-01	1.54494E+01	1.86217E+02
8.00000E-01	1.57303E+01	1.87988E+02
8.00000E-01	1.60112E+01	1.89492E+02
8.00000E-01	1.62921E+01	1.90851E+02
8.00000E-01	1.65730E+01	1.92309E+02
8.00000E-01	1.68539E+01	1.93912E+02
8.00000E-01	1.71348E+01	1.95209E+02
8.00000E-01	1.74157E+01	1.96667E+02
8.00000E-01	1.76966E+01	1.97897E+02
8.00000E-01	1.79775E+01	1.99396E+02
8.00000E-01	1.82584E+01	2.00792E+02
8.00000E-01	1.85393E+01	2.01924E+02
8.00000E-01	1.88202E+01	2.02916E+02
8.00000E-01	1.91011E+01	2.03655E+02
8.00000E-01	1.93820E+01	2.03946E+02
8.00000E-01	1.96629E+01	2.04014E+02
8.00000E-01	1.99438E+01	2.03391E+02
8.00000E-01	2.02247E+01	2.02365E+02
8.00000E-01	2.05056E+01	2.01334E+02
8.00000E-01	2.07865E+01	2.00268E+02
8.00000E-01	2.10674E+01	1.98912E+02
8.00000E-01	2.13483E+01	1.97675E+02
8.00000E-01	2.16292E+01	1.96635E+02
8.00000E-01	2.19101E+01	1.95479E+02
8.00000E-01	2.21910E+01	1.94253E+02
8.00000E-01	2.24719E+01	1.93205E+02
8.00000E-01	2.27528E+01	1.91918E+02
8.00000E-01	2.30337E+01	1.89809E+02
8.00000E-01	2.33146E+01	1.87703E+02
8.00000E-01	2.35955E+01	1.85765E+02
8.00000E-01	2.38764E+01	1.83845E+02
8.00000E-01	2.41573E+01	1.81866E+02
8.00000E-01	2.44382E+01	1.80088E+02
8.00000E-01	2.47191E+01	1.78404E+02
8.00000E-01	2.50000E+01	1.76650E+02
9.00000E-01	0.00000E+00	9.43017E-01
9.00000E-01	2.80899E-01	6.57440E-01
9.00000E-01	5.61798E-01	4.74967E-01
9.00000E-01	8.42697E-01	4.30930E-01
9.00000E-01	1.12360E+00	4.31252E-01
9.00000E-01	1.40449E+00	4.57227E-01
9.00000E-01	1.68539E+00	4.97944E-01
9.00000E-01	1.96629E+00	5.38378E-01
9.00000E-01	2.24719E+00	5.70725E-01
9.00000E-01	2.52809E+00	5.97663E-01
9.00000E-01	2.80899E+00	6.25834E-01
9.00000E-01	3.08989E+00	6.60027E-01
9.00000E-01	3.37079E+00	6.99418E-01
9.00000E-01	3.65169E+00	7.55417E-01
9.00000E-01	3.93258E+00	8.33418E-01
9.00000E-01	4.21348E+00	9.55494E-01
9.00000E-01	4.49438E+00	1.11731E+00
9.00000E-01	4.77528E+00	1.35750E+00
9.00000E-01	5.05618E+00	1.64828E+00
9.00000E-01	5.33708E+00	2.02969E+00
9.00000E-01	5.61798E+00	2.50319E+00
9.00000E-01	5.89888E+00	3.09689E+00
9.00000E-01	6.17978E+00	3.81440E+00
9.00000E-01	6.46067E+00	4.73645E+00
9.00000E-01	6.74157E+00	6.03281E+00
9.00000E-01	7.02247E+00	7.65289E+00
9.00000E-01	7.30337E+00	9.92640E+00
9.00000E-01	7.58427E+00	1.26882E+01
9.00000E-01	7.86517E+00	1.63302E+01
9.00000E-01	8.14607E+00	2.07709E+01
9.00000E-01	8.42697E+00	2.64446E+01
9.00000E-01	8.70787E+00	3.26932E+01
9.00000E-01	8.98876E+00	3.96012E+01
9.00000E-01	9.26966E+00	4.73459E+01
9.00000E-01	9.55056E+00	5.52469E+01
9.00000E-01	9.83146E+00	6.39200E+01
9.00000E-01	1.01124E+01	7.27163E+01
9.00000E-01	1.03933E+01	8.25657E+01
9.00000E-01	1.06742E+01	9.23203E+01
9.00000E-01	1.09551E+01	1.01811E+02
9.00000E-01	1.12360E+01	1.10073E+02
9.00000E-01	1.15169E+01	1.18385E+02
9.00000E-01	1.17978E+01	1.26952E+02
9.00000E-01	1.20787E+01	1.35269E+02
9.00000E-01	1.23596E+01	1.43771E+02
9.00000E-01	1.26404E+01	1.51561E+02
9.00000E-01	1.29213E+01	1.58929E+02
9.00000E-01	1.32022E+01	1.64593E+02
9.00000E-01	1.34831E+01	1.69851E+02
9.00000E-01	1.37640E+01	1.74708E+02
9.00000E-01	1.40449E+01	1.79331E+02
9.00000E-01	1.43258E+01	1.83764E+02
9.00000E-01	1.46067E+01	1.87682E+02
9.00000E-01	1.48876E+01	1.91074E+02
9.00000E-01	1.51685E+01	1.92896E+02
9.00000E-01	1.54494E+01	1.94765E+02
9.00000E-01	1.57303E+01	1.96614E+02
9.00000E-01	1.60112E+01	1.98186E+02
9.00000E-01	1.62921E+01	1.99615E+02
9.00000E-01	1.65730E+01	2.01146E+02
9.00000E-01	1.68539E+01	2.02802E+02
9.00000E-01	1.71348E+01	2.04180E+02
9.00000E-01	1.74157E+01	2.05684E+02
9.00000E-01	1.76966E+01	2.06993E+02
9.00000E-01	1.79775E+01	2.08546E+02
9.00000E-01	1.82584E+01	2.10002E+02
9.00000E-01	1.85393E+01	2.11191E+02
9.00000E-01	1.88202E+01	2.12223E+02
9.00000E-01	1.91011E+01	2.12990E+02
9.00000E-01	1.93820E+01	2.13303E+02
9.00000E-01	1.96629E+01	2.13357E+02
9.00000E-01	1.99438E+01	2.12715E+02
9.00000E-01	2.02247E+01	2.11652E+02
9.00000E-01	2.05056E+01	2.10573E+02
9.00000E-01	2.07865E+01	2.09449E+02
9.00000E-01	2.10674E+01	2.08045E+02
9.00000E-01	2.13483E+01	2.06752E+02
9.00000E-01	2.16292E+01	2.05656E+02
9.00000E-01	2.19101E+01	2.04447E+02
9.00000E-01	2.21910E+01	2.03172E+02
9.00000E-01	2.24719E+01	2.02067E+02
9.00000E-01	2.27528E+01	2.00699E+02
9.00000E-01	2.30337E+01	1.98521E+02
9.00000E-01	2.33146E+01	1.96320E+02
9.00000E-01	2.35955E+01	1.94290E+02
9.00000E-01	2.38764E+01	1.92279E+02
9.00000E-01	2.41573E+01	1.90218E+02
9.00000E-01	2.44382E+01	1.88355E+02
9.00000E-01	2.47191E+01	1.86589E+02
9.00000E-01	2.50000E+01	1.84759E+02
1.00000E+00	0.00000E+00	9.37447E-01
1.00000E+00	2.80899E-01	6.71584E-01
1.00000E+00	5.61798E-01	4.95795E-01
1.00000E+00	8.42697E-01	4.50185E-01
1.00000E+00	1.12360E+00	4.51127E-01
1.00000E+00	1.40449E+00	4.78353E-01
1.00000E+00	1.68539E+00	5.20460E-01
1.00000E+00	1.96629E+00	5.62311E-01
1.00000E+00	2.24719E+00	5.96038E-01
1.00000E+00	2.52809E+00	6.24320E-01
1.00000E+00	2.80899E+00	6.53878E-01
1.00000E+00	3.08989E+00	6.89610E-01
1.00000E+00	3.37079E+00	7.31059E-01
1.00000E+00	3.65169E+00	7.89859E-01
1.00000E+00	3.93258E+00	8.72219E-01
1.00000E+00	4.21348E+00	9.99493E-01
1.00000E+00	4.49438E+00	1.17040E+00
1.00000E+00	4.77528E+00	1.41994E+00
1.00000E+00	5.05618E+00	1.72578E+00
1.00000E+00	5.33708E+00	2.12342E+00
1.00000E+00	5.61798E+00	2.62007E+00
1.00000E+00	5.89888E+00	3.23944E+00
1.00000E+00	6.17978E+00	3.99217E+00
1.00000E+00	6.46067E+00	4.96156E+00
1.00000E+00	6.74157E+00	6.31287E+00
1.00000E+00	7.02247E+00	8.02000E+00
1.00000E+00	7.30337E+00	1.03836E+01
1.00000E+00	7.58427E+00	1.32886E+01
1.00000E+00	7.86517E+00	1.70815E+01
1.00000E+00	8.14607E+00	2.17438E+01
1.00000E+00	8.42697E+00	2.76405E+01
1.00000E+00	8.70787E+00	3.41747E+01
1.00000E+00	8.98876E+00	4.13930E+01
1.00000E+00	9.26966E+00	4.94523E+01
1.00000E+00	9.55056E+00	5.77345E+01
1.00000E+00	9.83146E+00	6.67508E+01
1.00000E+00	1.01124E+01	7.59862E+01
1.00000E+00	1.03933E+01	8.62096E+01
1.00000E+00	1.06742E+01	9.64107E+01
1.00000E+00	1.09551E+01	1.06269E+02
1.00000E+00	1.12360E+01	1.14942E+02
1.00000E+00	1.15169E+01	1.23628E+02
1.00000E+00	1.17978E+01	1.32546E+02
1.00000E+00	1.20787E+01	1.41257E+02
1.00000E+00	1.23596E+01	1.50086E+02
1.00000E+00	1.26404E+01	1.58246E+02
1.00000E+00	1.29213E+01	1.65875E+02
1.00000E+00	1.32022E+01	1.71843E+02
1.00000E+00	1.34831E+01	1.77323E+02
1.00000E+00	1.37640E+01	1.82401E+02
1.00000E+00	1.40449E+01	1.87231E+02
1.00000E+00	1.43258E+01	1.91842E+02
1.00000E+00	1.46067E+01	1.95943E+02
1.00000E+00	1.48876E+01	1.99431E+02
1.00000E+00	1.51685E+01	2.01397E+02
1.00000E+00	1.54494E+01	2.03340E+02
1.00000E+00	1.57303E+01	2.05265E+02
1.00000E+00	1.60112E+01	2.06907E+02
1.00000E+00	1.62921E+01	2.08407E+02
1.00000E+00	1.65730E+01	2.10010E+02
1.00000E+00	1.68539E+01	2.11720E+02
1.00000E+00	1.71348E+01	2.13179E+02
1.00000E+00	1.74157E+01	2.14730E+02
1.00000E+00	1.76966E+01	2.16116E+02
1.00000E+00	1.79775E+01	2.17725E+02
1.00000E+00	1.82584E+01	2.19241E+02
1.00000E+00	1.85393E+01	2.20485E+02
1.00000E+00	1.88202E+01	2.21558E+02
1.00000E+00	1.91011E+01	2.22351E+02
1.00000E+00	1.93820E+01	2.22685E+02
1.00000E+00	1.96629E+01	2.22725E+02
1.00000E+00	1.99438E+01	2.22066E+02
1.00000E+00	2.02247E+01	2.20966E+02
1.00000E+00	2.05056E+01	2.19840E+02
1.00000E+00	2.07865E+01	2.18658E+02
1.00000E+00	2.10674E+01	2.17206E+02
1.00000E+00	2.13483E+01	2.15857E+02
1.00000E+00	2.16292E+01	2.14704E+02
1.00000E+00	2.19101E+01	2.13442E+02
1.00000E+00	2.21910E+01	2.12119E+02
1.00000E+00	2.24719E+01	2.10954E+02
1.00000E+00	2.27528E+01	2.09504E+02
1.00000E+00	2.30337E+01	2.07257E+02
1.00000E+00	2.33146E+01	2.04964E+02
1.00000E+00	2.35955E+01	2.02841E+02
1.00000E+00	2.38764E+01	2.00738E+02
1.00000E+00	2.41573E+01	1.98596E+02
1.00000E+00	2.44382E+01	1.96647E+02
1.00000E+00	2.47191E+01	1.94798E+02
1.00000E+00	2.50000E+01	1.92892E+02
1.50000E+00	0.00000E+00	9.17650E-01
1.50000E+00	2.80899E-01	7.28794E-01
1.50000E+00	5.61798E-01	5.98192E-01
1.50000E+00	8.42697E-01	5.47305E-01
1.50000E+00	1.12360E+00	5.49900E-01
1.50000E+00	1.40449E+00	5.82805E-01
1.50000E+00	1.68539E+00	6.30900E-01
1.50000E+00	1.96629E+00	6.78983E-01
1.50000E+00	2.24719E+00	7.19377E-01
1.50000E+00	2.52809E+00	7.54561E-01
1.50000E+00	2.80899E+00	7.91304E-01
1.50000E+00	3.08989E+00	8.34876E-01
1.50000E+00	3.37079E+00	8.87596E-01
1.50000E+00	3.65169E+00	9.61226E-01
1.50000E+00	3.93258E+00	1.06631E+00
1.50000E+00	4.21348E+00	1.22152E+00
1.50000E+00	4.49438E+00	1.43703E+00
1.50000E+00	4.77528E+00	1.73547E+00
1.50000E+00	5.05618E+00	2.11440E+00
1.50000E+00	5.33708E+00	2.59674E+00
1.50000E+00	5.61798E+00	3.20527E+00
1.50000E+00	5.89888E+00	3.95723E+00
1.50000E+00	6.17978E+00	4.88912E+00
1.50000E+00	6.46067E+00	6.09925E+00
1.50000E+00	6.74157E+00	7.73578E+00
1.50000E+00	7.02247E+00	9.86915E+00
1.50000E+00	7.30337E+00	1.27060E+01
1.50000E+00	7.58427E+00	1.63020E+01
1.50000E+00	7.86517E+00	2.08787E+01
1.50000E+00	8.14607E+00	2.65954E+01
1.50000E+00	8.42697E+00	3.35889E+01
1.50000E+00	8.70787E+00	4.14844E+01
1.50000E+00	8.98876E+00	5.02089E+01
1.50000E+00	9.26966E+00	5.98005E+01
1.50000E+00	9.55056E+00	6.98899E+01
1.50000E+00	9.83146E+00	8.06359E+01
1.50000E+00	1.01124E+01	9.19329E+01
1.50000E+00	1.03933E+01	1.04010E+02
1.50000E+00	1.06742E+01	1.16244E+02
1.50000E+00	1.09551E+01	1.27915E+02
1.50000E+00	1.12360E+01	1.38588E+02
1.50000E+00	1.15169E+01	1.49103E+02
1.50000E+00	1.17978E+01	1.59747E+02
1.50000E+00	1.20787E+01	1.70308E+02
1.50000E+00	1.23596E+01	1.80748E+02
1.50000E+00	1.26404E+01	1.90601E+02
1.50000E+00	1.29213E+01	1.99530E+02
1.50000E+00	1.32022E+01	2.06945E+02
1.50000E+00	1.34831E+01	2.13558E+02
1.50000E+00	1.37640E+01	2.19706E+02
1.50000E+00	1.40449E+01	2.25526E+02
1.50000E+00	1.43258E+01	2.31002E+02
1.50000E+00	1.46067E+01	2.35918E+02
1.50000E+00	1.48876E+01	2.39913E+02
1.50000E+00	1.51685E+01	2.42578E+02
1.50000E+00	1.54494E+01	2.44925E+02
1.50000E+00	1.57303E+01	2.47201E+02
1.50000E+00	1.60112E+01	2.49196E+02
1.50000E+00	1.62921E+01	2.51053E+02
1.50000E+00	1.65730E+01	2.52991E+02
1.50000E+00	1.68539E+01	2.54974E+02
1.50000E+00	1.71348E+01	2.56801E+02
1.50000E+00	1.74157E+01	2.58613E+02
1.50000E+00	1.76966E+01	2.60362E+02
1.50000E+00	1.79775E+01	2.62235E+02
1.50000E+00	1.82584E+01	2.64022E+02
1.50000E+00	1.85393E+01	2.65532E+02
1.50000E+00	1.88202E+01	2.66798E+02
1.50000E+00	1.91011E+01	2.67714E+02
1.50000E+00	1.93820E+01	2.68138E+02
1.50000E+00	1.96629E+01	2.68105E+02
1.50000E+00	1.99438E+01	2.67361E+02
1.50000E+00	2.02247E+01	2.66115E+02
1.50000E+00	2.05056E+01	2.64758E+02
1.50000E+00	2.07865E+01	2.63295E+02
1.50000E+00	2.10674E+01	2.61620E+02
1.50000E+00	2.13483E+01	2.60012E+02
1.50000E+00	2.16292E+01	2.58569E+02
1.50000E+00	2.19101E+01	2.57054E+02
1.50000E+00	2.21910E+01	2.55497E+02
1.50000E+00	2.24719E+01	2.54006E+02
1.50000E+00	2.27528E+01	2.52155E+02
1.50000E+00	2.30337E+01	2.49593E+02
1.50000E+00	2.33146E+01	2.46879E+02
1.50000E+00	2.35955E+01	2.44299E+02
1.50000E+00	2.38764E+01	2.41754E+02
1.50000E+00	2.41573E+01	2.39221E+02
1.50000E+00	2.44382E+01	2.36856E+02
1.50000E+00	2.47191E+01	2.34599E+02
1.50000E+00	2.50000E+01	2.32327E+02
2.00000E+00	0.00000E+00	9.11339E-01
2.00000E+00	2.80899E-01	7.78972E-01
2.00000E+00	5.61798E-01	6.82293E-01
2.00000E+00	8.42697E-01	6.41810E-01
2.00000E+00	1.12360E+00	6.44383E-01
2.00000E+00	1.40449E+00	6.79448E-01
2.00000E+00	1.68539E+00	7.30785E-01
2.00000E+00	1.96629E+00	7.83257E-01
2.00000E+00	2.24719E+00	8.29500E-01
2.00000E+00	2.52809E+00	8.71480E-01
2.00000E+00	2.80899E+00	9.15552E-01
2.00000E+00	3.08989E+00	9.67455E-01
2.00000E+00	3.37079E+00	1.03239E+00
2.00000E+00	3.65169E+00	1.12222E+00
2.00000E+00	3.93258E+00	1.25060E+00
2.00000E+00	4.21348E+00	1.43556E+00
2.00000E+00	4.49438E+00	1.69277E+00
2.00000E+00	4.77528E+00	2.04041E+00
2.00000E+00	5.05618E+00	2.48670E+00
2.00000E+00	5.33708E+00	3.05236E+00
2.00000E+00	5.61798E+00	3.76466E+00
2.00000E+00	5.89888E+00	4.64867E+00
2.00000E+00	6.17978E+00	5.75856E+00
2.00000E+00	6.46067E+00	7.20406E+00
2.00000E+00	6.74157E+00	9.12944E+00
2.00000E+00	7.02247E+00	1.16584E+01
2.00000E+00	7.30337E+00	1.49681E+01
2.00000E+00	7.58427E+00	1.91923E+01
2.00000E+00	7.86517E+00	2.45254E+01
2.00000E+00	8.14607E+00	3.11590E+01
2.00000E+00	8.42697E+00	3.91384E+01
2.00000E+00	8.70787E+00	4.82100E+01
2.00000E+00	8.98876E+00	5.82506E+01
2.00000E+00	9.26966E+00	6.92064E+01
2.00000E+00	9.55056E+00	8.08441E+01
2.00000E+00	9.83146E+00	9.31781E+01
2.00000E+00	1.01124E+01	1.06209E+02
2.00000E+00	1.03933E+01	1.19921E+02
2.00000E+00	1.06742E+01	1.33794E+02
2.00000E+00	1.09551E+01	1.47085E+02
2.00000E+00	1.12360E+01	1.59524E+02
2.00000E+00	1.15169E+01	1.71686E+02
2.00000E+00	1.17978E+01	1.83872E+02
2.00000E+00	1.20787E+01	1.95982E+02
2.00000E+00	1.23596E+01	2.07839E+02
2.00000E+00	1.26404E+01	2.19050E+02
2.00000E+00	1.29213E+01	2.29156E+02
2.00000E+00	1.32022E+01	2.37819E+02
2.00000E+00	1.34831E+01	2.45501E+02
2.00000E+00	1.37640E+01	2.52602E+02
2.00000E+00	1.40449E+01	2.59279E+02
2.00000E+00	1.43258E+01	2.65499E+02
2.00000E+00	1.46067E+01	2.71045E+02
2.00000E+00	1.48876E+01	2.75538E+02
2.00000E+00	1.51685E+01	2.78819E+02
2.00000E+00	1.54494E+01	2.81588E+02
2.00000E+00	1.57303E+01	2.84174E+02
2.00000E+00	1.60112E+01	2.86498E+02
2.00000E+00	1.62921E+01	2.88684E+02
2.00000E+00	1.65730E+01	2.90907E+02
2.00000E+00	1.68539E+01	2.93140E+02
2.00000E+00	1.71348E+01	2.95268E+02
2.00000E+00	1.74157E+01	2.97343E+02
2.00000E+00	1.76966E+01	2.99390E+02
2.00000E+00	1.79775E+01	3.01493E+02
2.00000E+00	1.82584E+01	3.03495E+02
2.00000E+00	1.85393E+01	3.05224E+02
2.00000E+00	1.88202E+01	3.06645E+02
2.00000E+00	1.91011E+01	3.07655E+02
2.00000E+00	1.93820E+01	3.08134E+02
2.00000E+00	1.96629E+01	3.08038E+02
2.00000E+00	1.99438E+01	3.07229E+02
2.00000E+00	2.02247E+01	3.05886E+02
2.00000E+00	2.05056E+01	3.04338E+02
2.00000E+00	2.07865E+01	3.02642E+02
2.00000E+00	2.10674E+01	3.00779E+02
2.00000E+00	2.13483E+01	2.98954E+02
2.00000E+00	2.16292E+01	2.97247E+02
2.00000E+00	2.19101E+01	2.95505E+02
2.00000E+00	2.21910E+01	2.93724E+02
2.00000E+00	2.24719E+01	2.91907E+02
2.00000E+00	2.27528E+01	2.89698E+02
2.00000E+00	2.30337E+01	2.86874E+02
2.00000E+00	2.33146E+01	2.83830E+02
2.00000E+00	2.35955E+01	2.80854E+02
2.00000E+00	2.38764E+01	2.77927E+02
2.00000E+00	2.41573E+01	2.75049E+02
2.00000E+00	2.44382E+01	2.72318E+02
2.00000E+00	2.47191E+01	2.69699E+02
2.00000E+00	2.50000E+01	2.67104E+02
2.50000E+00	0.00000E+00	9.13820E-01
2.50000E+00	2.80899E-01	8.20958E-01
2.50000E+00	5.61798E-01	7.48185E-01
2.50000E+00	8.42697E-01	7.25065E-01
2.50000E+00	1.12360E+00	7.31940E-01
2.50000E+00	1.40449E+00	7.66274E-01
2.50000E+00	1.68539E+00	8.17232E-01
2.50000E+00	1.96629E+00	8.71571E-01
2.50000E+00	2.24719E+00	9.22297E-01
2.50000E+00	2.52809E+00	9.70588E-01
2.50000E+00	2.80899E+00	1.02210E+00
2.50000E+00	3.08989E+00	1.08312E+00
2.50000E+00	3.37079E+00	1.16105E+00
2.50000E+00	3.65169E+00	1.26829E+00
2.50000E+00	3.93258E+00	1.42025E+00
2.50000E+00	4.21348E+00	1.63525E+00
2.50000E+00	4.49438E+00	1.93134E+00
2.50000E+00	4.77528E+00	2.32618E+00
2.50000E+00	5.05618E+00	2.83418E+00
2.50000E+00	5.33708E+00	3.47772E+00
2.50000E+00	5.61798E+00	4.28723E+00
2.50000E+00	5.89888E+00	5.29920E+00
2.50000E+00	6.17978E+00	6.58179E+00
2.50000E+00	6.46067E+00	8.25213E+00
2.50000E+00	6.74157E+00	1.04575E+01
2.50000E+00	7.02247E+00	1.33486E+01
2.50000E+00	7.30337E+00	1.71010E+01
2.50000E+00	7.58427E+00	2.18827E+01
2.50000E+00	7.86517E+00	2.78848E+01
2.50000E+00	8.14607E+00	3.52801E+01
2.50000E+00	8.42697E+00	4.40823E+01
2.50000E+00	8.70787E+00	5.41072E+01
2.50000E+00	8.98876E+00	6.52129E+01
2.50000E+00	9.26966E+00	7.72945E+01
2.50000E+00	9.55056E+00	9.01822E+01
2.50000E+00	9.83146E+00	1.03832E+02
2.50000E+00	1.01124E+01	1.18229E+02
2.50000E+00	1.03933E+01	1.33235E+02
2.50000E+00	1.06742E+01	1.48364E+02
2.50000E+00	1.09551E+01	1.62973E+02
2.50000E+00	1.12360E+01	1.76857E+02
2.50000E+00	1.15169E+01	1.90395E+02
2.50000E+00	1.17978E+01	2.03852E+02
2.50000E+00	1.20787E+01	2.17176E+02
2.50000E+00	1.23596E+01	2.30147E+02
2.50000E+00	1.26404E+01	2.42388E+02
2.50000E+00	1.29213E+01	2.53455E+02
2.50000E+00	1.32022E+01	2.63132E+02
2.50000E+00	1.34831E+01	2.71735E+02
2.50000E+00	1.37640E+01	2.79636E+02
2.50000E+00	1.40449E+01	2.87002E+02
2.50000E+00	1.43258E+01	2.93799E+02
2.50000E+00	1.46067E+01	2.99817E+02
2.50000E+00	1.48876E+01	3.04744E+02
2.50000E+00	1.51685E+01	3.08540E+02
2.50000E+00	1.54494E+01	3.11705E+02
2.50000E+00	1.57303E+01	3.14573E+02
2.50000E+00	1.60112E+01	3.17182E+02
2.50000E+00	1.62921E+01	3.19648E+02
2.50000E+00	1.65730E+01	3.22106E+02
2.50000E+00	1.68539E+01	3.24551E+02
2.50000E+00	1.71348E+01	3.26916E+02
2.50000E+00	1.74157E+01	3.29219E+02
2.50000E+00	1.76966E+01	3.31497E+02
2.50000E+00	1.79775E+01	3.33778E+02
2.50000E+00	1.82584E+01	3.35938E+02
2.50000E+00	1.85393E+01	3.37820E+02
2.50000E+00	1.88202E+01	3.39349E+02
2.50000E+00	1.91011E+01	3.40420E+02
2.50000E+00	1.93820E+01	3.40919E+02
2.50000E+00	1.96629E+01	3.40777E+02
2.50000E+00	1.99438E+01	3.39927E+02
2.50000E+00	2.02247E+01	3.38528E+02
2.50000E+00	2.05056E+01	3.36844E+02
2.50000E+00	2.07865E+01	3.34977E+02
2.50000E+00	2.10674E+01	3.32969E+02
2.50000E+00	2.13483E+01	3.30971E+02
2.50000E+00	2.16292E+01	3.29048E+02
2.50000E+00	2.19101E+01	3.27107E+02
2.50000E+00	2.21910E+01	3.25115E+02
2.50000E+00	2.24719E+01	3.23006E+02
2.50000E+00	2.27528E+01	3.20504E+02
2.50000E+00	2.30337E+01	3.17472E+02
2.50000E+00	2.33146E+01	3.14187E+02
2.50000E+00	2.35955E+01	3.10908E+02
2.50000E+00	2.38764E+01	3.07675E+02
2.50000E+00	2.41573E+01	3.04514E+02
2.50000E+00	2.44382E+01	3.01485E+02
2.50000E+00	2.47191E+01	2.98567E+02
2.50000E+00	2.50000E+01	2.95706E+02
3.00000E+00	0.00000E+00	9.21387E-01
3.00000E+00	2.80899E-01	8.56426E-01
3.00000E+00	5.61798E-01	8.03127E-01
3.00000E+00	8.42697E-01	7.93009E-01
3.00000E+00	1.12360E+00	8.08353E-01
3.00000E+00	1.40449E+00	8.42774E-01
3.00000E+00	1.68539E+00	8.91316E-01
3.00000E+00	1.96629E+00	9.45126E-01
3.00000E+00	2.24719E+00	9.98596E-01
3.00000E+00	2.52809E+00	1.05237E+00
3.00000E+00	2.80899E+00	1.11140E+00
3.00000E+00	3.08989E+00	1.18240E+00
3.00000E+00	3.37079E+00	1.27423E+00
3.00000E+00	3.65169E+00	1.39990E+00
3.00000E+00	3.93258E+00	1.57578E+00
3.00000E+00	4.21348E+00	1.82057E+00
3.00000E+00	4.49438E+00	2.15349E+00
3.00000E+00	4.77528E+00	2.59330E+00
3.00000E+00	5.05618E+00	3.15875E+00
3.00000E+00	5.33708E+00	3.87540E+00
3.00000E+00	5.61798E+00	4.77808E+00
3.00000E+00	5.89888E+00	5.91442E+00
3.00000E+00	6.17978E+00	7.36379E+00
3.00000E+00	6.46067E+00	9.24837E+00
3.00000E+00	6.74157E+00	1.17195E+01
3.00000E+00	7.02247E+00	1.49416E+01
3.00000E+00	7.30337E+00	1.90946E+01
3.00000E+00	7.58427E+00	2.43602E+01
3.00000E+00	7.86517E+00	3.09235E+01
3.00000E+00	8.14607E+00	3.89296E+01
3.00000E+00	8.42697E+00	4.83821E+01
3.00000E+00	8.70787E+00	5.91398E+01
3.00000E+00	8.98876E+00	7.10584E+01
3.00000E+00	9.26966E+00	8.40098E+01
3.00000E+00	9.55056E+00	9.78507E+01
3.00000E+00	9.83146E+00	1.12505E+02
3.00000E+00	1.01124E+01	1.27907E+02
3.00000E+00	1.03933E+01	1.43854E+02
3.00000E+00	1.06742E+01	1.59893E+02
3.00000E+00	1.09551E+01	1.75497E+02
3.00000E+00	1.12360E+01	1.90487E+02
3.00000E+00	1.15169E+01	2.05098E+02
3.00000E+00	1.17978E+01	2.19530E+02
3.00000E+00	1.20787E+01	2.33746E+02
3.00000E+00	1.23596E+01	2.47521E+02
3.00000E+00	1.26404E+01	2.60497E+02
3.00000E+00	1.29213E+01	2.72290E+02
3.00000E+00	1.32022E+01	2.82744E+02
3.00000E+00	1.34831E+01	2.92083E+02
3.00000E+00	1.37640E+01	3.00617E+02
3.00000E+00	1.40449E+01	3.08506E+02
3.00000E+00	1.43258E+01	3.15722E+02
3.00000E+00	1.46067E+01	3.22081E+02
3.00000E+00	1.48876E+01	3.27356E+02
3.00000E+00	1.51685E+01	3.31565E+02
3.00000E+00	1.54494E+01	3.35077E+02
3.00000E+00	1.57303E+01	3.38200E+02
3.00000E+00	1.60112E+01	3.41050E+02
3.00000E+00	1.62921E+01	3.43744E+02
3.00000E+00	1.65730E+01	3.46391E+02
3.00000E+00	1.68539E+01	3.49005E+02
3.00000E+00	1.71348E+01	3.51548E+02
3.00000E+00	1.74157E+01	3.54030E+02
3.00000E+00	1.76966E+01	3.56476E+02
3.00000E+00	1.79775E+01	3.58881E+02
3.00000E+00	1.82584E+01	3.61141E+02
3.00000E+00	1.85393E+01	3.63116E+02
3.00000E+00	1.88202E+01	3.64706E+02
3.00000E+00	1.91011E+01	3.65802E+02
3.00000E+00	1.93820E+01	3.66300E+02
3.00000E+00	1.96629E+01	3.66126E+02
3.00000E+00	1.99438E+01	3.65257E+02
3.00000E+00	2.02247E+01	3.63832E+02
3.00000E+00	2.05056E+01	3.62069E+02
3.00000E+00	2.07865E+01	3.60092E+02
3.00000E+00	2.10674E+01	3.57981E+02
3.00000E+00	2.13483E+01	3.55854E+02
3.00000E+00	2.16292E+01	3.53764E+02
3.00000E+00	2.19101E+01	3.51654E+02
3.00000E+00	2.21910E+01	3.49471E+02
3.00000E+00	2.24719E+01	3.47119E+02
3.00000E+00	2.27528E+01	3.44390E+02
3.00000E+00	2.30337E+01	3.41204E+02
3.00000E+00	2.33146E+01	3.37756E+02
3.00000E+00	2.35955E+01	3.34263E+02
3.00000E+00	2.38764E+01	3.30808E+02
3.00000E+00	2.41573E+01	3.27429E+02
3.00000E+00	2.44382E+01	3.24171E+02
3.00000E+00	2.47191E+01	3.21022E+02
3.00000E+00	2.50000E+01	3.17950E+02
3.50000E+00	0.00000E+00	9.31708E-01
3.50000E+00	2.80899E-01	8.86966E-01
3.50000E+00	5.61798E-01	8.50728E-01
3.50000E+00	8.42697E-01	8.47613E-01
3.50000E+00	1.12360E+00	8.70979E-01
3.50000E+00	1.40449E+00	9.07826E-01
3.50000E+00	1.68539E+00	9.54511E-01
3.50000E+00	1.96629E+00	1.00683E+00
3.50000E+00	2.24719E+00	1.06173E+00
3.50000E+00	2.52809E+00	1.12017E+00
3.50000E+00	2.80899E+00	1.18674E+00
3.50000E+00	3.08989E+00	1.26847E+00
3.50000E+00	3.37079E+00	1.37510E+00
3.50000E+00	3.65169E+00	1.52014E+00
3.50000E+00	3.93258E+00	1.72037E+00
3.50000E+00	4.21348E+00	1.99484E+00
3.50000E+00	4.49438E+00	2.36360E+00
3.50000E+00	4.77528E+00	2.84712E+00
3.50000E+00	5.05618E+00	3.46787E+00
3.50000E+00	5.33708E+00	4.25532E+00
3.50000E+00	5.61798E+00	5.24981E+00
3.50000E+00	5.89888E+00	6.50868E+00
3.50000E+00	6.17978E+00	8.11996E+00
3.50000E+00	6.46067E+00	1.02093E+01
3.50000E+00	6.74157E+00	1.29306E+01
3.50000E+00	7.02247E+00	1.64543E+01
3.50000E+00	7.30337E+00	2.09625E+01
3.50000E+00	7.58427E+00	2.66387E+01
3.50000E+00	7.86517E+00	3.36562E+01
3.50000E+00	8.14607E+00	4.21353E+01
3.50000E+00	8.42697E+00	5.20766E+01
3.50000E+00	8.70787E+00	6.33676E+01
3.50000E+00	8.98876E+00	7.58697E+01
3.50000E+00	9.26966E+00	8.94473E+01
3.50000E+00	9.55056E+00	1.03966E+02
3.50000E+00	9.83146E+00	1.19323E+02
3.50000E+00	1.01124E+01	1.35405E+02
3.50000E+00	1.03933E+01	1.51976E+02
3.50000E+00	1.06742E+01	1.68623E+02
3.50000E+00	1.09551E+01	1.84918E+02
3.50000E+00	1.12360E+01	2.00693E+02
3.50000E+00	1.15169E+01	2.16077E+02
3.50000E+00	1.17978E+01	2.31201E+02
3.50000E+00	1.20787E+01	2.46020E+02
3.50000E+00	1.23596E+01	2.60321E+02
3.50000E+00	1.26404E+01	2.73779E+02
3.50000E+00	1.29213E+01	2.86075E+02
3.50000E+00	1.32022E+01	2.97088E+02
3.50000E+00	1.34831E+01	3.06974E+02
3.50000E+00	1.37640E+01	3.15977E+02
3.50000E+00	1.40449E+01	3.24237E+02
3.50000E+00	1.43258E+01	3.31737E+02
3.50000E+00	1.46067E+01	3.38331E+02
3.50000E+00	1.48876E+01	3.43870E+02
3.50000E+00	1.51685E+01	3.48398E+02
3.50000E+00	1.54494E+01	3.52199E+02
3.50000E+00	1.57303E+01	3.55547E+02
3.50000E+00	1.60112E+01	3.58597E+02
3.50000E+00	1.62921E+01	3.61471E+02
3.50000E+00	1.65730E+01	3.64266E+02
3.50000E+00	1.68539E+01	3.67007E+02
3.50000E+00	1.71348E+01	3.69681E+02
3.50000E+00	1.74157E+01	3.72289E+02
3.50000E+00	1.76966E+01	3.74845E+02
3.50000E+00	1.79775E+01	3.77324E+02
3.50000E+00	1.82584E+01	3.79634E+02
3.50000E+00	1.85393E+01	3.81648E+02
3.50000E+00	1.88202E+01	3.83256E+02
3.50000E+00	1.91011E+01	3.84350E+02
3.50000E+00	1.93820E+01	3.84831E+02
3.50000E+00	1.96629E+01	3.84636E+02
3.50000E+00	1.99438E+01	3.83766E+02
3.50000E+00	2.02247E+01	3.82342E+02
3.50000E+00	2.05056E+01	3.80547E+02
3.50000E+00	2.07865E+01	3.78513E+02
3.50000E+00	2.10674E+01	3.76338E+02
3.50000E+00	2.13483E+01	3.74122E+02
3.50000E+00	2.16292E+01	3.71907E+02
3.50000E+00	2.19101E+01	3.69658E+02
3.50000E+00	2.21910E+01	3.67314E+02
3.50000E+00	2.24719E+01	3.64770E+02
3.50000E+00	2.27528E+01	3.61875E+02
3.50000E+00	2.30337E+01	3.58583E+02
3.50000E+00	2.33146E+01	3.55035E+02
3.50000E+00	2.35955E+01	3.51410E+02
3.50000E+00	2.38764E+01	3.47805E+02
3.50000E+00	2.41573E+01	3.44273E+02
3.50000E+00	2.44382E+01	3.40849E+02
3.50000E+00	2.47191E+01	3.37533E+02
3.50000E+00	2.50000E+01	3.34305E+02
4.00000E+00	0.00000E+00	9.43320E-01
4.00000E+00	2.80899E-01	9.13506E-01
4.00000E+00	5.61798E-01	8.91107E-01
4.00000E+00	8.42697E-01	8.92322E-01
4.00000E+00	1.12360E+00	9.20627E-01
4.00000E+00	1.40449E+00	9.61058E-01
4.00000E+00	1.68539E+00	1.00790E+00
4.00000E+00	1.96629E+00	1.05954E+00
4.00000E+00	2.24719E+00	1.11572E+00
4.00000E+00	2.52809E+00	1.17851E+00
4.00000E+00	2.80899E+00	1.25279E+00
4.00000E+00	3.08989E+00	1.34595E+00
4.00000E+00	3.37079E+00	1.46828E+00
4.00000E+00	3.65169E+00	1.63359E+00
4.00000E+00	3.93258E+00	1.85887E+00
4.00000E+00	4.21348E+00	2.16348E+00
4.00000E+00	4.49438E+00	2.56831E+00
4.00000E+00	4.77528E+00	3.09584E+00
4.00000E+00	5.05618E+00	3.77205E+00
4.00000E+00	5.33708E+00	4.63073E+00
4.00000E+00	5.61798E+00	5.71810E+00
4.00000E+00	5.89888E+00	7.09946E+00
4.00000E+00	6.17978E+00	8.86916E+00
4.00000E+00	6.46067E+00	1.11549E+01
4.00000E+00	6.74157E+00	1.41108E+01
4.00000E+00	7.02247E+00	1.79079E+01
4.00000E+00	7.30337E+00	2.27263E+01
4.00000E+00	7.58427E+00	2.87438E+01
4.00000E+00	7.86517E+00	3.61182E+01
4.00000E+00	8.14607E+00	4.49499E+01
4.00000E+00	8.42697E+00	5.52385E+01
4.00000E+00	8.70787E+00	6.68914E+01
4.00000E+00	8.98876E+00	7.97794E+01
4.00000E+00	9.26966E+00	9.37666E+01
4.00000E+00	9.55056E+00	1.08719E+02
4.00000E+00	9.83146E+00	1.24512E+02
4.00000E+00	1.01124E+01	1.40998E+02
4.00000E+00	1.03933E+01	1.57924E+02
4.00000E+00	1.06742E+01	1.74925E+02
4.00000E+00	1.09551E+01	1.91643E+02
4.00000E+00	1.12360E+01	2.07921E+02
4.00000E+00	1.15169E+01	2.23806E+02
4.00000E+00	1.17978E+01	2.39365E+02
4.00000E+00	1.20787E+01	2.54542E+02
4.00000E+00	1.23596E+01	2.69138E+02
4.00000E+00	1.26404E+01	2.82869E+02
4.00000E+00	1.29213E+01	2.95473E+02
4.00000E+00	1.32022E+01	3.06851E+02
4.00000E+00	1.34831E+01	3.17109E+02
4.00000E+00	1.37640E+01	3.26431E+02
4.00000E+00	1.40449E+01	3.34933E+02
4.00000E+00	1.43258E+01	3.42608E+02
4.00000E+00	1.46067E+01	3.49354E+02
4.00000E+00	1.48876E+01	3.55080E+02
4.00000E+00	1.51685E+01	3.59846E+02
4.00000E+00	1.54494E+01	3.63877E+02
4.00000E+00	1.57303E+01	3.67416E+02
4.00000E+00	1.60112E+01	3.70630E+02
4.00000E+00	1.62921E+01	3.73645E+02
4.00000E+00	1.65730E+01	3.76552E+02
4.00000E+00	1.68539E+01	3.79385E+02
4.00000E+00	1.71348E+01	3.82144E+02
4.00000E+00	1.74157E+01	3.84833E+02
4.00000E+00	1.76966E+01	3.87449E+02
4.00000E+00	1.79775E+01	3.89959E+02
4.00000E+00	1.82584E+01	3.92276E+02
4.00000E+00	1.85393E+01	3.94286E+02
4.00000E+00	1.88202E+01	3.95878E+02
4.00000E+00	1.91011E+01	3.96947E+02
4.00000E+00	1.93820E+01	3.97404E+02
4.00000E+00	1.96629E+01	3.97196E+02
4.00000E+00	1.99438E+01	3.96338E+02
4.00000E+00	2.02247E+01	3.94936E+02
4.00000E+00	2.05056E+01	3.93143E+02
4.00000E+00	2.07865E+01	3.91093E+02
4.00000E+00	2.10674E+01	3.88889E+02
4.00000E+00	2.13483E+01	3.86617E+02
4.00000E+00	2.16292E+01	3.84315E+02
4.00000E+00	2.19101E+01	3.81957E+02
4.00000E+00	2.21910E+01	3.79484E+02
4.00000E+00	2.24719E+01	3.76798E+02
4.00000E+00	2.27528E+01	3.73790E+02
4.00000E+00	2.30337E+01	3.70434E+02
4.00000E+00	2.33146E+01	3.66837E+02
4.00000E+00	2.35955E+01	3.63142E+02
4.00000E+00	2.38764E+01	3.59451E+02
4.00000E+00	2.41573E+01	3.55823E+02
4.00000E+00	2.44382E+01	3.52292E+02
4.00000E+00	2.47191E+01	3.48863E+02
4.00000E+00	2.50000E+01	3.45527E+02
5.00000E+00	0.00000E+00	9.67310E-01
5.00000E+00	2.80899E-01	9.57199E-01
5.00000E+00	5.61798E-01	9.53698E-01
5.00000E+00	8.42697E-01	9.62798E-01
5.00000E+00	1.12360E+00	9.93005E-01
5.00000E+00	1.40449E+00	1.03875E+00
5.00000E+00	1.68539E+00	1.09094E+00
5.00000E+00	1.96629E+00	1.14729E+00
5.00000E+00	2.24719E+00	1.21016E+00
5.00000E+00	2.52809E+00	1.28439E+00
5.00000E+00	2.80899E+00	1.37663E+00
5.00000E+00	3.08989E+00	1.49558E+00
5.00000E+00	3.37079E+00	1.65257E+00
5.00000E+00	3.65169E+00	1.86195E+00
5.00000E+00	3.93258E+00	2.14114E+00
5.00000E+00	4.21348E+00	2.51041E+00
5.00000E+00	4.49438E+00	2.99286E+00
5.00000E+00	4.77528E+00	3.61531E+00
5.00000E+00	5.05618E+00	4.41053E+00
5.00000E+00	5.33708E+00	5.42086E+00
5.00000E+00	5.61798E+00	6.70280E+00
5.00000E+00	5.89888E+00	8.33248E+00
5.00000E+00	6.17978E+00	1.04108E+01
5.00000E+00	6.46067E+00	1.30644E+01
5.00000E+00	6.74157E+00	1.64414E+01
5.00000E+00	7.02247E+00	2.07030E+01
5.00000E+00	7.30337E+00	2.60136E+01
5.00000E+00	7.58427E+00	3.25276E+01
5.00000E+00	7.86517E+00	4.03701E+01
5.00000E+00	8.14607E+00	4.96120E+01
5.00000E+00	8.42697E+00	6.02516E+01
5.00000E+00	8.70787E+00	7.22204E+01
5.00000E+00	8.98876E+00	8.54089E+01
5.00000E+00	9.26966E+00	9.96883E+01
5.00000E+00	9.55056E+00	1.14920E+02
5.00000E+00	9.83146E+00	1.30952E+02
5.00000E+00	1.01124E+01	1.47601E+02
5.00000E+00	1.03933E+01	1.64622E+02
5.00000E+00	1.06742E+01	1.81726E+02
5.00000E+00	1.09551E+01	1.98653E+02
5.00000E+00	1.12360E+01	2.15249E+02
5.00000E+00	1.15169E+01	2.31465E+02
5.00000E+00	1.17978E+01	2.47274E+02
5.00000E+00	1.20787E+01	2.62590E+02
5.00000E+00	1.23596E+01	2.77250E+02
5.00000E+00	1.26404E+01	2.91045E+02
5.00000E+00	1.29213E+01	3.03801E+02
5.00000E+00	1.32022E+01	3.15441E+02
5.00000E+00	1.34831E+01	3.26008E+02
5.00000E+00	1.37640E+01	3.35596E+02
5.00000E+00	1.40449E+01	3.44278E+02
5.00000E+00	1.43258E+01	3.52063E+02
5.00000E+00	1.46067E+01	3.58921E+02
5.00000E+00	1.48876E+01	3.64837E+02
5.00000E+00	1.51685E+01	3.69886E+02
5.00000E+00	1.54494E+01	3.74223E+02
5.00000E+00	1.57303E+01	3.78036E+02
5.00000E+00	1.60112E+01	3.81481E+02
5.00000E+00	1.62921E+01	3.84682E+02
5.00000E+00	1.65730E+01	3.87724E+02
5.00000E+00	1.68539E+01	3.90653E+02
5.00000E+00	1.71348E+01	3.93484E+02
5.00000E+00	1.74157E+01	3.96219E+02
5.00000E+00	1.76966E+01	3.98841E+02
5.00000E+00	1.79775E+01	4.01309E+02
5.00000E+00	1.82584E+01	4.03548E+02
5.00000E+00	1.85393E+01	4.05463E+02
5.00000E+00	1.88202E+01	4.06955E+02
5.00000E+00	1.91011E+01	4.07933E+02
5.00000E+00	1.93820E+01	4.08328E+02
5.00000E+00	1.96629E+01	4.08109E+02
5.00000E+00	1.99438E+01	4.07299E+02
5.00000E+00	2.02247E+01	4.05978E+02
5.00000E+00	2.05056E+01	4.04261E+02
5.00000E+00	2.07865E+01	4.02262E+02
5.00000E+00	2.10674E+01	4.00077E+02
5.00000E+00	2.13483E+01	3.97775E+02
5.00000E+00	2.16292E+01	3.95386E+02
5.00000E+00	2.19101E+01	3.92898E+02
5.00000E+00	2.21910E+01	3.90266E+02
5.00000E+00	2.24719E+01	3.87423E+02
5.00000E+00	2.27528E+01	3.84313E+02
5.00000E+00	2.30337E+01	3.80932E+02
5.00000E+00	2.33146E+01	3.77345E+02
5.00000E+00	2.35955E+01	3.73650E+02
5.00000E+00	2.38764E+01	3.69931E+02
5.00000E+00	2.41573E+01	3.66250E+02
5.00000E+00	2.44382E+01	3.62642E+02
5.00000E+00	2.47191E+01	3.59121E+02
5.00000E+00	2.50000E+01	3.55688E+02
6.00000E+00	0.00000E+00	9.90769E-01
6.00000E+00	2.80899E-01	9.92741E-01
6.00000E+00	5.61798E-01	1.00106E+00
6.00000E+00	8.42697E-01	1.01845E+00
6.00000E+00	1.12360E+00	1.04916E+00
6.00000E+00	1.40449E+00	1.09749E+00
6.00000E+00	1.68539E+00	1.15760E+00
6.00000E+00	1.96629E+00	1.22610E+00
6.00000E+00	2.24719E+00	1.30457E+00
6.00000E+00	2.52809E+00	1.39858E+00
6.00000E+00	2.80899E+00	1.51632E+00
6.00000E+00	3.08989E+00	1.66814E+00
6.00000E+00	3.37079E+00	1.86675E+00
6.00000E+00	3.65169E+00	2.12753E+00
6.00000E+00	3.93258E+00	2.46896E+00
6.00000E+00	4.21348E+00	2.91287E+00
6.00000E+00	4.49438E+00	3.48508E+00
6.00000E+00	4.77528E+00	4.21665E+00
6.00000E+00	5.05618E+00	5.14606E+00
6.00000E+00	5.33708E+00	6.32222E+00
6.00000E+00	5.61798E+00	7.80801E+00
6.00000E+00	5.89888E+00	9.68380E+00
6.00000E+00	6.17978E+00	1.20498E+01
6.00000E+00	6.46067E+00	1.50255E+01
6.00000E+00	6.74157E+00	1.87454E+01
6.00000E+00	7.02247E+00	2.33518E+01
6.00000E+00	7.30337E+00	2.89849E+01
6.00000E+00	7.58427E+00	3.57700E+01
6.00000E+00	7.86517E+00	4.38026E+01
6.00000E+00	8.14607E+00	5.31324E+01
6.00000E+00	8.42697E+00	6.37549E+01
6.00000E+00	8.70787E+00	7.56144E+01
6.00000E+00	8.98876E+00	8.86167E+01
6.00000E+00	9.26966E+00	1.02642E+02
6.00000E+00	9.55056E+00	1.17554E+02
6.00000E+00	9.83146E+00	1.33193E+02
6.00000E+00	1.01124E+01	1.49373E+02
6.00000E+00	1.03933E+01	1.65877E+02
6.00000E+00	1.06742E+01	1.82472E+02
6.00000E+00	1.09551E+01	1.98953E+02
6.00000E+00	1.12360E+01	2.15168E+02
6.00000E+00	1.15169E+01	2.31024E+02
6.00000E+00	1.17978E+01	2.46443E+02
6.00000E+00	1.20787E+01	2.61324E+02
6.00000E+00	1.23596E+01	2.75531E+02
6.00000E+00	1.26404E+01	2.88914E+02
6.00000E+00	1.29213E+01	3.01349E+02
6.00000E+00	1.32022E+01	3.12775E+02
6.00000E+00	1.34831E+01	3.23199E+02
6.00000E+00	1.37640E+01	3.32665E+02
6.00000E+00	1.40449E+01	3.41217E+02
6.00000E+00	1.43258E+01	3.48875E+02
6.00000E+00	1.46067E+01	3.55648E+02
6.00000E+00	1.48876E+01	3.61561E+02
6.00000E+00	1.51685E+01	3.66690E+02
6.00000E+00	1.54494E+01	3.71155E+02
6.00000E+00	1.57303E+01	3.75100E+02
6.00000E+00	1.60112E+01	3.78657E+02
6.00000E+00	1.62921E+01	3.81936E+02
6.00000E+00	1.65730E+01	3.85016E+02
6.00000E+00	1.68539E+01	3.87944E+02
6.00000E+00	1.71348E+01	3.90741E+02
6.00000E+00	1.74157E+01	3.93410E+02
6.00000E+00	1.76966E+01	3.95930E+02
6.00000E+00	1.79775E+01	3.98261E+02
6.00000E+00	1.82584E+01	4.00340E+02
6.00000E+00	1.85393E+01	4.02090E+02
6.00000E+00	1.88202E+01	4.03430E+02
6.00000E+00	1.91011E+01	4.04290E+02
6.00000E+00	1.93820E+01	4.04619E+02
6.00000E+00	1.96629E+01	4.04399E+02
6.00000E+00	1.99438E+01	4.03653E+02
6.00000E+00	2.02247E+01	4.02441E+02
6.00000E+00	2.05056E+01	4.00849E+02
6.00000E+00	2.07865E+01	3.98967E+02
6.00000E+00	2.10674E+01	3.96872E+02
6.00000E+00	2.13483E+01	3.94622E+02
6.00000E+00	2.16292E+01	3.92244E+02
6.00000E+00	2.19101E+01	3.89734E+02
6.00000E+00	2.21910E+01	3.87066E+02
6.00000E+00	2.24719E+01	3.84202E+02
6.00000E+00	2.27528E+01	3.81118E+02
6.00000E+00	2.30337E+01	3.77819E+02
6.00000E+00	2.33146E+01	3.74350E+02
6.00000E+00	2.35955E+01	3.70778E+02
6.00000E+00	2.38764E+01	3.67168E+02
6.00000E+00	2.41573E+01	3.63574E+02
6.00000E+00	2.44382E+01	3.60029E+02
6.00000E+00	2.47191E+01	3.56554E+02
6.00000E+00	2.50000E+01	3.53156E+02
7.00000E+00	0.00000E+00	1.01499E+00
7.00000E+00	2.80899E-01	1.02589E+00
7.00000E+00	5.61798E-01	1.04343E+00
7.00000E+00	8.42697E-01	1.06936E+00
7.00000E+00	1.12360E+00	1.10607E+00
7.00000E+00	1.40449E+00	1.15840E+00
7.00000E+00	1.68539E+00	1.22842E+00
7.00000E+00	1.96629E+00	1.31387E+00
7.00000E+00	2.24719E+00	1.41584E+00
7.00000E+00	2.52809E+00	1.53928E+00
7.00000E+00	2.80899E+00	1.69261E+00
7.00000E+00	3.08989E+00	1.88709E+00
7.00000E+00	3.37079E+00	2.13664E+00
7.00000E+00	3.65169E+00	2.45794E+00
7.00000E+00	3.93258E+00	2.87086E+00
7.00000E+00	4.21348E+00	3.39902E+00
7.00000E+00	4.49438E+00	4.07066E+00
7.00000E+00	4.77528E+00	4.91999E+00
7.00000E+00	5.05618E+00	5.98899E+00
7.00000E+00	5.33708E+00	7.32967E+00
7.00000E+00	5.61798E+00	9.00639E+00
7.00000E+00	5.89888E+00	1.10978E+01
7.00000E+00	6.17978E+00	1.36973E+01
7.00000E+00	6.46067E+00	1.69117E+01
7.00000E+00	6.74157E+00	2.08572E+01
7.00000E+00	7.02247E+00	2.56525E+01
7.00000E+00	7.30337E+00	3.14107E+01
7.00000E+00	7.58427E+00	3.82290E+01
7.00000E+00	7.86517E+00	4.61771E+01
7.00000E+00	8.14607E+00	5.52885E+01
7.00000E+00	8.42697E+00	6.55544E+01
7.00000E+00	8.70787E+00	7.69264E+01
7.00000E+00	8.98876E+00	8.93225E+01
7.00000E+00	9.26966E+00	1.02634E+02
7.00000E+00	9.55056E+00	1.16733E+02
7.00000E+00	9.83146E+00	1.31469E+02
7.00000E+00	1.01124E+01	1.46671E+02
7.00000E+00	1.03933E+01	1.62155E+02
7.00000E+00	1.06742E+01	1.77729E+02
7.00000E+00	1.09551E+01	1.93221E+02
7.00000E+00	1.12360E+01	2.08491E+02
7.00000E+00	1.15169E+01	2.23429E+02
7.00000E+00	1.17978E+01	2.37937E+02
7.00000E+00	1.20787E+01	2.51912E+02
7.00000E+00	1.23596E+01	2.65242E+02
7.00000E+00	1.26404E+01	2.77813E+02
7.00000E+00	1.29213E+01	2.89535E+02
7.00000E+00	1.32022E+01	3.00357E+02
7.00000E+00	1.34831E+01	3.10270E+02
7.00000E+00	1.37640E+01	3.19291E+02
7.00000E+00	1.40449E+01	3.27448E+02
7.00000E+00	1.43258E+01	3.34764E+02
7.00000E+00	1.46067E+01	3.41266E+02
7.00000E+00	1.48876E+01	3.46997E+02
7.00000E+00	1.51685E+01	3.52025E+02
7.00000E+00	1.54494E+01	3.56449E+02
7.00000E+00	1.57303E+01	3.60379E+02
7.00000E+00	1.60112E+01	3.63921E+02
7.00000E+00	1.62921E+01	3.67166E+02
7.00000E+00	1.65730E+01	3.70184E+02
7.00000E+00	1.68539E+01	3.73019E+02
7.00000E+00	1.71348E+01	3.75694E+02
7.00000E+00	1.74157E+01	3.78209E+02
7.00000E+00	1.76966E+01	3.80548E+02
7.00000E+00	1.79775E+01	3.82677E+02
7.00000E+00	1.82584E+01	3.84545E+02
7.00000E+00	1.85393E+01	3.86092E+02
7.00000E+00	1.88202E+01	3.87257E+02
7.00000E+00	1.91011E+01	3.87989E+02
7.00000E+00	1.93820E+01	3.88252E+02
7.00000E+00	1.96629E+01	3.88037E+02
7.00000E+00	1.99438E+01	3.87361E+02
7.00000E+00	2.02247E+01	3.86272E+02
7.00000E+00	2.05056E+01	3.84831E+02
7.00000E+00	2.07865E+01	3.83105E+02
7.00000E+00	2.10674E+01	3.81157E+02
7.00000E+00	2.13483E+01	3.79029E+02
7.00000E+00	2.16292E+01	3.76749E+02
7.00000E+00	2.19101E+01	3.74318E+02
7.00000E+00	2.21910E+01	3.71728E+02
7.00000E+00	2.24719E+01	3.68963E+02
7.00000E+00	2.27528E+01	3.66013E+02
7.00000E+00	2.30337E+01	3.62892E+02
7.00000E+00	2.33146E+01	3.59632E+02
7.00000E+00	2.35955E+01	3.56279E+02
7.00000E+00	2.38764E+01	3.52884E+02
7.00000E+00	2.41573E+01	3.49489E+02
7.00000E+00	2.44382E+01	3.46125E+02
7.00000E+00	2.47191E+01	3.42813E+02
7.00000E+00	2.50000E+01	3.39564E+02
8.00000E+00	0.00000E+00	1.04286E+00
8.00000E+00	2.80899E-01	1.06209E+00
8.00000E+00	5.61798E-01	1.08885E+00
8.00000E+00	8.42697E-01	1.12481E+00
8.00000E+00	1.12360E+00	1.17203E+00
8.00000E+00	1.40449E+00	1.23405E+00
8.00000E+00	1.68539E+00	1.31695E+00
8.00000E+00	1.96629E+00	1.42258E+00
8.00000E+00	2.24719E+00	1.55265E+00
8.00000E+00	2.52809E+00	1.71181E+00
8.00000E+00	2.80899E+00	1.90796E+00
8.00000E+00	3.08989E+00	2.15224E+00
8.00000E+00	3.37079E+00	2.45887E+00
8.00000E+00	3.65169E+00	2.84518E+00
8.00000E+00	3.93258E+00	3.33185E+00
8.00000E+00	4.21348E+00	3.94348E+00
8.00000E+00	4.49438E+00	4.70938E+00
8.00000E+00	4.77528E+00	5.66471E+00
8.00000E+00	5.05618E+00	6.85180E+00
8.00000E+00	5.33708E+00	8.32162E+00
8.00000E+00	5.61798E+00	1.01351E+01
8.00000E+00	5.89888E+00	1.23637E+01
8.00000E+00	6.17978E+00	1.50893E+01
8.00000E+00	6.46067E+00	1.84019E+01
8.00000E+00	6.74157E+00	2.23963E+01
8.00000E+00	7.02247E+00	2.71664E+01
8.00000E+00	7.30337E+00	3.27988E+01
8.00000E+00	7.58427E+00	3.93646E+01
8.00000E+00	7.86517E+00	4.69124E+01
8.00000E+00	8.14607E+00	5.54620E+01
8.00000E+00	8.42697E+00	6.50012E+01
8.00000E+00	8.70787E+00	7.54867E+01
8.00000E+00	8.98876E+00	8.68475E+01
8.00000E+00	9.26966E+00	9.89893E+01
8.00000E+00	9.55056E+00	1.11798E+02
8.00000E+00	9.83146E+00	1.25142E+02
8.00000E+00	1.01124E+01	1.38876E+02
8.00000E+00	1.03933E+01	1.52845E+02
8.00000E+00	1.06742E+01	1.66894E+02
8.00000E+00	1.09551E+01	1.80880E+02
8.00000E+00	1.12360E+01	1.94677E+02
8.00000E+00	1.15169E+01	2.08176E+02
8.00000E+00	1.17978E+01	2.21281E+02
8.00000E+00	1.20787E+01	2.33895E+02
8.00000E+00	1.23596E+01	2.45927E+02
8.00000E+00	1.26404E+01	2.57289E+02
8.00000E+00	1.29213E+01	2.67914E+02
8.00000E+00	1.32022E+01	2.77758E+02
8.00000E+00	1.34831E+01	2.86808E+02
8.00000E+00	1.37640E+01	2.95067E+02
8.00000E+00	1.40449E+01	3.02554E+02
8.00000E+00	1.43258E+01	3.09291E+02
8.00000E+00	1.46067E+01	3.15310E+02
8.00000E+00	1.48876E+01	3.20656E+02
8.00000E+00	1.51685E+01	3.25389E+02
8.00000E+00	1.54494E+01	3.29586E+02
8.00000E+00	1.57303E+01	3.33333E+02
8.00000E+00	1.60112E+01	3.36711E+02
8.00000E+00	1.62921E+01	3.39793E+02
8.00000E+00	1.65730E+01	3.42635E+02
8.00000E+00	1.68539E+01	3.45276E+02
8.00000E+00	1.71348E+01	3.47735E+02
8.00000E+00	1.74157E+01	3.50016E+02
8.00000E+00	1.76966E+01	3.52107E+02
8.00000E+00	1.79775E+01	3.53979E+02
8.00000E+00	1.82584E+01	3.55597E+02
8.00000E+00	1.85393E+01	3.56917E+02
8.00000E+00	1.88202E+01	3.57895E+02
8.00000E+00	1.91011E+01	3.58496E+02
8.00000E+00	1.93820E+01	3.58695E+02
8.00000E+00	1.96629E+01	3.58489E+02
8.00000E+00	1.99438E+01	3.57893E+02
8.00000E+00	2.02247E+01	3.56938E+02
8.00000E+00	2.05056E+01	3.55671E+02
8.00000E+00	2.07865E+01	3.54140E+02
8.00000E+00	2.10674E+01	3.52389E+02
8.00000E+00	2.13483E+01	3.50455E+02
8.00000E+00	2.16292E+01	3.48360E+02
8.00000E+00	2.19101E+01	3.46112E+02
8.00000E+00	2.21910E+01	3.43712E+02
8.00000E+00	2.24719E+01	3.41159E+02
8.00000E+00	2.27528E+01	3.38453E+02
8.00000E+00	2.30337E+01	3.35610E+02
8.00000E+00	2.33146E+01	3.32653E+02
8.00000E+00	2.35955E+01	3.29618E+02
8.00000E+00	2.38764E+01	3.26541E+02
8.00000E+00	2.41573E+01	3.23455E+02
8.00000E+00	2.44382E+01	3.20386E+02
8.00000E+00	2.47191E+01	3.17353E+02
8.00000E+00	2.50000E+01	3.14368E+02
9.00000E+00	0.00000E+00	1.07632E+00
9.00000E+00	2.80899E-01	1.10423E+00
9.00000E+00	5.61798E-01	1.14097E+00
9.00000E+00	8.42697E-01	1.18837E+00
9.00000E+00	1.12360E+00	1.24866E+00
9.00000E+00	1.40449E+00	1.32508E+00
9.00000E+00	1.68539E+00	1.42310E+00
9.00000E+00	1.96629E+00	1.54940E+00
9.00000E+00	2.24719E+00	1.70713E+00
9.00000E+00	2.52809E+00	1.90117E+00
9.00000E+00	2.80899E+00	2.13889E+00
9.00000E+00	3.08989E+00	2.43059E+00
9.00000E+00	3.37079E+00	2.78964E+00
9.00000E+00	3.65169E+00	3.23266E+00
9.00000E+00	3.93258E+00	3.77969E+00
9.00000E+00	4.21348E+00	4.45453E+00
9.00000E+00	4.49438E+00	5.28539E+00
9.00000E+00	4.77528E+00	6.30554E+00
9.00000E+00	5.05618E+00	7.55420E+00
9.00000E+00	5.33708E+00	9.07734E+00
9.00000E+00	5.61798E+00	1.09281E+01
9.00000E+00	5.89888E+00	1.31670E+01
9.00000E+00	6.17978E+00	1.58607E+01
9.00000E+00	6.46067E+00	1.90806E+01
9.00000E+00	6.74157E+00	2.28991E+01
9.00000E+00	7.02247E+00	2.73863E+01
9.00000E+00	7.30337E+00	3.26042E+01
9.00000E+00	7.58427E+00	3.86019E+01
9.00000E+00	7.86517E+00	4.54107E+01
9.00000E+00	8.14607E+00	5.30400E+01
9.00000E+00	8.42697E+00	6.14753E+01
9.00000E+00	8.70787E+00	7.06788E+01
9.00000E+00	8.98876E+00	8.05911E+01
9.00000E+00	9.26966E+00	9.11336E+01
9.00000E+00	9.55056E+00	1.02212E+02
9.00000E+00	9.83146E+00	1.13718E+02
9.00000E+00	1.01124E+01	1.25534E+02
9.00000E+00	1.03933E+01	1.37536E+02
9.00000E+00	1.06742E+01	1.49602E+02
9.00000E+00	1.09551E+01	1.61616E+02
9.00000E+00	1.12360E+01	1.73471E+02
9.00000E+00	1.15169E+01	1.85073E+02
9.00000E+00	1.17978E+01	1.96334E+02
9.00000E+00	1.20787E+01	2.07175E+02
9.00000E+00	1.23596E+01	2.17521E+02
9.00000E+00	1.26404E+01	2.27306E+02
9.00000E+00	1.29213E+01	2.36477E+02
9.00000E+00	1.32022E+01	2.45002E+02
9.00000E+00	1.34831E+01	2.52864E+02
9.00000E+00	1.37640E+01	2.60063E+02
9.00000E+00	1.40449E+01	2.66610E+02
9.00000E+00	1.43258E+01	2.72526E+02
9.00000E+00	1.46067E+01	2.77840E+02
9.00000E+00	1.48876E+01	2.82589E+02
9.00000E+00	1.51685E+01	2.86825E+02
9.00000E+00	1.54494E+01	2.90604E+02
9.00000E+00	1.57303E+01	2.93991E+02
9.00000E+00	1.60112E+01	2.97047E+02
9.00000E+00	1.62921E+01	2.99825E+02
9.00000E+00	1.65730E+01	3.02370E+02
9.00000E+00	1.68539E+01	3.04712E+02
9.00000E+00	1.71348E+01	3.06868E+02
9.00000E+00	1.74157E+01	3.08842E+02
9.00000E+00	1.76966E+01	3.10625E+02
9.00000E+00	1.79775E+01	3.12200E+02
9.00000E+00	1.82584E+01	3.13542E+02
9.00000E+00	1.85393E+01	3.14620E+02
9.00000E+00	1.88202E+01	3.15406E+02
9.00000E+00	1.91011E+01	3.15877E+02
9.00000E+00	1.93820E+01	3.16019E+02
9.00000E+00	1.96629E+01	3.15829E+02
9.00000E+00	1.99438E+01	3.15320E+02
9.00000E+00	2.02247E+01	3.14514E+02
9.00000E+00	2.05056E+01	3.13443E+02
9.00000E+00	2.07865E+01	3.12139E+02
9.00000E+00	2.10674E+01	3.10637E+02
9.00000E+00	2.13483E+01	3.08962E+02
9.00000E+00	2.16292E+01	3.07133E+02
9.00000E+00	2.19101E+01	3.05163E+02
9.00000E+00	2.21910E+01	3.03057E+02
9.00000E+00	2.24719E+01	3.00821E+02
9.00000E+00	2.27528E+01	2.98462E+02
9.00000E+00	2.30337E+01	2.95993E+02
9.00000E+00	2.33146E+01	2.93434E+02
9.00000E+00	2.35955E+01	2.90811E+02
9.00000E+00	2.38764E+01	2.88149E+02
9.00000E+00	2.41573E+01	2.85474E+02
9.00000E+00	2.44382E+01	2.82806E+02
9.00000E+00	2.47191E+01	2.80162E+02
9.00000E+00	2.50000E+01	2.77553E+02
1.00000E+01	0.00000E+00	1.11424E+00
1.00000E+01	2.80899E-01	1.15068E+00
1.00000E+01	5.61798E-01	1.19721E+00
1.00000E+01	8.42697E-01	1.25582E+00
1.00000E+01	1.12360E+00	1.32892E+00
1.00000E+01	1.40449E+00	1.41970E+00
1.00000E+01	1.68539E+00	1.53279E+00
1.00000E+01	1.96629E+00	1.67546E+00
1.00000E+01	2.24719E+00	1.85414E+00
1.00000E+01	2.52809E+00	2.07376E+00
1.00000E+01	2.80899E+00	2.34120E+00
1.00000E+01	3.08989E+00	2.66557E+00
1.00000E+01	3.37079E+00	3.05856E+00
1.00000E+01	3.65169E+00	3.53477E+00
1.00000E+01	3.93258E+00	4.11192E+00
1.00000E+01	4.21348E+00	4.81111E+00
1.00000E+01	4.49438E+00	5.65713E+00
1.00000E+01	4.77528E+00	6.67888E+00
1.00000E+01	5.05618E+00	7.90969E+00
1.00000E+01	5.33708E+00	9.38769E+00
1.00000E+01	5.61798E+00	1.11558E+01
1.00000E+01	5.89888E+00	1.32613E+01
1.00000E+01	6.17978E+00	1.57551E+01
1.00000E+01	6.46067E+00	1.86898E+01
1.00000E+01	6.74157E+00	2.21175E+01
1.00000E+01	7.02247E+00	2.60870E+01
1.00000E+01	7.30337E+00	3.06399E+01
1.00000E+01	7.58427E+00	3.58078E+01
1.00000E+01	7.86517E+00	4.16088E+01
1.00000E+01	8.14607E+00	4.80451E+01
1.00000E+01	8.42697E+00	5.51022E+01
1.00000E+01	8.70787E+00	6.27483E+01
1.00000E+01	8.98876E+00	7.09359E+01
1.00000E+01	9.26966E+00	7.96035E+01
1.00000E+01	9.55056E+00	8.86772E+01
1.00000E+01	9.83146E+00	9.80738E+01
1.00000E+01	1.01124E+01	1.07703E+02
1.00000E+01	1.03933E+01	1.17471E+02
1.00000E+01	1.06742E+01	1.27284E+02
1.00000E+01	1.09551E+01	1.37053E+02
1.00000E+01	1.12360E+01	1.46694E+02
1.00000E+01	1.15169E+01	1.56131E+02
1.00000E+01	1.17978E+01	1.65293E+02
1.00000E+01	1.20787E+01	1.74117E+02
1.00000E+01	1.23596E+01	1.82546E+02
1.00000E+01	1.26404E+01	1.90529E+02
1.00000E+01	1.29213E+01	1.98030E+02
1.00000E+01	1.32022E+01	2.05021E+02
1.00000E+01	1.34831E+01	2.11489E+02
1.00000E+01	1.37640E+01	2.17432E+02
1.00000E+01	1.40449E+01	2.22857E+02
1.00000E+01	1.43258E+01	2.27780E+02
1.00000E+01	1.46067E+01	2.32224E+02
1.00000E+01	1.48876E+01	2.36218E+02
1.00000E+01	1.51685E+01	2.39801E+02
1.00000E+01	1.54494E+01	2.43015E+02
1.00000E+01	1.57303E+01	2.45904E+02
1.00000E+01	1.60112E+01	2.48511E+02
1.00000E+01	1.62921E+01	2.50876E+02
1.00000E+01	1.65730E+01	2.53030E+02
1.00000E+01	1.68539E+01	2.54997E+02
1.00000E+01	1.71348E+01	2.56788E+02
1.00000E+01	1.74157E+01	2.58410E+02
1.00000E+01	1.76966E+01	2.59857E+02
1.00000E+01	1.79775E+01	2.61118E+02
1.00000E+01	1.82584E+01	2.62178E+02
1.00000E+01	1.85393E+01	2.63018E+02
1.00000E+01	1.88202E+01	2.63621E+02
1.00000E+01	1.91011E+01	2.63972E+02
1.00000E+01	1.93820E+01	2.64065E+02
1.00000E+01	1.96629E+01	2.63899E+02
1.00000E+01	1.99438E+01	2.63483E+02
1.00000E+01	2.02247E+01	2.62832E+02
1.00000E+01	2.05056E+01	2.61966E+02
1.00000E+01	2.07865E+01	2.60910E+02
1.00000E+01	2.10674E+01	2.59684E+02
1.00000E+01	2.13483E+01	2.58310E+02
1.00000E+01	2.16292E+01	2.56802E+02
1.00000E+01	2.19101E+01	2.55172E+02
1.00000E+01	2.21910E+01	2.53428E+02
1.00000E+01	2.24719E+01	2.51578E+02
1.00000E+01	2.27528E+01	2.49631E+02
1.00000E+01	2.30337E+01	2.47600E+02
1.00000E+01	2.33146E+01	2.45499E+02
1.00000E+01	2.35955E+01	2.43348E+02
1.00000E+01	2.38764E+01	2.41163E+02
1.00000E+01	2.41573E+01	2.38964E+02
1.00000E+01	2.44382E+01	2.36767E+02
1.00000E+01	2.47191E+01	2.34583E+02
1.00000E+01	2.50000E+01	2.32423E+02
