1.00000E-04	0.00000E+00	1.00433E+00
1.00000E-04	2.80899E-01	5.72884E-01
1.00000E-04	5.61798E-01	4.92879E-01
1.00000E-04	8.42697E-01	4.23007E-01
1.00000E-04	1.12360E+00	3.82401E-01
1.00000E-04	1.40449E+00	3.31700E-01
1.00000E-04	1.68539E+00	2.82871E-01
1.00000E-04	1.96629E+00	2.42152E-01
1.00000E-04	2.24719E+00	2.08836E-01
1.00000E-04	2.52809E+00	1.81946E-01
1.00000E-04	2.80899E+00	1.60175E-01
1.00000E-04	3.08989E+00	1.42374E-01
1.00000E-04	3.37079E+00	1.27667E-01
1.00000E-04	3.65169E+00	1.15334E-01
1.00000E-04	3.93258E+00	1.04858E-01
1.00000E-04	4.21348E+00	9.59156E-02
1.00000E-04	4.49438E+00	8.81882E-02
1.00000E-04	4.77528E+00	8.14684E-02
1.00000E-04	5.05618E+00	7.55839E-02
1.00000E-04	5.33708E+00	7.04114E-02
1.00000E-04	5.61798E+00	6.58374E-02
1.00000E-04	5.89888E+00	6.17729E-02
1.00000E-04	6.17978E+00	5.81468E-02
1.00000E-04	6.46067E+00	5.48915E-02
1.00000E-04	6.74157E+00	5.19741E-02
1.00000E-04	7.02247E+00	4.93345E-02
1.00000E-04	7.30337E+00	4.69514E-02
1.00000E-04	7.58427E+00	4.47945E-02
1.00000E-04	7.86517E+00	4.28283E-02
1.00000E-04	8.14607E+00	4.10448E-02
1.00000E-04	8.42697E+00	3.94014E-02
1.00000E-04	8.70787E+00	3.78982E-02
1.00000E-04	8.98876E+00	3.65020E-02
1.00000E-04	9.26966E+00	3.52178E-02
1.00000E-04	9.55056E+00	3.40185E-02
1.00000E-04	9.83146E+00	3.29047E-02
1.00000E-04	1.01124E+01	3.18659E-02
1.00000E-04	1.03933E+01	3.08919E-02
1.00000E-04	1.06742E+01	2.99856E-02
1.00000E-04	1.09551E+01	2.91281E-02
1.00000E-04	1.12360E+01	2.83325E-02
1.00000E-04	1.15169E+01	2.75744E-02
1.00000E-04	1.17978E+01	2.68617E-02
1.00000E-04	1.20787E+01	2.61907E-02
1.00000E-04	1.23596E+01	2.55525E-02
1.00000E-04	1.26404E+01	2.49462E-02
1.00000E-04	1.29213E+01	2.43711E-02
1.00000E-04	1.32022E+01	2.38294E-02
1.00000E-04	1.34831E+01	2.33067E-02
1.00000E-04	1.37640E+01	2.28090E-02
1.00000E-04	1.40449E+01	2.23327E-02
1.00000E-04	1.43258E+01	2.18736E-02
1.00000E-04	1.46067E+01	2.14353E-02
1.00000E-04	1.48876E+01	2.10084E-02
1.00000E-04	1.51685E+01	2.06008E-02
1.00000E-04	1.54494E+01	2.02094E-02
1.00000E-04	1.57303E+01	1.98299E-02
1.00000E-04	1.60112E+01	1.94585E-02
1.00000E-04	1.62921E+01	1.91036E-02
1.00000E-04	1.65730E+01	1.87625E-02
1.00000E-04	1.68539E+01	1.84268E-02
1.00000E-04	1.71348E+01	1.81051E-02
1.00000E-04	1.74157E+01	1.77916E-02
1.00000E-04	1.76966E+01	1.74898E-02
1.00000E-04	1.79775E+01	1.71955E-02
1.00000E-04	1.82584E+01	1.69120E-02
1.00000E-04	1.85393E+01	1.66342E-02
1.00000E-04	1.88202E+01	1.63643E-02
1.00000E-04	1.91011E+01	1.61012E-02
1.00000E-04	1.93820E+01	1.58474E-02
1.00000E-04	1.96629E+01	1.56035E-02
1.00000E-04	1.99438E+01	1.53633E-02
1.00000E-04	2.02247E+01	1.51284E-02
1.00000E-04	2.05056E+01	1.49023E-02
1.00000E-04	2.07865E+01	1.46835E-02
1.00000E-04	2.10674E+01	1.44638E-02
1.00000E-04	2.13483E+01	1.42570E-02
1.00000E-04	2.16292E+01	1.40535E-02
1.00000E-04	2.19101E+01	1.38550E-02
1.00000E-04	2.21910E+01	1.36633E-02
1.00000E-04	2.24719E+01	1.34763E-02
1.00000E-04	2.27528E+01	1.32927E-02
1.00000E-04	2.30337E+01	1.31153E-02
1.00000E-04	2.33146E+01	1.29414E-02
1.00000E-04	2.35955E+01	1.27710E-02
1.00000E-04	2.38764E+01	1.26047E-02
1.00000E-04	2.41573E+01	1.24441E-02
1.00000E-04	2.44382E+01	1.22859E-02
1.00000E-04	2.47191E+01	1.21335E-02
1.00000E-04	2.50000E+01	1.19829E-02
5.00000E-04	0.00000E+00	9.95138E-01
5.00000E-04	2.80899E-01	6.11430E-01
5.00000E-04	5.61798E-01	5.26105E-01
5.00000E-04	8.42697E-01	4.51558E-01
5.00000E-04	1.12360E+00	4.08131E-01
5.00000E-04	1.40449E+00	3.54058E-01
5.00000E-04	1.68539E+00	3.01939E-01
5.00000E-04	1.96629E+00	2.58474E-01
5.00000E-04	2.24719E+00	2.22913E-01
5.00000E-04	2.52809E+00	1.94210E-01
5.00000E-04	2.80899E+00	1.70972E-01
5.00000E-04	3.08989E+00	1.51972E-01
5.00000E-04	3.37079E+00	1.36273E-01
5.00000E-04	3.65169E+00	1.23109E-01
5.00000E-04	3.93258E+00	1.11926E-01
5.00000E-04	4.21348E+00	1.02379E-01
5.00000E-04	4.49438E+00	9.41327E-02
5.00000E-04	4.77528E+00	8.69599E-02
5.00000E-04	5.05618E+00	8.06788E-02
5.00000E-04	5.33708E+00	7.51576E-02
5.00000E-04	5.61798E+00	7.02753E-02
5.00000E-04	5.89888E+00	6.59368E-02
5.00000E-04	6.17978E+00	6.20663E-02
5.00000E-04	6.46067E+00	5.85916E-02
5.00000E-04	6.74157E+00	5.54775E-02
5.00000E-04	7.02247E+00	5.26600E-02
5.00000E-04	7.30337E+00	5.01165E-02
5.00000E-04	7.58427E+00	4.78139E-02
5.00000E-04	7.86517E+00	4.57153E-02
5.00000E-04	8.14607E+00	4.38115E-02
5.00000E-04	8.42697E+00	4.20573E-02
5.00000E-04	8.70787E+00	4.04528E-02
5.00000E-04	8.98876E+00	3.89639E-02
5.00000E-04	9.26966E+00	3.75918E-02
5.00000E-04	9.55056E+00	3.63116E-02
5.00000E-04	9.83146E+00	3.51227E-02
5.00000E-04	1.01124E+01	3.40139E-02
5.00000E-04	1.03933E+01	3.29737E-02
5.00000E-04	1.06742E+01	3.20069E-02
5.00000E-04	1.09551E+01	3.10915E-02
5.00000E-04	1.12360E+01	3.02423E-02
5.00000E-04	1.15169E+01	2.94331E-02
5.00000E-04	1.17978E+01	2.86724E-02
5.00000E-04	1.20787E+01	2.79561E-02
5.00000E-04	1.23596E+01	2.72749E-02
5.00000E-04	1.26404E+01	2.66277E-02
5.00000E-04	1.29213E+01	2.60139E-02
5.00000E-04	1.32022E+01	2.54357E-02
5.00000E-04	1.34831E+01	2.48778E-02
5.00000E-04	1.37640E+01	2.43465E-02
5.00000E-04	1.40449E+01	2.38381E-02
5.00000E-04	1.43258E+01	2.33481E-02
5.00000E-04	1.46067E+01	2.28802E-02
5.00000E-04	1.48876E+01	2.24245E-02
5.00000E-04	1.51685E+01	2.19895E-02
5.00000E-04	1.54494E+01	2.15717E-02
5.00000E-04	1.57303E+01	2.11666E-02
5.00000E-04	1.60112E+01	2.07701E-02
5.00000E-04	1.62921E+01	2.03913E-02
5.00000E-04	1.65730E+01	2.00272E-02
5.00000E-04	1.68539E+01	1.96689E-02
5.00000E-04	1.71348E+01	1.93255E-02
5.00000E-04	1.74157E+01	1.89909E-02
5.00000E-04	1.76966E+01	1.86687E-02
5.00000E-04	1.79775E+01	1.83546E-02
5.00000E-04	1.82584E+01	1.80520E-02
5.00000E-04	1.85393E+01	1.77555E-02
5.00000E-04	1.88202E+01	1.74674E-02
5.00000E-04	1.91011E+01	1.71865E-02
5.00000E-04	1.93820E+01	1.69157E-02
5.00000E-04	1.96629E+01	1.66552E-02
5.00000E-04	1.99438E+01	1.63985E-02
5.00000E-04	2.02247E+01	1.61482E-02
5.00000E-04	2.05056E+01	1.59068E-02
5.00000E-04	2.07865E+01	1.56732E-02
5.00000E-04	2.10674E+01	1.54388E-02
5.00000E-04	2.13483E+01	1.52180E-02
5.00000E-04	2.16292E+01	1.50008E-02
5.00000E-04	2.19101E+01	1.47889E-02
5.00000E-04	2.21910E+01	1.45843E-02
5.00000E-04	2.24719E+01	1.43847E-02
5.00000E-04	2.27528E+01	1.41887E-02
5.00000E-04	2.30337E+01	1.39994E-02
5.00000E-04	2.33146E+01	1.38138E-02
5.00000E-04	2.35955E+01	1.36319E-02
5.00000E-04	2.38764E+01	1.34544E-02
5.00000E-04	2.41573E+01	1.32830E-02
5.00000E-04	2.44382E+01	1.31141E-02
5.00000E-04	2.47191E+01	1.29513E-02
5.00000E-04	2.50000E+01	1.27906E-02
1.00000E-03	0.00000E+00	9.92903E-01
1.00000E-03	2.80899E-01	6.38656E-01
1.00000E-03	5.61798E-01	5.49536E-01
1.00000E-03	8.42697E-01	4.71694E-01
1.00000E-03	1.12360E+00	4.26267E-01
1.00000E-03	1.40449E+00	3.69819E-01
1.00000E-03	1.68539E+00	3.15386E-01
1.00000E-03	1.96629E+00	2.69986E-01
1.00000E-03	2.24719E+00	2.32841E-01
1.00000E-03	2.52809E+00	2.02859E-01
1.00000E-03	2.80899E+00	1.78586E-01
1.00000E-03	3.08989E+00	1.58743E-01
1.00000E-03	3.37079E+00	1.42342E-01
1.00000E-03	3.65169E+00	1.28590E-01
1.00000E-03	3.93258E+00	1.16912E-01
1.00000E-03	4.21348E+00	1.06937E-01
1.00000E-03	4.49438E+00	9.83245E-02
1.00000E-03	4.77528E+00	9.08325E-02
1.00000E-03	5.05618E+00	8.42723E-02
1.00000E-03	5.33708E+00	7.85048E-02
1.00000E-03	5.61798E+00	7.34051E-02
1.00000E-03	5.89888E+00	6.88729E-02
1.00000E-03	6.17978E+00	6.48304E-02
1.00000E-03	6.46067E+00	6.12010E-02
1.00000E-03	6.74157E+00	5.79480E-02
1.00000E-03	7.02247E+00	5.50052E-02
1.00000E-03	7.30337E+00	5.23485E-02
1.00000E-03	7.58427E+00	4.99433E-02
1.00000E-03	7.86517E+00	4.77512E-02
1.00000E-03	8.14607E+00	4.57627E-02
1.00000E-03	8.42697E+00	4.39304E-02
1.00000E-03	8.70787E+00	4.22544E-02
1.00000E-03	8.98876E+00	4.06995E-02
1.00000E-03	9.26966E+00	3.92659E-02
1.00000E-03	9.55056E+00	3.79287E-02
1.00000E-03	9.83146E+00	3.66869E-02
1.00000E-03	1.01124E+01	3.55287E-02
1.00000E-03	1.03933E+01	3.44421E-02
1.00000E-03	1.06742E+01	3.34323E-02
1.00000E-03	1.09551E+01	3.24762E-02
1.00000E-03	1.12360E+01	3.15892E-02
1.00000E-03	1.15169E+01	3.07439E-02
1.00000E-03	1.17978E+01	2.99493E-02
1.00000E-03	1.20787E+01	2.92012E-02
1.00000E-03	1.23596E+01	2.84896E-02
1.00000E-03	1.26404E+01	2.78136E-02
1.00000E-03	1.29213E+01	2.71725E-02
1.00000E-03	1.32022E+01	2.65685E-02
1.00000E-03	1.34831E+01	2.59857E-02
1.00000E-03	1.37640E+01	2.54308E-02
1.00000E-03	1.40449E+01	2.48997E-02
1.00000E-03	1.43258E+01	2.43879E-02
1.00000E-03	1.46067E+01	2.38992E-02
1.00000E-03	1.48876E+01	2.34232E-02
1.00000E-03	1.51685E+01	2.29688E-02
1.00000E-03	1.54494E+01	2.25324E-02
1.00000E-03	1.57303E+01	2.21093E-02
1.00000E-03	1.60112E+01	2.16951E-02
1.00000E-03	1.62921E+01	2.12995E-02
1.00000E-03	1.65730E+01	2.09192E-02
1.00000E-03	1.68539E+01	2.05449E-02
1.00000E-03	1.71348E+01	2.01862E-02
1.00000E-03	1.74157E+01	1.98368E-02
1.00000E-03	1.76966E+01	1.95002E-02
1.00000E-03	1.79775E+01	1.91720E-02
1.00000E-03	1.82584E+01	1.88560E-02
1.00000E-03	1.85393E+01	1.85462E-02
1.00000E-03	1.88202E+01	1.82453E-02
1.00000E-03	1.91011E+01	1.79520E-02
1.00000E-03	1.93820E+01	1.76690E-02
1.00000E-03	1.96629E+01	1.73970E-02
1.00000E-03	1.99438E+01	1.71282E-02
1.00000E-03	2.02247E+01	1.68674E-02
1.00000E-03	2.05056E+01	1.66152E-02
1.00000E-03	2.07865E+01	1.63712E-02
1.00000E-03	2.10674E+01	1.61263E-02
1.00000E-03	2.13483E+01	1.58957E-02
1.00000E-03	2.16292E+01	1.56689E-02
1.00000E-03	2.19101E+01	1.54475E-02
1.00000E-03	2.21910E+01	1.52338E-02
1.00000E-03	2.24719E+01	1.50253E-02
1.00000E-03	2.27528E+01	1.48206E-02
1.00000E-03	2.30337E+01	1.46229E-02
1.00000E-03	2.33146E+01	1.44290E-02
1.00000E-03	2.35955E+01	1.42390E-02
1.00000E-03	2.38764E+01	1.40536E-02
1.00000E-03	2.41573E+01	1.38745E-02
1.00000E-03	2.44382E+01	1.36981E-02
1.00000E-03	2.47191E+01	1.35281E-02
1.00000E-03	2.50000E+01	1.33602E-02
5.00000E-03	0.00000E+00	9.86422E-01
5.00000E-03	2.80899E-01	7.43344E-01
5.00000E-03	5.61798E-01	6.39614E-01
5.00000E-03	8.42697E-01	5.49019E-01
5.00000E-03	1.12360E+00	4.96108E-01
5.00000E-03	1.40449E+00	4.30419E-01
5.00000E-03	1.68539E+00	3.67085E-01
5.00000E-03	1.96629E+00	3.14237E-01
5.00000E-03	2.24719E+00	2.71002E-01
5.00000E-03	2.52809E+00	2.36111E-01
5.00000E-03	2.80899E+00	2.07859E-01
5.00000E-03	3.08989E+00	1.84769E-01
5.00000E-03	3.37079E+00	1.65676E-01
5.00000E-03	3.65169E+00	1.49663E-01
5.00000E-03	3.93258E+00	1.36081E-01
5.00000E-03	4.21348E+00	1.24465E-01
5.00000E-03	4.49438E+00	1.14437E-01
5.00000E-03	4.77528E+00	1.05719E-01
5.00000E-03	5.05618E+00	9.80884E-02
5.00000E-03	5.33708E+00	9.13720E-02
5.00000E-03	5.61798E+00	8.54383E-02
5.00000E-03	5.89888E+00	8.01602E-02
5.00000E-03	6.17978E+00	7.54561E-02
5.00000E-03	6.46067E+00	7.12331E-02
5.00000E-03	6.74157E+00	6.74443E-02
5.00000E-03	7.02247E+00	6.40201E-02
5.00000E-03	7.30337E+00	6.09293E-02
5.00000E-03	7.58427E+00	5.81298E-02
5.00000E-03	7.86517E+00	5.55790E-02
5.00000E-03	8.14607E+00	5.32626E-02
5.00000E-03	8.42697E+00	5.11312E-02
5.00000E-03	8.70787E+00	4.91806E-02
5.00000E-03	8.98876E+00	4.73711E-02
5.00000E-03	9.26966E+00	4.57016E-02
5.00000E-03	9.55056E+00	4.41459E-02
5.00000E-03	9.83146E+00	4.27002E-02
5.00000E-03	1.01124E+01	4.13523E-02
5.00000E-03	1.03933E+01	4.00877E-02
5.00000E-03	1.06742E+01	3.89124E-02
5.00000E-03	1.09551E+01	3.77997E-02
5.00000E-03	1.12360E+01	3.67656E-02
5.00000E-03	1.15169E+01	3.57825E-02
5.00000E-03	1.17978E+01	3.48586E-02
5.00000E-03	1.20787E+01	3.39860E-02
5.00000E-03	1.23596E+01	3.31595E-02
5.00000E-03	1.26404E+01	3.23728E-02
5.00000E-03	1.29213E+01	3.16281E-02
5.00000E-03	1.32022E+01	3.09235E-02
5.00000E-03	1.34831E+01	3.02459E-02
5.00000E-03	1.37640E+01	2.96005E-02
5.00000E-03	1.40449E+01	2.89812E-02
5.00000E-03	1.43258E+01	2.83855E-02
5.00000E-03	1.46067E+01	2.78166E-02
5.00000E-03	1.48876E+01	2.72628E-02
5.00000E-03	1.51685E+01	2.67338E-02
5.00000E-03	1.54494E+01	2.62259E-02
5.00000E-03	1.57303E+01	2.57333E-02
5.00000E-03	1.60112E+01	2.52514E-02
5.00000E-03	1.62921E+01	2.47910E-02
5.00000E-03	1.65730E+01	2.43480E-02
5.00000E-03	1.68539E+01	2.39125E-02
5.00000E-03	1.71348E+01	2.34950E-02
5.00000E-03	1.74157E+01	2.30893E-02
5.00000E-03	1.76966E+01	2.26968E-02
5.00000E-03	1.79775E+01	2.23146E-02
5.00000E-03	1.82584E+01	2.19467E-02
5.00000E-03	1.85393E+01	2.15863E-02
5.00000E-03	1.88202E+01	2.12361E-02
5.00000E-03	1.91011E+01	2.08948E-02
5.00000E-03	1.93820E+01	2.05653E-02
5.00000E-03	1.96629E+01	2.02487E-02
5.00000E-03	1.99438E+01	1.99348E-02
5.00000E-03	2.02247E+01	1.96322E-02
5.00000E-03	2.05056E+01	1.93388E-02
5.00000E-03	2.07865E+01	1.90546E-02
5.00000E-03	2.10674E+01	1.87697E-02
5.00000E-03	2.13483E+01	1.85013E-02
5.00000E-03	2.16292E+01	1.82373E-02
5.00000E-03	2.19101E+01	1.79796E-02
5.00000E-03	2.21910E+01	1.77309E-02
5.00000E-03	2.24719E+01	1.74882E-02
5.00000E-03	2.27528E+01	1.72499E-02
5.00000E-03	2.30337E+01	1.70197E-02
5.00000E-03	2.33146E+01	1.67940E-02
5.00000E-03	2.35955E+01	1.65730E-02
5.00000E-03	2.38764E+01	1.63572E-02
5.00000E-03	2.41573E+01	1.61485E-02
5.00000E-03	2.44382E+01	1.59435E-02
5.00000E-03	2.47191E+01	1.57456E-02
5.00000E-03	2.50000E+01	1.55502E-02
1.00000E-02	0.00000E+00	9.87159E-01
1.00000E-02	2.80899E-01	7.96107E-01
1.00000E-02	5.61798E-01	6.85011E-01
1.00000E-02	8.42697E-01	5.87986E-01
1.00000E-02	1.12360E+00	5.31320E-01
1.00000E-02	1.40449E+00	4.60969E-01
1.00000E-02	1.68539E+00	3.93140E-01
1.00000E-02	1.96629E+00	3.36541E-01
1.00000E-02	2.24719E+00	2.90237E-01
1.00000E-02	2.52809E+00	2.52869E-01
1.00000E-02	2.80899E+00	2.22612E-01
1.00000E-02	3.08989E+00	1.97883E-01
1.00000E-02	3.37079E+00	1.77435E-01
1.00000E-02	3.65169E+00	1.60285E-01
1.00000E-02	3.93258E+00	1.45740E-01
1.00000E-02	4.21348E+00	1.33299E-01
1.00000E-02	4.49438E+00	1.22559E-01
1.00000E-02	4.77528E+00	1.13222E-01
1.00000E-02	5.05618E+00	1.05051E-01
1.00000E-02	5.33708E+00	9.78569E-02
1.00000E-02	5.61798E+00	9.15029E-02
1.00000E-02	5.89888E+00	8.58494E-02
1.00000E-02	6.17978E+00	8.08109E-02
1.00000E-02	6.46067E+00	7.62890E-02
1.00000E-02	6.74157E+00	7.22306E-02
1.00000E-02	7.02247E+00	6.85636E-02
1.00000E-02	7.30337E+00	6.52538E-02
1.00000E-02	7.58427E+00	6.22556E-02
1.00000E-02	7.86517E+00	5.95241E-02
1.00000E-02	8.14607E+00	5.70416E-02
1.00000E-02	8.42697E+00	5.47597E-02
1.00000E-02	8.70787E+00	5.26716E-02
1.00000E-02	8.98876E+00	5.07334E-02
1.00000E-02	9.26966E+00	4.89446E-02
1.00000E-02	9.55056E+00	4.72791E-02
1.00000E-02	9.83146E+00	4.57300E-02
1.00000E-02	1.01124E+01	4.42864E-02
1.00000E-02	1.03933E+01	4.29330E-02
1.00000E-02	1.06742E+01	4.16739E-02
1.00000E-02	1.09551E+01	4.04831E-02
1.00000E-02	1.12360E+01	3.93737E-02
1.00000E-02	1.15169E+01	3.83211E-02
1.00000E-02	1.17978E+01	3.73327E-02
1.00000E-02	1.20787E+01	3.63973E-02
1.00000E-02	1.23596E+01	3.55124E-02
1.00000E-02	1.26404E+01	3.46711E-02
1.00000E-02	1.29213E+01	3.38738E-02
1.00000E-02	1.32022E+01	3.31184E-02
1.00000E-02	1.34831E+01	3.23935E-02
1.00000E-02	1.37640E+01	3.17025E-02
1.00000E-02	1.40449E+01	3.10378E-02
1.00000E-02	1.43258E+01	3.04005E-02
1.00000E-02	1.46067E+01	2.97910E-02
1.00000E-02	1.48876E+01	2.91983E-02
1.00000E-02	1.51685E+01	2.86313E-02
1.00000E-02	1.54494E+01	2.80873E-02
1.00000E-02	1.57303E+01	2.75594E-02
1.00000E-02	1.60112E+01	2.70439E-02
1.00000E-02	1.62921E+01	2.65509E-02
1.00000E-02	1.65730E+01	2.60756E-02
1.00000E-02	1.68539E+01	2.56098E-02
1.00000E-02	1.71348E+01	2.51626E-02
1.00000E-02	1.74157E+01	2.47284E-02
1.00000E-02	1.76966E+01	2.43080E-02
1.00000E-02	1.79775E+01	2.38984E-02
1.00000E-02	1.82584E+01	2.35037E-02
1.00000E-02	1.85393E+01	2.31185E-02
1.00000E-02	1.88202E+01	2.27437E-02
1.00000E-02	1.91011E+01	2.23778E-02
1.00000E-02	1.93820E+01	2.20251E-02
1.00000E-02	1.96629E+01	2.16858E-02
1.00000E-02	1.99438E+01	2.13496E-02
1.00000E-02	2.02247E+01	2.10255E-02
1.00000E-02	2.05056E+01	2.07117E-02
1.00000E-02	2.07865E+01	2.04063E-02
1.00000E-02	2.10674E+01	2.01021E-02
1.00000E-02	2.13483E+01	1.98144E-02
1.00000E-02	2.16292E+01	1.95319E-02
1.00000E-02	2.19101E+01	1.92558E-02
1.00000E-02	2.21910E+01	1.89894E-02
1.00000E-02	2.24719E+01	1.87294E-02
1.00000E-02	2.27528E+01	1.84743E-02
1.00000E-02	2.30337E+01	1.82274E-02
1.00000E-02	2.33146E+01	1.79856E-02
1.00000E-02	2.35955E+01	1.77493E-02
1.00000E-02	2.38764E+01	1.75185E-02
1.00000E-02	2.41573E+01	1.72942E-02
1.00000E-02	2.44382E+01	1.70751E-02
1.00000E-02	2.47191E+01	1.68632E-02
1.00000E-02	2.50000E+01	1.66539E-02
5.00000E-02	0.00000E+00	9.95015E-01
5.00000E-02	2.80899E-01	9.02191E-01
5.00000E-02	5.61798E-01	7.76197E-01
5.00000E-02	8.42697E-01	6.66293E-01
5.00000E-02	1.12360E+00	6.02044E-01
5.00000E-02	1.40449E+00	5.22339E-01
5.00000E-02	1.68539E+00	4.45484E-01
5.00000E-02	1.96629E+00	3.81350E-01
5.00000E-02	2.24719E+00	3.28882E-01
5.00000E-02	2.52809E+00	2.86540E-01
5.00000E-02	2.80899E+00	2.52254E-01
5.00000E-02	3.08989E+00	2.24232E-01
5.00000E-02	3.37079E+00	2.01061E-01
5.00000E-02	3.65169E+00	1.81628E-01
5.00000E-02	3.93258E+00	1.65146E-01
5.00000E-02	4.21348E+00	1.51049E-01
5.00000E-02	4.49438E+00	1.38878E-01
5.00000E-02	4.77528E+00	1.28298E-01
5.00000E-02	5.05618E+00	1.19039E-01
5.00000E-02	5.33708E+00	1.10887E-01
5.00000E-02	5.61798E+00	1.03687E-01
5.00000E-02	5.89888E+00	9.72809E-02
5.00000E-02	6.17978E+00	9.15714E-02
5.00000E-02	6.46067E+00	8.64475E-02
5.00000E-02	6.74157E+00	8.18486E-02
5.00000E-02	7.02247E+00	7.76934E-02
5.00000E-02	7.30337E+00	7.39429E-02
5.00000E-02	7.58427E+00	7.05454E-02
5.00000E-02	7.86517E+00	6.74502E-02
5.00000E-02	8.14607E+00	6.46364E-02
5.00000E-02	8.42697E+00	6.20510E-02
5.00000E-02	8.70787E+00	5.96854E-02
5.00000E-02	8.98876E+00	5.74890E-02
5.00000E-02	9.26966E+00	5.54617E-02
5.00000E-02	9.55056E+00	5.35747E-02
5.00000E-02	9.83146E+00	5.18189E-02
5.00000E-02	1.01124E+01	5.01830E-02
5.00000E-02	1.03933E+01	4.86500E-02
5.00000E-02	1.06742E+01	4.72222E-02
5.00000E-02	1.09551E+01	4.58752E-02
5.00000E-02	1.12360E+01	4.46155E-02
5.00000E-02	1.15169E+01	4.34231E-02
5.00000E-02	1.17978E+01	4.23038E-02
5.00000E-02	1.20787E+01	4.12433E-02
5.00000E-02	1.23596E+01	4.02397E-02
5.00000E-02	1.26404E+01	3.92893E-02
5.00000E-02	1.29213E+01	3.83848E-02
5.00000E-02	1.32022E+01	3.75284E-02
5.00000E-02	1.34831E+01	3.67076E-02
5.00000E-02	1.37640E+01	3.59247E-02
5.00000E-02	1.40449E+01	3.51697E-02
5.00000E-02	1.43258E+01	3.44492E-02
5.00000E-02	1.46067E+01	3.37572E-02
5.00000E-02	1.48876E+01	3.30865E-02
5.00000E-02	1.51685E+01	3.24440E-02
5.00000E-02	1.54494E+01	3.18268E-02
5.00000E-02	1.57303E+01	3.12284E-02
5.00000E-02	1.60112E+01	3.06458E-02
5.00000E-02	1.62921E+01	3.00864E-02
5.00000E-02	1.65730E+01	2.95471E-02
5.00000E-02	1.68539E+01	2.90201E-02
5.00000E-02	1.71348E+01	2.85121E-02
5.00000E-02	1.74157E+01	2.80213E-02
5.00000E-02	1.76966E+01	2.75449E-02
5.00000E-02	1.79775E+01	2.70805E-02
5.00000E-02	1.82584E+01	2.66312E-02
5.00000E-02	1.85393E+01	2.61971E-02
5.00000E-02	1.88202E+01	2.57725E-02
5.00000E-02	1.91011E+01	2.53576E-02
5.00000E-02	1.93820E+01	2.49599E-02
5.00000E-02	1.96629E+01	2.45732E-02
5.00000E-02	1.99438E+01	2.41923E-02
5.00000E-02	2.02247E+01	2.38244E-02
5.00000E-02	2.05056E+01	2.34698E-02
5.00000E-02	2.07865E+01	2.31220E-02
5.00000E-02	2.10674E+01	2.27803E-02
5.00000E-02	2.13483E+01	2.24522E-02
5.00000E-02	2.16292E+01	2.21335E-02
5.00000E-02	2.19101E+01	2.18208E-02
5.00000E-02	2.21910E+01	2.15174E-02
5.00000E-02	2.24719E+01	2.12229E-02
5.00000E-02	2.27528E+01	2.09353E-02
5.00000E-02	2.30337E+01	2.06536E-02
5.00000E-02	2.33146E+01	2.03801E-02
5.00000E-02	2.35955E+01	2.01137E-02
5.00000E-02	2.38764E+01	1.98518E-02
5.00000E-02	2.41573E+01	1.95963E-02
5.00000E-02	2.44382E+01	1.93489E-02
5.00000E-02	2.47191E+01	1.91078E-02
5.00000E-02	2.50000E+01	1.88715E-02
1.00000E-01	0.00000E+00	1.00522E+00
1.00000E-01	2.80899E-01	9.04720E-01
1.00000E-01	5.61798E-01	7.78214E-01
1.00000E-01	8.42697E-01	6.68146E-01
1.00000E-01	1.12360E+00	6.03615E-01
1.00000E-01	1.40449E+00	5.23736E-01
1.00000E-01	1.68539E+00	4.46689E-01
1.00000E-01	1.96629E+00	3.82387E-01
1.00000E-01	2.24719E+00	3.29780E-01
1.00000E-01	2.52809E+00	2.87324E-01
1.00000E-01	2.80899E+00	2.52945E-01
1.00000E-01	3.08989E+00	2.24847E-01
1.00000E-01	3.37079E+00	2.01613E-01
1.00000E-01	3.65169E+00	1.82126E-01
1.00000E-01	3.93258E+00	1.65599E-01
1.00000E-01	4.21348E+00	1.51463E-01
1.00000E-01	4.49438E+00	1.39259E-01
1.00000E-01	4.77528E+00	1.28650E-01
1.00000E-01	5.05618E+00	1.19366E-01
1.00000E-01	5.33708E+00	1.11192E-01
1.00000E-01	5.61798E+00	1.03972E-01
1.00000E-01	5.89888E+00	9.75481E-02
1.00000E-01	6.17978E+00	9.18229E-02
1.00000E-01	6.46067E+00	8.66850E-02
1.00000E-01	6.74157E+00	8.20733E-02
1.00000E-01	7.02247E+00	7.79068E-02
1.00000E-01	7.30337E+00	7.41461E-02
1.00000E-01	7.58427E+00	7.07392E-02
1.00000E-01	7.86517E+00	6.76356E-02
1.00000E-01	8.14607E+00	6.48140E-02
1.00000E-01	8.42697E+00	6.22215E-02
1.00000E-01	8.70787E+00	5.98493E-02
1.00000E-01	8.98876E+00	5.76469E-02
1.00000E-01	9.26966E+00	5.56140E-02
1.00000E-01	9.55056E+00	5.37218E-02
1.00000E-01	9.83146E+00	5.19612E-02
1.00000E-01	1.01124E+01	5.03208E-02
1.00000E-01	1.03933E+01	4.87837E-02
1.00000E-01	1.06742E+01	4.73518E-02
1.00000E-01	1.09551E+01	4.60012E-02
1.00000E-01	1.12360E+01	4.47380E-02
1.00000E-01	1.15169E+01	4.35424E-02
1.00000E-01	1.17978E+01	4.24200E-02
1.00000E-01	1.20787E+01	4.13566E-02
1.00000E-01	1.23596E+01	4.03503E-02
1.00000E-01	1.26404E+01	3.93972E-02
1.00000E-01	1.29213E+01	3.84902E-02
1.00000E-01	1.32022E+01	3.76314E-02
1.00000E-01	1.34831E+01	3.68084E-02
1.00000E-01	1.37640E+01	3.60234E-02
1.00000E-01	1.40449E+01	3.52663E-02
1.00000E-01	1.43258E+01	3.45438E-02
1.00000E-01	1.46067E+01	3.38498E-02
1.00000E-01	1.48876E+01	3.31774E-02
1.00000E-01	1.51685E+01	3.25331E-02
1.00000E-01	1.54494E+01	3.19142E-02
1.00000E-01	1.57303E+01	3.13141E-02
1.00000E-01	1.60112E+01	3.07300E-02
1.00000E-01	1.62921E+01	3.01691E-02
1.00000E-01	1.65730E+01	2.96282E-02
1.00000E-01	1.68539E+01	2.90998E-02
1.00000E-01	1.71348E+01	2.85903E-02
1.00000E-01	1.74157E+01	2.80982E-02
1.00000E-01	1.76966E+01	2.76206E-02
1.00000E-01	1.79775E+01	2.71549E-02
1.00000E-01	1.82584E+01	2.67043E-02
1.00000E-01	1.85393E+01	2.62690E-02
1.00000E-01	1.88202E+01	2.58433E-02
1.00000E-01	1.91011E+01	2.54273E-02
1.00000E-01	1.93820E+01	2.50286E-02
1.00000E-01	1.96629E+01	2.46407E-02
1.00000E-01	1.99438E+01	2.42588E-02
1.00000E-01	2.02247E+01	2.38898E-02
1.00000E-01	2.05056E+01	2.35342E-02
1.00000E-01	2.07865E+01	2.31855E-02
1.00000E-01	2.10674E+01	2.28430E-02
1.00000E-01	2.13483E+01	2.25139E-02
1.00000E-01	2.16292E+01	2.21943E-02
1.00000E-01	2.19101E+01	2.18808E-02
1.00000E-01	2.21910E+01	2.15765E-02
1.00000E-01	2.24719E+01	2.12812E-02
1.00000E-01	2.27528E+01	2.09928E-02
1.00000E-01	2.30337E+01	2.07103E-02
1.00000E-01	2.33146E+01	2.04361E-02
1.00000E-01	2.35955E+01	2.01690E-02
1.00000E-01	2.38764E+01	1.99064E-02
1.00000E-01	2.41573E+01	1.96502E-02
1.00000E-01	2.44382E+01	1.94021E-02
1.00000E-01	2.47191E+01	1.91602E-02
1.00000E-01	2.50000E+01	1.89234E-02
2.00000E-01	0.00000E+00	1.01154E+00
2.00000E-01	2.80899E-01	8.79723E-01
2.00000E-01	5.61798E-01	7.56917E-01
2.00000E-01	8.42697E-01	6.50375E-01
2.00000E-01	1.12360E+00	5.87197E-01
2.00000E-01	1.40449E+00	5.09624E-01
2.00000E-01	1.68539E+00	4.34712E-01
2.00000E-01	1.96629E+00	3.72154E-01
2.00000E-01	2.24719E+00	3.20970E-01
2.00000E-01	2.52809E+00	2.79655E-01
2.00000E-01	2.80899E+00	2.46197E-01
2.00000E-01	3.08989E+00	2.18850E-01
2.00000E-01	3.37079E+00	1.96237E-01
2.00000E-01	3.65169E+00	1.77270E-01
2.00000E-01	3.93258E+00	1.61185E-01
2.00000E-01	4.21348E+00	1.47426E-01
2.00000E-01	4.49438E+00	1.35548E-01
2.00000E-01	4.77528E+00	1.25222E-01
2.00000E-01	5.05618E+00	1.16185E-01
2.00000E-01	5.33708E+00	1.08229E-01
2.00000E-01	5.61798E+00	1.01201E-01
2.00000E-01	5.89888E+00	9.49486E-02
2.00000E-01	6.17978E+00	8.93758E-02
2.00000E-01	6.46067E+00	8.43751E-02
2.00000E-01	6.74157E+00	7.98861E-02
2.00000E-01	7.02247E+00	7.58310E-02
2.00000E-01	7.30337E+00	7.21706E-02
2.00000E-01	7.58427E+00	6.88543E-02
2.00000E-01	7.86517E+00	6.58337E-02
2.00000E-01	8.14607E+00	6.30868E-02
2.00000E-01	8.42697E+00	6.05636E-02
2.00000E-01	8.70787E+00	5.82543E-02
2.00000E-01	8.98876E+00	5.61109E-02
2.00000E-01	9.26966E+00	5.41320E-02
2.00000E-01	9.55056E+00	5.22904E-02
2.00000E-01	9.83146E+00	5.05768E-02
2.00000E-01	1.01124E+01	4.89799E-02
2.00000E-01	1.03933E+01	4.74839E-02
2.00000E-01	1.06742E+01	4.60900E-02
2.00000E-01	1.09551E+01	4.47755E-02
2.00000E-01	1.12360E+01	4.35458E-02
2.00000E-01	1.15169E+01	4.23823E-02
2.00000E-01	1.17978E+01	4.12896E-02
2.00000E-01	1.20787E+01	4.02547E-02
2.00000E-01	1.23596E+01	3.92752E-02
2.00000E-01	1.26404E+01	3.83474E-02
2.00000E-01	1.29213E+01	3.74646E-02
2.00000E-01	1.32022E+01	3.66286E-02
2.00000E-01	1.34831E+01	3.58276E-02
2.00000E-01	1.37640E+01	3.50634E-02
2.00000E-01	1.40449E+01	3.43266E-02
2.00000E-01	1.43258E+01	3.36233E-02
2.00000E-01	1.46067E+01	3.29478E-02
2.00000E-01	1.48876E+01	3.22934E-02
2.00000E-01	1.51685E+01	3.16662E-02
2.00000E-01	1.54494E+01	3.10638E-02
2.00000E-01	1.57303E+01	3.04797E-02
2.00000E-01	1.60112E+01	2.99111E-02
2.00000E-01	1.62921E+01	2.93652E-02
2.00000E-01	1.65730E+01	2.88387E-02
2.00000E-01	1.68539E+01	2.83244E-02
2.00000E-01	1.71348E+01	2.78285E-02
2.00000E-01	1.74157E+01	2.73495E-02
2.00000E-01	1.76966E+01	2.68845E-02
2.00000E-01	1.79775E+01	2.64313E-02
2.00000E-01	1.82584E+01	2.59928E-02
2.00000E-01	1.85393E+01	2.55690E-02
2.00000E-01	1.88202E+01	2.51546E-02
2.00000E-01	1.91011E+01	2.47498E-02
2.00000E-01	1.93820E+01	2.43616E-02
2.00000E-01	1.96629E+01	2.39841E-02
2.00000E-01	1.99438E+01	2.36124E-02
2.00000E-01	2.02247E+01	2.32533E-02
2.00000E-01	2.05056E+01	2.29071E-02
2.00000E-01	2.07865E+01	2.25676E-02
2.00000E-01	2.10674E+01	2.22343E-02
2.00000E-01	2.13483E+01	2.19140E-02
2.00000E-01	2.16292E+01	2.16029E-02
2.00000E-01	2.19101E+01	2.12978E-02
2.00000E-01	2.21910E+01	2.10015E-02
2.00000E-01	2.24719E+01	2.07141E-02
2.00000E-01	2.27528E+01	2.04334E-02
2.00000E-01	2.30337E+01	2.01585E-02
2.00000E-01	2.33146E+01	1.98916E-02
2.00000E-01	2.35955E+01	1.96315E-02
2.00000E-01	2.38764E+01	1.93759E-02
2.00000E-01	2.41573E+01	1.91266E-02
2.00000E-01	2.44382E+01	1.88851E-02
2.00000E-01	2.47191E+01	1.86496E-02
2.00000E-01	2.50000E+01	1.84191E-02
2.50000E-01	0.00000E+00	1.01089E+00
2.50000E-01	2.80899E-01	8.71940E-01
2.50000E-01	5.61798E-01	7.50903E-01
2.50000E-01	8.42697E-01	6.45618E-01
2.50000E-01	1.12360E+00	5.82655E-01
2.50000E-01	1.40449E+00	5.05780E-01
2.50000E-01	1.68539E+00	4.31478E-01
2.50000E-01	1.96629E+00	3.69402E-01
2.50000E-01	2.24719E+00	3.18607E-01
2.50000E-01	2.52809E+00	2.77601E-01
2.50000E-01	2.80899E+00	2.44392E-01
2.50000E-01	3.08989E+00	2.17247E-01
2.50000E-01	3.37079E+00	1.94800E-01
2.50000E-01	3.65169E+00	1.75973E-01
2.50000E-01	3.93258E+00	1.60006E-01
2.50000E-01	4.21348E+00	1.46347E-01
2.50000E-01	4.49438E+00	1.34557E-01
2.50000E-01	4.77528E+00	1.24306E-01
2.50000E-01	5.05618E+00	1.15335E-01
2.50000E-01	5.33708E+00	1.07438E-01
2.50000E-01	5.61798E+00	1.00461E-01
2.50000E-01	5.89888E+00	9.42548E-02
2.50000E-01	6.17978E+00	8.87226E-02
2.50000E-01	6.46067E+00	8.37587E-02
2.50000E-01	6.74157E+00	7.93023E-02
2.50000E-01	7.02247E+00	7.52771E-02
2.50000E-01	7.30337E+00	7.16435E-02
2.50000E-01	7.58427E+00	6.83513E-02
2.50000E-01	7.86517E+00	6.53529E-02
2.50000E-01	8.14607E+00	6.26259E-02
2.50000E-01	8.42697E+00	6.01212E-02
2.50000E-01	8.70787E+00	5.78286E-02
2.50000E-01	8.98876E+00	5.57010E-02
2.50000E-01	9.26966E+00	5.37365E-02
2.50000E-01	9.55056E+00	5.19085E-02
2.50000E-01	9.83146E+00	5.02074E-02
2.50000E-01	1.01124E+01	4.86221E-02
2.50000E-01	1.03933E+01	4.71371E-02
2.50000E-01	1.06742E+01	4.57532E-02
2.50000E-01	1.09551E+01	4.44484E-02
2.50000E-01	1.12360E+01	4.32276E-02
2.50000E-01	1.15169E+01	4.20727E-02
2.50000E-01	1.17978E+01	4.09880E-02
2.50000E-01	1.20787E+01	3.99607E-02
2.50000E-01	1.23596E+01	3.89883E-02
2.50000E-01	1.26404E+01	3.80672E-02
2.50000E-01	1.29213E+01	3.71909E-02
2.50000E-01	1.32022E+01	3.63610E-02
2.50000E-01	1.34831E+01	3.55658E-02
2.50000E-01	1.37640E+01	3.48072E-02
2.50000E-01	1.40449E+01	3.40759E-02
2.50000E-01	1.43258E+01	3.33777E-02
2.50000E-01	1.46067E+01	3.27071E-02
2.50000E-01	1.48876E+01	3.20576E-02
2.50000E-01	1.51685E+01	3.14349E-02
2.50000E-01	1.54494E+01	3.08368E-02
2.50000E-01	1.57303E+01	3.02569E-02
2.50000E-01	1.60112E+01	2.96926E-02
2.50000E-01	1.62921E+01	2.91507E-02
2.50000E-01	1.65730E+01	2.86280E-02
2.50000E-01	1.68539E+01	2.81175E-02
2.50000E-01	1.71348E+01	2.76252E-02
2.50000E-01	1.74157E+01	2.71497E-02
2.50000E-01	1.76966E+01	2.66881E-02
2.50000E-01	1.79775E+01	2.62382E-02
2.50000E-01	1.82584E+01	2.58029E-02
2.50000E-01	1.85393E+01	2.53822E-02
2.50000E-01	1.88202E+01	2.49708E-02
2.50000E-01	1.91011E+01	2.45690E-02
2.50000E-01	1.93820E+01	2.41837E-02
2.50000E-01	1.96629E+01	2.38088E-02
2.50000E-01	1.99438E+01	2.34399E-02
2.50000E-01	2.02247E+01	2.30834E-02
2.50000E-01	2.05056E+01	2.27398E-02
2.50000E-01	2.07865E+01	2.24027E-02
2.50000E-01	2.10674E+01	2.20719E-02
2.50000E-01	2.13483E+01	2.17539E-02
2.50000E-01	2.16292E+01	2.14451E-02
2.50000E-01	2.19101E+01	2.11422E-02
2.50000E-01	2.21910E+01	2.08481E-02
2.50000E-01	2.24719E+01	2.05628E-02
2.50000E-01	2.27528E+01	2.02841E-02
2.50000E-01	2.30337E+01	2.00112E-02
2.50000E-01	2.33146E+01	1.97462E-02
2.50000E-01	2.35955E+01	1.94881E-02
2.50000E-01	2.38764E+01	1.92344E-02
2.50000E-01	2.41573E+01	1.89868E-02
2.50000E-01	2.44382E+01	1.87471E-02
2.50000E-01	2.47191E+01	1.85134E-02
2.50000E-01	2.50000E+01	1.82846E-02
3.00000E-01	0.00000E+00	1.00919E+00
3.00000E-01	2.80899E-01	8.67201E-01
3.00000E-01	5.61798E-01	7.47921E-01
3.00000E-01	8.42697E-01	6.43582E-01
3.00000E-01	1.12360E+00	5.80536E-01
3.00000E-01	1.40449E+00	5.04058E-01
3.00000E-01	1.68539E+00	4.30064E-01
3.00000E-01	1.96629E+00	3.68212E-01
3.00000E-01	2.24719E+00	3.17595E-01
3.00000E-01	2.52809E+00	2.76726E-01
3.00000E-01	2.80899E+00	2.43624E-01
3.00000E-01	3.08989E+00	2.16567E-01
3.00000E-01	3.37079E+00	1.94192E-01
3.00000E-01	3.65169E+00	1.75424E-01
3.00000E-01	3.93258E+00	1.59507E-01
3.00000E-01	4.21348E+00	1.45891E-01
3.00000E-01	4.49438E+00	1.34138E-01
3.00000E-01	4.77528E+00	1.23919E-01
3.00000E-01	5.05618E+00	1.14976E-01
3.00000E-01	5.33708E+00	1.07104E-01
3.00000E-01	5.61798E+00	1.00149E-01
3.00000E-01	5.89888E+00	9.39618E-02
3.00000E-01	6.17978E+00	8.84467E-02
3.00000E-01	6.46067E+00	8.34985E-02
3.00000E-01	6.74157E+00	7.90557E-02
3.00000E-01	7.02247E+00	7.50433E-02
3.00000E-01	7.30337E+00	7.14210E-02
3.00000E-01	7.58427E+00	6.81390E-02
3.00000E-01	7.86517E+00	6.51501E-02
3.00000E-01	8.14607E+00	6.24312E-02
3.00000E-01	8.42697E+00	5.99345E-02
3.00000E-01	8.70787E+00	5.76488E-02
3.00000E-01	8.98876E+00	5.55281E-02
3.00000E-01	9.26966E+00	5.35696E-02
3.00000E-01	9.55056E+00	5.17472E-02
3.00000E-01	9.83146E+00	5.00515E-02
3.00000E-01	1.01124E+01	4.84710E-02
3.00000E-01	1.03933E+01	4.69907E-02
3.00000E-01	1.06742E+01	4.56110E-02
3.00000E-01	1.09551E+01	4.43104E-02
3.00000E-01	1.12360E+01	4.30932E-02
3.00000E-01	1.15169E+01	4.19420E-02
3.00000E-01	1.17978E+01	4.08606E-02
3.00000E-01	1.20787E+01	3.98366E-02
3.00000E-01	1.23596E+01	3.88672E-02
3.00000E-01	1.26404E+01	3.79489E-02
3.00000E-01	1.29213E+01	3.70754E-02
3.00000E-01	1.32022E+01	3.62480E-02
3.00000E-01	1.34831E+01	3.54554E-02
3.00000E-01	1.37640E+01	3.46990E-02
3.00000E-01	1.40449E+01	3.39700E-02
3.00000E-01	1.43258E+01	3.32740E-02
3.00000E-01	1.46067E+01	3.26055E-02
3.00000E-01	1.48876E+01	3.19580E-02
3.00000E-01	1.51685E+01	3.13372E-02
3.00000E-01	1.54494E+01	3.07410E-02
3.00000E-01	1.57303E+01	3.01629E-02
3.00000E-01	1.60112E+01	2.96004E-02
3.00000E-01	1.62921E+01	2.90601E-02
3.00000E-01	1.65730E+01	2.85390E-02
3.00000E-01	1.68539E+01	2.80302E-02
3.00000E-01	1.71348E+01	2.75394E-02
3.00000E-01	1.74157E+01	2.70653E-02
3.00000E-01	1.76966E+01	2.66052E-02
3.00000E-01	1.79775E+01	2.61567E-02
3.00000E-01	1.82584E+01	2.57227E-02
3.00000E-01	1.85393E+01	2.53033E-02
3.00000E-01	1.88202E+01	2.48932E-02
3.00000E-01	1.91011E+01	2.44927E-02
3.00000E-01	1.93820E+01	2.41085E-02
3.00000E-01	1.96629E+01	2.37349E-02
3.00000E-01	1.99438E+01	2.33671E-02
3.00000E-01	2.02247E+01	2.30117E-02
3.00000E-01	2.05056E+01	2.26691E-02
3.00000E-01	2.07865E+01	2.23331E-02
3.00000E-01	2.10674E+01	2.20033E-02
3.00000E-01	2.13483E+01	2.16863E-02
3.00000E-01	2.16292E+01	2.13785E-02
3.00000E-01	2.19101E+01	2.10766E-02
3.00000E-01	2.21910E+01	2.07834E-02
3.00000E-01	2.24719E+01	2.04989E-02
3.00000E-01	2.27528E+01	2.02211E-02
3.00000E-01	2.30337E+01	1.99490E-02
3.00000E-01	2.33146E+01	1.96849E-02
3.00000E-01	2.35955E+01	1.94276E-02
3.00000E-01	2.38764E+01	1.91746E-02
3.00000E-01	2.41573E+01	1.89279E-02
3.00000E-01	2.44382E+01	1.86889E-02
3.00000E-01	2.47191E+01	1.84559E-02
3.00000E-01	2.50000E+01	1.82278E-02
4.00000E-01	0.00000E+00	1.00469E+00
4.00000E-01	2.80899E-01	8.64359E-01
4.00000E-01	5.61798E-01	7.47739E-01
4.00000E-01	8.42697E-01	6.44876E-01
4.00000E-01	1.12360E+00	5.81076E-01
4.00000E-01	1.40449E+00	5.04808E-01
4.00000E-01	1.68539E+00	4.30852E-01
4.00000E-01	1.96629E+00	3.68940E-01
4.00000E-01	2.24719E+00	3.18260E-01
4.00000E-01	2.52809E+00	2.77322E-01
4.00000E-01	2.80899E+00	2.44158E-01
4.00000E-01	3.08989E+00	2.17046E-01
4.00000E-01	3.37079E+00	1.94625E-01
4.00000E-01	3.65169E+00	1.75816E-01
4.00000E-01	3.93258E+00	1.59865E-01
4.00000E-01	4.21348E+00	1.46220E-01
4.00000E-01	4.49438E+00	1.34441E-01
4.00000E-01	4.77528E+00	1.24200E-01
4.00000E-01	5.05618E+00	1.15237E-01
4.00000E-01	5.33708E+00	1.07347E-01
4.00000E-01	5.61798E+00	1.00376E-01
4.00000E-01	5.89888E+00	9.41756E-02
4.00000E-01	6.17978E+00	8.86476E-02
4.00000E-01	6.46067E+00	8.36888E-02
4.00000E-01	6.74157E+00	7.92355E-02
4.00000E-01	7.02247E+00	7.52145E-02
4.00000E-01	7.30337E+00	7.15841E-02
4.00000E-01	7.58427E+00	6.82944E-02
4.00000E-01	7.86517E+00	6.52991E-02
4.00000E-01	8.14607E+00	6.25734E-02
4.00000E-01	8.42697E+00	6.00714E-02
4.00000E-01	8.70787E+00	5.77799E-02
4.00000E-01	8.98876E+00	5.56549E-02
4.00000E-01	9.26966E+00	5.36917E-02
4.00000E-01	9.55056E+00	5.18653E-02
4.00000E-01	9.83146E+00	5.01658E-02
4.00000E-01	1.01124E+01	4.85815E-02
4.00000E-01	1.03933E+01	4.70981E-02
4.00000E-01	1.06742E+01	4.57148E-02
4.00000E-01	1.09551E+01	4.44116E-02
4.00000E-01	1.12360E+01	4.31913E-02
4.00000E-01	1.15169E+01	4.20378E-02
4.00000E-01	1.17978E+01	4.09538E-02
4.00000E-01	1.20787E+01	3.99275E-02
4.00000E-01	1.23596E+01	3.89559E-02
4.00000E-01	1.26404E+01	3.80354E-02
4.00000E-01	1.29213E+01	3.71601E-02
4.00000E-01	1.32022E+01	3.63305E-02
4.00000E-01	1.34831E+01	3.55362E-02
4.00000E-01	1.37640E+01	3.47780E-02
4.00000E-01	1.40449E+01	3.40476E-02
4.00000E-01	1.43258E+01	3.33499E-02
4.00000E-01	1.46067E+01	3.26798E-02
4.00000E-01	1.48876E+01	3.20309E-02
4.00000E-01	1.51685E+01	3.14087E-02
4.00000E-01	1.54494E+01	3.08111E-02
4.00000E-01	1.57303E+01	3.02316E-02
4.00000E-01	1.60112E+01	2.96679E-02
4.00000E-01	1.62921E+01	2.91264E-02
4.00000E-01	1.65730E+01	2.86040E-02
4.00000E-01	1.68539E+01	2.80942E-02
4.00000E-01	1.71348E+01	2.76022E-02
4.00000E-01	1.74157E+01	2.71270E-02
4.00000E-01	1.76966E+01	2.66658E-02
4.00000E-01	1.79775E+01	2.62163E-02
4.00000E-01	1.82584E+01	2.57814E-02
4.00000E-01	1.85393E+01	2.53610E-02
4.00000E-01	1.88202E+01	2.49499E-02
4.00000E-01	1.91011E+01	2.45486E-02
4.00000E-01	1.93820E+01	2.41635E-02
4.00000E-01	1.96629E+01	2.37889E-02
4.00000E-01	1.99438E+01	2.34205E-02
4.00000E-01	2.02247E+01	2.30642E-02
4.00000E-01	2.05056E+01	2.27208E-02
4.00000E-01	2.07865E+01	2.23840E-02
4.00000E-01	2.10674E+01	2.20535E-02
4.00000E-01	2.13483E+01	2.17358E-02
4.00000E-01	2.16292E+01	2.14272E-02
4.00000E-01	2.19101E+01	2.11247E-02
4.00000E-01	2.21910E+01	2.08308E-02
4.00000E-01	2.24719E+01	2.05457E-02
4.00000E-01	2.27528E+01	2.02672E-02
4.00000E-01	2.30337E+01	1.99946E-02
4.00000E-01	2.33146E+01	1.97298E-02
4.00000E-01	2.35955E+01	1.94719E-02
4.00000E-01	2.38764E+01	1.92183E-02
4.00000E-01	2.41573E+01	1.89710E-02
4.00000E-01	2.44382E+01	1.87315E-02
4.00000E-01	2.47191E+01	1.84980E-02
4.00000E-01	2.50000E+01	1.82694E-02
5.00000E-01	0.00000E+00	1.00018E+00
5.00000E-01	2.80899E-01	8.68291E-01
5.00000E-01	5.61798E-01	7.51460E-01
5.00000E-01	8.42697E-01	6.50093E-01
5.00000E-01	1.12360E+00	5.85117E-01
5.00000E-01	1.40449E+00	5.08656E-01
5.00000E-01	1.68539E+00	4.34335E-01
5.00000E-01	1.96629E+00	3.71996E-01
5.00000E-01	2.24719E+00	3.20945E-01
5.00000E-01	2.52809E+00	2.79685E-01
5.00000E-01	2.80899E+00	2.46251E-01
5.00000E-01	3.08989E+00	2.18913E-01
5.00000E-01	3.37079E+00	1.96302E-01
5.00000E-01	3.65169E+00	1.77334E-01
5.00000E-01	3.93258E+00	1.61247E-01
5.00000E-01	4.21348E+00	1.47485E-01
5.00000E-01	4.49438E+00	1.35605E-01
5.00000E-01	4.77528E+00	1.25276E-01
5.00000E-01	5.05618E+00	1.16237E-01
5.00000E-01	5.33708E+00	1.08279E-01
5.00000E-01	5.61798E+00	1.01247E-01
5.00000E-01	5.89888E+00	9.49935E-02
5.00000E-01	6.17978E+00	8.94172E-02
5.00000E-01	6.46067E+00	8.44159E-02
5.00000E-01	6.74157E+00	7.99236E-02
5.00000E-01	7.02247E+00	7.58683E-02
5.00000E-01	7.30337E+00	7.22064E-02
5.00000E-01	7.58427E+00	6.88880E-02
5.00000E-01	7.86517E+00	6.58671E-02
5.00000E-01	8.14607E+00	6.31171E-02
5.00000E-01	8.42697E+00	6.05938E-02
5.00000E-01	8.70787E+00	5.82817E-02
5.00000E-01	8.98876E+00	5.61387E-02
5.00000E-01	9.26966E+00	5.41582E-02
5.00000E-01	9.55056E+00	5.23162E-02
5.00000E-01	9.83146E+00	5.06019E-02
5.00000E-01	1.01124E+01	4.90037E-02
5.00000E-01	1.03933E+01	4.75077E-02
5.00000E-01	1.06742E+01	4.61120E-02
5.00000E-01	1.09551E+01	4.47978E-02
5.00000E-01	1.12360E+01	4.35665E-02
5.00000E-01	1.15169E+01	4.24034E-02
5.00000E-01	1.17978E+01	4.13097E-02
5.00000E-01	1.20787E+01	4.02746E-02
5.00000E-01	1.23596E+01	3.92946E-02
5.00000E-01	1.26404E+01	3.83660E-02
5.00000E-01	1.29213E+01	3.74832E-02
5.00000E-01	1.32022E+01	3.66461E-02
5.00000E-01	1.34831E+01	3.58451E-02
5.00000E-01	1.37640E+01	3.50801E-02
5.00000E-01	1.40449E+01	3.43435E-02
5.00000E-01	1.43258E+01	3.36397E-02
5.00000E-01	1.46067E+01	3.29637E-02
5.00000E-01	1.48876E+01	3.23094E-02
5.00000E-01	1.51685E+01	3.16817E-02
5.00000E-01	1.54494E+01	3.10788E-02
5.00000E-01	1.57303E+01	3.04942E-02
5.00000E-01	1.60112E+01	2.99258E-02
5.00000E-01	1.62921E+01	2.93796E-02
5.00000E-01	1.65730E+01	2.88526E-02
5.00000E-01	1.68539E+01	2.83385E-02
5.00000E-01	1.71348E+01	2.78421E-02
5.00000E-01	1.74157E+01	2.73628E-02
5.00000E-01	1.76966E+01	2.68975E-02
5.00000E-01	1.79775E+01	2.64442E-02
5.00000E-01	1.82584E+01	2.60055E-02
5.00000E-01	1.85393E+01	2.55814E-02
5.00000E-01	1.88202E+01	2.51667E-02
5.00000E-01	1.91011E+01	2.47621E-02
5.00000E-01	1.93820E+01	2.43735E-02
5.00000E-01	1.96629E+01	2.39956E-02
5.00000E-01	1.99438E+01	2.36241E-02
5.00000E-01	2.02247E+01	2.32647E-02
5.00000E-01	2.05056E+01	2.29182E-02
5.00000E-01	2.07865E+01	2.25784E-02
5.00000E-01	2.10674E+01	2.22453E-02
5.00000E-01	2.13483E+01	2.19247E-02
5.00000E-01	2.16292E+01	2.16134E-02
5.00000E-01	2.19101E+01	2.13083E-02
5.00000E-01	2.21910E+01	2.10119E-02
5.00000E-01	2.24719E+01	2.07243E-02
5.00000E-01	2.27528E+01	2.04433E-02
5.00000E-01	2.30337E+01	2.01684E-02
5.00000E-01	2.33146E+01	1.99013E-02
5.00000E-01	2.35955E+01	1.96411E-02
5.00000E-01	2.38764E+01	1.93854E-02
5.00000E-01	2.41573E+01	1.91360E-02
5.00000E-01	2.44382E+01	1.88944E-02
5.00000E-01	2.47191E+01	1.86587E-02
5.00000E-01	2.50000E+01	1.84282E-02
6.00000E-01	0.00000E+00	9.96218E-01
6.00000E-01	2.80899E-01	8.76234E-01
6.00000E-01	5.61798E-01	7.56616E-01
6.00000E-01	8.42697E-01	6.56994E-01
6.00000E-01	1.12360E+00	5.90712E-01
6.00000E-01	1.40449E+00	5.13902E-01
6.00000E-01	1.68539E+00	4.39069E-01
6.00000E-01	1.96629E+00	3.76145E-01
6.00000E-01	2.24719E+00	3.24587E-01
6.00000E-01	2.52809E+00	2.82889E-01
6.00000E-01	2.80899E+00	2.49087E-01
6.00000E-01	3.08989E+00	2.21444E-01
6.00000E-01	3.37079E+00	1.98576E-01
6.00000E-01	3.65169E+00	1.79391E-01
6.00000E-01	3.93258E+00	1.63121E-01
6.00000E-01	4.21348E+00	1.49200E-01
6.00000E-01	4.49438E+00	1.37183E-01
6.00000E-01	4.77528E+00	1.26735E-01
6.00000E-01	5.05618E+00	1.17591E-01
6.00000E-01	5.33708E+00	1.09541E-01
6.00000E-01	5.61798E+00	1.02427E-01
6.00000E-01	5.89888E+00	9.61016E-02
6.00000E-01	6.17978E+00	9.04600E-02
6.00000E-01	6.46067E+00	8.54010E-02
6.00000E-01	6.74157E+00	8.08560E-02
6.00000E-01	7.02247E+00	7.67540E-02
6.00000E-01	7.30337E+00	7.30495E-02
6.00000E-01	7.58427E+00	6.96922E-02
6.00000E-01	7.86517E+00	6.66364E-02
6.00000E-01	8.14607E+00	6.38537E-02
6.00000E-01	8.42697E+00	6.13015E-02
6.00000E-01	8.70787E+00	5.89617E-02
6.00000E-01	8.98876E+00	5.67943E-02
6.00000E-01	9.26966E+00	5.47904E-02
6.00000E-01	9.55056E+00	5.29270E-02
6.00000E-01	9.83146E+00	5.11927E-02
6.00000E-01	1.01124E+01	4.95757E-02
6.00000E-01	1.03933E+01	4.80625E-02
6.00000E-01	1.06742E+01	4.66501E-02
6.00000E-01	1.09551E+01	4.53209E-02
6.00000E-01	1.12360E+01	4.40750E-02
6.00000E-01	1.15169E+01	4.28986E-02
6.00000E-01	1.17978E+01	4.17919E-02
6.00000E-01	1.20787E+01	4.07448E-02
6.00000E-01	1.23596E+01	3.97534E-02
6.00000E-01	1.26404E+01	3.88139E-02
6.00000E-01	1.29213E+01	3.79209E-02
6.00000E-01	1.32022E+01	3.70738E-02
6.00000E-01	1.34831E+01	3.62636E-02
6.00000E-01	1.37640E+01	3.54895E-02
6.00000E-01	1.40449E+01	3.47445E-02
6.00000E-01	1.43258E+01	3.40324E-02
6.00000E-01	1.46067E+01	3.33485E-02
6.00000E-01	1.48876E+01	3.26866E-02
6.00000E-01	1.51685E+01	3.20516E-02
6.00000E-01	1.54494E+01	3.14415E-02
6.00000E-01	1.57303E+01	3.08501E-02
6.00000E-01	1.60112E+01	3.02751E-02
6.00000E-01	1.62921E+01	2.97226E-02
6.00000E-01	1.65730E+01	2.91893E-02
6.00000E-01	1.68539E+01	2.86693E-02
6.00000E-01	1.71348E+01	2.81671E-02
6.00000E-01	1.74157E+01	2.76822E-02
6.00000E-01	1.76966E+01	2.72114E-02
6.00000E-01	1.79775E+01	2.67529E-02
6.00000E-01	1.82584E+01	2.63092E-02
6.00000E-01	1.85393E+01	2.58799E-02
6.00000E-01	1.88202E+01	2.54604E-02
6.00000E-01	1.91011E+01	2.50512E-02
6.00000E-01	1.93820E+01	2.46581E-02
6.00000E-01	1.96629E+01	2.42757E-02
6.00000E-01	1.99438E+01	2.38999E-02
6.00000E-01	2.02247E+01	2.35364E-02
6.00000E-01	2.05056E+01	2.31857E-02
6.00000E-01	2.07865E+01	2.28420E-02
6.00000E-01	2.10674E+01	2.25051E-02
6.00000E-01	2.13483E+01	2.21807E-02
6.00000E-01	2.16292E+01	2.18657E-02
6.00000E-01	2.19101E+01	2.15571E-02
6.00000E-01	2.21910E+01	2.12572E-02
6.00000E-01	2.24719E+01	2.09662E-02
6.00000E-01	2.27528E+01	2.06820E-02
6.00000E-01	2.30337E+01	2.04039E-02
6.00000E-01	2.33146E+01	2.01337E-02
6.00000E-01	2.35955E+01	1.98704E-02
6.00000E-01	2.38764E+01	1.96117E-02
6.00000E-01	2.41573E+01	1.93594E-02
6.00000E-01	2.44382E+01	1.91150E-02
6.00000E-01	2.47191E+01	1.88766E-02
6.00000E-01	2.50000E+01	1.86434E-02
7.00000E-01	0.00000E+00	9.92872E-01
7.00000E-01	2.80899E-01	8.84837E-01
7.00000E-01	5.61798E-01	7.62263E-01
7.00000E-01	8.42697E-01	6.64438E-01
7.00000E-01	1.12360E+00	5.96886E-01
7.00000E-01	1.40449E+00	5.19698E-01
7.00000E-01	1.68539E+00	4.44331E-01
7.00000E-01	1.96629E+00	3.80775E-01
7.00000E-01	2.24719E+00	3.28658E-01
7.00000E-01	2.52809E+00	2.86474E-01
7.00000E-01	2.80899E+00	2.52263E-01
7.00000E-01	3.08989E+00	2.24279E-01
7.00000E-01	3.37079E+00	2.01124E-01
7.00000E-01	3.65169E+00	1.81697E-01
7.00000E-01	3.93258E+00	1.65220E-01
7.00000E-01	4.21348E+00	1.51122E-01
7.00000E-01	4.49438E+00	1.38952E-01
7.00000E-01	4.77528E+00	1.28370E-01
7.00000E-01	5.05618E+00	1.19109E-01
7.00000E-01	5.33708E+00	1.10957E-01
7.00000E-01	5.61798E+00	1.03751E-01
7.00000E-01	5.89888E+00	9.73440E-02
7.00000E-01	6.17978E+00	9.16293E-02
7.00000E-01	6.46067E+00	8.65057E-02
7.00000E-01	6.74157E+00	8.19017E-02
7.00000E-01	7.02247E+00	7.77473E-02
7.00000E-01	7.30337E+00	7.39948E-02
7.00000E-01	7.58427E+00	7.05940E-02
7.00000E-01	7.86517E+00	6.74992E-02
7.00000E-01	8.14607E+00	6.46799E-02
7.00000E-01	8.42697E+00	6.20951E-02
7.00000E-01	8.70787E+00	5.97244E-02
7.00000E-01	8.98876E+00	5.75294E-02
7.00000E-01	9.26966E+00	5.54993E-02
7.00000E-01	9.55056E+00	5.36120E-02
7.00000E-01	9.83146E+00	5.18553E-02
7.00000E-01	1.01124E+01	5.02173E-02
7.00000E-01	1.03933E+01	4.86847E-02
7.00000E-01	1.06742E+01	4.72537E-02
7.00000E-01	1.09551E+01	4.59076E-02
7.00000E-01	1.12360E+01	4.46453E-02
7.00000E-01	1.15169E+01	4.34539E-02
7.00000E-01	1.17978E+01	4.23328E-02
7.00000E-01	1.20787E+01	4.12722E-02
7.00000E-01	1.23596E+01	4.02680E-02
7.00000E-01	1.26404E+01	3.93161E-02
7.00000E-01	1.29213E+01	3.84117E-02
7.00000E-01	1.32022E+01	3.75535E-02
7.00000E-01	1.34831E+01	3.67330E-02
7.00000E-01	1.37640E+01	3.59487E-02
7.00000E-01	1.40449E+01	3.51942E-02
7.00000E-01	1.43258E+01	3.44728E-02
7.00000E-01	1.46067E+01	3.37799E-02
7.00000E-01	1.48876E+01	3.31097E-02
7.00000E-01	1.51685E+01	3.24664E-02
7.00000E-01	1.54494E+01	3.18484E-02
7.00000E-01	1.57303E+01	3.12492E-02
7.00000E-01	1.60112E+01	3.06670E-02
7.00000E-01	1.62921E+01	3.01072E-02
7.00000E-01	1.65730E+01	2.95669E-02
7.00000E-01	1.68539E+01	2.90404E-02
7.00000E-01	1.71348E+01	2.85317E-02
7.00000E-01	1.74157E+01	2.80404E-02
7.00000E-01	1.76966E+01	2.75635E-02
7.00000E-01	1.79775E+01	2.70991E-02
7.00000E-01	1.82584E+01	2.66497E-02
7.00000E-01	1.85393E+01	2.62148E-02
7.00000E-01	1.88202E+01	2.57898E-02
7.00000E-01	1.91011E+01	2.53756E-02
7.00000E-01	1.93820E+01	2.49772E-02
7.00000E-01	1.96629E+01	2.45898E-02
7.00000E-01	1.99438E+01	2.42093E-02
7.00000E-01	2.02247E+01	2.38411E-02
7.00000E-01	2.05056E+01	2.34857E-02
7.00000E-01	2.07865E+01	2.31375E-02
7.00000E-01	2.10674E+01	2.27964E-02
7.00000E-01	2.13483E+01	2.24678E-02
7.00000E-01	2.16292E+01	2.21486E-02
7.00000E-01	2.19101E+01	2.18362E-02
7.00000E-01	2.21910E+01	2.15324E-02
7.00000E-01	2.24719E+01	2.12376E-02
7.00000E-01	2.27528E+01	2.09496E-02
7.00000E-01	2.30337E+01	2.06680E-02
7.00000E-01	2.33146E+01	2.03943E-02
7.00000E-01	2.35955E+01	2.01276E-02
7.00000E-01	2.38764E+01	1.98656E-02
7.00000E-01	2.41573E+01	1.96100E-02
7.00000E-01	2.44382E+01	1.93624E-02
7.00000E-01	2.47191E+01	1.91209E-02
7.00000E-01	2.50000E+01	1.88847E-02
8.00000E-01	0.00000E+00	9.90060E-01
8.00000E-01	2.80899E-01	8.91733E-01
8.00000E-01	5.61798E-01	7.68216E-01
8.00000E-01	8.42697E-01	6.71858E-01
8.00000E-01	1.12360E+00	6.03155E-01
8.00000E-01	1.40449E+00	5.25621E-01
8.00000E-01	1.68539E+00	4.49766E-01
8.00000E-01	1.96629E+00	3.85580E-01
8.00000E-01	2.24719E+00	3.32895E-01
8.00000E-01	2.52809E+00	2.90213E-01
8.00000E-01	2.80899E+00	2.55579E-01
8.00000E-01	3.08989E+00	2.27240E-01
8.00000E-01	3.37079E+00	2.03787E-01
8.00000E-01	3.65169E+00	1.84107E-01
8.00000E-01	3.93258E+00	1.67416E-01
8.00000E-01	4.21348E+00	1.53132E-01
8.00000E-01	4.49438E+00	1.40803E-01
8.00000E-01	4.77528E+00	1.30081E-01
8.00000E-01	5.05618E+00	1.20697E-01
8.00000E-01	5.33708E+00	1.12438E-01
8.00000E-01	5.61798E+00	1.05136E-01
8.00000E-01	5.89888E+00	9.86444E-02
8.00000E-01	6.17978E+00	9.28534E-02
8.00000E-01	6.46067E+00	8.76620E-02
8.00000E-01	6.74157E+00	8.29964E-02
8.00000E-01	7.02247E+00	7.87870E-02
8.00000E-01	7.30337E+00	7.49845E-02
8.00000E-01	7.58427E+00	7.15381E-02
8.00000E-01	7.86517E+00	6.84023E-02
8.00000E-01	8.14607E+00	6.55448E-02
8.00000E-01	8.42697E+00	6.29259E-02
8.00000E-01	8.70787E+00	6.05229E-02
8.00000E-01	8.98876E+00	5.82990E-02
8.00000E-01	9.26966E+00	5.62415E-02
8.00000E-01	9.55056E+00	5.43291E-02
8.00000E-01	9.83146E+00	5.25489E-02
8.00000E-01	1.01124E+01	5.08889E-02
8.00000E-01	1.03933E+01	4.93361E-02
8.00000E-01	1.06742E+01	4.78855E-02
8.00000E-01	1.09551E+01	4.65218E-02
8.00000E-01	1.12360E+01	4.52423E-02
8.00000E-01	1.15169E+01	4.40353E-02
8.00000E-01	1.17978E+01	4.28990E-02
8.00000E-01	1.20787E+01	4.18242E-02
8.00000E-01	1.23596E+01	4.08066E-02
8.00000E-01	1.26404E+01	3.98420E-02
8.00000E-01	1.29213E+01	3.89256E-02
8.00000E-01	1.32022E+01	3.80557E-02
8.00000E-01	1.34831E+01	3.72243E-02
8.00000E-01	1.37640E+01	3.64293E-02
8.00000E-01	1.40449E+01	3.56650E-02
8.00000E-01	1.43258E+01	3.49339E-02
8.00000E-01	1.46067E+01	3.42316E-02
8.00000E-01	1.48876E+01	3.35526E-02
8.00000E-01	1.51685E+01	3.29006E-02
8.00000E-01	1.54494E+01	3.22742E-02
8.00000E-01	1.57303E+01	3.16670E-02
8.00000E-01	1.60112E+01	3.10772E-02
8.00000E-01	1.62921E+01	3.05099E-02
8.00000E-01	1.65730E+01	2.99622E-02
8.00000E-01	1.68539E+01	2.94289E-02
8.00000E-01	1.71348E+01	2.89133E-02
8.00000E-01	1.74157E+01	2.84155E-02
8.00000E-01	1.76966E+01	2.79321E-02
8.00000E-01	1.79775E+01	2.74616E-02
8.00000E-01	1.82584E+01	2.70062E-02
8.00000E-01	1.85393E+01	2.65654E-02
8.00000E-01	1.88202E+01	2.61347E-02
8.00000E-01	1.91011E+01	2.57151E-02
8.00000E-01	1.93820E+01	2.53113E-02
8.00000E-01	1.96629E+01	2.49186E-02
8.00000E-01	1.99438E+01	2.45332E-02
8.00000E-01	2.02247E+01	2.41600E-02
8.00000E-01	2.05056E+01	2.37998E-02
8.00000E-01	2.07865E+01	2.34469E-02
8.00000E-01	2.10674E+01	2.31015E-02
8.00000E-01	2.13483E+01	2.27684E-02
8.00000E-01	2.16292E+01	2.24449E-02
8.00000E-01	2.19101E+01	2.21283E-02
8.00000E-01	2.21910E+01	2.18204E-02
8.00000E-01	2.24719E+01	2.15216E-02
8.00000E-01	2.27528E+01	2.12299E-02
8.00000E-01	2.30337E+01	2.09445E-02
8.00000E-01	2.33146E+01	2.06671E-02
8.00000E-01	2.35955E+01	2.03968E-02
8.00000E-01	2.38764E+01	2.01313E-02
8.00000E-01	2.41573E+01	1.98724E-02
8.00000E-01	2.44382E+01	1.96214E-02
8.00000E-01	2.47191E+01	1.93767E-02
8.00000E-01	2.50000E+01	1.91374E-02
9.00000E-01	0.00000E+00	9.87668E-01
9.00000E-01	2.80899E-01	8.96177E-01
9.00000E-01	5.61798E-01	7.74530E-01
9.00000E-01	8.42697E-01	6.79014E-01
9.00000E-01	1.12360E+00	6.09279E-01
9.00000E-01	1.40449E+00	5.31464E-01
9.00000E-01	1.68539E+00	4.55194E-01
9.00000E-01	1.96629E+00	3.90413E-01
9.00000E-01	2.24719E+00	3.37173E-01
9.00000E-01	2.52809E+00	2.93996E-01
9.00000E-01	2.80899E+00	2.58939E-01
9.00000E-01	3.08989E+00	2.30244E-01
9.00000E-01	3.37079E+00	2.06488E-01
9.00000E-01	3.65169E+00	1.86553E-01
9.00000E-01	3.93258E+00	1.69645E-01
9.00000E-01	4.21348E+00	1.55174E-01
9.00000E-01	4.49438E+00	1.42682E-01
9.00000E-01	4.77528E+00	1.31819E-01
9.00000E-01	5.05618E+00	1.22311E-01
9.00000E-01	5.33708E+00	1.13942E-01
9.00000E-01	5.61798E+00	1.06543E-01
9.00000E-01	5.89888E+00	9.99657E-02
9.00000E-01	6.17978E+00	9.40972E-02
9.00000E-01	6.46067E+00	8.88370E-02
9.00000E-01	6.74157E+00	8.41089E-02
9.00000E-01	7.02247E+00	7.98436E-02
9.00000E-01	7.30337E+00	7.59903E-02
9.00000E-01	7.58427E+00	7.24976E-02
9.00000E-01	7.86517E+00	6.93201E-02
9.00000E-01	8.14607E+00	6.64240E-02
9.00000E-01	8.42697E+00	6.37703E-02
9.00000E-01	8.70787E+00	6.13345E-02
9.00000E-01	8.98876E+00	5.90811E-02
9.00000E-01	9.26966E+00	5.69959E-02
9.00000E-01	9.55056E+00	5.50579E-02
9.00000E-01	9.83146E+00	5.32539E-02
9.00000E-01	1.01124E+01	5.15715E-02
9.00000E-01	1.03933E+01	4.99981E-02
9.00000E-01	1.06742E+01	4.85278E-02
9.00000E-01	1.09551E+01	4.71461E-02
9.00000E-01	1.12360E+01	4.58491E-02
9.00000E-01	1.15169E+01	4.46262E-02
9.00000E-01	1.17978E+01	4.34745E-02
9.00000E-01	1.20787E+01	4.23854E-02
9.00000E-01	1.23596E+01	4.13541E-02
9.00000E-01	1.26404E+01	4.03765E-02
9.00000E-01	1.29213E+01	3.94479E-02
9.00000E-01	1.32022E+01	3.85661E-02
9.00000E-01	1.34831E+01	3.77237E-02
9.00000E-01	1.37640E+01	3.69179E-02
9.00000E-01	1.40449E+01	3.61435E-02
9.00000E-01	1.43258E+01	3.54025E-02
9.00000E-01	1.46067E+01	3.46907E-02
9.00000E-01	1.48876E+01	3.40027E-02
9.00000E-01	1.51685E+01	3.33420E-02
9.00000E-01	1.54494E+01	3.27071E-02
9.00000E-01	1.57303E+01	3.20917E-02
9.00000E-01	1.60112E+01	3.14942E-02
9.00000E-01	1.62921E+01	3.09192E-02
9.00000E-01	1.65730E+01	3.03641E-02
9.00000E-01	1.68539E+01	2.98237E-02
9.00000E-01	1.71348E+01	2.93012E-02
9.00000E-01	1.74157E+01	2.87966E-02
9.00000E-01	1.76966E+01	2.83068E-02
9.00000E-01	1.79775E+01	2.78300E-02
9.00000E-01	1.82584E+01	2.73685E-02
9.00000E-01	1.85393E+01	2.69217E-02
9.00000E-01	1.88202E+01	2.64853E-02
9.00000E-01	1.91011E+01	2.60602E-02
9.00000E-01	1.93820E+01	2.56509E-02
9.00000E-01	1.96629E+01	2.52528E-02
9.00000E-01	1.99438E+01	2.48624E-02
9.00000E-01	2.02247E+01	2.44842E-02
9.00000E-01	2.05056E+01	2.41191E-02
9.00000E-01	2.07865E+01	2.37614E-02
9.00000E-01	2.10674E+01	2.34115E-02
9.00000E-01	2.13483E+01	2.30739E-02
9.00000E-01	2.16292E+01	2.27459E-02
9.00000E-01	2.19101E+01	2.24252E-02
9.00000E-01	2.21910E+01	2.21132E-02
9.00000E-01	2.24719E+01	2.18104E-02
9.00000E-01	2.27528E+01	2.15147E-02
9.00000E-01	2.30337E+01	2.12255E-02
9.00000E-01	2.33146E+01	2.09444E-02
9.00000E-01	2.35955E+01	2.06704E-02
9.00000E-01	2.38764E+01	2.04014E-02
9.00000E-01	2.41573E+01	2.01391E-02
9.00000E-01	2.44382E+01	1.98847E-02
9.00000E-01	2.47191E+01	1.96366E-02
9.00000E-01	2.50000E+01	1.93942E-02
1.00000E+00	0.00000E+00	9.85591E-01
1.00000E+00	2.80899E-01	8.98553E-01
1.00000E+00	5.61798E-01	7.81208E-01
1.00000E+00	8.42697E-01	6.85849E-01
1.00000E+00	1.12360E+00	6.15146E-01
1.00000E+00	1.40449E+00	5.37124E-01
1.00000E+00	1.68539E+00	4.60529E-01
1.00000E+00	1.96629E+00	3.95201E-01
1.00000E+00	2.24719E+00	3.41429E-01
1.00000E+00	2.52809E+00	2.97770E-01
1.00000E+00	2.80899E+00	2.62296E-01
1.00000E+00	3.08989E+00	2.33247E-01
1.00000E+00	3.37079E+00	2.09191E-01
1.00000E+00	3.65169E+00	1.89002E-01
1.00000E+00	3.93258E+00	1.71877E-01
1.00000E+00	4.21348E+00	1.57219E-01
1.00000E+00	4.49438E+00	1.44565E-01
1.00000E+00	4.77528E+00	1.33561E-01
1.00000E+00	5.05618E+00	1.23929E-01
1.00000E+00	5.33708E+00	1.15451E-01
1.00000E+00	5.61798E+00	1.07954E-01
1.00000E+00	5.89888E+00	1.01290E-01
1.00000E+00	6.17978E+00	9.53444E-02
1.00000E+00	6.46067E+00	9.00152E-02
1.00000E+00	6.74157E+00	8.52245E-02
1.00000E+00	7.02247E+00	8.09033E-02
1.00000E+00	7.30337E+00	7.69990E-02
1.00000E+00	7.58427E+00	7.34600E-02
1.00000E+00	7.86517E+00	7.02405E-02
1.00000E+00	8.14607E+00	6.73057E-02
1.00000E+00	8.42697E+00	6.46171E-02
1.00000E+00	8.70787E+00	6.21484E-02
1.00000E+00	8.98876E+00	5.98655E-02
1.00000E+00	9.26966E+00	5.77524E-02
1.00000E+00	9.55056E+00	5.57888E-02
1.00000E+00	9.83146E+00	5.39609E-02
1.00000E+00	1.01124E+01	5.22561E-02
1.00000E+00	1.03933E+01	5.06621E-02
1.00000E+00	1.06742E+01	4.91720E-02
1.00000E+00	1.09551E+01	4.77722E-02
1.00000E+00	1.12360E+01	4.64578E-02
1.00000E+00	1.15169E+01	4.52188E-02
1.00000E+00	1.17978E+01	4.40516E-02
1.00000E+00	1.20787E+01	4.29481E-02
1.00000E+00	1.23596E+01	4.19032E-02
1.00000E+00	1.26404E+01	4.09126E-02
1.00000E+00	1.29213E+01	3.99717E-02
1.00000E+00	1.32022E+01	3.90781E-02
1.00000E+00	1.34831E+01	3.82245E-02
1.00000E+00	1.37640E+01	3.74079E-02
1.00000E+00	1.40449E+01	3.66233E-02
1.00000E+00	1.43258E+01	3.58725E-02
1.00000E+00	1.46067E+01	3.51511E-02
1.00000E+00	1.48876E+01	3.44542E-02
1.00000E+00	1.51685E+01	3.37847E-02
1.00000E+00	1.54494E+01	3.31412E-02
1.00000E+00	1.57303E+01	3.25176E-02
1.00000E+00	1.60112E+01	3.19123E-02
1.00000E+00	1.62921E+01	3.13297E-02
1.00000E+00	1.65730E+01	3.07671E-02
1.00000E+00	1.68539E+01	3.02197E-02
1.00000E+00	1.71348E+01	2.96903E-02
1.00000E+00	1.74157E+01	2.91789E-02
1.00000E+00	1.76966E+01	2.86825E-02
1.00000E+00	1.79775E+01	2.81996E-02
1.00000E+00	1.82584E+01	2.77319E-02
1.00000E+00	1.85393E+01	2.72790E-02
1.00000E+00	1.88202E+01	2.68369E-02
1.00000E+00	1.91011E+01	2.64063E-02
1.00000E+00	1.93820E+01	2.59914E-02
1.00000E+00	1.96629E+01	2.55880E-02
1.00000E+00	1.99438E+01	2.51926E-02
1.00000E+00	2.02247E+01	2.48094E-02
1.00000E+00	2.05056E+01	2.44393E-02
1.00000E+00	2.07865E+01	2.40769E-02
1.00000E+00	2.10674E+01	2.37225E-02
1.00000E+00	2.13483E+01	2.33803E-02
1.00000E+00	2.16292E+01	2.30479E-02
1.00000E+00	2.19101E+01	2.27230E-02
1.00000E+00	2.21910E+01	2.24069E-02
1.00000E+00	2.24719E+01	2.21000E-02
1.00000E+00	2.27528E+01	2.18003E-02
1.00000E+00	2.30337E+01	2.15074E-02
1.00000E+00	2.33146E+01	2.12225E-02
1.00000E+00	2.35955E+01	2.09448E-02
1.00000E+00	2.38764E+01	2.06724E-02
1.00000E+00	2.41573E+01	2.04066E-02
1.00000E+00	2.44382E+01	2.01488E-02
1.00000E+00	2.47191E+01	1.98974E-02
1.00000E+00	2.50000E+01	1.96517E-02
1.50000E+00	0.00000E+00	9.77594E-01
1.50000E+00	2.80899E-01	9.01380E-01
1.50000E+00	5.61798E-01	8.13443E-01
1.50000E+00	8.42697E-01	7.17158E-01
1.50000E+00	1.12360E+00	6.40363E-01
1.50000E+00	1.40449E+00	5.61818E-01
1.50000E+00	1.68539E+00	4.84847E-01
1.50000E+00	1.96629E+00	4.17689E-01
1.50000E+00	2.24719E+00	3.61758E-01
1.50000E+00	2.52809E+00	3.15979E-01
1.50000E+00	2.80899E+00	2.78595E-01
1.50000E+00	3.08989E+00	2.47883E-01
1.50000E+00	3.37079E+00	2.22396E-01
1.50000E+00	3.65169E+00	2.00987E-01
1.50000E+00	3.93258E+00	1.82814E-01
1.50000E+00	4.21348E+00	1.67250E-01
1.50000E+00	4.49438E+00	1.53808E-01
1.50000E+00	4.77528E+00	1.42114E-01
1.50000E+00	5.05618E+00	1.31877E-01
1.50000E+00	5.33708E+00	1.22864E-01
1.50000E+00	5.61798E+00	1.14892E-01
1.50000E+00	5.89888E+00	1.07806E-01
1.50000E+00	6.17978E+00	1.01481E-01
1.50000E+00	6.46067E+00	9.58129E-02
1.50000E+00	6.74157E+00	9.07161E-02
1.50000E+00	7.02247E+00	8.61196E-02
1.50000E+00	7.30337E+00	8.19650E-02
1.50000E+00	7.58427E+00	7.81985E-02
1.50000E+00	7.86517E+00	7.47727E-02
1.50000E+00	8.14607E+00	7.16479E-02
1.50000E+00	8.42697E+00	6.87866E-02
1.50000E+00	8.70787E+00	6.61569E-02
1.50000E+00	8.98876E+00	6.37278E-02
1.50000E+00	9.26966E+00	6.14780E-02
1.50000E+00	9.55056E+00	5.93881E-02
1.50000E+00	9.83146E+00	5.74426E-02
1.50000E+00	1.01124E+01	5.56278E-02
1.50000E+00	1.03933E+01	5.39317E-02
1.50000E+00	1.06742E+01	5.23447E-02
1.50000E+00	1.09551E+01	5.08553E-02
1.50000E+00	1.12360E+01	4.94556E-02
1.50000E+00	1.15169E+01	4.81373E-02
1.50000E+00	1.17978E+01	4.68944E-02
1.50000E+00	1.20787E+01	4.57198E-02
1.50000E+00	1.23596E+01	4.46075E-02
1.50000E+00	1.26404E+01	4.35529E-02
1.50000E+00	1.29213E+01	4.25516E-02
1.50000E+00	1.32022E+01	4.15995E-02
1.50000E+00	1.34831E+01	4.06909E-02
1.50000E+00	1.37640E+01	3.98211E-02
1.50000E+00	1.40449E+01	3.89866E-02
1.50000E+00	1.43258E+01	3.81870E-02
1.50000E+00	1.46067E+01	3.74186E-02
1.50000E+00	1.48876E+01	3.66775E-02
1.50000E+00	1.51685E+01	3.59649E-02
1.50000E+00	1.54494E+01	3.52791E-02
1.50000E+00	1.57303E+01	3.46152E-02
1.50000E+00	1.60112E+01	3.39718E-02
1.50000E+00	1.62921E+01	3.33514E-02
1.50000E+00	1.65730E+01	3.27518E-02
1.50000E+00	1.68539E+01	3.21698E-02
1.50000E+00	1.71348E+01	3.16064E-02
1.50000E+00	1.74157E+01	3.10617E-02
1.50000E+00	1.76966E+01	3.05331E-02
1.50000E+00	1.79775E+01	3.00195E-02
1.50000E+00	1.82584E+01	2.95217E-02
1.50000E+00	1.85393E+01	2.90390E-02
1.50000E+00	1.88202E+01	2.85686E-02
1.50000E+00	1.91011E+01	2.81111E-02
1.50000E+00	1.93820E+01	2.76688E-02
1.50000E+00	1.96629E+01	2.72389E-02
1.50000E+00	1.99438E+01	2.68187E-02
1.50000E+00	2.02247E+01	2.64111E-02
1.50000E+00	2.05056E+01	2.60162E-02
1.50000E+00	2.07865E+01	2.56306E-02
1.50000E+00	2.10674E+01	2.52541E-02
1.50000E+00	2.13483E+01	2.48895E-02
1.50000E+00	2.16292E+01	2.45354E-02
1.50000E+00	2.19101E+01	2.41898E-02
1.50000E+00	2.21910E+01	2.38534E-02
1.50000E+00	2.24719E+01	2.35264E-02
1.50000E+00	2.27528E+01	2.32074E-02
1.50000E+00	2.30337E+01	2.28958E-02
1.50000E+00	2.33146E+01	2.25925E-02
1.50000E+00	2.35955E+01	2.22966E-02
1.50000E+00	2.38764E+01	2.20068E-02
1.50000E+00	2.41573E+01	2.17241E-02
1.50000E+00	2.44382E+01	2.14495E-02
1.50000E+00	2.47191E+01	2.11818E-02
1.50000E+00	2.50000E+01	2.09205E-02
2.00000E+00	0.00000E+00	9.71042E-01
2.00000E+00	2.80899E-01	9.06459E-01
2.00000E+00	5.61798E-01	8.30464E-01
2.00000E+00	8.42697E-01	7.44802E-01
2.00000E+00	1.12360E+00	6.61787E-01
2.00000E+00	1.40449E+00	5.81562E-01
2.00000E+00	1.68539E+00	5.05055E-01
2.00000E+00	1.96629E+00	4.37382E-01
2.00000E+00	2.24719E+00	3.80200E-01
2.00000E+00	2.52809E+00	3.32875E-01
2.00000E+00	2.80899E+00	2.93930E-01
2.00000E+00	3.08989E+00	2.61774E-01
2.00000E+00	3.37079E+00	2.34999E-01
2.00000E+00	3.65169E+00	2.12469E-01
2.00000E+00	3.93258E+00	1.93323E-01
2.00000E+00	4.21348E+00	1.76908E-01
2.00000E+00	4.49438E+00	1.62723E-01
2.00000E+00	4.77528E+00	1.50376E-01
2.00000E+00	5.05618E+00	1.39562E-01
2.00000E+00	5.33708E+00	1.30039E-01
2.00000E+00	5.61798E+00	1.21612E-01
2.00000E+00	5.89888E+00	1.14120E-01
2.00000E+00	6.17978E+00	1.07431E-01
2.00000E+00	6.46067E+00	1.01437E-01
2.00000E+00	6.74157E+00	9.60454E-02
2.00000E+00	7.02247E+00	9.11832E-02
2.00000E+00	7.30337E+00	8.67870E-02
2.00000E+00	7.58427E+00	8.28006E-02
2.00000E+00	7.86517E+00	7.91746E-02
2.00000E+00	8.14607E+00	7.58660E-02
2.00000E+00	8.42697E+00	7.28364E-02
2.00000E+00	8.70787E+00	7.00511E-02
2.00000E+00	8.98876E+00	6.74793E-02
2.00000E+00	9.26966E+00	6.50973E-02
2.00000E+00	9.55056E+00	6.28848E-02
2.00000E+00	9.83146E+00	6.08252E-02
2.00000E+00	1.01124E+01	5.89039E-02
2.00000E+00	1.03933E+01	5.71085E-02
2.00000E+00	1.06742E+01	5.54279E-02
2.00000E+00	1.09551E+01	5.38510E-02
2.00000E+00	1.12360E+01	5.23689E-02
2.00000E+00	1.15169E+01	5.09732E-02
2.00000E+00	1.17978E+01	4.96570E-02
2.00000E+00	1.20787E+01	4.84131E-02
2.00000E+00	1.23596E+01	4.72354E-02
2.00000E+00	1.26404E+01	4.61187E-02
2.00000E+00	1.29213E+01	4.50584E-02
2.00000E+00	1.32022E+01	4.40498E-02
2.00000E+00	1.34831E+01	4.30873E-02
2.00000E+00	1.37640E+01	4.21662E-02
2.00000E+00	1.40449E+01	4.12830E-02
2.00000E+00	1.43258E+01	4.04360E-02
2.00000E+00	1.46067E+01	3.96220E-02
2.00000E+00	1.48876E+01	3.88379E-02
2.00000E+00	1.51685E+01	3.80833E-02
2.00000E+00	1.54494E+01	3.73564E-02
2.00000E+00	1.57303E+01	3.66535E-02
2.00000E+00	1.60112E+01	3.59730E-02
2.00000E+00	1.62921E+01	3.53159E-02
2.00000E+00	1.65730E+01	3.46807E-02
2.00000E+00	1.68539E+01	3.40648E-02
2.00000E+00	1.71348E+01	3.34684E-02
2.00000E+00	1.74157E+01	3.28914E-02
2.00000E+00	1.76966E+01	3.23316E-02
2.00000E+00	1.79775E+01	3.17881E-02
2.00000E+00	1.82584E+01	3.12610E-02
2.00000E+00	1.85393E+01	3.07495E-02
2.00000E+00	1.88202E+01	3.02517E-02
2.00000E+00	1.91011E+01	2.97678E-02
2.00000E+00	1.93820E+01	2.92991E-02
2.00000E+00	1.96629E+01	2.88434E-02
2.00000E+00	1.99438E+01	2.83992E-02
2.00000E+00	2.02247E+01	2.79677E-02
2.00000E+00	2.05056E+01	2.75490E-02
2.00000E+00	2.07865E+01	2.71407E-02
2.00000E+00	2.10674E+01	2.67427E-02
2.00000E+00	2.13483E+01	2.63565E-02
2.00000E+00	2.16292E+01	2.59812E-02
2.00000E+00	2.19101E+01	2.56155E-02
2.00000E+00	2.21910E+01	2.52594E-02
2.00000E+00	2.24719E+01	2.49129E-02
2.00000E+00	2.27528E+01	2.45750E-02
2.00000E+00	2.30337E+01	2.42453E-02
2.00000E+00	2.33146E+01	2.39240E-02
2.00000E+00	2.35955E+01	2.36105E-02
2.00000E+00	2.38764E+01	2.33039E-02
2.00000E+00	2.41573E+01	2.30049E-02
2.00000E+00	2.44382E+01	2.27139E-02
2.00000E+00	2.47191E+01	2.24304E-02
2.00000E+00	2.50000E+01	2.21537E-02
2.50000E+00	0.00000E+00	9.64971E-01
2.50000E+00	2.80899E-01	9.08907E-01
2.50000E+00	5.61798E-01	8.36573E-01
2.50000E+00	8.42697E-01	7.63753E-01
2.50000E+00	1.12360E+00	6.81129E-01
2.50000E+00	1.40449E+00	5.99011E-01
2.50000E+00	1.68539E+00	5.22409E-01
2.50000E+00	1.96629E+00	4.54649E-01
2.50000E+00	2.24719E+00	3.96850E-01
2.50000E+00	2.52809E+00	3.48505E-01
2.50000E+00	2.80899E+00	3.08366E-01
2.50000E+00	3.08989E+00	2.75004E-01
2.50000E+00	3.37079E+00	2.47100E-01
2.50000E+00	3.65169E+00	2.23554E-01
2.50000E+00	3.93258E+00	2.03507E-01
2.50000E+00	4.21348E+00	1.86296E-01
2.50000E+00	4.49438E+00	1.71407E-01
2.50000E+00	4.77528E+00	1.58438E-01
2.50000E+00	5.05618E+00	1.47073E-01
2.50000E+00	5.33708E+00	1.37059E-01
2.50000E+00	5.61798E+00	1.28193E-01
2.50000E+00	5.89888E+00	1.20309E-01
2.50000E+00	6.17978E+00	1.13267E-01
2.50000E+00	6.46067E+00	1.06955E-01
2.50000E+00	6.74157E+00	1.01278E-01
2.50000E+00	7.02247E+00	9.61565E-02
2.50000E+00	7.30337E+00	9.15245E-02
2.50000E+00	7.58427E+00	8.73233E-02
2.50000E+00	7.86517E+00	8.35011E-02
2.50000E+00	8.14607E+00	8.00127E-02
2.50000E+00	8.42697E+00	7.68176E-02
2.50000E+00	8.70787E+00	7.38797E-02
2.50000E+00	8.98876E+00	7.11677E-02
2.50000E+00	9.26966E+00	6.86559E-02
2.50000E+00	9.55056E+00	6.63231E-02
2.50000E+00	9.83146E+00	6.41515E-02
2.50000E+00	1.01124E+01	6.21258E-02
2.50000E+00	1.03933E+01	6.02327E-02
2.50000E+00	1.06742E+01	5.84603E-02
2.50000E+00	1.09551E+01	5.67975E-02
2.50000E+00	1.12360E+01	5.52344E-02
2.50000E+00	1.15169E+01	5.37626E-02
2.50000E+00	1.17978E+01	5.23744E-02
2.50000E+00	1.20787E+01	5.10625E-02
2.50000E+00	1.23596E+01	4.98205E-02
2.50000E+00	1.26404E+01	4.86427E-02
2.50000E+00	1.29213E+01	4.75243E-02
2.50000E+00	1.32022E+01	4.64600E-02
2.50000E+00	1.34831E+01	4.54445E-02
2.50000E+00	1.37640E+01	4.44728E-02
2.50000E+00	1.40449E+01	4.35415E-02
2.50000E+00	1.43258E+01	4.26480E-02
2.50000E+00	1.46067E+01	4.17894E-02
2.50000E+00	1.48876E+01	4.09627E-02
2.50000E+00	1.51685E+01	4.01669E-02
2.50000E+00	1.54494E+01	3.93998E-02
2.50000E+00	1.57303E+01	3.86585E-02
2.50000E+00	1.60112E+01	3.79413E-02
2.50000E+00	1.62921E+01	3.72483E-02
2.50000E+00	1.65730E+01	3.65781E-02
2.50000E+00	1.68539E+01	3.59289E-02
2.50000E+00	1.71348E+01	3.53001E-02
2.50000E+00	1.74157E+01	3.46913E-02
2.50000E+00	1.76966E+01	3.41010E-02
2.50000E+00	1.79775E+01	3.35279E-02
2.50000E+00	1.82584E+01	3.29720E-02
2.50000E+00	1.85393E+01	3.24324E-02
2.50000E+00	1.88202E+01	3.19076E-02
2.50000E+00	1.91011E+01	3.13977E-02
2.50000E+00	1.93820E+01	3.09030E-02
2.50000E+00	1.96629E+01	3.04222E-02
2.50000E+00	1.99438E+01	2.99541E-02
2.50000E+00	2.02247E+01	2.94992E-02
2.50000E+00	2.05056E+01	2.90572E-02
2.50000E+00	2.07865E+01	2.86267E-02
2.50000E+00	2.10674E+01	2.82074E-02
2.50000E+00	2.13483E+01	2.78000E-02
2.50000E+00	2.16292E+01	2.74040E-02
2.50000E+00	2.19101E+01	2.70183E-02
2.50000E+00	2.21910E+01	2.66428E-02
2.50000E+00	2.24719E+01	2.62772E-02
2.50000E+00	2.27528E+01	2.59208E-02
2.50000E+00	2.30337E+01	2.55732E-02
2.50000E+00	2.33146E+01	2.52342E-02
2.50000E+00	2.35955E+01	2.49035E-02
2.50000E+00	2.38764E+01	2.45803E-02
2.50000E+00	2.41573E+01	2.42651E-02
2.50000E+00	2.44382E+01	2.39582E-02
2.50000E+00	2.47191E+01	2.36591E-02
2.50000E+00	2.50000E+01	2.33673E-02
3.00000E+00	0.00000E+00	9.59115E-01
3.00000E+00	2.80899E-01	9.08712E-01
3.00000E+00	5.61798E-01	8.39729E-01
3.00000E+00	8.42697E-01	7.73278E-01
3.00000E+00	1.12360E+00	6.96499E-01
3.00000E+00	1.40449E+00	6.15120E-01
3.00000E+00	1.68539E+00	5.38370E-01
3.00000E+00	1.96629E+00	4.70405E-01
3.00000E+00	2.24719E+00	4.12168E-01
3.00000E+00	2.52809E+00	3.63102E-01
3.00000E+00	2.80899E+00	3.22048E-01
3.00000E+00	3.08989E+00	2.87696E-01
3.00000E+00	3.37079E+00	2.58816E-01
3.00000E+00	3.65169E+00	2.34358E-01
3.00000E+00	3.93258E+00	2.13481E-01
3.00000E+00	4.21348E+00	1.95524E-01
3.00000E+00	4.49438E+00	1.79968E-01
3.00000E+00	4.77528E+00	1.66404E-01
3.00000E+00	5.05618E+00	1.54506E-01
3.00000E+00	5.33708E+00	1.44017E-01
3.00000E+00	5.61798E+00	1.34724E-01
3.00000E+00	5.89888E+00	1.26456E-01
3.00000E+00	6.17978E+00	1.19069E-01
3.00000E+00	6.46067E+00	1.12445E-01
3.00000E+00	6.74157E+00	1.06486E-01
3.00000E+00	7.02247E+00	1.01109E-01
3.00000E+00	7.30337E+00	9.62443E-02
3.00000E+00	7.58427E+00	9.18305E-02
3.00000E+00	7.86517E+00	8.78137E-02
3.00000E+00	8.14607E+00	8.41465E-02
3.00000E+00	8.42697E+00	8.07869E-02
3.00000E+00	8.70787E+00	7.76975E-02
3.00000E+00	8.98876E+00	7.48458E-02
3.00000E+00	9.26966E+00	7.22049E-02
3.00000E+00	9.55056E+00	6.97523E-02
3.00000E+00	9.83146E+00	6.74693E-02
3.00000E+00	1.01124E+01	6.53397E-02
3.00000E+00	1.03933E+01	6.33493E-02
3.00000E+00	1.06742E+01	6.14856E-02
3.00000E+00	1.09551E+01	5.97371E-02
3.00000E+00	1.12360E+01	5.80935E-02
3.00000E+00	1.15169E+01	5.65458E-02
3.00000E+00	1.17978E+01	5.50858E-02
3.00000E+00	1.20787E+01	5.37061E-02
3.00000E+00	1.23596E+01	5.23999E-02
3.00000E+00	1.26404E+01	5.11613E-02
3.00000E+00	1.29213E+01	4.99848E-02
3.00000E+00	1.32022E+01	4.88650E-02
3.00000E+00	1.34831E+01	4.77965E-02
3.00000E+00	1.37640E+01	4.67744E-02
3.00000E+00	1.40449E+01	4.57950E-02
3.00000E+00	1.43258E+01	4.48552E-02
3.00000E+00	1.46067E+01	4.39521E-02
3.00000E+00	1.48876E+01	4.30829E-02
3.00000E+00	1.51685E+01	4.22458E-02
3.00000E+00	1.54494E+01	4.14388E-02
3.00000E+00	1.57303E+01	4.06592E-02
3.00000E+00	1.60112E+01	3.99053E-02
3.00000E+00	1.62921E+01	3.91766E-02
3.00000E+00	1.65730E+01	3.84717E-02
3.00000E+00	1.68539E+01	3.77891E-02
3.00000E+00	1.71348E+01	3.71280E-02
3.00000E+00	1.74157E+01	3.64876E-02
3.00000E+00	1.76966E+01	3.58667E-02
3.00000E+00	1.79775E+01	3.52642E-02
3.00000E+00	1.82584E+01	3.46796E-02
3.00000E+00	1.85393E+01	3.41120E-02
3.00000E+00	1.88202E+01	3.35603E-02
3.00000E+00	1.91011E+01	3.30243E-02
3.00000E+00	1.93820E+01	3.25039E-02
3.00000E+00	1.96629E+01	3.19981E-02
3.00000E+00	1.99438E+01	3.15061E-02
3.00000E+00	2.02247E+01	3.10277E-02
3.00000E+00	2.05056E+01	3.05627E-02
3.00000E+00	2.07865E+01	3.01100E-02
3.00000E+00	2.10674E+01	2.96693E-02
3.00000E+00	2.13483E+01	2.92409E-02
3.00000E+00	2.16292E+01	2.88242E-02
3.00000E+00	2.19101E+01	2.84186E-02
3.00000E+00	2.21910E+01	2.80237E-02
3.00000E+00	2.24719E+01	2.76392E-02
3.00000E+00	2.27528E+01	2.72643E-02
3.00000E+00	2.30337E+01	2.68987E-02
3.00000E+00	2.33146E+01	2.65422E-02
3.00000E+00	2.35955E+01	2.61943E-02
3.00000E+00	2.38764E+01	2.58546E-02
3.00000E+00	2.41573E+01	2.55232E-02
3.00000E+00	2.44382E+01	2.52004E-02
3.00000E+00	2.47191E+01	2.48857E-02
3.00000E+00	2.50000E+01	2.45789E-02
3.50000E+00	0.00000E+00	9.53308E-01
3.50000E+00	2.80899E-01	9.06733E-01
3.50000E+00	5.61798E-01	8.42428E-01
3.50000E+00	8.42697E-01	7.77126E-01
3.50000E+00	1.12360E+00	7.06748E-01
3.50000E+00	1.40449E+00	6.29166E-01
3.50000E+00	1.68539E+00	5.53422E-01
3.50000E+00	1.96629E+00	4.85395E-01
3.50000E+00	2.24719E+00	4.26722E-01
3.50000E+00	2.52809E+00	3.77016E-01
3.50000E+00	2.80899E+00	3.35185E-01
3.50000E+00	3.08989E+00	2.99986E-01
3.50000E+00	3.37079E+00	2.70249E-01
3.50000E+00	3.65169E+00	2.44971E-01
3.50000E+00	3.93258E+00	2.23331E-01
3.50000E+00	4.21348E+00	2.04676E-01
3.50000E+00	4.49438E+00	1.88486E-01
3.50000E+00	4.77528E+00	1.74350E-01
3.50000E+00	5.05618E+00	1.61938E-01
3.50000E+00	5.33708E+00	1.50984E-01
3.50000E+00	5.61798E+00	1.41273E-01
3.50000E+00	5.89888E+00	1.32628E-01
3.50000E+00	6.17978E+00	1.24899E-01
3.50000E+00	6.46067E+00	1.17967E-01
3.50000E+00	6.74157E+00	1.11728E-01
3.50000E+00	7.02247E+00	1.06096E-01
3.50000E+00	7.30337E+00	1.00999E-01
3.50000E+00	7.58427E+00	9.63724E-02
3.50000E+00	7.86517E+00	9.21606E-02
3.50000E+00	8.14607E+00	8.83142E-02
3.50000E+00	8.42697E+00	8.47895E-02
3.50000E+00	8.70787E+00	8.15478E-02
3.50000E+00	8.98876E+00	7.85555E-02
3.50000E+00	9.26966E+00	7.57847E-02
3.50000E+00	9.55056E+00	7.32117E-02
3.50000E+00	9.83146E+00	7.08166E-02
3.50000E+00	1.01124E+01	6.85823E-02
3.50000E+00	1.03933E+01	6.64940E-02
3.50000E+00	1.06742E+01	6.45385E-02
3.50000E+00	1.09551E+01	6.27037E-02
3.50000E+00	1.12360E+01	6.09789E-02
3.50000E+00	1.15169E+01	5.93547E-02
3.50000E+00	1.17978E+01	5.78225E-02
3.50000E+00	1.20787E+01	5.63744E-02
3.50000E+00	1.23596E+01	5.50035E-02
3.50000E+00	1.26404E+01	5.37033E-02
3.50000E+00	1.29213E+01	5.24682E-02
3.50000E+00	1.32022E+01	5.12924E-02
3.50000E+00	1.34831E+01	5.01705E-02
3.50000E+00	1.37640E+01	4.90976E-02
3.50000E+00	1.40449E+01	4.80695E-02
3.50000E+00	1.43258E+01	4.70830E-02
3.50000E+00	1.46067E+01	4.61350E-02
3.50000E+00	1.48876E+01	4.52228E-02
3.50000E+00	1.51685E+01	4.43442E-02
3.50000E+00	1.54494E+01	4.34970E-02
3.50000E+00	1.57303E+01	4.26788E-02
3.50000E+00	1.60112E+01	4.18878E-02
3.50000E+00	1.62921E+01	4.11231E-02
3.50000E+00	1.65730E+01	4.03832E-02
3.50000E+00	1.68539E+01	3.96669E-02
3.50000E+00	1.71348E+01	3.89732E-02
3.50000E+00	1.74157E+01	3.83011E-02
3.50000E+00	1.76966E+01	3.76494E-02
3.50000E+00	1.79775E+01	3.70172E-02
3.50000E+00	1.82584E+01	3.64036E-02
3.50000E+00	1.85393E+01	3.58078E-02
3.50000E+00	1.88202E+01	3.52289E-02
3.50000E+00	1.91011E+01	3.46665E-02
3.50000E+00	1.93820E+01	3.41203E-02
3.50000E+00	1.96629E+01	3.35894E-02
3.50000E+00	1.99438E+01	3.30731E-02
3.50000E+00	2.02247E+01	3.25711E-02
3.50000E+00	2.05056E+01	3.20829E-02
3.50000E+00	2.07865E+01	3.16079E-02
3.50000E+00	2.10674E+01	3.11455E-02
3.50000E+00	2.13483E+01	3.06958E-02
3.50000E+00	2.16292E+01	3.02585E-02
3.50000E+00	2.19101E+01	2.98328E-02
3.50000E+00	2.21910E+01	2.94182E-02
3.50000E+00	2.24719E+01	2.90145E-02
3.50000E+00	2.27528E+01	2.86210E-02
3.50000E+00	2.30337E+01	2.82373E-02
3.50000E+00	2.33146E+01	2.78630E-02
3.50000E+00	2.35955E+01	2.74979E-02
3.50000E+00	2.38764E+01	2.71414E-02
3.50000E+00	2.41573E+01	2.67938E-02
3.50000E+00	2.44382E+01	2.64549E-02
3.50000E+00	2.47191E+01	2.61246E-02
3.50000E+00	2.50000E+01	2.58024E-02
4.00000E+00	0.00000E+00	9.47460E-01
4.00000E+00	2.80899E-01	9.03561E-01
4.00000E+00	5.61798E-01	8.43714E-01
4.00000E+00	8.42697E-01	7.78597E-01
4.00000E+00	1.12360E+00	7.12724E-01
4.00000E+00	1.40449E+00	6.40365E-01
4.00000E+00	1.68539E+00	5.67228E-01
4.00000E+00	1.96629E+00	4.99815E-01
4.00000E+00	2.24719E+00	4.40874E-01
4.00000E+00	2.52809E+00	3.90566E-01
4.00000E+00	2.80899E+00	3.48001E-01
4.00000E+00	3.08989E+00	3.12018E-01
4.00000E+00	3.37079E+00	2.81497E-01
4.00000E+00	3.65169E+00	2.55463E-01
4.00000E+00	3.93258E+00	2.33112E-01
4.00000E+00	4.21348E+00	2.13799E-01
4.00000E+00	4.49438E+00	1.97007E-01
4.00000E+00	4.77528E+00	1.82321E-01
4.00000E+00	5.05618E+00	1.69410E-01
4.00000E+00	5.33708E+00	1.58003E-01
4.00000E+00	5.61798E+00	1.47881E-01
4.00000E+00	5.89888E+00	1.38863E-01
4.00000E+00	6.17978E+00	1.30796E-01
4.00000E+00	6.46067E+00	1.23556E-01
4.00000E+00	6.74157E+00	1.17038E-01
4.00000E+00	7.02247E+00	1.11151E-01
4.00000E+00	7.30337E+00	1.05821E-01
4.00000E+00	7.58427E+00	1.00981E-01
4.00000E+00	7.86517E+00	9.65729E-02
4.00000E+00	8.14607E+00	9.25457E-02
4.00000E+00	8.42697E+00	8.88541E-02
4.00000E+00	8.70787E+00	8.54585E-02
4.00000E+00	8.98876E+00	8.23241E-02
4.00000E+00	9.26966E+00	7.94217E-02
4.00000E+00	9.55056E+00	7.67267E-02
4.00000E+00	9.83146E+00	7.42180E-02
4.00000E+00	1.01124E+01	7.18777E-02
4.00000E+00	1.03933E+01	6.96902E-02
4.00000E+00	1.06742E+01	6.76416E-02
4.00000E+00	1.09551E+01	6.57193E-02
4.00000E+00	1.12360E+01	6.39122E-02
4.00000E+00	1.15169E+01	6.22104E-02
4.00000E+00	1.17978E+01	6.06048E-02
4.00000E+00	1.20787E+01	5.90873E-02
4.00000E+00	1.23596E+01	5.76506E-02
4.00000E+00	1.26404E+01	5.62879E-02
4.00000E+00	1.29213E+01	5.49932E-02
4.00000E+00	1.32022E+01	5.37606E-02
4.00000E+00	1.34831E+01	5.25844E-02
4.00000E+00	1.37640E+01	5.14596E-02
4.00000E+00	1.40449E+01	5.03821E-02
4.00000E+00	1.43258E+01	4.93481E-02
4.00000E+00	1.46067E+01	4.83546E-02
4.00000E+00	1.48876E+01	4.73986E-02
4.00000E+00	1.51685E+01	4.64779E-02
4.00000E+00	1.54494E+01	4.55899E-02
4.00000E+00	1.57303E+01	4.47324E-02
4.00000E+00	1.60112E+01	4.39037E-02
4.00000E+00	1.62921E+01	4.31024E-02
4.00000E+00	1.65730E+01	4.23271E-02
4.00000E+00	1.68539E+01	4.15766E-02
4.00000E+00	1.71348E+01	4.08497E-02
4.00000E+00	1.74157E+01	4.01453E-02
4.00000E+00	1.76966E+01	3.94624E-02
4.00000E+00	1.79775E+01	3.87999E-02
4.00000E+00	1.82584E+01	3.81569E-02
4.00000E+00	1.85393E+01	3.75326E-02
4.00000E+00	1.88202E+01	3.69260E-02
4.00000E+00	1.91011E+01	3.63368E-02
4.00000E+00	1.93820E+01	3.57644E-02
4.00000E+00	1.96629E+01	3.52080E-02
4.00000E+00	1.99438E+01	3.46670E-02
4.00000E+00	2.02247E+01	3.41410E-02
4.00000E+00	2.05056E+01	3.36294E-02
4.00000E+00	2.07865E+01	3.31316E-02
4.00000E+00	2.10674E+01	3.26472E-02
4.00000E+00	2.13483E+01	3.21760E-02
4.00000E+00	2.16292E+01	3.17175E-02
4.00000E+00	2.19101E+01	3.12713E-02
4.00000E+00	2.21910E+01	3.08369E-02
4.00000E+00	2.24719E+01	3.04137E-02
4.00000E+00	2.27528E+01	3.00013E-02
4.00000E+00	2.30337E+01	2.95991E-02
4.00000E+00	2.33146E+01	2.92068E-02
4.00000E+00	2.35955E+01	2.88241E-02
4.00000E+00	2.38764E+01	2.84507E-02
4.00000E+00	2.41573E+01	2.80864E-02
4.00000E+00	2.44382E+01	2.77313E-02
4.00000E+00	2.47191E+01	2.73850E-02
4.00000E+00	2.50000E+01	2.70473E-02
5.00000E+00	0.00000E+00	9.35598E-01
5.00000E+00	2.80899E-01	8.95156E-01
5.00000E+00	5.61798E-01	8.42080E-01
5.00000E+00	8.42697E-01	7.80195E-01
5.00000E+00	1.12360E+00	7.18050E-01
5.00000E+00	1.40449E+00	6.54701E-01
5.00000E+00	1.68539E+00	5.89392E-01
5.00000E+00	1.96629E+00	5.25940E-01
5.00000E+00	2.24719E+00	4.67965E-01
5.00000E+00	2.52809E+00	4.17059E-01
5.00000E+00	2.80899E+00	3.73240E-01
5.00000E+00	3.08989E+00	3.35789E-01
5.00000E+00	3.37079E+00	3.03778E-01
5.00000E+00	3.65169E+00	2.76313E-01
5.00000E+00	3.93258E+00	2.52624E-01
5.00000E+00	4.21348E+00	2.32071E-01
5.00000E+00	4.49438E+00	2.14137E-01
5.00000E+00	4.77528E+00	1.98405E-01
5.00000E+00	5.05618E+00	1.84536E-01
5.00000E+00	5.33708E+00	1.72254E-01
5.00000E+00	5.61798E+00	1.61332E-01
5.00000E+00	5.89888E+00	1.51582E-01
5.00000E+00	6.17978E+00	1.42849E-01
5.00000E+00	6.46067E+00	1.34999E-01
5.00000E+00	6.74157E+00	1.27922E-01
5.00000E+00	7.02247E+00	1.21525E-01
5.00000E+00	7.30337E+00	1.15726E-01
5.00000E+00	7.58427E+00	1.10454E-01
5.00000E+00	7.86517E+00	1.05648E-01
5.00000E+00	8.14607E+00	1.01253E-01
5.00000E+00	8.42697E+00	9.72221E-02
5.00000E+00	8.70787E+00	9.35124E-02
5.00000E+00	8.98876E+00	9.00875E-02
5.00000E+00	9.26966E+00	8.69160E-02
5.00000E+00	9.55056E+00	8.39709E-02
5.00000E+00	9.83146E+00	8.12295E-02
5.00000E+00	1.01124E+01	7.86718E-02
5.00000E+00	1.03933E+01	7.62808E-02
5.00000E+00	1.06742E+01	7.40411E-02
5.00000E+00	1.09551E+01	7.19393E-02
5.00000E+00	1.12360E+01	6.99630E-02
5.00000E+00	1.15169E+01	6.81016E-02
5.00000E+00	1.17978E+01	6.63451E-02
5.00000E+00	1.20787E+01	6.46847E-02
5.00000E+00	1.23596E+01	6.31125E-02
5.00000E+00	1.26404E+01	6.16210E-02
5.00000E+00	1.29213E+01	6.02035E-02
5.00000E+00	1.32022E+01	5.88536E-02
5.00000E+00	1.34831E+01	5.75656E-02
5.00000E+00	1.37640E+01	5.63341E-02
5.00000E+00	1.40449E+01	5.51544E-02
5.00000E+00	1.43258E+01	5.40226E-02
5.00000E+00	1.46067E+01	5.29352E-02
5.00000E+00	1.48876E+01	5.18889E-02
5.00000E+00	1.51685E+01	5.08812E-02
5.00000E+00	1.54494E+01	4.99093E-02
5.00000E+00	1.57303E+01	4.89711E-02
5.00000E+00	1.60112E+01	4.80645E-02
5.00000E+00	1.62921E+01	4.71878E-02
5.00000E+00	1.65730E+01	4.63397E-02
5.00000E+00	1.68539E+01	4.55186E-02
5.00000E+00	1.71348E+01	4.47233E-02
5.00000E+00	1.74157E+01	4.39527E-02
5.00000E+00	1.76966E+01	4.32054E-02
5.00000E+00	1.79775E+01	4.24805E-02
5.00000E+00	1.82584E+01	4.17770E-02
5.00000E+00	1.85393E+01	4.10939E-02
5.00000E+00	1.88202E+01	4.04304E-02
5.00000E+00	1.91011E+01	3.97858E-02
5.00000E+00	1.93820E+01	3.91594E-02
5.00000E+00	1.96629E+01	3.85506E-02
5.00000E+00	1.99438E+01	3.79587E-02
5.00000E+00	2.02247E+01	3.73831E-02
5.00000E+00	2.05056E+01	3.68233E-02
5.00000E+00	2.07865E+01	3.62786E-02
5.00000E+00	2.10674E+01	3.57487E-02
5.00000E+00	2.13483E+01	3.52330E-02
5.00000E+00	2.16292E+01	3.47313E-02
5.00000E+00	2.19101E+01	3.42428E-02
5.00000E+00	2.21910E+01	3.37672E-02
5.00000E+00	2.24719E+01	3.33039E-02
5.00000E+00	2.27528E+01	3.28524E-02
5.00000E+00	2.30337E+01	3.24121E-02
5.00000E+00	2.33146E+01	3.19828E-02
5.00000E+00	2.35955E+01	3.15639E-02
5.00000E+00	2.38764E+01	3.11553E-02
5.00000E+00	2.41573E+01	3.07568E-02
5.00000E+00	2.44382E+01	3.03681E-02
5.00000E+00	2.47191E+01	2.99889E-02
5.00000E+00	2.50000E+01	2.96190E-02
6.00000E+00	0.00000E+00	9.23731E-01
6.00000E+00	2.80899E-01	8.85568E-01
6.00000E+00	5.61798E-01	8.37300E-01
6.00000E+00	8.42697E-01	7.80823E-01
6.00000E+00	1.12360E+00	7.20944E-01
6.00000E+00	1.40449E+00	6.62658E-01
6.00000E+00	1.68539E+00	6.04396E-01
6.00000E+00	1.96629E+00	5.46782E-01
6.00000E+00	2.24719E+00	4.92044E-01
6.00000E+00	2.52809E+00	4.42126E-01
6.00000E+00	2.80899E+00	3.97916E-01
6.00000E+00	3.08989E+00	3.59399E-01
6.00000E+00	3.37079E+00	3.26069E-01
6.00000E+00	3.65169E+00	2.97249E-01
6.00000E+00	3.93258E+00	2.72262E-01
6.00000E+00	4.21348E+00	2.50503E-01
6.00000E+00	4.49438E+00	2.31463E-01
6.00000E+00	4.77528E+00	2.14718E-01
6.00000E+00	5.05618E+00	1.99923E-01
6.00000E+00	5.33708E+00	1.86793E-01
6.00000E+00	5.61798E+00	1.75094E-01
6.00000E+00	5.89888E+00	1.64631E-01
6.00000E+00	6.17978E+00	1.55243E-01
6.00000E+00	6.46067E+00	1.46791E-01
6.00000E+00	6.74157E+00	1.39161E-01
6.00000E+00	7.02247E+00	1.32254E-01
6.00000E+00	7.30337E+00	1.25983E-01
6.00000E+00	7.58427E+00	1.20276E-01
6.00000E+00	7.86517E+00	1.15067E-01
6.00000E+00	8.14607E+00	1.10299E-01
6.00000E+00	8.42697E+00	1.05922E-01
6.00000E+00	8.70787E+00	1.01891E-01
6.00000E+00	8.98876E+00	9.81681E-02
6.00000E+00	9.26966E+00	9.47198E-02
6.00000E+00	9.55056E+00	9.15172E-02
6.00000E+00	9.83146E+00	8.85356E-02
6.00000E+00	1.01124E+01	8.57534E-02
6.00000E+00	1.03933E+01	8.31520E-02
6.00000E+00	1.06742E+01	8.07147E-02
6.00000E+00	1.09551E+01	7.84269E-02
6.00000E+00	1.12360E+01	7.62753E-02
6.00000E+00	1.15169E+01	7.42483E-02
6.00000E+00	1.17978E+01	7.23352E-02
6.00000E+00	1.20787E+01	7.05264E-02
6.00000E+00	1.23596E+01	6.88132E-02
6.00000E+00	1.26404E+01	6.71876E-02
6.00000E+00	1.29213E+01	6.56422E-02
6.00000E+00	1.32022E+01	6.41704E-02
6.00000E+00	1.34831E+01	6.27659E-02
6.00000E+00	1.37640E+01	6.14231E-02
6.00000E+00	1.40449E+01	6.01370E-02
6.00000E+00	1.43258E+01	5.89032E-02
6.00000E+00	1.46067E+01	5.77178E-02
6.00000E+00	1.48876E+01	5.65775E-02
6.00000E+00	1.51685E+01	5.54792E-02
6.00000E+00	1.54494E+01	5.44200E-02
6.00000E+00	1.57303E+01	5.33977E-02
6.00000E+00	1.60112E+01	5.24099E-02
6.00000E+00	1.62921E+01	5.14548E-02
6.00000E+00	1.65730E+01	5.05308E-02
6.00000E+00	1.68539E+01	4.96363E-02
6.00000E+00	1.71348E+01	4.87698E-02
6.00000E+00	1.74157E+01	4.79301E-02
6.00000E+00	1.76966E+01	4.71160E-02
6.00000E+00	1.79775E+01	4.63261E-02
6.00000E+00	1.82584E+01	4.55596E-02
6.00000E+00	1.85393E+01	4.48153E-02
6.00000E+00	1.88202E+01	4.40924E-02
6.00000E+00	1.91011E+01	4.33901E-02
6.00000E+00	1.93820E+01	4.27076E-02
6.00000E+00	1.96629E+01	4.20443E-02
6.00000E+00	1.99438E+01	4.13993E-02
6.00000E+00	2.02247E+01	4.07721E-02
6.00000E+00	2.05056E+01	4.01620E-02
6.00000E+00	2.07865E+01	3.95685E-02
6.00000E+00	2.10674E+01	3.89910E-02
6.00000E+00	2.13483E+01	3.84290E-02
6.00000E+00	2.16292E+01	3.78821E-02
6.00000E+00	2.19101E+01	3.73496E-02
6.00000E+00	2.21910E+01	3.68311E-02
6.00000E+00	2.24719E+01	3.63259E-02
6.00000E+00	2.27528E+01	3.58336E-02
6.00000E+00	2.30337E+01	3.53536E-02
6.00000E+00	2.33146E+01	3.48856E-02
6.00000E+00	2.35955E+01	3.44290E-02
6.00000E+00	2.38764E+01	3.39837E-02
6.00000E+00	2.41573E+01	3.35493E-02
6.00000E+00	2.44382E+01	3.31255E-02
6.00000E+00	2.47191E+01	3.27120E-02
6.00000E+00	2.50000E+01	3.23085E-02
7.00000E+00	0.00000E+00	9.12188E-01
7.00000E+00	2.80899E-01	8.75841E-01
7.00000E+00	5.61798E-01	8.31300E-01
7.00000E+00	8.42697E-01	7.79775E-01
7.00000E+00	1.12360E+00	7.23992E-01
7.00000E+00	1.40449E+00	6.68414E-01
7.00000E+00	1.68539E+00	6.14866E-01
7.00000E+00	1.96629E+00	5.62493E-01
7.00000E+00	2.24719E+00	5.11944E-01
7.00000E+00	2.52809E+00	4.64467E-01
7.00000E+00	2.80899E+00	4.21111E-01
7.00000E+00	3.08989E+00	3.82363E-01
7.00000E+00	3.37079E+00	3.48196E-01
7.00000E+00	3.65169E+00	3.18267E-01
7.00000E+00	3.93258E+00	2.92093E-01
7.00000E+00	4.21348E+00	2.69174E-01
7.00000E+00	4.49438E+00	2.49042E-01
7.00000E+00	4.77528E+00	2.31291E-01
7.00000E+00	5.05618E+00	2.15575E-01
7.00000E+00	5.33708E+00	2.01604E-01
7.00000E+00	5.61798E+00	1.89136E-01
7.00000E+00	5.89888E+00	1.77968E-01
7.00000E+00	6.17978E+00	1.67933E-01
7.00000E+00	6.46067E+00	1.58886E-01
7.00000E+00	6.74157E+00	1.50707E-01
7.00000E+00	7.02247E+00	1.43292E-01
7.00000E+00	7.30337E+00	1.36552E-01
7.00000E+00	7.58427E+00	1.30409E-01
7.00000E+00	7.86517E+00	1.24795E-01
7.00000E+00	8.14607E+00	1.19650E-01
7.00000E+00	8.42697E+00	1.14923E-01
7.00000E+00	8.70787E+00	1.10567E-01
7.00000E+00	8.98876E+00	1.06541E-01
7.00000E+00	9.26966E+00	1.02810E-01
7.00000E+00	9.55056E+00	9.93444E-02
7.00000E+00	9.83146E+00	9.61168E-02
7.00000E+00	1.01124E+01	9.31044E-02
7.00000E+00	1.03933E+01	9.02869E-02
7.00000E+00	1.06742E+01	8.76464E-02
7.00000E+00	1.09551E+01	8.51671E-02
7.00000E+00	1.12360E+01	8.28350E-02
7.00000E+00	1.15169E+01	8.06372E-02
7.00000E+00	1.17978E+01	7.85623E-02
7.00000E+00	1.20787E+01	7.66001E-02
7.00000E+00	1.23596E+01	7.47410E-02
7.00000E+00	1.26404E+01	7.29766E-02
7.00000E+00	1.29213E+01	7.12989E-02
7.00000E+00	1.32022E+01	6.97007E-02
7.00000E+00	1.34831E+01	6.81755E-02
7.00000E+00	1.37640E+01	6.67173E-02
7.00000E+00	1.40449E+01	6.53207E-02
7.00000E+00	1.43258E+01	6.39811E-02
7.00000E+00	1.46067E+01	6.26942E-02
7.00000E+00	1.48876E+01	6.14562E-02
7.00000E+00	1.51685E+01	6.02639E-02
7.00000E+00	1.54494E+01	5.91143E-02
7.00000E+00	1.57303E+01	5.80047E-02
7.00000E+00	1.60112E+01	5.69327E-02
7.00000E+00	1.62921E+01	5.58963E-02
7.00000E+00	1.65730E+01	5.48936E-02
7.00000E+00	1.68539E+01	5.39229E-02
7.00000E+00	1.71348E+01	5.29827E-02
7.00000E+00	1.74157E+01	5.20714E-02
7.00000E+00	1.76966E+01	5.11878E-02
7.00000E+00	1.79775E+01	5.03307E-02
7.00000E+00	1.82584E+01	4.94988E-02
7.00000E+00	1.85393E+01	4.86910E-02
7.00000E+00	1.88202E+01	4.79065E-02
7.00000E+00	1.91011E+01	4.71444E-02
7.00000E+00	1.93820E+01	4.64037E-02
7.00000E+00	1.96629E+01	4.56837E-02
7.00000E+00	1.99438E+01	4.49837E-02
7.00000E+00	2.02247E+01	4.43029E-02
7.00000E+00	2.05056E+01	4.36407E-02
7.00000E+00	2.07865E+01	4.29964E-02
7.00000E+00	2.10674E+01	4.23696E-02
7.00000E+00	2.13483E+01	4.17595E-02
7.00000E+00	2.16292E+01	4.11656E-02
7.00000E+00	2.19101E+01	4.05874E-02
7.00000E+00	2.21910E+01	4.00243E-02
7.00000E+00	2.24719E+01	3.94756E-02
7.00000E+00	2.27528E+01	3.89409E-02
7.00000E+00	2.30337E+01	3.84197E-02
7.00000E+00	2.33146E+01	3.79113E-02
7.00000E+00	2.35955E+01	3.74156E-02
7.00000E+00	2.38764E+01	3.69320E-02
7.00000E+00	2.41573E+01	3.64602E-02
7.00000E+00	2.44382E+01	3.59999E-02
7.00000E+00	2.47191E+01	3.55507E-02
7.00000E+00	2.50000E+01	3.51122E-02
8.00000E+00	0.00000E+00	9.01207E-01
8.00000E+00	2.80899E-01	8.66474E-01
8.00000E+00	5.61798E-01	8.25013E-01
8.00000E+00	8.42697E-01	7.77715E-01
8.00000E+00	1.12360E+00	7.26374E-01
8.00000E+00	1.40449E+00	6.73751E-01
8.00000E+00	1.68539E+00	6.23164E-01
8.00000E+00	1.96629E+00	5.74662E-01
8.00000E+00	2.24719E+00	5.27948E-01
8.00000E+00	2.52809E+00	4.83468E-01
8.00000E+00	2.80899E+00	4.41915E-01
8.00000E+00	3.08989E+00	4.03859E-01
8.00000E+00	3.37079E+00	3.69564E-01
8.00000E+00	3.65169E+00	3.38996E-01
8.00000E+00	3.93258E+00	3.11920E-01
8.00000E+00	4.21348E+00	2.87993E-01
8.00000E+00	4.49438E+00	2.66846E-01
8.00000E+00	4.77528E+00	2.48120E-01
8.00000E+00	5.05618E+00	2.31493E-01
8.00000E+00	5.33708E+00	2.16681E-01
8.00000E+00	5.61798E+00	2.03441E-01
8.00000E+00	5.89888E+00	1.91566E-01
8.00000E+00	6.17978E+00	1.80882E-01
8.00000E+00	6.46067E+00	1.71239E-01
8.00000E+00	6.74157E+00	1.62511E-01
8.00000E+00	7.02247E+00	1.54589E-01
8.00000E+00	7.30337E+00	1.47379E-01
8.00000E+00	7.58427E+00	1.40800E-01
8.00000E+00	7.86517E+00	1.34781E-01
8.00000E+00	8.14607E+00	1.29260E-01
8.00000E+00	8.42697E+00	1.24181E-01
8.00000E+00	8.70787E+00	1.19497E-01
8.00000E+00	8.98876E+00	1.15165E-01
8.00000E+00	9.26966E+00	1.11149E-01
8.00000E+00	9.55056E+00	1.07416E-01
8.00000E+00	9.83146E+00	1.03939E-01
8.00000E+00	1.01124E+01	1.00692E-01
8.00000E+00	1.03933E+01	9.76543E-02
8.00000E+00	1.06742E+01	9.48065E-02
8.00000E+00	1.09551E+01	9.21317E-02
8.00000E+00	1.12360E+01	8.96148E-02
8.00000E+00	1.15169E+01	8.72421E-02
8.00000E+00	1.17978E+01	8.50014E-02
8.00000E+00	1.20787E+01	8.28817E-02
8.00000E+00	1.23596E+01	8.08728E-02
8.00000E+00	1.26404E+01	7.89657E-02
8.00000E+00	1.29213E+01	7.71518E-02
8.00000E+00	1.32022E+01	7.54237E-02
8.00000E+00	1.34831E+01	7.37742E-02
8.00000E+00	1.37640E+01	7.21971E-02
8.00000E+00	1.40449E+01	7.06867E-02
8.00000E+00	1.43258E+01	6.92379E-02
8.00000E+00	1.46067E+01	6.78462E-02
8.00000E+00	1.48876E+01	6.65076E-02
8.00000E+00	1.51685E+01	6.52184E-02
8.00000E+00	1.54494E+01	6.39754E-02
8.00000E+00	1.57303E+01	6.27758E-02
8.00000E+00	1.60112E+01	6.16170E-02
8.00000E+00	1.62921E+01	6.04967E-02
8.00000E+00	1.65730E+01	5.94129E-02
8.00000E+00	1.68539E+01	5.83637E-02
8.00000E+00	1.71348E+01	5.73473E-02
8.00000E+00	1.74157E+01	5.63623E-02
8.00000E+00	1.76966E+01	5.54072E-02
8.00000E+00	1.79775E+01	5.44806E-02
8.00000E+00	1.82584E+01	5.35813E-02
8.00000E+00	1.85393E+01	5.27081E-02
8.00000E+00	1.88202E+01	5.18601E-02
8.00000E+00	1.91011E+01	5.10361E-02
8.00000E+00	1.93820E+01	5.02354E-02
8.00000E+00	1.96629E+01	4.94570E-02
8.00000E+00	1.99438E+01	4.87001E-02
8.00000E+00	2.02247E+01	4.79640E-02
8.00000E+00	2.05056E+01	4.72480E-02
8.00000E+00	2.07865E+01	4.65514E-02
8.00000E+00	2.10674E+01	4.58734E-02
8.00000E+00	2.13483E+01	4.52136E-02
8.00000E+00	2.16292E+01	4.45713E-02
8.00000E+00	2.19101E+01	4.39458E-02
8.00000E+00	2.21910E+01	4.33365E-02
8.00000E+00	2.24719E+01	4.27429E-02
8.00000E+00	2.27528E+01	4.21644E-02
8.00000E+00	2.30337E+01	4.16004E-02
8.00000E+00	2.33146E+01	4.10505E-02
8.00000E+00	2.35955E+01	4.05141E-02
8.00000E+00	2.38764E+01	3.99909E-02
8.00000E+00	2.41573E+01	3.94804E-02
8.00000E+00	2.44382E+01	3.89822E-02
8.00000E+00	2.47191E+01	3.84960E-02
8.00000E+00	2.50000E+01	3.80213E-02
9.00000E+00	0.00000E+00	8.90913E-01
9.00000E+00	2.80899E-01	8.57684E-01
9.00000E+00	5.61798E-01	8.18865E-01
9.00000E+00	8.42697E-01	7.75164E-01
9.00000E+00	1.12360E+00	7.27865E-01
9.00000E+00	1.40449E+00	6.78838E-01
9.00000E+00	1.68539E+00	6.30519E-01
9.00000E+00	1.96629E+00	5.84752E-01
9.00000E+00	2.24719E+00	5.41071E-01
9.00000E+00	2.52809E+00	4.99404E-01
9.00000E+00	2.80899E+00	4.60018E-01
9.00000E+00	3.08989E+00	4.23296E-01
9.00000E+00	3.37079E+00	3.89546E-01
9.00000E+00	3.65169E+00	3.58910E-01
9.00000E+00	3.93258E+00	3.31350E-01
9.00000E+00	4.21348E+00	3.06699E-01
9.00000E+00	4.49438E+00	2.84711E-01
9.00000E+00	4.77528E+00	2.65111E-01
9.00000E+00	5.05618E+00	2.47625E-01
9.00000E+00	5.33708E+00	2.31995E-01
9.00000E+00	5.61798E+00	2.17990E-01
9.00000E+00	5.89888E+00	2.05408E-01
9.00000E+00	6.17978E+00	1.94071E-01
9.00000E+00	6.46067E+00	1.83827E-01
9.00000E+00	6.74157E+00	1.74545E-01
9.00000E+00	7.02247E+00	1.66112E-01
9.00000E+00	7.30337E+00	1.58430E-01
9.00000E+00	7.58427E+00	1.51413E-01
9.00000E+00	7.86517E+00	1.44986E-01
9.00000E+00	8.14607E+00	1.39086E-01
9.00000E+00	8.42697E+00	1.33654E-01
9.00000E+00	8.70787E+00	1.28641E-01
9.00000E+00	8.98876E+00	1.24001E-01
9.00000E+00	9.26966E+00	1.19698E-01
9.00000E+00	9.55056E+00	1.15696E-01
9.00000E+00	9.83146E+00	1.11966E-01
9.00000E+00	1.01124E+01	1.08482E-01
9.00000E+00	1.03933E+01	1.05222E-01
9.00000E+00	1.06742E+01	1.02164E-01
9.00000E+00	1.09551E+01	9.92904E-02
9.00000E+00	1.12360E+01	9.65857E-02
9.00000E+00	1.15169E+01	9.40351E-02
9.00000E+00	1.17978E+01	9.16256E-02
9.00000E+00	1.20787E+01	8.93453E-02
9.00000E+00	1.23596E+01	8.71836E-02
9.00000E+00	1.26404E+01	8.51307E-02
9.00000E+00	1.29213E+01	8.31778E-02
9.00000E+00	1.32022E+01	8.13168E-02
9.00000E+00	1.34831E+01	7.95402E-02
9.00000E+00	1.37640E+01	7.78414E-02
9.00000E+00	1.40449E+01	7.62144E-02
9.00000E+00	1.43258E+01	7.46538E-02
9.00000E+00	1.46067E+01	7.31547E-02
9.00000E+00	1.48876E+01	7.17129E-02
9.00000E+00	1.51685E+01	7.03243E-02
9.00000E+00	1.54494E+01	6.89857E-02
9.00000E+00	1.57303E+01	6.76938E-02
9.00000E+00	1.60112E+01	6.64460E-02
9.00000E+00	1.62921E+01	6.52396E-02
9.00000E+00	1.65730E+01	6.40726E-02
9.00000E+00	1.68539E+01	6.29428E-02
9.00000E+00	1.71348E+01	6.18484E-02
9.00000E+00	1.74157E+01	6.07877E-02
9.00000E+00	1.76966E+01	5.97592E-02
9.00000E+00	1.79775E+01	5.87614E-02
9.00000E+00	1.82584E+01	5.77930E-02
9.00000E+00	1.85393E+01	5.68527E-02
9.00000E+00	1.88202E+01	5.59394E-02
9.00000E+00	1.91011E+01	5.50520E-02
9.00000E+00	1.93820E+01	5.41896E-02
9.00000E+00	1.96629E+01	5.33512E-02
9.00000E+00	1.99438E+01	5.25360E-02
9.00000E+00	2.02247E+01	5.17431E-02
9.00000E+00	2.05056E+01	5.09718E-02
9.00000E+00	2.07865E+01	5.02213E-02
9.00000E+00	2.10674E+01	4.94909E-02
9.00000E+00	2.13483E+01	4.87799E-02
9.00000E+00	2.16292E+01	4.80877E-02
9.00000E+00	2.19101E+01	4.74136E-02
9.00000E+00	2.21910E+01	4.67570E-02
9.00000E+00	2.24719E+01	4.61171E-02
9.00000E+00	2.27528E+01	4.54935E-02
9.00000E+00	2.30337E+01	4.48856E-02
9.00000E+00	2.33146E+01	4.42928E-02
9.00000E+00	2.35955E+01	4.37145E-02
9.00000E+00	2.38764E+01	4.31505E-02
9.00000E+00	2.41573E+01	4.26001E-02
9.00000E+00	2.44382E+01	4.20629E-02
9.00000E+00	2.47191E+01	4.15386E-02
9.00000E+00	2.50000E+01	4.10266E-02
1.00000E+01	0.00000E+00	8.81349E-01
1.00000E+01	2.80899E-01	8.49543E-01
1.00000E+01	5.61798E-01	8.13041E-01
1.00000E+01	8.42697E-01	7.72428E-01
1.00000E+01	1.12360E+00	7.28675E-01
1.00000E+01	1.40449E+00	6.83134E-01
1.00000E+01	1.68539E+00	6.37478E-01
1.00000E+01	1.96629E+00	5.93658E-01
1.00000E+01	2.24719E+00	5.52280E-01
1.00000E+01	2.52809E+00	5.12954E-01
1.00000E+01	2.80899E+00	4.75651E-01
1.00000E+01	3.08989E+00	4.40520E-01
1.00000E+01	3.37079E+00	4.07768E-01
1.00000E+01	3.65169E+00	3.77559E-01
1.00000E+01	3.93258E+00	3.49963E-01
1.00000E+01	4.21348E+00	3.24943E-01
1.00000E+01	4.49438E+00	3.02375E-01
1.00000E+01	4.77528E+00	2.82078E-01
1.00000E+01	5.05618E+00	2.63846E-01
1.00000E+01	5.33708E+00	2.47466E-01
1.00000E+01	5.61798E+00	2.32734E-01
1.00000E+01	5.89888E+00	2.19461E-01
1.00000E+01	6.17978E+00	2.07477E-01
1.00000E+01	6.46067E+00	1.96632E-01
1.00000E+01	6.74157E+00	1.86792E-01
1.00000E+01	7.02247E+00	1.77843E-01
1.00000E+01	7.30337E+00	1.69683E-01
1.00000E+01	7.58427E+00	1.62222E-01
1.00000E+01	7.86517E+00	1.55385E-01
1.00000E+01	8.14607E+00	1.49102E-01
1.00000E+01	8.42697E+00	1.43314E-01
1.00000E+01	8.70787E+00	1.37968E-01
1.00000E+01	8.98876E+00	1.33019E-01
1.00000E+01	9.26966E+00	1.28426E-01
1.00000E+01	9.55056E+00	1.24153E-01
1.00000E+01	9.83146E+00	1.20168E-01
1.00000E+01	1.01124E+01	1.16446E-01
1.00000E+01	1.03933E+01	1.12960E-01
1.00000E+01	1.06742E+01	1.09690E-01
1.00000E+01	1.09551E+01	1.06616E-01
1.00000E+01	1.12360E+01	1.03721E-01
1.00000E+01	1.15169E+01	1.00990E-01
1.00000E+01	1.17978E+01	9.84098E-02
1.00000E+01	1.20787E+01	9.59668E-02
1.00000E+01	1.23596E+01	9.36500E-02
1.00000E+01	1.26404E+01	9.14492E-02
1.00000E+01	1.29213E+01	8.93550E-02
1.00000E+01	1.32022E+01	8.73588E-02
1.00000E+01	1.34831E+01	8.54529E-02
1.00000E+01	1.37640E+01	8.36303E-02
1.00000E+01	1.40449E+01	8.18846E-02
1.00000E+01	1.43258E+01	8.02100E-02
1.00000E+01	1.46067E+01	7.86015E-02
1.00000E+01	1.48876E+01	7.70544E-02
1.00000E+01	1.51685E+01	7.55646E-02
1.00000E+01	1.54494E+01	7.41283E-02
1.00000E+01	1.57303E+01	7.27423E-02
1.00000E+01	1.60112E+01	7.14036E-02
1.00000E+01	1.62921E+01	7.01094E-02
1.00000E+01	1.65730E+01	6.88574E-02
1.00000E+01	1.68539E+01	6.76454E-02
1.00000E+01	1.71348E+01	6.64714E-02
1.00000E+01	1.74157E+01	6.53335E-02
1.00000E+01	1.76966E+01	6.42301E-02
1.00000E+01	1.79775E+01	6.31596E-02
1.00000E+01	1.82584E+01	6.21205E-02
1.00000E+01	1.85393E+01	6.11117E-02
1.00000E+01	1.88202E+01	6.01317E-02
1.00000E+01	1.91011E+01	5.91796E-02
1.00000E+01	1.93820E+01	5.82542E-02
1.00000E+01	1.96629E+01	5.73545E-02
1.00000E+01	1.99438E+01	5.64797E-02
1.00000E+01	2.02247E+01	5.56287E-02
1.00000E+01	2.05056E+01	5.48008E-02
1.00000E+01	2.07865E+01	5.39952E-02
1.00000E+01	2.10674E+01	5.32111E-02
1.00000E+01	2.13483E+01	5.24478E-02
1.00000E+01	2.16292E+01	5.17046E-02
1.00000E+01	2.19101E+01	5.09807E-02
1.00000E+01	2.21910E+01	5.02755E-02
1.00000E+01	2.24719E+01	4.95883E-02
1.00000E+01	2.27528E+01	4.89185E-02
1.00000E+01	2.30337E+01	4.82655E-02
1.00000E+01	2.33146E+01	4.76287E-02
1.00000E+01	2.35955E+01	4.70076E-02
1.00000E+01	2.38764E+01	4.64016E-02
1.00000E+01	2.41573E+01	4.58103E-02
1.00000E+01	2.44382E+01	4.52331E-02
1.00000E+01	2.47191E+01	4.46696E-02
1.00000E+01	2.50000E+01	4.41193E-02
